100
7
4
2

10
10
16
10
19
28
12
17
17
14
11
23
5
9
23
22
30
24
30
0
11
17
4
10
22
26
29
24
10
21
18
16
8
6
0
23
12
1
19
2
19
16
8
5
3
19
1
11
21
21
16
13
17
13
24
26
21
3
8
24
13
14
15
21
28
24
29
26
26
25
6
21
29
4
17
23
30
10
14
30
9
23
4
5
17
0
2
9
14
6
13
21
25
18
23
16
4
17
28
24

103 39 
32 89 
55 93 
93 29 
27 93 
54 75 
54 112 
49 87 
58 94 
86 93 
29 83 
103 30 
97 66 
73 20 
29 34 
49 21 
37 88 
93 49 
64 41 
38 104 
56 64 
110 23 
22 56 
111 74 
50 45 
59 43 
78 116 
103 72 
73 46 
18 100 
33 14 
64 36 
90 51 
59 87 
96 107 
99 97 
95 102 
46 82 
23 91 
77 74 
13 108 
92 98 
20 22 
25 76 
65 71 
93 71 
36 97 
41 108 
47 70 
35 37 
74 53 
33 53 
32 97 
50 63 
27 31 
111 43 
57 34 
82 36 
82 54 
98 105 
55 25 
45 105 
56 40 
104 16 
15 93 
73 41 
90 30 
38 20 
21 106 
76 50 
97 35 
108 27 
33 92 
100 78 
68 59 
57 93 
38 111 
68 89 
74 78 
80 39 
111 21 
51 82 
50 113 
97 98 
31 18 
85 72 
115 20 
78 87 
81 95 
69 41 
85 22 
109 48 
28 91 
35 79 
32 71 
34 47 
59 36 
39 56 
64 73 
44 26 

1147
1396
1999
1487
1231
1552
1919
1940
2255
2080
1715
1827
1796
1488
1436
1757
1402
2194
897
2167
1368
2081
1520
2068
2054
2170
2461
1998
2165
1513
1559
1759
2377
1880
2364
2640
2459
1465
1528
1917
2374
2388
1438
1740
1747
1934
1271
2078
2128
1762
1938
1609
1354
1854
1066
2418
1884
2176
2107
2772
1432
2212
1603
2391
1587
2105
1638
1139
1684
2191
1588
1810
1680
2407
2265
1505
1600
1981
2099
2141
1962
1775
1352
1658
1245
2083
2014
2079
1977
1698
1930
2381
1708
2088
2017
652
1962
1771
2373
1345

1 2 3 4 5 1 2 3 4 5 6 7
1 2 3 4 5 1 2 100 102 3 4 5 6 7
1 2 3 4 5 1 2 3 100 102 103 4 5 6 7
1 2 3 4 5 1 2 3 100 103 4 5 6 7
1 2 3 4 5 1 2 3 4 100 103 104 5 6 7
1 2 100 102 3 4 5 1 2 3 4 5 6 7
1 2 3 100 102 103 4 5 1 2 3 4 5 6 7
1 2 3 100 103 4 5 1 2 3 4 5 6 7
1 2 3 4 100 103 104 5 1 2 3 4 5 6 7

23 5 88 27 33 14 21 23 5 88 27 33 14 21
23 5 88 27 33 14 21 23 5 6 5 88 27 33 14 21
23 5 88 27 33 14 21 23 5 88 6 5 88 27 33 14 21
23 5 88 27 33 14 21 23 5 88 6 88 27 33 14 21
23 5 88 27 33 14 21 23 5 88 27 6 88 27 33 14 21
23 5 6 5 88 27 33 14 21 23 5 88 27 33 14 21
23 5 88 6 5 88 27 33 14 21 23 5 88 27 33 14 21
23 5 88 6 88 27 33 14 21 23 5 88 27 33 14 21
23 5 88 27 6 88 27 33 14 21 23 5 88 27 33 14 21

72 9 12 77 32 68 12 72 9 12 77 32 68 12
72 9 12 77 32 68 12 72 9 12 9 12 77 32 68 12
72 9 12 77 32 68 12 72 9 12 12 9 12 77 32 68 12
72 9 12 77 32 68 12 72 9 12 12 12 77 32 68 12
72 9 12 77 32 68 12 72 9 12 77 12 12 77 32 68 12
72 9 12 9 12 77 32 68 12 72 9 12 77 32 68 12
72 9 12 12 9 12 77 32 68 12 72 9 12 77 32 68 12
72 9 12 12 12 77 32 68 12 72 9 12 77 32 68 12
72 9 12 77 12 12 77 32 68 12 72 9 12 77 32 68 12

78 33 46 79 66 51 34 78 33 46 79 66 51 34
78 33 46 79 66 51 34 78 33 17 33 46 79 66 51 34
78 33 46 79 66 51 34 78 33 46 17 33 46 79 66 51 34
78 33 46 79 66 51 34 78 33 46 17 46 79 66 51 34
78 33 46 79 66 51 34 78 33 46 79 17 46 79 66 51 34
78 33 17 33 46 79 66 51 34 78 33 46 79 66 51 34
78 33 46 17 33 46 79 66 51 34 78 33 46 79 66 51 34
78 33 46 17 46 79 66 51 34 78 33 46 79 66 51 34
78 33 46 79 17 46 79 66 51 34 78 33 46 79 66 51 34

28 23 74 24 83 13 40 28 23 74 24 83 13 40
28 23 74 24 83 13 40 28 23 20 23 74 24 83 13 40
28 23 74 24 83 13 40 28 23 74 20 23 74 24 83 13 40
28 23 74 24 83 13 40 28 23 74 20 74 24 83 13 40
28 23 74 24 83 13 40 28 23 74 24 20 74 24 83 13 40
28 23 20 23 74 24 83 13 40 28 23 74 24 83 13 40
28 23 74 20 23 74 24 83 13 40 28 23 74 24 83 13 40
28 23 74 20 74 24 83 13 40 28 23 74 24 83 13 40
28 23 74 24 20 74 24 83 13 40 28 23 74 24 83 13 40

10 13 20 86 26 49 65 10 13 20 86 26 49 65
10 13 20 86 26 49 65 10 13 19 13 20 86 26 49 65
10 13 20 86 26 49 65 10 13 20 19 13 20 86 26 49 65
10 13 20 86 26 49 65 10 13 20 19 20 86 26 49 65
10 13 20 86 26 49 65 10 13 20 86 19 20 86 26 49 65
10 13 19 13 20 86 26 49 65 10 13 20 86 26 49 65
10 13 20 19 13 20 86 26 49 65 10 13 20 86 26 49 65
10 13 20 19 20 86 26 49 65 10 13 20 86 26 49 65
10 13 20 86 19 20 86 26 49 65 10 13 20 86 26 49 65

16 10 47 61 54 53 93 16 10 47 61 54 53 93
16 10 47 61 54 53 93 16 10 15 10 47 61 54 53 93
16 10 47 61 54 53 93 16 10 47 15 10 47 61 54 53 93
16 10 47 61 54 53 93 16 10 47 15 47 61 54 53 93
16 10 47 61 54 53 93 16 10 47 61 15 47 61 54 53 93
16 10 15 10 47 61 54 53 93 16 10 47 61 54 53 93
16 10 47 15 10 47 61 54 53 93 16 10 47 61 54 53 93
16 10 47 15 47 61 54 53 93 16 10 47 61 54 53 93
16 10 47 61 15 47 61 54 53 93 16 10 47 61 54 53 93

31 76 41 95 74 18 5 31 76 41 95 74 18 5
31 76 41 95 74 18 5 31 76 15 76 41 95 74 18 5
31 76 41 95 74 18 5 31 76 41 15 76 41 95 74 18 5
31 76 41 95 74 18 5 31 76 41 15 41 95 74 18 5
31 76 41 95 74 18 5 31 76 41 95 15 41 95 74 18 5
31 76 15 76 41 95 74 18 5 31 76 41 95 74 18 5
31 76 41 15 76 41 95 74 18 5 31 76 41 95 74 18 5
31 76 41 15 41 95 74 18 5 31 76 41 95 74 18 5
31 76 41 95 15 41 95 74 18 5 31 76 41 95 74 18 5

95 27 33 80 43 63 44 95 27 33 80 43 63 44
95 27 33 80 43 63 44 95 27 13 27 33 80 43 63 44
95 27 33 80 43 63 44 95 27 33 13 27 33 80 43 63 44
95 27 33 80 43 63 44 95 27 33 13 33 80 43 63 44
95 27 33 80 43 63 44 95 27 33 80 13 33 80 43 63 44
95 27 13 27 33 80 43 63 44 95 27 33 80 43 63 44
95 27 33 13 27 33 80 43 63 44 95 27 33 80 43 63 44
95 27 33 13 33 80 43 63 44 95 27 33 80 43 63 44
95 27 33 80 13 33 80 43 63 44 95 27 33 80 43 63 44

96 47 41 82 61 99 11 96 47 41 82 61 99 11
96 47 41 82 61 99 11 96 47 6 47 41 82 61 99 11
96 47 41 82 61 99 11 96 47 41 6 47 41 82 61 99 11
96 47 41 82 61 99 11 96 47 41 6 41 82 61 99 11
96 47 41 82 61 99 11 96 47 41 82 6 41 82 61 99 11
96 47 6 47 41 82 61 99 11 96 47 41 82 61 99 11
96 47 41 6 47 41 82 61 99 11 96 47 41 82 61 99 11
96 47 41 6 41 82 61 99 11 96 47 41 82 61 99 11
96 47 41 82 6 41 82 61 99 11 96 47 41 82 61 99 11

80 57 67 82 33 79 9 80 57 67 82 33 79 9
80 57 67 82 33 79 9 80 57 20 57 67 82 33 79 9
80 57 67 82 33 79 9 80 57 67 20 57 67 82 33 79 9
80 57 67 82 33 79 9 80 57 67 20 67 82 33 79 9
80 57 67 82 33 79 9 80 57 67 82 20 67 82 33 79 9
80 57 20 57 67 82 33 79 9 80 57 67 82 33 79 9
80 57 67 20 57 67 82 33 79 9 80 57 67 82 33 79 9
80 57 67 20 67 82 33 79 9 80 57 67 82 33 79 9
80 57 67 82 20 67 82 33 79 9 80 57 67 82 33 79 9

52 44 24 65 32 81 80 52 44 24 65 32 81 80
52 44 24 65 32 81 80 52 44 10 44 24 65 32 81 80
52 44 24 65 32 81 80 52 44 24 10 44 24 65 32 81 80
52 44 24 65 32 81 80 52 44 24 10 24 65 32 81 80
52 44 24 65 32 81 80 52 44 24 65 10 24 65 32 81 80
52 44 10 44 24 65 32 81 80 52 44 24 65 32 81 80
52 44 24 10 44 24 65 32 81 80 52 44 24 65 32 81 80
52 44 24 10 24 65 32 81 80 52 44 24 65 32 81 80
52 44 24 65 10 24 65 32 81 80 52 44 24 65 32 81 80

93 42 83 18 21 72 41 93 42 83 18 21 72 41
93 42 83 18 21 72 41 93 42 20 42 83 18 21 72 41
93 42 83 18 21 72 41 93 42 83 20 42 83 18 21 72 41
93 42 83 18 21 72 41 93 42 83 20 83 18 21 72 41
93 42 83 18 21 72 41 93 42 83 18 20 83 18 21 72 41
93 42 20 42 83 18 21 72 41 93 42 83 18 21 72 41
93 42 83 20 42 83 18 21 72 41 93 42 83 18 21 72 41
93 42 83 20 83 18 21 72 41 93 42 83 18 21 72 41
93 42 83 18 20 83 18 21 72 41 93 42 83 18 21 72 41

5 21 84 58 63 47 98 5 21 84 58 63 47 98
5 21 84 58 63 47 98 5 21 11 21 84 58 63 47 98
5 21 84 58 63 47 98 5 21 84 11 21 84 58 63 47 98
5 21 84 58 63 47 98 5 21 84 11 84 58 63 47 98
5 21 84 58 63 47 98 5 21 84 58 11 84 58 63 47 98
5 21 11 21 84 58 63 47 98 5 21 84 58 63 47 98
5 21 84 11 21 84 58 63 47 98 5 21 84 58 63 47 98
5 21 84 11 84 58 63 47 98 5 21 84 58 63 47 98
5 21 84 58 11 84 58 63 47 98 5 21 84 58 63 47 98

12 52 61 8 70 31 75 12 52 61 8 70 31 75
12 52 61 8 70 31 75 12 52 17 52 61 8 70 31 75
12 52 61 8 70 31 75 12 52 61 17 52 61 8 70 31 75
12 52 61 8 70 31 75 12 52 61 17 61 8 70 31 75
12 52 61 8 70 31 75 12 52 61 8 17 61 8 70 31 75
12 52 17 52 61 8 70 31 75 12 52 61 8 70 31 75
12 52 61 17 52 61 8 70 31 75 12 52 61 8 70 31 75
12 52 61 17 61 8 70 31 75 12 52 61 8 70 31 75
12 52 61 8 17 61 8 70 31 75 12 52 61 8 70 31 75

41 12 24 24 97 19 63 41 12 24 24 97 19 63
41 12 24 24 97 19 63 41 12 11 12 24 24 97 19 63
41 12 24 24 97 19 63 41 12 24 11 12 24 24 97 19 63
41 12 24 24 97 19 63 41 12 24 11 24 24 97 19 63
41 12 24 24 97 19 63 41 12 24 24 11 24 24 97 19 63
41 12 11 12 24 24 97 19 63 41 12 24 24 97 19 63
41 12 24 11 12 24 24 97 19 63 41 12 24 24 97 19 63
41 12 24 11 24 24 97 19 63 41 12 24 24 97 19 63
41 12 24 24 11 24 24 97 19 63 41 12 24 24 97 19 63

64 66 43 11 66 43 55 64 66 43 11 66 43 55
64 66 43 11 66 43 55 64 66 15 66 43 11 66 43 55
64 66 43 11 66 43 55 64 66 43 15 66 43 11 66 43 55
64 66 43 11 66 43 55 64 66 43 15 43 11 66 43 55
64 66 43 11 66 43 55 64 66 43 11 15 43 11 66 43 55
64 66 15 66 43 11 66 43 55 64 66 43 11 66 43 55
64 66 43 15 66 43 11 66 43 55 64 66 43 11 66 43 55
64 66 43 15 43 11 66 43 55 64 66 43 11 66 43 55
64 66 43 11 15 43 11 66 43 55 64 66 43 11 66 43 55

77 23 17 71 5 20 66 77 23 17 71 5 20 66
77 23 17 71 5 20 66 77 23 11 23 17 71 5 20 66
77 23 17 71 5 20 66 77 23 17 11 23 17 71 5 20 66
77 23 17 71 5 20 66 77 23 17 11 17 71 5 20 66
77 23 17 71 5 20 66 77 23 17 71 11 17 71 5 20 66
77 23 11 23 17 71 5 20 66 77 23 17 71 5 20 66
77 23 17 11 23 17 71 5 20 66 77 23 17 71 5 20 66
77 23 17 11 17 71 5 20 66 77 23 17 71 5 20 66
77 23 17 71 11 17 71 5 20 66 77 23 17 71 5 20 66

92 53 83 40 66 25 42 92 53 83 40 66 25 42
92 53 83 40 66 25 42 92 53 9 53 83 40 66 25 42
92 53 83 40 66 25 42 92 53 83 9 53 83 40 66 25 42
92 53 83 40 66 25 42 92 53 83 9 83 40 66 25 42
92 53 83 40 66 25 42 92 53 83 40 9 83 40 66 25 42
92 53 9 53 83 40 66 25 42 92 53 83 40 66 25 42
92 53 83 9 53 83 40 66 25 42 92 53 83 40 66 25 42
92 53 83 9 83 40 66 25 42 92 53 83 40 66 25 42
92 53 83 40 9 83 40 66 25 42 92 53 83 40 66 25 42

24 12 48 21 27 20 19 24 12 48 21 27 20 19
24 12 48 21 27 20 19 24 12 13 12 48 21 27 20 19
24 12 48 21 27 20 19 24 12 48 13 12 48 21 27 20 19
24 12 48 21 27 20 19 24 12 48 13 48 21 27 20 19
24 12 48 21 27 20 19 24 12 48 21 13 48 21 27 20 19
24 12 13 12 48 21 27 20 19 24 12 48 21 27 20 19
24 12 48 13 12 48 21 27 20 19 24 12 48 21 27 20 19
24 12 48 13 48 21 27 20 19 24 12 48 21 27 20 19
24 12 48 21 13 48 21 27 20 19 24 12 48 21 27 20 19

61 60 24 84 89 80 25 61 60 24 84 89 80 25
61 60 24 84 89 80 25 61 60 13 60 24 84 89 80 25
61 60 24 84 89 80 25 61 60 24 13 60 24 84 89 80 25
61 60 24 84 89 80 25 61 60 24 13 24 84 89 80 25
61 60 24 84 89 80 25 61 60 24 84 13 24 84 89 80 25
61 60 13 60 24 84 89 80 25 61 60 24 84 89 80 25
61 60 24 13 60 24 84 89 80 25 61 60 24 84 89 80 25
61 60 24 13 24 84 89 80 25 61 60 24 84 89 80 25
61 60 24 84 13 24 84 89 80 25 61 60 24 84 89 80 25

37 19 37 52 35 61 45 37 19 37 52 35 61 45
37 19 37 52 35 61 45 37 19 9 19 37 52 35 61 45
37 19 37 52 35 61 45 37 19 37 9 19 37 52 35 61 45
37 19 37 52 35 61 45 37 19 37 9 37 52 35 61 45
37 19 37 52 35 61 45 37 19 37 52 9 37 52 35 61 45
37 19 9 19 37 52 35 61 45 37 19 37 52 35 61 45
37 19 37 9 19 37 52 35 61 45 37 19 37 52 35 61 45
37 19 37 9 37 52 35 61 45 37 19 37 52 35 61 45
37 19 37 52 9 37 52 35 61 45 37 19 37 52 35 61 45

84 55 92 11 68 33 59 84 55 92 11 68 33 59
84 55 92 11 68 33 59 84 55 13 55 92 11 68 33 59
84 55 92 11 68 33 59 84 55 92 13 55 92 11 68 33 59
84 55 92 11 68 33 59 84 55 92 13 92 11 68 33 59
84 55 92 11 68 33 59 84 55 92 11 13 92 11 68 33 59
84 55 13 55 92 11 68 33 59 84 55 92 11 68 33 59
84 55 92 13 55 92 11 68 33 59 84 55 92 11 68 33 59
84 55 92 13 92 11 68 33 59 84 55 92 11 68 33 59
84 55 92 11 13 92 11 68 33 59 84 55 92 11 68 33 59

46 81 10 49 12 99 37 46 81 10 49 12 99 37
46 81 10 49 12 99 37 46 81 5 81 10 49 12 99 37
46 81 10 49 12 99 37 46 81 10 5 81 10 49 12 99 37
46 81 10 49 12 99 37 46 81 10 5 10 49 12 99 37
46 81 10 49 12 99 37 46 81 10 49 5 10 49 12 99 37
46 81 5 81 10 49 12 99 37 46 81 10 49 12 99 37
46 81 10 5 81 10 49 12 99 37 46 81 10 49 12 99 37
46 81 10 5 10 49 12 99 37 46 81 10 49 12 99 37
46 81 10 49 5 10 49 12 99 37 46 81 10 49 12 99 37

48 97 96 67 29 21 6 48 97 96 67 29 21 6
48 97 96 67 29 21 6 48 97 14 97 96 67 29 21 6
48 97 96 67 29 21 6 48 97 96 14 97 96 67 29 21 6
48 97 96 67 29 21 6 48 97 96 14 96 67 29 21 6
48 97 96 67 29 21 6 48 97 96 67 14 96 67 29 21 6
48 97 14 97 96 67 29 21 6 48 97 96 67 29 21 6
48 97 96 14 97 96 67 29 21 6 48 97 96 67 29 21 6
48 97 96 14 96 67 29 21 6 48 97 96 67 29 21 6
48 97 96 67 14 96 67 29 21 6 48 97 96 67 29 21 6

93 27 33 34 91 95 53 93 27 33 34 91 95 53
93 27 33 34 91 95 53 93 27 17 27 33 34 91 95 53
93 27 33 34 91 95 53 93 27 33 17 27 33 34 91 95 53
93 27 33 34 91 95 53 93 27 33 17 33 34 91 95 53
93 27 33 34 91 95 53 93 27 33 34 17 33 34 91 95 53
93 27 17 27 33 34 91 95 53 93 27 33 34 91 95 53
93 27 33 17 27 33 34 91 95 53 93 27 33 34 91 95 53
93 27 33 17 33 34 91 95 53 93 27 33 34 91 95 53
93 27 33 34 17 33 34 91 95 53 93 27 33 34 91 95 53

42 94 39 32 93 60 73 42 94 39 32 93 60 73
42 94 39 32 93 60 73 42 94 14 94 39 32 93 60 73
42 94 39 32 93 60 73 42 94 39 14 94 39 32 93 60 73
42 94 39 32 93 60 73 42 94 39 14 39 32 93 60 73
42 94 39 32 93 60 73 42 94 39 32 14 39 32 93 60 73
42 94 14 94 39 32 93 60 73 42 94 39 32 93 60 73
42 94 39 14 94 39 32 93 60 73 42 94 39 32 93 60 73
42 94 39 14 39 32 93 60 73 42 94 39 32 93 60 73
42 94 39 32 14 39 32 93 60 73 42 94 39 32 93 60 73

52 98 61 100 36 75 56 52 98 61 100 36 75 56
52 98 61 100 36 75 56 52 98 7 98 61 100 36 75 56
52 98 61 100 36 75 56 52 98 61 7 98 61 100 36 75 56
52 98 61 100 36 75 56 52 98 61 7 61 100 36 75 56
52 98 61 100 36 75 56 52 98 61 100 7 61 100 36 75 56
52 98 7 98 61 100 36 75 56 52 98 61 100 36 75 56
52 98 61 7 98 61 100 36 75 56 52 98 61 100 36 75 56
52 98 61 7 61 100 36 75 56 52 98 61 100 36 75 56
52 98 61 100 7 61 100 36 75 56 52 98 61 100 36 75 56

44 76 84 55 25 20 96 44 76 84 55 25 20 96
44 76 84 55 25 20 96 44 76 12 76 84 55 25 20 96
44 76 84 55 25 20 96 44 76 84 12 76 84 55 25 20 96
44 76 84 55 25 20 96 44 76 84 12 84 55 25 20 96
44 76 84 55 25 20 96 44 76 84 55 12 84 55 25 20 96
44 76 12 76 84 55 25 20 96 44 76 84 55 25 20 96
44 76 84 12 76 84 55 25 20 96 44 76 84 55 25 20 96
44 76 84 12 84 55 25 20 96 44 76 84 55 25 20 96
44 76 84 55 12 84 55 25 20 96 44 76 84 55 25 20 96

64 90 65 36 50 34 97 64 90 65 36 50 34 97
64 90 65 36 50 34 97 64 90 18 90 65 36 50 34 97
64 90 65 36 50 34 97 64 90 65 18 90 65 36 50 34 97
64 90 65 36 50 34 97 64 90 65 18 65 36 50 34 97
64 90 65 36 50 34 97 64 90 65 36 18 65 36 50 34 97
64 90 18 90 65 36 50 34 97 64 90 65 36 50 34 97
64 90 65 18 90 65 36 50 34 97 64 90 65 36 50 34 97
64 90 65 18 65 36 50 34 97 64 90 65 36 50 34 97
64 90 65 36 18 65 36 50 34 97 64 90 65 36 50 34 97

51 28 8 84 44 55 20 51 28 8 84 44 55 20
51 28 8 84 44 55 20 51 28 13 28 8 84 44 55 20
51 28 8 84 44 55 20 51 28 8 13 28 8 84 44 55 20
51 28 8 84 44 55 20 51 28 8 13 8 84 44 55 20
51 28 8 84 44 55 20 51 28 8 84 13 8 84 44 55 20
51 28 13 28 8 84 44 55 20 51 28 8 84 44 55 20
51 28 8 13 28 8 84 44 55 20 51 28 8 84 44 55 20
51 28 8 13 8 84 44 55 20 51 28 8 84 44 55 20
51 28 8 84 13 8 84 44 55 20 51 28 8 84 44 55 20

52 67 21 6 40 94 75 52 67 21 6 40 94 75
52 67 21 6 40 94 75 52 67 15 67 21 6 40 94 75
52 67 21 6 40 94 75 52 67 21 15 67 21 6 40 94 75
52 67 21 6 40 94 75 52 67 21 15 21 6 40 94 75
52 67 21 6 40 94 75 52 67 21 6 15 21 6 40 94 75
52 67 15 67 21 6 40 94 75 52 67 21 6 40 94 75
52 67 21 15 67 21 6 40 94 75 52 67 21 6 40 94 75
52 67 21 15 21 6 40 94 75 52 67 21 6 40 94 75
52 67 21 6 15 21 6 40 94 75 52 67 21 6 40 94 75

93 89 51 22 7 38 36 93 89 51 22 7 38 36
93 89 51 22 7 38 36 93 89 14 89 51 22 7 38 36
93 89 51 22 7 38 36 93 89 51 14 89 51 22 7 38 36
93 89 51 22 7 38 36 93 89 51 14 51 22 7 38 36
93 89 51 22 7 38 36 93 89 51 22 14 51 22 7 38 36
93 89 14 89 51 22 7 38 36 93 89 51 22 7 38 36
93 89 51 14 89 51 22 7 38 36 93 89 51 22 7 38 36
93 89 51 14 51 22 7 38 36 93 89 51 22 7 38 36
93 89 51 22 14 51 22 7 38 36 93 89 51 22 7 38 36

96 19 82 44 83 88 92 96 19 82 44 83 88 92
96 19 82 44 83 88 92 96 19 10 19 82 44 83 88 92
96 19 82 44 83 88 92 96 19 82 10 19 82 44 83 88 92
96 19 82 44 83 88 92 96 19 82 10 82 44 83 88 92
96 19 82 44 83 88 92 96 19 82 44 10 82 44 83 88 92
96 19 10 19 82 44 83 88 92 96 19 82 44 83 88 92
96 19 82 10 19 82 44 83 88 92 96 19 82 44 83 88 92
96 19 82 10 82 44 83 88 92 96 19 82 44 83 88 92
96 19 82 44 10 82 44 83 88 92 96 19 82 44 83 88 92

22 68 54 79 84 8 25 22 68 54 79 84 8 25
22 68 54 79 84 8 25 22 68 15 68 54 79 84 8 25
22 68 54 79 84 8 25 22 68 54 15 68 54 79 84 8 25
22 68 54 79 84 8 25 22 68 54 15 54 79 84 8 25
22 68 54 79 84 8 25 22 68 54 79 15 54 79 84 8 25
22 68 15 68 54 79 84 8 25 22 68 54 79 84 8 25
22 68 54 15 68 54 79 84 8 25 22 68 54 79 84 8 25
22 68 54 15 54 79 84 8 25 22 68 54 79 84 8 25
22 68 54 79 15 54 79 84 8 25 22 68 54 79 84 8 25

56 50 87 90 71 29 80 56 50 87 90 71 29 80
56 50 87 90 71 29 80 56 50 16 50 87 90 71 29 80
56 50 87 90 71 29 80 56 50 87 16 50 87 90 71 29 80
56 50 87 90 71 29 80 56 50 87 16 87 90 71 29 80
56 50 87 90 71 29 80 56 50 87 90 16 87 90 71 29 80
56 50 16 50 87 90 71 29 80 56 50 87 90 71 29 80
56 50 87 16 50 87 90 71 29 80 56 50 87 90 71 29 80
56 50 87 16 87 90 71 29 80 56 50 87 90 71 29 80
56 50 87 90 16 87 90 71 29 80 56 50 87 90 71 29 80

90 47 85 84 93 75 47 90 47 85 84 93 75 47
90 47 85 84 93 75 47 90 47 5 47 85 84 93 75 47
90 47 85 84 93 75 47 90 47 85 5 47 85 84 93 75 47
90 47 85 84 93 75 47 90 47 85 5 85 84 93 75 47
90 47 85 84 93 75 47 90 47 85 84 5 85 84 93 75 47
90 47 5 47 85 84 93 75 47 90 47 85 84 93 75 47
90 47 85 5 47 85 84 93 75 47 90 47 85 84 93 75 47
90 47 85 5 85 84 93 75 47 90 47 85 84 93 75 47
90 47 85 84 5 85 84 93 75 47 90 47 85 84 93 75 47

29 91 86 97 76 58 38 29 91 86 97 76 58 38
29 91 86 97 76 58 38 29 91 14 91 86 97 76 58 38
29 91 86 97 76 58 38 29 91 86 14 91 86 97 76 58 38
29 91 86 97 76 58 38 29 91 86 14 86 97 76 58 38
29 91 86 97 76 58 38 29 91 86 97 14 86 97 76 58 38
29 91 14 91 86 97 76 58 38 29 91 86 97 76 58 38
29 91 86 14 91 86 97 76 58 38 29 91 86 97 76 58 38
29 91 86 14 86 97 76 58 38 29 91 86 97 76 58 38
29 91 86 97 14 86 97 76 58 38 29 91 86 97 76 58 38

52 40 37 76 5 51 39 52 40 37 76 5 51 39
52 40 37 76 5 51 39 52 40 19 40 37 76 5 51 39
52 40 37 76 5 51 39 52 40 37 19 40 37 76 5 51 39
52 40 37 76 5 51 39 52 40 37 19 37 76 5 51 39
52 40 37 76 5 51 39 52 40 37 76 19 37 76 5 51 39
52 40 19 40 37 76 5 51 39 52 40 37 76 5 51 39
52 40 37 19 40 37 76 5 51 39 52 40 37 76 5 51 39
52 40 37 19 37 76 5 51 39 52 40 37 76 5 51 39
52 40 37 76 19 37 76 5 51 39 52 40 37 76 5 51 39

44 71 9 74 22 39 38 44 71 9 74 22 39 38
44 71 9 74 22 39 38 44 71 14 71 9 74 22 39 38
44 71 9 74 22 39 38 44 71 9 14 71 9 74 22 39 38
44 71 9 74 22 39 38 44 71 9 14 9 74 22 39 38
44 71 9 74 22 39 38 44 71 9 74 14 9 74 22 39 38
44 71 14 71 9 74 22 39 38 44 71 9 74 22 39 38
44 71 9 14 71 9 74 22 39 38 44 71 9 74 22 39 38
44 71 9 14 9 74 22 39 38 44 71 9 74 22 39 38
44 71 9 74 14 9 74 22 39 38 44 71 9 74 22 39 38

14 53 64 65 66 57 90 14 53 64 65 66 57 90
14 53 64 65 66 57 90 14 53 20 53 64 65 66 57 90
14 53 64 65 66 57 90 14 53 64 20 53 64 65 66 57 90
14 53 64 65 66 57 90 14 53 64 20 64 65 66 57 90
14 53 64 65 66 57 90 14 53 64 65 20 64 65 66 57 90
14 53 20 53 64 65 66 57 90 14 53 64 65 66 57 90
14 53 64 20 53 64 65 66 57 90 14 53 64 65 66 57 90
14 53 64 20 64 65 66 57 90 14 53 64 65 66 57 90
14 53 64 65 20 64 65 66 57 90 14 53 64 65 66 57 90

98 91 5 90 100 32 15 98 91 5 90 100 32 15
98 91 5 90 100 32 15 98 91 9 91 5 90 100 32 15
98 91 5 90 100 32 15 98 91 5 9 91 5 90 100 32 15
98 91 5 90 100 32 15 98 91 5 9 5 90 100 32 15
98 91 5 90 100 32 15 98 91 5 90 9 5 90 100 32 15
98 91 9 91 5 90 100 32 15 98 91 5 90 100 32 15
98 91 5 9 91 5 90 100 32 15 98 91 5 90 100 32 15
98 91 5 9 5 90 100 32 15 98 91 5 90 100 32 15
98 91 5 90 9 5 90 100 32 15 98 91 5 90 100 32 15

58 51 74 88 62 90 65 58 51 74 88 62 90 65
58 51 74 88 62 90 65 58 51 20 51 74 88 62 90 65
58 51 74 88 62 90 65 58 51 74 20 51 74 88 62 90 65
58 51 74 88 62 90 65 58 51 74 20 74 88 62 90 65
58 51 74 88 62 90 65 58 51 74 88 20 74 88 62 90 65
58 51 20 51 74 88 62 90 65 58 51 74 88 62 90 65
58 51 74 20 51 74 88 62 90 65 58 51 74 88 62 90 65
58 51 74 20 74 88 62 90 65 58 51 74 88 62 90 65
58 51 74 88 20 74 88 62 90 65 58 51 74 88 62 90 65

56 91 5 7 48 38 40 56 91 5 7 48 38 40
56 91 5 7 48 38 40 56 91 17 91 5 7 48 38 40
56 91 5 7 48 38 40 56 91 5 17 91 5 7 48 38 40
56 91 5 7 48 38 40 56 91 5 17 5 7 48 38 40
56 91 5 7 48 38 40 56 91 5 7 17 5 7 48 38 40
56 91 17 91 5 7 48 38 40 56 91 5 7 48 38 40
56 91 5 17 91 5 7 48 38 40 56 91 5 7 48 38 40
56 91 5 17 5 7 48 38 40 56 91 5 7 48 38 40
56 91 5 7 17 5 7 48 38 40 56 91 5 7 48 38 40

72 59 12 61 16 92 64 72 59 12 61 16 92 64
72 59 12 61 16 92 64 72 59 10 59 12 61 16 92 64
72 59 12 61 16 92 64 72 59 12 10 59 12 61 16 92 64
72 59 12 61 16 92 64 72 59 12 10 12 61 16 92 64
72 59 12 61 16 92 64 72 59 12 61 10 12 61 16 92 64
72 59 10 59 12 61 16 92 64 72 59 12 61 16 92 64
72 59 12 10 59 12 61 16 92 64 72 59 12 61 16 92 64
72 59 12 10 12 61 16 92 64 72 59 12 61 16 92 64
72 59 12 61 10 12 61 16 92 64 72 59 12 61 16 92 64

38 8 52 53 100 46 43 38 8 52 53 100 46 43
38 8 52 53 100 46 43 38 8 16 8 52 53 100 46 43
38 8 52 53 100 46 43 38 8 52 16 8 52 53 100 46 43
38 8 52 53 100 46 43 38 8 52 16 52 53 100 46 43
38 8 52 53 100 46 43 38 8 52 53 16 52 53 100 46 43
38 8 16 8 52 53 100 46 43 38 8 52 53 100 46 43
38 8 52 16 8 52 53 100 46 43 38 8 52 53 100 46 43
38 8 52 16 52 53 100 46 43 38 8 52 53 100 46 43
38 8 52 53 16 52 53 100 46 43 38 8 52 53 100 46 43

74 17 85 59 41 73 24 74 17 85 59 41 73 24
74 17 85 59 41 73 24 74 17 8 17 85 59 41 73 24
74 17 85 59 41 73 24 74 17 85 8 17 85 59 41 73 24
74 17 85 59 41 73 24 74 17 85 8 85 59 41 73 24
74 17 85 59 41 73 24 74 17 85 59 8 85 59 41 73 24
74 17 8 17 85 59 41 73 24 74 17 85 59 41 73 24
74 17 85 8 17 85 59 41 73 24 74 17 85 59 41 73 24
74 17 85 8 85 59 41 73 24 74 17 85 59 41 73 24
74 17 85 59 8 85 59 41 73 24 74 17 85 59 41 73 24

9 25 25 77 49 42 33 9 25 25 77 49 42 33
9 25 25 77 49 42 33 9 25 10 25 25 77 49 42 33
9 25 25 77 49 42 33 9 25 25 10 25 25 77 49 42 33
9 25 25 77 49 42 33 9 25 25 10 25 77 49 42 33
9 25 25 77 49 42 33 9 25 25 77 10 25 77 49 42 33
9 25 10 25 25 77 49 42 33 9 25 25 77 49 42 33
9 25 25 10 25 25 77 49 42 33 9 25 25 77 49 42 33
9 25 25 10 25 77 49 42 33 9 25 25 77 49 42 33
9 25 25 77 10 25 77 49 42 33 9 25 25 77 49 42 33

45 88 24 98 53 65 19 45 88 24 98 53 65 19
45 88 24 98 53 65 19 45 88 20 88 24 98 53 65 19
45 88 24 98 53 65 19 45 88 24 20 88 24 98 53 65 19
45 88 24 98 53 65 19 45 88 24 20 24 98 53 65 19
45 88 24 98 53 65 19 45 88 24 98 20 24 98 53 65 19
45 88 20 88 24 98 53 65 19 45 88 24 98 53 65 19
45 88 24 20 88 24 98 53 65 19 45 88 24 98 53 65 19
45 88 24 20 24 98 53 65 19 45 88 24 98 53 65 19
45 88 24 98 20 24 98 53 65 19 45 88 24 98 53 65 19

98 25 40 58 76 91 29 98 25 40 58 76 91 29
98 25 40 58 76 91 29 98 25 13 25 40 58 76 91 29
98 25 40 58 76 91 29 98 25 40 13 25 40 58 76 91 29
98 25 40 58 76 91 29 98 25 40 13 40 58 76 91 29
98 25 40 58 76 91 29 98 25 40 58 13 40 58 76 91 29
98 25 13 25 40 58 76 91 29 98 25 40 58 76 91 29
98 25 40 13 25 40 58 76 91 29 98 25 40 58 76 91 29
98 25 40 13 40 58 76 91 29 98 25 40 58 76 91 29
98 25 40 58 13 40 58 76 91 29 98 25 40 58 76 91 29

74 78 29 22 32 64 59 74 78 29 22 32 64 59
74 78 29 22 32 64 59 74 78 15 78 29 22 32 64 59
74 78 29 22 32 64 59 74 78 29 15 78 29 22 32 64 59
74 78 29 22 32 64 59 74 78 29 15 29 22 32 64 59
74 78 29 22 32 64 59 74 78 29 22 15 29 22 32 64 59
74 78 15 78 29 22 32 64 59 74 78 29 22 32 64 59
74 78 29 15 78 29 22 32 64 59 74 78 29 22 32 64 59
74 78 29 15 29 22 32 64 59 74 78 29 22 32 64 59
74 78 29 22 15 29 22 32 64 59 74 78 29 22 32 64 59

42 76 65 45 24 83 63 42 76 65 45 24 83 63
42 76 65 45 24 83 63 42 76 5 76 65 45 24 83 63
42 76 65 45 24 83 63 42 76 65 5 76 65 45 24 83 63
42 76 65 45 24 83 63 42 76 65 5 65 45 24 83 63
42 76 65 45 24 83 63 42 76 65 45 5 65 45 24 83 63
42 76 5 76 65 45 24 83 63 42 76 65 45 24 83 63
42 76 65 5 76 65 45 24 83 63 42 76 65 45 24 83 63
42 76 65 5 65 45 24 83 63 42 76 65 45 24 83 63
42 76 65 45 5 65 45 24 83 63 42 76 65 45 24 83 63

74 51 16 37 22 76 69 74 51 16 37 22 76 69
74 51 16 37 22 76 69 74 51 19 51 16 37 22 76 69
74 51 16 37 22 76 69 74 51 16 19 51 16 37 22 76 69
74 51 16 37 22 76 69 74 51 16 19 16 37 22 76 69
74 51 16 37 22 76 69 74 51 16 37 19 16 37 22 76 69
74 51 19 51 16 37 22 76 69 74 51 16 37 22 76 69
74 51 16 19 51 16 37 22 76 69 74 51 16 37 22 76 69
74 51 16 19 16 37 22 76 69 74 51 16 37 22 76 69
74 51 16 37 19 16 37 22 76 69 74 51 16 37 22 76 69

11 14 22 91 30 37 84 11 14 22 91 30 37 84
11 14 22 91 30 37 84 11 14 11 14 22 91 30 37 84
11 14 22 91 30 37 84 11 14 22 11 14 22 91 30 37 84
11 14 22 91 30 37 84 11 14 22 11 22 91 30 37 84
11 14 22 91 30 37 84 11 14 22 91 11 22 91 30 37 84
11 14 11 14 22 91 30 37 84 11 14 22 91 30 37 84
11 14 22 11 14 22 91 30 37 84 11 14 22 91 30 37 84
11 14 22 11 22 91 30 37 84 11 14 22 91 30 37 84
11 14 22 91 11 22 91 30 37 84 11 14 22 91 30 37 84

41 81 36 57 55 78 23 41 81 36 57 55 78 23
41 81 36 57 55 78 23 41 81 8 81 36 57 55 78 23
41 81 36 57 55 78 23 41 81 36 8 81 36 57 55 78 23
41 81 36 57 55 78 23 41 81 36 8 36 57 55 78 23
41 81 36 57 55 78 23 41 81 36 57 8 36 57 55 78 23
41 81 8 81 36 57 55 78 23 41 81 36 57 55 78 23
41 81 36 8 81 36 57 55 78 23 41 81 36 57 55 78 23
41 81 36 8 36 57 55 78 23 41 81 36 57 55 78 23
41 81 36 57 8 36 57 55 78 23 41 81 36 57 55 78 23

16 23 14 13 78 32 39 16 23 14 13 78 32 39
16 23 14 13 78 32 39 16 23 12 23 14 13 78 32 39
16 23 14 13 78 32 39 16 23 14 12 23 14 13 78 32 39
16 23 14 13 78 32 39 16 23 14 12 14 13 78 32 39
16 23 14 13 78 32 39 16 23 14 13 12 14 13 78 32 39
16 23 12 23 14 13 78 32 39 16 23 14 13 78 32 39
16 23 14 12 23 14 13 78 32 39 16 23 14 13 78 32 39
16 23 14 12 14 13 78 32 39 16 23 14 13 78 32 39
16 23 14 13 12 14 13 78 32 39 16 23 14 13 78 32 39

21 100 100 35 84 81 66 21 100 100 35 84 81 66
21 100 100 35 84 81 66 21 100 9 100 100 35 84 81 66
21 100 100 35 84 81 66 21 100 100 9 100 100 35 84 81 66
21 100 100 35 84 81 66 21 100 100 9 100 35 84 81 66
21 100 100 35 84 81 66 21 100 100 35 9 100 35 84 81 66
21 100 9 100 100 35 84 81 66 21 100 100 35 84 81 66
21 100 100 9 100 100 35 84 81 66 21 100 100 35 84 81 66
21 100 100 9 100 35 84 81 66 21 100 100 35 84 81 66
21 100 100 35 9 100 35 84 81 66 21 100 100 35 84 81 66

59 66 40 16 73 73 69 59 66 40 16 73 73 69
59 66 40 16 73 73 69 59 66 18 66 40 16 73 73 69
59 66 40 16 73 73 69 59 66 40 18 66 40 16 73 73 69
59 66 40 16 73 73 69 59 66 40 18 40 16 73 73 69
59 66 40 16 73 73 69 59 66 40 16 18 40 16 73 73 69
59 66 18 66 40 16 73 73 69 59 66 40 16 73 73 69
59 66 40 18 66 40 16 73 73 69 59 66 40 16 73 73 69
59 66 40 18 40 16 73 73 69 59 66 40 16 73 73 69
59 66 40 16 18 40 16 73 73 69 59 66 40 16 73 73 69

69 87 77 26 67 34 73 69 87 77 26 67 34 73
69 87 77 26 67 34 73 69 87 5 87 77 26 67 34 73
69 87 77 26 67 34 73 69 87 77 5 87 77 26 67 34 73
69 87 77 26 67 34 73 69 87 77 5 77 26 67 34 73
69 87 77 26 67 34 73 69 87 77 26 5 77 26 67 34 73
69 87 5 87 77 26 67 34 73 69 87 77 26 67 34 73
69 87 77 5 87 77 26 67 34 73 69 87 77 26 67 34 73
69 87 77 5 77 26 67 34 73 69 87 77 26 67 34 73
69 87 77 26 5 77 26 67 34 73 69 87 77 26 67 34 73

96 88 75 47 14 18 53 96 88 75 47 14 18 53
96 88 75 47 14 18 53 96 88 18 88 75 47 14 18 53
96 88 75 47 14 18 53 96 88 75 18 88 75 47 14 18 53
96 88 75 47 14 18 53 96 88 75 18 75 47 14 18 53
96 88 75 47 14 18 53 96 88 75 47 18 75 47 14 18 53
96 88 18 88 75 47 14 18 53 96 88 75 47 14 18 53
96 88 75 18 88 75 47 14 18 53 96 88 75 47 14 18 53
96 88 75 18 75 47 14 18 53 96 88 75 47 14 18 53
96 88 75 47 18 75 47 14 18 53 96 88 75 47 14 18 53

73 48 92 90 64 98 99 73 48 92 90 64 98 99
73 48 92 90 64 98 99 73 48 19 48 92 90 64 98 99
73 48 92 90 64 98 99 73 48 92 19 48 92 90 64 98 99
73 48 92 90 64 98 99 73 48 92 19 92 90 64 98 99
73 48 92 90 64 98 99 73 48 92 90 19 92 90 64 98 99
73 48 19 48 92 90 64 98 99 73 48 92 90 64 98 99
73 48 92 19 48 92 90 64 98 99 73 48 92 90 64 98 99
73 48 92 19 92 90 64 98 99 73 48 92 90 64 98 99
73 48 92 90 19 92 90 64 98 99 73 48 92 90 64 98 99

72 54 39 11 47 26 20 72 54 39 11 47 26 20
72 54 39 11 47 26 20 72 54 20 54 39 11 47 26 20
72 54 39 11 47 26 20 72 54 39 20 54 39 11 47 26 20
72 54 39 11 47 26 20 72 54 39 20 39 11 47 26 20
72 54 39 11 47 26 20 72 54 39 11 20 39 11 47 26 20
72 54 20 54 39 11 47 26 20 72 54 39 11 47 26 20
72 54 39 20 54 39 11 47 26 20 72 54 39 11 47 26 20
72 54 39 20 39 11 47 26 20 72 54 39 11 47 26 20
72 54 39 11 20 39 11 47 26 20 72 54 39 11 47 26 20

91 51 27 85 95 27 43 91 51 27 85 95 27 43
91 51 27 85 95 27 43 91 51 9 51 27 85 95 27 43
91 51 27 85 95 27 43 91 51 27 9 51 27 85 95 27 43
91 51 27 85 95 27 43 91 51 27 9 27 85 95 27 43
91 51 27 85 95 27 43 91 51 27 85 9 27 85 95 27 43
91 51 9 51 27 85 95 27 43 91 51 27 85 95 27 43
91 51 27 9 51 27 85 95 27 43 91 51 27 85 95 27 43
91 51 27 9 27 85 95 27 43 91 51 27 85 95 27 43
91 51 27 85 9 27 85 95 27 43 91 51 27 85 95 27 43

20 61 50 21 81 57 14 20 61 50 21 81 57 14
20 61 50 21 81 57 14 20 61 15 61 50 21 81 57 14
20 61 50 21 81 57 14 20 61 50 15 61 50 21 81 57 14
20 61 50 21 81 57 14 20 61 50 15 50 21 81 57 14
20 61 50 21 81 57 14 20 61 50 21 15 50 21 81 57 14
20 61 15 61 50 21 81 57 14 20 61 50 21 81 57 14
20 61 50 15 61 50 21 81 57 14 20 61 50 21 81 57 14
20 61 50 15 50 21 81 57 14 20 61 50 21 81 57 14
20 61 50 21 15 50 21 81 57 14 20 61 50 21 81 57 14

93 98 98 6 47 48 74 93 98 98 6 47 48 74
93 98 98 6 47 48 74 93 98 8 98 98 6 47 48 74
93 98 98 6 47 48 74 93 98 98 8 98 98 6 47 48 74
93 98 98 6 47 48 74 93 98 98 8 98 6 47 48 74
93 98 98 6 47 48 74 93 98 98 6 8 98 6 47 48 74
93 98 8 98 98 6 47 48 74 93 98 98 6 47 48 74
93 98 98 8 98 98 6 47 48 74 93 98 98 6 47 48 74
93 98 98 8 98 6 47 48 74 93 98 98 6 47 48 74
93 98 98 6 8 98 6 47 48 74 93 98 98 6 47 48 74

26 70 6 84 42 70 17 26 70 6 84 42 70 17
26 70 6 84 42 70 17 26 70 15 70 6 84 42 70 17
26 70 6 84 42 70 17 26 70 6 15 70 6 84 42 70 17
26 70 6 84 42 70 17 26 70 6 15 6 84 42 70 17
26 70 6 84 42 70 17 26 70 6 84 15 6 84 42 70 17
26 70 15 70 6 84 42 70 17 26 70 6 84 42 70 17
26 70 6 15 70 6 84 42 70 17 26 70 6 84 42 70 17
26 70 6 15 6 84 42 70 17 26 70 6 84 42 70 17
26 70 6 84 15 6 84 42 70 17 26 70 6 84 42 70 17

86 87 56 36 29 79 46 86 87 56 36 29 79 46
86 87 56 36 29 79 46 86 87 19 87 56 36 29 79 46
86 87 56 36 29 79 46 86 87 56 19 87 56 36 29 79 46
86 87 56 36 29 79 46 86 87 56 19 56 36 29 79 46
86 87 56 36 29 79 46 86 87 56 36 19 56 36 29 79 46
86 87 19 87 56 36 29 79 46 86 87 56 36 29 79 46
86 87 56 19 87 56 36 29 79 46 86 87 56 36 29 79 46
86 87 56 19 56 36 29 79 46 86 87 56 36 29 79 46
86 87 56 36 19 56 36 29 79 46 86 87 56 36 29 79 46

60 59 81 14 33 39 15 60 59 81 14 33 39 15
60 59 81 14 33 39 15 60 59 20 59 81 14 33 39 15
60 59 81 14 33 39 15 60 59 81 20 59 81 14 33 39 15
60 59 81 14 33 39 15 60 59 81 20 81 14 33 39 15
60 59 81 14 33 39 15 60 59 81 14 20 81 14 33 39 15
60 59 20 59 81 14 33 39 15 60 59 81 14 33 39 15
60 59 81 20 59 81 14 33 39 15 60 59 81 14 33 39 15
60 59 81 20 81 14 33 39 15 60 59 81 14 33 39 15
60 59 81 14 20 81 14 33 39 15 60 59 81 14 33 39 15

69 63 19 8 8 34 14 69 63 19 8 8 34 14
69 63 19 8 8 34 14 69 63 11 63 19 8 8 34 14
69 63 19 8 8 34 14 69 63 19 11 63 19 8 8 34 14
69 63 19 8 8 34 14 69 63 19 11 19 8 8 34 14
69 63 19 8 8 34 14 69 63 19 8 11 19 8 8 34 14
69 63 11 63 19 8 8 34 14 69 63 19 8 8 34 14
69 63 19 11 63 19 8 8 34 14 69 63 19 8 8 34 14
69 63 19 11 19 8 8 34 14 69 63 19 8 8 34 14
69 63 19 8 11 19 8 8 34 14 69 63 19 8 8 34 14

10 6 11 95 78 85 84 10 6 11 95 78 85 84
10 6 11 95 78 85 84 10 6 20 6 11 95 78 85 84
10 6 11 95 78 85 84 10 6 11 20 6 11 95 78 85 84
10 6 11 95 78 85 84 10 6 11 20 11 95 78 85 84
10 6 11 95 78 85 84 10 6 11 95 20 11 95 78 85 84
10 6 20 6 11 95 78 85 84 10 6 11 95 78 85 84
10 6 11 20 6 11 95 78 85 84 10 6 11 95 78 85 84
10 6 11 20 11 95 78 85 84 10 6 11 95 78 85 84
10 6 11 95 20 11 95 78 85 84 10 6 11 95 78 85 84

98 25 60 32 97 92 38 98 25 60 32 97 92 38
98 25 60 32 97 92 38 98 25 6 25 60 32 97 92 38
98 25 60 32 97 92 38 98 25 60 6 25 60 32 97 92 38
98 25 60 32 97 92 38 98 25 60 6 60 32 97 92 38
98 25 60 32 97 92 38 98 25 60 32 6 60 32 97 92 38
98 25 6 25 60 32 97 92 38 98 25 60 32 97 92 38
98 25 60 6 25 60 32 97 92 38 98 25 60 32 97 92 38
98 25 60 6 60 32 97 92 38 98 25 60 32 97 92 38
98 25 60 32 6 60 32 97 92 38 98 25 60 32 97 92 38

98 28 77 16 26 24 27 98 28 77 16 26 24 27
98 28 77 16 26 24 27 98 28 10 28 77 16 26 24 27
98 28 77 16 26 24 27 98 28 77 10 28 77 16 26 24 27
98 28 77 16 26 24 27 98 28 77 10 77 16 26 24 27
98 28 77 16 26 24 27 98 28 77 16 10 77 16 26 24 27
98 28 10 28 77 16 26 24 27 98 28 77 16 26 24 27
98 28 77 10 28 77 16 26 24 27 98 28 77 16 26 24 27
98 28 77 10 77 16 26 24 27 98 28 77 16 26 24 27
98 28 77 16 10 77 16 26 24 27 98 28 77 16 26 24 27

31 43 100 21 51 58 69 31 43 100 21 51 58 69
31 43 100 21 51 58 69 31 43 9 43 100 21 51 58 69
31 43 100 21 51 58 69 31 43 100 9 43 100 21 51 58 69
31 43 100 21 51 58 69 31 43 100 9 100 21 51 58 69
31 43 100 21 51 58 69 31 43 100 21 9 100 21 51 58 69
31 43 9 43 100 21 51 58 69 31 43 100 21 51 58 69
31 43 100 9 43 100 21 51 58 69 31 43 100 21 51 58 69
31 43 100 9 100 21 51 58 69 31 43 100 21 51 58 69
31 43 100 21 9 100 21 51 58 69 31 43 100 21 51 58 69

7 51 22 81 100 34 6 7 51 22 81 100 34 6
7 51 22 81 100 34 6 7 51 6 51 22 81 100 34 6
7 51 22 81 100 34 6 7 51 22 6 51 22 81 100 34 6
7 51 22 81 100 34 6 7 51 22 6 22 81 100 34 6
7 51 22 81 100 34 6 7 51 22 81 6 22 81 100 34 6
7 51 6 51 22 81 100 34 6 7 51 22 81 100 34 6
7 51 22 6 51 22 81 100 34 6 7 51 22 81 100 34 6
7 51 22 6 22 81 100 34 6 7 51 22 81 100 34 6
7 51 22 81 6 22 81 100 34 6 7 51 22 81 100 34 6

48 98 80 67 35 68 90 48 98 80 67 35 68 90
48 98 80 67 35 68 90 48 98 7 98 80 67 35 68 90
48 98 80 67 35 68 90 48 98 80 7 98 80 67 35 68 90
48 98 80 67 35 68 90 48 98 80 7 80 67 35 68 90
48 98 80 67 35 68 90 48 98 80 67 7 80 67 35 68 90
48 98 7 98 80 67 35 68 90 48 98 80 67 35 68 90
48 98 80 7 98 80 67 35 68 90 48 98 80 67 35 68 90
48 98 80 7 80 67 35 68 90 48 98 80 67 35 68 90
48 98 80 67 7 80 67 35 68 90 48 98 80 67 35 68 90

100 89 62 41 26 72 57 100 89 62 41 26 72 57
100 89 62 41 26 72 57 100 89 17 89 62 41 26 72 57
100 89 62 41 26 72 57 100 89 62 17 89 62 41 26 72 57
100 89 62 41 26 72 57 100 89 62 17 62 41 26 72 57
100 89 62 41 26 72 57 100 89 62 41 17 62 41 26 72 57
100 89 17 89 62 41 26 72 57 100 89 62 41 26 72 57
100 89 62 17 89 62 41 26 72 57 100 89 62 41 26 72 57
100 89 62 17 62 41 26 72 57 100 89 62 41 26 72 57
100 89 62 41 17 62 41 26 72 57 100 89 62 41 26 72 57

21 32 37 88 46 50 7 21 32 37 88 46 50 7
21 32 37 88 46 50 7 21 32 8 32 37 88 46 50 7
21 32 37 88 46 50 7 21 32 37 8 32 37 88 46 50 7
21 32 37 88 46 50 7 21 32 37 8 37 88 46 50 7
21 32 37 88 46 50 7 21 32 37 88 8 37 88 46 50 7
21 32 8 32 37 88 46 50 7 21 32 37 88 46 50 7
21 32 37 8 32 37 88 46 50 7 21 32 37 88 46 50 7
21 32 37 8 37 88 46 50 7 21 32 37 88 46 50 7
21 32 37 88 8 37 88 46 50 7 21 32 37 88 46 50 7

50 47 33 92 26 20 15 50 47 33 92 26 20 15
50 47 33 92 26 20 15 50 47 17 47 33 92 26 20 15
50 47 33 92 26 20 15 50 47 33 17 47 33 92 26 20 15
50 47 33 92 26 20 15 50 47 33 17 33 92 26 20 15
50 47 33 92 26 20 15 50 47 33 92 17 33 92 26 20 15
50 47 17 47 33 92 26 20 15 50 47 33 92 26 20 15
50 47 33 17 47 33 92 26 20 15 50 47 33 92 26 20 15
50 47 33 17 33 92 26 20 15 50 47 33 92 26 20 15
50 47 33 92 17 33 92 26 20 15 50 47 33 92 26 20 15

92 95 57 72 18 15 8 92 95 57 72 18 15 8
92 95 57 72 18 15 8 92 95 12 95 57 72 18 15 8
92 95 57 72 18 15 8 92 95 57 12 95 57 72 18 15 8
92 95 57 72 18 15 8 92 95 57 12 57 72 18 15 8
92 95 57 72 18 15 8 92 95 57 72 12 57 72 18 15 8
92 95 12 95 57 72 18 15 8 92 95 57 72 18 15 8
92 95 57 12 95 57 72 18 15 8 92 95 57 72 18 15 8
92 95 57 12 57 72 18 15 8 92 95 57 72 18 15 8
92 95 57 72 12 57 72 18 15 8 92 95 57 72 18 15 8

57 51 67 70 49 64 60 57 51 67 70 49 64 60
57 51 67 70 49 64 60 57 51 13 51 67 70 49 64 60
57 51 67 70 49 64 60 57 51 67 13 51 67 70 49 64 60
57 51 67 70 49 64 60 57 51 67 13 67 70 49 64 60
57 51 67 70 49 64 60 57 51 67 70 13 67 70 49 64 60
57 51 13 51 67 70 49 64 60 57 51 67 70 49 64 60
57 51 67 13 51 67 70 49 64 60 57 51 67 70 49 64 60
57 51 67 13 67 70 49 64 60 57 51 67 70 49 64 60
57 51 67 70 13 67 70 49 64 60 57 51 67 70 49 64 60

84 67 67 32 52 94 39 84 67 67 32 52 94 39
84 67 67 32 52 94 39 84 67 14 67 67 32 52 94 39
84 67 67 32 52 94 39 84 67 67 14 67 67 32 52 94 39
84 67 67 32 52 94 39 84 67 67 14 67 32 52 94 39
84 67 67 32 52 94 39 84 67 67 32 14 67 32 52 94 39
84 67 14 67 67 32 52 94 39 84 67 67 32 52 94 39
84 67 67 14 67 67 32 52 94 39 84 67 67 32 52 94 39
84 67 67 14 67 32 52 94 39 84 67 67 32 52 94 39
84 67 67 32 14 67 32 52 94 39 84 67 67 32 52 94 39

25 50 98 10 88 45 77 25 50 98 10 88 45 77
25 50 98 10 88 45 77 25 50 10 50 98 10 88 45 77
25 50 98 10 88 45 77 25 50 98 10 50 98 10 88 45 77
25 50 98 10 88 45 77 25 50 98 10 98 10 88 45 77
25 50 98 10 88 45 77 25 50 98 10 10 98 10 88 45 77
25 50 10 50 98 10 88 45 77 25 50 98 10 88 45 77
25 50 98 10 50 98 10 88 45 77 25 50 98 10 88 45 77
25 50 98 10 98 10 88 45 77 25 50 98 10 88 45 77
25 50 98 10 10 98 10 88 45 77 25 50 98 10 88 45 77

53 16 35 67 88 29 69 53 16 35 67 88 29 69
53 16 35 67 88 29 69 53 16 8 16 35 67 88 29 69
53 16 35 67 88 29 69 53 16 35 8 16 35 67 88 29 69
53 16 35 67 88 29 69 53 16 35 8 35 67 88 29 69
53 16 35 67 88 29 69 53 16 35 67 8 35 67 88 29 69
53 16 8 16 35 67 88 29 69 53 16 35 67 88 29 69
53 16 35 8 16 35 67 88 29 69 53 16 35 67 88 29 69
53 16 35 8 35 67 88 29 69 53 16 35 67 88 29 69
53 16 35 67 8 35 67 88 29 69 53 16 35 67 88 29 69

34 27 37 97 10 46 18 34 27 37 97 10 46 18
34 27 37 97 10 46 18 34 27 8 27 37 97 10 46 18
34 27 37 97 10 46 18 34 27 37 8 27 37 97 10 46 18
34 27 37 97 10 46 18 34 27 37 8 37 97 10 46 18
34 27 37 97 10 46 18 34 27 37 97 8 37 97 10 46 18
34 27 8 27 37 97 10 46 18 34 27 37 97 10 46 18
34 27 37 8 27 37 97 10 46 18 34 27 37 97 10 46 18
34 27 37 8 37 97 10 46 18 34 27 37 97 10 46 18
34 27 37 97 8 37 97 10 46 18 34 27 37 97 10 46 18

20 30 80 90 36 33 33 20 30 80 90 36 33 33
20 30 80 90 36 33 33 20 30 8 30 80 90 36 33 33
20 30 80 90 36 33 33 20 30 80 8 30 80 90 36 33 33
20 30 80 90 36 33 33 20 30 80 8 80 90 36 33 33
20 30 80 90 36 33 33 20 30 80 90 8 80 90 36 33 33
20 30 8 30 80 90 36 33 33 20 30 80 90 36 33 33
20 30 80 8 30 80 90 36 33 33 20 30 80 90 36 33 33
20 30 80 8 80 90 36 33 33 20 30 80 90 36 33 33
20 30 80 90 8 80 90 36 33 33 20 30 80 90 36 33 33

41 28 16 12 58 51 62 41 28 16 12 58 51 62
41 28 16 12 58 51 62 41 28 5 28 16 12 58 51 62
41 28 16 12 58 51 62 41 28 16 5 28 16 12 58 51 62
41 28 16 12 58 51 62 41 28 16 5 16 12 58 51 62
41 28 16 12 58 51 62 41 28 16 12 5 16 12 58 51 62
41 28 5 28 16 12 58 51 62 41 28 16 12 58 51 62
41 28 16 5 28 16 12 58 51 62 41 28 16 12 58 51 62
41 28 16 5 16 12 58 51 62 41 28 16 12 58 51 62
41 28 16 12 5 16 12 58 51 62 41 28 16 12 58 51 62

33 96 69 54 57 49 47 33 96 69 54 57 49 47
33 96 69 54 57 49 47 33 96 17 96 69 54 57 49 47
33 96 69 54 57 49 47 33 96 69 17 96 69 54 57 49 47
33 96 69 54 57 49 47 33 96 69 17 69 54 57 49 47
33 96 69 54 57 49 47 33 96 69 54 17 69 54 57 49 47
33 96 17 96 69 54 57 49 47 33 96 69 54 57 49 47
33 96 69 17 96 69 54 57 49 47 33 96 69 54 57 49 47
33 96 69 17 69 54 57 49 47 33 96 69 54 57 49 47
33 96 69 54 17 69 54 57 49 47 33 96 69 54 57 49 47

38 34 97 15 100 41 72 38 34 97 15 100 41 72
38 34 97 15 100 41 72 38 34 11 34 97 15 100 41 72
38 34 97 15 100 41 72 38 34 97 11 34 97 15 100 41 72
38 34 97 15 100 41 72 38 34 97 11 97 15 100 41 72
38 34 97 15 100 41 72 38 34 97 15 11 97 15 100 41 72
38 34 11 34 97 15 100 41 72 38 34 97 15 100 41 72
38 34 97 11 34 97 15 100 41 72 38 34 97 15 100 41 72
38 34 97 11 97 15 100 41 72 38 34 97 15 100 41 72
38 34 97 15 11 97 15 100 41 72 38 34 97 15 100 41 72

40 73 59 70 64 16 75 40 73 59 70 64 16 75
40 73 59 70 64 16 75 40 73 9 73 59 70 64 16 75
40 73 59 70 64 16 75 40 73 59 9 73 59 70 64 16 75
40 73 59 70 64 16 75 40 73 59 9 59 70 64 16 75
40 73 59 70 64 16 75 40 73 59 70 9 59 70 64 16 75
40 73 9 73 59 70 64 16 75 40 73 59 70 64 16 75
40 73 59 9 73 59 70 64 16 75 40 73 59 70 64 16 75
40 73 59 9 59 70 64 16 75 40 73 59 70 64 16 75
40 73 59 70 9 59 70 64 16 75 40 73 59 70 64 16 75

18 72 64 83 59 68 23 18 72 64 83 59 68 23
18 72 64 83 59 68 23 18 72 8 72 64 83 59 68 23
18 72 64 83 59 68 23 18 72 64 8 72 64 83 59 68 23
18 72 64 83 59 68 23 18 72 64 8 64 83 59 68 23
18 72 64 83 59 68 23 18 72 64 83 8 64 83 59 68 23
18 72 8 72 64 83 59 68 23 18 72 64 83 59 68 23
18 72 64 8 72 64 83 59 68 23 18 72 64 83 59 68 23
18 72 64 8 64 83 59 68 23 18 72 64 83 59 68 23
18 72 64 83 8 64 83 59 68 23 18 72 64 83 59 68 23

44 89 50 26 32 57 39 44 89 50 26 32 57 39
44 89 50 26 32 57 39 44 89 12 89 50 26 32 57 39
44 89 50 26 32 57 39 44 89 50 12 89 50 26 32 57 39
44 89 50 26 32 57 39 44 89 50 12 50 26 32 57 39
44 89 50 26 32 57 39 44 89 50 26 12 50 26 32 57 39
44 89 12 89 50 26 32 57 39 44 89 50 26 32 57 39
44 89 50 12 89 50 26 32 57 39 44 89 50 26 32 57 39
44 89 50 12 50 26 32 57 39 44 89 50 26 32 57 39
44 89 50 26 12 50 26 32 57 39 44 89 50 26 32 57 39

50 76 68 16 81 61 7 50 76 68 16 81 61 7
50 76 68 16 81 61 7 50 76 5 76 68 16 81 61 7
50 76 68 16 81 61 7 50 76 68 5 76 68 16 81 61 7
50 76 68 16 81 61 7 50 76 68 5 68 16 81 61 7
50 76 68 16 81 61 7 50 76 68 16 5 68 16 81 61 7
50 76 5 76 68 16 81 61 7 50 76 68 16 81 61 7
50 76 68 5 76 68 16 81 61 7 50 76 68 16 81 61 7
50 76 68 5 68 16 81 61 7 50 76 68 16 81 61 7
50 76 68 16 5 68 16 81 61 7 50 76 68 16 81 61 7

93 60 99 41 58 90 13 93 60 99 41 58 90 13
93 60 99 41 58 90 13 93 60 19 60 99 41 58 90 13
93 60 99 41 58 90 13 93 60 99 19 60 99 41 58 90 13
93 60 99 41 58 90 13 93 60 99 19 99 41 58 90 13
93 60 99 41 58 90 13 93 60 99 41 19 99 41 58 90 13
93 60 19 60 99 41 58 90 13 93 60 99 41 58 90 13
93 60 99 19 60 99 41 58 90 13 93 60 99 41 58 90 13
93 60 99 19 99 41 58 90 13 93 60 99 41 58 90 13
93 60 99 41 19 99 41 58 90 13 93 60 99 41 58 90 13

33 49 9 86 51 79 36 33 49 9 86 51 79 36
33 49 9 86 51 79 36 33 49 18 49 9 86 51 79 36
33 49 9 86 51 79 36 33 49 9 18 49 9 86 51 79 36
33 49 9 86 51 79 36 33 49 9 18 9 86 51 79 36
33 49 9 86 51 79 36 33 49 9 86 18 9 86 51 79 36
33 49 18 49 9 86 51 79 36 33 49 9 86 51 79 36
33 49 9 18 49 9 86 51 79 36 33 49 9 86 51 79 36
33 49 9 18 9 86 51 79 36 33 49 9 86 51 79 36
33 49 9 86 18 9 86 51 79 36 33 49 9 86 51 79 36

82 54 26 66 59 65 64 82 54 26 66 59 65 64
82 54 26 66 59 65 64 82 54 8 54 26 66 59 65 64
82 54 26 66 59 65 64 82 54 26 8 54 26 66 59 65 64
82 54 26 66 59 65 64 82 54 26 8 26 66 59 65 64
82 54 26 66 59 65 64 82 54 26 66 8 26 66 59 65 64
82 54 8 54 26 66 59 65 64 82 54 26 66 59 65 64
82 54 26 8 54 26 66 59 65 64 82 54 26 66 59 65 64
82 54 26 8 26 66 59 65 64 82 54 26 66 59 65 64
82 54 26 66 8 26 66 59 65 64 82 54 26 66 59 65 64

84 39 27 60 78 29 72 84 39 27 60 78 29 72
84 39 27 60 78 29 72 84 39 19 39 27 60 78 29 72
84 39 27 60 78 29 72 84 39 27 19 39 27 60 78 29 72
84 39 27 60 78 29 72 84 39 27 19 27 60 78 29 72
84 39 27 60 78 29 72 84 39 27 60 19 27 60 78 29 72
84 39 19 39 27 60 78 29 72 84 39 27 60 78 29 72
84 39 27 19 39 27 60 78 29 72 84 39 27 60 78 29 72
84 39 27 19 27 60 78 29 72 84 39 27 60 78 29 72
84 39 27 60 19 27 60 78 29 72 84 39 27 60 78 29 72

10 7 20 34 19 16 22 10 7 20 34 19 16 22
10 7 20 34 19 16 22 10 7 10 7 20 34 19 16 22
10 7 20 34 19 16 22 10 7 20 10 7 20 34 19 16 22
10 7 20 34 19 16 22 10 7 20 10 20 34 19 16 22
10 7 20 34 19 16 22 10 7 20 34 10 20 34 19 16 22
10 7 10 7 20 34 19 16 22 10 7 20 34 19 16 22
10 7 20 10 7 20 34 19 16 22 10 7 20 34 19 16 22
10 7 20 10 20 34 19 16 22 10 7 20 34 19 16 22
10 7 20 34 10 20 34 19 16 22 10 7 20 34 19 16 22

99 58 50 30 94 19 6 99 58 50 30 94 19 6
99 58 50 30 94 19 6 99 58 9 58 50 30 94 19 6
99 58 50 30 94 19 6 99 58 50 9 58 50 30 94 19 6
99 58 50 30 94 19 6 99 58 50 9 50 30 94 19 6
99 58 50 30 94 19 6 99 58 50 30 9 50 30 94 19 6
99 58 9 58 50 30 94 19 6 99 58 50 30 94 19 6
99 58 50 9 58 50 30 94 19 6 99 58 50 30 94 19 6
99 58 50 9 50 30 94 19 6 99 58 50 30 94 19 6
99 58 50 30 9 50 30 94 19 6 99 58 50 30 94 19 6

41 99 22 40 40 60 50 41 99 22 40 40 60 50
41 99 22 40 40 60 50 41 99 15 99 22 40 40 60 50
41 99 22 40 40 60 50 41 99 22 15 99 22 40 40 60 50
41 99 22 40 40 60 50 41 99 22 15 22 40 40 60 50
41 99 22 40 40 60 50 41 99 22 40 15 22 40 40 60 50
41 99 15 99 22 40 40 60 50 41 99 22 40 40 60 50
41 99 22 15 99 22 40 40 60 50 41 99 22 40 40 60 50
41 99 22 15 22 40 40 60 50 41 99 22 40 40 60 50
41 99 22 40 15 22 40 40 60 50 41 99 22 40 40 60 50

68 77 51 61 89 58 54 68 77 51 61 89 58 54
68 77 51 61 89 58 54 68 77 6 77 51 61 89 58 54
68 77 51 61 89 58 54 68 77 51 6 77 51 61 89 58 54
68 77 51 61 89 58 54 68 77 51 6 51 61 89 58 54
68 77 51 61 89 58 54 68 77 51 61 6 51 61 89 58 54
68 77 6 77 51 61 89 58 54 68 77 51 61 89 58 54
68 77 51 6 77 51 61 89 58 54 68 77 51 61 89 58 54
68 77 51 6 51 61 89 58 54 68 77 51 61 89 58 54
68 77 51 61 6 51 61 89 58 54 68 77 51 61 89 58 54

35 18 31 17 71 54 62 35 18 31 17 71 54 62
35 18 31 17 71 54 62 35 18 9 18 31 17 71 54 62
35 18 31 17 71 54 62 35 18 31 9 18 31 17 71 54 62
35 18 31 17 71 54 62 35 18 31 9 31 17 71 54 62
35 18 31 17 71 54 62 35 18 31 17 9 31 17 71 54 62
35 18 9 18 31 17 71 54 62 35 18 31 17 71 54 62
35 18 31 9 18 31 17 71 54 62 35 18 31 17 71 54 62
35 18 31 9 31 17 71 54 62 35 18 31 17 71 54 62
35 18 31 17 9 31 17 71 54 62 35 18 31 17 71 54 62

