100
7
2
2

14
17
27
20
9
16
1
28
2
5
11
7
0
1
2
2
10
30
24
10
29
6
24
25
20
25
12
30
7
2
8
11
24
1
23
23
26
14
30
14
5
13
4
27
25
18
19
25
23
5
26
12
3
25
24
11
23
20
7
15
7
19
18
8
12
9
21
22
21
14
17
25
18
28
25
21
8
30
28
1
15
0
1
2
4
4
19
25
19
21
30
29
18
2
25
11
18
29
2
30

46 82 
82 58 
61 92 
99 43 
97 51 
68 51 
91 46 
99 36 
88 24 
96 11 
53 98 
104 72 
72 30 
94 55 
79 114 
29 20 
113 59 
34 49 
107 70 
103 60 
91 101 
86 22 
97 78 
29 40 
25 90 
91 50 
68 61 
110 74 
74 82 
105 27 
55 58 
37 59 
55 51 
28 24 
27 85 
38 72 
48 76 
36 105 
58 77 
81 72 
108 88 
105 31 
97 63 
25 67 
84 97 
93 106 
57 70 
89 75 
45 42 
93 75 
46 95 
36 37 
33 42 
86 103 
33 34 
34 15 
84 84 
90 68 
53 48 
70 50 
94 12 
51 40 
33 43 
40 62 
37 29 
50 29 
98 40 
45 43 
105 108 
73 60 
71 80 
83 98 
108 87 
43 99 
69 57 
15 66 
73 80 
100 56 
46 82 
80 82 
64 39 
52 74 
81 79 
40 100 
45 80 
13 23 
60 61 
79 73 
35 23 
35 79 
110 52 
102 83 
67 96 
53 29 
35 62 
52 40 
71 69 
45 71 
95 69 
29 105 

2090
2038
1908
1720
1841
2153
1601
1693
1281
2074
2540
2365
1474
2467
1793
1325
2493
1759
2219
2071
2427
1977
2145
1124
1182
2090
1802
2144
1893
1539
1755
1247
1466
1060
1506
1277
1846
1968
2007
1785
1861
1670
1815
2017
2691
2047
2034
2600
1555
1676
1607
1603
1435
2262
1096
1642
2458
2415
1793
2032
1822
1208
1311
1775
1693
1225
1727
1050
2265
1839
2206
2484
2321
1798
1930
1491
2317
2198
1554
2150
1526
1866
2069
1969
1177
1206
1889
2439
1757
1502
2402
2378
1884
1813
1866
2151
1766
1736
2121
1746

1 2 3 4 5 1 2 3 4 5 6 7
1 2 3 4 5 1 2 100 102 3 4 5 6 7
1 2 3 4 5 1 2 3 100 102 103 4 5 6 7
1 2 3 4 5 1 2 3 100 103 4 5 6 7
1 2 3 4 5 1 2 3 4 100 103 104 5 6 7
1 2 100 102 3 4 5 1 2 3 4 5 6 7
1 2 3 100 102 103 4 5 1 2 3 4 5 6 7
1 2 3 100 103 4 5 1 2 3 4 5 6 7
1 2 3 4 100 103 104 5 1 2 3 4 5 6 7

71 39 38 71 65 88 47 71 39 38 71 65 88 47
71 39 38 71 65 88 47 71 39 11 39 38 71 65 88 47
71 39 38 71 65 88 47 71 39 38 11 39 38 71 65 88 47
71 39 38 71 65 88 47 71 39 38 11 38 71 65 88 47
71 39 38 71 65 88 47 71 39 38 71 11 38 71 65 88 47
71 39 11 39 38 71 65 88 47 71 39 38 71 65 88 47
71 39 38 11 39 38 71 65 88 47 71 39 38 71 65 88 47
71 39 38 11 38 71 65 88 47 71 39 38 71 65 88 47
71 39 38 71 11 38 71 65 88 47 71 39 38 71 65 88 47

89 49 65 45 59 52 37 89 49 65 45 59 52 37
89 49 65 45 59 52 37 89 49 7 49 65 45 59 52 37
89 49 65 45 59 52 37 89 49 65 7 49 65 45 59 52 37
89 49 65 45 59 52 37 89 49 65 7 65 45 59 52 37
89 49 65 45 59 52 37 89 49 65 45 7 65 45 59 52 37
89 49 7 49 65 45 59 52 37 89 49 65 45 59 52 37
89 49 65 7 49 65 45 59 52 37 89 49 65 45 59 52 37
89 49 65 7 65 45 59 52 37 89 49 65 45 59 52 37
89 49 65 45 7 65 45 59 52 37 89 49 65 45 59 52 37

63 31 53 77 80 8 25 63 31 53 77 80 8 25
63 31 53 77 80 8 25 63 31 18 31 53 77 80 8 25
63 31 53 77 80 8 25 63 31 53 18 31 53 77 80 8 25
63 31 53 77 80 8 25 63 31 53 18 53 77 80 8 25
63 31 53 77 80 8 25 63 31 53 77 18 53 77 80 8 25
63 31 18 31 53 77 80 8 25 63 31 53 77 80 8 25
63 31 53 18 31 53 77 80 8 25 63 31 53 77 80 8 25
63 31 53 18 53 77 80 8 25 63 31 53 77 80 8 25
63 31 53 77 18 53 77 80 8 25 63 31 53 77 80 8 25

6 68 92 35 23 97 37 6 68 92 35 23 97 37
6 68 92 35 23 97 37 6 68 14 68 92 35 23 97 37
6 68 92 35 23 97 37 6 68 92 14 68 92 35 23 97 37
6 68 92 35 23 97 37 6 68 92 14 92 35 23 97 37
6 68 92 35 23 97 37 6 68 92 35 14 92 35 23 97 37
6 68 14 68 92 35 23 97 37 6 68 92 35 23 97 37
6 68 92 14 68 92 35 23 97 37 6 68 92 35 23 97 37
6 68 92 14 92 35 23 97 37 6 68 92 35 23 97 37
6 68 92 35 14 92 35 23 97 37 6 68 92 35 23 97 37

7 71 79 41 98 28 16 7 71 79 41 98 28 16
7 71 79 41 98 28 16 7 71 9 71 79 41 98 28 16
7 71 79 41 98 28 16 7 71 79 9 71 79 41 98 28 16
7 71 79 41 98 28 16 7 71 79 9 79 41 98 28 16
7 71 79 41 98 28 16 7 71 79 41 9 79 41 98 28 16
7 71 9 71 79 41 98 28 16 7 71 79 41 98 28 16
7 71 79 9 71 79 41 98 28 16 7 71 79 41 98 28 16
7 71 79 9 79 41 98 28 16 7 71 79 41 98 28 16
7 71 79 41 9 79 41 98 28 16 7 71 79 41 98 28 16

95 51 57 45 32 85 78 95 51 57 45 32 85 78
95 51 57 45 32 85 78 95 51 18 51 57 45 32 85 78
95 51 57 45 32 85 78 95 51 57 18 51 57 45 32 85 78
95 51 57 45 32 85 78 95 51 57 18 57 45 32 85 78
95 51 57 45 32 85 78 95 51 57 45 18 57 45 32 85 78
95 51 18 51 57 45 32 85 78 95 51 57 45 32 85 78
95 51 57 18 51 57 45 32 85 78 95 51 57 45 32 85 78
95 51 57 18 57 45 32 85 78 95 51 57 45 32 85 78
95 51 57 45 18 57 45 32 85 78 95 51 57 45 32 85 78

19 79 84 40 6 7 96 19 79 84 40 6 7 96
19 79 84 40 6 7 96 19 79 20 79 84 40 6 7 96
19 79 84 40 6 7 96 19 79 84 20 79 84 40 6 7 96
19 79 84 40 6 7 96 19 79 84 20 84 40 6 7 96
19 79 84 40 6 7 96 19 79 84 40 20 84 40 6 7 96
19 79 20 79 84 40 6 7 96 19 79 84 40 6 7 96
19 79 84 20 79 84 40 6 7 96 19 79 84 40 6 7 96
19 79 84 20 84 40 6 7 96 19 79 84 40 6 7 96
19 79 84 40 20 84 40 6 7 96 19 79 84 40 6 7 96

12 64 94 16 17 89 68 12 64 94 16 17 89 68
12 64 94 16 17 89 68 12 64 17 64 94 16 17 89 68
12 64 94 16 17 89 68 12 64 94 17 64 94 16 17 89 68
12 64 94 16 17 89 68 12 64 94 17 94 16 17 89 68
12 64 94 16 17 89 68 12 64 94 16 17 94 16 17 89 68
12 64 17 64 94 16 17 89 68 12 64 94 16 17 89 68
12 64 94 17 64 94 16 17 89 68 12 64 94 16 17 89 68
12 64 94 17 94 16 17 89 68 12 64 94 16 17 89 68
12 64 94 16 17 94 16 17 89 68 12 64 94 16 17 89 68

23 39 72 17 9 57 61 23 39 72 17 9 57 61
23 39 72 17 9 57 61 23 39 17 39 72 17 9 57 61
23 39 72 17 9 57 61 23 39 72 17 39 72 17 9 57 61
23 39 72 17 9 57 61 23 39 72 17 72 17 9 57 61
23 39 72 17 9 57 61 23 39 72 17 17 72 17 9 57 61
23 39 17 39 72 17 9 57 61 23 39 72 17 9 57 61
23 39 72 17 39 72 17 9 57 61 23 39 72 17 9 57 61
23 39 72 17 72 17 9 57 61 23 39 72 17 9 57 61
23 39 72 17 17 72 17 9 57 61 23 39 72 17 9 57 61

42 60 88 6 75 98 71 42 60 88 6 75 98 71
42 60 88 6 75 98 71 42 60 11 60 88 6 75 98 71
42 60 88 6 75 98 71 42 60 88 11 60 88 6 75 98 71
42 60 88 6 75 98 71 42 60 88 11 88 6 75 98 71
42 60 88 6 75 98 71 42 60 88 6 11 88 6 75 98 71
42 60 11 60 88 6 75 98 71 42 60 88 6 75 98 71
42 60 88 11 60 88 6 75 98 71 42 60 88 6 75 98 71
42 60 88 11 88 6 75 98 71 42 60 88 6 75 98 71
42 60 88 6 11 88 6 75 98 71 42 60 88 6 75 98 71

100 98 41 92 65 32 60 100 98 41 92 65 32 60
100 98 41 92 65 32 60 100 98 16 98 41 92 65 32 60
100 98 41 92 65 32 60 100 98 41 16 98 41 92 65 32 60
100 98 41 92 65 32 60 100 98 41 16 41 92 65 32 60
100 98 41 92 65 32 60 100 98 41 92 16 41 92 65 32 60
100 98 16 98 41 92 65 32 60 100 98 41 92 65 32 60
100 98 41 16 98 41 92 65 32 60 100 98 41 92 65 32 60
100 98 41 16 41 92 65 32 60 100 98 41 92 65 32 60
100 98 41 92 16 41 92 65 32 60 100 98 41 92 65 32 60

38 97 91 54 75 14 74 38 97 91 54 75 14 74
38 97 91 54 75 14 74 38 97 14 97 91 54 75 14 74
38 97 91 54 75 14 74 38 97 91 14 97 91 54 75 14 74
38 97 91 54 75 14 74 38 97 91 14 91 54 75 14 74
38 97 91 54 75 14 74 38 97 91 54 14 91 54 75 14 74
38 97 14 97 91 54 75 14 74 38 97 91 54 75 14 74
38 97 91 14 97 91 54 75 14 74 38 97 91 54 75 14 74
38 97 91 14 91 54 75 14 74 38 97 91 54 75 14 74
38 97 91 54 14 91 54 75 14 74 38 97 91 54 75 14 74

74 24 60 11 56 19 48 74 24 60 11 56 19 48
74 24 60 11 56 19 48 74 24 7 24 60 11 56 19 48
74 24 60 11 56 19 48 74 24 60 7 24 60 11 56 19 48
74 24 60 11 56 19 48 74 24 60 7 60 11 56 19 48
74 24 60 11 56 19 48 74 24 60 11 7 60 11 56 19 48
74 24 7 24 60 11 56 19 48 74 24 60 11 56 19 48
74 24 60 7 24 60 11 56 19 48 74 24 60 11 56 19 48
74 24 60 7 60 11 56 19 48 74 24 60 11 56 19 48
74 24 60 11 7 60 11 56 19 48 74 24 60 11 56 19 48

82 87 85 41 68 83 41 82 87 85 41 68 83 41
82 87 85 41 68 83 41 82 87 16 87 85 41 68 83 41
82 87 85 41 68 83 41 82 87 85 16 87 85 41 68 83 41
82 87 85 41 68 83 41 82 87 85 16 85 41 68 83 41
82 87 85 41 68 83 41 82 87 85 41 16 85 41 68 83 41
82 87 16 87 85 41 68 83 41 82 87 85 41 68 83 41
82 87 85 16 87 85 41 68 83 41 82 87 85 41 68 83 41
82 87 85 16 85 41 68 83 41 82 87 85 41 68 83 41
82 87 85 41 16 85 41 68 83 41 82 87 85 41 68 83 41

67 11 62 94 26 50 60 67 11 62 94 26 50 60
67 11 62 94 26 50 60 67 11 16 11 62 94 26 50 60
67 11 62 94 26 50 60 67 11 62 16 11 62 94 26 50 60
67 11 62 94 26 50 60 67 11 62 16 62 94 26 50 60
67 11 62 94 26 50 60 67 11 62 94 16 62 94 26 50 60
67 11 16 11 62 94 26 50 60 67 11 62 94 26 50 60
67 11 62 16 11 62 94 26 50 60 67 11 62 94 26 50 60
67 11 62 16 62 94 26 50 60 67 11 62 94 26 50 60
67 11 62 94 16 62 94 26 50 60 67 11 62 94 26 50 60

14 73 23 14 35 46 88 14 73 23 14 35 46 88
14 73 23 14 35 46 88 14 73 8 73 23 14 35 46 88
14 73 23 14 35 46 88 14 73 23 8 73 23 14 35 46 88
14 73 23 14 35 46 88 14 73 23 8 23 14 35 46 88
14 73 23 14 35 46 88 14 73 23 14 8 23 14 35 46 88
14 73 8 73 23 14 35 46 88 14 73 23 14 35 46 88
14 73 23 8 73 23 14 35 46 88 14 73 23 14 35 46 88
14 73 23 8 23 14 35 46 88 14 73 23 14 35 46 88
14 73 23 14 8 23 14 35 46 88 14 73 23 14 35 46 88

96 49 97 47 81 38 79 96 49 97 47 81 38 79
96 49 97 47 81 38 79 96 49 6 49 97 47 81 38 79
96 49 97 47 81 38 79 96 49 97 6 49 97 47 81 38 79
96 49 97 47 81 38 79 96 49 97 6 97 47 81 38 79
96 49 97 47 81 38 79 96 49 97 47 6 97 47 81 38 79
96 49 6 49 97 47 81 38 79 96 49 97 47 81 38 79
96 49 97 6 49 97 47 81 38 79 96 49 97 47 81 38 79
96 49 97 6 97 47 81 38 79 96 49 97 47 81 38 79
96 49 97 47 6 97 47 81 38 79 96 49 97 47 81 38 79

19 83 22 29 74 84 61 19 83 22 29 74 84 61
19 83 22 29 74 84 61 19 83 9 83 22 29 74 84 61
19 83 22 29 74 84 61 19 83 22 9 83 22 29 74 84 61
19 83 22 29 74 84 61 19 83 22 9 22 29 74 84 61
19 83 22 29 74 84 61 19 83 22 29 9 22 29 74 84 61
19 83 9 83 22 29 74 84 61 19 83 22 29 74 84 61
19 83 22 9 83 22 29 74 84 61 19 83 22 29 74 84 61
19 83 22 9 22 29 74 84 61 19 83 22 29 74 84 61
19 83 22 29 9 22 29 74 84 61 19 83 22 29 74 84 61

45 19 97 52 82 58 97 45 19 97 52 82 58 97
45 19 97 52 82 58 97 45 19 14 19 97 52 82 58 97
45 19 97 52 82 58 97 45 19 97 14 19 97 52 82 58 97
45 19 97 52 82 58 97 45 19 97 14 97 52 82 58 97
45 19 97 52 82 58 97 45 19 97 52 14 97 52 82 58 97
45 19 14 19 97 52 82 58 97 45 19 97 52 82 58 97
45 19 97 14 19 97 52 82 58 97 45 19 97 52 82 58 97
45 19 97 14 97 52 82 58 97 45 19 97 52 82 58 97
45 19 97 52 14 97 52 82 58 97 45 19 97 52 82 58 97

55 40 97 46 87 52 18 55 40 97 46 87 52 18
55 40 97 46 87 52 18 55 40 9 40 97 46 87 52 18
55 40 97 46 87 52 18 55 40 97 9 40 97 46 87 52 18
55 40 97 46 87 52 18 55 40 97 9 97 46 87 52 18
55 40 97 46 87 52 18 55 40 97 46 9 97 46 87 52 18
55 40 9 40 97 46 87 52 18 55 40 97 46 87 52 18
55 40 97 9 40 97 46 87 52 18 55 40 97 46 87 52 18
55 40 97 9 97 46 87 52 18 55 40 97 46 87 52 18
55 40 97 46 9 97 46 87 52 18 55 40 97 46 87 52 18

87 97 81 95 12 49 38 87 97 81 95 12 49 38
87 97 81 95 12 49 38 87 97 8 97 81 95 12 49 38
87 97 81 95 12 49 38 87 97 81 8 97 81 95 12 49 38
87 97 81 95 12 49 38 87 97 81 8 81 95 12 49 38
87 97 81 95 12 49 38 87 97 81 95 8 81 95 12 49 38
87 97 8 97 81 95 12 49 38 87 97 81 95 12 49 38
87 97 81 8 97 81 95 12 49 38 87 97 81 95 12 49 38
87 97 81 8 81 95 12 49 38 87 97 81 95 12 49 38
87 97 81 95 8 81 95 12 49 38 87 97 81 95 12 49 38

44 78 77 6 88 68 21 44 78 77 6 88 68 21
44 78 77 6 88 68 21 44 78 19 78 77 6 88 68 21
44 78 77 6 88 68 21 44 78 77 19 78 77 6 88 68 21
44 78 77 6 88 68 21 44 78 77 19 77 6 88 68 21
44 78 77 6 88 68 21 44 78 77 6 19 77 6 88 68 21
44 78 19 78 77 6 88 68 21 44 78 77 6 88 68 21
44 78 77 19 78 77 6 88 68 21 44 78 77 6 88 68 21
44 78 77 19 77 6 88 68 21 44 78 77 6 88 68 21
44 78 77 6 19 77 6 88 68 21 44 78 77 6 88 68 21

34 81 84 63 74 26 28 34 81 84 63 74 26 28
34 81 84 63 74 26 28 34 81 17 81 84 63 74 26 28
34 81 84 63 74 26 28 34 81 84 17 81 84 63 74 26 28
34 81 84 63 74 26 28 34 81 84 17 84 63 74 26 28
34 81 84 63 74 26 28 34 81 84 63 17 84 63 74 26 28
34 81 17 81 84 63 74 26 28 34 81 84 63 74 26 28
34 81 84 17 81 84 63 74 26 28 34 81 84 63 74 26 28
34 81 84 17 84 63 74 26 28 34 81 84 63 74 26 28
34 81 84 63 17 84 63 74 26 28 34 81 84 63 74 26 28

59 23 9 21 26 14 84 59 23 9 21 26 14 84
59 23 9 21 26 14 84 59 23 8 23 9 21 26 14 84
59 23 9 21 26 14 84 59 23 9 8 23 9 21 26 14 84
59 23 9 21 26 14 84 59 23 9 8 9 21 26 14 84
59 23 9 21 26 14 84 59 23 9 21 8 9 21 26 14 84
59 23 8 23 9 21 26 14 84 59 23 9 21 26 14 84
59 23 9 8 23 9 21 26 14 84 59 23 9 21 26 14 84
59 23 9 8 9 21 26 14 84 59 23 9 21 26 14 84
59 23 9 21 8 9 21 26 14 84 59 23 9 21 26 14 84

5 26 14 72 44 41 41 5 26 14 72 44 41 41
5 26 14 72 44 41 41 5 26 18 26 14 72 44 41 41
5 26 14 72 44 41 41 5 26 14 18 26 14 72 44 41 41
5 26 14 72 44 41 41 5 26 14 18 14 72 44 41 41
5 26 14 72 44 41 41 5 26 14 72 18 14 72 44 41 41
5 26 18 26 14 72 44 41 41 5 26 14 72 44 41 41
5 26 14 18 26 14 72 44 41 41 5 26 14 72 44 41 41
5 26 14 18 14 72 44 41 41 5 26 14 72 44 41 41
5 26 14 72 18 14 72 44 41 41 5 26 14 72 44 41 41

84 91 80 34 10 89 31 84 91 80 34 10 89 31
84 91 80 34 10 89 31 84 91 14 91 80 34 10 89 31
84 91 80 34 10 89 31 84 91 80 14 91 80 34 10 89 31
84 91 80 34 10 89 31 84 91 80 14 80 34 10 89 31
84 91 80 34 10 89 31 84 91 80 34 14 80 34 10 89 31
84 91 14 91 80 34 10 89 31 84 91 80 34 10 89 31
84 91 80 14 91 80 34 10 89 31 84 91 80 34 10 89 31
84 91 80 14 80 34 10 89 31 84 91 80 34 10 89 31
84 91 80 34 14 80 34 10 89 31 84 91 80 34 10 89 31

10 27 53 56 79 79 90 10 27 53 56 79 79 90
10 27 53 56 79 79 90 10 27 19 27 53 56 79 79 90
10 27 53 56 79 79 90 10 27 53 19 27 53 56 79 79 90
10 27 53 56 79 79 90 10 27 53 19 53 56 79 79 90
10 27 53 56 79 79 90 10 27 53 56 19 53 56 79 79 90
10 27 19 27 53 56 79 79 90 10 27 53 56 79 79 90
10 27 53 19 27 53 56 79 79 90 10 27 53 56 79 79 90
10 27 53 19 53 56 79 79 90 10 27 53 56 79 79 90
10 27 53 56 19 53 56 79 79 90 10 27 53 56 79 79 90

35 59 96 67 65 77 19 35 59 96 67 65 77 19
35 59 96 67 65 77 19 35 59 10 59 96 67 65 77 19
35 59 96 67 65 77 19 35 59 96 10 59 96 67 65 77 19
35 59 96 67 65 77 19 35 59 96 10 96 67 65 77 19
35 59 96 67 65 77 19 35 59 96 67 10 96 67 65 77 19
35 59 10 59 96 67 65 77 19 35 59 96 67 65 77 19
35 59 96 10 59 96 67 65 77 19 35 59 96 67 65 77 19
35 59 96 10 96 67 65 77 19 35 59 96 67 65 77 19
35 59 96 67 10 96 67 65 77 19 35 59 96 67 65 77 19

40 81 65 62 17 12 100 40 81 65 62 17 12 100
40 81 65 62 17 12 100 40 81 6 81 65 62 17 12 100
40 81 65 62 17 12 100 40 81 65 6 81 65 62 17 12 100
40 81 65 62 17 12 100 40 81 65 6 65 62 17 12 100
40 81 65 62 17 12 100 40 81 65 62 6 65 62 17 12 100
40 81 6 81 65 62 17 12 100 40 81 65 62 17 12 100
40 81 65 6 81 65 62 17 12 100 40 81 65 62 17 12 100
40 81 65 6 65 62 17 12 100 40 81 65 62 17 12 100
40 81 65 62 6 65 62 17 12 100 40 81 65 62 17 12 100

46 54 91 10 5 22 91 46 54 91 10 5 22 91
46 54 91 10 5 22 91 46 54 15 54 91 10 5 22 91
46 54 91 10 5 22 91 46 54 91 15 54 91 10 5 22 91
46 54 91 10 5 22 91 46 54 91 15 91 10 5 22 91
46 54 91 10 5 22 91 46 54 91 10 15 91 10 5 22 91
46 54 15 54 91 10 5 22 91 46 54 91 10 5 22 91
46 54 91 15 54 91 10 5 22 91 46 54 91 10 5 22 91
46 54 91 15 91 10 5 22 91 46 54 91 10 5 22 91
46 54 91 10 15 91 10 5 22 91 46 54 91 10 5 22 91

5 70 35 39 85 66 60 5 70 35 39 85 66 60
5 70 35 39 85 66 60 5 70 12 70 35 39 85 66 60
5 70 35 39 85 66 60 5 70 35 12 70 35 39 85 66 60
5 70 35 39 85 66 60 5 70 35 12 35 39 85 66 60
5 70 35 39 85 66 60 5 70 35 39 12 35 39 85 66 60
5 70 12 70 35 39 85 66 60 5 70 35 39 85 66 60
5 70 35 12 70 35 39 85 66 60 5 70 35 39 85 66 60
5 70 35 12 35 39 85 66 60 5 70 35 39 85 66 60
5 70 35 39 12 35 39 85 66 60 5 70 35 39 85 66 60

11 62 31 43 6 48 78 11 62 31 43 6 48 78
11 62 31 43 6 48 78 11 62 19 62 31 43 6 48 78
11 62 31 43 6 48 78 11 62 31 19 62 31 43 6 48 78
11 62 31 43 6 48 78 11 62 31 19 31 43 6 48 78
11 62 31 43 6 48 78 11 62 31 43 19 31 43 6 48 78
11 62 19 62 31 43 6 48 78 11 62 31 43 6 48 78
11 62 31 19 62 31 43 6 48 78 11 62 31 43 6 48 78
11 62 31 19 31 43 6 48 78 11 62 31 43 6 48 78
11 62 31 43 19 31 43 6 48 78 11 62 31 43 6 48 78

46 7 42 37 77 32 55 46 7 42 37 77 32 55
46 7 42 37 77 32 55 46 7 7 7 42 37 77 32 55
46 7 42 37 77 32 55 46 7 42 7 7 42 37 77 32 55
46 7 42 37 77 32 55 46 7 42 7 42 37 77 32 55
46 7 42 37 77 32 55 46 7 42 37 7 42 37 77 32 55
46 7 7 7 42 37 77 32 55 46 7 42 37 77 32 55
46 7 42 7 7 42 37 77 32 55 46 7 42 37 77 32 55
46 7 42 7 42 37 77 32 55 46 7 42 37 77 32 55
46 7 42 37 7 42 37 77 32 55 46 7 42 37 77 32 55

20 76 17 11 6 88 12 20 76 17 11 6 88 12
20 76 17 11 6 88 12 20 76 15 76 17 11 6 88 12
20 76 17 11 6 88 12 20 76 17 15 76 17 11 6 88 12
20 76 17 11 6 88 12 20 76 17 15 17 11 6 88 12
20 76 17 11 6 88 12 20 76 17 11 15 17 11 6 88 12
20 76 15 76 17 11 6 88 12 20 76 17 11 6 88 12
20 76 17 15 76 17 11 6 88 12 20 76 17 11 6 88 12
20 76 17 15 17 11 6 88 12 20 76 17 11 6 88 12
20 76 17 11 15 17 11 6 88 12 20 76 17 11 6 88 12

23 38 10 72 51 38 83 23 38 10 72 51 38 83
23 38 10 72 51 38 83 23 38 17 38 10 72 51 38 83
23 38 10 72 51 38 83 23 38 10 17 38 10 72 51 38 83
23 38 10 72 51 38 83 23 38 10 17 10 72 51 38 83
23 38 10 72 51 38 83 23 38 10 72 17 10 72 51 38 83
23 38 17 38 10 72 51 38 83 23 38 10 72 51 38 83
23 38 10 17 38 10 72 51 38 83 23 38 10 72 51 38 83
23 38 10 17 10 72 51 38 83 23 38 10 72 51 38 83
23 38 10 72 17 10 72 51 38 83 23 38 10 72 51 38 83

15 88 27 61 6 11 32 15 88 27 61 6 11 32
15 88 27 61 6 11 32 15 88 19 88 27 61 6 11 32
15 88 27 61 6 11 32 15 88 27 19 88 27 61 6 11 32
15 88 27 61 6 11 32 15 88 27 19 27 61 6 11 32
15 88 27 61 6 11 32 15 88 27 61 19 27 61 6 11 32
15 88 19 88 27 61 6 11 32 15 88 27 61 6 11 32
15 88 27 19 88 27 61 6 11 32 15 88 27 61 6 11 32
15 88 27 19 27 61 6 11 32 15 88 27 61 6 11 32
15 88 27 61 19 27 61 6 11 32 15 88 27 61 6 11 32

47 69 28 70 56 68 31 47 69 28 70 56 68 31
47 69 28 70 56 68 31 47 69 16 69 28 70 56 68 31
47 69 28 70 56 68 31 47 69 28 16 69 28 70 56 68 31
47 69 28 70 56 68 31 47 69 28 16 28 70 56 68 31
47 69 28 70 56 68 31 47 69 28 70 16 28 70 56 68 31
47 69 16 69 28 70 56 68 31 47 69 28 70 56 68 31
47 69 28 16 69 28 70 56 68 31 47 69 28 70 56 68 31
47 69 28 16 28 70 56 68 31 47 69 28 70 56 68 31
47 69 28 70 16 28 70 56 68 31 47 69 28 70 56 68 31

57 25 18 87 89 50 69 57 25 18 87 89 50 69
57 25 18 87 89 50 69 57 25 18 25 18 87 89 50 69
57 25 18 87 89 50 69 57 25 18 18 25 18 87 89 50 69
57 25 18 87 89 50 69 57 25 18 18 18 87 89 50 69
57 25 18 87 89 50 69 57 25 18 87 18 18 87 89 50 69
57 25 18 25 18 87 89 50 69 57 25 18 87 89 50 69
57 25 18 18 25 18 87 89 50 69 57 25 18 87 89 50 69
57 25 18 18 18 87 89 50 69 57 25 18 87 89 50 69
57 25 18 87 18 18 87 89 50 69 57 25 18 87 89 50 69

10 96 46 60 67 46 68 10 96 46 60 67 46 68
10 96 46 60 67 46 68 10 96 10 96 46 60 67 46 68
10 96 46 60 67 46 68 10 96 46 10 96 46 60 67 46 68
10 96 46 60 67 46 68 10 96 46 10 46 60 67 46 68
10 96 46 60 67 46 68 10 96 46 60 10 46 60 67 46 68
10 96 10 96 46 60 67 46 68 10 96 46 60 67 46 68
10 96 46 10 96 46 60 67 46 68 10 96 46 60 67 46 68
10 96 46 10 46 60 67 46 68 10 96 46 60 67 46 68
10 96 46 60 10 46 60 67 46 68 10 96 46 60 67 46 68

62 6 67 66 68 11 61 62 6 67 66 68 11 61
62 6 67 66 68 11 61 62 6 19 6 67 66 68 11 61
62 6 67 66 68 11 61 62 6 67 19 6 67 66 68 11 61
62 6 67 66 68 11 61 62 6 67 19 67 66 68 11 61
62 6 67 66 68 11 61 62 6 67 66 19 67 66 68 11 61
62 6 19 6 67 66 68 11 61 62 6 67 66 68 11 61
62 6 67 19 6 67 66 68 11 61 62 6 67 66 68 11 61
62 6 67 19 67 66 68 11 61 62 6 67 66 68 11 61
62 6 67 66 19 67 66 68 11 61 62 6 67 66 68 11 61

23 45 93 73 26 99 28 23 45 93 73 26 99 28
23 45 93 73 26 99 28 23 45 17 45 93 73 26 99 28
23 45 93 73 26 99 28 23 45 93 17 45 93 73 26 99 28
23 45 93 73 26 99 28 23 45 93 17 93 73 26 99 28
23 45 93 73 26 99 28 23 45 93 73 17 93 73 26 99 28
23 45 17 45 93 73 26 99 28 23 45 93 73 26 99 28
23 45 93 17 45 93 73 26 99 28 23 45 93 73 26 99 28
23 45 93 17 93 73 26 99 28 23 45 93 73 26 99 28
23 45 93 73 17 93 73 26 99 28 23 45 93 73 26 99 28

48 46 87 22 15 88 42 48 46 87 22 15 88 42
48 46 87 22 15 88 42 48 46 10 46 87 22 15 88 42
48 46 87 22 15 88 42 48 46 87 10 46 87 22 15 88 42
48 46 87 22 15 88 42 48 46 87 10 87 22 15 88 42
48 46 87 22 15 88 42 48 46 87 22 10 87 22 15 88 42
48 46 10 46 87 22 15 88 42 48 46 87 22 15 88 42
48 46 87 10 46 87 22 15 88 42 48 46 87 22 15 88 42
48 46 87 10 87 22 15 88 42 48 46 87 22 15 88 42
48 46 87 22 10 87 22 15 88 42 48 46 87 22 15 88 42

33 5 91 43 87 92 20 33 5 91 43 87 92 20
33 5 91 43 87 92 20 33 5 16 5 91 43 87 92 20
33 5 91 43 87 92 20 33 5 91 16 5 91 43 87 92 20
33 5 91 43 87 92 20 33 5 91 16 91 43 87 92 20
33 5 91 43 87 92 20 33 5 91 43 16 91 43 87 92 20
33 5 16 5 91 43 87 92 20 33 5 91 43 87 92 20
33 5 91 16 5 91 43 87 92 20 33 5 91 43 87 92 20
33 5 91 16 91 43 87 92 20 33 5 91 43 87 92 20
33 5 91 43 16 91 43 87 92 20 33 5 91 43 87 92 20

31 88 13 47 88 68 92 31 88 13 47 88 68 92
31 88 13 47 88 68 92 31 88 20 88 13 47 88 68 92
31 88 13 47 88 68 92 31 88 13 20 88 13 47 88 68 92
31 88 13 47 88 68 92 31 88 13 20 13 47 88 68 92
31 88 13 47 88 68 92 31 88 13 47 20 13 47 88 68 92
31 88 20 88 13 47 88 68 92 31 88 13 47 88 68 92
31 88 13 20 88 13 47 88 68 92 31 88 13 47 88 68 92
31 88 13 20 13 47 88 68 92 31 88 13 47 88 68 92
31 88 13 47 20 13 47 88 68 92 31 88 13 47 88 68 92

96 88 67 77 75 45 77 96 88 67 77 75 45 77
96 88 67 77 75 45 77 96 88 14 88 67 77 75 45 77
96 88 67 77 75 45 77 96 88 67 14 88 67 77 75 45 77
96 88 67 77 75 45 77 96 88 67 14 67 77 75 45 77
96 88 67 77 75 45 77 96 88 67 77 14 67 77 75 45 77
96 88 14 88 67 77 75 45 77 96 88 67 77 75 45 77
96 88 67 14 88 67 77 75 45 77 96 88 67 77 75 45 77
96 88 67 14 67 77 75 45 77 96 88 67 77 75 45 77
96 88 67 77 14 67 77 75 45 77 96 88 67 77 75 45 77

21 40 82 86 84 15 57 21 40 82 86 84 15 57
21 40 82 86 84 15 57 21 40 9 40 82 86 84 15 57
21 40 82 86 84 15 57 21 40 82 9 40 82 86 84 15 57
21 40 82 86 84 15 57 21 40 82 9 82 86 84 15 57
21 40 82 86 84 15 57 21 40 82 86 9 82 86 84 15 57
21 40 9 40 82 86 84 15 57 21 40 82 86 84 15 57
21 40 82 9 40 82 86 84 15 57 21 40 82 86 84 15 57
21 40 82 9 82 86 84 15 57 21 40 82 86 84 15 57
21 40 82 86 9 82 86 84 15 57 21 40 82 86 84 15 57

37 92 37 53 25 97 99 37 92 37 53 25 97 99
37 92 37 53 25 97 99 37 92 18 92 37 53 25 97 99
37 92 37 53 25 97 99 37 92 37 18 92 37 53 25 97 99
37 92 37 53 25 97 99 37 92 37 18 37 53 25 97 99
37 92 37 53 25 97 99 37 92 37 53 18 37 53 25 97 99
37 92 18 92 37 53 25 97 99 37 92 37 53 25 97 99
37 92 37 18 92 37 53 25 97 99 37 92 37 53 25 97 99
37 92 37 18 37 53 25 97 99 37 92 37 53 25 97 99
37 92 37 53 18 37 53 25 97 99 37 92 37 53 25 97 99

88 78 82 70 60 64 84 88 78 82 70 60 64 84
88 78 82 70 60 64 84 88 78 16 78 82 70 60 64 84
88 78 82 70 60 64 84 88 78 82 16 78 82 70 60 64 84
88 78 82 70 60 64 84 88 78 82 16 82 70 60 64 84
88 78 82 70 60 64 84 88 78 82 70 16 82 70 60 64 84
88 78 16 78 82 70 60 64 84 88 78 82 70 60 64 84
88 78 82 16 78 82 70 60 64 84 88 78 82 70 60 64 84
88 78 82 16 82 70 60 64 84 88 78 82 70 60 64 84
88 78 82 70 16 82 70 60 64 84 88 78 82 70 60 64 84

11 88 39 22 56 26 62 11 88 39 22 56 26 62
11 88 39 22 56 26 62 11 88 16 88 39 22 56 26 62
11 88 39 22 56 26 62 11 88 39 16 88 39 22 56 26 62
11 88 39 22 56 26 62 11 88 39 16 39 22 56 26 62
11 88 39 22 56 26 62 11 88 39 22 16 39 22 56 26 62
11 88 16 88 39 22 56 26 62 11 88 39 22 56 26 62
11 88 39 16 88 39 22 56 26 62 11 88 39 22 56 26 62
11 88 39 16 39 22 56 26 62 11 88 39 22 56 26 62
11 88 39 22 16 39 22 56 26 62 11 88 39 22 56 26 62

7 85 75 55 44 25 15 7 85 75 55 44 25 15
7 85 75 55 44 25 15 7 85 8 85 75 55 44 25 15
7 85 75 55 44 25 15 7 85 75 8 85 75 55 44 25 15
7 85 75 55 44 25 15 7 85 75 8 75 55 44 25 15
7 85 75 55 44 25 15 7 85 75 55 8 75 55 44 25 15
7 85 8 85 75 55 44 25 15 7 85 75 55 44 25 15
7 85 75 8 85 75 55 44 25 15 7 85 75 55 44 25 15
7 85 75 8 75 55 44 25 15 7 85 75 55 44 25 15
7 85 75 55 8 75 55 44 25 15 7 85 75 55 44 25 15

37 43 32 79 44 7 70 37 43 32 79 44 7 70
37 43 32 79 44 7 70 37 43 8 43 32 79 44 7 70
37 43 32 79 44 7 70 37 43 32 8 43 32 79 44 7 70
37 43 32 79 44 7 70 37 43 32 8 32 79 44 7 70
37 43 32 79 44 7 70 37 43 32 79 8 32 79 44 7 70
37 43 8 43 32 79 44 7 70 37 43 32 79 44 7 70
37 43 32 8 43 32 79 44 7 70 37 43 32 79 44 7 70
37 43 32 8 32 79 44 7 70 37 43 32 79 44 7 70
37 43 32 79 8 32 79 44 7 70 37 43 32 79 44 7 70

69 40 27 29 62 88 16 69 40 27 29 62 88 16
69 40 27 29 62 88 16 69 40 17 40 27 29 62 88 16
69 40 27 29 62 88 16 69 40 27 17 40 27 29 62 88 16
69 40 27 29 62 88 16 69 40 27 17 27 29 62 88 16
69 40 27 29 62 88 16 69 40 27 29 17 27 29 62 88 16
69 40 17 40 27 29 62 88 16 69 40 27 29 62 88 16
69 40 27 17 40 27 29 62 88 16 69 40 27 29 62 88 16
69 40 27 17 27 29 62 88 16 69 40 27 29 62 88 16
69 40 27 29 17 27 29 62 88 16 69 40 27 29 62 88 16

51 79 21 25 22 43 54 51 79 21 25 22 43 54
51 79 21 25 22 43 54 51 79 9 79 21 25 22 43 54
51 79 21 25 22 43 54 51 79 21 9 79 21 25 22 43 54
51 79 21 25 22 43 54 51 79 21 9 21 25 22 43 54
51 79 21 25 22 43 54 51 79 21 25 9 21 25 22 43 54
51 79 9 79 21 25 22 43 54 51 79 21 25 22 43 54
51 79 21 9 79 21 25 22 43 54 51 79 21 25 22 43 54
51 79 21 9 21 25 22 43 54 51 79 21 25 22 43 54
51 79 21 25 9 21 25 22 43 54 51 79 21 25 22 43 54

28 27 66 92 84 90 73 28 27 66 92 84 90 73
28 27 66 92 84 90 73 28 27 11 27 66 92 84 90 73
28 27 66 92 84 90 73 28 27 66 11 27 66 92 84 90 73
28 27 66 92 84 90 73 28 27 66 11 66 92 84 90 73
28 27 66 92 84 90 73 28 27 66 92 11 66 92 84 90 73
28 27 11 27 66 92 84 90 73 28 27 66 92 84 90 73
28 27 66 11 27 66 92 84 90 73 28 27 66 92 84 90 73
28 27 66 11 66 92 84 90 73 28 27 66 92 84 90 73
28 27 66 92 11 66 92 84 90 73 28 27 66 92 84 90 73

72 17 19 22 7 72 25 72 17 19 22 7 72 25
72 17 19 22 7 72 25 72 17 14 17 19 22 7 72 25
72 17 19 22 7 72 25 72 17 19 14 17 19 22 7 72 25
72 17 19 22 7 72 25 72 17 19 14 19 22 7 72 25
72 17 19 22 7 72 25 72 17 19 22 14 19 22 7 72 25
72 17 14 17 19 22 7 72 25 72 17 19 22 7 72 25
72 17 19 14 17 19 22 7 72 25 72 17 19 22 7 72 25
72 17 19 14 19 22 7 72 25 72 17 19 22 7 72 25
72 17 19 22 14 19 22 7 72 25 72 17 19 22 7 72 25

14 78 29 10 87 51 65 14 78 29 10 87 51 65
14 78 29 10 87 51 65 14 78 11 78 29 10 87 51 65
14 78 29 10 87 51 65 14 78 29 11 78 29 10 87 51 65
14 78 29 10 87 51 65 14 78 29 11 29 10 87 51 65
14 78 29 10 87 51 65 14 78 29 10 11 29 10 87 51 65
14 78 11 78 29 10 87 51 65 14 78 29 10 87 51 65
14 78 29 11 78 29 10 87 51 65 14 78 29 10 87 51 65
14 78 29 11 29 10 87 51 65 14 78 29 10 87 51 65
14 78 29 10 11 29 10 87 51 65 14 78 29 10 87 51 65

86 72 79 75 59 73 29 86 72 79 75 59 73 29
86 72 79 75 59 73 29 86 72 13 72 79 75 59 73 29
86 72 79 75 59 73 29 86 72 79 13 72 79 75 59 73 29
86 72 79 75 59 73 29 86 72 79 13 79 75 59 73 29
86 72 79 75 59 73 29 86 72 79 75 13 79 75 59 73 29
86 72 13 72 79 75 59 73 29 86 72 79 75 59 73 29
86 72 79 13 72 79 75 59 73 29 86 72 79 75 59 73 29
86 72 79 13 79 75 59 73 29 86 72 79 75 59 73 29
86 72 79 75 13 79 75 59 73 29 86 72 79 75 59 73 29

98 28 71 54 78 82 84 98 28 71 54 78 82 84
98 28 71 54 78 82 84 98 28 5 28 71 54 78 82 84
98 28 71 54 78 82 84 98 28 71 5 28 71 54 78 82 84
98 28 71 54 78 82 84 98 28 71 5 71 54 78 82 84
98 28 71 54 78 82 84 98 28 71 54 5 71 54 78 82 84
98 28 5 28 71 54 78 82 84 98 28 71 54 78 82 84
98 28 71 5 28 71 54 78 82 84 98 28 71 54 78 82 84
98 28 71 5 71 54 78 82 84 98 28 71 54 78 82 84
98 28 71 54 5 71 54 78 82 84 98 28 71 54 78 82 84

50 41 37 40 71 61 82 50 41 37 40 71 61 82
50 41 37 40 71 61 82 50 41 14 41 37 40 71 61 82
50 41 37 40 71 61 82 50 41 37 14 41 37 40 71 61 82
50 41 37 40 71 61 82 50 41 37 14 37 40 71 61 82
50 41 37 40 71 61 82 50 41 37 40 14 37 40 71 61 82
50 41 14 41 37 40 71 61 82 50 41 37 40 71 61 82
50 41 37 14 41 37 40 71 61 82 50 41 37 40 71 61 82
50 41 37 14 37 40 71 61 82 50 41 37 40 71 61 82
50 41 37 40 14 37 40 71 61 82 50 41 37 40 71 61 82

83 22 64 42 63 56 91 83 22 64 42 63 56 91
83 22 64 42 63 56 91 83 22 14 22 64 42 63 56 91
83 22 64 42 63 56 91 83 22 64 14 22 64 42 63 56 91
83 22 64 42 63 56 91 83 22 64 14 64 42 63 56 91
83 22 64 42 63 56 91 83 22 64 42 14 64 42 63 56 91
83 22 14 22 64 42 63 56 91 83 22 64 42 63 56 91
83 22 64 14 22 64 42 63 56 91 83 22 64 42 63 56 91
83 22 64 14 64 42 63 56 91 83 22 64 42 63 56 91
83 22 64 42 14 64 42 63 56 91 83 22 64 42 63 56 91

61 30 83 5 82 69 46 61 30 83 5 82 69 46
61 30 83 5 82 69 46 61 30 5 30 83 5 82 69 46
61 30 83 5 82 69 46 61 30 83 5 30 83 5 82 69 46
61 30 83 5 82 69 46 61 30 83 5 83 5 82 69 46
61 30 83 5 82 69 46 61 30 83 5 5 83 5 82 69 46
61 30 5 30 83 5 82 69 46 61 30 83 5 82 69 46
61 30 83 5 30 83 5 82 69 46 61 30 83 5 82 69 46
61 30 83 5 83 5 82 69 46 61 30 83 5 82 69 46
61 30 83 5 5 83 5 82 69 46 61 30 83 5 82 69 46

93 22 31 24 8 46 6 93 22 31 24 8 46 6
93 22 31 24 8 46 6 93 22 13 22 31 24 8 46 6
93 22 31 24 8 46 6 93 22 31 13 22 31 24 8 46 6
93 22 31 24 8 46 6 93 22 31 13 31 24 8 46 6
93 22 31 24 8 46 6 93 22 31 24 13 31 24 8 46 6
93 22 13 22 31 24 8 46 6 93 22 31 24 8 46 6
93 22 31 13 22 31 24 8 46 6 93 22 31 24 8 46 6
93 22 31 13 31 24 8 46 6 93 22 31 24 8 46 6
93 22 31 24 13 31 24 8 46 6 93 22 31 24 8 46 6

13 8 16 36 63 97 81 13 8 16 36 63 97 81
13 8 16 36 63 97 81 13 8 9 8 16 36 63 97 81
13 8 16 36 63 97 81 13 8 16 9 8 16 36 63 97 81
13 8 16 36 63 97 81 13 8 16 9 16 36 63 97 81
13 8 16 36 63 97 81 13 8 16 36 9 16 36 63 97 81
13 8 9 8 16 36 63 97 81 13 8 16 36 63 97 81
13 8 16 9 8 16 36 63 97 81 13 8 16 36 63 97 81
13 8 16 9 16 36 63 97 81 13 8 16 36 63 97 81
13 8 16 36 9 16 36 63 97 81 13 8 16 36 63 97 81

32 93 31 56 34 81 28 32 93 31 56 34 81 28
32 93 31 56 34 81 28 32 93 6 93 31 56 34 81 28
32 93 31 56 34 81 28 32 93 31 6 93 31 56 34 81 28
32 93 31 56 34 81 28 32 93 31 6 31 56 34 81 28
32 93 31 56 34 81 28 32 93 31 56 6 31 56 34 81 28
32 93 6 93 31 56 34 81 28 32 93 31 56 34 81 28
32 93 31 6 93 31 56 34 81 28 32 93 31 56 34 81 28
32 93 31 6 31 56 34 81 28 32 93 31 56 34 81 28
32 93 31 56 6 31 56 34 81 28 32 93 31 56 34 81 28

83 11 25 23 80 61 86 83 11 25 23 80 61 86
83 11 25 23 80 61 86 83 11 15 11 25 23 80 61 86
83 11 25 23 80 61 86 83 11 25 15 11 25 23 80 61 86
83 11 25 23 80 61 86 83 11 25 15 25 23 80 61 86
83 11 25 23 80 61 86 83 11 25 23 15 25 23 80 61 86
83 11 15 11 25 23 80 61 86 83 11 25 23 80 61 86
83 11 25 15 11 25 23 80 61 86 83 11 25 23 80 61 86
83 11 25 15 25 23 80 61 86 83 11 25 23 80 61 86
83 11 25 23 15 25 23 80 61 86 83 11 25 23 80 61 86

72 12 37 9 28 15 96 72 12 37 9 28 15 96
72 12 37 9 28 15 96 72 12 17 12 37 9 28 15 96
72 12 37 9 28 15 96 72 12 37 17 12 37 9 28 15 96
72 12 37 9 28 15 96 72 12 37 17 37 9 28 15 96
72 12 37 9 28 15 96 72 12 37 9 17 37 9 28 15 96
72 12 17 12 37 9 28 15 96 72 12 37 9 28 15 96
72 12 37 17 12 37 9 28 15 96 72 12 37 9 28 15 96
72 12 37 17 37 9 28 15 96 72 12 37 9 28 15 96
72 12 37 9 17 37 9 28 15 96 72 12 37 9 28 15 96

51 15 89 32 48 72 35 51 15 89 32 48 72 35
51 15 89 32 48 72 35 51 15 8 15 89 32 48 72 35
51 15 89 32 48 72 35 51 15 89 8 15 89 32 48 72 35
51 15 89 32 48 72 35 51 15 89 8 89 32 48 72 35
51 15 89 32 48 72 35 51 15 89 32 8 89 32 48 72 35
51 15 8 15 89 32 48 72 35 51 15 89 32 48 72 35
51 15 89 8 15 89 32 48 72 35 51 15 89 32 48 72 35
51 15 89 8 89 32 48 72 35 51 15 89 32 48 72 35
51 15 89 32 8 89 32 48 72 35 51 15 89 32 48 72 35

31 48 27 26 5 32 54 31 48 27 26 5 32 54
31 48 27 26 5 32 54 31 48 18 48 27 26 5 32 54
31 48 27 26 5 32 54 31 48 27 18 48 27 26 5 32 54
31 48 27 26 5 32 54 31 48 27 18 27 26 5 32 54
31 48 27 26 5 32 54 31 48 27 26 18 27 26 5 32 54
31 48 18 48 27 26 5 32 54 31 48 27 26 5 32 54
31 48 27 18 48 27 26 5 32 54 31 48 27 26 5 32 54
31 48 27 18 27 26 5 32 54 31 48 27 26 5 32 54
31 48 27 26 18 27 26 5 32 54 31 48 27 26 5 32 54

24 57 92 100 13 94 100 24 57 92 100 13 94 100
24 57 92 100 13 94 100 24 57 5 57 92 100 13 94 100
24 57 92 100 13 94 100 24 57 92 5 57 92 100 13 94 100
24 57 92 100 13 94 100 24 57 92 5 92 100 13 94 100
24 57 92 100 13 94 100 24 57 92 100 5 92 100 13 94 100
24 57 5 57 92 100 13 94 100 24 57 92 100 13 94 100
24 57 92 5 57 92 100 13 94 100 24 57 92 100 13 94 100
24 57 92 5 92 100 13 94 100 24 57 92 100 13 94 100
24 57 92 100 5 92 100 13 94 100 24 57 92 100 13 94 100

71 13 60 55 60 25 93 71 13 60 55 60 25 93
71 13 60 55 60 25 93 71 13 5 13 60 55 60 25 93
71 13 60 55 60 25 93 71 13 60 5 13 60 55 60 25 93
71 13 60 55 60 25 93 71 13 60 5 60 55 60 25 93
71 13 60 55 60 25 93 71 13 60 55 5 60 55 60 25 93
71 13 5 13 60 55 60 25 93 71 13 60 55 60 25 93
71 13 60 5 13 60 55 60 25 93 71 13 60 55 60 25 93
71 13 60 5 60 55 60 25 93 71 13 60 55 60 25 93
71 13 60 55 5 60 55 60 25 93 71 13 60 55 60 25 93

88 58 52 68 84 57 11 88 58 52 68 84 57 11
88 58 52 68 84 57 11 88 58 6 58 52 68 84 57 11
88 58 52 68 84 57 11 88 58 52 6 58 52 68 84 57 11
88 58 52 68 84 57 11 88 58 52 6 52 68 84 57 11
88 58 52 68 84 57 11 88 58 52 68 6 52 68 84 57 11
88 58 6 58 52 68 84 57 11 88 58 52 68 84 57 11
88 58 52 6 58 52 68 84 57 11 88 58 52 68 84 57 11
88 58 52 6 52 68 84 57 11 88 58 52 68 84 57 11
88 58 52 68 6 52 68 84 57 11 88 58 52 68 84 57 11

55 89 77 78 96 23 49 55 89 77 78 96 23 49
55 89 77 78 96 23 49 55 89 10 89 77 78 96 23 49
55 89 77 78 96 23 49 55 89 77 10 89 77 78 96 23 49
55 89 77 78 96 23 49 55 89 77 10 77 78 96 23 49
55 89 77 78 96 23 49 55 89 77 78 10 77 78 96 23 49
55 89 10 89 77 78 96 23 49 55 89 77 78 96 23 49
55 89 77 10 89 77 78 96 23 49 55 89 77 78 96 23 49
55 89 77 10 77 78 96 23 49 55 89 77 78 96 23 49
55 89 77 78 10 77 78 96 23 49 55 89 77 78 96 23 49

71 44 91 69 98 39 12 71 44 91 69 98 39 12
71 44 91 69 98 39 12 71 44 16 44 91 69 98 39 12
71 44 91 69 98 39 12 71 44 91 16 44 91 69 98 39 12
71 44 91 69 98 39 12 71 44 91 16 91 69 98 39 12
71 44 91 69 98 39 12 71 44 91 69 16 91 69 98 39 12
71 44 16 44 91 69 98 39 12 71 44 91 69 98 39 12
71 44 91 16 44 91 69 98 39 12 71 44 91 69 98 39 12
71 44 91 16 91 69 98 39 12 71 44 91 69 98 39 12
71 44 91 69 16 91 69 98 39 12 71 44 91 69 98 39 12

51 44 28 82 34 87 53 51 44 28 82 34 87 53
51 44 28 82 34 87 53 51 44 20 44 28 82 34 87 53
51 44 28 82 34 87 53 51 44 28 20 44 28 82 34 87 53
51 44 28 82 34 87 53 51 44 28 20 28 82 34 87 53
51 44 28 82 34 87 53 51 44 28 82 20 28 82 34 87 53
51 44 20 44 28 82 34 87 53 51 44 28 82 34 87 53
51 44 28 20 44 28 82 34 87 53 51 44 28 82 34 87 53
51 44 28 20 28 82 34 87 53 51 44 28 82 34 87 53
51 44 28 82 20 28 82 34 87 53 51 44 28 82 34 87 53

69 29 51 38 82 85 40 69 29 51 38 82 85 40
69 29 51 38 82 85 40 69 29 20 29 51 38 82 85 40
69 29 51 38 82 85 40 69 29 51 20 29 51 38 82 85 40
69 29 51 38 82 85 40 69 29 51 20 51 38 82 85 40
69 29 51 38 82 85 40 69 29 51 38 20 51 38 82 85 40
69 29 20 29 51 38 82 85 40 69 29 51 38 82 85 40
69 29 51 20 29 51 38 82 85 40 69 29 51 38 82 85 40
69 29 51 20 51 38 82 85 40 69 29 51 38 82 85 40
69 29 51 38 20 51 38 82 85 40 69 29 51 38 82 85 40

16 37 5 50 89 25 90 16 37 5 50 89 25 90
16 37 5 50 89 25 90 16 37 10 37 5 50 89 25 90
16 37 5 50 89 25 90 16 37 5 10 37 5 50 89 25 90
16 37 5 50 89 25 90 16 37 5 10 5 50 89 25 90
16 37 5 50 89 25 90 16 37 5 50 10 5 50 89 25 90
16 37 10 37 5 50 89 25 90 16 37 5 50 89 25 90
16 37 5 10 37 5 50 89 25 90 16 37 5 50 89 25 90
16 37 5 10 5 50 89 25 90 16 37 5 50 89 25 90
16 37 5 50 10 5 50 89 25 90 16 37 5 50 89 25 90

66 71 56 62 88 55 60 66 71 56 62 88 55 60
66 71 56 62 88 55 60 66 71 8 71 56 62 88 55 60
66 71 56 62 88 55 60 66 71 56 8 71 56 62 88 55 60
66 71 56 62 88 55 60 66 71 56 8 56 62 88 55 60
66 71 56 62 88 55 60 66 71 56 62 8 56 62 88 55 60
66 71 8 71 56 62 88 55 60 66 71 56 62 88 55 60
66 71 56 8 71 56 62 88 55 60 66 71 56 62 88 55 60
66 71 56 8 56 62 88 55 60 66 71 56 62 88 55 60
66 71 56 62 8 56 62 88 55 60 66 71 56 62 88 55 60

77 39 95 38 61 63 55 77 39 95 38 61 63 55
77 39 95 38 61 63 55 77 39 6 39 95 38 61 63 55
77 39 95 38 61 63 55 77 39 95 6 39 95 38 61 63 55
77 39 95 38 61 63 55 77 39 95 6 95 38 61 63 55
77 39 95 38 61 63 55 77 39 95 38 6 95 38 61 63 55
77 39 6 39 95 38 61 63 55 77 39 95 38 61 63 55
77 39 95 6 39 95 38 61 63 55 77 39 95 38 61 63 55
77 39 95 6 95 38 61 63 55 77 39 95 38 61 63 55
77 39 95 38 6 95 38 61 63 55 77 39 95 38 61 63 55

15 48 26 69 64 49 40 15 48 26 69 64 49 40
15 48 26 69 64 49 40 15 48 7 48 26 69 64 49 40
15 48 26 69 64 49 40 15 48 26 7 48 26 69 64 49 40
15 48 26 69 64 49 40 15 48 26 7 26 69 64 49 40
15 48 26 69 64 49 40 15 48 26 69 7 26 69 64 49 40
15 48 7 48 26 69 64 49 40 15 48 26 69 64 49 40
15 48 26 7 48 26 69 64 49 40 15 48 26 69 64 49 40
15 48 26 7 26 69 64 49 40 15 48 26 69 64 49 40
15 48 26 69 7 26 69 64 49 40 15 48 26 69 64 49 40

32 96 70 71 46 46 76 32 96 70 71 46 46 76
32 96 70 71 46 46 76 32 96 15 96 70 71 46 46 76
32 96 70 71 46 46 76 32 96 70 15 96 70 71 46 46 76
32 96 70 71 46 46 76 32 96 70 15 70 71 46 46 76
32 96 70 71 46 46 76 32 96 70 71 15 70 71 46 46 76
32 96 15 96 70 71 46 46 76 32 96 70 71 46 46 76
32 96 70 15 96 70 71 46 46 76 32 96 70 71 46 46 76
32 96 70 15 70 71 46 46 76 32 96 70 71 46 46 76
32 96 70 71 15 70 71 46 46 76 32 96 70 71 46 46 76

93 52 47 30 7 21 38 93 52 47 30 7 21 38
93 52 47 30 7 21 38 93 52 19 52 47 30 7 21 38
93 52 47 30 7 21 38 93 52 47 19 52 47 30 7 21 38
93 52 47 30 7 21 38 93 52 47 19 47 30 7 21 38
93 52 47 30 7 21 38 93 52 47 30 19 47 30 7 21 38
93 52 19 52 47 30 7 21 38 93 52 47 30 7 21 38
93 52 47 19 52 47 30 7 21 38 93 52 47 30 7 21 38
93 52 47 19 47 30 7 21 38 93 52 47 30 7 21 38
93 52 47 30 19 47 30 7 21 38 93 52 47 30 7 21 38

99 61 39 59 51 13 14 99 61 39 59 51 13 14
99 61 39 59 51 13 14 99 61 10 61 39 59 51 13 14
99 61 39 59 51 13 14 99 61 39 10 61 39 59 51 13 14
99 61 39 59 51 13 14 99 61 39 10 39 59 51 13 14
99 61 39 59 51 13 14 99 61 39 59 10 39 59 51 13 14
99 61 10 61 39 59 51 13 14 99 61 39 59 51 13 14
99 61 39 10 61 39 59 51 13 14 99 61 39 59 51 13 14
99 61 39 10 39 59 51 13 14 99 61 39 59 51 13 14
99 61 39 59 10 39 59 51 13 14 99 61 39 59 51 13 14

56 54 61 62 61 72 46 56 54 61 62 61 72 46
56 54 61 62 61 72 46 56 54 6 54 61 62 61 72 46
56 54 61 62 61 72 46 56 54 61 6 54 61 62 61 72 46
56 54 61 62 61 72 46 56 54 61 6 61 62 61 72 46
56 54 61 62 61 72 46 56 54 61 62 6 61 62 61 72 46
56 54 6 54 61 62 61 72 46 56 54 61 62 61 72 46
56 54 61 6 54 61 62 61 72 46 56 54 61 62 61 72 46
56 54 61 6 61 62 61 72 46 56 54 61 62 61 72 46
56 54 61 62 6 61 62 61 72 46 56 54 61 62 61 72 46

70 31 26 84 83 42 39 70 31 26 84 83 42 39
70 31 26 84 83 42 39 70 31 18 31 26 84 83 42 39
70 31 26 84 83 42 39 70 31 26 18 31 26 84 83 42 39
70 31 26 84 83 42 39 70 31 26 18 26 84 83 42 39
70 31 26 84 83 42 39 70 31 26 84 18 26 84 83 42 39
70 31 18 31 26 84 83 42 39 70 31 26 84 83 42 39
70 31 26 18 31 26 84 83 42 39 70 31 26 84 83 42 39
70 31 26 18 26 84 83 42 39 70 31 26 84 83 42 39
70 31 26 84 18 26 84 83 42 39 70 31 26 84 83 42 39

12 14 36 62 18 99 17 12 14 36 62 18 99 17
12 14 36 62 18 99 17 12 14 13 14 36 62 18 99 17
12 14 36 62 18 99 17 12 14 36 13 14 36 62 18 99 17
12 14 36 62 18 99 17 12 14 36 13 36 62 18 99 17
12 14 36 62 18 99 17 12 14 36 62 13 36 62 18 99 17
12 14 13 14 36 62 18 99 17 12 14 36 62 18 99 17
12 14 36 13 14 36 62 18 99 17 12 14 36 62 18 99 17
12 14 36 13 36 62 18 99 17 12 14 36 62 18 99 17
12 14 36 62 13 36 62 18 99 17 12 14 36 62 18 99 17

60 12 7 8 79 27 49 60 12 7 8 79 27 49
60 12 7 8 79 27 49 60 12 17 12 7 8 79 27 49
60 12 7 8 79 27 49 60 12 7 17 12 7 8 79 27 49
60 12 7 8 79 27 49 60 12 7 17 7 8 79 27 49
60 12 7 8 79 27 49 60 12 7 8 17 7 8 79 27 49
60 12 17 12 7 8 79 27 49 60 12 7 8 79 27 49
60 12 7 17 12 7 8 79 27 49 60 12 7 8 79 27 49
60 12 7 17 7 8 79 27 49 60 12 7 8 79 27 49
60 12 7 8 17 7 8 79 27 49 60 12 7 8 79 27 49

99 21 48 53 93 16 13 99 21 48 53 93 16 13
99 21 48 53 93 16 13 99 21 9 21 48 53 93 16 13
99 21 48 53 93 16 13 99 21 48 9 21 48 53 93 16 13
99 21 48 53 93 16 13 99 21 48 9 48 53 93 16 13
99 21 48 53 93 16 13 99 21 48 53 9 48 53 93 16 13
99 21 9 21 48 53 93 16 13 99 21 48 53 93 16 13
99 21 48 9 21 48 53 93 16 13 99 21 48 53 93 16 13
99 21 48 9 48 53 93 16 13 99 21 48 53 93 16 13
99 21 48 53 9 48 53 93 16 13 99 21 48 53 93 16 13

48 91 74 61 78 45 94 48 91 74 61 78 45 94
48 91 74 61 78 45 94 48 91 5 91 74 61 78 45 94
48 91 74 61 78 45 94 48 91 74 5 91 74 61 78 45 94
48 91 74 61 78 45 94 48 91 74 5 74 61 78 45 94
48 91 74 61 78 45 94 48 91 74 61 5 74 61 78 45 94
48 91 5 91 74 61 78 45 94 48 91 74 61 78 45 94
48 91 74 5 91 74 61 78 45 94 48 91 74 61 78 45 94
48 91 74 5 74 61 78 45 94 48 91 74 61 78 45 94
48 91 74 61 5 74 61 78 45 94 48 91 74 61 78 45 94

42 95 30 13 67 31 78 42 95 30 13 67 31 78
42 95 30 13 67 31 78 42 95 8 95 30 13 67 31 78
42 95 30 13 67 31 78 42 95 30 8 95 30 13 67 31 78
42 95 30 13 67 31 78 42 95 30 8 30 13 67 31 78
42 95 30 13 67 31 78 42 95 30 13 8 30 13 67 31 78
42 95 8 95 30 13 67 31 78 42 95 30 13 67 31 78
42 95 30 8 95 30 13 67 31 78 42 95 30 13 67 31 78
42 95 30 8 30 13 67 31 78 42 95 30 13 67 31 78
42 95 30 13 8 30 13 67 31 78 42 95 30 13 67 31 78

32 57 23 67 23 95 22 32 57 23 67 23 95 22
32 57 23 67 23 95 22 32 57 10 57 23 67 23 95 22
32 57 23 67 23 95 22 32 57 23 10 57 23 67 23 95 22
32 57 23 67 23 95 22 32 57 23 10 23 67 23 95 22
32 57 23 67 23 95 22 32 57 23 67 10 23 67 23 95 22
32 57 10 57 23 67 23 95 22 32 57 23 67 23 95 22
32 57 23 10 57 23 67 23 95 22 32 57 23 67 23 95 22
32 57 23 10 23 67 23 95 22 32 57 23 67 23 95 22
32 57 23 67 10 23 67 23 95 22 32 57 23 67 23 95 22

17 87 92 38 95 86 66 17 87 92 38 95 86 66
17 87 92 38 95 86 66 17 87 12 87 92 38 95 86 66
17 87 92 38 95 86 66 17 87 92 12 87 92 38 95 86 66
17 87 92 38 95 86 66 17 87 92 12 92 38 95 86 66
17 87 92 38 95 86 66 17 87 92 38 12 92 38 95 86 66
17 87 12 87 92 38 95 86 66 17 87 92 38 95 86 66
17 87 92 12 87 92 38 95 86 66 17 87 92 38 95 86 66
17 87 92 12 92 38 95 86 66 17 87 92 38 95 86 66
17 87 92 38 12 92 38 95 86 66 17 87 92 38 95 86 66

41 69 93 64 93 44 54 41 69 93 64 93 44 54
41 69 93 64 93 44 54 41 69 19 69 93 64 93 44 54
41 69 93 64 93 44 54 41 69 93 19 69 93 64 93 44 54
41 69 93 64 93 44 54 41 69 93 19 93 64 93 44 54
41 69 93 64 93 44 54 41 69 93 64 19 93 64 93 44 54
41 69 19 69 93 64 93 44 54 41 69 93 64 93 44 54
41 69 93 19 69 93 64 93 44 54 41 69 93 64 93 44 54
41 69 93 19 93 64 93 44 54 41 69 93 64 93 44 54
41 69 93 64 19 93 64 93 44 54 41 69 93 64 93 44 54

29 40 58 85 67 26 68 29 40 58 85 67 26 68
29 40 58 85 67 26 68 29 40 10 40 58 85 67 26 68
29 40 58 85 67 26 68 29 40 58 10 40 58 85 67 26 68
29 40 58 85 67 26 68 29 40 58 10 58 85 67 26 68
29 40 58 85 67 26 68 29 40 58 85 10 58 85 67 26 68
29 40 10 40 58 85 67 26 68 29 40 58 85 67 26 68
29 40 58 10 40 58 85 67 26 68 29 40 58 85 67 26 68
29 40 58 10 58 85 67 26 68 29 40 58 85 67 26 68
29 40 58 85 10 58 85 67 26 68 29 40 58 85 67 26 68

93 53 40 15 53 53 54 93 53 40 15 53 53 54
93 53 40 15 53 53 54 93 53 11 53 40 15 53 53 54
93 53 40 15 53 53 54 93 53 40 11 53 40 15 53 53 54
93 53 40 15 53 53 54 93 53 40 11 40 15 53 53 54
93 53 40 15 53 53 54 93 53 40 15 11 40 15 53 53 54
93 53 11 53 40 15 53 53 54 93 53 40 15 53 53 54
93 53 40 11 53 40 15 53 53 54 93 53 40 15 53 53 54
93 53 40 11 40 15 53 53 54 93 53 40 15 53 53 54
93 53 40 15 11 40 15 53 53 54 93 53 40 15 53 53 54

100 44 20 48 32 100 43 100 44 20 48 32 100 43
100 44 20 48 32 100 43 100 44 9 44 20 48 32 100 43
100 44 20 48 32 100 43 100 44 20 9 44 20 48 32 100 43
100 44 20 48 32 100 43 100 44 20 9 20 48 32 100 43
100 44 20 48 32 100 43 100 44 20 48 9 20 48 32 100 43
100 44 9 44 20 48 32 100 43 100 44 20 48 32 100 43
100 44 20 9 44 20 48 32 100 43 100 44 20 48 32 100 43
100 44 20 9 20 48 32 100 43 100 44 20 48 32 100 43
100 44 20 48 9 20 48 32 100 43 100 44 20 48 32 100 43

74 32 38 34 100 79 94 74 32 38 34 100 79 94
74 32 38 34 100 79 94 74 32 10 32 38 34 100 79 94
74 32 38 34 100 79 94 74 32 38 10 32 38 34 100 79 94
74 32 38 34 100 79 94 74 32 38 10 38 34 100 79 94
74 32 38 34 100 79 94 74 32 38 34 10 38 34 100 79 94
74 32 10 32 38 34 100 79 94 74 32 38 34 100 79 94
74 32 38 10 32 38 34 100 79 94 74 32 38 34 100 79 94
74 32 38 10 38 34 100 79 94 74 32 38 34 100 79 94
74 32 38 34 10 38 34 100 79 94 74 32 38 34 100 79 94

15 65 56 58 68 27 52 15 65 56 58 68 27 52
15 65 56 58 68 27 52 15 65 11 65 56 58 68 27 52
15 65 56 58 68 27 52 15 65 56 11 65 56 58 68 27 52
15 65 56 58 68 27 52 15 65 56 11 56 58 68 27 52
15 65 56 58 68 27 52 15 65 56 58 11 56 58 68 27 52
15 65 11 65 56 58 68 27 52 15 65 56 58 68 27 52
15 65 56 11 65 56 58 68 27 52 15 65 56 58 68 27 52
15 65 56 11 56 58 68 27 52 15 65 56 58 68 27 52
15 65 56 58 11 56 58 68 27 52 15 65 56 58 68 27 52

56 99 38 51 35 27 10 56 99 38 51 35 27 10
56 99 38 51 35 27 10 56 99 19 99 38 51 35 27 10
56 99 38 51 35 27 10 56 99 38 19 99 38 51 35 27 10
56 99 38 51 35 27 10 56 99 38 19 38 51 35 27 10
56 99 38 51 35 27 10 56 99 38 51 19 38 51 35 27 10
56 99 19 99 38 51 35 27 10 56 99 38 51 35 27 10
56 99 38 19 99 38 51 35 27 10 56 99 38 51 35 27 10
56 99 38 19 38 51 35 27 10 56 99 38 51 35 27 10
56 99 38 51 19 38 51 35 27 10 56 99 38 51 35 27 10

68 48 90 64 17 75 75 68 48 90 64 17 75 75
68 48 90 64 17 75 75 68 48 7 48 90 64 17 75 75
68 48 90 64 17 75 75 68 48 90 7 48 90 64 17 75 75
68 48 90 64 17 75 75 68 48 90 7 90 64 17 75 75
68 48 90 64 17 75 75 68 48 90 64 7 90 64 17 75 75
68 48 7 48 90 64 17 75 75 68 48 90 64 17 75 75
68 48 90 7 48 90 64 17 75 75 68 48 90 64 17 75 75
68 48 90 7 90 64 17 75 75 68 48 90 64 17 75 75
68 48 90 64 7 90 64 17 75 75 68 48 90 64 17 75 75

86 44 21 89 8 52 45 86 44 21 89 8 52 45
86 44 21 89 8 52 45 86 44 13 44 21 89 8 52 45
86 44 21 89 8 52 45 86 44 21 13 44 21 89 8 52 45
86 44 21 89 8 52 45 86 44 21 13 21 89 8 52 45
86 44 21 89 8 52 45 86 44 21 89 13 21 89 8 52 45
86 44 13 44 21 89 8 52 45 86 44 21 89 8 52 45
86 44 21 13 44 21 89 8 52 45 86 44 21 89 8 52 45
86 44 21 13 21 89 8 52 45 86 44 21 89 8 52 45
86 44 21 89 13 21 89 8 52 45 86 44 21 89 8 52 45

