100
7
2
2

4
26
20
25
15
11
16
14
23
6
11
8
10
12
1
7
16
13
16
15
10
0
24
10
5
3
7
22
10
9
2
30
21
21
15
1
21
24
2
14
26
19
0
4
9
12
10
26
14
13
5
9
20
29
10
22
24
25
6
23
30
25
5
19
15
11
23
16
5
20
20
15
19
14
11
4
23
11
16
20
7
1
22
21
17
9
4
22
27
2
29
30
16
29
28
7
15
24
24
0

64 107 
39 92 
102 31 
72 92 
42 35 
101 71 
30 109 
84 20 
63 89 
47 20 
109 73 
53 103 
87 68 
98 99 
91 87 
86 80 
75 91 
31 107 
75 29 
50 44 
42 57 
81 43 
23 55 
26 104 
34 16 
101 22 
60 25 
21 48 
68 86 
57 96 
105 65 
66 115 
36 79 
20 61 
77 22 
25 114 
79 53 
72 43 
88 113 
91 32 
88 91 
88 67 
52 42 
63 61 
64 92 
70 39 
33 55 
65 79 
55 112 
66 71 
92 93 
70 97 
51 21 
30 29 
33 100 
23 72 
30 100 
16 23 
36 73 
96 74 
32 107 
22 79 
80 48 
98 100 
73 97 
105 73 
30 97 
28 78 
62 104 
46 84 
62 62 
59 39 
86 107 
20 64 
72 103 
93 108 
58 22 
48 70 
34 79 
91 61 
25 24 
54 62 
76 23 
33 31 
74 50 
45 92 
73 85 
45 104 
13 37 
112 55 
45 94 
54 31 
20 81 
88 22 
35 90 
24 85 
28 56 
57 70 
86 46 
20 12 

1641
1915
2419
1762
1334
1483
1637
1342
2497
2026
2360
1965
2293
2316
2484
2124
2036
1845
1854
1446
2185
1444
1491
1801
1581
2225
933
1431
1671
2186
2159
2604
1604
2310
1005
2042
1785
1492
2190
1346
2608
2573
2060
1922
2125
1520
1475
2206
1775
1387
2175
2051
1194
1080
2063
1862
1405
1211
1153
2205
2215
1468
1585
2609
2486
1710
1377
1489
2007
2344
2397
1373
2614
1796
2176
1996
1498
1998
1902
2112
1124
1649
2039
1470
1761
1919
2179
2023
1273
2394
2075
2254
1717
1642
2200
1457
1696
1958
1808
944

1 2 3 4 5 1 2 3 4 5 6 7
1 2 3 4 5 1 2 100 102 3 4 5 6 7
1 2 3 4 5 1 2 3 100 102 103 4 5 6 7
1 2 3 4 5 1 2 3 100 103 4 5 6 7
1 2 3 4 5 1 2 3 4 100 103 104 5 6 7
1 2 100 102 3 4 5 1 2 3 4 5 6 7
1 2 3 100 102 103 4 5 1 2 3 4 5 6 7
1 2 3 100 103 4 5 1 2 3 4 5 6 7
1 2 3 4 100 103 104 5 1 2 3 4 5 6 7

29 38 47 97 42 6 53 29 38 47 97 42 6 53
29 38 47 97 42 6 53 29 38 9 38 47 97 42 6 53
29 38 47 97 42 6 53 29 38 47 9 38 47 97 42 6 53
29 38 47 97 42 6 53 29 38 47 9 47 97 42 6 53
29 38 47 97 42 6 53 29 38 47 97 9 47 97 42 6 53
29 38 9 38 47 97 42 6 53 29 38 47 97 42 6 53
29 38 47 9 38 47 97 42 6 53 29 38 47 97 42 6 53
29 38 47 9 47 97 42 6 53 29 38 47 97 42 6 53
29 38 47 97 9 47 97 42 6 53 29 38 47 97 42 6 53

25 84 33 76 79 12 48 25 84 33 76 79 12 48
25 84 33 76 79 12 48 25 84 14 84 33 76 79 12 48
25 84 33 76 79 12 48 25 84 33 14 84 33 76 79 12 48
25 84 33 76 79 12 48 25 84 33 14 33 76 79 12 48
25 84 33 76 79 12 48 25 84 33 76 14 33 76 79 12 48
25 84 14 84 33 76 79 12 48 25 84 33 76 79 12 48
25 84 33 14 84 33 76 79 12 48 25 84 33 76 79 12 48
25 84 33 14 33 76 79 12 48 25 84 33 76 79 12 48
25 84 33 76 14 33 76 79 12 48 25 84 33 76 79 12 48

76 96 89 13 71 67 78 76 96 89 13 71 67 78
76 96 89 13 71 67 78 76 96 12 96 89 13 71 67 78
76 96 89 13 71 67 78 76 96 89 12 96 89 13 71 67 78
76 96 89 13 71 67 78 76 96 89 12 89 13 71 67 78
76 96 89 13 71 67 78 76 96 89 13 12 89 13 71 67 78
76 96 12 96 89 13 71 67 78 76 96 89 13 71 67 78
76 96 89 12 96 89 13 71 67 78 76 96 89 13 71 67 78
76 96 89 12 89 13 71 67 78 76 96 89 13 71 67 78
76 96 89 13 12 89 13 71 67 78 76 96 89 13 71 67 78

87 34 65 78 6 14 47 87 34 65 78 6 14 47
87 34 65 78 6 14 47 87 34 5 34 65 78 6 14 47
87 34 65 78 6 14 47 87 34 65 5 34 65 78 6 14 47
87 34 65 78 6 14 47 87 34 65 5 65 78 6 14 47
87 34 65 78 6 14 47 87 34 65 78 5 65 78 6 14 47
87 34 5 34 65 78 6 14 47 87 34 65 78 6 14 47
87 34 65 5 34 65 78 6 14 47 87 34 65 78 6 14 47
87 34 65 5 65 78 6 14 47 87 34 65 78 6 14 47
87 34 65 78 5 65 78 6 14 47 87 34 65 78 6 14 47

88 11 23 19 32 54 63 88 11 23 19 32 54 63
88 11 23 19 32 54 63 88 11 20 11 23 19 32 54 63
88 11 23 19 32 54 63 88 11 23 20 11 23 19 32 54 63
88 11 23 19 32 54 63 88 11 23 20 23 19 32 54 63
88 11 23 19 32 54 63 88 11 23 19 20 23 19 32 54 63
88 11 20 11 23 19 32 54 63 88 11 23 19 32 54 63
88 11 23 20 11 23 19 32 54 63 88 11 23 19 32 54 63
88 11 23 20 23 19 32 54 63 88 11 23 19 32 54 63
88 11 23 19 20 23 19 32 54 63 88 11 23 19 32 54 63

19 11 85 59 46 56 10 19 11 85 59 46 56 10
19 11 85 59 46 56 10 19 11 20 11 85 59 46 56 10
19 11 85 59 46 56 10 19 11 85 20 11 85 59 46 56 10
19 11 85 59 46 56 10 19 11 85 20 85 59 46 56 10
19 11 85 59 46 56 10 19 11 85 59 20 85 59 46 56 10
19 11 20 11 85 59 46 56 10 19 11 85 59 46 56 10
19 11 85 20 11 85 59 46 56 10 19 11 85 59 46 56 10
19 11 85 20 85 59 46 56 10 19 11 85 59 46 56 10
19 11 85 59 20 85 59 46 56 10 19 11 85 59 46 56 10

6 15 20 95 85 98 22 6 15 20 95 85 98 22
6 15 20 95 85 98 22 6 15 16 15 20 95 85 98 22
6 15 20 95 85 98 22 6 15 20 16 15 20 95 85 98 22
6 15 20 95 85 98 22 6 15 20 16 20 95 85 98 22
6 15 20 95 85 98 22 6 15 20 95 16 20 95 85 98 22
6 15 16 15 20 95 85 98 22 6 15 20 95 85 98 22
6 15 20 16 15 20 95 85 98 22 6 15 20 95 85 98 22
6 15 20 16 20 95 85 98 22 6 15 20 95 85 98 22
6 15 20 95 16 20 95 85 98 22 6 15 20 95 85 98 22

17 23 76 10 18 99 74 17 23 76 10 18 99 74
17 23 76 10 18 99 74 17 23 9 23 76 10 18 99 74
17 23 76 10 18 99 74 17 23 76 9 23 76 10 18 99 74
17 23 76 10 18 99 74 17 23 76 9 76 10 18 99 74
17 23 76 10 18 99 74 17 23 76 10 9 76 10 18 99 74
17 23 9 23 76 10 18 99 74 17 23 76 10 18 99 74
17 23 76 9 23 76 10 18 99 74 17 23 76 10 18 99 74
17 23 76 9 76 10 18 99 74 17 23 76 10 18 99 74
17 23 76 10 9 76 10 18 99 74 17 23 76 10 18 99 74

91 41 57 72 95 50 76 91 41 57 72 95 50 76
91 41 57 72 95 50 76 91 41 14 41 57 72 95 50 76
91 41 57 72 95 50 76 91 41 57 14 41 57 72 95 50 76
91 41 57 72 95 50 76 91 41 57 14 57 72 95 50 76
91 41 57 72 95 50 76 91 41 57 72 14 57 72 95 50 76
91 41 14 41 57 72 95 50 76 91 41 57 72 95 50 76
91 41 57 14 41 57 72 95 50 76 91 41 57 72 95 50 76
91 41 57 14 57 72 95 50 76 91 41 57 72 95 50 76
91 41 57 72 14 57 72 95 50 76 91 41 57 72 95 50 76

91 65 30 13 88 28 90 91 65 30 13 88 28 90
91 65 30 13 88 28 90 91 65 6 65 30 13 88 28 90
91 65 30 13 88 28 90 91 65 30 6 65 30 13 88 28 90
91 65 30 13 88 28 90 91 65 30 6 30 13 88 28 90
91 65 30 13 88 28 90 91 65 30 13 6 30 13 88 28 90
91 65 6 65 30 13 88 28 90 91 65 30 13 88 28 90
91 65 30 6 65 30 13 88 28 90 91 65 30 13 88 28 90
91 65 30 6 30 13 88 28 90 91 65 30 13 88 28 90
91 65 30 13 6 30 13 88 28 90 91 65 30 13 88 28 90

88 56 95 54 52 33 82 88 56 95 54 52 33 82
88 56 95 54 52 33 82 88 56 5 56 95 54 52 33 82
88 56 95 54 52 33 82 88 56 95 5 56 95 54 52 33 82
88 56 95 54 52 33 82 88 56 95 5 95 54 52 33 82
88 56 95 54 52 33 82 88 56 95 54 5 95 54 52 33 82
88 56 5 56 95 54 52 33 82 88 56 95 54 52 33 82
88 56 95 5 56 95 54 52 33 82 88 56 95 54 52 33 82
88 56 95 5 95 54 52 33 82 88 56 95 54 52 33 82
88 56 95 54 5 95 54 52 33 82 88 56 95 54 52 33 82

11 38 44 86 79 81 76 11 38 44 86 79 81 76
11 38 44 86 79 81 76 11 38 20 38 44 86 79 81 76
11 38 44 86 79 81 76 11 38 44 20 38 44 86 79 81 76
11 38 44 86 79 81 76 11 38 44 20 44 86 79 81 76
11 38 44 86 79 81 76 11 38 44 86 20 44 86 79 81 76
11 38 20 38 44 86 79 81 76 11 38 44 86 79 81 76
11 38 44 20 38 44 86 79 81 76 11 38 44 86 79 81 76
11 38 44 20 44 86 79 81 76 11 38 44 86 79 81 76
11 38 44 86 20 44 86 79 81 76 11 38 44 86 79 81 76

66 14 70 61 92 81 98 66 14 70 61 92 81 98
66 14 70 61 92 81 98 66 14 11 14 70 61 92 81 98
66 14 70 61 92 81 98 66 14 70 11 14 70 61 92 81 98
66 14 70 61 92 81 98 66 14 70 11 70 61 92 81 98
66 14 70 61 92 81 98 66 14 70 61 11 70 61 92 81 98
66 14 11 14 70 61 92 81 98 66 14 70 61 92 81 98
66 14 70 11 14 70 61 92 81 98 66 14 70 61 92 81 98
66 14 70 11 70 61 92 81 98 66 14 70 61 92 81 98
66 14 70 61 11 70 61 92 81 98 66 14 70 61 92 81 98

81 53 86 84 21 45 94 81 53 86 84 21 45 94
81 53 86 84 21 45 94 81 53 6 53 86 84 21 45 94
81 53 86 84 21 45 94 81 53 86 6 53 86 84 21 45 94
81 53 86 84 21 45 94 81 53 86 6 86 84 21 45 94
81 53 86 84 21 45 94 81 53 86 84 6 86 84 21 45 94
81 53 6 53 86 84 21 45 94 81 53 86 84 21 45 94
81 53 86 6 53 86 84 21 45 94 81 53 86 84 21 45 94
81 53 86 6 86 84 21 45 94 81 53 86 84 21 45 94
81 53 86 84 6 86 84 21 45 94 81 53 86 84 21 45 94

100 76 85 82 34 82 25 100 76 85 82 34 82 25
100 76 85 82 34 82 25 100 76 17 76 85 82 34 82 25
100 76 85 82 34 82 25 100 76 85 17 76 85 82 34 82 25
100 76 85 82 34 82 25 100 76 85 17 85 82 34 82 25
100 76 85 82 34 82 25 100 76 85 82 17 85 82 34 82 25
100 76 17 76 85 82 34 82 25 100 76 85 82 34 82 25
100 76 85 17 76 85 82 34 82 25 100 76 85 82 34 82 25
100 76 85 17 85 82 34 82 25 100 76 85 82 34 82 25
100 76 85 82 17 85 82 34 82 25 100 76 85 82 34 82 25

91 63 81 73 21 41 35 91 63 81 73 21 41 35
91 63 81 73 21 41 35 91 63 5 63 81 73 21 41 35
91 63 81 73 21 41 35 91 63 81 5 63 81 73 21 41 35
91 63 81 73 21 41 35 91 63 81 5 81 73 21 41 35
91 63 81 73 21 41 35 91 63 81 73 5 81 73 21 41 35
91 63 5 63 81 73 21 41 35 91 63 81 73 21 41 35
91 63 81 5 63 81 73 21 41 35 91 63 81 73 21 41 35
91 63 81 5 81 73 21 41 35 91 63 81 73 21 41 35
91 63 81 73 5 81 73 21 41 35 91 63 81 73 21 41 35

31 88 56 75 17 79 86 31 88 56 75 17 79 86
31 88 56 75 17 79 86 31 88 18 88 56 75 17 79 86
31 88 56 75 17 79 86 31 88 56 18 88 56 75 17 79 86
31 88 56 75 17 79 86 31 88 56 18 56 75 17 79 86
31 88 56 75 17 79 86 31 88 56 75 18 56 75 17 79 86
31 88 18 88 56 75 17 79 86 31 88 56 75 17 79 86
31 88 56 18 88 56 75 17 79 86 31 88 56 75 17 79 86
31 88 56 18 56 75 17 79 86 31 88 56 75 17 79 86
31 88 56 75 18 56 75 17 79 86 31 88 56 75 17 79 86

50 80 11 87 23 48 91 50 80 11 87 23 48 91
50 80 11 87 23 48 91 50 80 5 80 11 87 23 48 91
50 80 11 87 23 48 91 50 80 11 5 80 11 87 23 48 91
50 80 11 87 23 48 91 50 80 11 5 11 87 23 48 91
50 80 11 87 23 48 91 50 80 11 87 5 11 87 23 48 91
50 80 5 80 11 87 23 48 91 50 80 11 87 23 48 91
50 80 11 5 80 11 87 23 48 91 50 80 11 87 23 48 91
50 80 11 5 11 87 23 48 91 50 80 11 87 23 48 91
50 80 11 87 5 11 87 23 48 91 50 80 11 87 23 48 91

79 44 65 24 50 55 47 79 44 65 24 50 55 47
79 44 65 24 50 55 47 79 44 18 44 65 24 50 55 47
79 44 65 24 50 55 47 79 44 65 18 44 65 24 50 55 47
79 44 65 24 50 55 47 79 44 65 18 65 24 50 55 47
79 44 65 24 50 55 47 79 44 65 24 18 65 24 50 55 47
79 44 18 44 65 24 50 55 47 79 44 65 24 50 55 47
79 44 65 18 44 65 24 50 55 47 79 44 65 24 50 55 47
79 44 65 18 65 24 50 55 47 79 44 65 24 50 55 47
79 44 65 24 18 65 24 50 55 47 79 44 65 24 50 55 47

14 99 31 36 18 19 71 14 99 31 36 18 19 71
14 99 31 36 18 19 71 14 99 5 99 31 36 18 19 71
14 99 31 36 18 19 71 14 99 31 5 99 31 36 18 19 71
14 99 31 36 18 19 71 14 99 31 5 31 36 18 19 71
14 99 31 36 18 19 71 14 99 31 36 5 31 36 18 19 71
14 99 5 99 31 36 18 19 71 14 99 31 36 18 19 71
14 99 31 5 99 31 36 18 19 71 14 99 31 36 18 19 71
14 99 31 5 31 36 18 19 71 14 99 31 36 18 19 71
14 99 31 36 5 31 36 18 19 71 14 99 31 36 18 19 71

100 92 30 42 89 22 33 100 92 30 42 89 22 33
100 92 30 42 89 22 33 100 92 20 92 30 42 89 22 33
100 92 30 42 89 22 33 100 92 30 20 92 30 42 89 22 33
100 92 30 42 89 22 33 100 92 30 20 30 42 89 22 33
100 92 30 42 89 22 33 100 92 30 42 20 30 42 89 22 33
100 92 20 92 30 42 89 22 33 100 92 30 42 89 22 33
100 92 30 20 92 30 42 89 22 33 100 92 30 42 89 22 33
100 92 30 20 30 42 89 22 33 100 92 30 42 89 22 33
100 92 30 42 20 30 42 89 22 33 100 92 30 42 89 22 33

16 38 73 33 65 17 37 16 38 73 33 65 17 37
16 38 73 33 65 17 37 16 38 9 38 73 33 65 17 37
16 38 73 33 65 17 37 16 38 73 9 38 73 33 65 17 37
16 38 73 33 65 17 37 16 38 73 9 73 33 65 17 37
16 38 73 33 65 17 37 16 38 73 33 9 73 33 65 17 37
16 38 9 38 73 33 65 17 37 16 38 73 33 65 17 37
16 38 73 9 38 73 33 65 17 37 16 38 73 33 65 17 37
16 38 73 9 73 33 65 17 37 16 38 73 33 65 17 37
16 38 73 33 9 73 33 65 17 37 16 38 73 33 65 17 37

70 81 8 48 15 25 40 70 81 8 48 15 25 40
70 81 8 48 15 25 40 70 81 7 81 8 48 15 25 40
70 81 8 48 15 25 40 70 81 8 7 81 8 48 15 25 40
70 81 8 48 15 25 40 70 81 8 7 8 48 15 25 40
70 81 8 48 15 25 40 70 81 8 48 7 8 48 15 25 40
70 81 7 81 8 48 15 25 40 70 81 8 48 15 25 40
70 81 8 7 81 8 48 15 25 40 70 81 8 48 15 25 40
70 81 8 7 8 48 15 25 40 70 81 8 48 15 25 40
70 81 8 48 7 8 48 15 25 40 70 81 8 48 15 25 40

17 53 7 89 87 22 78 17 53 7 89 87 22 78
17 53 7 89 87 22 78 17 53 19 53 7 89 87 22 78
17 53 7 89 87 22 78 17 53 7 19 53 7 89 87 22 78
17 53 7 89 87 22 78 17 53 7 19 7 89 87 22 78
17 53 7 89 87 22 78 17 53 7 89 19 7 89 87 22 78
17 53 19 53 7 89 87 22 78 17 53 7 89 87 22 78
17 53 7 19 53 7 89 87 22 78 17 53 7 89 87 22 78
17 53 7 19 7 89 87 22 78 17 53 7 89 87 22 78
17 53 7 89 19 7 89 87 22 78 17 53 7 89 87 22 78

18 83 21 6 95 23 82 18 83 21 6 95 23 82
18 83 21 6 95 23 82 18 83 9 83 21 6 95 23 82
18 83 21 6 95 23 82 18 83 21 9 83 21 6 95 23 82
18 83 21 6 95 23 82 18 83 21 9 21 6 95 23 82
18 83 21 6 95 23 82 18 83 21 6 9 21 6 95 23 82
18 83 9 83 21 6 95 23 82 18 83 21 6 95 23 82
18 83 21 9 83 21 6 95 23 82 18 83 21 6 95 23 82
18 83 21 9 21 6 95 23 82 18 83 21 6 95 23 82
18 83 21 6 9 21 6 95 23 82 18 83 21 6 95 23 82

79 48 85 9 95 64 77 79 48 85 9 95 64 77
79 48 85 9 95 64 77 79 48 20 48 85 9 95 64 77
79 48 85 9 95 64 77 79 48 85 20 48 85 9 95 64 77
79 48 85 9 95 64 77 79 48 85 20 85 9 95 64 77
79 48 85 9 95 64 77 79 48 85 9 20 85 9 95 64 77
79 48 20 48 85 9 95 64 77 79 48 85 9 95 64 77
79 48 85 20 48 85 9 95 64 77 79 48 85 9 95 64 77
79 48 85 20 85 9 95 64 77 79 48 85 9 95 64 77
79 48 85 9 20 85 9 95 64 77 79 48 85 9 95 64 77

7 37 55 9 10 62 17 7 37 55 9 10 62 17
7 37 55 9 10 62 17 7 37 19 37 55 9 10 62 17
7 37 55 9 10 62 17 7 37 55 19 37 55 9 10 62 17
7 37 55 9 10 62 17 7 37 55 19 55 9 10 62 17
7 37 55 9 10 62 17 7 37 55 9 19 55 9 10 62 17
7 37 19 37 55 9 10 62 17 7 37 55 9 10 62 17
7 37 55 19 37 55 9 10 62 17 7 37 55 9 10 62 17
7 37 55 19 55 9 10 62 17 7 37 55 9 10 62 17
7 37 55 9 19 55 9 10 62 17 7 37 55 9 10 62 17

15 74 10 34 85 28 13 15 74 10 34 85 28 13
15 74 10 34 85 28 13 15 74 7 74 10 34 85 28 13
15 74 10 34 85 28 13 15 74 10 7 74 10 34 85 28 13
15 74 10 34 85 28 13 15 74 10 7 10 34 85 28 13
15 74 10 34 85 28 13 15 74 10 34 7 10 34 85 28 13
15 74 7 74 10 34 85 28 13 15 74 10 34 85 28 13
15 74 10 7 74 10 34 85 28 13 15 74 10 34 85 28 13
15 74 10 7 10 34 85 28 13 15 74 10 34 85 28 13
15 74 10 34 7 10 34 85 28 13 15 74 10 34 85 28 13

82 16 48 69 38 15 47 82 16 48 69 38 15 47
82 16 48 69 38 15 47 82 16 10 16 48 69 38 15 47
82 16 48 69 38 15 47 82 16 48 10 16 48 69 38 15 47
82 16 48 69 38 15 47 82 16 48 10 48 69 38 15 47
82 16 48 69 38 15 47 82 16 48 69 10 48 69 38 15 47
82 16 10 16 48 69 38 15 47 82 16 48 69 38 15 47
82 16 48 10 16 48 69 38 15 47 82 16 48 69 38 15 47
82 16 48 10 48 69 38 15 47 82 16 48 69 38 15 47
82 16 48 69 10 48 69 38 15 47 82 16 48 69 38 15 47

51 72 38 90 61 31 86 51 72 38 90 61 31 86
51 72 38 90 61 31 86 51 72 8 72 38 90 61 31 86
51 72 38 90 61 31 86 51 72 38 8 72 38 90 61 31 86
51 72 38 90 61 31 86 51 72 38 8 38 90 61 31 86
51 72 38 90 61 31 86 51 72 38 90 8 38 90 61 31 86
51 72 8 72 38 90 61 31 86 51 72 38 90 61 31 86
51 72 38 8 72 38 90 61 31 86 51 72 38 90 61 31 86
51 72 38 8 38 90 61 31 86 51 72 38 90 61 31 86
51 72 38 90 8 38 90 61 31 86 51 72 38 90 61 31 86

39 54 88 52 86 41 74 39 54 88 52 86 41 74
39 54 88 52 86 41 74 39 54 18 54 88 52 86 41 74
39 54 88 52 86 41 74 39 54 88 18 54 88 52 86 41 74
39 54 88 52 86 41 74 39 54 88 18 88 52 86 41 74
39 54 88 52 86 41 74 39 54 88 52 18 88 52 86 41 74
39 54 18 54 88 52 86 41 74 39 54 88 52 86 41 74
39 54 88 18 54 88 52 86 41 74 39 54 88 52 86 41 74
39 54 88 18 88 52 86 41 74 39 54 88 52 86 41 74
39 54 88 52 18 88 52 86 41 74 39 54 88 52 86 41 74

59 95 57 96 86 57 51 59 95 57 96 86 57 51
59 95 57 96 86 57 51 59 95 5 95 57 96 86 57 51
59 95 57 96 86 57 51 59 95 57 5 95 57 96 86 57 51
59 95 57 96 86 57 51 59 95 57 5 57 96 86 57 51
59 95 57 96 86 57 51 59 95 57 96 5 57 96 86 57 51
59 95 5 95 57 96 86 57 51 59 95 57 96 86 57 51
59 95 57 5 95 57 96 86 57 51 59 95 57 96 86 57 51
59 95 57 5 57 96 86 57 51 59 95 57 96 86 57 51
59 95 57 96 5 57 96 86 57 51 59 95 57 96 86 57 51

27 13 31 67 71 31 97 27 13 31 67 71 31 97
27 13 31 67 71 31 97 27 13 18 13 31 67 71 31 97
27 13 31 67 71 31 97 27 13 31 18 13 31 67 71 31 97
27 13 31 67 71 31 97 27 13 31 18 31 67 71 31 97
27 13 31 67 71 31 97 27 13 31 67 18 31 67 71 31 97
27 13 18 13 31 67 71 31 97 27 13 31 67 71 31 97
27 13 31 18 13 31 67 71 31 97 27 13 31 67 71 31 97
27 13 31 18 31 67 71 31 97 27 13 31 67 71 31 97
27 13 31 67 18 31 67 71 31 97 27 13 31 67 71 31 97

98 77 15 41 97 57 85 98 77 15 41 97 57 85
98 77 15 41 97 57 85 98 77 13 77 15 41 97 57 85
98 77 15 41 97 57 85 98 77 15 13 77 15 41 97 57 85
98 77 15 41 97 57 85 98 77 15 13 15 41 97 57 85
98 77 15 41 97 57 85 98 77 15 41 13 15 41 97 57 85
98 77 13 77 15 41 97 57 85 98 77 15 41 97 57 85
98 77 15 13 77 15 41 97 57 85 98 77 15 41 97 57 85
98 77 15 13 15 41 97 57 85 98 77 15 41 97 57 85
98 77 15 41 13 15 41 97 57 85 98 77 15 41 97 57 85

14 7 63 17 10 68 54 14 7 63 17 10 68 54
14 7 63 17 10 68 54 14 7 11 7 63 17 10 68 54
14 7 63 17 10 68 54 14 7 63 11 7 63 17 10 68 54
14 7 63 17 10 68 54 14 7 63 11 63 17 10 68 54
14 7 63 17 10 68 54 14 7 63 17 11 63 17 10 68 54
14 7 11 7 63 17 10 68 54 14 7 63 17 10 68 54
14 7 63 11 7 63 17 10 68 54 14 7 63 17 10 68 54
14 7 63 11 63 17 10 68 54 14 7 63 17 10 68 54
14 7 63 17 11 63 17 10 68 54 14 7 63 17 10 68 54

49 93 19 97 53 8 86 49 93 19 97 53 8 86
49 93 19 97 53 8 86 49 93 10 93 19 97 53 8 86
49 93 19 97 53 8 86 49 93 19 10 93 19 97 53 8 86
49 93 19 97 53 8 86 49 93 19 10 19 97 53 8 86
49 93 19 97 53 8 86 49 93 19 97 10 19 97 53 8 86
49 93 10 93 19 97 53 8 86 49 93 19 97 53 8 86
49 93 19 10 93 19 97 53 8 86 49 93 19 97 53 8 86
49 93 19 10 19 97 53 8 86 49 93 19 97 53 8 86
49 93 19 97 10 19 97 53 8 86 49 93 19 97 53 8 86

76 23 72 44 33 98 22 76 23 72 44 33 98 22
76 23 72 44 33 98 22 76 23 7 23 72 44 33 98 22
76 23 72 44 33 98 22 76 23 72 7 23 72 44 33 98 22
76 23 72 44 33 98 22 76 23 72 7 72 44 33 98 22
76 23 72 44 33 98 22 76 23 72 44 7 72 44 33 98 22
76 23 7 23 72 44 33 98 22 76 23 72 44 33 98 22
76 23 72 7 23 72 44 33 98 22 76 23 72 44 33 98 22
76 23 72 7 72 44 33 98 22 76 23 72 44 33 98 22
76 23 72 44 7 72 44 33 98 22 76 23 72 44 33 98 22

36 88 52 30 14 12 59 36 88 52 30 14 12 59
36 88 52 30 14 12 59 36 88 8 88 52 30 14 12 59
36 88 52 30 14 12 59 36 88 52 8 88 52 30 14 12 59
36 88 52 30 14 12 59 36 88 52 8 52 30 14 12 59
36 88 52 30 14 12 59 36 88 52 30 8 52 30 14 12 59
36 88 8 88 52 30 14 12 59 36 88 52 30 14 12 59
36 88 52 8 88 52 30 14 12 59 36 88 52 30 14 12 59
36 88 52 8 52 30 14 12 59 36 88 52 30 14 12 59
36 88 52 30 8 52 30 14 12 59 36 88 52 30 14 12 59

13 85 81 97 51 77 19 13 85 81 97 51 77 19
13 85 81 97 51 77 19 13 85 6 85 81 97 51 77 19
13 85 81 97 51 77 19 13 85 81 6 85 81 97 51 77 19
13 85 81 97 51 77 19 13 85 81 6 81 97 51 77 19
13 85 81 97 51 77 19 13 85 81 97 6 81 97 51 77 19
13 85 6 85 81 97 51 77 19 13 85 81 97 51 77 19
13 85 81 6 85 81 97 51 77 19 13 85 81 97 51 77 19
13 85 81 6 81 97 51 77 19 13 85 81 97 51 77 19
13 85 81 97 6 81 97 51 77 19 13 85 81 97 51 77 19

14 33 84 15 21 76 48 14 33 84 15 21 76 48
14 33 84 15 21 76 48 14 33 7 33 84 15 21 76 48
14 33 84 15 21 76 48 14 33 84 7 33 84 15 21 76 48
14 33 84 15 21 76 48 14 33 84 7 84 15 21 76 48
14 33 84 15 21 76 48 14 33 84 15 7 84 15 21 76 48
14 33 7 33 84 15 21 76 48 14 33 84 15 21 76 48
14 33 84 7 33 84 15 21 76 48 14 33 84 15 21 76 48
14 33 84 7 84 15 21 76 48 14 33 84 15 21 76 48
14 33 84 15 7 84 15 21 76 48 14 33 84 15 21 76 48

60 66 72 83 79 87 85 60 66 72 83 79 87 85
60 66 72 83 79 87 85 60 66 18 66 72 83 79 87 85
60 66 72 83 79 87 85 60 66 72 18 66 72 83 79 87 85
60 66 72 83 79 87 85 60 66 72 18 72 83 79 87 85
60 66 72 83 79 87 85 60 66 72 83 18 72 83 79 87 85
60 66 18 66 72 83 79 87 85 60 66 72 83 79 87 85
60 66 72 18 66 72 83 79 87 85 60 66 72 83 79 87 85
60 66 72 18 72 83 79 87 85 60 66 72 83 79 87 85
60 66 72 83 18 72 83 79 87 85 60 66 72 83 79 87 85

78 88 70 62 91 90 15 78 88 70 62 91 90 15
78 88 70 62 91 90 15 78 88 20 88 70 62 91 90 15
78 88 70 62 91 90 15 78 88 70 20 88 70 62 91 90 15
78 88 70 62 91 90 15 78 88 70 20 70 62 91 90 15
78 88 70 62 91 90 15 78 88 70 62 20 70 62 91 90 15
78 88 20 88 70 62 91 90 15 78 88 70 62 91 90 15
78 88 70 20 88 70 62 91 90 15 78 88 70 62 91 90 15
78 88 70 20 70 62 91 90 15 78 88 70 62 91 90 15
78 88 70 62 20 70 62 91 90 15 78 88 70 62 91 90 15

53 84 38 37 92 57 52 53 84 38 37 92 57 52
53 84 38 37 92 57 52 53 84 17 84 38 37 92 57 52
53 84 38 37 92 57 52 53 84 38 17 84 38 37 92 57 52
53 84 38 37 92 57 52 53 84 38 17 38 37 92 57 52
53 84 38 37 92 57 52 53 84 38 37 17 38 37 92 57 52
53 84 17 84 38 37 92 57 52 53 84 38 37 92 57 52
53 84 38 17 84 38 37 92 57 52 53 84 38 37 92 57 52
53 84 38 17 38 37 92 57 52 53 84 38 37 92 57 52
53 84 38 37 17 38 37 92 57 52 53 84 38 37 92 57 52

73 35 48 51 52 46 90 73 35 48 51 52 46 90
73 35 48 51 52 46 90 73 35 8 35 48 51 52 46 90
73 35 48 51 52 46 90 73 35 48 8 35 48 51 52 46 90
73 35 48 51 52 46 90 73 35 48 8 48 51 52 46 90
73 35 48 51 52 46 90 73 35 48 51 8 48 51 52 46 90
73 35 8 35 48 51 52 46 90 73 35 48 51 52 46 90
73 35 48 8 35 48 51 52 46 90 73 35 48 51 52 46 90
73 35 48 8 48 51 52 46 90 73 35 48 51 52 46 90
73 35 48 51 8 48 51 52 46 90 73 35 48 51 52 46 90

66 52 59 85 34 39 86 66 52 59 85 34 39 86
66 52 59 85 34 39 86 66 52 20 52 59 85 34 39 86
66 52 59 85 34 39 86 66 52 59 20 52 59 85 34 39 86
66 52 59 85 34 39 86 66 52 59 20 59 85 34 39 86
66 52 59 85 34 39 86 66 52 59 85 20 59 85 34 39 86
66 52 20 52 59 85 34 39 86 66 52 59 85 34 39 86
66 52 59 20 52 59 85 34 39 86 66 52 59 85 34 39 86
66 52 59 20 59 85 34 39 86 66 52 59 85 34 39 86
66 52 59 85 20 59 85 34 39 86 66 52 59 85 34 39 86

72 12 61 24 59 24 32 72 12 61 24 59 24 32
72 12 61 24 59 24 32 72 12 18 12 61 24 59 24 32
72 12 61 24 59 24 32 72 12 61 18 12 61 24 59 24 32
72 12 61 24 59 24 32 72 12 61 18 61 24 59 24 32
72 12 61 24 59 24 32 72 12 61 24 18 61 24 59 24 32
72 12 18 12 61 24 59 24 32 72 12 61 24 59 24 32
72 12 61 18 12 61 24 59 24 32 72 12 61 24 59 24 32
72 12 61 18 61 24 59 24 32 72 12 61 24 59 24 32
72 12 61 24 18 61 24 59 24 32 72 12 61 24 59 24 32

19 90 28 36 28 20 82 19 90 28 36 28 20 82
19 90 28 36 28 20 82 19 90 5 90 28 36 28 20 82
19 90 28 36 28 20 82 19 90 28 5 90 28 36 28 20 82
19 90 28 36 28 20 82 19 90 28 5 28 36 28 20 82
19 90 28 36 28 20 82 19 90 28 36 5 28 36 28 20 82
19 90 5 90 28 36 28 20 82 19 90 28 36 28 20 82
19 90 28 5 90 28 36 28 20 82 19 90 28 36 28 20 82
19 90 28 5 28 36 28 20 82 19 90 28 36 28 20 82
19 90 28 36 5 28 36 28 20 82 19 90 28 36 28 20 82

87 96 54 63 50 22 17 87 96 54 63 50 22 17
87 96 54 63 50 22 17 87 96 18 96 54 63 50 22 17
87 96 54 63 50 22 17 87 96 54 18 96 54 63 50 22 17
87 96 54 63 50 22 17 87 96 54 18 54 63 50 22 17
87 96 54 63 50 22 17 87 96 54 63 18 54 63 50 22 17
87 96 18 96 54 63 50 22 17 87 96 54 63 50 22 17
87 96 54 18 96 54 63 50 22 17 87 96 54 63 50 22 17
87 96 54 18 54 63 50 22 17 87 96 54 63 50 22 17
87 96 54 63 18 54 63 50 22 17 87 96 54 63 50 22 17

48 23 36 100 19 63 81 48 23 36 100 19 63 81
48 23 36 100 19 63 81 48 23 9 23 36 100 19 63 81
48 23 36 100 19 63 81 48 23 36 9 23 36 100 19 63 81
48 23 36 100 19 63 81 48 23 36 9 36 100 19 63 81
48 23 36 100 19 63 81 48 23 36 100 9 36 100 19 63 81
48 23 9 23 36 100 19 63 81 48 23 36 100 19 63 81
48 23 36 9 23 36 100 19 63 81 48 23 36 100 19 63 81
48 23 36 9 36 100 19 63 81 48 23 36 100 19 63 81
48 23 36 100 9 36 100 19 63 81 48 23 36 100 19 63 81

54 22 47 57 14 67 19 54 22 47 57 14 67 19
54 22 47 57 14 67 19 54 22 10 22 47 57 14 67 19
54 22 47 57 14 67 19 54 22 47 10 22 47 57 14 67 19
54 22 47 57 14 67 19 54 22 47 10 47 57 14 67 19
54 22 47 57 14 67 19 54 22 47 57 10 47 57 14 67 19
54 22 10 22 47 57 14 67 19 54 22 47 57 14 67 19
54 22 47 10 22 47 57 14 67 19 54 22 47 57 14 67 19
54 22 47 10 47 57 14 67 19 54 22 47 57 14 67 19
54 22 47 57 10 47 57 14 67 19 54 22 47 57 14 67 19

55 14 85 85 67 92 39 55 14 85 85 67 92 39
55 14 85 85 67 92 39 55 14 5 14 85 85 67 92 39
55 14 85 85 67 92 39 55 14 85 5 14 85 85 67 92 39
55 14 85 85 67 92 39 55 14 85 5 85 85 67 92 39
55 14 85 85 67 92 39 55 14 85 85 5 85 85 67 92 39
55 14 5 14 85 85 67 92 39 55 14 85 85 67 92 39
55 14 85 5 14 85 85 67 92 39 55 14 85 85 67 92 39
55 14 85 5 85 85 67 92 39 55 14 85 85 67 92 39
55 14 85 85 5 85 85 67 92 39 55 14 85 85 67 92 39

57 30 50 89 44 89 89 57 30 50 89 44 89 89
57 30 50 89 44 89 89 57 30 16 30 50 89 44 89 89
57 30 50 89 44 89 89 57 30 50 16 30 50 89 44 89 89
57 30 50 89 44 89 89 57 30 50 16 50 89 44 89 89
57 30 50 89 44 89 89 57 30 50 89 16 50 89 44 89 89
57 30 16 30 50 89 44 89 89 57 30 50 89 44 89 89
57 30 50 16 30 50 89 44 89 89 57 30 50 89 44 89 89
57 30 50 16 50 89 44 89 89 57 30 50 89 44 89 89
57 30 50 89 16 50 89 44 89 89 57 30 50 89 44 89 89

52 70 46 6 15 9 13 52 70 46 6 15 9 13
52 70 46 6 15 9 13 52 70 18 70 46 6 15 9 13
52 70 46 6 15 9 13 52 70 46 18 70 46 6 15 9 13
52 70 46 6 15 9 13 52 70 46 18 46 6 15 9 13
52 70 46 6 15 9 13 52 70 46 6 18 46 6 15 9 13
52 70 18 70 46 6 15 9 13 52 70 46 6 15 9 13
52 70 46 18 70 46 6 15 9 13 52 70 46 6 15 9 13
52 70 46 18 46 6 15 9 13 52 70 46 6 15 9 13
52 70 46 6 18 46 6 15 9 13 52 70 46 6 15 9 13

21 71 17 14 52 6 10 21 71 17 14 52 6 10
21 71 17 14 52 6 10 21 71 5 71 17 14 52 6 10
21 71 17 14 52 6 10 21 71 17 5 71 17 14 52 6 10
21 71 17 14 52 6 10 21 71 17 5 17 14 52 6 10
21 71 17 14 52 6 10 21 71 17 14 5 17 14 52 6 10
21 71 5 71 17 14 52 6 10 21 71 17 14 52 6 10
21 71 17 5 71 17 14 52 6 10 21 71 17 14 52 6 10
21 71 17 5 17 14 52 6 10 21 71 17 14 52 6 10
21 71 17 14 5 17 14 52 6 10 21 71 17 14 52 6 10

55 54 23 92 54 60 86 55 54 23 92 54 60 86
55 54 23 92 54 60 86 55 54 5 54 23 92 54 60 86
55 54 23 92 54 60 86 55 54 23 5 54 23 92 54 60 86
55 54 23 92 54 60 86 55 54 23 5 23 92 54 60 86
55 54 23 92 54 60 86 55 54 23 92 5 23 92 54 60 86
55 54 5 54 23 92 54 60 86 55 54 23 92 54 60 86
55 54 23 5 54 23 92 54 60 86 55 54 23 92 54 60 86
55 54 23 5 23 92 54 60 86 55 54 23 92 54 60 86
55 54 23 92 5 23 92 54 60 86 55 54 23 92 54 60 86

72 81 13 66 43 22 57 72 81 13 66 43 22 57
72 81 13 66 43 22 57 72 81 14 81 13 66 43 22 57
72 81 13 66 43 22 57 72 81 13 14 81 13 66 43 22 57
72 81 13 66 43 22 57 72 81 13 14 13 66 43 22 57
72 81 13 66 43 22 57 72 81 13 66 14 13 66 43 22 57
72 81 14 81 13 66 43 22 57 72 81 13 66 43 22 57
72 81 13 14 81 13 66 43 22 57 72 81 13 66 43 22 57
72 81 13 14 13 66 43 22 57 72 81 13 66 43 22 57
72 81 13 66 14 13 66 43 22 57 72 81 13 66 43 22 57

13 41 17 94 33 51 38 13 41 17 94 33 51 38
13 41 17 94 33 51 38 13 41 5 41 17 94 33 51 38
13 41 17 94 33 51 38 13 41 17 5 41 17 94 33 51 38
13 41 17 94 33 51 38 13 41 17 5 17 94 33 51 38
13 41 17 94 33 51 38 13 41 17 94 5 17 94 33 51 38
13 41 5 41 17 94 33 51 38 13 41 17 94 33 51 38
13 41 17 5 41 17 94 33 51 38 13 41 17 94 33 51 38
13 41 17 5 17 94 33 51 38 13 41 17 94 33 51 38
13 41 17 94 5 17 94 33 51 38 13 41 17 94 33 51 38

93 41 7 14 13 50 29 93 41 7 14 13 50 29
93 41 7 14 13 50 29 93 41 6 41 7 14 13 50 29
93 41 7 14 13 50 29 93 41 7 6 41 7 14 13 50 29
93 41 7 14 13 50 29 93 41 7 6 7 14 13 50 29
93 41 7 14 13 50 29 93 41 7 14 6 7 14 13 50 29
93 41 6 41 7 14 13 50 29 93 41 7 14 13 50 29
93 41 7 6 41 7 14 13 50 29 93 41 7 14 13 50 29
93 41 7 6 7 14 13 50 29 93 41 7 14 13 50 29
93 41 7 14 6 7 14 13 50 29 93 41 7 14 13 50 29

35 14 16 54 26 91 7 35 14 16 54 26 91 7
35 14 16 54 26 91 7 35 14 9 14 16 54 26 91 7
35 14 16 54 26 91 7 35 14 16 9 14 16 54 26 91 7
35 14 16 54 26 91 7 35 14 16 9 16 54 26 91 7
35 14 16 54 26 91 7 35 14 16 54 9 16 54 26 91 7
35 14 9 14 16 54 26 91 7 35 14 16 54 26 91 7
35 14 16 9 14 16 54 26 91 7 35 14 16 54 26 91 7
35 14 16 9 16 54 26 91 7 35 14 16 54 26 91 7
35 14 16 54 9 16 54 26 91 7 35 14 16 54 26 91 7

56 76 76 64 57 59 45 56 76 76 64 57 59 45
56 76 76 64 57 59 45 56 76 15 76 76 64 57 59 45
56 76 76 64 57 59 45 56 76 76 15 76 76 64 57 59 45
56 76 76 64 57 59 45 56 76 76 15 76 64 57 59 45
56 76 76 64 57 59 45 56 76 76 64 15 76 64 57 59 45
56 76 15 76 76 64 57 59 45 56 76 76 64 57 59 45
56 76 76 15 76 76 64 57 59 45 56 76 76 64 57 59 45
56 76 76 15 76 64 57 59 45 56 76 76 64 57 59 45
56 76 76 64 15 76 64 57 59 45 56 76 76 64 57 59 45

40 89 25 95 69 40 71 40 89 25 95 69 40 71
40 89 25 95 69 40 71 40 89 10 89 25 95 69 40 71
40 89 25 95 69 40 71 40 89 25 10 89 25 95 69 40 71
40 89 25 95 69 40 71 40 89 25 10 25 95 69 40 71
40 89 25 95 69 40 71 40 89 25 95 10 25 95 69 40 71
40 89 10 89 25 95 69 40 71 40 89 25 95 69 40 71
40 89 25 10 89 25 95 69 40 71 40 89 25 95 69 40 71
40 89 25 10 25 95 69 40 71 40 89 25 95 69 40 71
40 89 25 95 10 25 95 69 40 71 40 89 25 95 69 40 71

35 50 14 68 17 70 68 35 50 14 68 17 70 68
35 50 14 68 17 70 68 35 50 19 50 14 68 17 70 68
35 50 14 68 17 70 68 35 50 14 19 50 14 68 17 70 68
35 50 14 68 17 70 68 35 50 14 19 14 68 17 70 68
35 50 14 68 17 70 68 35 50 14 68 19 14 68 17 70 68
35 50 19 50 14 68 17 70 68 35 50 14 68 17 70 68
35 50 14 19 50 14 68 17 70 68 35 50 14 68 17 70 68
35 50 14 19 14 68 17 70 68 35 50 14 68 17 70 68
35 50 14 68 19 14 68 17 70 68 35 50 14 68 17 70 68

28 13 68 31 88 47 49 28 13 68 31 88 47 49
28 13 68 31 88 47 49 28 13 13 13 68 31 88 47 49
28 13 68 31 88 47 49 28 13 68 13 13 68 31 88 47 49
28 13 68 31 88 47 49 28 13 68 13 68 31 88 47 49
28 13 68 31 88 47 49 28 13 68 31 13 68 31 88 47 49
28 13 13 13 68 31 88 47 49 28 13 68 31 88 47 49
28 13 68 13 13 68 31 88 47 49 28 13 68 31 88 47 49
28 13 68 13 68 31 88 47 49 28 13 68 31 88 47 49
28 13 68 31 13 68 31 88 47 49 28 13 68 31 88 47 49

86 97 82 84 61 23 60 86 97 82 84 61 23 60
86 97 82 84 61 23 60 86 97 20 97 82 84 61 23 60
86 97 82 84 61 23 60 86 97 82 20 97 82 84 61 23 60
86 97 82 84 61 23 60 86 97 82 20 82 84 61 23 60
86 97 82 84 61 23 60 86 97 82 84 20 82 84 61 23 60
86 97 20 97 82 84 61 23 60 86 97 82 84 61 23 60
86 97 82 20 97 82 84 61 23 60 86 97 82 84 61 23 60
86 97 82 20 82 84 61 23 60 86 97 82 84 61 23 60
86 97 82 84 20 82 84 61 23 60 86 97 82 84 61 23 60

100 84 59 77 59 84 7 100 84 59 77 59 84 7
100 84 59 77 59 84 7 100 84 15 84 59 77 59 84 7
100 84 59 77 59 84 7 100 84 59 15 84 59 77 59 84 7
100 84 59 77 59 84 7 100 84 59 15 59 77 59 84 7
100 84 59 77 59 84 7 100 84 59 77 15 59 77 59 84 7
100 84 15 84 59 77 59 84 7 100 84 59 77 59 84 7
100 84 59 15 84 59 77 59 84 7 100 84 59 77 59 84 7
100 84 59 15 59 77 59 84 7 100 84 59 77 59 84 7
100 84 59 77 15 59 77 59 84 7 100 84 59 77 59 84 7

27 28 85 57 47 60 35 27 28 85 57 47 60 35
27 28 85 57 47 60 35 27 28 6 28 85 57 47 60 35
27 28 85 57 47 60 35 27 28 85 6 28 85 57 47 60 35
27 28 85 57 47 60 35 27 28 85 6 85 57 47 60 35
27 28 85 57 47 60 35 27 28 85 57 6 85 57 47 60 35
27 28 6 28 85 57 47 60 35 27 28 85 57 47 60 35
27 28 85 6 28 85 57 47 60 35 27 28 85 57 47 60 35
27 28 85 6 85 57 47 60 35 27 28 85 57 47 60 35
27 28 85 57 6 85 57 47 60 35 27 28 85 57 47 60 35

7 36 21 86 30 36 66 7 36 21 86 30 36 66
7 36 21 86 30 36 66 7 36 18 36 21 86 30 36 66
7 36 21 86 30 36 66 7 36 21 18 36 21 86 30 36 66
7 36 21 86 30 36 66 7 36 21 18 21 86 30 36 66
7 36 21 86 30 36 66 7 36 21 86 18 21 86 30 36 66
7 36 18 36 21 86 30 36 66 7 36 21 86 30 36 66
7 36 21 18 36 21 86 30 36 66 7 36 21 86 30 36 66
7 36 21 18 21 86 30 36 66 7 36 21 86 30 36 66
7 36 21 86 18 21 86 30 36 66 7 36 21 86 30 36 66

47 70 20 67 10 50 29 47 70 20 67 10 50 29
47 70 20 67 10 50 29 47 70 5 70 20 67 10 50 29
47 70 20 67 10 50 29 47 70 20 5 70 20 67 10 50 29
47 70 20 67 10 50 29 47 70 20 5 20 67 10 50 29
47 70 20 67 10 50 29 47 70 20 67 5 20 67 10 50 29
47 70 5 70 20 67 10 50 29 47 70 20 67 10 50 29
47 70 20 5 70 20 67 10 50 29 47 70 20 67 10 50 29
47 70 20 5 20 67 10 50 29 47 70 20 67 10 50 29
47 70 20 67 5 20 67 10 50 29 47 70 20 67 10 50 29

74 41 54 94 34 51 55 74 41 54 94 34 51 55
74 41 54 94 34 51 55 74 41 20 41 54 94 34 51 55
74 41 54 94 34 51 55 74 41 54 20 41 54 94 34 51 55
74 41 54 94 34 51 55 74 41 54 20 54 94 34 51 55
74 41 54 94 34 51 55 74 41 54 94 20 54 94 34 51 55
74 41 20 41 54 94 34 51 55 74 41 54 94 34 51 55
74 41 54 20 41 54 94 34 51 55 74 41 54 94 34 51 55
74 41 54 20 54 94 34 51 55 74 41 54 94 34 51 55
74 41 54 94 20 54 94 34 51 55 74 41 54 94 34 51 55

80 92 30 65 61 64 96 80 92 30 65 61 64 96
80 92 30 65 61 64 96 80 92 15 92 30 65 61 64 96
80 92 30 65 61 64 96 80 92 30 15 92 30 65 61 64 96
80 92 30 65 61 64 96 80 92 30 15 30 65 61 64 96
80 92 30 65 61 64 96 80 92 30 65 15 30 65 61 64 96
80 92 15 92 30 65 61 64 96 80 92 30 65 61 64 96
80 92 30 15 92 30 65 61 64 96 80 92 30 65 61 64 96
80 92 30 15 30 65 61 64 96 80 92 30 65 61 64 96
80 92 30 65 15 30 65 61 64 96 80 92 30 65 61 64 96

99 92 51 56 38 82 78 99 92 51 56 38 82 78
99 92 51 56 38 82 78 99 92 12 92 51 56 38 82 78
99 92 51 56 38 82 78 99 92 51 12 92 51 56 38 82 78
99 92 51 56 38 82 78 99 92 51 12 51 56 38 82 78
99 92 51 56 38 82 78 99 92 51 56 12 51 56 38 82 78
99 92 12 92 51 56 38 82 78 99 92 51 56 38 82 78
99 92 51 12 92 51 56 38 82 78 99 92 51 56 38 82 78
99 92 51 12 51 56 38 82 78 99 92 51 56 38 82 78
99 92 51 56 12 51 56 38 82 78 99 92 51 56 38 82 78

15 49 39 27 28 76 81 15 49 39 27 28 76 81
15 49 39 27 28 76 81 15 49 8 49 39 27 28 76 81
15 49 39 27 28 76 81 15 49 39 8 49 39 27 28 76 81
15 49 39 27 28 76 81 15 49 39 8 39 27 28 76 81
15 49 39 27 28 76 81 15 49 39 27 8 39 27 28 76 81
15 49 8 49 39 27 28 76 81 15 49 39 27 28 76 81
15 49 39 8 49 39 27 28 76 81 15 49 39 27 28 76 81
15 49 39 8 39 27 28 76 81 15 49 39 27 28 76 81
15 49 39 27 8 39 27 28 76 81 15 49 39 27 28 76 81

67 78 79 92 97 64 18 67 78 79 92 97 64 18
67 78 79 92 97 64 18 67 78 17 78 79 92 97 64 18
67 78 79 92 97 64 18 67 78 79 17 78 79 92 97 64 18
67 78 79 92 97 64 18 67 78 79 17 79 92 97 64 18
67 78 79 92 97 64 18 67 78 79 92 17 79 92 97 64 18
67 78 17 78 79 92 97 64 18 67 78 79 92 97 64 18
67 78 79 17 78 79 92 97 64 18 67 78 79 92 97 64 18
67 78 79 17 79 92 97 64 18 67 78 79 92 97 64 18
67 78 79 92 17 79 92 97 64 18 67 78 79 92 97 64 18

73 56 7 44 54 53 85 73 56 7 44 54 53 85
73 56 7 44 54 53 85 73 56 19 56 7 44 54 53 85
73 56 7 44 54 53 85 73 56 7 19 56 7 44 54 53 85
73 56 7 44 54 53 85 73 56 7 19 7 44 54 53 85
73 56 7 44 54 53 85 73 56 7 44 19 7 44 54 53 85
73 56 19 56 7 44 54 53 85 73 56 7 44 54 53 85
73 56 7 19 56 7 44 54 53 85 73 56 7 44 54 53 85
73 56 7 19 7 44 54 53 85 73 56 7 44 54 53 85
73 56 7 44 19 7 44 54 53 85 73 56 7 44 54 53 85

58 82 57 95 18 20 100 58 82 57 95 18 20 100
58 82 57 95 18 20 100 58 82 18 82 57 95 18 20 100
58 82 57 95 18 20 100 58 82 57 18 82 57 95 18 20 100
58 82 57 95 18 20 100 58 82 57 18 57 95 18 20 100
58 82 57 95 18 20 100 58 82 57 95 18 57 95 18 20 100
58 82 18 82 57 95 18 20 100 58 82 57 95 18 20 100
58 82 57 18 82 57 95 18 20 100 58 82 57 95 18 20 100
58 82 57 18 57 95 18 20 100 58 82 57 95 18 20 100
58 82 57 95 18 57 95 18 20 100 58 82 57 95 18 20 100

22 61 79 96 59 32 8 22 61 79 96 59 32 8
22 61 79 96 59 32 8 22 61 16 61 79 96 59 32 8
22 61 79 96 59 32 8 22 61 79 16 61 79 96 59 32 8
22 61 79 96 59 32 8 22 61 79 16 79 96 59 32 8
22 61 79 96 59 32 8 22 61 79 96 16 79 96 59 32 8
22 61 16 61 79 96 59 32 8 22 61 79 96 59 32 8
22 61 79 16 61 79 96 59 32 8 22 61 79 96 59 32 8
22 61 79 16 79 96 59 32 8 22 61 79 96 59 32 8
22 61 79 96 16 79 96 59 32 8 22 61 79 96 59 32 8

38 46 53 7 43 59 77 38 46 53 7 43 59 77
38 46 53 7 43 59 77 38 46 5 46 53 7 43 59 77
38 46 53 7 43 59 77 38 46 53 5 46 53 7 43 59 77
38 46 53 7 43 59 77 38 46 53 5 53 7 43 59 77
38 46 53 7 43 59 77 38 46 53 7 5 53 7 43 59 77
38 46 5 46 53 7 43 59 77 38 46 53 7 43 59 77
38 46 53 5 46 53 7 43 59 77 38 46 53 7 43 59 77
38 46 53 5 53 7 43 59 77 38 46 53 7 43 59 77
38 46 53 7 5 53 7 43 59 77 38 46 53 7 43 59 77

31 74 38 58 85 66 37 31 74 38 58 85 66 37
31 74 38 58 85 66 37 31 74 13 74 38 58 85 66 37
31 74 38 58 85 66 37 31 74 38 13 74 38 58 85 66 37
31 74 38 58 85 66 37 31 74 38 13 38 58 85 66 37
31 74 38 58 85 66 37 31 74 38 58 13 38 58 85 66 37
31 74 13 74 38 58 85 66 37 31 74 38 58 85 66 37
31 74 38 13 74 38 58 85 66 37 31 74 38 58 85 66 37
31 74 38 13 38 58 85 66 37 31 74 38 58 85 66 37
31 74 38 58 13 38 58 85 66 37 31 74 38 58 85 66 37

19 84 28 64 86 10 75 19 84 28 64 86 10 75
19 84 28 64 86 10 75 19 84 18 84 28 64 86 10 75
19 84 28 64 86 10 75 19 84 28 18 84 28 64 86 10 75
19 84 28 64 86 10 75 19 84 28 18 28 64 86 10 75
19 84 28 64 86 10 75 19 84 28 64 18 28 64 86 10 75
19 84 18 84 28 64 86 10 75 19 84 28 64 86 10 75
19 84 28 18 84 28 64 86 10 75 19 84 28 64 86 10 75
19 84 28 18 28 64 86 10 75 19 84 28 64 86 10 75
19 84 28 64 18 28 64 86 10 75 19 84 28 64 86 10 75

95 84 81 41 29 45 7 95 84 81 41 29 45 7
95 84 81 41 29 45 7 95 84 14 84 81 41 29 45 7
95 84 81 41 29 45 7 95 84 81 14 84 81 41 29 45 7
95 84 81 41 29 45 7 95 84 81 14 81 41 29 45 7
95 84 81 41 29 45 7 95 84 81 41 14 81 41 29 45 7
95 84 14 84 81 41 29 45 7 95 84 81 41 29 45 7
95 84 81 14 84 81 41 29 45 7 95 84 81 41 29 45 7
95 84 81 14 81 41 29 45 7 95 84 81 41 29 45 7
95 84 81 41 14 81 41 29 45 7 95 84 81 41 29 45 7

54 19 7 8 83 33 11 54 19 7 8 83 33 11
54 19 7 8 83 33 11 54 19 11 19 7 8 83 33 11
54 19 7 8 83 33 11 54 19 7 11 19 7 8 83 33 11
54 19 7 8 83 33 11 54 19 7 11 7 8 83 33 11
54 19 7 8 83 33 11 54 19 7 8 11 7 8 83 33 11
54 19 11 19 7 8 83 33 11 54 19 7 8 83 33 11
54 19 7 11 19 7 8 83 33 11 54 19 7 8 83 33 11
54 19 7 11 7 8 83 33 11 54 19 7 8 83 33 11
54 19 7 8 11 7 8 83 33 11 54 19 7 8 83 33 11

41 70 35 54 23 79 44 41 70 35 54 23 79 44
41 70 35 54 23 79 44 41 70 6 70 35 54 23 79 44
41 70 35 54 23 79 44 41 70 35 6 70 35 54 23 79 44
41 70 35 54 23 79 44 41 70 35 6 35 54 23 79 44
41 70 35 54 23 79 44 41 70 35 54 6 35 54 23 79 44
41 70 6 70 35 54 23 79 44 41 70 35 54 23 79 44
41 70 35 6 70 35 54 23 79 44 41 70 35 54 23 79 44
41 70 35 6 35 54 23 79 44 41 70 35 54 23 79 44
41 70 35 54 6 35 54 23 79 44 41 70 35 54 23 79 44

61 91 60 8 77 69 42 61 91 60 8 77 69 42
61 91 60 8 77 69 42 61 91 15 91 60 8 77 69 42
61 91 60 8 77 69 42 61 91 60 15 91 60 8 77 69 42
61 91 60 8 77 69 42 61 91 60 15 60 8 77 69 42
61 91 60 8 77 69 42 61 91 60 8 15 60 8 77 69 42
61 91 15 91 60 8 77 69 42 61 91 60 8 77 69 42
61 91 60 15 91 60 8 77 69 42 61 91 60 8 77 69 42
61 91 60 15 60 8 77 69 42 61 91 60 8 77 69 42
61 91 60 8 15 60 8 77 69 42 61 91 60 8 77 69 42

42 64 28 13 52 94 5 42 64 28 13 52 94 5
42 64 28 13 52 94 5 42 64 9 64 28 13 52 94 5
42 64 28 13 52 94 5 42 64 28 9 64 28 13 52 94 5
42 64 28 13 52 94 5 42 64 28 9 28 13 52 94 5
42 64 28 13 52 94 5 42 64 28 13 9 28 13 52 94 5
42 64 9 64 28 13 52 94 5 42 64 28 13 52 94 5
42 64 28 9 64 28 13 52 94 5 42 64 28 13 52 94 5
42 64 28 9 28 13 52 94 5 42 64 28 13 52 94 5
42 64 28 13 9 28 13 52 94 5 42 64 28 13 52 94 5

37 49 68 39 54 37 78 37 49 68 39 54 37 78
37 49 68 39 54 37 78 37 49 18 49 68 39 54 37 78
37 49 68 39 54 37 78 37 49 68 18 49 68 39 54 37 78
37 49 68 39 54 37 78 37 49 68 18 68 39 54 37 78
37 49 68 39 54 37 78 37 49 68 39 18 68 39 54 37 78
37 49 18 49 68 39 54 37 78 37 49 68 39 54 37 78
37 49 68 18 49 68 39 54 37 78 37 49 68 39 54 37 78
37 49 68 18 68 39 54 37 78 37 49 68 39 54 37 78
37 49 68 39 18 68 39 54 37 78 37 49 68 39 54 37 78

53 27 37 79 85 40 67 53 27 37 79 85 40 67
53 27 37 79 85 40 67 53 27 18 27 37 79 85 40 67
53 27 37 79 85 40 67 53 27 37 18 27 37 79 85 40 67
53 27 37 79 85 40 67 53 27 37 18 37 79 85 40 67
53 27 37 79 85 40 67 53 27 37 79 18 37 79 85 40 67
53 27 18 27 37 79 85 40 67 53 27 37 79 85 40 67
53 27 37 18 27 37 79 85 40 67 53 27 37 79 85 40 67
53 27 37 18 37 79 85 40 67 53 27 37 79 85 40 67
53 27 37 79 18 37 79 85 40 67 53 27 37 79 85 40 67

32 84 61 73 51 76 81 32 84 61 73 51 76 81
32 84 61 73 51 76 81 32 84 9 84 61 73 51 76 81
32 84 61 73 51 76 81 32 84 61 9 84 61 73 51 76 81
32 84 61 73 51 76 81 32 84 61 9 61 73 51 76 81
32 84 61 73 51 76 81 32 84 61 73 9 61 73 51 76 81
32 84 9 84 61 73 51 76 81 32 84 61 73 51 76 81
32 84 61 9 84 61 73 51 76 81 32 84 61 73 51 76 81
32 84 61 9 61 73 51 76 81 32 84 61 73 51 76 81
32 84 61 73 9 61 73 51 76 81 32 84 61 73 51 76 81

63 69 39 97 5 76 69 63 69 39 97 5 76 69
63 69 39 97 5 76 69 63 69 9 69 39 97 5 76 69
63 69 39 97 5 76 69 63 69 39 9 69 39 97 5 76 69
63 69 39 97 5 76 69 63 69 39 9 39 97 5 76 69
63 69 39 97 5 76 69 63 69 39 97 9 39 97 5 76 69
63 69 9 69 39 97 5 76 69 63 69 39 97 5 76 69
63 69 39 9 69 39 97 5 76 69 63 69 39 97 5 76 69
63 69 39 9 39 97 5 76 69 63 69 39 97 5 76 69
63 69 39 97 9 39 97 5 76 69 63 69 39 97 5 76 69

63 49 8 30 11 89 20 63 49 8 30 11 89 20
63 49 8 30 11 89 20 63 49 13 49 8 30 11 89 20
63 49 8 30 11 89 20 63 49 8 13 49 8 30 11 89 20
63 49 8 30 11 89 20 63 49 8 13 8 30 11 89 20
63 49 8 30 11 89 20 63 49 8 30 13 8 30 11 89 20
63 49 13 49 8 30 11 89 20 63 49 8 30 11 89 20
63 49 8 13 49 8 30 11 89 20 63 49 8 30 11 89 20
63 49 8 13 8 30 11 89 20 63 49 8 30 11 89 20
63 49 8 30 13 8 30 11 89 20 63 49 8 30 11 89 20

73 92 92 40 83 68 10 73 92 92 40 83 68 10
73 92 92 40 83 68 10 73 92 7 92 92 40 83 68 10
73 92 92 40 83 68 10 73 92 92 7 92 92 40 83 68 10
73 92 92 40 83 68 10 73 92 92 7 92 40 83 68 10
73 92 92 40 83 68 10 73 92 92 40 7 92 40 83 68 10
73 92 7 92 92 40 83 68 10 73 92 92 40 83 68 10
73 92 92 7 92 92 40 83 68 10 73 92 92 40 83 68 10
73 92 92 7 92 40 83 68 10 73 92 92 40 83 68 10
73 92 92 40 7 92 40 83 68 10 73 92 92 40 83 68 10

35 67 32 85 84 27 63 35 67 32 85 84 27 63
35 67 32 85 84 27 63 35 67 10 67 32 85 84 27 63
35 67 32 85 84 27 63 35 67 32 10 67 32 85 84 27 63
35 67 32 85 84 27 63 35 67 32 10 32 85 84 27 63
35 67 32 85 84 27 63 35 67 32 85 10 32 85 84 27 63
35 67 10 67 32 85 84 27 63 35 67 32 85 84 27 63
35 67 32 10 67 32 85 84 27 63 35 67 32 85 84 27 63
35 67 32 10 32 85 84 27 63 35 67 32 85 84 27 63
35 67 32 85 10 32 85 84 27 63 35 67 32 85 84 27 63

86 91 46 21 62 62 80 86 91 46 21 62 62 80
86 91 46 21 62 62 80 86 91 20 91 46 21 62 62 80
86 91 46 21 62 62 80 86 91 46 20 91 46 21 62 62 80
86 91 46 21 62 62 80 86 91 46 20 46 21 62 62 80
86 91 46 21 62 62 80 86 91 46 21 20 46 21 62 62 80
86 91 20 91 46 21 62 62 80 86 91 46 21 62 62 80
86 91 46 20 91 46 21 62 62 80 86 91 46 21 62 62 80
86 91 46 20 46 21 62 62 80 86 91 46 21 62 62 80
86 91 46 21 20 46 21 62 62 80 86 91 46 21 62 62 80

19 75 12 64 73 25 66 19 75 12 64 73 25 66
19 75 12 64 73 25 66 19 75 5 75 12 64 73 25 66
19 75 12 64 73 25 66 19 75 12 5 75 12 64 73 25 66
19 75 12 64 73 25 66 19 75 12 5 12 64 73 25 66
19 75 12 64 73 25 66 19 75 12 64 5 12 64 73 25 66
19 75 5 75 12 64 73 25 66 19 75 12 64 73 25 66
19 75 12 5 75 12 64 73 25 66 19 75 12 64 73 25 66
19 75 12 5 12 64 73 25 66 19 75 12 64 73 25 66
19 75 12 64 5 12 64 73 25 66 19 75 12 64 73 25 66

35 45 70 5 27 92 93 35 45 70 5 27 92 93
35 45 70 5 27 92 93 35 45 16 45 70 5 27 92 93
35 45 70 5 27 92 93 35 45 70 16 45 70 5 27 92 93
35 45 70 5 27 92 93 35 45 70 16 70 5 27 92 93
35 45 70 5 27 92 93 35 45 70 5 16 70 5 27 92 93
35 45 16 45 70 5 27 92 93 35 45 70 5 27 92 93
35 45 70 16 45 70 5 27 92 93 35 45 70 5 27 92 93
35 45 70 16 70 5 27 92 93 35 45 70 5 27 92 93
35 45 70 5 16 70 5 27 92 93 35 45 70 5 27 92 93

88 21 30 72 88 99 46 88 21 30 72 88 99 46
88 21 30 72 88 99 46 88 21 20 21 30 72 88 99 46
88 21 30 72 88 99 46 88 21 30 20 21 30 72 88 99 46
88 21 30 72 88 99 46 88 21 30 20 30 72 88 99 46
88 21 30 72 88 99 46 88 21 30 72 20 30 72 88 99 46
88 21 20 21 30 72 88 99 46 88 21 30 72 88 99 46
88 21 30 20 21 30 72 88 99 46 88 21 30 72 88 99 46
88 21 30 20 30 72 88 99 46 88 21 30 72 88 99 46
88 21 30 72 20 30 72 88 99 46 88 21 30 72 88 99 46

23 43 11 80 40 75 24 23 43 11 80 40 75 24
23 43 11 80 40 75 24 23 43 20 43 11 80 40 75 24
23 43 11 80 40 75 24 23 43 11 20 43 11 80 40 75 24
23 43 11 80 40 75 24 23 43 11 20 11 80 40 75 24
23 43 11 80 40 75 24 23 43 11 80 20 11 80 40 75 24
23 43 20 43 11 80 40 75 24 23 43 11 80 40 75 24
23 43 11 20 43 11 80 40 75 24 23 43 11 80 40 75 24
23 43 11 20 11 80 40 75 24 23 43 11 80 40 75 24
23 43 11 80 20 11 80 40 75 24 23 43 11 80 40 75 24

56 81 16 44 52 34 54 56 81 16 44 52 34 54
56 81 16 44 52 34 54 56 81 18 81 16 44 52 34 54
56 81 16 44 52 34 54 56 81 16 18 81 16 44 52 34 54
56 81 16 44 52 34 54 56 81 16 18 16 44 52 34 54
56 81 16 44 52 34 54 56 81 16 44 18 16 44 52 34 54
56 81 18 81 16 44 52 34 54 56 81 16 44 52 34 54
56 81 16 18 81 16 44 52 34 54 56 81 16 44 52 34 54
56 81 16 18 16 44 52 34 54 56 81 16 44 52 34 54
56 81 16 44 18 16 44 52 34 54 56 81 16 44 52 34 54

63 35 48 58 85 12 65 63 35 48 58 85 12 65
63 35 48 58 85 12 65 63 35 6 35 48 58 85 12 65
63 35 48 58 85 12 65 63 35 48 6 35 48 58 85 12 65
63 35 48 58 85 12 65 63 35 48 6 48 58 85 12 65
63 35 48 58 85 12 65 63 35 48 58 6 48 58 85 12 65
63 35 6 35 48 58 85 12 65 63 35 48 58 85 12 65
63 35 48 6 35 48 58 85 12 65 63 35 48 58 85 12 65
63 35 48 6 48 58 85 12 65 63 35 48 58 85 12 65
63 35 48 58 6 48 58 85 12 65 63 35 48 58 85 12 65

43 23 74 35 38 98 90 43 23 74 35 38 98 90
43 23 74 35 38 98 90 43 23 20 23 74 35 38 98 90
43 23 74 35 38 98 90 43 23 74 20 23 74 35 38 98 90
43 23 74 35 38 98 90 43 23 74 20 74 35 38 98 90
43 23 74 35 38 98 90 43 23 74 35 20 74 35 38 98 90
43 23 20 23 74 35 38 98 90 43 23 74 35 38 98 90
43 23 74 20 23 74 35 38 98 90 43 23 74 35 38 98 90
43 23 74 20 74 35 38 98 90 43 23 74 35 38 98 90
43 23 74 35 20 74 35 38 98 90 43 23 74 35 38 98 90

41 37 7 7 10 43 76 41 37 7 7 10 43 76
41 37 7 7 10 43 76 41 37 15 37 7 7 10 43 76
41 37 7 7 10 43 76 41 37 7 15 37 7 7 10 43 76
41 37 7 7 10 43 76 41 37 7 15 7 7 10 43 76
41 37 7 7 10 43 76 41 37 7 7 15 7 7 10 43 76
41 37 15 37 7 7 10 43 76 41 37 7 7 10 43 76
41 37 7 15 37 7 7 10 43 76 41 37 7 7 10 43 76
41 37 7 15 7 7 10 43 76 41 37 7 7 10 43 76
41 37 7 7 15 7 7 10 43 76 41 37 7 7 10 43 76

