100
7
2
2

22
6
28
20
17
29
9
29
24
6
24
16
15
9
7
25
18
7
10
25
6
12
10
14
14
22
21
3
3
7
21
19
0
5
6
18
2
16
30
21
25
27
25
30
10
11
15
21
29
2
21
13
21
7
0
11
25
30
21
28
26
0
9
9
23
8
14
1
10
4
6
25
2
23
11
29
3
10
22
28
9
21
1
7
1
1
17
21
6
10
1
24
11
17
7
15
15
2
21
8

53 52 
83 110 
57 63 
71 25 
89 110 
84 74 
41 80 
73 67 
76 23 
29 90 
40 83 
47 81 
50 93 
44 67 
45 74 
95 79 
66 11 
30 85 
67 34 
82 55 
42 108 
26 56 
88 63 
107 64 
45 100 
100 74 
70 35 
53 24 
31 44 
66 81 
52 51 
33 33 
110 86 
63 104 
19 51 
26 51 
27 100 
80 11 
48 72 
57 88 
68 91 
106 102 
33 100 
105 75 
83 108 
39 33 
45 106 
39 91 
51 101 
36 45 
18 69 
27 82 
42 80 
95 64 
103 59 
100 25 
78 70 
30 23 
63 34 
42 87 
99 104 
51 44 
24 36 
94 22 
38 18 
98 13 
23 105 
103 21 
74 18 
84 89 
21 85 
72 21 
81 81 
99 53 
50 65 
86 42 
79 92 
111 20 
99 59 
80 88 
91 53 
24 52 
43 105 
25 41 
64 30 
117 65 
90 37 
108 68 
31 44 
101 50 
49 68 
55 88 
34 95 
87 101 
90 65 
113 71 
65 71 
45 65 
102 28 
106 92 

1950
2439
1657
858
2424
1889
1653
2227
1772
1903
1496
1957
1551
1964
1749
2088
1811
1899
1704
1821
2063
2061
2110
2474
1756
2513
1296
1346
1292
2181
1715
1613
2274
1899
1263
1324
1665
1705
2262
1559
1629
2218
1413
2069
2304
1429
2259
2019
2174
2137
1898
1974
1473
1238
2242
1784
2365
1949
1473
1930
2102
1315
1916
1707
1485
1508
2207
1387
1898
2202
1795
1530
2018
2126
1771
1971
2330
2177
1678
2387
2098
2391
1942
1527
1503
1958
1372
2547
2085
1162
1919
1473
1796
2242
1461
2283
2232
1548
2282
2419

1 2 3 4 5 1 2 3 4 5 6 7
1 2 3 4 5 1 2 100 102 3 4 5 6 7
1 2 3 4 5 1 2 3 100 102 103 4 5 6 7
1 2 3 4 5 1 2 3 100 103 4 5 6 7
1 2 3 4 5 1 2 3 4 100 103 104 5 6 7
1 2 100 102 3 4 5 1 2 3 4 5 6 7
1 2 3 100 102 103 4 5 1 2 3 4 5 6 7
1 2 3 100 103 4 5 1 2 3 4 5 6 7
1 2 3 4 100 103 104 5 1 2 3 4 5 6 7

76 97 36 42 10 63 67 76 97 36 42 10 63 67
76 97 36 42 10 63 67 76 97 14 97 36 42 10 63 67
76 97 36 42 10 63 67 76 97 36 14 97 36 42 10 63 67
76 97 36 42 10 63 67 76 97 36 14 36 42 10 63 67
76 97 36 42 10 63 67 76 97 36 42 14 36 42 10 63 67
76 97 14 97 36 42 10 63 67 76 97 36 42 10 63 67
76 97 36 14 97 36 42 10 63 67 76 97 36 42 10 63 67
76 97 36 14 36 42 10 63 67 76 97 36 42 10 63 67
76 97 36 42 14 36 42 10 63 67 76 97 36 42 10 63 67

38 61 75 94 87 42 99 38 61 75 94 87 42 99
38 61 75 94 87 42 99 38 61 5 61 75 94 87 42 99
38 61 75 94 87 42 99 38 61 75 5 61 75 94 87 42 99
38 61 75 94 87 42 99 38 61 75 5 75 94 87 42 99
38 61 75 94 87 42 99 38 61 75 94 5 75 94 87 42 99
38 61 5 61 75 94 87 42 99 38 61 75 94 87 42 99
38 61 75 5 61 75 94 87 42 99 38 61 75 94 87 42 99
38 61 75 5 75 94 87 42 99 38 61 75 94 87 42 99
38 61 75 94 5 75 94 87 42 99 38 61 75 94 87 42 99

16 57 37 54 70 12 81 16 57 37 54 70 12 81
16 57 37 54 70 12 81 16 57 7 57 37 54 70 12 81
16 57 37 54 70 12 81 16 57 37 7 57 37 54 70 12 81
16 57 37 54 70 12 81 16 57 37 7 37 54 70 12 81
16 57 37 54 70 12 81 16 57 37 54 7 37 54 70 12 81
16 57 7 57 37 54 70 12 81 16 57 37 54 70 12 81
16 57 37 7 57 37 54 70 12 81 16 57 37 54 70 12 81
16 57 37 7 37 54 70 12 81 16 57 37 54 70 12 81
16 57 37 54 7 37 54 70 12 81 16 57 37 54 70 12 81

20 7 64 7 24 38 9 20 7 64 7 24 38 9
20 7 64 7 24 38 9 20 7 15 7 64 7 24 38 9
20 7 64 7 24 38 9 20 7 64 15 7 64 7 24 38 9
20 7 64 7 24 38 9 20 7 64 15 64 7 24 38 9
20 7 64 7 24 38 9 20 7 64 7 15 64 7 24 38 9
20 7 15 7 64 7 24 38 9 20 7 64 7 24 38 9
20 7 64 15 7 64 7 24 38 9 20 7 64 7 24 38 9
20 7 64 15 64 7 24 38 9 20 7 64 7 24 38 9
20 7 64 7 15 64 7 24 38 9 20 7 64 7 24 38 9

34 85 75 92 58 93 64 34 85 75 92 58 93 64
34 85 75 92 58 93 64 34 85 15 85 75 92 58 93 64
34 85 75 92 58 93 64 34 85 75 15 85 75 92 58 93 64
34 85 75 92 58 93 64 34 85 75 15 75 92 58 93 64
34 85 75 92 58 93 64 34 85 75 92 15 75 92 58 93 64
34 85 15 85 75 92 58 93 64 34 85 75 92 58 93 64
34 85 75 15 85 75 92 58 93 64 34 85 75 92 58 93 64
34 85 75 15 75 92 58 93 64 34 85 75 92 58 93 64
34 85 75 92 15 75 92 58 93 64 34 85 75 92 58 93 64

11 47 73 64 90 17 59 11 47 73 64 90 17 59
11 47 73 64 90 17 59 11 47 10 47 73 64 90 17 59
11 47 73 64 90 17 59 11 47 73 10 47 73 64 90 17 59
11 47 73 64 90 17 59 11 47 73 10 73 64 90 17 59
11 47 73 64 90 17 59 11 47 73 64 10 73 64 90 17 59
11 47 10 47 73 64 90 17 59 11 47 73 64 90 17 59
11 47 73 10 47 73 64 90 17 59 11 47 73 64 90 17 59
11 47 73 10 73 64 90 17 59 11 47 73 64 90 17 59
11 47 73 64 10 73 64 90 17 59 11 47 73 64 90 17 59

72 39 31 61 24 22 100 72 39 31 61 24 22 100
72 39 31 61 24 22 100 72 39 11 39 31 61 24 22 100
72 39 31 61 24 22 100 72 39 31 11 39 31 61 24 22 100
72 39 31 61 24 22 100 72 39 31 11 31 61 24 22 100
72 39 31 61 24 22 100 72 39 31 61 11 31 61 24 22 100
72 39 11 39 31 61 24 22 100 72 39 31 61 24 22 100
72 39 31 11 39 31 61 24 22 100 72 39 31 61 24 22 100
72 39 31 11 31 61 24 22 100 72 39 31 61 24 22 100
72 39 31 61 11 31 61 24 22 100 72 39 31 61 24 22 100

95 48 62 50 86 27 61 95 48 62 50 86 27 61
95 48 62 50 86 27 61 95 48 12 48 62 50 86 27 61
95 48 62 50 86 27 61 95 48 62 12 48 62 50 86 27 61
95 48 62 50 86 27 61 95 48 62 12 62 50 86 27 61
95 48 62 50 86 27 61 95 48 62 50 12 62 50 86 27 61
95 48 12 48 62 50 86 27 61 95 48 62 50 86 27 61
95 48 62 12 48 62 50 86 27 61 95 48 62 50 86 27 61
95 48 62 12 62 50 86 27 61 95 48 62 50 86 27 61
95 48 62 50 12 62 50 86 27 61 95 48 62 50 86 27 61

70 9 69 16 64 84 53 70 9 69 16 64 84 53
70 9 69 16 64 84 53 70 9 6 9 69 16 64 84 53
70 9 69 16 64 84 53 70 9 69 6 9 69 16 64 84 53
70 9 69 16 64 84 53 70 9 69 6 69 16 64 84 53
70 9 69 16 64 84 53 70 9 69 16 6 69 16 64 84 53
70 9 6 9 69 16 64 84 53 70 9 69 16 64 84 53
70 9 69 6 9 69 16 64 84 53 70 9 69 16 64 84 53
70 9 69 6 69 16 64 84 53 70 9 69 16 64 84 53
70 9 69 16 6 69 16 64 84 53 70 9 69 16 64 84 53

63 50 20 80 72 66 25 63 50 20 80 72 66 25
63 50 20 80 72 66 25 63 50 5 50 20 80 72 66 25
63 50 20 80 72 66 25 63 50 20 5 50 20 80 72 66 25
63 50 20 80 72 66 25 63 50 20 5 20 80 72 66 25
63 50 20 80 72 66 25 63 50 20 80 5 20 80 72 66 25
63 50 5 50 20 80 72 66 25 63 50 20 80 72 66 25
63 50 20 5 50 20 80 72 66 25 63 50 20 80 72 66 25
63 50 20 5 20 80 72 66 25 63 50 20 80 72 66 25
63 50 20 80 5 20 80 72 66 25 63 50 20 80 72 66 25

39 73 23 78 10 30 38 39 73 23 78 10 30 38
39 73 23 78 10 30 38 39 73 12 73 23 78 10 30 38
39 73 23 78 10 30 38 39 73 23 12 73 23 78 10 30 38
39 73 23 78 10 30 38 39 73 23 12 23 78 10 30 38
39 73 23 78 10 30 38 39 73 23 78 12 23 78 10 30 38
39 73 12 73 23 78 10 30 38 39 73 23 78 10 30 38
39 73 23 12 73 23 78 10 30 38 39 73 23 78 10 30 38
39 73 23 12 23 78 10 30 38 39 73 23 78 10 30 38
39 73 23 78 12 23 78 10 30 38 39 73 23 78 10 30 38

55 47 37 70 67 78 51 55 47 37 70 67 78 51
55 47 37 70 67 78 51 55 47 19 47 37 70 67 78 51
55 47 37 70 67 78 51 55 47 37 19 47 37 70 67 78 51
55 47 37 70 67 78 51 55 47 37 19 37 70 67 78 51
55 47 37 70 67 78 51 55 47 37 70 19 37 70 67 78 51
55 47 19 47 37 70 67 78 51 55 47 37 70 67 78 51
55 47 37 19 47 37 70 67 78 51 55 47 37 70 67 78 51
55 47 37 19 37 70 67 78 51 55 47 37 70 67 78 51
55 47 37 70 19 37 70 67 78 51 55 47 37 70 67 78 51

40 36 33 82 38 14 63 40 36 33 82 38 14 63
40 36 33 82 38 14 63 40 36 8 36 33 82 38 14 63
40 36 33 82 38 14 63 40 36 33 8 36 33 82 38 14 63
40 36 33 82 38 14 63 40 36 33 8 33 82 38 14 63
40 36 33 82 38 14 63 40 36 33 82 8 33 82 38 14 63
40 36 8 36 33 82 38 14 63 40 36 33 82 38 14 63
40 36 33 8 36 33 82 38 14 63 40 36 33 82 38 14 63
40 36 33 8 33 82 38 14 63 40 36 33 82 38 14 63
40 36 33 82 8 33 82 38 14 63 40 36 33 82 38 14 63

85 37 35 53 67 34 90 85 37 35 53 67 34 90
85 37 35 53 67 34 90 85 37 12 37 35 53 67 34 90
85 37 35 53 67 34 90 85 37 35 12 37 35 53 67 34 90
85 37 35 53 67 34 90 85 37 35 12 35 53 67 34 90
85 37 35 53 67 34 90 85 37 35 53 12 35 53 67 34 90
85 37 12 37 35 53 67 34 90 85 37 35 53 67 34 90
85 37 35 12 37 35 53 67 34 90 85 37 35 53 67 34 90
85 37 35 12 35 53 67 34 90 85 37 35 53 67 34 90
85 37 35 53 12 35 53 67 34 90 85 37 35 53 67 34 90

56 56 37 59 34 49 69 56 56 37 59 34 49 69
56 56 37 59 34 49 69 56 56 5 56 37 59 34 49 69
56 56 37 59 34 49 69 56 56 37 5 56 37 59 34 49 69
56 56 37 59 34 49 69 56 56 37 5 37 59 34 49 69
56 56 37 59 34 49 69 56 56 37 59 5 37 59 34 49 69
56 56 5 56 37 59 34 49 69 56 56 37 59 34 49 69
56 56 37 5 56 37 59 34 49 69 56 56 37 59 34 49 69
56 56 37 5 37 59 34 49 69 56 56 37 59 34 49 69
56 56 37 59 5 37 59 34 49 69 56 56 37 59 34 49 69

45 50 77 74 82 27 29 45 50 77 74 82 27 29
45 50 77 74 82 27 29 45 50 20 50 77 74 82 27 29
45 50 77 74 82 27 29 45 50 77 20 50 77 74 82 27 29
45 50 77 74 82 27 29 45 50 77 20 77 74 82 27 29
45 50 77 74 82 27 29 45 50 77 74 20 77 74 82 27 29
45 50 20 50 77 74 82 27 29 45 50 77 74 82 27 29
45 50 77 20 50 77 74 82 27 29 45 50 77 74 82 27 29
45 50 77 20 77 74 82 27 29 45 50 77 74 82 27 29
45 50 77 74 20 77 74 82 27 29 45 50 77 74 82 27 29

68 71 52 5 38 74 87 68 71 52 5 38 74 87
68 71 52 5 38 74 87 68 71 12 71 52 5 38 74 87
68 71 52 5 38 74 87 68 71 52 12 71 52 5 38 74 87
68 71 52 5 38 74 87 68 71 52 12 52 5 38 74 87
68 71 52 5 38 74 87 68 71 52 5 12 52 5 38 74 87
68 71 12 71 52 5 38 74 87 68 71 52 5 38 74 87
68 71 52 12 71 52 5 38 74 87 68 71 52 5 38 74 87
68 71 52 12 52 5 38 74 87 68 71 52 5 38 74 87
68 71 52 5 12 52 5 38 74 87 68 71 52 5 38 74 87

5 91 16 79 73 94 22 5 91 16 79 73 94 22
5 91 16 79 73 94 22 5 91 8 91 16 79 73 94 22
5 91 16 79 73 94 22 5 91 16 8 91 16 79 73 94 22
5 91 16 79 73 94 22 5 91 16 8 16 79 73 94 22
5 91 16 79 73 94 22 5 91 16 79 8 16 79 73 94 22
5 91 8 91 16 79 73 94 22 5 91 16 79 73 94 22
5 91 16 8 91 16 79 73 94 22 5 91 16 79 73 94 22
5 91 16 8 16 79 73 94 22 5 91 16 79 73 94 22
5 91 16 79 8 16 79 73 94 22 5 91 16 79 73 94 22

85 83 49 29 16 64 7 85 83 49 29 16 64 7
85 83 49 29 16 64 7 85 83 14 83 49 29 16 64 7
85 83 49 29 16 64 7 85 83 49 14 83 49 29 16 64 7
85 83 49 29 16 64 7 85 83 49 14 49 29 16 64 7
85 83 49 29 16 64 7 85 83 49 29 14 49 29 16 64 7
85 83 14 83 49 29 16 64 7 85 83 49 29 16 64 7
85 83 49 14 83 49 29 16 64 7 85 83 49 29 16 64 7
85 83 49 14 49 29 16 64 7 85 83 49 29 16 64 7
85 83 49 29 14 49 29 16 64 7 85 83 49 29 16 64 7

27 54 62 37 53 83 60 27 54 62 37 53 83 60
27 54 62 37 53 83 60 27 54 17 54 62 37 53 83 60
27 54 62 37 53 83 60 27 54 62 17 54 62 37 53 83 60
27 54 62 37 53 83 60 27 54 62 17 62 37 53 83 60
27 54 62 37 53 83 60 27 54 62 37 17 62 37 53 83 60
27 54 17 54 62 37 53 83 60 27 54 62 37 53 83 60
27 54 62 17 54 62 37 53 83 60 27 54 62 37 53 83 60
27 54 62 17 62 37 53 83 60 27 54 62 37 53 83 60
27 54 62 37 17 62 37 53 83 60 27 54 62 37 53 83 60

21 88 22 100 84 60 29 21 88 22 100 84 60 29
21 88 22 100 84 60 29 21 88 16 88 22 100 84 60 29
21 88 22 100 84 60 29 21 88 22 16 88 22 100 84 60 29
21 88 22 100 84 60 29 21 88 22 16 22 100 84 60 29
21 88 22 100 84 60 29 21 88 22 100 16 22 100 84 60 29
21 88 16 88 22 100 84 60 29 21 88 22 100 84 60 29
21 88 22 16 88 22 100 84 60 29 21 88 22 100 84 60 29
21 88 22 16 22 100 84 60 29 21 88 22 100 84 60 29
21 88 22 100 16 22 100 84 60 29 21 88 22 100 84 60 29

68 94 18 46 34 92 85 68 94 18 46 34 92 85
68 94 18 46 34 92 85 68 94 20 94 18 46 34 92 85
68 94 18 46 34 92 85 68 94 18 20 94 18 46 34 92 85
68 94 18 46 34 92 85 68 94 18 20 18 46 34 92 85
68 94 18 46 34 92 85 68 94 18 46 20 18 46 34 92 85
68 94 20 94 18 46 34 92 85 68 94 18 46 34 92 85
68 94 18 20 94 18 46 34 92 85 68 94 18 46 34 92 85
68 94 18 20 18 46 34 92 85 68 94 18 46 34 92 85
68 94 18 46 20 18 46 34 92 85 68 94 18 46 34 92 85

66 90 73 55 14 39 85 66 90 73 55 14 39 85
66 90 73 55 14 39 85 66 90 17 90 73 55 14 39 85
66 90 73 55 14 39 85 66 90 73 17 90 73 55 14 39 85
66 90 73 55 14 39 85 66 90 73 17 73 55 14 39 85
66 90 73 55 14 39 85 66 90 73 55 17 73 55 14 39 85
66 90 17 90 73 55 14 39 85 66 90 73 55 14 39 85
66 90 73 17 90 73 55 14 39 85 66 90 73 55 14 39 85
66 90 73 17 73 55 14 39 85 66 90 73 55 14 39 85
66 90 73 55 17 73 55 14 39 85 66 90 73 55 14 39 85

31 99 91 54 63 89 84 31 99 91 54 63 89 84
31 99 91 54 63 89 84 31 99 11 99 91 54 63 89 84
31 99 91 54 63 89 84 31 99 91 11 99 91 54 63 89 84
31 99 91 54 63 89 84 31 99 91 11 91 54 63 89 84
31 99 91 54 63 89 84 31 99 91 54 11 91 54 63 89 84
31 99 11 99 91 54 63 89 84 31 99 91 54 63 89 84
31 99 91 11 99 91 54 63 89 84 31 99 91 54 63 89 84
31 99 91 11 91 54 63 89 84 31 99 91 54 63 89 84
31 99 91 54 11 91 54 63 89 84 31 99 91 54 63 89 84

5 51 40 94 38 90 64 5 51 40 94 38 90 64
5 51 40 94 38 90 64 5 51 18 51 40 94 38 90 64
5 51 40 94 38 90 64 5 51 40 18 51 40 94 38 90 64
5 51 40 94 38 90 64 5 51 40 18 40 94 38 90 64
5 51 40 94 38 90 64 5 51 40 94 18 40 94 38 90 64
5 51 18 51 40 94 38 90 64 5 51 40 94 38 90 64
5 51 40 18 51 40 94 38 90 64 5 51 40 94 38 90 64
5 51 40 18 40 94 38 90 64 5 51 40 94 38 90 64
5 51 40 94 18 40 94 38 90 64 5 51 40 94 38 90 64

31 98 95 55 93 90 18 31 98 95 55 93 90 18
31 98 95 55 93 90 18 31 98 9 98 95 55 93 90 18
31 98 95 55 93 90 18 31 98 95 9 98 95 55 93 90 18
31 98 95 55 93 90 18 31 98 95 9 95 55 93 90 18
31 98 95 55 93 90 18 31 98 95 55 9 95 55 93 90 18
31 98 9 98 95 55 93 90 18 31 98 95 55 93 90 18
31 98 95 9 98 95 55 93 90 18 31 98 95 55 93 90 18
31 98 95 9 95 55 93 90 18 31 98 95 55 93 90 18
31 98 95 55 9 95 55 93 90 18 31 98 95 55 93 90 18

5 49 56 27 44 79 6 5 49 56 27 44 79 6
5 49 56 27 44 79 6 5 49 9 49 56 27 44 79 6
5 49 56 27 44 79 6 5 49 56 9 49 56 27 44 79 6
5 49 56 27 44 79 6 5 49 56 9 56 27 44 79 6
5 49 56 27 44 79 6 5 49 56 27 9 56 27 44 79 6
5 49 9 49 56 27 44 79 6 5 49 56 27 44 79 6
5 49 56 9 49 56 27 44 79 6 5 49 56 27 44 79 6
5 49 56 9 56 27 44 79 6 5 49 56 27 44 79 6
5 49 56 27 9 56 27 44 79 6 5 49 56 27 44 79 6

63 15 38 17 49 29 74 63 15 38 17 49 29 74
63 15 38 17 49 29 74 63 15 16 15 38 17 49 29 74
63 15 38 17 49 29 74 63 15 38 16 15 38 17 49 29 74
63 15 38 17 49 29 74 63 15 38 16 38 17 49 29 74
63 15 38 17 49 29 74 63 15 38 17 16 38 17 49 29 74
63 15 16 15 38 17 49 29 74 63 15 38 17 49 29 74
63 15 38 16 15 38 17 49 29 74 63 15 38 17 49 29 74
63 15 38 16 38 17 49 29 74 63 15 38 17 49 29 74
63 15 38 17 16 38 17 49 29 74 63 15 38 17 49 29 74

29 55 21 37 18 51 74 29 55 21 37 18 51 74
29 55 21 37 18 51 74 29 55 9 55 21 37 18 51 74
29 55 21 37 18 51 74 29 55 21 9 55 21 37 18 51 74
29 55 21 37 18 51 74 29 55 21 9 21 37 18 51 74
29 55 21 37 18 51 74 29 55 21 37 9 21 37 18 51 74
29 55 9 55 21 37 18 51 74 29 55 21 37 18 51 74
29 55 21 9 55 21 37 18 51 74 29 55 21 37 18 51 74
29 55 21 9 21 37 18 51 74 29 55 21 37 18 51 74
29 55 21 37 9 21 37 18 51 74 29 55 21 37 18 51 74

89 64 50 73 61 33 54 89 64 50 73 61 33 54
89 64 50 73 61 33 54 89 64 10 64 50 73 61 33 54
89 64 50 73 61 33 54 89 64 50 10 64 50 73 61 33 54
89 64 50 73 61 33 54 89 64 50 10 50 73 61 33 54
89 64 50 73 61 33 54 89 64 50 73 10 50 73 61 33 54
89 64 10 64 50 73 61 33 54 89 64 50 73 61 33 54
89 64 50 10 64 50 73 61 33 54 89 64 50 73 61 33 54
89 64 50 10 50 73 61 33 54 89 64 50 73 61 33 54
89 64 50 73 10 50 73 61 33 54 89 64 50 73 61 33 54

48 42 43 46 53 39 81 48 42 43 46 53 39 81
48 42 43 46 53 39 81 48 42 6 42 43 46 53 39 81
48 42 43 46 53 39 81 48 42 43 6 42 43 46 53 39 81
48 42 43 46 53 39 81 48 42 43 6 43 46 53 39 81
48 42 43 46 53 39 81 48 42 43 46 6 43 46 53 39 81
48 42 6 42 43 46 53 39 81 48 42 43 46 53 39 81
48 42 43 6 42 43 46 53 39 81 48 42 43 46 53 39 81
48 42 43 6 43 46 53 39 81 48 42 43 46 53 39 81
48 42 43 46 6 43 46 53 39 81 48 42 43 46 53 39 81

23 86 19 27 67 20 88 23 86 19 27 67 20 88
23 86 19 27 67 20 88 23 86 18 86 19 27 67 20 88
23 86 19 27 67 20 88 23 86 19 18 86 19 27 67 20 88
23 86 19 27 67 20 88 23 86 19 18 19 27 67 20 88
23 86 19 27 67 20 88 23 86 19 27 18 19 27 67 20 88
23 86 18 86 19 27 67 20 88 23 86 19 27 67 20 88
23 86 19 18 86 19 27 67 20 88 23 86 19 27 67 20 88
23 86 19 18 19 27 67 20 88 23 86 19 27 67 20 88
23 86 19 27 18 19 27 67 20 88 23 86 19 27 67 20 88

58 74 100 76 19 44 92 58 74 100 76 19 44 92
58 74 100 76 19 44 92 58 74 16 74 100 76 19 44 92
58 74 100 76 19 44 92 58 74 100 16 74 100 76 19 44 92
58 74 100 76 19 44 92 58 74 100 16 100 76 19 44 92
58 74 100 76 19 44 92 58 74 100 76 16 100 76 19 44 92
58 74 16 74 100 76 19 44 92 58 74 100 76 19 44 92
58 74 100 16 74 100 76 19 44 92 58 74 100 76 19 44 92
58 74 100 16 100 76 19 44 92 58 74 100 76 19 44 92
58 74 100 76 16 100 76 19 44 92 58 74 100 76 19 44 92

18 64 48 99 35 100 21 18 64 48 99 35 100 21
18 64 48 99 35 100 21 18 64 9 64 48 99 35 100 21
18 64 48 99 35 100 21 18 64 48 9 64 48 99 35 100 21
18 64 48 99 35 100 21 18 64 48 9 48 99 35 100 21
18 64 48 99 35 100 21 18 64 48 99 9 48 99 35 100 21
18 64 9 64 48 99 35 100 21 18 64 48 99 35 100 21
18 64 48 9 64 48 99 35 100 21 18 64 48 99 35 100 21
18 64 48 9 48 99 35 100 21 18 64 48 99 35 100 21
18 64 48 99 9 48 99 35 100 21 18 64 48 99 35 100 21

28 5 13 37 58 67 91 28 5 13 37 58 67 91
28 5 13 37 58 67 91 28 5 5 5 13 37 58 67 91
28 5 13 37 58 67 91 28 5 13 5 5 13 37 58 67 91
28 5 13 37 58 67 91 28 5 13 5 13 37 58 67 91
28 5 13 37 58 67 91 28 5 13 37 5 13 37 58 67 91
28 5 5 5 13 37 58 67 91 28 5 13 37 58 67 91
28 5 13 5 5 13 37 58 67 91 28 5 13 37 58 67 91
28 5 13 5 13 37 58 67 91 28 5 13 37 58 67 91
28 5 13 37 5 13 37 58 67 91 28 5 13 37 58 67 91

85 11 19 42 13 64 45 85 11 19 42 13 64 45
85 11 19 42 13 64 45 85 11 18 11 19 42 13 64 45
85 11 19 42 13 64 45 85 11 19 18 11 19 42 13 64 45
85 11 19 42 13 64 45 85 11 19 18 19 42 13 64 45
85 11 19 42 13 64 45 85 11 19 42 18 19 42 13 64 45
85 11 18 11 19 42 13 64 45 85 11 19 42 13 64 45
85 11 19 18 11 19 42 13 64 45 85 11 19 42 13 64 45
85 11 19 18 19 42 13 64 45 85 11 19 42 13 64 45
85 11 19 42 18 19 42 13 64 45 85 11 19 42 13 64 45

18 84 22 91 41 6 60 18 84 22 91 41 6 60
18 84 22 91 41 6 60 18 84 17 84 22 91 41 6 60
18 84 22 91 41 6 60 18 84 22 17 84 22 91 41 6 60
18 84 22 91 41 6 60 18 84 22 17 22 91 41 6 60
18 84 22 91 41 6 60 18 84 22 91 17 22 91 41 6 60
18 84 17 84 22 91 41 6 60 18 84 22 91 41 6 60
18 84 22 17 84 22 91 41 6 60 18 84 22 91 41 6 60
18 84 22 17 22 91 41 6 60 18 84 22 91 41 6 60
18 84 22 91 17 22 91 41 6 60 18 84 22 91 41 6 60

46 92 65 6 34 18 76 46 92 65 6 34 18 76
46 92 65 6 34 18 76 46 92 7 92 65 6 34 18 76
46 92 65 6 34 18 76 46 92 65 7 92 65 6 34 18 76
46 92 65 6 34 18 76 46 92 65 7 65 6 34 18 76
46 92 65 6 34 18 76 46 92 65 6 7 65 6 34 18 76
46 92 7 92 65 6 34 18 76 46 92 65 6 34 18 76
46 92 65 7 92 65 6 34 18 76 46 92 65 6 34 18 76
46 92 65 7 65 6 34 18 76 46 92 65 6 34 18 76
46 92 65 6 7 65 6 34 18 76 46 92 65 6 34 18 76

99 89 43 66 49 7 78 99 89 43 66 49 7 78
99 89 43 66 49 7 78 99 89 6 89 43 66 49 7 78
99 89 43 66 49 7 78 99 89 43 6 89 43 66 49 7 78
99 89 43 66 49 7 78 99 89 43 6 43 66 49 7 78
99 89 43 66 49 7 78 99 89 43 66 6 43 66 49 7 78
99 89 6 89 43 66 49 7 78 99 89 43 66 49 7 78
99 89 43 6 89 43 66 49 7 78 99 89 43 66 49 7 78
99 89 43 6 43 66 49 7 78 99 89 43 66 49 7 78
99 89 43 66 6 43 66 49 7 78 99 89 43 66 49 7 78

18 24 48 75 32 72 55 18 24 48 75 32 72 55
18 24 48 75 32 72 55 18 24 5 24 48 75 32 72 55
18 24 48 75 32 72 55 18 24 48 5 24 48 75 32 72 55
18 24 48 75 32 72 55 18 24 48 5 48 75 32 72 55
18 24 48 75 32 72 55 18 24 48 75 5 48 75 32 72 55
18 24 5 24 48 75 32 72 55 18 24 48 75 32 72 55
18 24 48 5 24 48 75 32 72 55 18 24 48 75 32 72 55
18 24 48 5 48 75 32 72 55 18 24 48 75 32 72 55
18 24 48 75 5 48 75 32 72 55 18 24 48 75 32 72 55

75 21 50 85 8 76 9 75 21 50 85 8 76 9
75 21 50 85 8 76 9 75 21 5 21 50 85 8 76 9
75 21 50 85 8 76 9 75 21 50 5 21 50 85 8 76 9
75 21 50 85 8 76 9 75 21 50 5 50 85 8 76 9
75 21 50 85 8 76 9 75 21 50 85 5 50 85 8 76 9
75 21 5 21 50 85 8 76 9 75 21 50 85 8 76 9
75 21 50 5 21 50 85 8 76 9 75 21 50 85 8 76 9
75 21 50 5 50 85 8 76 9 75 21 50 85 8 76 9
75 21 50 85 5 50 85 8 76 9 75 21 50 85 8 76 9

29 75 89 94 38 56 52 29 75 89 94 38 56 52
29 75 89 94 38 56 52 29 75 12 75 89 94 38 56 52
29 75 89 94 38 56 52 29 75 89 12 75 89 94 38 56 52
29 75 89 94 38 56 52 29 75 89 12 89 94 38 56 52
29 75 89 94 38 56 52 29 75 89 94 12 89 94 38 56 52
29 75 12 75 89 94 38 56 52 29 75 89 94 38 56 52
29 75 89 12 75 89 94 38 56 52 29 75 89 94 38 56 52
29 75 89 12 89 94 38 56 52 29 75 89 94 38 56 52
29 75 89 94 12 89 94 38 56 52 29 75 89 94 38 56 52

49 10 21 90 45 31 16 49 10 21 90 45 31 16
49 10 21 90 45 31 16 49 10 17 10 21 90 45 31 16
49 10 21 90 45 31 16 49 10 21 17 10 21 90 45 31 16
49 10 21 90 45 31 16 49 10 21 17 21 90 45 31 16
49 10 21 90 45 31 16 49 10 21 90 17 21 90 45 31 16
49 10 17 10 21 90 45 31 16 49 10 21 90 45 31 16
49 10 21 17 10 21 90 45 31 16 49 10 21 90 45 31 16
49 10 21 17 21 90 45 31 16 49 10 21 90 45 31 16
49 10 21 90 17 21 90 45 31 16 49 10 21 90 45 31 16

61 83 89 60 14 43 41 61 83 89 60 14 43 41
61 83 89 60 14 43 41 61 83 16 83 89 60 14 43 41
61 83 89 60 14 43 41 61 83 89 16 83 89 60 14 43 41
61 83 89 60 14 43 41 61 83 89 16 89 60 14 43 41
61 83 89 60 14 43 41 61 83 89 60 16 89 60 14 43 41
61 83 16 83 89 60 14 43 41 61 83 89 60 14 43 41
61 83 89 16 83 89 60 14 43 41 61 83 89 60 14 43 41
61 83 89 16 89 60 14 43 41 61 83 89 60 14 43 41
61 83 89 60 16 89 60 14 43 41 61 83 89 60 14 43 41

94 45 69 100 59 24 28 94 45 69 100 59 24 28
94 45 69 100 59 24 28 94 45 16 45 69 100 59 24 28
94 45 69 100 59 24 28 94 45 69 16 45 69 100 59 24 28
94 45 69 100 59 24 28 94 45 69 16 69 100 59 24 28
94 45 69 100 59 24 28 94 45 69 100 16 69 100 59 24 28
94 45 16 45 69 100 59 24 28 94 45 69 100 59 24 28
94 45 69 16 45 69 100 59 24 28 94 45 69 100 59 24 28
94 45 69 16 69 100 59 24 28 94 45 69 100 59 24 28
94 45 69 100 16 69 100 59 24 28 94 45 69 100 59 24 28

82 16 26 23 63 33 29 82 16 26 23 63 33 29
82 16 26 23 63 33 29 82 16 9 16 26 23 63 33 29
82 16 26 23 63 33 29 82 16 26 9 16 26 23 63 33 29
82 16 26 23 63 33 29 82 16 26 9 26 23 63 33 29
82 16 26 23 63 33 29 82 16 26 23 9 26 23 63 33 29
82 16 9 16 26 23 63 33 29 82 16 26 23 63 33 29
82 16 26 9 16 26 23 63 33 29 82 16 26 23 63 33 29
82 16 26 9 26 23 63 33 29 82 16 26 23 63 33 29
82 16 26 23 9 26 23 63 33 29 82 16 26 23 63 33 29

44 85 39 93 53 46 90 44 85 39 93 53 46 90
44 85 39 93 53 46 90 44 85 10 85 39 93 53 46 90
44 85 39 93 53 46 90 44 85 39 10 85 39 93 53 46 90
44 85 39 93 53 46 90 44 85 39 10 39 93 53 46 90
44 85 39 93 53 46 90 44 85 39 93 10 39 93 53 46 90
44 85 10 85 39 93 53 46 90 44 85 39 93 53 46 90
44 85 39 10 85 39 93 53 46 90 44 85 39 93 53 46 90
44 85 39 10 39 93 53 46 90 44 85 39 93 53 46 90
44 85 39 93 10 39 93 53 46 90 44 85 39 93 53 46 90

43 26 23 81 87 66 98 43 26 23 81 87 66 98
43 26 23 81 87 66 98 43 26 16 26 23 81 87 66 98
43 26 23 81 87 66 98 43 26 23 16 26 23 81 87 66 98
43 26 23 81 87 66 98 43 26 23 16 23 81 87 66 98
43 26 23 81 87 66 98 43 26 23 81 16 23 81 87 66 98
43 26 16 26 23 81 87 66 98 43 26 23 81 87 66 98
43 26 23 16 26 23 81 87 66 98 43 26 23 81 87 66 98
43 26 23 16 23 81 87 66 98 43 26 23 81 87 66 98
43 26 23 81 16 23 81 87 66 98 43 26 23 81 87 66 98

95 78 41 86 11 48 80 95 78 41 86 11 48 80
95 78 41 86 11 48 80 95 78 10 78 41 86 11 48 80
95 78 41 86 11 48 80 95 78 41 10 78 41 86 11 48 80
95 78 41 86 11 48 80 95 78 41 10 41 86 11 48 80
95 78 41 86 11 48 80 95 78 41 86 10 41 86 11 48 80
95 78 10 78 41 86 11 48 80 95 78 41 86 11 48 80
95 78 41 10 78 41 86 11 48 80 95 78 41 86 11 48 80
95 78 41 10 41 86 11 48 80 95 78 41 86 11 48 80
95 78 41 86 10 41 86 11 48 80 95 78 41 86 11 48 80

99 43 17 30 97 52 100 99 43 17 30 97 52 100
99 43 17 30 97 52 100 99 43 9 43 17 30 97 52 100
99 43 17 30 97 52 100 99 43 17 9 43 17 30 97 52 100
99 43 17 30 97 52 100 99 43 17 9 17 30 97 52 100
99 43 17 30 97 52 100 99 43 17 30 9 17 30 97 52 100
99 43 9 43 17 30 97 52 100 99 43 17 30 97 52 100
99 43 17 9 43 17 30 97 52 100 99 43 17 30 97 52 100
99 43 17 9 17 30 97 52 100 99 43 17 30 97 52 100
99 43 17 30 9 17 30 97 52 100 99 43 17 30 97 52 100

38 92 7 55 84 27 78 38 92 7 55 84 27 78
38 92 7 55 84 27 78 38 92 19 92 7 55 84 27 78
38 92 7 55 84 27 78 38 92 7 19 92 7 55 84 27 78
38 92 7 55 84 27 78 38 92 7 19 7 55 84 27 78
38 92 7 55 84 27 78 38 92 7 55 19 7 55 84 27 78
38 92 19 92 7 55 84 27 78 38 92 7 55 84 27 78
38 92 7 19 92 7 55 84 27 78 38 92 7 55 84 27 78
38 92 7 19 7 55 84 27 78 38 92 7 55 84 27 78
38 92 7 55 19 7 55 84 27 78 38 92 7 55 84 27 78

79 50 15 67 62 80 47 79 50 15 67 62 80 47
79 50 15 67 62 80 47 79 50 14 50 15 67 62 80 47
79 50 15 67 62 80 47 79 50 15 14 50 15 67 62 80 47
79 50 15 67 62 80 47 79 50 15 14 15 67 62 80 47
79 50 15 67 62 80 47 79 50 15 67 14 15 67 62 80 47
79 50 14 50 15 67 62 80 47 79 50 15 67 62 80 47
79 50 15 14 50 15 67 62 80 47 79 50 15 67 62 80 47
79 50 15 14 15 67 62 80 47 79 50 15 67 62 80 47
79 50 15 67 14 15 67 62 80 47 79 50 15 67 62 80 47

55 42 33 75 23 13 26 55 42 33 75 23 13 26
55 42 33 75 23 13 26 55 42 13 42 33 75 23 13 26
55 42 33 75 23 13 26 55 42 33 13 42 33 75 23 13 26
55 42 33 75 23 13 26 55 42 33 13 33 75 23 13 26
55 42 33 75 23 13 26 55 42 33 75 13 33 75 23 13 26
55 42 13 42 33 75 23 13 26 55 42 33 75 23 13 26
55 42 33 13 42 33 75 23 13 26 55 42 33 75 23 13 26
55 42 33 13 33 75 23 13 26 55 42 33 75 23 13 26
55 42 33 75 13 33 75 23 13 26 55 42 33 75 23 13 26

5 17 75 55 26 63 11 5 17 75 55 26 63 11
5 17 75 55 26 63 11 5 17 7 17 75 55 26 63 11
5 17 75 55 26 63 11 5 17 75 7 17 75 55 26 63 11
5 17 75 55 26 63 11 5 17 75 7 75 55 26 63 11
5 17 75 55 26 63 11 5 17 75 55 7 75 55 26 63 11
5 17 7 17 75 55 26 63 11 5 17 75 55 26 63 11
5 17 75 7 17 75 55 26 63 11 5 17 75 55 26 63 11
5 17 75 7 75 55 26 63 11 5 17 75 55 26 63 11
5 17 75 55 7 75 55 26 63 11 5 17 75 55 26 63 11

61 92 85 40 60 9 73 61 92 85 40 60 9 73
61 92 85 40 60 9 73 61 92 17 92 85 40 60 9 73
61 92 85 40 60 9 73 61 92 85 17 92 85 40 60 9 73
61 92 85 40 60 9 73 61 92 85 17 85 40 60 9 73
61 92 85 40 60 9 73 61 92 85 40 17 85 40 60 9 73
61 92 17 92 85 40 60 9 73 61 92 85 40 60 9 73
61 92 85 17 92 85 40 60 9 73 61 92 85 40 60 9 73
61 92 85 17 85 40 60 9 73 61 92 85 40 60 9 73
61 92 85 40 17 85 40 60 9 73 61 92 85 40 60 9 73

36 70 81 14 57 85 10 36 70 81 14 57 85 10
36 70 81 14 57 85 10 36 70 12 70 81 14 57 85 10
36 70 81 14 57 85 10 36 70 81 12 70 81 14 57 85 10
36 70 81 14 57 85 10 36 70 81 12 81 14 57 85 10
36 70 81 14 57 85 10 36 70 81 14 12 81 14 57 85 10
36 70 12 70 81 14 57 85 10 36 70 81 14 57 85 10
36 70 81 12 70 81 14 57 85 10 36 70 81 14 57 85 10
36 70 81 12 81 14 57 85 10 36 70 81 14 57 85 10
36 70 81 14 12 81 14 57 85 10 36 70 81 14 57 85 10

84 79 70 65 33 35 95 84 79 70 65 33 35 95
84 79 70 65 33 35 95 84 79 6 79 70 65 33 35 95
84 79 70 65 33 35 95 84 79 70 6 79 70 65 33 35 95
84 79 70 65 33 35 95 84 79 70 6 70 65 33 35 95
84 79 70 65 33 35 95 84 79 70 65 6 70 65 33 35 95
84 79 6 79 70 65 33 35 95 84 79 70 65 33 35 95
84 79 70 6 79 70 65 33 35 95 84 79 70 65 33 35 95
84 79 70 6 70 65 33 35 95 84 79 70 65 33 35 95
84 79 70 65 6 70 65 33 35 95 84 79 70 65 33 35 95

96 58 22 8 75 100 52 96 58 22 8 75 100 52
96 58 22 8 75 100 52 96 58 14 58 22 8 75 100 52
96 58 22 8 75 100 52 96 58 22 14 58 22 8 75 100 52
96 58 22 8 75 100 52 96 58 22 14 22 8 75 100 52
96 58 22 8 75 100 52 96 58 22 8 14 22 8 75 100 52
96 58 14 58 22 8 75 100 52 96 58 22 8 75 100 52
96 58 22 14 58 22 8 75 100 52 96 58 22 8 75 100 52
96 58 22 14 22 8 75 100 52 96 58 22 8 75 100 52
96 58 22 8 14 22 8 75 100 52 96 58 22 8 75 100 52

6 69 58 20 53 41 47 6 69 58 20 53 41 47
6 69 58 20 53 41 47 6 69 7 69 58 20 53 41 47
6 69 58 20 53 41 47 6 69 58 7 69 58 20 53 41 47
6 69 58 20 53 41 47 6 69 58 7 58 20 53 41 47
6 69 58 20 53 41 47 6 69 58 20 7 58 20 53 41 47
6 69 7 69 58 20 53 41 47 6 69 58 20 53 41 47
6 69 58 7 69 58 20 53 41 47 6 69 58 20 53 41 47
6 69 58 7 58 20 53 41 47 6 69 58 20 53 41 47
6 69 58 20 7 58 20 53 41 47 6 69 58 20 53 41 47

9 82 24 79 55 73 79 9 82 24 79 55 73 79
9 82 24 79 55 73 79 9 82 7 82 24 79 55 73 79
9 82 24 79 55 73 79 9 82 24 7 82 24 79 55 73 79
9 82 24 79 55 73 79 9 82 24 7 24 79 55 73 79
9 82 24 79 55 73 79 9 82 24 79 7 24 79 55 73 79
9 82 7 82 24 79 55 73 79 9 82 24 79 55 73 79
9 82 24 7 82 24 79 55 73 79 9 82 24 79 55 73 79
9 82 24 7 24 79 55 73 79 9 82 24 79 55 73 79
9 82 24 79 7 24 79 55 73 79 9 82 24 79 55 73 79

28 91 84 91 17 65 41 28 91 84 91 17 65 41
28 91 84 91 17 65 41 28 91 5 91 84 91 17 65 41
28 91 84 91 17 65 41 28 91 84 5 91 84 91 17 65 41
28 91 84 91 17 65 41 28 91 84 5 84 91 17 65 41
28 91 84 91 17 65 41 28 91 84 91 5 84 91 17 65 41
28 91 5 91 84 91 17 65 41 28 91 84 91 17 65 41
28 91 84 5 91 84 91 17 65 41 28 91 84 91 17 65 41
28 91 84 5 84 91 17 65 41 28 91 84 91 17 65 41
28 91 84 91 5 84 91 17 65 41 28 91 84 91 17 65 41

57 42 44 34 12 21 47 57 42 44 34 12 21 47
57 42 44 34 12 21 47 57 42 20 42 44 34 12 21 47
57 42 44 34 12 21 47 57 42 44 20 42 44 34 12 21 47
57 42 44 34 12 21 47 57 42 44 20 44 34 12 21 47
57 42 44 34 12 21 47 57 42 44 34 20 44 34 12 21 47
57 42 20 42 44 34 12 21 47 57 42 44 34 12 21 47
57 42 44 20 42 44 34 12 21 47 57 42 44 34 12 21 47
57 42 44 20 44 34 12 21 47 57 42 44 34 12 21 47
57 42 44 34 20 44 34 12 21 47 57 42 44 34 12 21 47

97 87 5 25 90 32 22 97 87 5 25 90 32 22
97 87 5 25 90 32 22 97 87 14 87 5 25 90 32 22
97 87 5 25 90 32 22 97 87 5 14 87 5 25 90 32 22
97 87 5 25 90 32 22 97 87 5 14 5 25 90 32 22
97 87 5 25 90 32 22 97 87 5 25 14 5 25 90 32 22
97 87 14 87 5 25 90 32 22 97 87 5 25 90 32 22
97 87 5 14 87 5 25 90 32 22 97 87 5 25 90 32 22
97 87 5 14 5 25 90 32 22 97 87 5 25 90 32 22
97 87 5 25 14 5 25 90 32 22 97 87 5 25 90 32 22

32 53 84 5 59 94 26 32 53 84 5 59 94 26
32 53 84 5 59 94 26 32 53 12 53 84 5 59 94 26
32 53 84 5 59 94 26 32 53 84 12 53 84 5 59 94 26
32 53 84 5 59 94 26 32 53 84 12 84 5 59 94 26
32 53 84 5 59 94 26 32 53 84 5 12 84 5 59 94 26
32 53 12 53 84 5 59 94 26 32 53 84 5 59 94 26
32 53 84 12 53 84 5 59 94 26 32 53 84 5 59 94 26
32 53 84 12 84 5 59 94 26 32 53 84 5 59 94 26
32 53 84 5 12 84 5 59 94 26 32 53 84 5 59 94 26

31 68 33 9 85 45 14 31 68 33 9 85 45 14
31 68 33 9 85 45 14 31 68 17 68 33 9 85 45 14
31 68 33 9 85 45 14 31 68 33 17 68 33 9 85 45 14
31 68 33 9 85 45 14 31 68 33 17 33 9 85 45 14
31 68 33 9 85 45 14 31 68 33 9 17 33 9 85 45 14
31 68 17 68 33 9 85 45 14 31 68 33 9 85 45 14
31 68 33 17 68 33 9 85 45 14 31 68 33 9 85 45 14
31 68 33 17 33 9 85 45 14 31 68 33 9 85 45 14
31 68 33 9 17 33 9 85 45 14 31 68 33 9 85 45 14

29 39 80 7 44 76 37 29 39 80 7 44 76 37
29 39 80 7 44 76 37 29 39 19 39 80 7 44 76 37
29 39 80 7 44 76 37 29 39 80 19 39 80 7 44 76 37
29 39 80 7 44 76 37 29 39 80 19 80 7 44 76 37
29 39 80 7 44 76 37 29 39 80 7 19 80 7 44 76 37
29 39 19 39 80 7 44 76 37 29 39 80 7 44 76 37
29 39 80 19 39 80 7 44 76 37 29 39 80 7 44 76 37
29 39 80 19 80 7 44 76 37 29 39 80 7 44 76 37
29 39 80 7 19 80 7 44 76 37 29 39 80 7 44 76 37

75 81 15 98 50 81 32 75 81 15 98 50 81 32
75 81 15 98 50 81 32 75 81 16 81 15 98 50 81 32
75 81 15 98 50 81 32 75 81 15 16 81 15 98 50 81 32
75 81 15 98 50 81 32 75 81 15 16 15 98 50 81 32
75 81 15 98 50 81 32 75 81 15 98 16 15 98 50 81 32
75 81 16 81 15 98 50 81 32 75 81 15 98 50 81 32
75 81 15 16 81 15 98 50 81 32 75 81 15 98 50 81 32
75 81 15 16 15 98 50 81 32 75 81 15 98 50 81 32
75 81 15 98 16 15 98 50 81 32 75 81 15 98 50 81 32

12 9 86 9 78 54 42 12 9 86 9 78 54 42
12 9 86 9 78 54 42 12 9 18 9 86 9 78 54 42
12 9 86 9 78 54 42 12 9 86 18 9 86 9 78 54 42
12 9 86 9 78 54 42 12 9 86 18 86 9 78 54 42
12 9 86 9 78 54 42 12 9 86 9 18 86 9 78 54 42
12 9 18 9 86 9 78 54 42 12 9 86 9 78 54 42
12 9 86 18 9 86 9 78 54 42 12 9 86 9 78 54 42
12 9 86 18 86 9 78 54 42 12 9 86 9 78 54 42
12 9 86 9 18 86 9 78 54 42 12 9 86 9 78 54 42

59 78 58 8 67 37 71 59 78 58 8 67 37 71
59 78 58 8 67 37 71 59 78 7 78 58 8 67 37 71
59 78 58 8 67 37 71 59 78 58 7 78 58 8 67 37 71
59 78 58 8 67 37 71 59 78 58 7 58 8 67 37 71
59 78 58 8 67 37 71 59 78 58 8 7 58 8 67 37 71
59 78 7 78 58 8 67 37 71 59 78 58 8 67 37 71
59 78 58 7 78 58 8 67 37 71 59 78 58 8 67 37 71
59 78 58 7 58 8 67 37 71 59 78 58 8 67 37 71
59 78 58 8 7 58 8 67 37 71 59 78 58 8 67 37 71

82 47 72 69 77 40 11 82 47 72 69 77 40 11
82 47 72 69 77 40 11 82 47 11 47 72 69 77 40 11
82 47 72 69 77 40 11 82 47 72 11 47 72 69 77 40 11
82 47 72 69 77 40 11 82 47 72 11 72 69 77 40 11
82 47 72 69 77 40 11 82 47 72 69 11 72 69 77 40 11
82 47 11 47 72 69 77 40 11 82 47 72 69 77 40 11
82 47 72 11 47 72 69 77 40 11 82 47 72 69 77 40 11
82 47 72 11 72 69 77 40 11 82 47 72 69 77 40 11
82 47 72 69 11 72 69 77 40 11 82 47 72 69 77 40 11

59 77 15 71 34 20 80 59 77 15 71 34 20 80
59 77 15 71 34 20 80 59 77 12 77 15 71 34 20 80
59 77 15 71 34 20 80 59 77 15 12 77 15 71 34 20 80
59 77 15 71 34 20 80 59 77 15 12 15 71 34 20 80
59 77 15 71 34 20 80 59 77 15 71 12 15 71 34 20 80
59 77 12 77 15 71 34 20 80 59 77 15 71 34 20 80
59 77 15 12 77 15 71 34 20 80 59 77 15 71 34 20 80
59 77 15 12 15 71 34 20 80 59 77 15 71 34 20 80
59 77 15 71 12 15 71 34 20 80 59 77 15 71 34 20 80

44 93 62 9 10 7 74 44 93 62 9 10 7 74
44 93 62 9 10 7 74 44 93 11 93 62 9 10 7 74
44 93 62 9 10 7 74 44 93 62 11 93 62 9 10 7 74
44 93 62 9 10 7 74 44 93 62 11 62 9 10 7 74
44 93 62 9 10 7 74 44 93 62 9 11 62 9 10 7 74
44 93 11 93 62 9 10 7 74 44 93 62 9 10 7 74
44 93 62 11 93 62 9 10 7 74 44 93 62 9 10 7 74
44 93 62 11 62 9 10 7 74 44 93 62 9 10 7 74
44 93 62 9 11 62 9 10 7 74 44 93 62 9 10 7 74

56 70 62 75 46 43 24 56 70 62 75 46 43 24
56 70 62 75 46 43 24 56 70 15 70 62 75 46 43 24
56 70 62 75 46 43 24 56 70 62 15 70 62 75 46 43 24
56 70 62 75 46 43 24 56 70 62 15 62 75 46 43 24
56 70 62 75 46 43 24 56 70 62 75 15 62 75 46 43 24
56 70 15 70 62 75 46 43 24 56 70 62 75 46 43 24
56 70 62 15 70 62 75 46 43 24 56 70 62 75 46 43 24
56 70 62 15 62 75 46 43 24 56 70 62 75 46 43 24
56 70 62 75 15 62 75 46 43 24 56 70 62 75 46 43 24

62 37 79 35 86 93 28 62 37 79 35 86 93 28
62 37 79 35 86 93 28 62 37 6 37 79 35 86 93 28
62 37 79 35 86 93 28 62 37 79 6 37 79 35 86 93 28
62 37 79 35 86 93 28 62 37 79 6 79 35 86 93 28
62 37 79 35 86 93 28 62 37 79 35 6 79 35 86 93 28
62 37 6 37 79 35 86 93 28 62 37 79 35 86 93 28
62 37 79 6 37 79 35 86 93 28 62 37 79 35 86 93 28
62 37 79 6 79 35 86 93 28 62 37 79 35 86 93 28
62 37 79 35 6 79 35 86 93 28 62 37 79 35 86 93 28

97 46 32 60 34 26 50 97 46 32 60 34 26 50
97 46 32 60 34 26 50 97 46 9 46 32 60 34 26 50
97 46 32 60 34 26 50 97 46 32 9 46 32 60 34 26 50
97 46 32 60 34 26 50 97 46 32 9 32 60 34 26 50
97 46 32 60 34 26 50 97 46 32 60 9 32 60 34 26 50
97 46 9 46 32 60 34 26 50 97 46 32 60 34 26 50
97 46 32 9 46 32 60 34 26 50 97 46 32 60 34 26 50
97 46 32 9 32 60 34 26 50 97 46 32 60 34 26 50
97 46 32 60 9 32 60 34 26 50 97 46 32 60 34 26 50

77 84 71 25 22 33 74 77 84 71 25 22 33 74
77 84 71 25 22 33 74 77 84 14 84 71 25 22 33 74
77 84 71 25 22 33 74 77 84 71 14 84 71 25 22 33 74
77 84 71 25 22 33 74 77 84 71 14 71 25 22 33 74
77 84 71 25 22 33 74 77 84 71 25 14 71 25 22 33 74
77 84 14 84 71 25 22 33 74 77 84 71 25 22 33 74
77 84 71 14 84 71 25 22 33 74 77 84 71 25 22 33 74
77 84 71 14 71 25 22 33 74 77 84 71 25 22 33 74
77 84 71 25 14 71 25 22 33 74 77 84 71 25 22 33 74

85 51 70 73 93 60 8 85 51 70 73 93 60 8
85 51 70 73 93 60 8 85 51 7 51 70 73 93 60 8
85 51 70 73 93 60 8 85 51 70 7 51 70 73 93 60 8
85 51 70 73 93 60 8 85 51 70 7 70 73 93 60 8
85 51 70 73 93 60 8 85 51 70 73 7 70 73 93 60 8
85 51 7 51 70 73 93 60 8 85 51 70 73 93 60 8
85 51 70 7 51 70 73 93 60 8 85 51 70 73 93 60 8
85 51 70 7 70 73 93 60 8 85 51 70 73 93 60 8
85 51 70 73 7 70 73 93 60 8 85 51 70 73 93 60 8

82 73 95 7 50 65 62 82 73 95 7 50 65 62
82 73 95 7 50 65 62 82 73 16 73 95 7 50 65 62
82 73 95 7 50 65 62 82 73 95 16 73 95 7 50 65 62
82 73 95 7 50 65 62 82 73 95 16 95 7 50 65 62
82 73 95 7 50 65 62 82 73 95 7 16 95 7 50 65 62
82 73 16 73 95 7 50 65 62 82 73 95 7 50 65 62
82 73 95 16 73 95 7 50 65 62 82 73 95 7 50 65 62
82 73 95 16 95 7 50 65 62 82 73 95 7 50 65 62
82 73 95 7 16 95 7 50 65 62 82 73 95 7 50 65 62

43 26 86 49 30 70 25 43 26 86 49 30 70 25
43 26 86 49 30 70 25 43 26 15 26 86 49 30 70 25
43 26 86 49 30 70 25 43 26 86 15 26 86 49 30 70 25
43 26 86 49 30 70 25 43 26 86 15 86 49 30 70 25
43 26 86 49 30 70 25 43 26 86 49 15 86 49 30 70 25
43 26 15 26 86 49 30 70 25 43 26 86 49 30 70 25
43 26 86 15 26 86 49 30 70 25 43 26 86 49 30 70 25
43 26 86 15 86 49 30 70 25 43 26 86 49 30 70 25
43 26 86 49 15 86 49 30 70 25 43 26 86 49 30 70 25

83 55 64 77 40 94 97 83 55 64 77 40 94 97
83 55 64 77 40 94 97 83 55 17 55 64 77 40 94 97
83 55 64 77 40 94 97 83 55 64 17 55 64 77 40 94 97
83 55 64 77 40 94 97 83 55 64 17 64 77 40 94 97
83 55 64 77 40 94 97 83 55 64 77 17 64 77 40 94 97
83 55 17 55 64 77 40 94 97 83 55 64 77 40 94 97
83 55 64 17 55 64 77 40 94 97 83 55 64 77 40 94 97
83 55 64 17 64 77 40 94 97 83 55 64 77 40 94 97
83 55 64 77 17 64 77 40 94 97 83 55 64 77 40 94 97

63 83 82 45 23 82 60 63 83 82 45 23 82 60
63 83 82 45 23 82 60 63 83 6 83 82 45 23 82 60
63 83 82 45 23 82 60 63 83 82 6 83 82 45 23 82 60
63 83 82 45 23 82 60 63 83 82 6 82 45 23 82 60
63 83 82 45 23 82 60 63 83 82 45 6 82 45 23 82 60
63 83 6 83 82 45 23 82 60 63 83 82 45 23 82 60
63 83 82 6 83 82 45 23 82 60 63 83 82 45 23 82 60
63 83 82 6 82 45 23 82 60 63 83 82 45 23 82 60
63 83 82 45 6 82 45 23 82 60 63 83 82 45 23 82 60

99 95 6 40 90 76 74 99 95 6 40 90 76 74
99 95 6 40 90 76 74 99 95 13 95 6 40 90 76 74
99 95 6 40 90 76 74 99 95 6 13 95 6 40 90 76 74
99 95 6 40 90 76 74 99 95 6 13 6 40 90 76 74
99 95 6 40 90 76 74 99 95 6 40 13 6 40 90 76 74
99 95 13 95 6 40 90 76 74 99 95 6 40 90 76 74
99 95 6 13 95 6 40 90 76 74 99 95 6 40 90 76 74
99 95 6 13 6 40 90 76 74 99 95 6 40 90 76 74
99 95 6 40 13 6 40 90 76 74 99 95 6 40 90 76 74

38 76 30 87 28 84 65 38 76 30 87 28 84 65
38 76 30 87 28 84 65 38 76 20 76 30 87 28 84 65
38 76 30 87 28 84 65 38 76 30 20 76 30 87 28 84 65
38 76 30 87 28 84 65 38 76 30 20 30 87 28 84 65
38 76 30 87 28 84 65 38 76 30 87 20 30 87 28 84 65
38 76 20 76 30 87 28 84 65 38 76 30 87 28 84 65
38 76 30 20 76 30 87 28 84 65 38 76 30 87 28 84 65
38 76 30 20 30 87 28 84 65 38 76 30 87 28 84 65
38 76 30 87 20 30 87 28 84 65 38 76 30 87 28 84 65

90 38 13 24 67 30 39 90 38 13 24 67 30 39
90 38 13 24 67 30 39 90 38 18 38 13 24 67 30 39
90 38 13 24 67 30 39 90 38 13 18 38 13 24 67 30 39
90 38 13 24 67 30 39 90 38 13 18 13 24 67 30 39
90 38 13 24 67 30 39 90 38 13 24 18 13 24 67 30 39
90 38 18 38 13 24 67 30 39 90 38 13 24 67 30 39
90 38 13 18 38 13 24 67 30 39 90 38 13 24 67 30 39
90 38 13 18 13 24 67 30 39 90 38 13 24 67 30 39
90 38 13 24 18 13 24 67 30 39 90 38 13 24 67 30 39

31 57 55 20 17 61 100 31 57 55 20 17 61 100
31 57 55 20 17 61 100 31 57 17 57 55 20 17 61 100
31 57 55 20 17 61 100 31 57 55 17 57 55 20 17 61 100
31 57 55 20 17 61 100 31 57 55 17 55 20 17 61 100
31 57 55 20 17 61 100 31 57 55 20 17 55 20 17 61 100
31 57 17 57 55 20 17 61 100 31 57 55 20 17 61 100
31 57 55 17 57 55 20 17 61 100 31 57 55 20 17 61 100
31 57 55 17 55 20 17 61 100 31 57 55 20 17 61 100
31 57 55 20 17 55 20 17 61 100 31 57 55 20 17 61 100

54 60 99 47 40 74 13 54 60 99 47 40 74 13
54 60 99 47 40 74 13 54 60 6 60 99 47 40 74 13
54 60 99 47 40 74 13 54 60 99 6 60 99 47 40 74 13
54 60 99 47 40 74 13 54 60 99 6 99 47 40 74 13
54 60 99 47 40 74 13 54 60 99 47 6 99 47 40 74 13
54 60 6 60 99 47 40 74 13 54 60 99 47 40 74 13
54 60 99 6 60 99 47 40 74 13 54 60 99 47 40 74 13
54 60 99 6 99 47 40 74 13 54 60 99 47 40 74 13
54 60 99 47 6 99 47 40 74 13 54 60 99 47 40 74 13

36 51 84 20 23 32 16 36 51 84 20 23 32 16
36 51 84 20 23 32 16 36 51 6 51 84 20 23 32 16
36 51 84 20 23 32 16 36 51 84 6 51 84 20 23 32 16
36 51 84 20 23 32 16 36 51 84 6 84 20 23 32 16
36 51 84 20 23 32 16 36 51 84 20 6 84 20 23 32 16
36 51 6 51 84 20 23 32 16 36 51 84 20 23 32 16
36 51 84 6 51 84 20 23 32 16 36 51 84 20 23 32 16
36 51 84 6 84 20 23 32 16 36 51 84 20 23 32 16
36 51 84 20 6 84 20 23 32 16 36 51 84 20 23 32 16

92 33 99 52 78 86 89 92 33 99 52 78 86 89
92 33 99 52 78 86 89 92 33 16 33 99 52 78 86 89
92 33 99 52 78 86 89 92 33 99 16 33 99 52 78 86 89
92 33 99 52 78 86 89 92 33 99 16 99 52 78 86 89
92 33 99 52 78 86 89 92 33 99 52 16 99 52 78 86 89
92 33 16 33 99 52 78 86 89 92 33 99 52 78 86 89
92 33 99 16 33 99 52 78 86 89 92 33 99 52 78 86 89
92 33 99 16 99 52 78 86 89 92 33 99 52 78 86 89
92 33 99 52 16 99 52 78 86 89 92 33 99 52 78 86 89

77 54 25 29 86 93 94 77 54 25 29 86 93 94
77 54 25 29 86 93 94 77 54 15 54 25 29 86 93 94
77 54 25 29 86 93 94 77 54 25 15 54 25 29 86 93 94
77 54 25 29 86 93 94 77 54 25 15 25 29 86 93 94
77 54 25 29 86 93 94 77 54 25 29 15 25 29 86 93 94
77 54 15 54 25 29 86 93 94 77 54 25 29 86 93 94
77 54 25 15 54 25 29 86 93 94 77 54 25 29 86 93 94
77 54 25 15 25 29 86 93 94 77 54 25 29 86 93 94
77 54 25 29 15 25 29 86 93 94 77 54 25 29 86 93 94

6 12 91 37 14 31 54 6 12 91 37 14 31 54
6 12 91 37 14 31 54 6 12 7 12 91 37 14 31 54
6 12 91 37 14 31 54 6 12 91 7 12 91 37 14 31 54
6 12 91 37 14 31 54 6 12 91 7 91 37 14 31 54
6 12 91 37 14 31 54 6 12 91 37 7 91 37 14 31 54
6 12 7 12 91 37 14 31 54 6 12 91 37 14 31 54
6 12 91 7 12 91 37 14 31 54 6 12 91 37 14 31 54
6 12 91 7 91 37 14 31 54 6 12 91 37 14 31 54
6 12 91 37 7 91 37 14 31 54 6 12 91 37 14 31 54

47 67 41 62 38 70 77 47 67 41 62 38 70 77
47 67 41 62 38 70 77 47 67 11 67 41 62 38 70 77
47 67 41 62 38 70 77 47 67 41 11 67 41 62 38 70 77
47 67 41 62 38 70 77 47 67 41 11 41 62 38 70 77
47 67 41 62 38 70 77 47 67 41 62 11 41 62 38 70 77
47 67 11 67 41 62 38 70 77 47 67 41 62 38 70 77
47 67 41 11 67 41 62 38 70 77 47 67 41 62 38 70 77
47 67 41 11 41 62 38 70 77 47 67 41 62 38 70 77
47 67 41 62 11 41 62 38 70 77 47 67 41 62 38 70 77

9 55 50 82 18 38 26 9 55 50 82 18 38 26
9 55 50 82 18 38 26 9 55 6 55 50 82 18 38 26
9 55 50 82 18 38 26 9 55 50 6 55 50 82 18 38 26
9 55 50 82 18 38 26 9 55 50 6 50 82 18 38 26
9 55 50 82 18 38 26 9 55 50 82 6 50 82 18 38 26
9 55 6 55 50 82 18 38 26 9 55 50 82 18 38 26
9 55 50 6 55 50 82 18 38 26 9 55 50 82 18 38 26
9 55 50 6 50 82 18 38 26 9 55 50 82 18 38 26
9 55 50 82 6 50 82 18 38 26 9 55 50 82 18 38 26

96 38 23 83 35 28 50 96 38 23 83 35 28 50
96 38 23 83 35 28 50 96 38 5 38 23 83 35 28 50
96 38 23 83 35 28 50 96 38 23 5 38 23 83 35 28 50
96 38 23 83 35 28 50 96 38 23 5 23 83 35 28 50
96 38 23 83 35 28 50 96 38 23 83 5 23 83 35 28 50
96 38 5 38 23 83 35 28 50 96 38 23 83 35 28 50
96 38 23 5 38 23 83 35 28 50 96 38 23 83 35 28 50
96 38 23 5 23 83 35 28 50 96 38 23 83 35 28 50
96 38 23 83 5 23 83 35 28 50 96 38 23 83 35 28 50

41 78 75 82 90 9 24 41 78 75 82 90 9 24
41 78 75 82 90 9 24 41 78 18 78 75 82 90 9 24
41 78 75 82 90 9 24 41 78 75 18 78 75 82 90 9 24
41 78 75 82 90 9 24 41 78 75 18 75 82 90 9 24
41 78 75 82 90 9 24 41 78 75 82 18 75 82 90 9 24
41 78 18 78 75 82 90 9 24 41 78 75 82 90 9 24
41 78 75 18 78 75 82 90 9 24 41 78 75 82 90 9 24
41 78 75 18 75 82 90 9 24 41 78 75 82 90 9 24
41 78 75 82 18 75 82 90 9 24 41 78 75 82 90 9 24

84 30 76 49 5 7 5 84 30 76 49 5 7 5
84 30 76 49 5 7 5 84 30 17 30 76 49 5 7 5
84 30 76 49 5 7 5 84 30 76 17 30 76 49 5 7 5
84 30 76 49 5 7 5 84 30 76 17 76 49 5 7 5
84 30 76 49 5 7 5 84 30 76 49 17 76 49 5 7 5
84 30 17 30 76 49 5 7 5 84 30 76 49 5 7 5
84 30 76 17 30 76 49 5 7 5 84 30 76 49 5 7 5
84 30 76 17 76 49 5 7 5 84 30 76 49 5 7 5
84 30 76 49 17 76 49 5 7 5 84 30 76 49 5 7 5

30 84 96 60 53 61 66 30 84 96 60 53 61 66
30 84 96 60 53 61 66 30 84 9 84 96 60 53 61 66
30 84 96 60 53 61 66 30 84 96 9 84 96 60 53 61 66
30 84 96 60 53 61 66 30 84 96 9 96 60 53 61 66
30 84 96 60 53 61 66 30 84 96 60 9 96 60 53 61 66
30 84 9 84 96 60 53 61 66 30 84 96 60 53 61 66
30 84 96 9 84 96 60 53 61 66 30 84 96 60 53 61 66
30 84 96 9 96 60 53 61 66 30 84 96 60 53 61 66
30 84 96 60 9 96 60 53 61 66 30 84 96 60 53 61 66

64 65 50 61 60 77 79 64 65 50 61 60 77 79
64 65 50 61 60 77 79 64 65 19 65 50 61 60 77 79
64 65 50 61 60 77 79 64 65 50 19 65 50 61 60 77 79
64 65 50 61 60 77 79 64 65 50 19 50 61 60 77 79
64 65 50 61 60 77 79 64 65 50 61 19 50 61 60 77 79
64 65 19 65 50 61 60 77 79 64 65 50 61 60 77 79
64 65 50 19 65 50 61 60 77 79 64 65 50 61 60 77 79
64 65 50 19 50 61 60 77 79 64 65 50 61 60 77 79
64 65 50 61 19 50 61 60 77 79 64 65 50 61 60 77 79

91 22 31 55 48 23 8 91 22 31 55 48 23 8
91 22 31 55 48 23 8 91 22 6 22 31 55 48 23 8
91 22 31 55 48 23 8 91 22 31 6 22 31 55 48 23 8
91 22 31 55 48 23 8 91 22 31 6 31 55 48 23 8
91 22 31 55 48 23 8 91 22 31 55 6 31 55 48 23 8
91 22 6 22 31 55 48 23 8 91 22 31 55 48 23 8
91 22 31 6 22 31 55 48 23 8 91 22 31 55 48 23 8
91 22 31 6 31 55 48 23 8 91 22 31 55 48 23 8
91 22 31 55 6 31 55 48 23 8 91 22 31 55 48 23 8

62 59 83 11 85 99 92 62 59 83 11 85 99 92
62 59 83 11 85 99 92 62 59 13 59 83 11 85 99 92
62 59 83 11 85 99 92 62 59 83 13 59 83 11 85 99 92
62 59 83 11 85 99 92 62 59 83 13 83 11 85 99 92
62 59 83 11 85 99 92 62 59 83 11 13 83 11 85 99 92
62 59 13 59 83 11 85 99 92 62 59 83 11 85 99 92
62 59 83 13 59 83 11 85 99 92 62 59 83 11 85 99 92
62 59 83 13 83 11 85 99 92 62 59 83 11 85 99 92
62 59 83 11 13 83 11 85 99 92 62 59 83 11 85 99 92

49 41 98 73 90 42 92 49 41 98 73 90 42 92
49 41 98 73 90 42 92 49 41 5 41 98 73 90 42 92
49 41 98 73 90 42 92 49 41 98 5 41 98 73 90 42 92
49 41 98 73 90 42 92 49 41 98 5 98 73 90 42 92
49 41 98 73 90 42 92 49 41 98 73 5 98 73 90 42 92
49 41 5 41 98 73 90 42 92 49 41 98 73 90 42 92
49 41 98 5 41 98 73 90 42 92 49 41 98 73 90 42 92
49 41 98 5 98 73 90 42 92 49 41 98 73 90 42 92
49 41 98 73 5 98 73 90 42 92 49 41 98 73 90 42 92

