100
7
4
2

5
23
21
23
6
7
30
18
24
15
12
20
21
4
11
29
9
25
9
30
0
2
21
4
19
4
22
18
19
0
24
28
10
1
26
5
6
17
23
30
28
12
17
18
21
27
23
9
9
25
25
8
2
2
22
22
3
26
10
18
17
26
30
3
30
20
21
13
24
21
8
27
20
16
17
11
20
15
14
8
11
30
19
4
27
10
2
15
9
6
8
5
16
9
20
1
28
18
22
30

108 51 
27 65 
26 29 
67 71 
115 112 
90 97 
40 60 
86 45 
84 50 
110 22 
101 87 
23 53 
114 85 
94 23 
66 75 
52 93 
97 87 
104 24 
103 38 
90 31 
114 64 
31 55 
36 78 
69 31 
63 60 
56 68 
41 85 
95 79 
83 93 
34 59 
93 74 
66 60 
27 86 
70 25 
62 92 
74 52 
35 106 
28 47 
60 96 
71 67 
69 79 
75 104 
14 46 
110 21 
99 68 
36 41 
70 45 
43 60 
101 68 
44 33 
75 38 
103 109 
40 100 
52 41 
62 62 
94 27 
93 37 
54 28 
34 42 
56 28 
68 102 
51 38 
13 64 
31 53 
74 43 
68 56 
54 30 
70 42 
106 25 
29 33 
43 44 
60 44 
17 32 
83 85 
30 90 
60 77 
47 23 
74 28 
36 72 
23 39 
102 47 
56 78 
97 54 
57 85 
56 38 
54 94 
53 33 
37 78 
40 89 
56 95 
67 20 
78 43 
69 67 
14 70 
95 95 
76 86 
102 86 
60 120 
104 98 
35 32 

2196
1795
1262
1579
2173
2429
1545
1580
1758
2062
2340
924
2292
1898
1933
1966
1671
1423
1757
1965
1429
1838
2314
1918
1848
1567
2143
2274
1973
1494
1933
1998
1991
1328
1656
2213
2125
848
1810
1958
2668
2119
1897
1796
2167
1368
2006
1692
2295
1211
1793
2233
1882
1857
1421
1338
1921
883
1891
1706
2122
1194
1771
1764
2307
1474
1707
1664
2318
1506
1851
1588
1584
1757
1268
1509
1083
1521
2171
1921
2144
2238
2524
2240
1922
1800
1437
1977
2140
2224
1773
1388
1797
1632
2539
1504
2028
2200
1728
1463

1 2 3 4 5 1 2 3 4 5 6 7
1 2 3 4 5 1 2 100 102 3 4 5 6 7
1 2 3 4 5 1 2 3 100 102 103 4 5 6 7
1 2 3 4 5 1 2 3 100 103 4 5 6 7
1 2 3 4 5 1 2 3 4 100 103 104 5 6 7
1 2 100 102 3 4 5 1 2 3 4 5 6 7
1 2 3 100 102 103 4 5 1 2 3 4 5 6 7
1 2 3 100 103 4 5 1 2 3 4 5 6 7
1 2 3 4 100 103 104 5 1 2 3 4 5 6 7

38 95 95 32 44 84 74 38 95 95 32 44 84 74
38 95 95 32 44 84 74 38 95 5 95 95 32 44 84 74
38 95 95 32 44 84 74 38 95 95 5 95 95 32 44 84 74
38 95 95 32 44 84 74 38 95 95 5 95 32 44 84 74
38 95 95 32 44 84 74 38 95 95 32 5 95 32 44 84 74
38 95 5 95 95 32 44 84 74 38 95 95 32 44 84 74
38 95 95 5 95 95 32 44 84 74 38 95 95 32 44 84 74
38 95 95 5 95 32 44 84 74 38 95 95 32 44 84 74
38 95 95 32 5 95 32 44 84 74 38 95 95 32 44 84 74

73 69 22 55 22 59 64 73 69 22 55 22 59 64
73 69 22 55 22 59 64 73 69 7 69 22 55 22 59 64
73 69 22 55 22 59 64 73 69 22 7 69 22 55 22 59 64
73 69 22 55 22 59 64 73 69 22 7 22 55 22 59 64
73 69 22 55 22 59 64 73 69 22 55 7 22 55 22 59 64
73 69 7 69 22 55 22 59 64 73 69 22 55 22 59 64
73 69 22 7 69 22 55 22 59 64 73 69 22 55 22 59 64
73 69 22 7 22 55 22 59 64 73 69 22 55 22 59 64
73 69 22 55 7 22 55 22 59 64 73 69 22 55 22 59 64

94 33 10 13 30 41 27 94 33 10 13 30 41 27
94 33 10 13 30 41 27 94 33 6 33 10 13 30 41 27
94 33 10 13 30 41 27 94 33 10 6 33 10 13 30 41 27
94 33 10 13 30 41 27 94 33 10 6 10 13 30 41 27
94 33 10 13 30 41 27 94 33 10 13 6 10 13 30 41 27
94 33 6 33 10 13 30 41 27 94 33 10 13 30 41 27
94 33 10 6 33 10 13 30 41 27 94 33 10 13 30 41 27
94 33 10 6 10 13 30 41 27 94 33 10 13 30 41 27
94 33 10 13 6 10 13 30 41 27 94 33 10 13 30 41 27

17 76 58 53 6 87 22 17 76 58 53 6 87 22
17 76 58 53 6 87 22 17 76 19 76 58 53 6 87 22
17 76 58 53 6 87 22 17 76 58 19 76 58 53 6 87 22
17 76 58 53 6 87 22 17 76 58 19 58 53 6 87 22
17 76 58 53 6 87 22 17 76 58 53 19 58 53 6 87 22
17 76 19 76 58 53 6 87 22 17 76 58 53 6 87 22
17 76 58 19 76 58 53 6 87 22 17 76 58 53 6 87 22
17 76 58 19 58 53 6 87 22 17 76 58 53 6 87 22
17 76 58 53 19 58 53 6 87 22 17 76 58 53 6 87 22

18 80 97 96 20 89 42 18 80 97 96 20 89 42
18 80 97 96 20 89 42 18 80 5 80 97 96 20 89 42
18 80 97 96 20 89 42 18 80 97 5 80 97 96 20 89 42
18 80 97 96 20 89 42 18 80 97 5 97 96 20 89 42
18 80 97 96 20 89 42 18 80 97 96 5 97 96 20 89 42
18 80 5 80 97 96 20 89 42 18 80 97 96 20 89 42
18 80 97 5 80 97 96 20 89 42 18 80 97 96 20 89 42
18 80 97 5 97 96 20 89 42 18 80 97 96 20 89 42
18 80 97 96 5 97 96 20 89 42 18 80 97 96 20 89 42

22 89 81 90 57 70 98 22 89 81 90 57 70 98
22 89 81 90 57 70 98 22 89 18 89 81 90 57 70 98
22 89 81 90 57 70 98 22 89 81 18 89 81 90 57 70 98
22 89 81 90 57 70 98 22 89 81 18 81 90 57 70 98
22 89 81 90 57 70 98 22 89 81 90 18 81 90 57 70 98
22 89 18 89 81 90 57 70 98 22 89 81 90 57 70 98
22 89 81 18 89 81 90 57 70 98 22 89 81 90 57 70 98
22 89 81 18 81 90 57 70 98 22 89 81 90 57 70 98
22 89 81 90 18 81 90 57 70 98 22 89 81 90 57 70 98

90 52 32 44 10 53 16 90 52 32 44 10 53 16
90 52 32 44 10 53 16 90 52 7 52 32 44 10 53 16
90 52 32 44 10 53 16 90 52 32 7 52 32 44 10 53 16
90 52 32 44 10 53 16 90 52 32 7 32 44 10 53 16
90 52 32 44 10 53 16 90 52 32 44 7 32 44 10 53 16
90 52 7 52 32 44 10 53 16 90 52 32 44 10 53 16
90 52 32 7 52 32 44 10 53 16 90 52 32 44 10 53 16
90 52 32 7 32 44 10 53 16 90 52 32 44 10 53 16
90 52 32 44 7 32 44 10 53 16 90 52 32 44 10 53 16

43 8 78 35 26 85 74 43 8 78 35 26 85 74
43 8 78 35 26 85 74 43 8 16 8 78 35 26 85 74
43 8 78 35 26 85 74 43 8 78 16 8 78 35 26 85 74
43 8 78 35 26 85 74 43 8 78 16 78 35 26 85 74
43 8 78 35 26 85 74 43 8 78 35 16 78 35 26 85 74
43 8 16 8 78 35 26 85 74 43 8 78 35 26 85 74
43 8 78 16 8 78 35 26 85 74 43 8 78 35 26 85 74
43 8 78 16 78 35 26 85 74 43 8 78 35 26 85 74
43 8 78 35 16 78 35 26 85 74 43 8 78 35 26 85 74

38 96 72 39 20 46 31 38 96 72 39 20 46 31
38 96 72 39 20 46 31 38 96 9 96 72 39 20 46 31
38 96 72 39 20 46 31 38 96 72 9 96 72 39 20 46 31
38 96 72 39 20 46 31 38 96 72 9 72 39 20 46 31
38 96 72 39 20 46 31 38 96 72 39 9 72 39 20 46 31
38 96 9 96 72 39 20 46 31 38 96 72 39 20 46 31
38 96 72 9 96 72 39 20 46 31 38 96 72 39 20 46 31
38 96 72 9 72 39 20 46 31 38 96 72 39 20 46 31
38 96 72 39 9 72 39 20 46 31 38 96 72 39 20 46 31

66 72 93 15 52 44 68 66 72 93 15 52 44 68
66 72 93 15 52 44 68 66 72 14 72 93 15 52 44 68
66 72 93 15 52 44 68 66 72 93 14 72 93 15 52 44 68
66 72 93 15 52 44 68 66 72 93 14 93 15 52 44 68
66 72 93 15 52 44 68 66 72 93 15 14 93 15 52 44 68
66 72 14 72 93 15 52 44 68 66 72 93 15 52 44 68
66 72 93 14 72 93 15 52 44 68 66 72 93 15 52 44 68
66 72 93 14 93 15 52 44 68 66 72 93 15 52 44 68
66 72 93 15 14 93 15 52 44 68 66 72 93 15 52 44 68

92 22 95 75 58 64 63 92 22 95 75 58 64 63
92 22 95 75 58 64 63 92 22 19 22 95 75 58 64 63
92 22 95 75 58 64 63 92 22 95 19 22 95 75 58 64 63
92 22 95 75 58 64 63 92 22 95 19 95 75 58 64 63
92 22 95 75 58 64 63 92 22 95 75 19 95 75 58 64 63
92 22 19 22 95 75 58 64 63 92 22 95 75 58 64 63
92 22 95 19 22 95 75 58 64 63 92 22 95 75 58 64 63
92 22 95 19 95 75 58 64 63 92 22 95 75 58 64 63
92 22 95 75 19 95 75 58 64 63 92 22 95 75 58 64 63

30 23 11 34 40 8 32 30 23 11 34 40 8 32
30 23 11 34 40 8 32 30 23 13 23 11 34 40 8 32
30 23 11 34 40 8 32 30 23 11 13 23 11 34 40 8 32
30 23 11 34 40 8 32 30 23 11 13 11 34 40 8 32
30 23 11 34 40 8 32 30 23 11 34 13 11 34 40 8 32
30 23 13 23 11 34 40 8 32 30 23 11 34 40 8 32
30 23 11 13 23 11 34 40 8 32 30 23 11 34 40 8 32
30 23 11 13 11 34 40 8 32 30 23 11 34 40 8 32
30 23 11 34 13 11 34 40 8 32 30 23 11 34 40 8 32

61 26 95 65 69 40 96 61 26 95 65 69 40 96
61 26 95 65 69 40 96 61 26 13 26 95 65 69 40 96
61 26 95 65 69 40 96 61 26 95 13 26 95 65 69 40 96
61 26 95 65 69 40 96 61 26 95 13 95 65 69 40 96
61 26 95 65 69 40 96 61 26 95 65 13 95 65 69 40 96
61 26 13 26 95 65 69 40 96 61 26 95 65 69 40 96
61 26 95 13 26 95 65 69 40 96 61 26 95 65 69 40 96
61 26 95 13 95 65 69 40 96 61 26 95 65 69 40 96
61 26 95 65 13 95 65 69 40 96 61 26 95 65 69 40 96

31 84 74 18 65 9 97 31 84 74 18 65 9 97
31 84 74 18 65 9 97 31 84 20 84 74 18 65 9 97
31 84 74 18 65 9 97 31 84 74 20 84 74 18 65 9 97
31 84 74 18 65 9 97 31 84 74 20 74 18 65 9 97
31 84 74 18 65 9 97 31 84 74 18 20 74 18 65 9 97
31 84 20 84 74 18 65 9 97 31 84 74 18 65 9 97
31 84 74 20 84 74 18 65 9 97 31 84 74 18 65 9 97
31 84 74 20 74 18 65 9 97 31 84 74 18 65 9 97
31 84 74 18 20 74 18 65 9 97 31 84 74 18 65 9 97

24 92 58 57 41 46 68 24 92 58 57 41 46 68
24 92 58 57 41 46 68 24 92 10 92 58 57 41 46 68
24 92 58 57 41 46 68 24 92 58 10 92 58 57 41 46 68
24 92 58 57 41 46 68 24 92 58 10 58 57 41 46 68
24 92 58 57 41 46 68 24 92 58 57 10 58 57 41 46 68
24 92 10 92 58 57 41 46 68 24 92 58 57 41 46 68
24 92 58 10 92 58 57 41 46 68 24 92 58 57 41 46 68
24 92 58 10 58 57 41 46 68 24 92 58 57 41 46 68
24 92 58 57 10 58 57 41 46 68 24 92 58 57 41 46 68

84 38 46 75 55 38 32 84 38 46 75 55 38 32
84 38 46 75 55 38 32 84 38 19 38 46 75 55 38 32
84 38 46 75 55 38 32 84 38 46 19 38 46 75 55 38 32
84 38 46 75 55 38 32 84 38 46 19 46 75 55 38 32
84 38 46 75 55 38 32 84 38 46 75 19 46 75 55 38 32
84 38 19 38 46 75 55 38 32 84 38 46 75 55 38 32
84 38 46 19 38 46 75 55 38 32 84 38 46 75 55 38 32
84 38 46 19 46 75 55 38 32 84 38 46 75 55 38 32
84 38 46 75 19 46 75 55 38 32 84 38 46 75 55 38 32

32 35 85 73 30 36 30 32 35 85 73 30 36 30
32 35 85 73 30 36 30 32 35 7 35 85 73 30 36 30
32 35 85 73 30 36 30 32 35 85 7 35 85 73 30 36 30
32 35 85 73 30 36 30 32 35 85 7 85 73 30 36 30
32 35 85 73 30 36 30 32 35 85 73 7 85 73 30 36 30
32 35 7 35 85 73 30 36 30 32 35 85 73 30 36 30
32 35 85 7 35 85 73 30 36 30 32 35 85 73 30 36 30
32 35 85 7 85 73 30 36 30 32 35 85 73 30 36 30
32 35 85 73 7 85 73 30 36 30 32 35 85 73 30 36 30

57 20 85 5 8 56 75 57 20 85 5 8 56 75
57 20 85 5 8 56 75 57 20 12 20 85 5 8 56 75
57 20 85 5 8 56 75 57 20 85 12 20 85 5 8 56 75
57 20 85 5 8 56 75 57 20 85 12 85 5 8 56 75
57 20 85 5 8 56 75 57 20 85 5 12 85 5 8 56 75
57 20 12 20 85 5 8 56 75 57 20 85 5 8 56 75
57 20 85 12 20 85 5 8 56 75 57 20 85 5 8 56 75
57 20 85 12 85 5 8 56 75 57 20 85 5 8 56 75
57 20 85 5 12 85 5 8 56 75 57 20 85 5 8 56 75

85 26 84 18 21 82 49 85 26 84 18 21 82 49
85 26 84 18 21 82 49 85 26 17 26 84 18 21 82 49
85 26 84 18 21 82 49 85 26 84 17 26 84 18 21 82 49
85 26 84 18 21 82 49 85 26 84 17 84 18 21 82 49
85 26 84 18 21 82 49 85 26 84 18 17 84 18 21 82 49
85 26 17 26 84 18 21 82 49 85 26 84 18 21 82 49
85 26 84 17 26 84 18 21 82 49 85 26 84 18 21 82 49
85 26 84 17 84 18 21 82 49 85 26 84 18 21 82 49
85 26 84 18 17 84 18 21 82 49 85 26 84 18 21 82 49

81 16 85 19 66 91 47 81 16 85 19 66 91 47
81 16 85 19 66 91 47 81 16 5 16 85 19 66 91 47
81 16 85 19 66 91 47 81 16 85 5 16 85 19 66 91 47
81 16 85 19 66 91 47 81 16 85 5 85 19 66 91 47
81 16 85 19 66 91 47 81 16 85 19 5 85 19 66 91 47
81 16 5 16 85 19 66 91 47 81 16 85 19 66 91 47
81 16 85 5 16 85 19 66 91 47 81 16 85 19 66 91 47
81 16 85 5 85 19 66 91 47 81 16 85 19 66 91 47
81 16 85 19 5 85 19 66 91 47 81 16 85 19 66 91 47

16 24 100 53 23 36 27 16 24 100 53 23 36 27
16 24 100 53 23 36 27 16 24 11 24 100 53 23 36 27
16 24 100 53 23 36 27 16 24 100 11 24 100 53 23 36 27
16 24 100 53 23 36 27 16 24 100 11 100 53 23 36 27
16 24 100 53 23 36 27 16 24 100 53 11 100 53 23 36 27
16 24 11 24 100 53 23 36 27 16 24 100 53 23 36 27
16 24 100 11 24 100 53 23 36 27 16 24 100 53 23 36 27
16 24 100 11 100 53 23 36 27 16 24 100 53 23 36 27
16 24 100 53 11 100 53 23 36 27 16 24 100 53 23 36 27

34 79 21 36 91 27 87 34 79 21 36 91 27 87
34 79 21 36 91 27 87 34 79 13 79 21 36 91 27 87
34 79 21 36 91 27 87 34 79 21 13 79 21 36 91 27 87
34 79 21 36 91 27 87 34 79 21 13 21 36 91 27 87
34 79 21 36 91 27 87 34 79 21 36 13 21 36 91 27 87
34 79 13 79 21 36 91 27 87 34 79 21 36 91 27 87
34 79 21 13 79 21 36 91 27 87 34 79 21 36 91 27 87
34 79 21 13 21 36 91 27 87 34 79 21 36 91 27 87
34 79 21 36 13 21 36 91 27 87 34 79 21 36 91 27 87

84 91 23 58 79 39 69 84 91 23 58 79 39 69
84 91 23 58 79 39 69 84 91 11 91 23 58 79 39 69
84 91 23 58 79 39 69 84 91 23 11 91 23 58 79 39 69
84 91 23 58 79 39 69 84 91 23 11 23 58 79 39 69
84 91 23 58 79 39 69 84 91 23 58 11 23 58 79 39 69
84 91 11 91 23 58 79 39 69 84 91 23 58 79 39 69
84 91 23 11 91 23 58 79 39 69 84 91 23 58 79 39 69
84 91 23 11 23 58 79 39 69 84 91 23 58 79 39 69
84 91 23 58 11 23 58 79 39 69 84 91 23 58 79 39 69

73 70 64 19 63 13 74 73 70 64 19 63 13 74
73 70 64 19 63 13 74 73 70 14 70 64 19 63 13 74
73 70 64 19 63 13 74 73 70 64 14 70 64 19 63 13 74
73 70 64 19 63 13 74 73 70 64 14 64 19 63 13 74
73 70 64 19 63 13 74 73 70 64 19 14 64 19 63 13 74
73 70 14 70 64 19 63 13 74 73 70 64 19 63 13 74
73 70 64 14 70 64 19 63 13 74 73 70 64 19 63 13 74
73 70 64 14 64 19 63 13 74 73 70 64 19 63 13 74
73 70 64 19 14 64 19 63 13 74 73 70 64 19 63 13 74

89 53 46 44 36 49 41 89 53 46 44 36 49 41
89 53 46 44 36 49 41 89 53 8 53 46 44 36 49 41
89 53 46 44 36 49 41 89 53 46 8 53 46 44 36 49 41
89 53 46 44 36 49 41 89 53 46 8 46 44 36 49 41
89 53 46 44 36 49 41 89 53 46 44 8 46 44 36 49 41
89 53 8 53 46 44 36 49 41 89 53 46 44 36 49 41
89 53 46 8 53 46 44 36 49 41 89 53 46 44 36 49 41
89 53 46 8 46 44 36 49 41 89 53 46 44 36 49 41
89 53 46 44 8 46 44 36 49 41 89 53 46 44 36 49 41

27 63 51 63 18 42 49 27 63 51 63 18 42 49
27 63 51 63 18 42 49 27 63 15 63 51 63 18 42 49
27 63 51 63 18 42 49 27 63 51 15 63 51 63 18 42 49
27 63 51 63 18 42 49 27 63 51 15 51 63 18 42 49
27 63 51 63 18 42 49 27 63 51 63 15 51 63 18 42 49
27 63 15 63 51 63 18 42 49 27 63 51 63 18 42 49
27 63 51 15 63 51 63 18 42 49 27 63 51 63 18 42 49
27 63 51 15 51 63 18 42 49 27 63 51 63 18 42 49
27 63 51 63 15 51 63 18 42 49 27 63 51 63 18 42 49

91 67 28 70 97 7 11 91 67 28 70 97 7 11
91 67 28 70 97 7 11 91 67 14 67 28 70 97 7 11
91 67 28 70 97 7 11 91 67 28 14 67 28 70 97 7 11
91 67 28 70 97 7 11 91 67 28 14 28 70 97 7 11
91 67 28 70 97 7 11 91 67 28 70 14 28 70 97 7 11
91 67 14 67 28 70 97 7 11 91 67 28 70 97 7 11
91 67 28 14 67 28 70 97 7 11 91 67 28 70 97 7 11
91 67 28 14 28 70 97 7 11 91 67 28 70 97 7 11
91 67 28 70 14 28 70 97 7 11 91 67 28 70 97 7 11

84 22 86 60 68 63 79 84 22 86 60 68 63 79
84 22 86 60 68 63 79 84 22 16 22 86 60 68 63 79
84 22 86 60 68 63 79 84 22 86 16 22 86 60 68 63 79
84 22 86 60 68 63 79 84 22 86 16 86 60 68 63 79
84 22 86 60 68 63 79 84 22 86 60 16 86 60 68 63 79
84 22 16 22 86 60 68 63 79 84 22 86 60 68 63 79
84 22 86 16 22 86 60 68 63 79 84 22 86 60 68 63 79
84 22 86 16 86 60 68 63 79 84 22 86 60 68 63 79
84 22 86 60 16 86 60 68 63 79 84 22 86 60 68 63 79

33 97 77 85 18 18 26 33 97 77 85 18 18 26
33 97 77 85 18 18 26 33 97 17 97 77 85 18 18 26
33 97 77 85 18 18 26 33 97 77 17 97 77 85 18 18 26
33 97 77 85 18 18 26 33 97 77 17 77 85 18 18 26
33 97 77 85 18 18 26 33 97 77 85 17 77 85 18 18 26
33 97 17 97 77 85 18 18 26 33 97 77 85 18 18 26
33 97 77 17 97 77 85 18 18 26 33 97 77 85 18 18 26
33 97 77 17 77 85 18 18 26 33 97 77 85 18 18 26
33 97 77 85 17 77 85 18 18 26 33 97 77 85 18 18 26

45 69 17 49 28 86 6 45 69 17 49 28 86 6
45 69 17 49 28 86 6 45 69 6 69 17 49 28 86 6
45 69 17 49 28 86 6 45 69 17 6 69 17 49 28 86 6
45 69 17 49 28 86 6 45 69 17 6 17 49 28 86 6
45 69 17 49 28 86 6 45 69 17 49 6 17 49 28 86 6
45 69 6 69 17 49 28 86 6 45 69 17 49 28 86 6
45 69 17 6 69 17 49 28 86 6 45 69 17 49 28 86 6
45 69 17 6 17 49 28 86 6 45 69 17 49 28 86 6
45 69 17 49 6 17 49 28 86 6 45 69 17 49 28 86 6

19 28 84 66 78 41 69 19 28 84 66 78 41 69
19 28 84 66 78 41 69 19 28 9 28 84 66 78 41 69
19 28 84 66 78 41 69 19 28 84 9 28 84 66 78 41 69
19 28 84 66 78 41 69 19 28 84 9 84 66 78 41 69
19 28 84 66 78 41 69 19 28 84 66 9 84 66 78 41 69
19 28 9 28 84 66 78 41 69 19 28 84 66 78 41 69
19 28 84 9 28 84 66 78 41 69 19 28 84 66 78 41 69
19 28 84 9 84 66 78 41 69 19 28 84 66 78 41 69
19 28 84 66 9 84 66 78 41 69 19 28 84 66 78 41 69

92 77 46 55 38 13 44 92 77 46 55 38 13 44
92 77 46 55 38 13 44 92 77 7 77 46 55 38 13 44
92 77 46 55 38 13 44 92 77 46 7 77 46 55 38 13 44
92 77 46 55 38 13 44 92 77 46 7 46 55 38 13 44
92 77 46 55 38 13 44 92 77 46 55 7 46 55 38 13 44
92 77 7 77 46 55 38 13 44 92 77 46 55 38 13 44
92 77 46 7 77 46 55 38 13 44 92 77 46 55 38 13 44
92 77 46 7 46 55 38 13 44 92 77 46 55 38 13 44
92 77 46 55 7 46 55 38 13 44 92 77 46 55 38 13 44

74 48 7 71 94 78 30 74 48 7 71 94 78 30
74 48 7 71 94 78 30 74 48 13 48 7 71 94 78 30
74 48 7 71 94 78 30 74 48 7 13 48 7 71 94 78 30
74 48 7 71 94 78 30 74 48 7 13 7 71 94 78 30
74 48 7 71 94 78 30 74 48 7 71 13 7 71 94 78 30
74 48 13 48 7 71 94 78 30 74 48 7 71 94 78 30
74 48 7 13 48 7 71 94 78 30 74 48 7 71 94 78 30
74 48 7 13 7 71 94 78 30 74 48 7 71 94 78 30
74 48 7 71 13 7 71 94 78 30 74 48 7 71 94 78 30

80 53 50 20 13 15 18 80 53 50 20 13 15 18
80 53 50 20 13 15 18 80 53 20 53 50 20 13 15 18
80 53 50 20 13 15 18 80 53 50 20 53 50 20 13 15 18
80 53 50 20 13 15 18 80 53 50 20 50 20 13 15 18
80 53 50 20 13 15 18 80 53 50 20 20 50 20 13 15 18
80 53 20 53 50 20 13 15 18 80 53 50 20 13 15 18
80 53 50 20 53 50 20 13 15 18 80 53 50 20 13 15 18
80 53 50 20 50 20 13 15 18 80 53 50 20 13 15 18
80 53 50 20 20 50 20 13 15 18 80 53 50 20 13 15 18

59 38 42 76 11 61 42 59 38 42 76 11 61 42
59 38 42 76 11 61 42 59 38 10 38 42 76 11 61 42
59 38 42 76 11 61 42 59 38 42 10 38 42 76 11 61 42
59 38 42 76 11 61 42 59 38 42 10 42 76 11 61 42
59 38 42 76 11 61 42 59 38 42 76 10 42 76 11 61 42
59 38 10 38 42 76 11 61 42 59 38 42 76 11 61 42
59 38 42 10 38 42 76 11 61 42 59 38 42 76 11 61 42
59 38 42 10 42 76 11 61 42 59 38 42 76 11 61 42
59 38 42 76 10 42 76 11 61 42 59 38 42 76 11 61 42

77 67 58 40 94 65 20 77 67 58 40 94 65 20
77 67 58 40 94 65 20 77 67 6 67 58 40 94 65 20
77 67 58 40 94 65 20 77 67 58 6 67 58 40 94 65 20
77 67 58 40 94 65 20 77 67 58 6 58 40 94 65 20
77 67 58 40 94 65 20 77 67 58 40 6 58 40 94 65 20
77 67 6 67 58 40 94 65 20 77 67 58 40 94 65 20
77 67 58 6 67 58 40 94 65 20 77 67 58 40 94 65 20
77 67 58 6 58 40 94 65 20 77 67 58 40 94 65 20
77 67 58 40 6 58 40 94 65 20 77 67 58 40 94 65 20

60 44 17 95 95 50 46 60 44 17 95 95 50 46
60 44 17 95 95 50 46 60 44 19 44 17 95 95 50 46
60 44 17 95 95 50 46 60 44 17 19 44 17 95 95 50 46
60 44 17 95 95 50 46 60 44 17 19 17 95 95 50 46
60 44 17 95 95 50 46 60 44 17 95 19 17 95 95 50 46
60 44 19 44 17 95 95 50 46 60 44 17 95 95 50 46
60 44 17 19 44 17 95 95 50 46 60 44 17 95 95 50 46
60 44 17 19 17 95 95 50 46 60 44 17 95 95 50 46
60 44 17 95 19 17 95 95 50 46 60 44 17 95 95 50 46

15 5 8 28 43 11 74 15 5 8 28 43 11 74
15 5 8 28 43 11 74 15 5 10 5 8 28 43 11 74
15 5 8 28 43 11 74 15 5 8 10 5 8 28 43 11 74
15 5 8 28 43 11 74 15 5 8 10 8 28 43 11 74
15 5 8 28 43 11 74 15 5 8 28 10 8 28 43 11 74
15 5 10 5 8 28 43 11 74 15 5 8 28 43 11 74
15 5 8 10 5 8 28 43 11 74 15 5 8 28 43 11 74
15 5 8 10 8 28 43 11 74 15 5 8 28 43 11 74
15 5 8 28 10 8 28 43 11 74 15 5 8 28 43 11 74

24 64 53 77 16 74 79 24 64 53 77 16 74 79
24 64 53 77 16 74 79 24 64 8 64 53 77 16 74 79
24 64 53 77 16 74 79 24 64 53 8 64 53 77 16 74 79
24 64 53 77 16 74 79 24 64 53 8 53 77 16 74 79
24 64 53 77 16 74 79 24 64 53 77 8 53 77 16 74 79
24 64 8 64 53 77 16 74 79 24 64 53 77 16 74 79
24 64 53 8 64 53 77 16 74 79 24 64 53 77 16 74 79
24 64 53 8 53 77 16 74 79 24 64 53 77 16 74 79
24 64 53 77 8 53 77 16 74 79 24 64 53 77 16 74 79

24 72 54 57 77 45 58 24 72 54 57 77 45 58
24 72 54 57 77 45 58 24 72 9 72 54 57 77 45 58
24 72 54 57 77 45 58 24 72 54 9 72 54 57 77 45 58
24 72 54 57 77 45 58 24 72 54 9 54 57 77 45 58
24 72 54 57 77 45 58 24 72 54 57 9 54 57 77 45 58
24 72 9 72 54 57 77 45 58 24 72 54 57 77 45 58
24 72 54 9 72 54 57 77 45 58 24 72 54 57 77 45 58
24 72 54 9 54 57 77 45 58 24 72 54 57 77 45 58
24 72 54 57 9 54 57 77 45 58 24 72 54 57 77 45 58

94 77 52 70 74 81 94 94 77 52 70 74 81 94
94 77 52 70 74 81 94 94 77 15 77 52 70 74 81 94
94 77 52 70 74 81 94 94 77 52 15 77 52 70 74 81 94
94 77 52 70 74 81 94 94 77 52 15 52 70 74 81 94
94 77 52 70 74 81 94 94 77 52 70 15 52 70 74 81 94
94 77 15 77 52 70 74 81 94 94 77 52 70 74 81 94
94 77 52 15 77 52 70 74 81 94 94 77 52 70 74 81 94
94 77 52 15 52 70 74 81 94 94 77 52 70 74 81 94
94 77 52 70 15 52 70 74 81 94 94 77 52 70 74 81 94

52 21 57 84 99 20 73 52 21 57 84 99 20 73
52 21 57 84 99 20 73 52 21 10 21 57 84 99 20 73
52 21 57 84 99 20 73 52 21 57 10 21 57 84 99 20 73
52 21 57 84 99 20 73 52 21 57 10 57 84 99 20 73
52 21 57 84 99 20 73 52 21 57 84 10 57 84 99 20 73
52 21 10 21 57 84 99 20 73 52 21 57 84 99 20 73
52 21 57 10 21 57 84 99 20 73 52 21 57 84 99 20 73
52 21 57 10 57 84 99 20 73 52 21 57 84 99 20 73
52 21 57 84 10 57 84 99 20 73 52 21 57 84 99 20 73

52 85 5 34 67 74 80 52 85 5 34 67 74 80
52 85 5 34 67 74 80 52 85 7 85 5 34 67 74 80
52 85 5 34 67 74 80 52 85 5 7 85 5 34 67 74 80
52 85 5 34 67 74 80 52 85 5 7 5 34 67 74 80
52 85 5 34 67 74 80 52 85 5 34 7 5 34 67 74 80
52 85 7 85 5 34 67 74 80 52 85 5 34 67 74 80
52 85 5 7 85 5 34 67 74 80 52 85 5 34 67 74 80
52 85 5 7 5 34 67 74 80 52 85 5 34 67 74 80
52 85 5 34 7 5 34 67 74 80 52 85 5 34 67 74 80

18 86 98 9 43 58 45 18 86 98 9 43 58 45
18 86 98 9 43 58 45 18 86 10 86 98 9 43 58 45
18 86 98 9 43 58 45 18 86 98 10 86 98 9 43 58 45
18 86 98 9 43 58 45 18 86 98 10 98 9 43 58 45
18 86 98 9 43 58 45 18 86 98 9 10 98 9 43 58 45
18 86 10 86 98 9 43 58 45 18 86 98 9 43 58 45
18 86 98 10 86 98 9 43 58 45 18 86 98 9 43 58 45
18 86 98 10 98 9 43 58 45 18 86 98 9 43 58 45
18 86 98 9 10 98 9 43 58 45 18 86 98 9 43 58 45

54 64 91 59 44 8 96 54 64 91 59 44 8 96
54 64 91 59 44 8 96 54 64 18 64 91 59 44 8 96
54 64 91 59 44 8 96 54 64 91 18 64 91 59 44 8 96
54 64 91 59 44 8 96 54 64 91 18 91 59 44 8 96
54 64 91 59 44 8 96 54 64 91 59 18 91 59 44 8 96
54 64 18 64 91 59 44 8 96 54 64 91 59 44 8 96
54 64 91 18 64 91 59 44 8 96 54 64 91 59 44 8 96
54 64 91 18 91 59 44 8 96 54 64 91 59 44 8 96
54 64 91 59 18 91 59 44 8 96 54 64 91 59 44 8 96

26 24 21 25 88 10 86 26 24 21 25 88 10 86
26 24 21 25 88 10 86 26 24 10 24 21 25 88 10 86
26 24 21 25 88 10 86 26 24 21 10 24 21 25 88 10 86
26 24 21 25 88 10 86 26 24 21 10 21 25 88 10 86
26 24 21 25 88 10 86 26 24 21 25 10 21 25 88 10 86
26 24 10 24 21 25 88 10 86 26 24 21 25 88 10 86
26 24 21 10 24 21 25 88 10 86 26 24 21 25 88 10 86
26 24 21 10 21 25 88 10 86 26 24 21 25 88 10 86
26 24 21 25 10 21 25 88 10 86 26 24 21 25 88 10 86

86 46 64 38 74 27 46 86 46 64 38 74 27 46
86 46 64 38 74 27 46 86 46 13 46 64 38 74 27 46
86 46 64 38 74 27 46 86 46 64 13 46 64 38 74 27 46
86 46 64 38 74 27 46 86 46 64 13 64 38 74 27 46
86 46 64 38 74 27 46 86 46 64 38 13 64 38 74 27 46
86 46 13 46 64 38 74 27 46 86 46 64 38 74 27 46
86 46 64 13 46 64 38 74 27 46 86 46 64 38 74 27 46
86 46 64 13 64 38 74 27 46 86 46 64 38 74 27 46
86 46 64 38 13 64 38 74 27 46 86 46 64 38 74 27 46

98 7 29 54 68 33 35 98 7 29 54 68 33 35
98 7 29 54 68 33 35 98 7 18 7 29 54 68 33 35
98 7 29 54 68 33 35 98 7 29 18 7 29 54 68 33 35
98 7 29 54 68 33 35 98 7 29 18 29 54 68 33 35
98 7 29 54 68 33 35 98 7 29 54 18 29 54 68 33 35
98 7 18 7 29 54 68 33 35 98 7 29 54 68 33 35
98 7 29 18 7 29 54 68 33 35 98 7 29 54 68 33 35
98 7 29 18 29 54 68 33 35 98 7 29 54 68 33 35
98 7 29 54 18 29 54 68 33 35 98 7 29 54 68 33 35

32 99 94 48 51 31 99 32 99 94 48 51 31 99
32 99 94 48 51 31 99 32 99 10 99 94 48 51 31 99
32 99 94 48 51 31 99 32 99 94 10 99 94 48 51 31 99
32 99 94 48 51 31 99 32 99 94 10 94 48 51 31 99
32 99 94 48 51 31 99 32 99 94 48 10 94 48 51 31 99
32 99 10 99 94 48 51 31 99 32 99 94 48 51 31 99
32 99 94 10 99 94 48 51 31 99 32 99 94 48 51 31 99
32 99 94 10 94 48 51 31 99 32 99 94 48 51 31 99
32 99 94 48 10 94 48 51 31 99 32 99 94 48 51 31 99

45 32 34 23 26 73 12 45 32 34 23 26 73 12
45 32 34 23 26 73 12 45 32 14 32 34 23 26 73 12
45 32 34 23 26 73 12 45 32 34 14 32 34 23 26 73 12
45 32 34 23 26 73 12 45 32 34 14 34 23 26 73 12
45 32 34 23 26 73 12 45 32 34 23 14 34 23 26 73 12
45 32 14 32 34 23 26 73 12 45 32 34 23 26 73 12
45 32 34 14 32 34 23 26 73 12 45 32 34 23 26 73 12
45 32 34 14 34 23 26 73 12 45 32 34 23 26 73 12
45 32 34 23 14 34 23 26 73 12 45 32 34 23 26 73 12

9 28 69 28 86 96 69 9 28 69 28 86 96 69
9 28 69 28 86 96 69 9 28 12 28 69 28 86 96 69
9 28 69 28 86 96 69 9 28 69 12 28 69 28 86 96 69
9 28 69 28 86 96 69 9 28 69 12 69 28 86 96 69
9 28 69 28 86 96 69 9 28 69 28 12 69 28 86 96 69
9 28 12 28 69 28 86 96 69 9 28 69 28 86 96 69
9 28 69 12 28 69 28 86 96 69 9 28 69 28 86 96 69
9 28 69 12 69 28 86 96 69 9 28 69 28 86 96 69
9 28 69 28 12 69 28 86 96 69 9 28 69 28 86 96 69

67 58 87 95 30 43 45 67 58 87 95 30 43 45
67 58 87 95 30 43 45 67 58 20 58 87 95 30 43 45
67 58 87 95 30 43 45 67 58 87 20 58 87 95 30 43 45
67 58 87 95 30 43 45 67 58 87 20 87 95 30 43 45
67 58 87 95 30 43 45 67 58 87 95 20 87 95 30 43 45
67 58 20 58 87 95 30 43 45 67 58 87 95 30 43 45
67 58 87 20 58 87 95 30 43 45 67 58 87 95 30 43 45
67 58 87 20 87 95 30 43 45 67 58 87 95 30 43 45
67 58 87 95 20 87 95 30 43 45 67 58 87 95 30 43 45

20 74 35 92 46 83 41 20 74 35 92 46 83 41
20 74 35 92 46 83 41 20 74 5 74 35 92 46 83 41
20 74 35 92 46 83 41 20 74 35 5 74 35 92 46 83 41
20 74 35 92 46 83 41 20 74 35 5 35 92 46 83 41
20 74 35 92 46 83 41 20 74 35 92 5 35 92 46 83 41
20 74 5 74 35 92 46 83 41 20 74 35 92 46 83 41
20 74 35 5 74 35 92 46 83 41 20 74 35 92 46 83 41
20 74 35 5 35 92 46 83 41 20 74 35 92 46 83 41
20 74 35 92 5 35 92 46 83 41 20 74 35 92 46 83 41

100 71 35 27 49 25 54 100 71 35 27 49 25 54
100 71 35 27 49 25 54 100 71 5 71 35 27 49 25 54
100 71 35 27 49 25 54 100 71 35 5 71 35 27 49 25 54
100 71 35 27 49 25 54 100 71 35 5 35 27 49 25 54
100 71 35 27 49 25 54 100 71 35 27 5 35 27 49 25 54
100 71 5 71 35 27 49 25 54 100 71 35 27 49 25 54
100 71 35 5 71 35 27 49 25 54 100 71 35 27 49 25 54
100 71 35 5 35 27 49 25 54 100 71 35 27 49 25 54
100 71 35 27 5 35 27 49 25 54 100 71 35 27 49 25 54

62 22 48 55 8 34 52 62 22 48 55 8 34 52
62 22 48 55 8 34 52 62 22 20 22 48 55 8 34 52
62 22 48 55 8 34 52 62 22 48 20 22 48 55 8 34 52
62 22 48 55 8 34 52 62 22 48 20 48 55 8 34 52
62 22 48 55 8 34 52 62 22 48 55 20 48 55 8 34 52
62 22 20 22 48 55 8 34 52 62 22 48 55 8 34 52
62 22 48 20 22 48 55 8 34 52 62 22 48 55 8 34 52
62 22 48 20 48 55 8 34 52 62 22 48 55 8 34 52
62 22 48 55 20 48 55 8 34 52 62 22 48 55 8 34 52

26 15 80 16 19 83 64 26 15 80 16 19 83 64
26 15 80 16 19 83 64 26 15 14 15 80 16 19 83 64
26 15 80 16 19 83 64 26 15 80 14 15 80 16 19 83 64
26 15 80 16 19 83 64 26 15 80 14 80 16 19 83 64
26 15 80 16 19 83 64 26 15 80 16 14 80 16 19 83 64
26 15 14 15 80 16 19 83 64 26 15 80 16 19 83 64
26 15 80 14 15 80 16 19 83 64 26 15 80 16 19 83 64
26 15 80 14 80 16 19 83 64 26 15 80 16 19 83 64
26 15 80 16 14 80 16 19 83 64 26 15 80 16 19 83 64

43 63 79 30 89 56 7 43 63 79 30 89 56 7
43 63 79 30 89 56 7 43 63 17 63 79 30 89 56 7
43 63 79 30 89 56 7 43 63 79 17 63 79 30 89 56 7
43 63 79 30 89 56 7 43 63 79 17 79 30 89 56 7
43 63 79 30 89 56 7 43 63 79 30 17 79 30 89 56 7
43 63 17 63 79 30 89 56 7 43 63 79 30 89 56 7
43 63 79 17 63 79 30 89 56 7 43 63 79 30 89 56 7
43 63 79 17 79 30 89 56 7 43 63 79 30 89 56 7
43 63 79 30 17 79 30 89 56 7 43 63 79 30 89 56 7

15 9 49 16 11 18 76 15 9 49 16 11 18 76
15 9 49 16 11 18 76 15 9 19 9 49 16 11 18 76
15 9 49 16 11 18 76 15 9 49 19 9 49 16 11 18 76
15 9 49 16 11 18 76 15 9 49 19 49 16 11 18 76
15 9 49 16 11 18 76 15 9 49 16 19 49 16 11 18 76
15 9 19 9 49 16 11 18 76 15 9 49 16 11 18 76
15 9 49 19 9 49 16 11 18 76 15 9 49 16 11 18 76
15 9 49 19 49 16 11 18 76 15 9 49 16 11 18 76
15 9 49 16 19 49 16 11 18 76 15 9 49 16 11 18 76

58 96 25 33 54 52 63 58 96 25 33 54 52 63
58 96 25 33 54 52 63 58 96 5 96 25 33 54 52 63
58 96 25 33 54 52 63 58 96 25 5 96 25 33 54 52 63
58 96 25 33 54 52 63 58 96 25 5 25 33 54 52 63
58 96 25 33 54 52 63 58 96 25 33 5 25 33 54 52 63
58 96 5 96 25 33 54 52 63 58 96 25 33 54 52 63
58 96 25 5 96 25 33 54 52 63 58 96 25 33 54 52 63
58 96 25 5 25 33 54 52 63 58 96 25 33 54 52 63
58 96 25 33 5 25 33 54 52 63 58 96 25 33 54 52 63

75 52 50 16 28 50 99 75 52 50 16 28 50 99
75 52 50 16 28 50 99 75 52 20 52 50 16 28 50 99
75 52 50 16 28 50 99 75 52 50 20 52 50 16 28 50 99
75 52 50 16 28 50 99 75 52 50 20 50 16 28 50 99
75 52 50 16 28 50 99 75 52 50 16 20 50 16 28 50 99
75 52 20 52 50 16 28 50 99 75 52 50 16 28 50 99
75 52 50 20 52 50 16 28 50 99 75 52 50 16 28 50 99
75 52 50 20 50 16 28 50 99 75 52 50 16 28 50 99
75 52 50 16 20 50 16 28 50 99 75 52 50 16 28 50 99

90 55 54 86 11 96 30 90 55 54 86 11 96 30
90 55 54 86 11 96 30 90 55 10 55 54 86 11 96 30
90 55 54 86 11 96 30 90 55 54 10 55 54 86 11 96 30
90 55 54 86 11 96 30 90 55 54 10 54 86 11 96 30
90 55 54 86 11 96 30 90 55 54 86 10 54 86 11 96 30
90 55 10 55 54 86 11 96 30 90 55 54 86 11 96 30
90 55 54 10 55 54 86 11 96 30 90 55 54 86 11 96 30
90 55 54 10 54 86 11 96 30 90 55 54 86 11 96 30
90 55 54 86 10 54 86 11 96 30 90 55 54 86 11 96 30

80 20 45 28 9 11 24 80 20 45 28 9 11 24
80 20 45 28 9 11 24 80 20 8 20 45 28 9 11 24
80 20 45 28 9 11 24 80 20 45 8 20 45 28 9 11 24
80 20 45 28 9 11 24 80 20 45 8 45 28 9 11 24
80 20 45 28 9 11 24 80 20 45 28 8 45 28 9 11 24
80 20 8 20 45 28 9 11 24 80 20 45 28 9 11 24
80 20 45 8 20 45 28 9 11 24 80 20 45 28 9 11 24
80 20 45 8 45 28 9 11 24 80 20 45 28 9 11 24
80 20 45 28 8 45 28 9 11 24 80 20 45 28 9 11 24

57 23 5 58 87 70 63 57 23 5 58 87 70 63
57 23 5 58 87 70 63 57 23 6 23 5 58 87 70 63
57 23 5 58 87 70 63 57 23 5 6 23 5 58 87 70 63
57 23 5 58 87 70 63 57 23 5 6 5 58 87 70 63
57 23 5 58 87 70 63 57 23 5 58 6 5 58 87 70 63
57 23 6 23 5 58 87 70 63 57 23 5 58 87 70 63
57 23 5 6 23 5 58 87 70 63 57 23 5 58 87 70 63
57 23 5 6 5 58 87 70 63 57 23 5 58 87 70 63
57 23 5 58 6 5 58 87 70 63 57 23 5 58 87 70 63

40 77 23 47 82 13 67 40 77 23 47 82 13 67
40 77 23 47 82 13 67 40 77 7 77 23 47 82 13 67
40 77 23 47 82 13 67 40 77 23 7 77 23 47 82 13 67
40 77 23 47 82 13 67 40 77 23 7 23 47 82 13 67
40 77 23 47 82 13 67 40 77 23 47 7 23 47 82 13 67
40 77 7 77 23 47 82 13 67 40 77 23 47 82 13 67
40 77 23 7 77 23 47 82 13 67 40 77 23 47 82 13 67
40 77 23 7 23 47 82 13 67 40 77 23 47 82 13 67
40 77 23 47 7 23 47 82 13 67 40 77 23 47 82 13 67

91 89 69 38 72 58 7 91 89 69 38 72 58 7
91 89 69 38 72 58 7 91 89 19 89 69 38 72 58 7
91 89 69 38 72 58 7 91 89 69 19 89 69 38 72 58 7
91 89 69 38 72 58 7 91 89 69 19 69 38 72 58 7
91 89 69 38 72 58 7 91 89 69 38 19 69 38 72 58 7
91 89 19 89 69 38 72 58 7 91 89 69 38 72 58 7
91 89 69 19 89 69 38 72 58 7 91 89 69 38 72 58 7
91 89 69 19 69 38 72 58 7 91 89 69 38 72 58 7
91 89 69 38 19 69 38 72 58 7 91 89 69 38 72 58 7

5 77 55 38 39 14 64 5 77 55 38 39 14 64
5 77 55 38 39 14 64 5 77 19 77 55 38 39 14 64
5 77 55 38 39 14 64 5 77 55 19 77 55 38 39 14 64
5 77 55 38 39 14 64 5 77 55 19 55 38 39 14 64
5 77 55 38 39 14 64 5 77 55 38 19 55 38 39 14 64
5 77 19 77 55 38 39 14 64 5 77 55 38 39 14 64
5 77 55 19 77 55 38 39 14 64 5 77 55 38 39 14 64
5 77 55 19 55 38 39 14 64 5 77 55 38 39 14 64
5 77 55 38 19 55 38 39 14 64 5 77 55 38 39 14 64

65 38 34 20 95 51 32 65 38 34 20 95 51 32
65 38 34 20 95 51 32 65 38 7 38 34 20 95 51 32
65 38 34 20 95 51 32 65 38 34 7 38 34 20 95 51 32
65 38 34 20 95 51 32 65 38 34 7 34 20 95 51 32
65 38 34 20 95 51 32 65 38 34 20 7 34 20 95 51 32
65 38 7 38 34 20 95 51 32 65 38 34 20 95 51 32
65 38 34 7 38 34 20 95 51 32 65 38 34 20 95 51 32
65 38 34 7 34 20 95 51 32 65 38 34 20 95 51 32
65 38 34 20 7 34 20 95 51 32 65 38 34 20 95 51 32

44 19 56 28 96 43 47 44 19 56 28 96 43 47
44 19 56 28 96 43 47 44 19 8 19 56 28 96 43 47
44 19 56 28 96 43 47 44 19 56 8 19 56 28 96 43 47
44 19 56 28 96 43 47 44 19 56 8 56 28 96 43 47
44 19 56 28 96 43 47 44 19 56 28 8 56 28 96 43 47
44 19 8 19 56 28 96 43 47 44 19 56 28 96 43 47
44 19 56 8 19 56 28 96 43 47 44 19 56 28 96 43 47
44 19 56 8 56 28 96 43 47 44 19 56 28 96 43 47
44 19 56 28 8 56 28 96 43 47 44 19 56 28 96 43 47

27 92 91 17 96 75 78 27 92 91 17 96 75 78
27 92 91 17 96 75 78 27 92 17 92 91 17 96 75 78
27 92 91 17 96 75 78 27 92 91 17 92 91 17 96 75 78
27 92 91 17 96 75 78 27 92 91 17 91 17 96 75 78
27 92 91 17 96 75 78 27 92 91 17 17 91 17 96 75 78
27 92 17 92 91 17 96 75 78 27 92 91 17 96 75 78
27 92 91 17 92 91 17 96 75 78 27 92 91 17 96 75 78
27 92 91 17 91 17 96 75 78 27 92 91 17 96 75 78
27 92 91 17 17 91 17 96 75 78 27 92 91 17 96 75 78

22 70 12 15 53 83 82 22 70 12 15 53 83 82
22 70 12 15 53 83 82 22 70 7 70 12 15 53 83 82
22 70 12 15 53 83 82 22 70 12 7 70 12 15 53 83 82
22 70 12 15 53 83 82 22 70 12 7 12 15 53 83 82
22 70 12 15 53 83 82 22 70 12 15 7 12 15 53 83 82
22 70 7 70 12 15 53 83 82 22 70 12 15 53 83 82
22 70 12 7 70 12 15 53 83 82 22 70 12 15 53 83 82
22 70 12 7 12 15 53 83 82 22 70 12 15 53 83 82
22 70 12 15 7 12 15 53 83 82 22 70 12 15 53 83 82

22 95 35 25 78 99 22 22 95 35 25 78 99 22
22 95 35 25 78 99 22 22 95 14 95 35 25 78 99 22
22 95 35 25 78 99 22 22 95 35 14 95 35 25 78 99 22
22 95 35 25 78 99 22 22 95 35 14 35 25 78 99 22
22 95 35 25 78 99 22 22 95 35 25 14 35 25 78 99 22
22 95 14 95 35 25 78 99 22 22 95 35 25 78 99 22
22 95 35 14 95 35 25 78 99 22 22 95 35 25 78 99 22
22 95 35 14 35 25 78 99 22 22 95 35 25 78 99 22
22 95 35 25 14 35 25 78 99 22 22 95 35 25 78 99 22

17 63 48 29 71 52 25 17 63 48 29 71 52 25
17 63 48 29 71 52 25 17 63 6 63 48 29 71 52 25
17 63 48 29 71 52 25 17 63 48 6 63 48 29 71 52 25
17 63 48 29 71 52 25 17 63 48 6 48 29 71 52 25
17 63 48 29 71 52 25 17 63 48 29 6 48 29 71 52 25
17 63 6 63 48 29 71 52 25 17 63 48 29 71 52 25
17 63 48 6 63 48 29 71 52 25 17 63 48 29 71 52 25
17 63 48 6 48 29 71 52 25 17 63 48 29 71 52 25
17 63 48 29 6 48 29 71 52 25 17 63 48 29 71 52 25

48 51 8 19 71 92 46 48 51 8 19 71 92 46
48 51 8 19 71 92 46 48 51 9 51 8 19 71 92 46
48 51 8 19 71 92 46 48 51 8 9 51 8 19 71 92 46
48 51 8 19 71 92 46 48 51 8 9 8 19 71 92 46
48 51 8 19 71 92 46 48 51 8 19 9 8 19 71 92 46
48 51 9 51 8 19 71 92 46 48 51 8 19 71 92 46
48 51 8 9 51 8 19 71 92 46 48 51 8 19 71 92 46
48 51 8 9 8 19 71 92 46 48 51 8 19 71 92 46
48 51 8 19 9 8 19 71 92 46 48 51 8 19 71 92 46

92 30 76 65 7 39 29 92 30 76 65 7 39 29
92 30 76 65 7 39 29 92 30 7 30 76 65 7 39 29
92 30 76 65 7 39 29 92 30 76 7 30 76 65 7 39 29
92 30 76 65 7 39 29 92 30 76 7 76 65 7 39 29
92 30 76 65 7 39 29 92 30 76 65 7 76 65 7 39 29
92 30 7 30 76 65 7 39 29 92 30 76 65 7 39 29
92 30 76 7 30 76 65 7 39 29 92 30 76 65 7 39 29
92 30 76 7 76 65 7 39 29 92 30 76 65 7 39 29
92 30 76 65 7 76 65 7 39 29 92 30 76 65 7 39 29

13 16 19 73 48 68 34 13 16 19 73 48 68 34
13 16 19 73 48 68 34 13 16 7 16 19 73 48 68 34
13 16 19 73 48 68 34 13 16 19 7 16 19 73 48 68 34
13 16 19 73 48 68 34 13 16 19 7 19 73 48 68 34
13 16 19 73 48 68 34 13 16 19 73 7 19 73 48 68 34
13 16 7 16 19 73 48 68 34 13 16 19 73 48 68 34
13 16 19 7 16 19 73 48 68 34 13 16 19 73 48 68 34
13 16 19 7 19 73 48 68 34 13 16 19 73 48 68 34
13 16 19 73 7 19 73 48 68 34 13 16 19 73 48 68 34

46 17 43 66 12 92 62 46 17 43 66 12 92 62
46 17 43 66 12 92 62 46 17 19 17 43 66 12 92 62
46 17 43 66 12 92 62 46 17 43 19 17 43 66 12 92 62
46 17 43 66 12 92 62 46 17 43 19 43 66 12 92 62
46 17 43 66 12 92 62 46 17 43 66 19 43 66 12 92 62
46 17 19 17 43 66 12 92 62 46 17 43 66 12 92 62
46 17 43 19 17 43 66 12 92 62 46 17 43 66 12 92 62
46 17 43 19 43 66 12 92 62 46 17 43 66 12 92 62
46 17 43 66 19 43 66 12 92 62 46 17 43 66 12 92 62

16 36 42 6 29 91 24 16 36 42 6 29 91 24
16 36 42 6 29 91 24 16 36 17 36 42 6 29 91 24
16 36 42 6 29 91 24 16 36 42 17 36 42 6 29 91 24
16 36 42 6 29 91 24 16 36 42 17 42 6 29 91 24
16 36 42 6 29 91 24 16 36 42 6 17 42 6 29 91 24
16 36 17 36 42 6 29 91 24 16 36 42 6 29 91 24
16 36 42 17 36 42 6 29 91 24 16 36 42 6 29 91 24
16 36 42 17 42 6 29 91 24 16 36 42 6 29 91 24
16 36 42 6 17 42 6 29 91 24 16 36 42 6 29 91 24

37 59 69 12 28 17 99 37 59 69 12 28 17 99
37 59 69 12 28 17 99 37 59 8 59 69 12 28 17 99
37 59 69 12 28 17 99 37 59 69 8 59 69 12 28 17 99
37 59 69 12 28 17 99 37 59 69 8 69 12 28 17 99
37 59 69 12 28 17 99 37 59 69 12 8 69 12 28 17 99
37 59 8 59 69 12 28 17 99 37 59 69 12 28 17 99
37 59 69 8 59 69 12 28 17 99 37 59 69 12 28 17 99
37 59 69 8 69 12 28 17 99 37 59 69 12 28 17 99
37 59 69 12 8 69 12 28 17 99 37 59 69 12 28 17 99

48 94 20 64 86 21 92 48 94 20 64 86 21 92
48 94 20 64 86 21 92 48 94 16 94 20 64 86 21 92
48 94 20 64 86 21 92 48 94 20 16 94 20 64 86 21 92
48 94 20 64 86 21 92 48 94 20 16 20 64 86 21 92
48 94 20 64 86 21 92 48 94 20 64 16 20 64 86 21 92
48 94 16 94 20 64 86 21 92 48 94 20 64 86 21 92
48 94 20 16 94 20 64 86 21 92 48 94 20 64 86 21 92
48 94 20 16 20 64 86 21 92 48 94 20 64 86 21 92
48 94 20 64 16 20 64 86 21 92 48 94 20 64 86 21 92

81 86 6 25 72 57 50 81 86 6 25 72 57 50
81 86 6 25 72 57 50 81 86 7 86 6 25 72 57 50
81 86 6 25 72 57 50 81 86 6 7 86 6 25 72 57 50
81 86 6 25 72 57 50 81 86 6 7 6 25 72 57 50
81 86 6 25 72 57 50 81 86 6 25 7 6 25 72 57 50
81 86 7 86 6 25 72 57 50 81 86 6 25 72 57 50
81 86 6 7 86 6 25 72 57 50 81 86 6 25 72 57 50
81 86 6 7 6 25 72 57 50 81 86 6 25 72 57 50
81 86 6 25 7 6 25 72 57 50 81 86 6 25 72 57 50

34 85 89 31 65 50 82 34 85 89 31 65 50 82
34 85 89 31 65 50 82 34 85 13 85 89 31 65 50 82
34 85 89 31 65 50 82 34 85 89 13 85 89 31 65 50 82
34 85 89 31 65 50 82 34 85 89 13 89 31 65 50 82
34 85 89 31 65 50 82 34 85 89 31 13 89 31 65 50 82
34 85 13 85 89 31 65 50 82 34 85 89 31 65 50 82
34 85 89 13 85 89 31 65 50 82 34 85 89 31 65 50 82
34 85 89 13 89 31 65 50 82 34 85 89 31 65 50 82
34 85 89 31 13 89 31 65 50 82 34 85 89 31 65 50 82

89 100 44 66 13 84 46 89 100 44 66 13 84 46
89 100 44 66 13 84 46 89 100 16 100 44 66 13 84 46
89 100 44 66 13 84 46 89 100 44 16 100 44 66 13 84 46
89 100 44 66 13 84 46 89 100 44 16 44 66 13 84 46
89 100 44 66 13 84 46 89 100 44 66 16 44 66 13 84 46
89 100 16 100 44 66 13 84 46 89 100 44 66 13 84 46
89 100 44 16 100 44 66 13 84 46 89 100 44 66 13 84 46
89 100 44 16 44 66 13 84 46 89 100 44 66 13 84 46
89 100 44 66 16 44 66 13 84 46 89 100 44 66 13 84 46

92 32 81 36 95 95 83 92 32 81 36 95 95 83
92 32 81 36 95 95 83 92 32 16 32 81 36 95 95 83
92 32 81 36 95 95 83 92 32 81 16 32 81 36 95 95 83
92 32 81 36 95 95 83 92 32 81 16 81 36 95 95 83
92 32 81 36 95 95 83 92 32 81 36 16 81 36 95 95 83
92 32 16 32 81 36 95 95 83 92 32 81 36 95 95 83
92 32 81 16 32 81 36 95 95 83 92 32 81 36 95 95 83
92 32 81 16 81 36 95 95 83 92 32 81 36 95 95 83
92 32 81 36 16 81 36 95 95 83 92 32 81 36 95 95 83

58 97 44 69 98 30 16 58 97 44 69 98 30 16
58 97 44 69 98 30 16 58 97 17 97 44 69 98 30 16
58 97 44 69 98 30 16 58 97 44 17 97 44 69 98 30 16
58 97 44 69 98 30 16 58 97 44 17 44 69 98 30 16
58 97 44 69 98 30 16 58 97 44 69 17 44 69 98 30 16
58 97 17 97 44 69 98 30 16 58 97 44 69 98 30 16
58 97 44 17 97 44 69 98 30 16 58 97 44 69 98 30 16
58 97 44 17 44 69 98 30 16 58 97 44 69 98 30 16
58 97 44 69 17 44 69 98 30 16 58 97 44 69 98 30 16

95 82 48 20 25 18 97 95 82 48 20 25 18 97
95 82 48 20 25 18 97 95 82 19 82 48 20 25 18 97
95 82 48 20 25 18 97 95 82 48 19 82 48 20 25 18 97
95 82 48 20 25 18 97 95 82 48 19 48 20 25 18 97
95 82 48 20 25 18 97 95 82 48 20 19 48 20 25 18 97
95 82 19 82 48 20 25 18 97 95 82 48 20 25 18 97
95 82 48 19 82 48 20 25 18 97 95 82 48 20 25 18 97
95 82 48 19 48 20 25 18 97 95 82 48 20 25 18 97
95 82 48 20 19 48 20 25 18 97 95 82 48 20 25 18 97

62 75 46 86 19 19 12 62 75 46 86 19 19 12
62 75 46 86 19 19 12 62 75 13 75 46 86 19 19 12
62 75 46 86 19 19 12 62 75 46 13 75 46 86 19 19 12
62 75 46 86 19 19 12 62 75 46 13 46 86 19 19 12
62 75 46 86 19 19 12 62 75 46 86 13 46 86 19 19 12
62 75 13 75 46 86 19 19 12 62 75 46 86 19 19 12
62 75 46 13 75 46 86 19 19 12 62 75 46 86 19 19 12
62 75 46 13 46 86 19 19 12 62 75 46 86 19 19 12
62 75 46 86 13 46 86 19 19 12 62 75 46 86 19 19 12

55 17 44 22 78 43 15 55 17 44 22 78 43 15
55 17 44 22 78 43 15 55 17 9 17 44 22 78 43 15
55 17 44 22 78 43 15 55 17 44 9 17 44 22 78 43 15
55 17 44 22 78 43 15 55 17 44 9 44 22 78 43 15
55 17 44 22 78 43 15 55 17 44 22 9 44 22 78 43 15
55 17 9 17 44 22 78 43 15 55 17 44 22 78 43 15
55 17 44 9 17 44 22 78 43 15 55 17 44 22 78 43 15
55 17 44 9 44 22 78 43 15 55 17 44 22 78 43 15
55 17 44 22 9 44 22 78 43 15 55 17 44 22 78 43 15

48 43 19 71 87 44 94 48 43 19 71 87 44 94
48 43 19 71 87 44 94 48 43 13 43 19 71 87 44 94
48 43 19 71 87 44 94 48 43 19 13 43 19 71 87 44 94
48 43 19 71 87 44 94 48 43 19 13 19 71 87 44 94
48 43 19 71 87 44 94 48 43 19 71 13 19 71 87 44 94
48 43 13 43 19 71 87 44 94 48 43 19 71 87 44 94
48 43 19 13 43 19 71 87 44 94 48 43 19 71 87 44 94
48 43 19 13 19 71 87 44 94 48 43 19 71 87 44 94
48 43 19 71 13 19 71 87 44 94 48 43 19 71 87 44 94

75 74 25 80 83 11 56 75 74 25 80 83 11 56
75 74 25 80 83 11 56 75 74 19 74 25 80 83 11 56
75 74 25 80 83 11 56 75 74 25 19 74 25 80 83 11 56
75 74 25 80 83 11 56 75 74 25 19 25 80 83 11 56
75 74 25 80 83 11 56 75 74 25 80 19 25 80 83 11 56
75 74 19 74 25 80 83 11 56 75 74 25 80 83 11 56
75 74 25 19 74 25 80 83 11 56 75 74 25 80 83 11 56
75 74 25 19 25 80 83 11 56 75 74 25 80 83 11 56
75 74 25 80 19 25 80 83 11 56 75 74 25 80 83 11 56

27 74 45 90 54 82 97 27 74 45 90 54 82 97
27 74 45 90 54 82 97 27 74 7 74 45 90 54 82 97
27 74 45 90 54 82 97 27 74 45 7 74 45 90 54 82 97
27 74 45 90 54 82 97 27 74 45 7 45 90 54 82 97
27 74 45 90 54 82 97 27 74 45 90 7 45 90 54 82 97
27 74 7 74 45 90 54 82 97 27 74 45 90 54 82 97
27 74 45 7 74 45 90 54 82 97 27 74 45 90 54 82 97
27 74 45 7 45 90 54 82 97 27 74 45 90 54 82 97
27 74 45 90 7 45 90 54 82 97 27 74 45 90 54 82 97

73 58 47 10 73 38 43 73 58 47 10 73 38 43
73 58 47 10 73 38 43 73 58 15 58 47 10 73 38 43
73 58 47 10 73 38 43 73 58 47 15 58 47 10 73 38 43
73 58 47 10 73 38 43 73 58 47 15 47 10 73 38 43
73 58 47 10 73 38 43 73 58 47 10 15 47 10 73 38 43
73 58 15 58 47 10 73 38 43 73 58 47 10 73 38 43
73 58 47 15 58 47 10 73 38 43 73 58 47 10 73 38 43
73 58 47 15 47 10 73 38 43 73 58 47 10 73 38 43
73 58 47 10 15 47 10 73 38 43 73 58 47 10 73 38 43

23 83 66 30 12 38 6 23 83 66 30 12 38 6
23 83 66 30 12 38 6 23 83 8 83 66 30 12 38 6
23 83 66 30 12 38 6 23 83 66 8 83 66 30 12 38 6
23 83 66 30 12 38 6 23 83 66 8 66 30 12 38 6
23 83 66 30 12 38 6 23 83 66 30 8 66 30 12 38 6
23 83 8 83 66 30 12 38 6 23 83 66 30 12 38 6
23 83 66 8 83 66 30 12 38 6 23 83 66 30 12 38 6
23 83 66 8 66 30 12 38 6 23 83 66 30 12 38 6
23 83 66 30 8 66 30 12 38 6 23 83 66 30 12 38 6

77 28 61 54 36 31 81 77 28 61 54 36 31 81
77 28 61 54 36 31 81 77 28 11 28 61 54 36 31 81
77 28 61 54 36 31 81 77 28 61 11 28 61 54 36 31 81
77 28 61 54 36 31 81 77 28 61 11 61 54 36 31 81
77 28 61 54 36 31 81 77 28 61 54 11 61 54 36 31 81
77 28 11 28 61 54 36 31 81 77 28 61 54 36 31 81
77 28 61 11 28 61 54 36 31 81 77 28 61 54 36 31 81
77 28 61 11 61 54 36 31 81 77 28 61 54 36 31 81
77 28 61 54 11 61 54 36 31 81 77 28 61 54 36 31 81

9 42 6 51 89 87 83 9 42 6 51 89 87 83
9 42 6 51 89 87 83 9 42 20 42 6 51 89 87 83
9 42 6 51 89 87 83 9 42 6 20 42 6 51 89 87 83
9 42 6 51 89 87 83 9 42 6 20 6 51 89 87 83
9 42 6 51 89 87 83 9 42 6 51 20 6 51 89 87 83
9 42 20 42 6 51 89 87 83 9 42 6 51 89 87 83
9 42 6 20 42 6 51 89 87 83 9 42 6 51 89 87 83
9 42 6 20 6 51 89 87 83 9 42 6 51 89 87 83
9 42 6 51 20 6 51 89 87 83 9 42 6 51 89 87 83

37 70 77 83 88 99 60 37 70 77 83 88 99 60
37 70 77 83 88 99 60 37 70 14 70 77 83 88 99 60
37 70 77 83 88 99 60 37 70 77 14 70 77 83 88 99 60
37 70 77 83 88 99 60 37 70 77 14 77 83 88 99 60
37 70 77 83 88 99 60 37 70 77 83 14 77 83 88 99 60
37 70 14 70 77 83 88 99 60 37 70 77 83 88 99 60
37 70 77 14 70 77 83 88 99 60 37 70 77 83 88 99 60
37 70 77 14 77 83 88 99 60 37 70 77 83 88 99 60
37 70 77 83 14 77 83 88 99 60 37 70 77 83 88 99 60

18 28 60 81 44 28 29 18 28 60 81 44 28 29
18 28 60 81 44 28 29 18 28 10 28 60 81 44 28 29
18 28 60 81 44 28 29 18 28 60 10 28 60 81 44 28 29
18 28 60 81 44 28 29 18 28 60 10 60 81 44 28 29
18 28 60 81 44 28 29 18 28 60 81 10 60 81 44 28 29
18 28 10 28 60 81 44 28 29 18 28 60 81 44 28 29
18 28 60 10 28 60 81 44 28 29 18 28 60 81 44 28 29
18 28 60 10 60 81 44 28 29 18 28 60 81 44 28 29
18 28 60 81 10 60 81 44 28 29 18 28 60 81 44 28 29

49 42 89 78 45 8 69 49 42 89 78 45 8 69
49 42 89 78 45 8 69 49 42 12 42 89 78 45 8 69
49 42 89 78 45 8 69 49 42 89 12 42 89 78 45 8 69
49 42 89 78 45 8 69 49 42 89 12 89 78 45 8 69
49 42 89 78 45 8 69 49 42 89 78 12 89 78 45 8 69
49 42 12 42 89 78 45 8 69 49 42 89 78 45 8 69
49 42 89 12 42 89 78 45 8 69 49 42 89 78 45 8 69
49 42 89 12 89 78 45 8 69 49 42 89 78 45 8 69
49 42 89 78 12 89 78 45 8 69 49 42 89 78 45 8 69

29 30 51 100 100 97 47 29 30 51 100 100 97 47
29 30 51 100 100 97 47 29 30 17 30 51 100 100 97 47
29 30 51 100 100 97 47 29 30 51 17 30 51 100 100 97 47
29 30 51 100 100 97 47 29 30 51 17 51 100 100 97 47
29 30 51 100 100 97 47 29 30 51 100 17 51 100 100 97 47
29 30 17 30 51 100 100 97 47 29 30 51 100 100 97 47
29 30 51 17 30 51 100 100 97 47 29 30 51 100 100 97 47
29 30 51 17 51 100 100 97 47 29 30 51 100 100 97 47
29 30 51 100 17 51 100 100 97 47 29 30 51 100 100 97 47

7 29 90 88 46 44 13 7 29 90 88 46 44 13
7 29 90 88 46 44 13 7 29 17 29 90 88 46 44 13
7 29 90 88 46 44 13 7 29 90 17 29 90 88 46 44 13
7 29 90 88 46 44 13 7 29 90 17 90 88 46 44 13
7 29 90 88 46 44 13 7 29 90 88 17 90 88 46 44 13
7 29 17 29 90 88 46 44 13 7 29 90 88 46 44 13
7 29 90 17 29 90 88 46 44 13 7 29 90 88 46 44 13
7 29 90 17 90 88 46 44 13 7 29 90 88 46 44 13
7 29 90 88 17 90 88 46 44 13 7 29 90 88 46 44 13

65 28 27 25 33 94 35 65 28 27 25 33 94 35
65 28 27 25 33 94 35 65 28 6 28 27 25 33 94 35
65 28 27 25 33 94 35 65 28 27 6 28 27 25 33 94 35
65 28 27 25 33 94 35 65 28 27 6 27 25 33 94 35
65 28 27 25 33 94 35 65 28 27 25 6 27 25 33 94 35
65 28 6 28 27 25 33 94 35 65 28 27 25 33 94 35
65 28 27 6 28 27 25 33 94 35 65 28 27 25 33 94 35
65 28 27 6 27 25 33 94 35 65 28 27 25 33 94 35
65 28 27 25 6 27 25 33 94 35 65 28 27 25 33 94 35

