100
7
4
2

22
11
17
14
0
0
5
30
5
11
27
5
0
15
17
21
5
20
18
10
0
30
5
3
2
26
7
23
12
24
11
13
5
3
15
13
27
22
12
0
8
15
6
10
11
21
1
20
14
23
2
17
21
8
27
4
18
24
0
16
15
8
12
0
2
22
21
22
6
23
5
5
20
19
19
20
0
3
9
13
25
20
1
30
17
19
22
15
14
24
11
1
6
4
19
15
25
21
24
10

23 101 
93 99 
100 92 
29 45 
103 74 
23 47 
50 78 
33 88 
65 26 
84 84 
20 93 
17 84 
46 69 
24 51 
56 77 
34 78 
20 27 
93 22 
27 21 
42 49 
91 117 
26 90 
98 111 
40 67 
11 37 
84 30 
21 65 
91 101 
41 20 
39 74 
83 40 
52 101 
39 77 
57 15 
18 46 
20 80 
51 29 
28 103 
60 34 
72 71 
58 68 
19 19 
38 28 
58 49 
68 86 
25 69 
104 35 
60 54 
22 42 
45 64 
38 102 
28 59 
104 63 
80 44 
84 80 
30 23 
113 47 
77 108 
44 103 
83 108 
82 81 
83 102 
36 76 
20 83 
45 36 
81 69 
21 71 
114 34 
97 33 
31 105 
51 102 
104 50 
56 18 
44 90 
15 64 
18 61 
61 44 
52 78 
84 22 
30 43 
41 62 
71 43 
47 110 
68 73 
73 87 
107 34 
78 25 
42 83 
17 97 
67 76 
55 18 
33 77 
99 99 
77 12 
107 42 
72 38 
39 70 
38 102 
66 110 
45 47 

1867
2366
2129
1751
2446
1146
1866
1757
1411
2402
2446
974
1503
1184
2178
1485
1473
2307
1518
1283
2426
1907
2385
1448
1997
1975
1486
2095
1326
1253
2156
1920
1504
1806
1469
1787
1540
2133
1603
2311
2024
1520
1374
1596
1573
1886
2208
1892
1126
1633
1407
1044
2372
1596
2498
1615
1558
2198
2397
2180
1993
2287
1831
1470
1409
2069
1815
2268
1604
1550
1419
2431
1614
1851
1255
1753
1908
2068
1203
1288
1641
1370
1789
1460
2437
1893
2236
2129
1848
1424
1392
1333
2969
1344
2095
1869
1997
1646
2491
1384

1 2 3 4 5 1 2 3 4 5 6 7
1 2 3 4 5 1 2 100 102 3 4 5 6 7
1 2 3 4 5 1 2 3 100 102 103 4 5 6 7
1 2 3 4 5 1 2 3 100 103 4 5 6 7
1 2 3 4 5 1 2 3 4 100 103 104 5 6 7
1 2 100 102 3 4 5 1 2 3 4 5 6 7
1 2 3 100 102 103 4 5 1 2 3 4 5 6 7
1 2 3 100 103 4 5 1 2 3 4 5 6 7
1 2 3 4 100 103 104 5 1 2 3 4 5 6 7

39 38 6 90 80 45 81 39 38 6 90 80 45 81
39 38 6 90 80 45 81 39 38 8 38 6 90 80 45 81
39 38 6 90 80 45 81 39 38 6 8 38 6 90 80 45 81
39 38 6 90 80 45 81 39 38 6 8 6 90 80 45 81
39 38 6 90 80 45 81 39 38 6 90 8 6 90 80 45 81
39 38 8 38 6 90 80 45 81 39 38 6 90 80 45 81
39 38 6 8 38 6 90 80 45 81 39 38 6 90 80 45 81
39 38 6 8 6 90 80 45 81 39 38 6 90 80 45 81
39 38 6 90 8 6 90 80 45 81 39 38 6 90 80 45 81

45 91 83 89 85 13 19 45 91 83 89 85 13 19
45 91 83 89 85 13 19 45 91 16 91 83 89 85 13 19
45 91 83 89 85 13 19 45 91 83 16 91 83 89 85 13 19
45 91 83 89 85 13 19 45 91 83 16 83 89 85 13 19
45 91 83 89 85 13 19 45 91 83 89 16 83 89 85 13 19
45 91 16 91 83 89 85 13 19 45 91 83 89 85 13 19
45 91 83 16 91 83 89 85 13 19 45 91 83 89 85 13 19
45 91 83 16 83 89 85 13 19 45 91 83 89 85 13 19
45 91 83 89 16 83 89 85 13 19 45 91 83 89 85 13 19

68 34 82 83 84 21 8 68 34 82 83 84 21 8
68 34 82 83 84 21 8 68 34 12 34 82 83 84 21 8
68 34 82 83 84 21 8 68 34 82 12 34 82 83 84 21 8
68 34 82 83 84 21 8 68 34 82 12 82 83 84 21 8
68 34 82 83 84 21 8 68 34 82 83 12 82 83 84 21 8
68 34 12 34 82 83 84 21 8 68 34 82 83 84 21 8
68 34 82 12 34 82 83 84 21 8 68 34 82 83 84 21 8
68 34 82 12 82 83 84 21 8 68 34 82 83 84 21 8
68 34 82 83 12 82 83 84 21 8 68 34 82 83 84 21 8

72 85 21 39 56 43 19 72 85 21 39 56 43 19
72 85 21 39 56 43 19 72 85 13 85 21 39 56 43 19
72 85 21 39 56 43 19 72 85 21 13 85 21 39 56 43 19
72 85 21 39 56 43 19 72 85 21 13 21 39 56 43 19
72 85 21 39 56 43 19 72 85 21 39 13 21 39 56 43 19
72 85 13 85 21 39 56 43 19 72 85 21 39 56 43 19
72 85 21 13 85 21 39 56 43 19 72 85 21 39 56 43 19
72 85 21 13 21 39 56 43 19 72 85 21 39 56 43 19
72 85 21 39 13 21 39 56 43 19 72 85 21 39 56 43 19

98 42 91 57 77 65 41 98 42 91 57 77 65 41
98 42 91 57 77 65 41 98 42 14 42 91 57 77 65 41
98 42 91 57 77 65 41 98 42 91 14 42 91 57 77 65 41
98 42 91 57 77 65 41 98 42 91 14 91 57 77 65 41
98 42 91 57 77 65 41 98 42 91 57 14 91 57 77 65 41
98 42 14 42 91 57 77 65 41 98 42 91 57 77 65 41
98 42 91 14 42 91 57 77 65 41 98 42 91 57 77 65 41
98 42 91 14 91 57 77 65 41 98 42 91 57 77 65 41
98 42 91 57 14 91 57 77 65 41 98 42 91 57 77 65 41

40 71 9 28 19 50 18 40 71 9 28 19 50 18
40 71 9 28 19 50 18 40 71 16 71 9 28 19 50 18
40 71 9 28 19 50 18 40 71 9 16 71 9 28 19 50 18
40 71 9 28 19 50 18 40 71 9 16 9 28 19 50 18
40 71 9 28 19 50 18 40 71 9 28 16 9 28 19 50 18
40 71 16 71 9 28 19 50 18 40 71 9 28 19 50 18
40 71 9 16 71 9 28 19 50 18 40 71 9 28 19 50 18
40 71 9 16 9 28 19 50 18 40 71 9 28 19 50 18
40 71 9 28 16 9 28 19 50 18 40 71 9 28 19 50 18

42 34 43 68 78 95 7 42 34 43 68 78 95 7
42 34 43 68 78 95 7 42 34 6 34 43 68 78 95 7
42 34 43 68 78 95 7 42 34 43 6 34 43 68 78 95 7
42 34 43 68 78 95 7 42 34 43 6 43 68 78 95 7
42 34 43 68 78 95 7 42 34 43 68 6 43 68 78 95 7
42 34 6 34 43 68 78 95 7 42 34 43 68 78 95 7
42 34 43 6 34 43 68 78 95 7 42 34 43 68 78 95 7
42 34 43 6 43 68 78 95 7 42 34 43 68 78 95 7
42 34 43 68 6 43 68 78 95 7 42 34 43 68 78 95 7

91 8 28 76 44 42 71 91 8 28 76 44 42 71
91 8 28 76 44 42 71 91 8 13 8 28 76 44 42 71
91 8 28 76 44 42 71 91 8 28 13 8 28 76 44 42 71
91 8 28 76 44 42 71 91 8 28 13 28 76 44 42 71
91 8 28 76 44 42 71 91 8 28 76 13 28 76 44 42 71
91 8 13 8 28 76 44 42 71 91 8 28 76 44 42 71
91 8 28 13 8 28 76 44 42 71 91 8 28 76 44 42 71
91 8 28 13 28 76 44 42 71 91 8 28 76 44 42 71
91 8 28 76 13 28 76 44 42 71 91 8 28 76 44 42 71

31 58 46 11 67 51 5 31 58 46 11 67 51 5
31 58 46 11 67 51 5 31 58 14 58 46 11 67 51 5
31 58 46 11 67 51 5 31 58 46 14 58 46 11 67 51 5
31 58 46 11 67 51 5 31 58 46 14 46 11 67 51 5
31 58 46 11 67 51 5 31 58 46 11 14 46 11 67 51 5
31 58 14 58 46 11 67 51 5 31 58 46 11 67 51 5
31 58 46 14 58 46 11 67 51 5 31 58 46 11 67 51 5
31 58 46 14 46 11 67 51 5 31 58 46 11 67 51 5
31 58 46 11 14 46 11 67 51 5 31 58 46 11 67 51 5

88 59 64 72 81 72 17 88 59 64 72 81 72 17
88 59 64 72 81 72 17 88 59 18 59 64 72 81 72 17
88 59 64 72 81 72 17 88 59 64 18 59 64 72 81 72 17
88 59 64 72 81 72 17 88 59 64 18 64 72 81 72 17
88 59 64 72 81 72 17 88 59 64 72 18 64 72 81 72 17
88 59 18 59 64 72 81 72 17 88 59 64 72 81 72 17
88 59 64 18 59 64 72 81 72 17 88 59 64 72 81 72 17
88 59 64 18 64 72 81 72 17 88 59 64 72 81 72 17
88 59 64 72 18 64 72 81 72 17 88 59 64 72 81 72 17

64 95 15 73 89 82 72 64 95 15 73 89 82 72
64 95 15 73 89 82 72 64 95 7 95 15 73 89 82 72
64 95 15 73 89 82 72 64 95 15 7 95 15 73 89 82 72
64 95 15 73 89 82 72 64 95 15 7 15 73 89 82 72
64 95 15 73 89 82 72 64 95 15 73 7 15 73 89 82 72
64 95 7 95 15 73 89 82 72 64 95 15 73 89 82 72
64 95 15 7 95 15 73 89 82 72 64 95 15 73 89 82 72
64 95 15 7 15 73 89 82 72 64 95 15 73 89 82 72
64 95 15 73 7 15 73 89 82 72 64 95 15 73 89 82 72

7 26 12 68 8 78 14 7 26 12 68 8 78 14
7 26 12 68 8 78 14 7 26 16 26 12 68 8 78 14
7 26 12 68 8 78 14 7 26 12 16 26 12 68 8 78 14
7 26 12 68 8 78 14 7 26 12 16 12 68 8 78 14
7 26 12 68 8 78 14 7 26 12 68 16 12 68 8 78 14
7 26 16 26 12 68 8 78 14 7 26 12 68 8 78 14
7 26 12 16 26 12 68 8 78 14 7 26 12 68 8 78 14
7 26 12 16 12 68 8 78 14 7 26 12 68 8 78 14
7 26 12 68 16 12 68 8 78 14 7 26 12 68 8 78 14

37 16 35 64 70 57 11 37 16 35 64 70 57 11
37 16 35 64 70 57 11 37 16 8 16 35 64 70 57 11
37 16 35 64 70 57 11 37 16 35 8 16 35 64 70 57 11
37 16 35 64 70 57 11 37 16 35 8 35 64 70 57 11
37 16 35 64 70 57 11 37 16 35 64 8 35 64 70 57 11
37 16 8 16 35 64 70 57 11 37 16 35 64 70 57 11
37 16 35 8 16 35 64 70 57 11 37 16 35 64 70 57 11
37 16 35 8 35 64 70 57 11 37 16 35 64 70 57 11
37 16 35 64 8 35 64 70 57 11 37 16 35 64 70 57 11

47 24 10 35 16 52 82 47 24 10 35 16 52 82
47 24 10 35 16 52 82 47 24 17 24 10 35 16 52 82
47 24 10 35 16 52 82 47 24 10 17 24 10 35 16 52 82
47 24 10 35 16 52 82 47 24 10 17 10 35 16 52 82
47 24 10 35 16 52 82 47 24 10 35 17 10 35 16 52 82
47 24 17 24 10 35 16 52 82 47 24 10 35 16 52 82
47 24 10 17 24 10 35 16 52 82 47 24 10 35 16 52 82
47 24 10 17 10 35 16 52 82 47 24 10 35 16 52 82
47 24 10 35 17 10 35 16 52 82 47 24 10 35 16 52 82

68 76 40 71 73 29 75 68 76 40 71 73 29 75
68 76 40 71 73 29 75 68 76 6 76 40 71 73 29 75
68 76 40 71 73 29 75 68 76 40 6 76 40 71 73 29 75
68 76 40 71 73 29 75 68 76 40 6 40 71 73 29 75
68 76 40 71 73 29 75 68 76 40 71 6 40 71 73 29 75
68 76 6 76 40 71 73 29 75 68 76 40 71 73 29 75
68 76 40 6 76 40 71 73 29 75 68 76 40 71 73 29 75
68 76 40 6 40 71 73 29 75 68 76 40 71 73 29 75
68 76 40 71 6 40 71 73 29 75 68 76 40 71 73 29 75

79 10 22 69 25 79 13 79 10 22 69 25 79 13
79 10 22 69 25 79 13 79 10 14 10 22 69 25 79 13
79 10 22 69 25 79 13 79 10 22 14 10 22 69 25 79 13
79 10 22 69 25 79 13 79 10 22 14 22 69 25 79 13
79 10 22 69 25 79 13 79 10 22 69 14 22 69 25 79 13
79 10 14 10 22 69 25 79 13 79 10 22 69 25 79 13
79 10 22 14 10 22 69 25 79 13 79 10 22 69 25 79 13
79 10 22 14 22 69 25 79 13 79 10 22 69 25 79 13
79 10 22 69 14 22 69 25 79 13 79 10 22 69 25 79 13

46 59 6 16 82 5 90 46 59 6 16 82 5 90
46 59 6 16 82 5 90 46 59 17 59 6 16 82 5 90
46 59 6 16 82 5 90 46 59 6 17 59 6 16 82 5 90
46 59 6 16 82 5 90 46 59 6 17 6 16 82 5 90
46 59 6 16 82 5 90 46 59 6 16 17 6 16 82 5 90
46 59 17 59 6 16 82 5 90 46 59 6 16 82 5 90
46 59 6 17 59 6 16 82 5 90 46 59 6 16 82 5 90
46 59 6 17 6 16 82 5 90 46 59 6 16 82 5 90
46 59 6 16 17 6 16 82 5 90 46 59 6 16 82 5 90

100 60 76 13 85 78 38 100 60 76 13 85 78 38
100 60 76 13 85 78 38 100 60 19 60 76 13 85 78 38
100 60 76 13 85 78 38 100 60 76 19 60 76 13 85 78 38
100 60 76 13 85 78 38 100 60 76 19 76 13 85 78 38
100 60 76 13 85 78 38 100 60 76 13 19 76 13 85 78 38
100 60 19 60 76 13 85 78 38 100 60 76 13 85 78 38
100 60 76 19 60 76 13 85 78 38 100 60 76 13 85 78 38
100 60 76 19 76 13 85 78 38 100 60 76 13 85 78 38
100 60 76 13 19 76 13 85 78 38 100 60 76 13 85 78 38

91 34 14 13 55 96 16 91 34 14 13 55 96 16
91 34 14 13 55 96 16 91 34 13 34 14 13 55 96 16
91 34 14 13 55 96 16 91 34 14 13 34 14 13 55 96 16
91 34 14 13 55 96 16 91 34 14 13 14 13 55 96 16
91 34 14 13 55 96 16 91 34 14 13 13 14 13 55 96 16
91 34 13 34 14 13 55 96 16 91 34 14 13 55 96 16
91 34 14 13 34 14 13 55 96 16 91 34 14 13 55 96 16
91 34 14 13 14 13 55 96 16 91 34 14 13 55 96 16
91 34 14 13 13 14 13 55 96 16 91 34 14 13 55 96 16

39 35 25 29 39 6 96 39 35 25 29 39 6 96
39 35 25 29 39 6 96 39 35 15 35 25 29 39 6 96
39 35 25 29 39 6 96 39 35 25 15 35 25 29 39 6 96
39 35 25 29 39 6 96 39 35 25 15 25 29 39 6 96
39 35 25 29 39 6 96 39 35 25 29 15 25 29 39 6 96
39 35 15 35 25 29 39 6 96 39 35 25 29 39 6 96
39 35 25 15 35 25 29 39 6 96 39 35 25 29 39 6 96
39 35 25 15 25 29 39 6 96 39 35 25 29 39 6 96
39 35 25 29 15 25 29 39 6 96 39 35 25 29 39 6 96

73 46 84 97 75 26 75 73 46 84 97 75 26 75
73 46 84 97 75 26 75 73 46 17 46 84 97 75 26 75
73 46 84 97 75 26 75 73 46 84 17 46 84 97 75 26 75
73 46 84 97 75 26 75 73 46 84 17 84 97 75 26 75
73 46 84 97 75 26 75 73 46 84 97 17 84 97 75 26 75
73 46 17 46 84 97 75 26 75 73 46 84 97 75 26 75
73 46 84 17 46 84 97 75 26 75 73 46 84 97 75 26 75
73 46 84 17 84 97 75 26 75 73 46 84 97 75 26 75
73 46 84 97 17 84 97 75 26 75 73 46 84 97 75 26 75

95 5 15 76 99 20 36 95 5 15 76 99 20 36
95 5 15 76 99 20 36 95 5 17 5 15 76 99 20 36
95 5 15 76 99 20 36 95 5 15 17 5 15 76 99 20 36
95 5 15 76 99 20 36 95 5 15 17 15 76 99 20 36
95 5 15 76 99 20 36 95 5 15 76 17 15 76 99 20 36
95 5 17 5 15 76 99 20 36 95 5 15 76 99 20 36
95 5 15 17 5 15 76 99 20 36 95 5 15 76 99 20 36
95 5 15 17 15 76 99 20 36 95 5 15 76 99 20 36
95 5 15 76 17 15 76 99 20 36 95 5 15 76 99 20 36

94 52 82 97 49 45 29 94 52 82 97 49 45 29
94 52 82 97 49 45 29 94 52 6 52 82 97 49 45 29
94 52 82 97 49 45 29 94 52 82 6 52 82 97 49 45 29
94 52 82 97 49 45 29 94 52 82 6 82 97 49 45 29
94 52 82 97 49 45 29 94 52 82 97 6 82 97 49 45 29
94 52 6 52 82 97 49 45 29 94 52 82 97 49 45 29
94 52 82 6 52 82 97 49 45 29 94 52 82 97 49 45 29
94 52 82 6 82 97 49 45 29 94 52 82 97 49 45 29
94 52 82 97 6 82 97 49 45 29 94 52 82 97 49 45 29

45 67 26 49 24 28 49 45 67 26 49 24 28 49
45 67 26 49 24 28 49 45 67 11 67 26 49 24 28 49
45 67 26 49 24 28 49 45 67 26 11 67 26 49 24 28 49
45 67 26 49 24 28 49 45 67 26 11 26 49 24 28 49
45 67 26 49 24 28 49 45 67 26 49 11 26 49 24 28 49
45 67 11 67 26 49 24 28 49 45 67 26 49 24 28 49
45 67 26 11 67 26 49 24 28 49 45 67 26 49 24 28 49
45 67 26 11 26 49 24 28 49 45 67 26 49 24 28 49
45 67 26 49 11 26 49 24 28 49 45 67 26 49 24 28 49

83 92 6 22 78 40 77 83 92 6 22 78 40 77
83 92 6 22 78 40 77 83 92 16 92 6 22 78 40 77
83 92 6 22 78 40 77 83 92 6 16 92 6 22 78 40 77
83 92 6 22 78 40 77 83 92 6 16 6 22 78 40 77
83 92 6 22 78 40 77 83 92 6 22 16 6 22 78 40 77
83 92 16 92 6 22 78 40 77 83 92 6 22 78 40 77
83 92 6 16 92 6 22 78 40 77 83 92 6 22 78 40 77
83 92 6 16 6 22 78 40 77 83 92 6 22 78 40 77
83 92 6 22 16 6 22 78 40 77 83 92 6 22 78 40 77

12 84 69 22 96 77 16 12 84 69 22 96 77 16
12 84 69 22 96 77 16 12 84 16 84 69 22 96 77 16
12 84 69 22 96 77 16 12 84 69 16 84 69 22 96 77 16
12 84 69 22 96 77 16 12 84 69 16 69 22 96 77 16
12 84 69 22 96 77 16 12 84 69 22 16 69 22 96 77 16
12 84 16 84 69 22 96 77 16 12 84 69 22 96 77 16
12 84 69 16 84 69 22 96 77 16 12 84 69 22 96 77 16
12 84 69 16 69 22 96 77 16 12 84 69 22 96 77 16
12 84 69 22 16 69 22 96 77 16 12 84 69 22 96 77 16

23 74 16 51 40 85 7 23 74 16 51 40 85 7
23 74 16 51 40 85 7 23 74 16 74 16 51 40 85 7
23 74 16 51 40 85 7 23 74 16 16 74 16 51 40 85 7
23 74 16 51 40 85 7 23 74 16 16 16 51 40 85 7
23 74 16 51 40 85 7 23 74 16 51 16 16 51 40 85 7
23 74 16 74 16 51 40 85 7 23 74 16 51 40 85 7
23 74 16 16 74 16 51 40 85 7 23 74 16 51 40 85 7
23 74 16 16 16 51 40 85 7 23 74 16 51 40 85 7
23 74 16 51 16 16 51 40 85 7 23 74 16 51 40 85 7

59 48 73 87 67 8 39 59 48 73 87 67 8 39
59 48 73 87 67 8 39 59 48 17 48 73 87 67 8 39
59 48 73 87 67 8 39 59 48 73 17 48 73 87 67 8 39
59 48 73 87 67 8 39 59 48 73 17 73 87 67 8 39
59 48 73 87 67 8 39 59 48 73 87 17 73 87 67 8 39
59 48 17 48 73 87 67 8 39 59 48 73 87 67 8 39
59 48 73 17 48 73 87 67 8 39 59 48 73 87 67 8 39
59 48 73 17 73 87 67 8 39 59 48 73 87 67 8 39
59 48 73 87 17 73 87 67 8 39 59 48 73 87 67 8 39

26 88 25 7 22 93 25 26 88 25 7 22 93 25
26 88 25 7 22 93 25 26 88 20 88 25 7 22 93 25
26 88 25 7 22 93 25 26 88 25 20 88 25 7 22 93 25
26 88 25 7 22 93 25 26 88 25 20 25 7 22 93 25
26 88 25 7 22 93 25 26 88 25 7 20 25 7 22 93 25
26 88 20 88 25 7 22 93 25 26 88 25 7 22 93 25
26 88 25 20 88 25 7 22 93 25 26 88 25 7 22 93 25
26 88 25 20 25 7 22 93 25 26 88 25 7 22 93 25
26 88 25 7 20 25 7 22 93 25 26 88 25 7 22 93 25

83 14 27 59 11 6 24 83 14 27 59 11 6 24
83 14 27 59 11 6 24 83 14 6 14 27 59 11 6 24
83 14 27 59 11 6 24 83 14 27 6 14 27 59 11 6 24
83 14 27 59 11 6 24 83 14 27 6 27 59 11 6 24
83 14 27 59 11 6 24 83 14 27 59 6 27 59 11 6 24
83 14 6 14 27 59 11 6 24 83 14 27 59 11 6 24
83 14 27 6 14 27 59 11 6 24 83 14 27 59 11 6 24
83 14 27 6 27 59 11 6 24 83 14 27 59 11 6 24
83 14 27 59 6 27 59 11 6 24 83 14 27 59 11 6 24

70 24 70 30 88 78 87 70 24 70 30 88 78 87
70 24 70 30 88 78 87 70 24 12 24 70 30 88 78 87
70 24 70 30 88 78 87 70 24 70 12 24 70 30 88 78 87
70 24 70 30 88 78 87 70 24 70 12 70 30 88 78 87
70 24 70 30 88 78 87 70 24 70 30 12 70 30 88 78 87
70 24 12 24 70 30 88 78 87 70 24 70 30 88 78 87
70 24 70 12 24 70 30 88 78 87 70 24 70 30 88 78 87
70 24 70 12 70 30 88 78 87 70 24 70 30 88 78 87
70 24 70 30 12 70 30 88 78 87 70 24 70 30 88 78 87

30 88 35 86 58 64 7 30 88 35 86 58 64 7
30 88 35 86 58 64 7 30 88 10 88 35 86 58 64 7
30 88 35 86 58 64 7 30 88 35 10 88 35 86 58 64 7
30 88 35 86 58 64 7 30 88 35 10 35 86 58 64 7
30 88 35 86 58 64 7 30 88 35 86 10 35 86 58 64 7
30 88 10 88 35 86 58 64 7 30 88 35 86 58 64 7
30 88 35 10 88 35 86 58 64 7 30 88 35 86 58 64 7
30 88 35 10 35 86 58 64 7 30 88 35 86 58 64 7
30 88 35 86 10 35 86 58 64 7 30 88 35 86 58 64 7

49 50 21 65 47 46 16 49 50 21 65 47 46 16
49 50 21 65 47 46 16 49 50 20 50 21 65 47 46 16
49 50 21 65 47 46 16 49 50 21 20 50 21 65 47 46 16
49 50 21 65 47 46 16 49 50 21 20 21 65 47 46 16
49 50 21 65 47 46 16 49 50 21 65 20 21 65 47 46 16
49 50 20 50 21 65 47 46 16 49 50 21 65 47 46 16
49 50 21 20 50 21 65 47 46 16 49 50 21 65 47 46 16
49 50 21 20 21 65 47 46 16 49 50 21 65 47 46 16
49 50 21 65 20 21 65 47 46 16 49 50 21 65 47 46 16

82 78 40 8 19 82 95 82 78 40 8 19 82 95
82 78 40 8 19 82 95 82 78 6 78 40 8 19 82 95
82 78 40 8 19 82 95 82 78 40 6 78 40 8 19 82 95
82 78 40 8 19 82 95 82 78 40 6 40 8 19 82 95
82 78 40 8 19 82 95 82 78 40 8 6 40 8 19 82 95
82 78 6 78 40 8 19 82 95 82 78 40 8 19 82 95
82 78 40 6 78 40 8 19 82 95 82 78 40 8 19 82 95
82 78 40 6 40 8 19 82 95 82 78 40 8 19 82 95
82 78 40 8 6 40 8 19 82 95 82 78 40 8 19 82 95

92 14 6 30 34 71 82 92 14 6 30 34 71 82
92 14 6 30 34 71 82 92 14 14 14 6 30 34 71 82
92 14 6 30 34 71 82 92 14 6 14 14 6 30 34 71 82
92 14 6 30 34 71 82 92 14 6 14 6 30 34 71 82
92 14 6 30 34 71 82 92 14 6 30 14 6 30 34 71 82
92 14 14 14 6 30 34 71 82 92 14 6 30 34 71 82
92 14 6 14 14 6 30 34 71 82 92 14 6 30 34 71 82
92 14 6 14 6 30 34 71 82 92 14 6 30 34 71 82
92 14 6 30 14 6 30 34 71 82 92 14 6 30 34 71 82

41 100 14 73 7 46 97 41 100 14 73 7 46 97
41 100 14 73 7 46 97 41 100 14 100 14 73 7 46 97
41 100 14 73 7 46 97 41 100 14 14 100 14 73 7 46 97
41 100 14 73 7 46 97 41 100 14 14 14 73 7 46 97
41 100 14 73 7 46 97 41 100 14 73 14 14 73 7 46 97
41 100 14 100 14 73 7 46 97 41 100 14 73 7 46 97
41 100 14 14 100 14 73 7 46 97 41 100 14 73 7 46 97
41 100 14 14 14 73 7 46 97 41 100 14 73 7 46 97
41 100 14 73 14 14 73 7 46 97 41 100 14 73 7 46 97

29 23 33 21 70 76 87 29 23 33 21 70 76 87
29 23 33 21 70 76 87 29 23 19 23 33 21 70 76 87
29 23 33 21 70 76 87 29 23 33 19 23 33 21 70 76 87
29 23 33 21 70 76 87 29 23 33 19 33 21 70 76 87
29 23 33 21 70 76 87 29 23 33 21 19 33 21 70 76 87
29 23 19 23 33 21 70 76 87 29 23 33 21 70 76 87
29 23 33 19 23 33 21 70 76 87 29 23 33 21 70 76 87
29 23 33 19 33 21 70 76 87 29 23 33 21 70 76 87
29 23 33 21 19 33 21 70 76 87 29 23 33 21 70 76 87

90 72 12 96 65 57 13 90 72 12 96 65 57 13
90 72 12 96 65 57 13 90 72 17 72 12 96 65 57 13
90 72 12 96 65 57 13 90 72 12 17 72 12 96 65 57 13
90 72 12 96 65 57 13 90 72 12 17 12 96 65 57 13
90 72 12 96 65 57 13 90 72 12 96 17 12 96 65 57 13
90 72 17 72 12 96 65 57 13 90 72 12 96 65 57 13
90 72 12 17 72 12 96 65 57 13 90 72 12 96 65 57 13
90 72 12 17 12 96 65 57 13 90 72 12 96 65 57 13
90 72 12 96 17 12 96 65 57 13 90 72 12 96 65 57 13

38 87 43 29 15 93 22 38 87 43 29 15 93 22
38 87 43 29 15 93 22 38 87 16 87 43 29 15 93 22
38 87 43 29 15 93 22 38 87 43 16 87 43 29 15 93 22
38 87 43 29 15 93 22 38 87 43 16 43 29 15 93 22
38 87 43 29 15 93 22 38 87 43 29 16 43 29 15 93 22
38 87 16 87 43 29 15 93 22 38 87 43 29 15 93 22
38 87 43 16 87 43 29 15 93 22 38 87 43 29 15 93 22
38 87 43 16 43 29 15 93 22 38 87 43 29 15 93 22
38 87 43 29 16 43 29 15 93 22 38 87 43 29 15 93 22

98 89 55 59 39 35 80 98 89 55 59 39 35 80
98 89 55 59 39 35 80 98 89 6 89 55 59 39 35 80
98 89 55 59 39 35 80 98 89 55 6 89 55 59 39 35 80
98 89 55 59 39 35 80 98 89 55 6 55 59 39 35 80
98 89 55 59 39 35 80 98 89 55 59 6 55 59 39 35 80
98 89 6 89 55 59 39 35 80 98 89 55 59 39 35 80
98 89 55 6 89 55 59 39 35 80 98 89 55 59 39 35 80
98 89 55 6 55 59 39 35 80 98 89 55 59 39 35 80
98 89 55 59 6 55 59 39 35 80 98 89 55 59 39 35 80

34 72 43 56 61 80 90 34 72 43 56 61 80 90
34 72 43 56 61 80 90 34 72 19 72 43 56 61 80 90
34 72 43 56 61 80 90 34 72 43 19 72 43 56 61 80 90
34 72 43 56 61 80 90 34 72 43 19 43 56 61 80 90
34 72 43 56 61 80 90 34 72 43 56 19 43 56 61 80 90
34 72 19 72 43 56 61 80 90 34 72 43 56 61 80 90
34 72 43 19 72 43 56 61 80 90 34 72 43 56 61 80 90
34 72 43 19 43 56 61 80 90 34 72 43 56 61 80 90
34 72 43 56 19 43 56 61 80 90 34 72 43 56 61 80 90

57 44 11 7 64 67 93 57 44 11 7 64 67 93
57 44 11 7 64 67 93 57 44 9 44 11 7 64 67 93
57 44 11 7 64 67 93 57 44 11 9 44 11 7 64 67 93
57 44 11 7 64 67 93 57 44 11 9 11 7 64 67 93
57 44 11 7 64 67 93 57 44 11 7 9 11 7 64 67 93
57 44 9 44 11 7 64 67 93 57 44 11 7 64 67 93
57 44 11 9 44 11 7 64 67 93 57 44 11 7 64 67 93
57 44 11 9 11 7 64 67 93 57 44 11 7 64 67 93
57 44 11 7 9 11 7 64 67 93 57 44 11 7 64 67 93

72 25 26 9 27 75 85 72 25 26 9 27 75 85
72 25 26 9 27 75 85 72 25 7 25 26 9 27 75 85
72 25 26 9 27 75 85 72 25 26 7 25 26 9 27 75 85
72 25 26 9 27 75 85 72 25 26 7 26 9 27 75 85
72 25 26 9 27 75 85 72 25 26 9 7 26 9 27 75 85
72 25 7 25 26 9 27 75 85 72 25 26 9 27 75 85
72 25 26 7 25 26 9 27 75 85 72 25 26 9 27 75 85
72 25 26 7 26 9 27 75 85 72 25 26 9 27 75 85
72 25 26 9 7 26 9 27 75 85 72 25 26 9 27 75 85

7 57 53 31 65 70 41 7 57 53 31 65 70 41
7 57 53 31 65 70 41 7 57 14 57 53 31 65 70 41
7 57 53 31 65 70 41 7 57 53 14 57 53 31 65 70 41
7 57 53 31 65 70 41 7 57 53 14 53 31 65 70 41
7 57 53 31 65 70 41 7 57 53 31 14 53 31 65 70 41
7 57 14 57 53 31 65 70 41 7 57 53 31 65 70 41
7 57 53 14 57 53 31 65 70 41 7 57 53 31 65 70 41
7 57 53 14 53 31 65 70 41 7 57 53 31 65 70 41
7 57 53 31 14 53 31 65 70 41 7 57 53 31 65 70 41

53 44 52 72 18 40 29 53 44 52 72 18 40 29
53 44 52 72 18 40 29 53 44 15 44 52 72 18 40 29
53 44 52 72 18 40 29 53 44 52 15 44 52 72 18 40 29
53 44 52 72 18 40 29 53 44 52 15 52 72 18 40 29
53 44 52 72 18 40 29 53 44 52 72 15 52 72 18 40 29
53 44 15 44 52 72 18 40 29 53 44 52 72 18 40 29
53 44 52 15 44 52 72 18 40 29 53 44 52 72 18 40 29
53 44 52 15 52 72 18 40 29 53 44 52 72 18 40 29
53 44 52 72 15 52 72 18 40 29 53 44 52 72 18 40 29

69 29 14 61 94 75 30 69 29 14 61 94 75 30
69 29 14 61 94 75 30 69 29 19 29 14 61 94 75 30
69 29 14 61 94 75 30 69 29 14 19 29 14 61 94 75 30
69 29 14 61 94 75 30 69 29 14 19 14 61 94 75 30
69 29 14 61 94 75 30 69 29 14 61 19 14 61 94 75 30
69 29 19 29 14 61 94 75 30 69 29 14 61 94 75 30
69 29 14 19 29 14 61 94 75 30 69 29 14 61 94 75 30
69 29 14 19 14 61 94 75 30 69 29 14 61 94 75 30
69 29 14 61 19 14 61 94 75 30 69 29 14 61 94 75 30

83 49 89 29 77 58 63 83 49 89 29 77 58 63
83 49 89 29 77 58 63 83 49 13 49 89 29 77 58 63
83 49 89 29 77 58 63 83 49 89 13 49 89 29 77 58 63
83 49 89 29 77 58 63 83 49 89 13 89 29 77 58 63
83 49 89 29 77 58 63 83 49 89 29 13 89 29 77 58 63
83 49 13 49 89 29 77 58 63 83 49 89 29 77 58 63
83 49 89 13 49 89 29 77 58 63 83 49 89 29 77 58 63
83 49 89 13 89 29 77 58 63 83 49 89 29 77 58 63
83 49 89 29 13 89 29 77 58 63 83 49 89 29 77 58 63

17 100 55 46 21 91 78 17 100 55 46 21 91 78
17 100 55 46 21 91 78 17 100 11 100 55 46 21 91 78
17 100 55 46 21 91 78 17 100 55 11 100 55 46 21 91 78
17 100 55 46 21 91 78 17 100 55 11 55 46 21 91 78
17 100 55 46 21 91 78 17 100 55 46 11 55 46 21 91 78
17 100 11 100 55 46 21 91 78 17 100 55 46 21 91 78
17 100 55 11 100 55 46 21 91 78 17 100 55 46 21 91 78
17 100 55 11 55 46 21 91 78 17 100 55 46 21 91 78
17 100 55 46 11 55 46 21 91 78 17 100 55 46 21 91 78

71 8 5 36 19 26 75 71 8 5 36 19 26 75
71 8 5 36 19 26 75 71 8 12 8 5 36 19 26 75
71 8 5 36 19 26 75 71 8 5 12 8 5 36 19 26 75
71 8 5 36 19 26 75 71 8 5 12 5 36 19 26 75
71 8 5 36 19 26 75 71 8 5 36 12 5 36 19 26 75
71 8 12 8 5 36 19 26 75 71 8 5 36 19 26 75
71 8 5 12 8 5 36 19 26 75 71 8 5 36 19 26 75
71 8 5 12 5 36 19 26 75 71 8 5 36 19 26 75
71 8 5 36 12 5 36 19 26 75 71 8 5 36 19 26 75

17 74 38 45 48 42 64 17 74 38 45 48 42 64
17 74 38 45 48 42 64 17 74 8 74 38 45 48 42 64
17 74 38 45 48 42 64 17 74 38 8 74 38 45 48 42 64
17 74 38 45 48 42 64 17 74 38 8 38 45 48 42 64
17 74 38 45 48 42 64 17 74 38 45 8 38 45 48 42 64
17 74 8 74 38 45 48 42 64 17 74 38 45 48 42 64
17 74 38 8 74 38 45 48 42 64 17 74 38 45 48 42 64
17 74 38 8 38 45 48 42 64 17 74 38 45 48 42 64
17 74 38 45 8 38 45 48 42 64 17 74 38 45 48 42 64

26 13 27 85 44 23 77 26 13 27 85 44 23 77
26 13 27 85 44 23 77 26 13 13 13 27 85 44 23 77
26 13 27 85 44 23 77 26 13 27 13 13 27 85 44 23 77
26 13 27 85 44 23 77 26 13 27 13 27 85 44 23 77
26 13 27 85 44 23 77 26 13 27 85 13 27 85 44 23 77
26 13 13 13 27 85 44 23 77 26 13 27 85 44 23 77
26 13 27 13 13 27 85 44 23 77 26 13 27 85 44 23 77
26 13 27 13 27 85 44 23 77 26 13 27 85 44 23 77
26 13 27 85 13 27 85 44 23 77 26 13 27 85 44 23 77

30 29 12 49 40 10 24 30 29 12 49 40 10 24
30 29 12 49 40 10 24 30 29 18 29 12 49 40 10 24
30 29 12 49 40 10 24 30 29 12 18 29 12 49 40 10 24
30 29 12 49 40 10 24 30 29 12 18 12 49 40 10 24
30 29 12 49 40 10 24 30 29 12 49 18 12 49 40 10 24
30 29 18 29 12 49 40 10 24 30 29 12 49 40 10 24
30 29 12 18 29 12 49 40 10 24 30 29 12 49 40 10 24
30 29 12 18 12 49 40 10 24 30 29 12 49 40 10 24
30 29 12 49 18 12 49 40 10 24 30 29 12 49 40 10 24

45 75 84 55 84 74 59 45 75 84 55 84 74 59
45 75 84 55 84 74 59 45 75 17 75 84 55 84 74 59
45 75 84 55 84 74 59 45 75 84 17 75 84 55 84 74 59
45 75 84 55 84 74 59 45 75 84 17 84 55 84 74 59
45 75 84 55 84 74 59 45 75 84 55 17 84 55 84 74 59
45 75 17 75 84 55 84 74 59 45 75 84 55 84 74 59
45 75 84 17 75 84 55 84 74 59 45 75 84 55 84 74 59
45 75 84 17 84 55 84 74 59 45 75 84 55 84 74 59
45 75 84 55 17 84 55 84 74 59 45 75 84 55 84 74 59

85 8 65 28 51 50 14 85 8 65 28 51 50 14
85 8 65 28 51 50 14 85 8 9 8 65 28 51 50 14
85 8 65 28 51 50 14 85 8 65 9 8 65 28 51 50 14
85 8 65 28 51 50 14 85 8 65 9 65 28 51 50 14
85 8 65 28 51 50 14 85 8 65 28 9 65 28 51 50 14
85 8 9 8 65 28 51 50 14 85 8 65 28 51 50 14
85 8 65 9 8 65 28 51 50 14 85 8 65 28 51 50 14
85 8 65 9 65 28 51 50 14 85 8 65 28 51 50 14
85 8 65 28 9 65 28 51 50 14 85 8 65 28 51 50 14

99 72 75 68 72 15 64 99 72 75 68 72 15 64
99 72 75 68 72 15 64 99 72 8 72 75 68 72 15 64
99 72 75 68 72 15 64 99 72 75 8 72 75 68 72 15 64
99 72 75 68 72 15 64 99 72 75 8 75 68 72 15 64
99 72 75 68 72 15 64 99 72 75 68 8 75 68 72 15 64
99 72 8 72 75 68 72 15 64 99 72 75 68 72 15 64
99 72 75 8 72 75 68 72 15 64 99 72 75 68 72 15 64
99 72 75 8 75 68 72 15 64 99 72 75 68 72 15 64
99 72 75 68 8 75 68 72 15 64 99 72 75 68 72 15 64

68 60 10 12 44 62 95 68 60 10 12 44 62 95
68 60 10 12 44 62 95 68 60 9 60 10 12 44 62 95
68 60 10 12 44 62 95 68 60 10 9 60 10 12 44 62 95
68 60 10 12 44 62 95 68 60 10 9 10 12 44 62 95
68 60 10 12 44 62 95 68 60 10 12 9 10 12 44 62 95
68 60 9 60 10 12 44 62 95 68 60 10 12 44 62 95
68 60 10 9 60 10 12 44 62 95 68 60 10 12 44 62 95
68 60 10 9 10 12 44 62 95 68 60 10 12 44 62 95
68 60 10 12 9 10 12 44 62 95 68 60 10 12 44 62 95

14 21 93 38 42 58 66 14 21 93 38 42 58 66
14 21 93 38 42 58 66 14 21 16 21 93 38 42 58 66
14 21 93 38 42 58 66 14 21 93 16 21 93 38 42 58 66
14 21 93 38 42 58 66 14 21 93 16 93 38 42 58 66
14 21 93 38 42 58 66 14 21 93 38 16 93 38 42 58 66
14 21 16 21 93 38 42 58 66 14 21 93 38 42 58 66
14 21 93 16 21 93 38 42 58 66 14 21 93 38 42 58 66
14 21 93 16 93 38 42 58 66 14 21 93 38 42 58 66
14 21 93 38 16 93 38 42 58 66 14 21 93 38 42 58 66

99 39 57 88 25 51 71 99 39 57 88 25 51 71
99 39 57 88 25 51 71 99 39 17 39 57 88 25 51 71
99 39 57 88 25 51 71 99 39 57 17 39 57 88 25 51 71
99 39 57 88 25 51 71 99 39 57 17 57 88 25 51 71
99 39 57 88 25 51 71 99 39 57 88 17 57 88 25 51 71
99 39 17 39 57 88 25 51 71 99 39 57 88 25 51 71
99 39 57 17 39 57 88 25 51 71 99 39 57 88 25 51 71
99 39 57 17 57 88 25 51 71 99 39 57 88 25 51 71
99 39 57 88 17 57 88 25 51 71 99 39 57 88 25 51 71

67 66 24 93 81 95 85 67 66 24 93 81 95 85
67 66 24 93 81 95 85 67 66 8 66 24 93 81 95 85
67 66 24 93 81 95 85 67 66 24 8 66 24 93 81 95 85
67 66 24 93 81 95 85 67 66 24 8 24 93 81 95 85
67 66 24 93 81 95 85 67 66 24 93 8 24 93 81 95 85
67 66 8 66 24 93 81 95 85 67 66 24 93 81 95 85
67 66 24 8 66 24 93 81 95 85 67 66 24 93 81 95 85
67 66 24 8 24 93 81 95 85 67 66 24 93 81 95 85
67 66 24 93 8 24 93 81 95 85 67 66 24 93 81 95 85

82 44 67 95 67 46 5 82 44 67 95 67 46 5
82 44 67 95 67 46 5 82 44 12 44 67 95 67 46 5
82 44 67 95 67 46 5 82 44 67 12 44 67 95 67 46 5
82 44 67 95 67 46 5 82 44 67 12 67 95 67 46 5
82 44 67 95 67 46 5 82 44 67 95 12 67 95 67 46 5
82 44 12 44 67 95 67 46 5 82 44 67 95 67 46 5
82 44 67 12 44 67 95 67 46 5 82 44 67 95 67 46 5
82 44 67 12 67 95 67 46 5 82 44 67 95 67 46 5
82 44 67 95 12 67 95 67 46 5 82 44 67 95 67 46 5

6 73 72 71 98 11 32 6 73 72 71 98 11 32
6 73 72 71 98 11 32 6 73 15 73 72 71 98 11 32
6 73 72 71 98 11 32 6 73 72 15 73 72 71 98 11 32
6 73 72 71 98 11 32 6 73 72 15 72 71 98 11 32
6 73 72 71 98 11 32 6 73 72 71 15 72 71 98 11 32
6 73 15 73 72 71 98 11 32 6 73 72 71 98 11 32
6 73 72 15 73 72 71 98 11 32 6 73 72 71 98 11 32
6 73 72 15 72 71 98 11 32 6 73 72 71 98 11 32
6 73 72 71 15 72 71 98 11 32 6 73 72 71 98 11 32

78 75 78 95 45 34 22 78 75 78 95 45 34 22
78 75 78 95 45 34 22 78 75 9 75 78 95 45 34 22
78 75 78 95 45 34 22 78 75 78 9 75 78 95 45 34 22
78 75 78 95 45 34 22 78 75 78 9 78 95 45 34 22
78 75 78 95 45 34 22 78 75 78 95 9 78 95 45 34 22
78 75 9 75 78 95 45 34 22 78 75 78 95 45 34 22
78 75 78 9 75 78 95 45 34 22 78 75 78 95 45 34 22
78 75 78 9 78 95 45 34 22 78 75 78 95 45 34 22
78 75 78 95 9 78 95 45 34 22 78 75 78 95 45 34 22

71 72 25 63 6 89 55 71 72 25 63 6 89 55
71 72 25 63 6 89 55 71 72 10 72 25 63 6 89 55
71 72 25 63 6 89 55 71 72 25 10 72 25 63 6 89 55
71 72 25 63 6 89 55 71 72 25 10 25 63 6 89 55
71 72 25 63 6 89 55 71 72 25 63 10 25 63 6 89 55
71 72 10 72 25 63 6 89 55 71 72 25 63 6 89 55
71 72 25 10 72 25 63 6 89 55 71 72 25 63 6 89 55
71 72 25 10 25 63 6 89 55 71 72 25 63 6 89 55
71 72 25 63 10 25 63 6 89 55 71 72 25 63 6 89 55

7 40 15 64 70 71 47 7 40 15 64 70 71 47
7 40 15 64 70 71 47 7 40 9 40 15 64 70 71 47
7 40 15 64 70 71 47 7 40 15 9 40 15 64 70 71 47
7 40 15 64 70 71 47 7 40 15 9 15 64 70 71 47
7 40 15 64 70 71 47 7 40 15 64 9 15 64 70 71 47
7 40 9 40 15 64 70 71 47 7 40 15 64 70 71 47
7 40 15 9 40 15 64 70 71 47 7 40 15 64 70 71 47
7 40 15 9 15 64 70 71 47 7 40 15 64 70 71 47
7 40 15 64 9 15 64 70 71 47 7 40 15 64 70 71 47

45 69 25 26 31 54 37 45 69 25 26 31 54 37
45 69 25 26 31 54 37 45 69 20 69 25 26 31 54 37
45 69 25 26 31 54 37 45 69 25 20 69 25 26 31 54 37
45 69 25 26 31 54 37 45 69 25 20 25 26 31 54 37
45 69 25 26 31 54 37 45 69 25 26 20 25 26 31 54 37
45 69 20 69 25 26 31 54 37 45 69 25 26 31 54 37
45 69 25 20 69 25 26 31 54 37 45 69 25 26 31 54 37
45 69 25 20 25 26 31 54 37 45 69 25 26 31 54 37
45 69 25 26 20 25 26 31 54 37 45 69 25 26 31 54 37

67 8 75 60 94 50 42 67 8 75 60 94 50 42
67 8 75 60 94 50 42 67 8 12 8 75 60 94 50 42
67 8 75 60 94 50 42 67 8 75 12 8 75 60 94 50 42
67 8 75 60 94 50 42 67 8 75 12 75 60 94 50 42
67 8 75 60 94 50 42 67 8 75 60 12 75 60 94 50 42
67 8 12 8 75 60 94 50 42 67 8 75 60 94 50 42
67 8 75 12 8 75 60 94 50 42 67 8 75 60 94 50 42
67 8 75 12 75 60 94 50 42 67 8 75 60 94 50 42
67 8 75 60 12 75 60 94 50 42 67 8 75 60 94 50 42

44 65 9 53 78 25 92 44 65 9 53 78 25 92
44 65 9 53 78 25 92 44 65 19 65 9 53 78 25 92
44 65 9 53 78 25 92 44 65 9 19 65 9 53 78 25 92
44 65 9 53 78 25 92 44 65 9 19 9 53 78 25 92
44 65 9 53 78 25 92 44 65 9 53 19 9 53 78 25 92
44 65 19 65 9 53 78 25 92 44 65 9 53 78 25 92
44 65 9 19 65 9 53 78 25 92 44 65 9 53 78 25 92
44 65 9 19 9 53 78 25 92 44 65 9 53 78 25 92
44 65 9 53 19 9 53 78 25 92 44 65 9 53 78 25 92

78 44 96 18 81 51 79 78 44 96 18 81 51 79
78 44 96 18 81 51 79 78 44 11 44 96 18 81 51 79
78 44 96 18 81 51 79 78 44 96 11 44 96 18 81 51 79
78 44 96 18 81 51 79 78 44 96 11 96 18 81 51 79
78 44 96 18 81 51 79 78 44 96 18 11 96 18 81 51 79
78 44 11 44 96 18 81 51 79 78 44 96 18 81 51 79
78 44 96 11 44 96 18 81 51 79 78 44 96 18 81 51 79
78 44 96 11 96 18 81 51 79 78 44 96 18 81 51 79
78 44 96 18 11 96 18 81 51 79 78 44 96 18 81 51 79

71 18 92 23 40 9 62 71 18 92 23 40 9 62
71 18 92 23 40 9 62 71 18 15 18 92 23 40 9 62
71 18 92 23 40 9 62 71 18 92 15 18 92 23 40 9 62
71 18 92 23 40 9 62 71 18 92 15 92 23 40 9 62
71 18 92 23 40 9 62 71 18 92 23 15 92 23 40 9 62
71 18 15 18 92 23 40 9 62 71 18 92 23 40 9 62
71 18 92 15 18 92 23 40 9 62 71 18 92 23 40 9 62
71 18 92 15 92 23 40 9 62 71 18 92 23 40 9 62
71 18 92 23 15 92 23 40 9 62 71 18 92 23 40 9 62

46 31 20 95 10 34 96 46 31 20 95 10 34 96
46 31 20 95 10 34 96 46 31 8 31 20 95 10 34 96
46 31 20 95 10 34 96 46 31 20 8 31 20 95 10 34 96
46 31 20 95 10 34 96 46 31 20 8 20 95 10 34 96
46 31 20 95 10 34 96 46 31 20 95 8 20 95 10 34 96
46 31 8 31 20 95 10 34 96 46 31 20 95 10 34 96
46 31 20 8 31 20 95 10 34 96 46 31 20 95 10 34 96
46 31 20 8 20 95 10 34 96 46 31 20 95 10 34 96
46 31 20 95 8 20 95 10 34 96 46 31 20 95 10 34 96

17 70 33 86 11 19 41 17 70 33 86 11 19 41
17 70 33 86 11 19 41 17 70 20 70 33 86 11 19 41
17 70 33 86 11 19 41 17 70 33 20 70 33 86 11 19 41
17 70 33 86 11 19 41 17 70 33 20 33 86 11 19 41
17 70 33 86 11 19 41 17 70 33 86 20 33 86 11 19 41
17 70 20 70 33 86 11 19 41 17 70 33 86 11 19 41
17 70 33 20 70 33 86 11 19 41 17 70 33 86 11 19 41
17 70 33 20 33 86 11 19 41 17 70 33 86 11 19 41
17 70 33 86 20 33 86 11 19 41 17 70 33 86 11 19 41

96 81 96 32 26 80 82 96 81 96 32 26 80 82
96 81 96 32 26 80 82 96 81 14 81 96 32 26 80 82
96 81 96 32 26 80 82 96 81 96 14 81 96 32 26 80 82
96 81 96 32 26 80 82 96 81 96 14 96 32 26 80 82
96 81 96 32 26 80 82 96 81 96 32 14 96 32 26 80 82
96 81 14 81 96 32 26 80 82 96 81 96 32 26 80 82
96 81 96 14 81 96 32 26 80 82 96 81 96 32 26 80 82
96 81 96 14 96 32 26 80 82 96 81 96 32 26 80 82
96 81 96 32 14 96 32 26 80 82 96 81 96 32 26 80 82

62 43 46 12 39 55 83 62 43 46 12 39 55 83
62 43 46 12 39 55 83 62 43 17 43 46 12 39 55 83
62 43 46 12 39 55 83 62 43 46 17 43 46 12 39 55 83
62 43 46 12 39 55 83 62 43 46 17 46 12 39 55 83
62 43 46 12 39 55 83 62 43 46 12 17 46 12 39 55 83
62 43 17 43 46 12 39 55 83 62 43 46 12 39 55 83
62 43 46 17 43 46 12 39 55 83 62 43 46 12 39 55 83
62 43 46 17 46 12 39 55 83 62 43 46 12 39 55 83
62 43 46 12 17 46 12 39 55 83 62 43 46 12 39 55 83

27 18 39 77 98 29 84 27 18 39 77 98 29 84
27 18 39 77 98 29 84 27 18 8 18 39 77 98 29 84
27 18 39 77 98 29 84 27 18 39 8 18 39 77 98 29 84
27 18 39 77 98 29 84 27 18 39 8 39 77 98 29 84
27 18 39 77 98 29 84 27 18 39 77 8 39 77 98 29 84
27 18 8 18 39 77 98 29 84 27 18 39 77 98 29 84
27 18 39 8 18 39 77 98 29 84 27 18 39 77 98 29 84
27 18 39 8 39 77 98 29 84 27 18 39 77 98 29 84
27 18 39 77 8 39 77 98 29 84 27 18 39 77 98 29 84

50 23 9 55 17 17 94 50 23 9 55 17 17 94
50 23 9 55 17 17 94 50 23 5 23 9 55 17 17 94
50 23 9 55 17 17 94 50 23 9 5 23 9 55 17 17 94
50 23 9 55 17 17 94 50 23 9 5 9 55 17 17 94
50 23 9 55 17 17 94 50 23 9 55 5 9 55 17 17 94
50 23 5 23 9 55 17 17 94 50 23 9 55 17 17 94
50 23 9 5 23 9 55 17 17 94 50 23 9 55 17 17 94
50 23 9 5 9 55 17 17 94 50 23 9 55 17 17 94
50 23 9 55 5 9 55 17 17 94 50 23 9 55 17 17 94

61 27 13 52 84 87 29 61 27 13 52 84 87 29
61 27 13 52 84 87 29 61 27 20 27 13 52 84 87 29
61 27 13 52 84 87 29 61 27 13 20 27 13 52 84 87 29
61 27 13 52 84 87 29 61 27 13 20 13 52 84 87 29
61 27 13 52 84 87 29 61 27 13 52 20 13 52 84 87 29
61 27 20 27 13 52 84 87 29 61 27 13 52 84 87 29
61 27 13 20 27 13 52 84 87 29 61 27 13 52 84 87 29
61 27 13 20 13 52 84 87 29 61 27 13 52 84 87 29
61 27 13 52 20 13 52 84 87 29 61 27 13 52 84 87 29

86 62 44 28 54 21 90 86 62 44 28 54 21 90
86 62 44 28 54 21 90 86 62 12 62 44 28 54 21 90
86 62 44 28 54 21 90 86 62 44 12 62 44 28 54 21 90
86 62 44 28 54 21 90 86 62 44 12 44 28 54 21 90
86 62 44 28 54 21 90 86 62 44 28 12 44 28 54 21 90
86 62 12 62 44 28 54 21 90 86 62 44 28 54 21 90
86 62 44 12 62 44 28 54 21 90 86 62 44 28 54 21 90
86 62 44 12 44 28 54 21 90 86 62 44 28 54 21 90
86 62 44 28 12 44 28 54 21 90 86 62 44 28 54 21 90

60 79 47 69 17 95 67 60 79 47 69 17 95 67
60 79 47 69 17 95 67 60 79 10 79 47 69 17 95 67
60 79 47 69 17 95 67 60 79 47 10 79 47 69 17 95 67
60 79 47 69 17 95 67 60 79 47 10 47 69 17 95 67
60 79 47 69 17 95 67 60 79 47 69 10 47 69 17 95 67
60 79 10 79 47 69 17 95 67 60 79 47 69 17 95 67
60 79 47 10 79 47 69 17 95 67 60 79 47 69 17 95 67
60 79 47 10 47 69 17 95 67 60 79 47 69 17 95 67
60 79 47 69 10 47 69 17 95 67 60 79 47 69 17 95 67

9 38 65 8 34 90 16 9 38 65 8 34 90 16
9 38 65 8 34 90 16 9 38 9 38 65 8 34 90 16
9 38 65 8 34 90 16 9 38 65 9 38 65 8 34 90 16
9 38 65 8 34 90 16 9 38 65 9 65 8 34 90 16
9 38 65 8 34 90 16 9 38 65 8 9 65 8 34 90 16
9 38 9 38 65 8 34 90 16 9 38 65 8 34 90 16
9 38 65 9 38 65 8 34 90 16 9 38 65 8 34 90 16
9 38 65 9 65 8 34 90 16 9 38 65 8 34 90 16
9 38 65 8 9 65 8 34 90 16 9 38 65 8 34 90 16

19 34 21 36 47 75 53 19 34 21 36 47 75 53
19 34 21 36 47 75 53 19 34 17 34 21 36 47 75 53
19 34 21 36 47 75 53 19 34 21 17 34 21 36 47 75 53
19 34 21 36 47 75 53 19 34 21 17 21 36 47 75 53
19 34 21 36 47 75 53 19 34 21 36 17 21 36 47 75 53
19 34 17 34 21 36 47 75 53 19 34 21 36 47 75 53
19 34 21 17 34 21 36 47 75 53 19 34 21 36 47 75 53
19 34 21 17 21 36 47 75 53 19 34 21 36 47 75 53
19 34 21 36 17 21 36 47 75 53 19 34 21 36 47 75 53

77 8 35 52 67 48 29 77 8 35 52 67 48 29
77 8 35 52 67 48 29 77 8 10 8 35 52 67 48 29
77 8 35 52 67 48 29 77 8 35 10 8 35 52 67 48 29
77 8 35 52 67 48 29 77 8 35 10 35 52 67 48 29
77 8 35 52 67 48 29 77 8 35 52 10 35 52 67 48 29
77 8 10 8 35 52 67 48 29 77 8 35 52 67 48 29
77 8 35 10 8 35 52 67 48 29 77 8 35 52 67 48 29
77 8 35 10 35 52 67 48 29 77 8 35 52 67 48 29
77 8 35 52 10 35 52 67 48 29 77 8 35 52 67 48 29

30 77 62 26 5 18 44 30 77 62 26 5 18 44
30 77 62 26 5 18 44 30 77 13 77 62 26 5 18 44
30 77 62 26 5 18 44 30 77 62 13 77 62 26 5 18 44
30 77 62 26 5 18 44 30 77 62 13 62 26 5 18 44
30 77 62 26 5 18 44 30 77 62 26 13 62 26 5 18 44
30 77 13 77 62 26 5 18 44 30 77 62 26 5 18 44
30 77 62 13 77 62 26 5 18 44 30 77 62 26 5 18 44
30 77 62 13 62 26 5 18 44 30 77 62 26 5 18 44
30 77 62 26 13 62 26 5 18 44 30 77 62 26 5 18 44

49 6 36 99 36 83 78 49 6 36 99 36 83 78
49 6 36 99 36 83 78 49 6 6 6 36 99 36 83 78
49 6 36 99 36 83 78 49 6 36 6 6 36 99 36 83 78
49 6 36 99 36 83 78 49 6 36 6 36 99 36 83 78
49 6 36 99 36 83 78 49 6 36 99 6 36 99 36 83 78
49 6 6 6 36 99 36 83 78 49 6 36 99 36 83 78
49 6 36 6 6 36 99 36 83 78 49 6 36 99 36 83 78
49 6 36 6 36 99 36 83 78 49 6 36 99 36 83 78
49 6 36 99 6 36 99 36 83 78 49 6 36 99 36 83 78

5 15 54 67 27 68 92 5 15 54 67 27 68 92
5 15 54 67 27 68 92 5 15 19 15 54 67 27 68 92
5 15 54 67 27 68 92 5 15 54 19 15 54 67 27 68 92
5 15 54 67 27 68 92 5 15 54 19 54 67 27 68 92
5 15 54 67 27 68 92 5 15 54 67 19 54 67 27 68 92
5 15 19 15 54 67 27 68 92 5 15 54 67 27 68 92
5 15 54 19 15 54 67 27 68 92 5 15 54 67 27 68 92
5 15 54 19 54 67 27 68 92 5 15 54 67 27 68 92
5 15 54 67 19 54 67 27 68 92 5 15 54 67 27 68 92

78 84 65 68 83 71 6 78 84 65 68 83 71 6
78 84 65 68 83 71 6 78 84 9 84 65 68 83 71 6
78 84 65 68 83 71 6 78 84 65 9 84 65 68 83 71 6
78 84 65 68 83 71 6 78 84 65 9 65 68 83 71 6
78 84 65 68 83 71 6 78 84 65 68 9 65 68 83 71 6
78 84 9 84 65 68 83 71 6 78 84 65 68 83 71 6
78 84 65 9 84 65 68 83 71 6 78 84 65 68 83 71 6
78 84 65 9 65 68 83 71 6 78 84 65 68 83 71 6
78 84 65 68 9 65 68 83 71 6 78 84 65 68 83 71 6

81 19 95 16 37 72 66 81 19 95 16 37 72 66
81 19 95 16 37 72 66 81 19 17 19 95 16 37 72 66
81 19 95 16 37 72 66 81 19 95 17 19 95 16 37 72 66
81 19 95 16 37 72 66 81 19 95 17 95 16 37 72 66
81 19 95 16 37 72 66 81 19 95 16 17 95 16 37 72 66
81 19 17 19 95 16 37 72 66 81 19 95 16 37 72 66
81 19 95 17 19 95 16 37 72 66 81 19 95 16 37 72 66
81 19 95 17 95 16 37 72 66 81 19 95 16 37 72 66
81 19 95 16 17 95 16 37 72 66 81 19 95 16 37 72 66

51 94 59 17 95 69 57 51 94 59 17 95 69 57
51 94 59 17 95 69 57 51 94 8 94 59 17 95 69 57
51 94 59 17 95 69 57 51 94 59 8 94 59 17 95 69 57
51 94 59 17 95 69 57 51 94 59 8 59 17 95 69 57
51 94 59 17 95 69 57 51 94 59 17 8 59 17 95 69 57
51 94 8 94 59 17 95 69 57 51 94 59 17 95 69 57
51 94 59 8 94 59 17 95 69 57 51 94 59 17 95 69 57
51 94 59 8 59 17 95 69 57 51 94 59 17 95 69 57
51 94 59 17 8 59 17 95 69 57 51 94 59 17 95 69 57

86 64 27 71 98 31 5 86 64 27 71 98 31 5
86 64 27 71 98 31 5 86 64 14 64 27 71 98 31 5
86 64 27 71 98 31 5 86 64 27 14 64 27 71 98 31 5
86 64 27 71 98 31 5 86 64 27 14 27 71 98 31 5
86 64 27 71 98 31 5 86 64 27 71 14 27 71 98 31 5
86 64 14 64 27 71 98 31 5 86 64 27 71 98 31 5
86 64 27 14 64 27 71 98 31 5 86 64 27 71 98 31 5
86 64 27 14 27 71 98 31 5 86 64 27 71 98 31 5
86 64 27 71 14 27 71 98 31 5 86 64 27 71 98 31 5

90 46 5 87 68 28 20 90 46 5 87 68 28 20
90 46 5 87 68 28 20 90 46 16 46 5 87 68 28 20
90 46 5 87 68 28 20 90 46 5 16 46 5 87 68 28 20
90 46 5 87 68 28 20 90 46 5 16 5 87 68 28 20
90 46 5 87 68 28 20 90 46 5 87 16 5 87 68 28 20
90 46 16 46 5 87 68 28 20 90 46 5 87 68 28 20
90 46 5 16 46 5 87 68 28 20 90 46 5 87 68 28 20
90 46 5 16 5 87 68 28 20 90 46 5 87 68 28 20
90 46 5 87 16 5 87 68 28 20 90 46 5 87 68 28 20

11 14 61 70 32 94 14 11 14 61 70 32 94 14
11 14 61 70 32 94 14 11 14 17 14 61 70 32 94 14
11 14 61 70 32 94 14 11 14 61 17 14 61 70 32 94 14
11 14 61 70 32 94 14 11 14 61 17 61 70 32 94 14
11 14 61 70 32 94 14 11 14 61 70 17 61 70 32 94 14
11 14 17 14 61 70 32 94 14 11 14 61 70 32 94 14
11 14 61 17 14 61 70 32 94 14 11 14 61 70 32 94 14
11 14 61 17 61 70 32 94 14 11 14 61 70 32 94 14
11 14 61 70 17 61 70 32 94 14 11 14 61 70 32 94 14

32 14 50 8 83 19 79 32 14 50 8 83 19 79
32 14 50 8 83 19 79 32 14 12 14 50 8 83 19 79
32 14 50 8 83 19 79 32 14 50 12 14 50 8 83 19 79
32 14 50 8 83 19 79 32 14 50 12 50 8 83 19 79
32 14 50 8 83 19 79 32 14 50 8 12 50 8 83 19 79
32 14 12 14 50 8 83 19 79 32 14 50 8 83 19 79
32 14 50 12 14 50 8 83 19 79 32 14 50 8 83 19 79
32 14 50 12 50 8 83 19 79 32 14 50 8 83 19 79
32 14 50 8 12 50 8 83 19 79 32 14 50 8 83 19 79

30 25 22 69 53 38 28 30 25 22 69 53 38 28
30 25 22 69 53 38 28 30 25 6 25 22 69 53 38 28
30 25 22 69 53 38 28 30 25 22 6 25 22 69 53 38 28
30 25 22 69 53 38 28 30 25 22 6 22 69 53 38 28
30 25 22 69 53 38 28 30 25 22 69 6 22 69 53 38 28
30 25 6 25 22 69 53 38 28 30 25 22 69 53 38 28
30 25 22 6 25 22 69 53 38 28 30 25 22 69 53 38 28
30 25 22 6 22 69 53 38 28 30 25 22 69 53 38 28
30 25 22 69 6 22 69 53 38 28 30 25 22 69 53 38 28

81 81 87 86 91 72 80 81 81 87 86 91 72 80
81 81 87 86 91 72 80 81 81 9 81 87 86 91 72 80
81 81 87 86 91 72 80 81 81 87 9 81 87 86 91 72 80
81 81 87 86 91 72 80 81 81 87 9 87 86 91 72 80
81 81 87 86 91 72 80 81 81 87 86 9 87 86 91 72 80
81 81 9 81 87 86 91 72 80 81 81 87 86 91 72 80
81 81 87 9 81 87 86 91 72 80 81 81 87 86 91 72 80
81 81 87 9 87 86 91 72 80 81 81 87 86 91 72 80
81 81 87 86 9 87 86 91 72 80 81 81 87 86 91 72 80

54 49 63 6 18 9 82 54 49 63 6 18 9 82
54 49 63 6 18 9 82 54 49 8 49 63 6 18 9 82
54 49 63 6 18 9 82 54 49 63 8 49 63 6 18 9 82
54 49 63 6 18 9 82 54 49 63 8 63 6 18 9 82
54 49 63 6 18 9 82 54 49 63 6 8 63 6 18 9 82
54 49 8 49 63 6 18 9 82 54 49 63 6 18 9 82
54 49 63 8 49 63 6 18 9 82 54 49 63 6 18 9 82
54 49 63 8 63 6 18 9 82 54 49 63 6 18 9 82
54 49 63 6 8 63 6 18 9 82 54 49 63 6 18 9 82

74 49 87 25 64 54 68 74 49 87 25 64 54 68
74 49 87 25 64 54 68 74 49 5 49 87 25 64 54 68
74 49 87 25 64 54 68 74 49 87 5 49 87 25 64 54 68
74 49 87 25 64 54 68 74 49 87 5 87 25 64 54 68
74 49 87 25 64 54 68 74 49 87 25 5 87 25 64 54 68
74 49 5 49 87 25 64 54 68 74 49 87 25 64 54 68
74 49 87 5 49 87 25 64 54 68 74 49 87 25 64 54 68
74 49 87 5 87 25 64 54 68 74 49 87 25 64 54 68
74 49 87 25 5 87 25 64 54 68 74 49 87 25 64 54 68

39 12 65 33 96 88 69 39 12 65 33 96 88 69
39 12 65 33 96 88 69 39 12 18 12 65 33 96 88 69
39 12 65 33 96 88 69 39 12 65 18 12 65 33 96 88 69
39 12 65 33 96 88 69 39 12 65 18 65 33 96 88 69
39 12 65 33 96 88 69 39 12 65 33 18 65 33 96 88 69
39 12 18 12 65 33 96 88 69 39 12 65 33 96 88 69
39 12 65 18 12 65 33 96 88 69 39 12 65 33 96 88 69
39 12 65 18 65 33 96 88 69 39 12 65 33 96 88 69
39 12 65 33 18 65 33 96 88 69 39 12 65 33 96 88 69

53 64 19 60 92 33 59 53 64 19 60 92 33 59
53 64 19 60 92 33 59 53 64 16 64 19 60 92 33 59
53 64 19 60 92 33 59 53 64 19 16 64 19 60 92 33 59
53 64 19 60 92 33 59 53 64 19 16 19 60 92 33 59
53 64 19 60 92 33 59 53 64 19 60 16 19 60 92 33 59
53 64 16 64 19 60 92 33 59 53 64 19 60 92 33 59
53 64 19 16 64 19 60 92 33 59 53 64 19 60 92 33 59
53 64 19 16 19 60 92 33 59 53 64 19 60 92 33 59
53 64 19 60 16 19 60 92 33 59 53 64 19 60 92 33 59

39 16 25 85 74 9 77 39 16 25 85 74 9 77
39 16 25 85 74 9 77 39 16 17 16 25 85 74 9 77
39 16 25 85 74 9 77 39 16 25 17 16 25 85 74 9 77
39 16 25 85 74 9 77 39 16 25 17 25 85 74 9 77
39 16 25 85 74 9 77 39 16 25 85 17 25 85 74 9 77
39 16 17 16 25 85 74 9 77 39 16 25 85 74 9 77
39 16 25 17 16 25 85 74 9 77 39 16 25 85 74 9 77
39 16 25 17 25 85 74 9 77 39 16 25 85 74 9 77
39 16 25 85 17 25 85 74 9 77 39 16 25 85 74 9 77

30 87 60 98 73 86 72 30 87 60 98 73 86 72
30 87 60 98 73 86 72 30 87 18 87 60 98 73 86 72
30 87 60 98 73 86 72 30 87 60 18 87 60 98 73 86 72
30 87 60 98 73 86 72 30 87 60 18 60 98 73 86 72
30 87 60 98 73 86 72 30 87 60 98 18 60 98 73 86 72
30 87 18 87 60 98 73 86 72 30 87 60 98 73 86 72
30 87 60 18 87 60 98 73 86 72 30 87 60 98 73 86 72
30 87 60 18 60 98 73 86 72 30 87 60 98 73 86 72
30 87 60 98 18 60 98 73 86 72 30 87 60 98 73 86 72

75 28 25 41 45 36 8 75 28 25 41 45 36 8
75 28 25 41 45 36 8 75 28 11 28 25 41 45 36 8
75 28 25 41 45 36 8 75 28 25 11 28 25 41 45 36 8
75 28 25 41 45 36 8 75 28 25 11 25 41 45 36 8
75 28 25 41 45 36 8 75 28 25 41 11 25 41 45 36 8
75 28 11 28 25 41 45 36 8 75 28 25 41 45 36 8
75 28 25 11 28 25 41 45 36 8 75 28 25 41 45 36 8
75 28 25 11 25 41 45 36 8 75 28 25 41 45 36 8
75 28 25 41 11 25 41 45 36 8 75 28 25 41 45 36 8

