100
7
4
2

20
29
21
14
14
20
16
11
16
11
15
14
19
14
17
4
1
25
0
4
18
9
10
30
12
19
26
9
9
22
18
13
28
26
24
5
2
22
19
7
7
25
29
13
25
22
5
25
5
30
11
9
15
2
30
19
14
0
17
6
7
15
13
1
27
30
6
13
16
24
26
1
7
30
16
9
18
30
4
29
21
13
26
28
20
7
21
3
30
20
16
29
25
22
2
22
20
4
27
21

66 114 
51 27 
46 116 
78 38 
79 85 
97 38 
55 51 
70 44 
31 98 
73 33 
13 46 
78 47 
31 72 
26 86 
17 104 
50 86 
29 62 
103 103 
95 92 
63 101 
117 86 
45 49 
31 45 
118 65 
54 106 
70 77 
78 55 
32 112 
49 96 
32 52 
95 49 
60 37 
105 72 
58 37 
39 70 
118 19 
78 71 
50 19 
69 58 
105 55 
23 83 
83 103 
64 26 
107 54 
57 21 
103 89 
47 112 
99 104 
68 40 
93 42 
37 45 
48 28 
26 94 
74 100 
59 55 
47 105 
60 30 
44 97 
49 109 
34 32 
32 92 
42 94 
81 68 
88 59 
65 34 
113 83 
21 94 
20 37 
98 20 
41 35 
37 98 
64 37 
50 51 
108 82 
53 53 
26 34 
83 99 
103 41 
19 85 
41 37 
38 92 
38 81 
75 37 
89 78 
14 29 
48 33 
44 31 
36 102 
56 21 
49 75 
109 55 
95 46 
99 67 
55 15 
52 76 
77 74 
57 32 
66 102 
31 84 
98 39 

1864
1273
2020
1509
1784
1845
2091
1589
1802
1543
1373
1708
1956
2040
1388
2267
1361
2237
2578
2351
2752
1798
1450
2133
2194
2097
2259
1808
1998
1865
2197
1125
2472
1798
1729
1522
2067
1849
1365
1828
1681
2379
949
2443
1484
2018
2082
2571
1700
1887
1439
1346
1810
2253
2275
1801
1674
2069
2030
1689
1875
1778
1862
2121
1939
2714
2294
1723
1720
1890
1761
1166
1492
2735
1465
1394
2109
1928
1933
1728
1969
2329
1495
1584
1483
1518
2013
1904
1925
2034
1551
1749
2201
1742
1310
2085
1367
1557
1802
2290

1 2 3 4 5 1 2 3 4 5 6 7
1 2 3 4 5 1 2 100 102 3 4 5 6 7
1 2 3 4 5 1 2 3 100 102 103 4 5 6 7
1 2 3 4 5 1 2 3 100 103 4 5 6 7
1 2 3 4 5 1 2 3 4 100 103 104 5 6 7
1 2 100 102 3 4 5 1 2 3 4 5 6 7
1 2 3 100 102 103 4 5 1 2 3 4 5 6 7
1 2 3 100 103 4 5 1 2 3 4 5 6 7
1 2 3 4 100 103 104 5 1 2 3 4 5 6 7

24 82 58 100 43 14 7 24 82 58 100 43 14 7
24 82 58 100 43 14 7 24 82 7 82 58 100 43 14 7
24 82 58 100 43 14 7 24 82 58 7 82 58 100 43 14 7
24 82 58 100 43 14 7 24 82 58 7 58 100 43 14 7
24 82 58 100 43 14 7 24 82 58 100 7 58 100 43 14 7
24 82 7 82 58 100 43 14 7 24 82 58 100 43 14 7
24 82 58 7 82 58 100 43 14 7 24 82 58 100 43 14 7
24 82 58 7 58 100 43 14 7 24 82 58 100 43 14 7
24 82 58 100 7 58 100 43 14 7 24 82 58 100 43 14 7

11 15 37 8 93 84 14 11 15 37 8 93 84 14
11 15 37 8 93 84 14 11 15 19 15 37 8 93 84 14
11 15 37 8 93 84 14 11 15 37 19 15 37 8 93 84 14
11 15 37 8 93 84 14 11 15 37 19 37 8 93 84 14
11 15 37 8 93 84 14 11 15 37 8 19 37 8 93 84 14
11 15 19 15 37 8 93 84 14 11 15 37 8 93 84 14
11 15 37 19 15 37 8 93 84 14 11 15 37 8 93 84 14
11 15 37 19 37 8 93 84 14 11 15 37 8 93 84 14
11 15 37 8 19 37 8 93 84 14 11 15 37 8 93 84 14

82 53 29 97 37 53 32 82 53 29 97 37 53 32
82 53 29 97 37 53 32 82 53 10 53 29 97 37 53 32
82 53 29 97 37 53 32 82 53 29 10 53 29 97 37 53 32
82 53 29 97 37 53 32 82 53 29 10 29 97 37 53 32
82 53 29 97 37 53 32 82 53 29 97 10 29 97 37 53 32
82 53 10 53 29 97 37 53 32 82 53 29 97 37 53 32
82 53 29 10 53 29 97 37 53 32 82 53 29 97 37 53 32
82 53 29 10 29 97 37 53 32 82 53 29 97 37 53 32
82 53 29 97 10 29 97 37 53 32 82 53 29 97 37 53 32

32 29 68 30 79 29 10 32 29 68 30 79 29 10
32 29 68 30 79 29 10 32 29 14 29 68 30 79 29 10
32 29 68 30 79 29 10 32 29 68 14 29 68 30 79 29 10
32 29 68 30 79 29 10 32 29 68 14 68 30 79 29 10
32 29 68 30 79 29 10 32 29 68 30 14 68 30 79 29 10
32 29 14 29 68 30 79 29 10 32 29 68 30 79 29 10
32 29 68 14 29 68 30 79 29 10 32 29 68 30 79 29 10
32 29 68 14 68 30 79 29 10 32 29 68 30 79 29 10
32 29 68 30 14 68 30 79 29 10 32 29 68 30 79 29 10

63 5 69 79 52 57 28 63 5 69 79 52 57 28
63 5 69 79 52 57 28 63 5 18 5 69 79 52 57 28
63 5 69 79 52 57 28 63 5 69 18 5 69 79 52 57 28
63 5 69 79 52 57 28 63 5 69 18 69 79 52 57 28
63 5 69 79 52 57 28 63 5 69 79 18 69 79 52 57 28
63 5 18 5 69 79 52 57 28 63 5 69 79 52 57 28
63 5 69 18 5 69 79 52 57 28 63 5 69 79 52 57 28
63 5 69 18 69 79 52 57 28 63 5 69 79 52 57 28
63 5 69 79 18 69 79 52 57 28 63 5 69 79 52 57 28

30 52 79 30 69 70 51 30 52 79 30 69 70 51
30 52 79 30 69 70 51 30 52 19 52 79 30 69 70 51
30 52 79 30 69 70 51 30 52 79 19 52 79 30 69 70 51
30 52 79 30 69 70 51 30 52 79 19 79 30 69 70 51
30 52 79 30 69 70 51 30 52 79 30 19 79 30 69 70 51
30 52 19 52 79 30 69 70 51 30 52 79 30 69 70 51
30 52 79 19 52 79 30 69 70 51 30 52 79 30 69 70 51
30 52 79 19 79 30 69 70 51 30 52 79 30 69 70 51
30 52 79 30 19 79 30 69 70 51 30 52 79 30 69 70 51

51 89 37 31 57 100 78 51 89 37 31 57 100 78
51 89 37 31 57 100 78 51 89 7 89 37 31 57 100 78
51 89 37 31 57 100 78 51 89 37 7 89 37 31 57 100 78
51 89 37 31 57 100 78 51 89 37 7 37 31 57 100 78
51 89 37 31 57 100 78 51 89 37 31 7 37 31 57 100 78
51 89 7 89 37 31 57 100 78 51 89 37 31 57 100 78
51 89 37 7 89 37 31 57 100 78 51 89 37 31 57 100 78
51 89 37 7 37 31 57 100 78 51 89 37 31 57 100 78
51 89 37 31 7 37 31 57 100 78 51 89 37 31 57 100 78

56 20 59 24 43 97 36 56 20 59 24 43 97 36
56 20 59 24 43 97 36 56 20 7 20 59 24 43 97 36
56 20 59 24 43 97 36 56 20 59 7 20 59 24 43 97 36
56 20 59 24 43 97 36 56 20 59 7 59 24 43 97 36
56 20 59 24 43 97 36 56 20 59 24 7 59 24 43 97 36
56 20 7 20 59 24 43 97 36 56 20 59 24 43 97 36
56 20 59 7 20 59 24 43 97 36 56 20 59 24 43 97 36
56 20 59 7 59 24 43 97 36 56 20 59 24 43 97 36
56 20 59 24 7 59 24 43 97 36 56 20 59 24 43 97 36

13 89 12 93 40 47 87 13 89 12 93 40 47 87
13 89 12 93 40 47 87 13 89 16 89 12 93 40 47 87
13 89 12 93 40 47 87 13 89 12 16 89 12 93 40 47 87
13 89 12 93 40 47 87 13 89 12 16 12 93 40 47 87
13 89 12 93 40 47 87 13 89 12 93 16 12 93 40 47 87
13 89 16 89 12 93 40 47 87 13 89 12 93 40 47 87
13 89 12 16 89 12 93 40 47 87 13 89 12 93 40 47 87
13 89 12 16 12 93 40 47 87 13 89 12 93 40 47 87
13 89 12 93 16 12 93 40 47 87 13 89 12 93 40 47 87

34 40 54 20 66 51 45 34 40 54 20 66 51 45
34 40 54 20 66 51 45 34 40 8 40 54 20 66 51 45
34 40 54 20 66 51 45 34 40 54 8 40 54 20 66 51 45
34 40 54 20 66 51 45 34 40 54 8 54 20 66 51 45
34 40 54 20 66 51 45 34 40 54 20 8 54 20 66 51 45
34 40 8 40 54 20 66 51 45 34 40 54 20 66 51 45
34 40 54 8 40 54 20 66 51 45 34 40 54 20 66 51 45
34 40 54 8 54 20 66 51 45 34 40 54 20 66 51 45
34 40 54 20 8 54 20 66 51 45 34 40 54 20 66 51 45

59 54 8 32 21 85 28 59 54 8 32 21 85 28
59 54 8 32 21 85 28 59 54 19 54 8 32 21 85 28
59 54 8 32 21 85 28 59 54 8 19 54 8 32 21 85 28
59 54 8 32 21 85 28 59 54 8 19 8 32 21 85 28
59 54 8 32 21 85 28 59 54 8 32 19 8 32 21 85 28
59 54 19 54 8 32 21 85 28 59 54 8 32 21 85 28
59 54 8 19 54 8 32 21 85 28 59 54 8 32 21 85 28
59 54 8 19 8 32 21 85 28 59 54 8 32 21 85 28
59 54 8 32 19 8 32 21 85 28 59 54 8 32 21 85 28

23 45 68 37 65 75 41 23 45 68 37 65 75 41
23 45 68 37 65 75 41 23 45 19 45 68 37 65 75 41
23 45 68 37 65 75 41 23 45 68 19 45 68 37 65 75 41
23 45 68 37 65 75 41 23 45 68 19 68 37 65 75 41
23 45 68 37 65 75 41 23 45 68 37 19 68 37 65 75 41
23 45 19 45 68 37 65 75 41 23 45 68 37 65 75 41
23 45 68 19 45 68 37 65 75 41 23 45 68 37 65 75 41
23 45 68 19 68 37 65 75 41 23 45 68 37 65 75 41
23 45 68 37 19 68 37 65 75 41 23 45 68 37 65 75 41

30 68 20 53 88 80 78 30 68 20 53 88 80 78
30 68 20 53 88 80 78 30 68 13 68 20 53 88 80 78
30 68 20 53 88 80 78 30 68 20 13 68 20 53 88 80 78
30 68 20 53 88 80 78 30 68 20 13 20 53 88 80 78
30 68 20 53 88 80 78 30 68 20 53 13 20 53 88 80 78
30 68 13 68 20 53 88 80 78 30 68 20 53 88 80 78
30 68 20 13 68 20 53 88 80 78 30 68 20 53 88 80 78
30 68 20 13 20 53 88 80 78 30 68 20 53 88 80 78
30 68 20 53 13 20 53 88 80 78 30 68 20 53 88 80 78

59 65 17 69 80 48 64 59 65 17 69 80 48 64
59 65 17 69 80 48 64 59 65 16 65 17 69 80 48 64
59 65 17 69 80 48 64 59 65 17 16 65 17 69 80 48 64
59 65 17 69 80 48 64 59 65 17 16 17 69 80 48 64
59 65 17 69 80 48 64 59 65 17 69 16 17 69 80 48 64
59 65 16 65 17 69 80 48 64 59 65 17 69 80 48 64
59 65 17 16 65 17 69 80 48 64 59 65 17 69 80 48 64
59 65 17 16 17 69 80 48 64 59 65 17 69 80 48 64
59 65 17 69 16 17 69 80 48 64 59 65 17 69 80 48 64

59 44 7 85 5 60 20 59 44 7 85 5 60 20
59 44 7 85 5 60 20 59 44 18 44 7 85 5 60 20
59 44 7 85 5 60 20 59 44 7 18 44 7 85 5 60 20
59 44 7 85 5 60 20 59 44 7 18 7 85 5 60 20
59 44 7 85 5 60 20 59 44 7 85 18 7 85 5 60 20
59 44 18 44 7 85 5 60 20 59 44 7 85 5 60 20
59 44 7 18 44 7 85 5 60 20 59 44 7 85 5 60 20
59 44 7 18 7 85 5 60 20 59 44 7 85 5 60 20
59 44 7 85 18 7 85 5 60 20 59 44 7 85 5 60 20

51 98 44 77 55 31 93 51 98 44 77 55 31 93
51 98 44 77 55 31 93 51 98 6 98 44 77 55 31 93
51 98 44 77 55 31 93 51 98 44 6 98 44 77 55 31 93
51 98 44 77 55 31 93 51 98 44 6 44 77 55 31 93
51 98 44 77 55 31 93 51 98 44 77 6 44 77 55 31 93
51 98 6 98 44 77 55 31 93 51 98 44 77 55 31 93
51 98 44 6 98 44 77 55 31 93 51 98 44 77 55 31 93
51 98 44 6 44 77 55 31 93 51 98 44 77 55 31 93
51 98 44 77 6 44 77 55 31 93 51 98 44 77 55 31 93

11 87 21 53 33 38 18 11 87 21 53 33 38 18
11 87 21 53 33 38 18 11 87 10 87 21 53 33 38 18
11 87 21 53 33 38 18 11 87 21 10 87 21 53 33 38 18
11 87 21 53 33 38 18 11 87 21 10 21 53 33 38 18
11 87 21 53 33 38 18 11 87 21 53 10 21 53 33 38 18
11 87 10 87 21 53 33 38 18 11 87 21 53 33 38 18
11 87 21 10 87 21 53 33 38 18 11 87 21 53 33 38 18
11 87 21 10 21 53 33 38 18 11 87 21 53 33 38 18
11 87 21 53 10 21 53 33 38 18 11 87 21 53 33 38 18

9 58 98 86 44 86 100 9 58 98 86 44 86 100
9 58 98 86 44 86 100 9 58 13 58 98 86 44 86 100
9 58 98 86 44 86 100 9 58 98 13 58 98 86 44 86 100
9 58 98 86 44 86 100 9 58 98 13 98 86 44 86 100
9 58 98 86 44 86 100 9 58 98 86 13 98 86 44 86 100
9 58 13 58 98 86 44 86 100 9 58 98 86 44 86 100
9 58 98 13 58 98 86 44 86 100 9 58 98 86 44 86 100
9 58 98 13 98 86 44 86 100 9 58 98 86 44 86 100
9 58 98 86 13 98 86 44 86 100 9 58 98 86 44 86 100

77 93 83 80 99 17 24 77 93 83 80 99 17 24
77 93 83 80 99 17 24 77 93 19 93 83 80 99 17 24
77 93 83 80 99 17 24 77 93 83 19 93 83 80 99 17 24
77 93 83 80 99 17 24 77 93 83 19 83 80 99 17 24
77 93 83 80 99 17 24 77 93 83 80 19 83 80 99 17 24
77 93 19 93 83 80 99 17 24 77 93 83 80 99 17 24
77 93 83 19 93 83 80 99 17 24 77 93 83 80 99 17 24
77 93 83 19 83 80 99 17 24 77 93 83 80 99 17 24
77 93 83 80 19 83 80 99 17 24 77 93 83 80 99 17 24

67 86 57 90 82 39 9 67 86 57 90 82 39 9
67 86 57 90 82 39 9 67 86 10 86 57 90 82 39 9
67 86 57 90 82 39 9 67 86 57 10 86 57 90 82 39 9
67 86 57 90 82 39 9 67 86 57 10 57 90 82 39 9
67 86 57 90 82 39 9 67 86 57 90 10 57 90 82 39 9
67 86 10 86 57 90 82 39 9 67 86 57 90 82 39 9
67 86 57 10 86 57 90 82 39 9 67 86 57 90 82 39 9
67 86 57 10 57 90 82 39 9 67 86 57 90 82 39 9
67 86 57 90 10 57 90 82 39 9 67 86 57 90 82 39 9

92 70 98 77 79 72 46 92 70 98 77 79 72 46
92 70 98 77 79 72 46 92 70 8 70 98 77 79 72 46
92 70 98 77 79 72 46 92 70 98 8 70 98 77 79 72 46
92 70 98 77 79 72 46 92 70 98 8 98 77 79 72 46
92 70 98 77 79 72 46 92 70 98 77 8 98 77 79 72 46
92 70 8 70 98 77 79 72 46 92 70 98 77 79 72 46
92 70 98 8 70 98 77 79 72 46 92 70 98 77 79 72 46
92 70 98 8 98 77 79 72 46 92 70 98 77 79 72 46
92 70 98 77 8 98 77 79 72 46 92 70 98 77 79 72 46

58 39 31 37 78 46 76 58 39 31 37 78 46 76
58 39 31 37 78 46 76 58 39 5 39 31 37 78 46 76
58 39 31 37 78 46 76 58 39 31 5 39 31 37 78 46 76
58 39 31 37 78 46 76 58 39 31 5 31 37 78 46 76
58 39 31 37 78 46 76 58 39 31 37 5 31 37 78 46 76
58 39 5 39 31 37 78 46 76 58 39 31 37 78 46 76
58 39 31 5 39 31 37 78 46 76 58 39 31 37 78 46 76
58 39 31 5 31 37 78 46 76 58 39 31 37 78 46 76
58 39 31 37 5 31 37 78 46 76 58 39 31 37 78 46 76

27 14 17 32 91 67 59 27 14 17 32 91 67 59
27 14 17 32 91 67 59 27 14 11 14 17 32 91 67 59
27 14 17 32 91 67 59 27 14 17 11 14 17 32 91 67 59
27 14 17 32 91 67 59 27 14 17 11 17 32 91 67 59
27 14 17 32 91 67 59 27 14 17 32 11 17 32 91 67 59
27 14 11 14 17 32 91 67 59 27 14 17 32 91 67 59
27 14 17 11 14 17 32 91 67 59 27 14 17 32 91 67 59
27 14 17 11 17 32 91 67 59 27 14 17 32 91 67 59
27 14 17 32 11 17 32 91 67 59 27 14 17 32 91 67 59

65 72 98 47 31 75 20 65 72 98 47 31 75 20
65 72 98 47 31 75 20 65 72 20 72 98 47 31 75 20
65 72 98 47 31 75 20 65 72 98 20 72 98 47 31 75 20
65 72 98 47 31 75 20 65 72 98 20 98 47 31 75 20
65 72 98 47 31 75 20 65 72 98 47 20 98 47 31 75 20
65 72 20 72 98 47 31 75 20 65 72 98 47 31 75 20
65 72 98 20 72 98 47 31 75 20 65 72 98 47 31 75 20
65 72 98 20 98 47 31 75 20 65 72 98 47 31 75 20
65 72 98 47 20 98 47 31 75 20 65 72 98 47 31 75 20

59 60 47 87 86 40 36 59 60 47 87 86 40 36
59 60 47 87 86 40 36 59 60 13 60 47 87 86 40 36
59 60 47 87 86 40 36 59 60 47 13 60 47 87 86 40 36
59 60 47 87 86 40 36 59 60 47 13 47 87 86 40 36
59 60 47 87 86 40 36 59 60 47 87 13 47 87 86 40 36
59 60 13 60 47 87 86 40 36 59 60 47 87 86 40 36
59 60 47 13 60 47 87 86 40 36 59 60 47 87 86 40 36
59 60 47 13 47 87 86 40 36 59 60 47 87 86 40 36
59 60 47 87 13 47 87 86 40 36 59 60 47 87 86 40 36

85 8 65 59 95 18 69 85 8 65 59 95 18 69
85 8 65 59 95 18 69 85 8 15 8 65 59 95 18 69
85 8 65 59 95 18 69 85 8 65 15 8 65 59 95 18 69
85 8 65 59 95 18 69 85 8 65 15 65 59 95 18 69
85 8 65 59 95 18 69 85 8 65 59 15 65 59 95 18 69
85 8 15 8 65 59 95 18 69 85 8 65 59 95 18 69
85 8 65 15 8 65 59 95 18 69 85 8 65 59 95 18 69
85 8 65 15 65 59 95 18 69 85 8 65 59 95 18 69
85 8 65 59 15 65 59 95 18 69 85 8 65 59 95 18 69

59 100 72 48 19 86 94 59 100 72 48 19 86 94
59 100 72 48 19 86 94 59 100 14 100 72 48 19 86 94
59 100 72 48 19 86 94 59 100 72 14 100 72 48 19 86 94
59 100 72 48 19 86 94 59 100 72 14 72 48 19 86 94
59 100 72 48 19 86 94 59 100 72 48 14 72 48 19 86 94
59 100 14 100 72 48 19 86 94 59 100 72 48 19 86 94
59 100 72 14 100 72 48 19 86 94 59 100 72 48 19 86 94
59 100 72 14 72 48 19 86 94 59 100 72 48 19 86 94
59 100 72 48 14 72 48 19 86 94 59 100 72 48 19 86 94

84 8 24 92 28 40 98 84 8 24 92 28 40 98
84 8 24 92 28 40 98 84 8 14 8 24 92 28 40 98
84 8 24 92 28 40 98 84 8 24 14 8 24 92 28 40 98
84 8 24 92 28 40 98 84 8 24 14 24 92 28 40 98
84 8 24 92 28 40 98 84 8 24 92 14 24 92 28 40 98
84 8 14 8 24 92 28 40 98 84 8 24 92 28 40 98
84 8 24 14 8 24 92 28 40 98 84 8 24 92 28 40 98
84 8 24 14 24 92 28 40 98 84 8 24 92 28 40 98
84 8 24 92 14 24 92 28 40 98 84 8 24 92 28 40 98

41 61 44 76 71 41 65 41 61 44 76 71 41 65
41 61 44 76 71 41 65 41 61 19 61 44 76 71 41 65
41 61 44 76 71 41 65 41 61 44 19 61 44 76 71 41 65
41 61 44 76 71 41 65 41 61 44 19 44 76 71 41 65
41 61 44 76 71 41 65 41 61 44 76 19 44 76 71 41 65
41 61 19 61 44 76 71 41 65 41 61 44 76 71 41 65
41 61 44 19 61 44 76 71 41 65 41 61 44 76 71 41 65
41 61 44 19 44 76 71 41 65 41 61 44 76 71 41 65
41 61 44 76 19 44 76 71 41 65 41 61 44 76 71 41 65

88 97 12 32 51 71 6 88 97 12 32 51 71 6
88 97 12 32 51 71 6 88 97 20 97 12 32 51 71 6
88 97 12 32 51 71 6 88 97 12 20 97 12 32 51 71 6
88 97 12 32 51 71 6 88 97 12 20 12 32 51 71 6
88 97 12 32 51 71 6 88 97 12 32 20 12 32 51 71 6
88 97 20 97 12 32 51 71 6 88 97 12 32 51 71 6
88 97 12 20 97 12 32 51 71 6 88 97 12 32 51 71 6
88 97 12 20 12 32 51 71 6 88 97 12 32 51 71 6
88 97 12 32 20 12 32 51 71 6 88 97 12 32 51 71 6

58 87 78 32 25 94 92 58 87 78 32 25 94 92
58 87 78 32 25 94 92 58 87 9 87 78 32 25 94 92
58 87 78 32 25 94 92 58 87 78 9 87 78 32 25 94 92
58 87 78 32 25 94 92 58 87 78 9 78 32 25 94 92
58 87 78 32 25 94 92 58 87 78 32 9 78 32 25 94 92
58 87 9 87 78 32 25 94 92 58 87 78 32 25 94 92
58 87 78 9 87 78 32 25 94 92 58 87 78 32 25 94 92
58 87 78 9 78 32 25 94 92 58 87 78 32 25 94 92
58 87 78 32 9 78 32 25 94 92 58 87 78 32 25 94 92

40 5 53 26 9 51 68 40 5 53 26 9 51 68
40 5 53 26 9 51 68 40 5 5 5 53 26 9 51 68
40 5 53 26 9 51 68 40 5 53 5 5 53 26 9 51 68
40 5 53 26 9 51 68 40 5 53 5 53 26 9 51 68
40 5 53 26 9 51 68 40 5 53 26 5 53 26 9 51 68
40 5 5 5 53 26 9 51 68 40 5 53 26 9 51 68
40 5 53 5 5 53 26 9 51 68 40 5 53 26 9 51 68
40 5 53 5 53 26 9 51 68 40 5 53 26 9 51 68
40 5 53 26 5 53 26 9 51 68 40 5 53 26 9 51 68

71 98 99 66 41 43 50 71 98 99 66 41 43 50
71 98 99 66 41 43 50 71 98 17 98 99 66 41 43 50
71 98 99 66 41 43 50 71 98 99 17 98 99 66 41 43 50
71 98 99 66 41 43 50 71 98 99 17 99 66 41 43 50
71 98 99 66 41 43 50 71 98 99 66 17 99 66 41 43 50
71 98 17 98 99 66 41 43 50 71 98 99 66 41 43 50
71 98 99 17 98 99 66 41 43 50 71 98 99 66 41 43 50
71 98 99 17 99 66 41 43 50 71 98 99 66 41 43 50
71 98 99 66 17 99 66 41 43 50 71 98 99 66 41 43 50

74 20 49 21 73 79 64 74 20 49 21 73 79 64
74 20 49 21 73 79 64 74 20 12 20 49 21 73 79 64
74 20 49 21 73 79 64 74 20 49 12 20 49 21 73 79 64
74 20 49 21 73 79 64 74 20 49 12 49 21 73 79 64
74 20 49 21 73 79 64 74 20 49 21 12 49 21 73 79 64
74 20 12 20 49 21 73 79 64 74 20 49 21 73 79 64
74 20 49 12 20 49 21 73 79 64 74 20 49 21 73 79 64
74 20 49 12 49 21 73 79 64 74 20 49 21 73 79 64
74 20 49 21 12 49 21 73 79 64 74 20 49 21 73 79 64

25 27 32 56 97 66 51 25 27 32 56 97 66 51
25 27 32 56 97 66 51 25 27 17 27 32 56 97 66 51
25 27 32 56 97 66 51 25 27 32 17 27 32 56 97 66 51
25 27 32 56 97 66 51 25 27 32 17 32 56 97 66 51
25 27 32 56 97 66 51 25 27 32 56 17 32 56 97 66 51
25 27 17 27 32 56 97 66 51 25 27 32 56 97 66 51
25 27 32 17 27 32 56 97 66 51 25 27 32 56 97 66 51
25 27 32 17 32 56 97 66 51 25 27 32 56 97 66 51
25 27 32 56 17 32 56 97 66 51 25 27 32 56 97 66 51

27 30 99 8 10 77 88 27 30 99 8 10 77 88
27 30 99 8 10 77 88 27 30 12 30 99 8 10 77 88
27 30 99 8 10 77 88 27 30 99 12 30 99 8 10 77 88
27 30 99 8 10 77 88 27 30 99 12 99 8 10 77 88
27 30 99 8 10 77 88 27 30 99 8 12 99 8 10 77 88
27 30 12 30 99 8 10 77 88 27 30 99 8 10 77 88
27 30 99 12 30 99 8 10 77 88 27 30 99 8 10 77 88
27 30 99 12 99 8 10 77 88 27 30 99 8 10 77 88
27 30 99 8 12 99 8 10 77 88 27 30 99 8 10 77 88

42 65 68 64 82 39 30 42 65 68 64 82 39 30
42 65 68 64 82 39 30 42 65 7 65 68 64 82 39 30
42 65 68 64 82 39 30 42 65 68 7 65 68 64 82 39 30
42 65 68 64 82 39 30 42 65 68 7 68 64 82 39 30
42 65 68 64 82 39 30 42 65 68 64 7 68 64 82 39 30
42 65 7 65 68 64 82 39 30 42 65 68 64 82 39 30
42 65 68 7 65 68 64 82 39 30 42 65 68 64 82 39 30
42 65 68 7 68 64 82 39 30 42 65 68 64 82 39 30
42 65 68 64 7 68 64 82 39 30 42 65 68 64 82 39 30

94 59 36 8 82 50 23 94 59 36 8 82 50 23
94 59 36 8 82 50 23 94 59 6 59 36 8 82 50 23
94 59 36 8 82 50 23 94 59 36 6 59 36 8 82 50 23
94 59 36 8 82 50 23 94 59 36 6 36 8 82 50 23
94 59 36 8 82 50 23 94 59 36 8 6 36 8 82 50 23
94 59 6 59 36 8 82 50 23 94 59 36 8 82 50 23
94 59 36 6 59 36 8 82 50 23 94 59 36 8 82 50 23
94 59 36 6 36 8 82 50 23 94 59 36 8 82 50 23
94 59 36 8 6 36 8 82 50 23 94 59 36 8 82 50 23

23 53 51 42 13 71 20 23 53 51 42 13 71 20
23 53 51 42 13 71 20 23 53 6 53 51 42 13 71 20
23 53 51 42 13 71 20 23 53 51 6 53 51 42 13 71 20
23 53 51 42 13 71 20 23 53 51 6 51 42 13 71 20
23 53 51 42 13 71 20 23 53 51 42 6 51 42 13 71 20
23 53 6 53 51 42 13 71 20 23 53 51 42 13 71 20
23 53 51 6 53 51 42 13 71 20 23 53 51 42 13 71 20
23 53 51 6 51 42 13 71 20 23 53 51 42 13 71 20
23 53 51 42 6 51 42 13 71 20 23 53 51 42 13 71 20

76 15 96 37 63 37 9 76 15 96 37 63 37 9
76 15 96 37 63 37 9 76 15 9 15 96 37 63 37 9
76 15 96 37 63 37 9 76 15 96 9 15 96 37 63 37 9
76 15 96 37 63 37 9 76 15 96 9 96 37 63 37 9
76 15 96 37 63 37 9 76 15 96 37 9 96 37 63 37 9
76 15 9 15 96 37 63 37 9 76 15 96 37 63 37 9
76 15 96 9 15 96 37 63 37 9 76 15 96 37 63 37 9
76 15 96 9 96 37 63 37 9 76 15 96 37 63 37 9
76 15 96 37 9 96 37 63 37 9 76 15 96 37 63 37 9

9 28 17 66 93 88 63 9 28 17 66 93 88 63
9 28 17 66 93 88 63 9 28 12 28 17 66 93 88 63
9 28 17 66 93 88 63 9 28 17 12 28 17 66 93 88 63
9 28 17 66 93 88 63 9 28 17 12 17 66 93 88 63
9 28 17 66 93 88 63 9 28 17 66 12 17 66 93 88 63
9 28 12 28 17 66 93 88 63 9 28 17 66 93 88 63
9 28 17 12 28 17 66 93 88 63 9 28 17 66 93 88 63
9 28 17 12 17 66 93 88 63 9 28 17 66 93 88 63
9 28 17 66 12 17 66 93 88 63 9 28 17 66 93 88 63

44 86 68 86 51 90 61 44 86 68 86 51 90 61
44 86 68 86 51 90 61 44 86 20 86 68 86 51 90 61
44 86 68 86 51 90 61 44 86 68 20 86 68 86 51 90 61
44 86 68 86 51 90 61 44 86 68 20 68 86 51 90 61
44 86 68 86 51 90 61 44 86 68 86 20 68 86 51 90 61
44 86 20 86 68 86 51 90 61 44 86 68 86 51 90 61
44 86 68 20 86 68 86 51 90 61 44 86 68 86 51 90 61
44 86 68 20 68 86 51 90 61 44 86 68 86 51 90 61
44 86 68 86 20 68 86 51 90 61 44 86 68 86 51 90 61

7 30 44 16 15 42 56 7 30 44 16 15 42 56
7 30 44 16 15 42 56 7 30 20 30 44 16 15 42 56
7 30 44 16 15 42 56 7 30 44 20 30 44 16 15 42 56
7 30 44 16 15 42 56 7 30 44 20 44 16 15 42 56
7 30 44 16 15 42 56 7 30 44 16 20 44 16 15 42 56
7 30 20 30 44 16 15 42 56 7 30 44 16 15 42 56
7 30 44 20 30 44 16 15 42 56 7 30 44 16 15 42 56
7 30 44 20 44 16 15 42 56 7 30 44 16 15 42 56
7 30 44 16 20 44 16 15 42 56 7 30 44 16 15 42 56

53 97 87 39 93 40 75 53 97 87 39 93 40 75
53 97 87 39 93 40 75 53 97 17 97 87 39 93 40 75
53 97 87 39 93 40 75 53 97 87 17 97 87 39 93 40 75
53 97 87 39 93 40 75 53 97 87 17 87 39 93 40 75
53 97 87 39 93 40 75 53 97 87 39 17 87 39 93 40 75
53 97 17 97 87 39 93 40 75 53 97 87 39 93 40 75
53 97 87 17 97 87 39 93 40 75 53 97 87 39 93 40 75
53 97 87 17 87 39 93 40 75 53 97 87 39 93 40 75
53 97 87 39 17 87 39 93 40 75 53 97 87 39 93 40 75

40 10 51 9 75 26 98 40 10 51 9 75 26 98
40 10 51 9 75 26 98 40 10 16 10 51 9 75 26 98
40 10 51 9 75 26 98 40 10 51 16 10 51 9 75 26 98
40 10 51 9 75 26 98 40 10 51 16 51 9 75 26 98
40 10 51 9 75 26 98 40 10 51 9 16 51 9 75 26 98
40 10 16 10 51 9 75 26 98 40 10 51 9 75 26 98
40 10 51 16 10 51 9 75 26 98 40 10 51 9 75 26 98
40 10 51 16 51 9 75 26 98 40 10 51 9 75 26 98
40 10 51 9 16 51 9 75 26 98 40 10 51 9 75 26 98

11 52 84 75 53 83 52 11 52 84 75 53 83 52
11 52 84 75 53 83 52 11 52 9 52 84 75 53 83 52
11 52 84 75 53 83 52 11 52 84 9 52 84 75 53 83 52
11 52 84 75 53 83 52 11 52 84 9 84 75 53 83 52
11 52 84 75 53 83 52 11 52 84 75 9 84 75 53 83 52
11 52 9 52 84 75 53 83 52 11 52 84 75 53 83 52
11 52 84 9 52 84 75 53 83 52 11 52 84 75 53 83 52
11 52 84 9 84 75 53 83 52 11 52 84 75 53 83 52
11 52 84 75 9 84 75 53 83 52 11 52 84 75 53 83 52

14 69 27 95 58 83 96 14 69 27 95 58 83 96
14 69 27 95 58 83 96 14 69 7 69 27 95 58 83 96
14 69 27 95 58 83 96 14 69 27 7 69 27 95 58 83 96
14 69 27 95 58 83 96 14 69 27 7 27 95 58 83 96
14 69 27 95 58 83 96 14 69 27 95 7 27 95 58 83 96
14 69 7 69 27 95 58 83 96 14 69 27 95 58 83 96
14 69 27 7 69 27 95 58 83 96 14 69 27 95 58 83 96
14 69 27 7 27 95 58 83 96 14 69 27 95 58 83 96
14 69 27 95 7 27 95 58 83 96 14 69 27 95 58 83 96

56 90 94 95 69 27 54 56 90 94 95 69 27 54
56 90 94 95 69 27 54 56 90 19 90 94 95 69 27 54
56 90 94 95 69 27 54 56 90 94 19 90 94 95 69 27 54
56 90 94 95 69 27 54 56 90 94 19 94 95 69 27 54
56 90 94 95 69 27 54 56 90 94 95 19 94 95 69 27 54
56 90 19 90 94 95 69 27 54 56 90 94 95 69 27 54
56 90 94 19 90 94 95 69 27 54 56 90 94 95 69 27 54
56 90 94 19 94 95 69 27 54 56 90 94 95 69 27 54
56 90 94 95 19 94 95 69 27 54 56 90 94 95 69 27 54

29 30 61 35 84 87 19 29 30 61 35 84 87 19
29 30 61 35 84 87 19 29 30 16 30 61 35 84 87 19
29 30 61 35 84 87 19 29 30 61 16 30 61 35 84 87 19
29 30 61 35 84 87 19 29 30 61 16 61 35 84 87 19
29 30 61 35 84 87 19 29 30 61 35 16 61 35 84 87 19
29 30 16 30 61 35 84 87 19 29 30 61 35 84 87 19
29 30 61 16 30 61 35 84 87 19 29 30 61 35 84 87 19
29 30 61 16 61 35 84 87 19 29 30 61 35 84 87 19
29 30 61 35 16 61 35 84 87 19 29 30 61 35 84 87 19

31 27 83 23 75 83 90 31 27 83 23 75 83 90
31 27 83 23 75 83 90 31 27 14 27 83 23 75 83 90
31 27 83 23 75 83 90 31 27 83 14 27 83 23 75 83 90
31 27 83 23 75 83 90 31 27 83 14 83 23 75 83 90
31 27 83 23 75 83 90 31 27 83 23 14 83 23 75 83 90
31 27 14 27 83 23 75 83 90 31 27 83 23 75 83 90
31 27 83 14 27 83 23 75 83 90 31 27 83 23 75 83 90
31 27 83 14 83 23 75 83 90 31 27 83 23 75 83 90
31 27 83 23 14 83 23 75 83 90 31 27 83 23 75 83 90

13 58 31 35 52 41 68 13 58 31 35 52 41 68
13 58 31 35 52 41 68 13 58 19 58 31 35 52 41 68
13 58 31 35 52 41 68 13 58 31 19 58 31 35 52 41 68
13 58 31 35 52 41 68 13 58 31 19 31 35 52 41 68
13 58 31 35 52 41 68 13 58 31 35 19 31 35 52 41 68
13 58 19 58 31 35 52 41 68 13 58 31 35 52 41 68
13 58 31 19 58 31 35 52 41 68 13 58 31 35 52 41 68
13 58 31 19 31 35 52 41 68 13 58 31 35 52 41 68
13 58 31 35 19 31 35 52 41 68 13 58 31 35 52 41 68

11 26 36 13 85 100 23 11 26 36 13 85 100 23
11 26 36 13 85 100 23 11 26 16 26 36 13 85 100 23
11 26 36 13 85 100 23 11 26 36 16 26 36 13 85 100 23
11 26 36 13 85 100 23 11 26 36 16 36 13 85 100 23
11 26 36 13 85 100 23 11 26 36 13 16 36 13 85 100 23
11 26 16 26 36 13 85 100 23 11 26 36 13 85 100 23
11 26 36 16 26 36 13 85 100 23 11 26 36 13 85 100 23
11 26 36 16 36 13 85 100 23 11 26 36 13 85 100 23
11 26 36 13 16 36 13 85 100 23 11 26 36 13 85 100 23

50 29 7 79 91 81 16 50 29 7 79 91 81 16
50 29 7 79 91 81 16 50 29 15 29 7 79 91 81 16
50 29 7 79 91 81 16 50 29 7 15 29 7 79 91 81 16
50 29 7 79 91 81 16 50 29 7 15 7 79 91 81 16
50 29 7 79 91 81 16 50 29 7 79 15 7 79 91 81 16
50 29 15 29 7 79 91 81 16 50 29 7 79 91 81 16
50 29 7 15 29 7 79 91 81 16 50 29 7 79 91 81 16
50 29 7 15 7 79 91 81 16 50 29 7 79 91 81 16
50 29 7 79 15 7 79 91 81 16 50 29 7 79 91 81 16

68 64 67 86 12 98 81 68 64 67 86 12 98 81
68 64 67 86 12 98 81 68 64 11 64 67 86 12 98 81
68 64 67 86 12 98 81 68 64 67 11 64 67 86 12 98 81
68 64 67 86 12 98 81 68 64 67 11 67 86 12 98 81
68 64 67 86 12 98 81 68 64 67 86 11 67 86 12 98 81
68 64 11 64 67 86 12 98 81 68 64 67 86 12 98 81
68 64 67 11 64 67 86 12 98 81 68 64 67 86 12 98 81
68 64 67 11 67 86 12 98 81 68 64 67 86 12 98 81
68 64 67 86 11 67 86 12 98 81 68 64 67 86 12 98 81

95 50 41 47 91 61 73 95 50 41 47 91 61 73
95 50 41 47 91 61 73 95 50 5 50 41 47 91 61 73
95 50 41 47 91 61 73 95 50 41 5 50 41 47 91 61 73
95 50 41 47 91 61 73 95 50 41 5 41 47 91 61 73
95 50 41 47 91 61 73 95 50 41 47 5 41 47 91 61 73
95 50 5 50 41 47 91 61 73 95 50 41 47 91 61 73
95 50 41 5 50 41 47 91 61 73 95 50 41 47 91 61 73
95 50 41 5 41 47 91 61 73 95 50 41 47 91 61 73
95 50 41 47 5 41 47 91 61 73 95 50 41 47 91 61 73

31 35 37 94 57 21 77 31 35 37 94 57 21 77
31 35 37 94 57 21 77 31 35 20 35 37 94 57 21 77
31 35 37 94 57 21 77 31 35 37 20 35 37 94 57 21 77
31 35 37 94 57 21 77 31 35 37 20 37 94 57 21 77
31 35 37 94 57 21 77 31 35 37 94 20 37 94 57 21 77
31 35 20 35 37 94 57 21 77 31 35 37 94 57 21 77
31 35 37 20 35 37 94 57 21 77 31 35 37 94 57 21 77
31 35 37 20 37 94 57 21 77 31 35 37 94 57 21 77
31 35 37 94 20 37 94 57 21 77 31 35 37 94 57 21 77

80 64 50 10 30 91 25 80 64 50 10 30 91 25
80 64 50 10 30 91 25 80 64 7 64 50 10 30 91 25
80 64 50 10 30 91 25 80 64 50 7 64 50 10 30 91 25
80 64 50 10 30 91 25 80 64 50 7 50 10 30 91 25
80 64 50 10 30 91 25 80 64 50 10 7 50 10 30 91 25
80 64 7 64 50 10 30 91 25 80 64 50 10 30 91 25
80 64 50 7 64 50 10 30 91 25 80 64 50 10 30 91 25
80 64 50 7 50 10 30 91 25 80 64 50 10 30 91 25
80 64 50 10 7 50 10 30 91 25 80 64 50 10 30 91 25

20 84 28 77 91 40 65 20 84 28 77 91 40 65
20 84 28 77 91 40 65 20 84 9 84 28 77 91 40 65
20 84 28 77 91 40 65 20 84 28 9 84 28 77 91 40 65
20 84 28 77 91 40 65 20 84 28 9 28 77 91 40 65
20 84 28 77 91 40 65 20 84 28 77 9 28 77 91 40 65
20 84 9 84 28 77 91 40 65 20 84 28 77 91 40 65
20 84 28 9 84 28 77 91 40 65 20 84 28 77 91 40 65
20 84 28 9 28 77 91 40 65 20 84 28 77 91 40 65
20 84 28 77 9 28 77 91 40 65 20 84 28 77 91 40 65

87 55 42 97 12 66 53 87 55 42 97 12 66 53
87 55 42 97 12 66 53 87 55 8 55 42 97 12 66 53
87 55 42 97 12 66 53 87 55 42 8 55 42 97 12 66 53
87 55 42 97 12 66 53 87 55 42 8 42 97 12 66 53
87 55 42 97 12 66 53 87 55 42 97 8 42 97 12 66 53
87 55 8 55 42 97 12 66 53 87 55 42 97 12 66 53
87 55 42 8 55 42 97 12 66 53 87 55 42 97 12 66 53
87 55 42 8 42 97 12 66 53 87 55 42 97 12 66 53
87 55 42 97 8 42 97 12 66 53 87 55 42 97 12 66 53

98 19 25 15 74 97 27 98 19 25 15 74 97 27
98 19 25 15 74 97 27 98 19 7 19 25 15 74 97 27
98 19 25 15 74 97 27 98 19 25 7 19 25 15 74 97 27
98 19 25 15 74 97 27 98 19 25 7 25 15 74 97 27
98 19 25 15 74 97 27 98 19 25 15 7 25 15 74 97 27
98 19 7 19 25 15 74 97 27 98 19 25 15 74 97 27
98 19 25 7 19 25 15 74 97 27 98 19 25 15 74 97 27
98 19 25 7 25 15 74 97 27 98 19 25 15 74 97 27
98 19 25 15 7 25 15 74 97 27 98 19 25 15 74 97 27

93 53 21 75 47 9 56 93 53 21 75 47 9 56
93 53 21 75 47 9 56 93 53 8 53 21 75 47 9 56
93 53 21 75 47 9 56 93 53 21 8 53 21 75 47 9 56
93 53 21 75 47 9 56 93 53 21 8 21 75 47 9 56
93 53 21 75 47 9 56 93 53 21 75 8 21 75 47 9 56
93 53 8 53 21 75 47 9 56 93 53 21 75 47 9 56
93 53 21 8 53 21 75 47 9 56 93 53 21 75 47 9 56
93 53 21 8 21 75 47 9 56 93 53 21 75 47 9 56
93 53 21 75 8 21 75 47 9 56 93 53 21 75 47 9 56

52 53 33 88 36 51 32 52 53 33 88 36 51 32
52 53 33 88 36 51 32 52 53 13 53 33 88 36 51 32
52 53 33 88 36 51 32 52 53 33 13 53 33 88 36 51 32
52 53 33 88 36 51 32 52 53 33 13 33 88 36 51 32
52 53 33 88 36 51 32 52 53 33 88 13 33 88 36 51 32
52 53 13 53 33 88 36 51 32 52 53 33 88 36 51 32
52 53 33 13 53 33 88 36 51 32 52 53 33 88 36 51 32
52 53 33 13 33 88 36 51 32 52 53 33 88 36 51 32
52 53 33 88 13 33 88 36 51 32 52 53 33 88 36 51 32

70 14 68 56 42 58 89 70 14 68 56 42 58 89
70 14 68 56 42 58 89 70 14 9 14 68 56 42 58 89
70 14 68 56 42 58 89 70 14 68 9 14 68 56 42 58 89
70 14 68 56 42 58 89 70 14 68 9 68 56 42 58 89
70 14 68 56 42 58 89 70 14 68 56 9 68 56 42 58 89
70 14 9 14 68 56 42 58 89 70 14 68 56 42 58 89
70 14 68 9 14 68 56 42 58 89 70 14 68 56 42 58 89
70 14 68 9 68 56 42 58 89 70 14 68 56 42 58 89
70 14 68 56 9 68 56 42 58 89 70 14 68 56 42 58 89

46 52 72 53 54 70 95 46 52 72 53 54 70 95
46 52 72 53 54 70 95 46 52 9 52 72 53 54 70 95
46 52 72 53 54 70 95 46 52 72 9 52 72 53 54 70 95
46 52 72 53 54 70 95 46 52 72 9 72 53 54 70 95
46 52 72 53 54 70 95 46 52 72 53 9 72 53 54 70 95
46 52 9 52 72 53 54 70 95 46 52 72 53 54 70 95
46 52 72 9 52 72 53 54 70 95 46 52 72 53 54 70 95
46 52 72 9 72 53 54 70 95 46 52 72 53 54 70 95
46 52 72 53 9 72 53 54 70 95 46 52 72 53 54 70 95

23 100 45 21 92 30 77 23 100 45 21 92 30 77
23 100 45 21 92 30 77 23 100 14 100 45 21 92 30 77
23 100 45 21 92 30 77 23 100 45 14 100 45 21 92 30 77
23 100 45 21 92 30 77 23 100 45 14 45 21 92 30 77
23 100 45 21 92 30 77 23 100 45 21 14 45 21 92 30 77
23 100 14 100 45 21 92 30 77 23 100 45 21 92 30 77
23 100 45 14 100 45 21 92 30 77 23 100 45 21 92 30 77
23 100 45 14 45 21 92 30 77 23 100 45 21 92 30 77
23 100 45 21 14 45 21 92 30 77 23 100 45 21 92 30 77

58 92 95 75 58 87 90 58 92 95 75 58 87 90
58 92 95 75 58 87 90 58 92 13 92 95 75 58 87 90
58 92 95 75 58 87 90 58 92 95 13 92 95 75 58 87 90
58 92 95 75 58 87 90 58 92 95 13 95 75 58 87 90
58 92 95 75 58 87 90 58 92 95 75 13 95 75 58 87 90
58 92 13 92 95 75 58 87 90 58 92 95 75 58 87 90
58 92 95 13 92 95 75 58 87 90 58 92 95 75 58 87 90
58 92 95 13 95 75 58 87 90 58 92 95 75 58 87 90
58 92 95 75 13 95 75 58 87 90 58 92 95 75 58 87 90

90 95 13 79 69 24 85 90 95 13 79 69 24 85
90 95 13 79 69 24 85 90 95 5 95 13 79 69 24 85
90 95 13 79 69 24 85 90 95 13 5 95 13 79 69 24 85
90 95 13 79 69 24 85 90 95 13 5 13 79 69 24 85
90 95 13 79 69 24 85 90 95 13 79 5 13 79 69 24 85
90 95 5 95 13 79 69 24 85 90 95 13 79 69 24 85
90 95 13 5 95 13 79 69 24 85 90 95 13 79 69 24 85
90 95 13 5 13 79 69 24 85 90 95 13 79 69 24 85
90 95 13 79 5 13 79 69 24 85 90 95 13 79 69 24 85

87 93 14 26 36 30 42 87 93 14 26 36 30 42
87 93 14 26 36 30 42 87 93 5 93 14 26 36 30 42
87 93 14 26 36 30 42 87 93 14 5 93 14 26 36 30 42
87 93 14 26 36 30 42 87 93 14 5 14 26 36 30 42
87 93 14 26 36 30 42 87 93 14 26 5 14 26 36 30 42
87 93 5 93 14 26 36 30 42 87 93 14 26 36 30 42
87 93 14 5 93 14 26 36 30 42 87 93 14 26 36 30 42
87 93 14 5 14 26 36 30 42 87 93 14 26 36 30 42
87 93 14 26 5 14 26 36 30 42 87 93 14 26 36 30 42

41 41 93 13 36 78 56 41 41 93 13 36 78 56
41 41 93 13 36 78 56 41 41 7 41 93 13 36 78 56
41 41 93 13 36 78 56 41 41 93 7 41 93 13 36 78 56
41 41 93 13 36 78 56 41 41 93 7 93 13 36 78 56
41 41 93 13 36 78 56 41 41 93 13 7 93 13 36 78 56
41 41 7 41 93 13 36 78 56 41 41 93 13 36 78 56
41 41 93 7 41 93 13 36 78 56 41 41 93 13 36 78 56
41 41 93 7 93 13 36 78 56 41 41 93 13 36 78 56
41 41 93 13 7 93 13 36 78 56 41 41 93 13 36 78 56

68 37 28 22 86 51 100 68 37 28 22 86 51 100
68 37 28 22 86 51 100 68 37 13 37 28 22 86 51 100
68 37 28 22 86 51 100 68 37 28 13 37 28 22 86 51 100
68 37 28 22 86 51 100 68 37 28 13 28 22 86 51 100
68 37 28 22 86 51 100 68 37 28 22 13 28 22 86 51 100
68 37 13 37 28 22 86 51 100 68 37 28 22 86 51 100
68 37 28 13 37 28 22 86 51 100 68 37 28 22 86 51 100
68 37 28 13 28 22 86 51 100 68 37 28 22 86 51 100
68 37 28 22 13 28 22 86 51 100 68 37 28 22 86 51 100

35 91 24 84 60 7 6 35 91 24 84 60 7 6
35 91 24 84 60 7 6 35 91 6 91 24 84 60 7 6
35 91 24 84 60 7 6 35 91 24 6 91 24 84 60 7 6
35 91 24 84 60 7 6 35 91 24 6 24 84 60 7 6
35 91 24 84 60 7 6 35 91 24 84 6 24 84 60 7 6
35 91 6 91 24 84 60 7 6 35 91 24 84 60 7 6
35 91 24 6 91 24 84 60 7 6 35 91 24 84 60 7 6
35 91 24 6 24 84 60 7 6 35 91 24 84 60 7 6
35 91 24 84 6 24 84 60 7 6 35 91 24 84 60 7 6

56 27 52 22 11 39 22 56 27 52 22 11 39 22
56 27 52 22 11 39 22 56 27 20 27 52 22 11 39 22
56 27 52 22 11 39 22 56 27 52 20 27 52 22 11 39 22
56 27 52 22 11 39 22 56 27 52 20 52 22 11 39 22
56 27 52 22 11 39 22 56 27 52 22 20 52 22 11 39 22
56 27 20 27 52 22 11 39 22 56 27 52 22 11 39 22
56 27 52 20 27 52 22 11 39 22 56 27 52 22 11 39 22
56 27 52 20 52 22 11 39 22 56 27 52 22 11 39 22
56 27 52 22 20 52 22 11 39 22 56 27 52 22 11 39 22

78 14 34 43 11 83 74 78 14 34 43 11 83 74
78 14 34 43 11 83 74 78 14 6 14 34 43 11 83 74
78 14 34 43 11 83 74 78 14 34 6 14 34 43 11 83 74
78 14 34 43 11 83 74 78 14 34 6 34 43 11 83 74
78 14 34 43 11 83 74 78 14 34 43 6 34 43 11 83 74
78 14 6 14 34 43 11 83 74 78 14 34 43 11 83 74
78 14 34 6 14 34 43 11 83 74 78 14 34 43 11 83 74
78 14 34 6 34 43 11 83 74 78 14 34 43 11 83 74
78 14 34 43 6 34 43 11 83 74 78 14 34 43 11 83 74

68 71 94 65 95 52 98 68 71 94 65 95 52 98
68 71 94 65 95 52 98 68 71 7 71 94 65 95 52 98
68 71 94 65 95 52 98 68 71 94 7 71 94 65 95 52 98
68 71 94 65 95 52 98 68 71 94 7 94 65 95 52 98
68 71 94 65 95 52 98 68 71 94 65 7 94 65 95 52 98
68 71 7 71 94 65 95 52 98 68 71 94 65 95 52 98
68 71 94 7 71 94 65 95 52 98 68 71 94 65 95 52 98
68 71 94 7 94 65 95 52 98 68 71 94 65 95 52 98
68 71 94 65 7 94 65 95 52 98 68 71 94 65 95 52 98

71 25 44 33 19 90 26 71 25 44 33 19 90 26
71 25 44 33 19 90 26 71 25 8 25 44 33 19 90 26
71 25 44 33 19 90 26 71 25 44 8 25 44 33 19 90 26
71 25 44 33 19 90 26 71 25 44 8 44 33 19 90 26
71 25 44 33 19 90 26 71 25 44 33 8 44 33 19 90 26
71 25 8 25 44 33 19 90 26 71 25 44 33 19 90 26
71 25 44 8 25 44 33 19 90 26 71 25 44 33 19 90 26
71 25 44 8 44 33 19 90 26 71 25 44 33 19 90 26
71 25 44 33 8 44 33 19 90 26 71 25 44 33 19 90 26

39 40 8 24 99 26 35 39 40 8 24 99 26 35
39 40 8 24 99 26 35 39 40 13 40 8 24 99 26 35
39 40 8 24 99 26 35 39 40 8 13 40 8 24 99 26 35
39 40 8 24 99 26 35 39 40 8 13 8 24 99 26 35
39 40 8 24 99 26 35 39 40 8 24 13 8 24 99 26 35
39 40 13 40 8 24 99 26 35 39 40 8 24 99 26 35
39 40 8 13 40 8 24 99 26 35 39 40 8 24 99 26 35
39 40 8 13 8 24 99 26 35 39 40 8 24 99 26 35
39 40 8 24 13 8 24 99 26 35 39 40 8 24 99 26 35

48 99 65 79 9 56 75 48 99 65 79 9 56 75
48 99 65 79 9 56 75 48 99 14 99 65 79 9 56 75
48 99 65 79 9 56 75 48 99 65 14 99 65 79 9 56 75
48 99 65 79 9 56 75 48 99 65 14 65 79 9 56 75
48 99 65 79 9 56 75 48 99 65 79 14 65 79 9 56 75
48 99 14 99 65 79 9 56 75 48 99 65 79 9 56 75
48 99 65 14 99 65 79 9 56 75 48 99 65 79 9 56 75
48 99 65 14 65 79 9 56 75 48 99 65 79 9 56 75
48 99 65 79 14 65 79 9 56 75 48 99 65 79 9 56 75

52 98 87 23 16 61 43 52 98 87 23 16 61 43
52 98 87 23 16 61 43 52 98 9 98 87 23 16 61 43
52 98 87 23 16 61 43 52 98 87 9 98 87 23 16 61 43
52 98 87 23 16 61 43 52 98 87 9 87 23 16 61 43
52 98 87 23 16 61 43 52 98 87 23 9 87 23 16 61 43
52 98 9 98 87 23 16 61 43 52 98 87 23 16 61 43
52 98 87 9 98 87 23 16 61 43 52 98 87 23 16 61 43
52 98 87 9 87 23 16 61 43 52 98 87 23 16 61 43
52 98 87 23 9 87 23 16 61 43 52 98 87 23 16 61 43

63 82 9 79 49 98 12 63 82 9 79 49 98 12
63 82 9 79 49 98 12 63 82 9 82 9 79 49 98 12
63 82 9 79 49 98 12 63 82 9 9 82 9 79 49 98 12
63 82 9 79 49 98 12 63 82 9 9 9 79 49 98 12
63 82 9 79 49 98 12 63 82 9 79 9 9 79 49 98 12
63 82 9 82 9 79 49 98 12 63 82 9 79 49 98 12
63 82 9 9 82 9 79 49 98 12 63 82 9 79 49 98 12
63 82 9 9 9 79 49 98 12 63 82 9 79 49 98 12
63 82 9 79 9 9 79 49 98 12 63 82 9 79 49 98 12

28 87 27 17 86 8 81 28 87 27 17 86 8 81
28 87 27 17 86 8 81 28 87 6 87 27 17 86 8 81
28 87 27 17 86 8 81 28 87 27 6 87 27 17 86 8 81
28 87 27 17 86 8 81 28 87 27 6 27 17 86 8 81
28 87 27 17 86 8 81 28 87 27 17 6 27 17 86 8 81
28 87 6 87 27 17 86 8 81 28 87 27 17 86 8 81
28 87 27 6 87 27 17 86 8 81 28 87 27 17 86 8 81
28 87 27 6 27 17 86 8 81 28 87 27 17 86 8 81
28 87 27 17 6 27 17 86 8 81 28 87 27 17 86 8 81

51 56 26 77 82 5 96 51 56 26 77 82 5 96
51 56 26 77 82 5 96 51 56 7 56 26 77 82 5 96
51 56 26 77 82 5 96 51 56 26 7 56 26 77 82 5 96
51 56 26 77 82 5 96 51 56 26 7 26 77 82 5 96
51 56 26 77 82 5 96 51 56 26 77 7 26 77 82 5 96
51 56 7 56 26 77 82 5 96 51 56 26 77 82 5 96
51 56 26 7 56 26 77 82 5 96 51 56 26 77 82 5 96
51 56 26 7 26 77 82 5 96 51 56 26 77 82 5 96
51 56 26 77 7 26 77 82 5 96 51 56 26 77 82 5 96

80 62 24 75 69 97 97 80 62 24 75 69 97 97
80 62 24 75 69 97 97 80 62 7 62 24 75 69 97 97
80 62 24 75 69 97 97 80 62 24 7 62 24 75 69 97 97
80 62 24 75 69 97 97 80 62 24 7 24 75 69 97 97
80 62 24 75 69 97 97 80 62 24 75 7 24 75 69 97 97
80 62 7 62 24 75 69 97 97 80 62 24 75 69 97 97
80 62 24 7 62 24 75 69 97 97 80 62 24 75 69 97 97
80 62 24 7 24 75 69 97 97 80 62 24 75 69 97 97
80 62 24 75 7 24 75 69 97 97 80 62 24 75 69 97 97

37 75 58 30 22 29 31 37 75 58 30 22 29 31
37 75 58 30 22 29 31 37 75 8 75 58 30 22 29 31
37 75 58 30 22 29 31 37 75 58 8 75 58 30 22 29 31
37 75 58 30 22 29 31 37 75 58 8 58 30 22 29 31
37 75 58 30 22 29 31 37 75 58 30 8 58 30 22 29 31
37 75 8 75 58 30 22 29 31 37 75 58 30 22 29 31
37 75 58 8 75 58 30 22 29 31 37 75 58 30 22 29 31
37 75 58 8 58 30 22 29 31 37 75 58 30 22 29 31
37 75 58 30 8 58 30 22 29 31 37 75 58 30 22 29 31

30 38 83 72 19 19 44 30 38 83 72 19 19 44
30 38 83 72 19 19 44 30 38 15 38 83 72 19 19 44
30 38 83 72 19 19 44 30 38 83 15 38 83 72 19 19 44
30 38 83 72 19 19 44 30 38 83 15 83 72 19 19 44
30 38 83 72 19 19 44 30 38 83 72 15 83 72 19 19 44
30 38 15 38 83 72 19 19 44 30 38 83 72 19 19 44
30 38 83 15 38 83 72 19 19 44 30 38 83 72 19 19 44
30 38 83 15 83 72 19 19 44 30 38 83 72 19 19 44
30 38 83 72 15 83 72 19 19 44 30 38 83 72 19 19 44

28 71 9 19 54 83 59 28 71 9 19 54 83 59
28 71 9 19 54 83 59 28 71 15 71 9 19 54 83 59
28 71 9 19 54 83 59 28 71 9 15 71 9 19 54 83 59
28 71 9 19 54 83 59 28 71 9 15 9 19 54 83 59
28 71 9 19 54 83 59 28 71 9 19 15 9 19 54 83 59
28 71 15 71 9 19 54 83 59 28 71 9 19 54 83 59
28 71 9 15 71 9 19 54 83 59 28 71 9 19 54 83 59
28 71 9 15 9 19 54 83 59 28 71 9 19 54 83 59
28 71 9 19 15 9 19 54 83 59 28 71 9 19 54 83 59

89 53 32 22 18 43 40 89 53 32 22 18 43 40
89 53 32 22 18 43 40 89 53 10 53 32 22 18 43 40
89 53 32 22 18 43 40 89 53 32 10 53 32 22 18 43 40
89 53 32 22 18 43 40 89 53 32 10 32 22 18 43 40
89 53 32 22 18 43 40 89 53 32 22 10 32 22 18 43 40
89 53 10 53 32 22 18 43 40 89 53 32 22 18 43 40
89 53 32 10 53 32 22 18 43 40 89 53 32 22 18 43 40
89 53 32 10 32 22 18 43 40 89 53 32 22 18 43 40
89 53 32 22 10 32 22 18 43 40 89 53 32 22 18 43 40

66 61 37 13 85 59 100 66 61 37 13 85 59 100
66 61 37 13 85 59 100 66 61 14 61 37 13 85 59 100
66 61 37 13 85 59 100 66 61 37 14 61 37 13 85 59 100
66 61 37 13 85 59 100 66 61 37 14 37 13 85 59 100
66 61 37 13 85 59 100 66 61 37 13 14 37 13 85 59 100
66 61 14 61 37 13 85 59 100 66 61 37 13 85 59 100
66 61 37 14 61 37 13 85 59 100 66 61 37 13 85 59 100
66 61 37 14 37 13 85 59 100 66 61 37 13 85 59 100
66 61 37 13 14 37 13 85 59 100 66 61 37 13 85 59 100

51 49 31 89 46 94 37 51 49 31 89 46 94 37
51 49 31 89 46 94 37 51 49 13 49 31 89 46 94 37
51 49 31 89 46 94 37 51 49 31 13 49 31 89 46 94 37
51 49 31 89 46 94 37 51 49 31 13 31 89 46 94 37
51 49 31 89 46 94 37 51 49 31 89 13 31 89 46 94 37
51 49 13 49 31 89 46 94 37 51 49 31 89 46 94 37
51 49 31 13 49 31 89 46 94 37 51 49 31 89 46 94 37
51 49 31 13 31 89 46 94 37 51 49 31 89 46 94 37
51 49 31 89 13 31 89 46 94 37 51 49 31 89 46 94 37

47 85 44 15 71 93 25 47 85 44 15 71 93 25
47 85 44 15 71 93 25 47 85 18 85 44 15 71 93 25
47 85 44 15 71 93 25 47 85 44 18 85 44 15 71 93 25
47 85 44 15 71 93 25 47 85 44 18 44 15 71 93 25
47 85 44 15 71 93 25 47 85 44 15 18 44 15 71 93 25
47 85 18 85 44 15 71 93 25 47 85 44 15 71 93 25
47 85 44 18 85 44 15 71 93 25 47 85 44 15 71 93 25
47 85 44 18 44 15 71 93 25 47 85 44 15 71 93 25
47 85 44 15 18 44 15 71 93 25 47 85 44 15 71 93 25

89 31 30 66 67 26 89 89 31 30 66 67 26 89
89 31 30 66 67 26 89 89 31 20 31 30 66 67 26 89
89 31 30 66 67 26 89 89 31 30 20 31 30 66 67 26 89
89 31 30 66 67 26 89 89 31 30 20 30 66 67 26 89
89 31 30 66 67 26 89 89 31 30 66 20 30 66 67 26 89
89 31 20 31 30 66 67 26 89 89 31 30 66 67 26 89
89 31 30 20 31 30 66 67 26 89 89 31 30 66 67 26 89
89 31 30 20 30 66 67 26 89 89 31 30 66 67 26 89
89 31 30 66 20 30 66 67 26 89 89 31 30 66 67 26 89

12 9 96 50 44 48 51 12 9 96 50 44 48 51
12 9 96 50 44 48 51 12 9 14 9 96 50 44 48 51
12 9 96 50 44 48 51 12 9 96 14 9 96 50 44 48 51
12 9 96 50 44 48 51 12 9 96 14 96 50 44 48 51
12 9 96 50 44 48 51 12 9 96 50 14 96 50 44 48 51
12 9 14 9 96 50 44 48 51 12 9 96 50 44 48 51
12 9 96 14 9 96 50 44 48 51 12 9 96 50 44 48 51
12 9 96 14 96 50 44 48 51 12 9 96 50 44 48 51
12 9 96 50 14 96 50 44 48 51 12 9 96 50 44 48 51

79 50 83 33 23 9 39 79 50 83 33 23 9 39
79 50 83 33 23 9 39 79 50 5 50 83 33 23 9 39
79 50 83 33 23 9 39 79 50 83 5 50 83 33 23 9 39
79 50 83 33 23 9 39 79 50 83 5 83 33 23 9 39
79 50 83 33 23 9 39 79 50 83 33 5 83 33 23 9 39
79 50 5 50 83 33 23 9 39 79 50 83 33 23 9 39
79 50 83 5 50 83 33 23 9 39 79 50 83 33 23 9 39
79 50 83 5 83 33 23 9 39 79 50 83 33 23 9 39
79 50 83 33 5 83 33 23 9 39 79 50 83 33 23 9 39

85 90 91 48 23 32 52 85 90 91 48 23 32 52
85 90 91 48 23 32 52 85 90 19 90 91 48 23 32 52
85 90 91 48 23 32 52 85 90 91 19 90 91 48 23 32 52
85 90 91 48 23 32 52 85 90 91 19 91 48 23 32 52
85 90 91 48 23 32 52 85 90 91 48 19 91 48 23 32 52
85 90 19 90 91 48 23 32 52 85 90 91 48 23 32 52
85 90 91 19 90 91 48 23 32 52 85 90 91 48 23 32 52
85 90 91 19 91 48 23 32 52 85 90 91 48 23 32 52
85 90 91 48 19 91 48 23 32 52 85 90 91 48 23 32 52

72 67 47 8 54 29 57 72 67 47 8 54 29 57
72 67 47 8 54 29 57 72 67 5 67 47 8 54 29 57
72 67 47 8 54 29 57 72 67 47 5 67 47 8 54 29 57
72 67 47 8 54 29 57 72 67 47 5 47 8 54 29 57
72 67 47 8 54 29 57 72 67 47 8 5 47 8 54 29 57
72 67 5 67 47 8 54 29 57 72 67 47 8 54 29 57
72 67 47 5 67 47 8 54 29 57 72 67 47 8 54 29 57
72 67 47 5 47 8 54 29 57 72 67 47 8 54 29 57
72 67 47 8 5 47 8 54 29 57 72 67 47 8 54 29 57

28 29 36 63 62 10 6 28 29 36 63 62 10 6
28 29 36 63 62 10 6 28 29 6 29 36 63 62 10 6
28 29 36 63 62 10 6 28 29 36 6 29 36 63 62 10 6
28 29 36 63 62 10 6 28 29 36 6 36 63 62 10 6
28 29 36 63 62 10 6 28 29 36 63 6 36 63 62 10 6
28 29 6 29 36 63 62 10 6 28 29 36 63 62 10 6
28 29 36 6 29 36 63 62 10 6 28 29 36 63 62 10 6
28 29 36 6 36 63 62 10 6 28 29 36 63 62 10 6
28 29 36 63 6 36 63 62 10 6 28 29 36 63 62 10 6

24 82 69 67 91 19 17 24 82 69 67 91 19 17
24 82 69 67 91 19 17 24 82 6 82 69 67 91 19 17
24 82 69 67 91 19 17 24 82 69 6 82 69 67 91 19 17
24 82 69 67 91 19 17 24 82 69 6 69 67 91 19 17
24 82 69 67 91 19 17 24 82 69 67 6 69 67 91 19 17
24 82 6 82 69 67 91 19 17 24 82 69 67 91 19 17
24 82 69 6 82 69 67 91 19 17 24 82 69 67 91 19 17
24 82 69 6 69 67 91 19 17 24 82 69 67 91 19 17
24 82 69 67 6 69 67 91 19 17 24 82 69 67 91 19 17

42 30 51 13 65 9 62 42 30 51 13 65 9 62
42 30 51 13 65 9 62 42 30 19 30 51 13 65 9 62
42 30 51 13 65 9 62 42 30 51 19 30 51 13 65 9 62
42 30 51 13 65 9 62 42 30 51 19 51 13 65 9 62
42 30 51 13 65 9 62 42 30 51 13 19 51 13 65 9 62
42 30 19 30 51 13 65 9 62 42 30 51 13 65 9 62
42 30 51 19 30 51 13 65 9 62 42 30 51 13 65 9 62
42 30 51 19 51 13 65 9 62 42 30 51 13 65 9 62
42 30 51 13 19 51 13 65 9 62 42 30 51 13 65 9 62

14 9 49 96 49 70 25 14 9 49 96 49 70 25
14 9 49 96 49 70 25 14 9 17 9 49 96 49 70 25
14 9 49 96 49 70 25 14 9 49 17 9 49 96 49 70 25
14 9 49 96 49 70 25 14 9 49 17 49 96 49 70 25
14 9 49 96 49 70 25 14 9 49 96 17 49 96 49 70 25
14 9 17 9 49 96 49 70 25 14 9 49 96 49 70 25
14 9 49 17 9 49 96 49 70 25 14 9 49 96 49 70 25
14 9 49 17 49 96 49 70 25 14 9 49 96 49 70 25
14 9 49 96 17 49 96 49 70 25 14 9 49 96 49 70 25

30 36 23 77 96 22 76 30 36 23 77 96 22 76
30 36 23 77 96 22 76 30 36 12 36 23 77 96 22 76
30 36 23 77 96 22 76 30 36 23 12 36 23 77 96 22 76
30 36 23 77 96 22 76 30 36 23 12 23 77 96 22 76
30 36 23 77 96 22 76 30 36 23 77 12 23 77 96 22 76
30 36 12 36 23 77 96 22 76 30 36 23 77 96 22 76
30 36 23 12 36 23 77 96 22 76 30 36 23 77 96 22 76
30 36 23 12 23 77 96 22 76 30 36 23 77 96 22 76
30 36 23 77 12 23 77 96 22 76 30 36 23 77 96 22 76

59 78 80 22 74 63 95 59 78 80 22 74 63 95
59 78 80 22 74 63 95 59 78 16 78 80 22 74 63 95
59 78 80 22 74 63 95 59 78 80 16 78 80 22 74 63 95
59 78 80 22 74 63 95 59 78 80 16 80 22 74 63 95
59 78 80 22 74 63 95 59 78 80 22 16 80 22 74 63 95
59 78 16 78 80 22 74 63 95 59 78 80 22 74 63 95
59 78 80 16 78 80 22 74 63 95 59 78 80 22 74 63 95
59 78 80 16 80 22 74 63 95 59 78 80 22 74 63 95
59 78 80 22 16 80 22 74 63 95 59 78 80 22 74 63 95

