100
7
2
2

17
13
12
22
26
26
20
28
23
26
7
22
20
3
4
20
21
25
28
13
10
7
8
16
17
25
30
9
30
5
27
29
18
21
24
8
12
9
29
18
24
17
0
9
1
12
19
25
3
24
22
30
12
8
8
25
2
14
1
24
11
4
4
25
21
16
17
23
8
7
12
8
14
26
29
16
1
0
4
17
23
0
11
27
18
17
22
20
4
9
26
12
3
27
0
10
26
4
1
25

45 94 
81 94 
40 95 
43 115 
95 84 
90 97 
32 105 
50 46 
74 61 
50 63 
106 60 
79 77 
19 52 
28 79 
11 43 
52 95 
68 79 
74 21 
32 39 
42 67 
18 101 
71 64 
66 48 
79 61 
53 67 
57 68 
33 69 
43 83 
60 96 
25 51 
35 107 
104 116 
99 85 
56 110 
92 42 
27 71 
111 79 
39 73 
36 61 
105 74 
21 86 
54 84 
55 72 
39 36 
51 16 
41 112 
89 23 
44 44 
78 72 
104 42 
68 66 
102 106 
55 106 
27 34 
109 80 
36 38 
62 110 
18 97 
36 112 
26 102 
104 66 
59 86 
60 94 
57 95 
74 85 
28 59 
22 76 
61 87 
28 77 
44 57 
32 55 
70 64 
17 98 
50 31 
95 22 
95 33 
73 40 
116 46 
50 95 
94 42 
107 62 
74 105 
46 75 
101 43 
104 26 
82 87 
23 36 
106 41 
101 69 
18 95 
65 51 
110 51 
26 23 
65 70 
75 81 
55 28 
38 90 
98 85 
72 47 
100 101 

2489
1979
1649
1988
2204
1786
2034
1950
1887
1514
2474
1799
1509
1363
1386
1879
2047
2240
1527
1714
1451
2678
1721
1896
2199
1541
2031
1945
2532
1867
2051
2435
1916
2306
1813
1700
1914
1965
1597
1768
1388
2176
1643
1611
1213
1556
2204
1263
2011
1193
2020
1986
2116
1399
1903
1274
2124
1908
2008
2240
2157
1958
1591
2367
2045
1723
1519
2042
1928
1333
1890
2117
1786
1606
2035
1736
2106
1917
2569
2038
2438
1935
2185
1217
1732
1886
1443
1704
2289
2186
1776
1598
1591
1913
2326
1000
1862
2534
1875
2650

1 2 3 4 5 1 2 3 4 5 6 7
1 2 3 4 5 1 2 100 102 3 4 5 6 7
1 2 3 4 5 1 2 3 100 102 103 4 5 6 7
1 2 3 4 5 1 2 3 100 103 4 5 6 7
1 2 3 4 5 1 2 3 4 100 103 104 5 6 7
1 2 100 102 3 4 5 1 2 3 4 5 6 7
1 2 3 100 102 103 4 5 1 2 3 4 5 6 7
1 2 3 100 103 4 5 1 2 3 4 5 6 7
1 2 3 4 100 103 104 5 1 2 3 4 5 6 7

55 70 30 87 96 97 74 55 70 30 87 96 97 74
55 70 30 87 96 97 74 55 70 10 70 30 87 96 97 74
55 70 30 87 96 97 74 55 70 30 10 70 30 87 96 97 74
55 70 30 87 96 97 74 55 70 30 10 30 87 96 97 74
55 70 30 87 96 97 74 55 70 30 87 10 30 87 96 97 74
55 70 10 70 30 87 96 97 74 55 70 30 87 96 97 74
55 70 30 10 70 30 87 96 97 74 55 70 30 87 96 97 74
55 70 30 10 30 87 96 97 74 55 70 30 87 96 97 74
55 70 30 87 10 30 87 96 97 74 55 70 30 87 96 97 74

99 16 71 80 25 11 79 99 16 71 80 25 11 79
99 16 71 80 25 11 79 99 16 12 16 71 80 25 11 79
99 16 71 80 25 11 79 99 16 71 12 16 71 80 25 11 79
99 16 71 80 25 11 79 99 16 71 12 71 80 25 11 79
99 16 71 80 25 11 79 99 16 71 80 12 71 80 25 11 79
99 16 12 16 71 80 25 11 79 99 16 71 80 25 11 79
99 16 71 12 16 71 80 25 11 79 99 16 71 80 25 11 79
99 16 71 12 71 80 25 11 79 99 16 71 80 25 11 79
99 16 71 80 12 71 80 25 11 79 99 16 71 80 25 11 79

42 74 21 85 16 73 19 42 74 21 85 16 73 19
42 74 21 85 16 73 19 42 74 14 74 21 85 16 73 19
42 74 21 85 16 73 19 42 74 21 14 74 21 85 16 73 19
42 74 21 85 16 73 19 42 74 21 14 21 85 16 73 19
42 74 21 85 16 73 19 42 74 21 85 14 21 85 16 73 19
42 74 14 74 21 85 16 73 19 42 74 21 85 16 73 19
42 74 21 14 74 21 85 16 73 19 42 74 21 85 16 73 19
42 74 21 14 21 85 16 73 19 42 74 21 85 16 73 19
42 74 21 85 14 21 85 16 73 19 42 74 21 85 16 73 19

23 55 32 100 73 93 18 23 55 32 100 73 93 18
23 55 32 100 73 93 18 23 55 15 55 32 100 73 93 18
23 55 32 100 73 93 18 23 55 32 15 55 32 100 73 93 18
23 55 32 100 73 93 18 23 55 32 15 32 100 73 93 18
23 55 32 100 73 93 18 23 55 32 100 15 32 100 73 93 18
23 55 15 55 32 100 73 93 18 23 55 32 100 73 93 18
23 55 32 15 55 32 100 73 93 18 23 55 32 100 73 93 18
23 55 32 15 32 100 73 93 18 23 55 32 100 73 93 18
23 55 32 100 15 32 100 73 93 18 23 55 32 100 73 93 18

44 56 87 68 94 17 38 44 56 87 68 94 17 38
44 56 87 68 94 17 38 44 56 6 56 87 68 94 17 38
44 56 87 68 94 17 38 44 56 87 6 56 87 68 94 17 38
44 56 87 68 94 17 38 44 56 87 6 87 68 94 17 38
44 56 87 68 94 17 38 44 56 87 68 6 87 68 94 17 38
44 56 6 56 87 68 94 17 38 44 56 87 68 94 17 38
44 56 87 6 56 87 68 94 17 38 44 56 87 68 94 17 38
44 56 87 6 87 68 94 17 38 44 56 87 68 94 17 38
44 56 87 68 6 87 68 94 17 38 44 56 87 68 94 17 38

61 19 75 78 27 51 31 61 19 75 78 27 51 31
61 19 75 78 27 51 31 61 19 19 19 75 78 27 51 31
61 19 75 78 27 51 31 61 19 75 19 19 75 78 27 51 31
61 19 75 78 27 51 31 61 19 75 19 75 78 27 51 31
61 19 75 78 27 51 31 61 19 75 78 19 75 78 27 51 31
61 19 19 19 75 78 27 51 31 61 19 75 78 27 51 31
61 19 75 19 19 75 78 27 51 31 61 19 75 78 27 51 31
61 19 75 19 75 78 27 51 31 61 19 75 78 27 51 31
61 19 75 78 19 75 78 27 51 31 61 19 75 78 27 51 31

74 33 18 94 63 37 90 74 33 18 94 63 37 90
74 33 18 94 63 37 90 74 33 8 33 18 94 63 37 90
74 33 18 94 63 37 90 74 33 18 8 33 18 94 63 37 90
74 33 18 94 63 37 90 74 33 18 8 18 94 63 37 90
74 33 18 94 63 37 90 74 33 18 94 8 18 94 63 37 90
74 33 8 33 18 94 63 37 90 74 33 18 94 63 37 90
74 33 18 8 33 18 94 63 37 90 74 33 18 94 63 37 90
74 33 18 8 18 94 63 37 90 74 33 18 94 63 37 90
74 33 18 94 8 18 94 63 37 90 74 33 18 94 63 37 90

82 56 41 35 72 12 79 82 56 41 35 72 12 79
82 56 41 35 72 12 79 82 56 11 56 41 35 72 12 79
82 56 41 35 72 12 79 82 56 41 11 56 41 35 72 12 79
82 56 41 35 72 12 79 82 56 41 11 41 35 72 12 79
82 56 41 35 72 12 79 82 56 41 35 11 41 35 72 12 79
82 56 11 56 41 35 72 12 79 82 56 41 35 72 12 79
82 56 41 11 56 41 35 72 12 79 82 56 41 35 72 12 79
82 56 41 11 41 35 72 12 79 82 56 41 35 72 12 79
82 56 41 35 11 41 35 72 12 79 82 56 41 35 72 12 79

88 42 55 42 42 20 82 88 42 55 42 42 20 82
88 42 55 42 42 20 82 88 42 10 42 55 42 42 20 82
88 42 55 42 42 20 82 88 42 55 10 42 55 42 42 20 82
88 42 55 42 42 20 82 88 42 55 10 55 42 42 20 82
88 42 55 42 42 20 82 88 42 55 42 10 55 42 42 20 82
88 42 10 42 55 42 42 20 82 88 42 55 42 42 20 82
88 42 55 10 42 55 42 42 20 82 88 42 55 42 42 20 82
88 42 55 10 55 42 42 20 82 88 42 55 42 42 20 82
88 42 55 42 10 55 42 42 20 82 88 42 55 42 42 20 82

48 16 38 44 41 44 97 48 16 38 44 41 44 97
48 16 38 44 41 44 97 48 16 19 16 38 44 41 44 97
48 16 38 44 41 44 97 48 16 38 19 16 38 44 41 44 97
48 16 38 44 41 44 97 48 16 38 19 38 44 41 44 97
48 16 38 44 41 44 97 48 16 38 44 19 38 44 41 44 97
48 16 19 16 38 44 41 44 97 48 16 38 44 41 44 97
48 16 38 19 16 38 44 41 44 97 48 16 38 44 41 44 97
48 16 38 19 38 44 41 44 97 48 16 38 44 41 44 97
48 16 38 44 19 38 44 41 44 97 48 16 38 44 41 44 97

52 65 96 47 62 92 100 52 65 96 47 62 92 100
52 65 96 47 62 92 100 52 65 5 65 96 47 62 92 100
52 65 96 47 62 92 100 52 65 96 5 65 96 47 62 92 100
52 65 96 47 62 92 100 52 65 96 5 96 47 62 92 100
52 65 96 47 62 92 100 52 65 96 47 5 96 47 62 92 100
52 65 5 65 96 47 62 92 100 52 65 96 47 62 92 100
52 65 96 5 65 96 47 62 92 100 52 65 96 47 62 92 100
52 65 96 5 96 47 62 92 100 52 65 96 47 62 92 100
52 65 96 47 5 96 47 62 92 100 52 65 96 47 62 92 100

48 7 70 72 44 78 48 48 7 70 72 44 78 48
48 7 70 72 44 78 48 48 7 17 7 70 72 44 78 48
48 7 70 72 44 78 48 48 7 70 17 7 70 72 44 78 48
48 7 70 72 44 78 48 48 7 70 17 70 72 44 78 48
48 7 70 72 44 78 48 48 7 70 72 17 70 72 44 78 48
48 7 17 7 70 72 44 78 48 48 7 70 72 44 78 48
48 7 70 17 7 70 72 44 78 48 48 7 70 72 44 78 48
48 7 70 17 70 72 44 78 48 48 7 70 72 44 78 48
48 7 70 72 17 70 72 44 78 48 48 7 70 72 44 78 48

13 95 11 36 49 75 38 13 95 11 36 49 75 38
13 95 11 36 49 75 38 13 95 18 95 11 36 49 75 38
13 95 11 36 49 75 38 13 95 11 18 95 11 36 49 75 38
13 95 11 36 49 75 38 13 95 11 18 11 36 49 75 38
13 95 11 36 49 75 38 13 95 11 36 18 11 36 49 75 38
13 95 18 95 11 36 49 75 38 13 95 11 36 49 75 38
13 95 11 18 95 11 36 49 75 38 13 95 11 36 49 75 38
13 95 11 18 11 36 49 75 38 13 95 11 36 49 75 38
13 95 11 36 18 11 36 49 75 38 13 95 11 36 49 75 38

5 18 17 64 46 84 91 5 18 17 64 46 84 91
5 18 17 64 46 84 91 5 18 5 18 17 64 46 84 91
5 18 17 64 46 84 91 5 18 17 5 18 17 64 46 84 91
5 18 17 64 46 84 91 5 18 17 5 17 64 46 84 91
5 18 17 64 46 84 91 5 18 17 64 5 17 64 46 84 91
5 18 5 18 17 64 46 84 91 5 18 17 64 46 84 91
5 18 17 5 18 17 64 46 84 91 5 18 17 64 46 84 91
5 18 17 5 17 64 46 84 91 5 18 17 64 46 84 91
5 18 17 64 5 17 64 46 84 91 5 18 17 64 46 84 91

94 12 5 37 41 44 63 94 12 5 37 41 44 63
94 12 5 37 41 44 63 94 12 12 12 5 37 41 44 63
94 12 5 37 41 44 63 94 12 5 12 12 5 37 41 44 63
94 12 5 37 41 44 63 94 12 5 12 5 37 41 44 63
94 12 5 37 41 44 63 94 12 5 37 12 5 37 41 44 63
94 12 12 12 5 37 41 44 63 94 12 5 37 41 44 63
94 12 5 12 12 5 37 41 44 63 94 12 5 37 41 44 63
94 12 5 12 5 37 41 44 63 94 12 5 37 41 44 63
94 12 5 37 12 5 37 41 44 63 94 12 5 37 41 44 63

52 39 40 85 64 12 73 52 39 40 85 64 12 73
52 39 40 85 64 12 73 52 39 20 39 40 85 64 12 73
52 39 40 85 64 12 73 52 39 40 20 39 40 85 64 12 73
52 39 40 85 64 12 73 52 39 40 20 40 85 64 12 73
52 39 40 85 64 12 73 52 39 40 85 20 40 85 64 12 73
52 39 20 39 40 85 64 12 73 52 39 40 85 64 12 73
52 39 40 20 39 40 85 64 12 73 52 39 40 85 64 12 73
52 39 40 20 40 85 64 12 73 52 39 40 85 64 12 73
52 39 40 85 20 40 85 64 12 73 52 39 40 85 64 12 73

94 73 59 65 5 44 75 94 73 59 65 5 44 75
94 73 59 65 5 44 75 94 73 8 73 59 65 5 44 75
94 73 59 65 5 44 75 94 73 59 8 73 59 65 5 44 75
94 73 59 65 5 44 75 94 73 59 8 59 65 5 44 75
94 73 59 65 5 44 75 94 73 59 65 8 59 65 5 44 75
94 73 8 73 59 65 5 44 75 94 73 59 65 5 44 75
94 73 59 8 73 59 65 5 44 75 94 73 59 65 5 44 75
94 73 59 8 59 65 5 44 75 94 73 59 65 5 44 75
94 73 59 65 8 59 65 5 44 75 94 73 59 65 5 44 75

89 95 62 11 79 69 13 89 95 62 11 79 69 13
89 95 62 11 79 69 13 89 95 10 95 62 11 79 69 13
89 95 62 11 79 69 13 89 95 62 10 95 62 11 79 69 13
89 95 62 11 79 69 13 89 95 62 10 62 11 79 69 13
89 95 62 11 79 69 13 89 95 62 11 10 62 11 79 69 13
89 95 10 95 62 11 79 69 13 89 95 62 11 79 69 13
89 95 62 10 95 62 11 79 69 13 89 95 62 11 79 69 13
89 95 62 10 62 11 79 69 13 89 95 62 11 79 69 13
89 95 62 11 10 62 11 79 69 13 89 95 62 11 79 69 13

34 80 25 33 58 16 31 34 80 25 33 58 16 31
34 80 25 33 58 16 31 34 80 18 80 25 33 58 16 31
34 80 25 33 58 16 31 34 80 25 18 80 25 33 58 16 31
34 80 25 33 58 16 31 34 80 25 18 25 33 58 16 31
34 80 25 33 58 16 31 34 80 25 33 18 25 33 58 16 31
34 80 18 80 25 33 58 16 31 34 80 25 33 58 16 31
34 80 25 18 80 25 33 58 16 31 34 80 25 33 58 16 31
34 80 25 18 25 33 58 16 31 34 80 25 33 58 16 31
34 80 25 33 18 25 33 58 16 31 34 80 25 33 58 16 31

73 78 22 47 13 31 97 73 78 22 47 13 31 97
73 78 22 47 13 31 97 73 78 11 78 22 47 13 31 97
73 78 22 47 13 31 97 73 78 22 11 78 22 47 13 31 97
73 78 22 47 13 31 97 73 78 22 11 22 47 13 31 97
73 78 22 47 13 31 97 73 78 22 47 11 22 47 13 31 97
73 78 11 78 22 47 13 31 97 73 78 22 47 13 31 97
73 78 22 11 78 22 47 13 31 97 73 78 22 47 13 31 97
73 78 22 11 22 47 13 31 97 73 78 22 47 13 31 97
73 78 22 47 11 22 47 13 31 97 73 78 22 47 13 31 97

88 42 6 85 21 5 16 88 42 6 85 21 5 16
88 42 6 85 21 5 16 88 42 11 42 6 85 21 5 16
88 42 6 85 21 5 16 88 42 6 11 42 6 85 21 5 16
88 42 6 85 21 5 16 88 42 6 11 6 85 21 5 16
88 42 6 85 21 5 16 88 42 6 85 11 6 85 21 5 16
88 42 11 42 6 85 21 5 16 88 42 6 85 21 5 16
88 42 6 11 42 6 85 21 5 16 88 42 6 85 21 5 16
88 42 6 11 6 85 21 5 16 88 42 6 85 21 5 16
88 42 6 85 11 6 85 21 5 16 88 42 6 85 21 5 16

88 99 57 49 97 39 87 88 99 57 49 97 39 87
88 99 57 49 97 39 87 88 99 19 99 57 49 97 39 87
88 99 57 49 97 39 87 88 99 57 19 99 57 49 97 39 87
88 99 57 49 97 39 87 88 99 57 19 57 49 97 39 87
88 99 57 49 97 39 87 88 99 57 49 19 57 49 97 39 87
88 99 19 99 57 49 97 39 87 88 99 57 49 97 39 87
88 99 57 19 99 57 49 97 39 87 88 99 57 49 97 39 87
88 99 57 19 57 49 97 39 87 88 99 57 49 97 39 87
88 99 57 49 19 57 49 97 39 87 88 99 57 49 97 39 87

54 89 46 41 19 88 6 54 89 46 41 19 88 6
54 89 46 41 19 88 6 54 89 16 89 46 41 19 88 6
54 89 46 41 19 88 6 54 89 46 16 89 46 41 19 88 6
54 89 46 41 19 88 6 54 89 46 16 46 41 19 88 6
54 89 46 41 19 88 6 54 89 46 41 16 46 41 19 88 6
54 89 16 89 46 41 19 88 6 54 89 46 41 19 88 6
54 89 46 16 89 46 41 19 88 6 54 89 46 41 19 88 6
54 89 46 16 46 41 19 88 6 54 89 46 41 19 88 6
54 89 46 41 16 46 41 19 88 6 54 89 46 41 19 88 6

23 72 62 52 61 41 78 23 72 62 52 61 41 78
23 72 62 52 61 41 78 23 72 5 72 62 52 61 41 78
23 72 62 52 61 41 78 23 72 62 5 72 62 52 61 41 78
23 72 62 52 61 41 78 23 72 62 5 62 52 61 41 78
23 72 62 52 61 41 78 23 72 62 52 5 62 52 61 41 78
23 72 5 72 62 52 61 41 78 23 72 62 52 61 41 78
23 72 62 5 72 62 52 61 41 78 23 72 62 52 61 41 78
23 72 62 5 62 52 61 41 78 23 72 62 52 61 41 78
23 72 62 52 5 62 52 61 41 78 23 72 62 52 61 41 78

82 98 44 54 30 47 84 82 98 44 54 30 47 84
82 98 44 54 30 47 84 82 98 5 98 44 54 30 47 84
82 98 44 54 30 47 84 82 98 44 5 98 44 54 30 47 84
82 98 44 54 30 47 84 82 98 44 5 44 54 30 47 84
82 98 44 54 30 47 84 82 98 44 54 5 44 54 30 47 84
82 98 5 98 44 54 30 47 84 82 98 44 54 30 47 84
82 98 44 5 98 44 54 30 47 84 82 98 44 54 30 47 84
82 98 44 5 44 54 30 47 84 82 98 44 54 30 47 84
82 98 44 54 5 44 54 30 47 84 82 98 44 54 30 47 84

33 42 52 50 24 91 22 33 42 52 50 24 91 22
33 42 52 50 24 91 22 33 42 6 42 52 50 24 91 22
33 42 52 50 24 91 22 33 42 52 6 42 52 50 24 91 22
33 42 52 50 24 91 22 33 42 52 6 52 50 24 91 22
33 42 52 50 24 91 22 33 42 52 50 6 52 50 24 91 22
33 42 6 42 52 50 24 91 22 33 42 52 50 24 91 22
33 42 52 6 42 52 50 24 91 22 33 42 52 50 24 91 22
33 42 52 6 52 50 24 91 22 33 42 52 50 24 91 22
33 42 52 50 6 52 50 24 91 22 33 42 52 50 24 91 22

65 51 27 52 53 93 97 65 51 27 52 53 93 97
65 51 27 52 53 93 97 65 51 12 51 27 52 53 93 97
65 51 27 52 53 93 97 65 51 27 12 51 27 52 53 93 97
65 51 27 52 53 93 97 65 51 27 12 27 52 53 93 97
65 51 27 52 53 93 97 65 51 27 52 12 27 52 53 93 97
65 51 12 51 27 52 53 93 97 65 51 27 52 53 93 97
65 51 27 12 51 27 52 53 93 97 65 51 27 52 53 93 97
65 51 27 12 27 52 53 93 97 65 51 27 52 53 93 97
65 51 27 52 12 27 52 53 93 97 65 51 27 52 53 93 97

79 11 32 76 61 81 75 79 11 32 76 61 81 75
79 11 32 76 61 81 75 79 11 6 11 32 76 61 81 75
79 11 32 76 61 81 75 79 11 32 6 11 32 76 61 81 75
79 11 32 76 61 81 75 79 11 32 6 32 76 61 81 75
79 11 32 76 61 81 75 79 11 32 76 6 32 76 61 81 75
79 11 6 11 32 76 61 81 75 79 11 32 76 61 81 75
79 11 32 6 11 32 76 61 81 75 79 11 32 76 61 81 75
79 11 32 6 32 76 61 81 75 79 11 32 76 61 81 75
79 11 32 76 6 32 76 61 81 75 79 11 32 76 61 81 75

72 31 50 84 91 98 97 72 31 50 84 91 98 97
72 31 50 84 91 98 97 72 31 12 31 50 84 91 98 97
72 31 50 84 91 98 97 72 31 50 12 31 50 84 91 98 97
72 31 50 84 91 98 97 72 31 50 12 50 84 91 98 97
72 31 50 84 91 98 97 72 31 50 84 12 50 84 91 98 97
72 31 12 31 50 84 91 98 97 72 31 50 84 91 98 97
72 31 50 12 31 50 84 91 98 97 72 31 50 84 91 98 97
72 31 50 12 50 84 91 98 97 72 31 50 84 91 98 97
72 31 50 84 12 50 84 91 98 97 72 31 50 84 91 98 97

89 67 6 43 85 59 11 89 67 6 43 85 59 11
89 67 6 43 85 59 11 89 67 11 67 6 43 85 59 11
89 67 6 43 85 59 11 89 67 6 11 67 6 43 85 59 11
89 67 6 43 85 59 11 89 67 6 11 6 43 85 59 11
89 67 6 43 85 59 11 89 67 6 43 11 6 43 85 59 11
89 67 11 67 6 43 85 59 11 89 67 6 43 85 59 11
89 67 6 11 67 6 43 85 59 11 89 67 6 43 85 59 11
89 67 6 11 6 43 85 59 11 89 67 6 43 85 59 11
89 67 6 43 11 6 43 85 59 11 89 67 6 43 85 59 11

83 30 29 87 60 33 78 83 30 29 87 60 33 78
83 30 29 87 60 33 78 83 30 17 30 29 87 60 33 78
83 30 29 87 60 33 78 83 30 29 17 30 29 87 60 33 78
83 30 29 87 60 33 78 83 30 29 17 29 87 60 33 78
83 30 29 87 60 33 78 83 30 29 87 17 29 87 60 33 78
83 30 17 30 29 87 60 33 78 83 30 29 87 60 33 78
83 30 29 17 30 29 87 60 33 78 83 30 29 87 60 33 78
83 30 29 17 29 87 60 33 78 83 30 29 87 60 33 78
83 30 29 87 17 29 87 60 33 78 83 30 29 87 60 33 78

39 96 87 99 27 75 51 39 96 87 99 27 75 51
39 96 87 99 27 75 51 39 96 11 96 87 99 27 75 51
39 96 87 99 27 75 51 39 96 87 11 96 87 99 27 75 51
39 96 87 99 27 75 51 39 96 87 11 87 99 27 75 51
39 96 87 99 27 75 51 39 96 87 99 11 87 99 27 75 51
39 96 11 96 87 99 27 75 51 39 96 87 99 27 75 51
39 96 87 11 96 87 99 27 75 51 39 96 87 99 27 75 51
39 96 87 11 87 99 27 75 51 39 96 87 99 27 75 51
39 96 87 99 11 87 99 27 75 51 39 96 87 99 27 75 51

75 51 83 75 18 17 46 75 51 83 75 18 17 46
75 51 83 75 18 17 46 75 51 6 51 83 75 18 17 46
75 51 83 75 18 17 46 75 51 83 6 51 83 75 18 17 46
75 51 83 75 18 17 46 75 51 83 6 83 75 18 17 46
75 51 83 75 18 17 46 75 51 83 75 6 83 75 18 17 46
75 51 6 51 83 75 18 17 46 75 51 83 75 18 17 46
75 51 83 6 51 83 75 18 17 46 75 51 83 75 18 17 46
75 51 83 6 83 75 18 17 46 75 51 83 75 18 17 46
75 51 83 75 6 83 75 18 17 46 75 51 83 75 18 17 46

57 65 45 91 76 52 60 57 65 45 91 76 52 60
57 65 45 91 76 52 60 57 65 13 65 45 91 76 52 60
57 65 45 91 76 52 60 57 65 45 13 65 45 91 76 52 60
57 65 45 91 76 52 60 57 65 45 13 45 91 76 52 60
57 65 45 91 76 52 60 57 65 45 91 13 45 91 76 52 60
57 65 13 65 45 91 76 52 60 57 65 45 91 76 52 60
57 65 45 13 65 45 91 76 52 60 57 65 45 91 76 52 60
57 65 45 13 45 91 76 52 60 57 65 45 91 76 52 60
57 65 45 91 13 45 91 76 52 60 57 65 45 91 76 52 60

62 36 74 22 50 78 56 62 36 74 22 50 78 56
62 36 74 22 50 78 56 62 36 13 36 74 22 50 78 56
62 36 74 22 50 78 56 62 36 74 13 36 74 22 50 78 56
62 36 74 22 50 78 56 62 36 74 13 74 22 50 78 56
62 36 74 22 50 78 56 62 36 74 22 13 74 22 50 78 56
62 36 13 36 74 22 50 78 56 62 36 74 22 50 78 56
62 36 74 13 36 74 22 50 78 56 62 36 74 22 50 78 56
62 36 74 13 74 22 50 78 56 62 36 74 22 50 78 56
62 36 74 22 13 74 22 50 78 56 62 36 74 22 50 78 56

94 45 21 51 6 58 89 94 45 21 51 6 58 89
94 45 21 51 6 58 89 94 45 10 45 21 51 6 58 89
94 45 21 51 6 58 89 94 45 21 10 45 21 51 6 58 89
94 45 21 51 6 58 89 94 45 21 10 21 51 6 58 89
94 45 21 51 6 58 89 94 45 21 51 10 21 51 6 58 89
94 45 10 45 21 51 6 58 89 94 45 21 51 6 58 89
94 45 21 10 45 21 51 6 58 89 94 45 21 51 6 58 89
94 45 21 10 21 51 6 58 89 94 45 21 51 6 58 89
94 45 21 51 10 21 51 6 58 89 94 45 21 51 6 58 89

79 27 91 63 13 70 51 79 27 91 63 13 70 51
79 27 91 63 13 70 51 79 27 6 27 91 63 13 70 51
79 27 91 63 13 70 51 79 27 91 6 27 91 63 13 70 51
79 27 91 63 13 70 51 79 27 91 6 91 63 13 70 51
79 27 91 63 13 70 51 79 27 91 63 6 91 63 13 70 51
79 27 6 27 91 63 13 70 51 79 27 91 63 13 70 51
79 27 91 6 27 91 63 13 70 51 79 27 91 63 13 70 51
79 27 91 6 91 63 13 70 51 79 27 91 63 13 70 51
79 27 91 63 6 91 63 13 70 51 79 27 91 63 13 70 51

27 69 27 61 66 94 71 27 69 27 61 66 94 71
27 69 27 61 66 94 71 27 69 14 69 27 61 66 94 71
27 69 27 61 66 94 71 27 69 27 14 69 27 61 66 94 71
27 69 27 61 66 94 71 27 69 27 14 27 61 66 94 71
27 69 27 61 66 94 71 27 69 27 61 14 27 61 66 94 71
27 69 14 69 27 61 66 94 71 27 69 27 61 66 94 71
27 69 27 14 69 27 61 66 94 71 27 69 27 61 66 94 71
27 69 27 14 27 61 66 94 71 27 69 27 61 66 94 71
27 69 27 61 14 27 61 66 94 71 27 69 27 61 66 94 71

26 91 26 53 23 66 42 26 91 26 53 23 66 42
26 91 26 53 23 66 42 26 91 14 91 26 53 23 66 42
26 91 26 53 23 66 42 26 91 26 14 91 26 53 23 66 42
26 91 26 53 23 66 42 26 91 26 14 26 53 23 66 42
26 91 26 53 23 66 42 26 91 26 53 14 26 53 23 66 42
26 91 14 91 26 53 23 66 42 26 91 26 53 23 66 42
26 91 26 14 91 26 53 23 66 42 26 91 26 53 23 66 42
26 91 26 14 26 53 23 66 42 26 91 26 53 23 66 42
26 91 26 53 14 26 53 23 66 42 26 91 26 53 23 66 42

24 30 85 65 13 65 97 24 30 85 65 13 65 97
24 30 85 65 13 65 97 24 30 10 30 85 65 13 65 97
24 30 85 65 13 65 97 24 30 85 10 30 85 65 13 65 97
24 30 85 65 13 65 97 24 30 85 10 85 65 13 65 97
24 30 85 65 13 65 97 24 30 85 65 10 85 65 13 65 97
24 30 10 30 85 65 13 65 97 24 30 85 65 13 65 97
24 30 85 10 30 85 65 13 65 97 24 30 85 65 13 65 97
24 30 85 10 85 65 13 65 97 24 30 85 65 13 65 97
24 30 85 65 10 85 65 13 65 97 24 30 85 65 13 65 97

21 50 5 76 22 35 88 21 50 5 76 22 35 88
21 50 5 76 22 35 88 21 50 5 50 5 76 22 35 88
21 50 5 76 22 35 88 21 50 5 5 50 5 76 22 35 88
21 50 5 76 22 35 88 21 50 5 5 5 76 22 35 88
21 50 5 76 22 35 88 21 50 5 76 5 5 76 22 35 88
21 50 5 50 5 76 22 35 88 21 50 5 76 22 35 88
21 50 5 5 50 5 76 22 35 88 21 50 5 76 22 35 88
21 50 5 5 5 76 22 35 88 21 50 5 76 22 35 88
21 50 5 76 5 5 76 22 35 88 21 50 5 76 22 35 88

19 71 49 69 93 73 75 19 71 49 69 93 73 75
19 71 49 69 93 73 75 19 71 14 71 49 69 93 73 75
19 71 49 69 93 73 75 19 71 49 14 71 49 69 93 73 75
19 71 49 69 93 73 75 19 71 49 14 49 69 93 73 75
19 71 49 69 93 73 75 19 71 49 69 14 49 69 93 73 75
19 71 14 71 49 69 93 73 75 19 71 49 69 93 73 75
19 71 49 14 71 49 69 93 73 75 19 71 49 69 93 73 75
19 71 49 14 49 69 93 73 75 19 71 49 69 93 73 75
19 71 49 69 14 49 69 93 73 75 19 71 49 69 93 73 75

44 31 46 57 80 24 28 44 31 46 57 80 24 28
44 31 46 57 80 24 28 44 31 13 31 46 57 80 24 28
44 31 46 57 80 24 28 44 31 46 13 31 46 57 80 24 28
44 31 46 57 80 24 28 44 31 46 13 46 57 80 24 28
44 31 46 57 80 24 28 44 31 46 57 13 46 57 80 24 28
44 31 13 31 46 57 80 24 28 44 31 46 57 80 24 28
44 31 46 13 31 46 57 80 24 28 44 31 46 57 80 24 28
44 31 46 13 46 57 80 24 28 44 31 46 57 80 24 28
44 31 46 57 13 46 57 80 24 28 44 31 46 57 80 24 28

92 42 29 21 41 76 24 92 42 29 21 41 76 24
92 42 29 21 41 76 24 92 42 7 42 29 21 41 76 24
92 42 29 21 41 76 24 92 42 29 7 42 29 21 41 76 24
92 42 29 21 41 76 24 92 42 29 7 29 21 41 76 24
92 42 29 21 41 76 24 92 42 29 21 7 29 21 41 76 24
92 42 7 42 29 21 41 76 24 92 42 29 21 41 76 24
92 42 29 7 42 29 21 41 76 24 92 42 29 21 41 76 24
92 42 29 7 29 21 41 76 24 92 42 29 21 41 76 24
92 42 29 21 7 29 21 41 76 24 92 42 29 21 41 76 24

60 16 45 6 34 34 66 60 16 45 6 34 34 66
60 16 45 6 34 34 66 60 16 17 16 45 6 34 34 66
60 16 45 6 34 34 66 60 16 45 17 16 45 6 34 34 66
60 16 45 6 34 34 66 60 16 45 17 45 6 34 34 66
60 16 45 6 34 34 66 60 16 45 6 17 45 6 34 34 66
60 16 17 16 45 6 34 34 66 60 16 45 6 34 34 66
60 16 45 17 16 45 6 34 34 66 60 16 45 6 34 34 66
60 16 45 17 45 6 34 34 66 60 16 45 6 34 34 66
60 16 45 6 17 45 6 34 34 66 60 16 45 6 34 34 66

21 11 36 98 71 7 50 21 11 36 98 71 7 50
21 11 36 98 71 7 50 21 11 8 11 36 98 71 7 50
21 11 36 98 71 7 50 21 11 36 8 11 36 98 71 7 50
21 11 36 98 71 7 50 21 11 36 8 36 98 71 7 50
21 11 36 98 71 7 50 21 11 36 98 8 36 98 71 7 50
21 11 8 11 36 98 71 7 50 21 11 36 98 71 7 50
21 11 36 8 11 36 98 71 7 50 21 11 36 98 71 7 50
21 11 36 8 36 98 71 7 50 21 11 36 98 71 7 50
21 11 36 98 8 36 98 71 7 50 21 11 36 98 71 7 50

93 80 75 15 86 10 51 93 80 75 15 86 10 51
93 80 75 15 86 10 51 93 80 19 80 75 15 86 10 51
93 80 75 15 86 10 51 93 80 75 19 80 75 15 86 10 51
93 80 75 15 86 10 51 93 80 75 19 75 15 86 10 51
93 80 75 15 86 10 51 93 80 75 15 19 75 15 86 10 51
93 80 19 80 75 15 86 10 51 93 80 75 15 86 10 51
93 80 75 19 80 75 15 86 10 51 93 80 75 15 86 10 51
93 80 75 19 75 15 86 10 51 93 80 75 15 86 10 51
93 80 75 15 19 75 15 86 10 51 93 80 75 15 86 10 51

17 55 25 33 26 21 87 17 55 25 33 26 21 87
17 55 25 33 26 21 87 17 55 13 55 25 33 26 21 87
17 55 25 33 26 21 87 17 55 25 13 55 25 33 26 21 87
17 55 25 33 26 21 87 17 55 25 13 25 33 26 21 87
17 55 25 33 26 21 87 17 55 25 33 13 25 33 26 21 87
17 55 13 55 25 33 26 21 87 17 55 25 33 26 21 87
17 55 25 13 55 25 33 26 21 87 17 55 25 33 26 21 87
17 55 25 13 25 33 26 21 87 17 55 25 33 26 21 87
17 55 25 33 13 25 33 26 21 87 17 55 25 33 26 21 87

62 39 71 61 46 47 95 62 39 71 61 46 47 95
62 39 71 61 46 47 95 62 39 15 39 71 61 46 47 95
62 39 71 61 46 47 95 62 39 71 15 39 71 61 46 47 95
62 39 71 61 46 47 95 62 39 71 15 71 61 46 47 95
62 39 71 61 46 47 95 62 39 71 61 15 71 61 46 47 95
62 39 15 39 71 61 46 47 95 62 39 71 61 46 47 95
62 39 71 15 39 71 61 46 47 95 62 39 71 61 46 47 95
62 39 71 15 71 61 46 47 95 62 39 71 61 46 47 95
62 39 71 61 15 71 61 46 47 95 62 39 71 61 46 47 95

44 11 98 31 5 6 27 44 11 98 31 5 6 27
44 11 98 31 5 6 27 44 11 13 11 98 31 5 6 27
44 11 98 31 5 6 27 44 11 98 13 11 98 31 5 6 27
44 11 98 31 5 6 27 44 11 98 13 98 31 5 6 27
44 11 98 31 5 6 27 44 11 98 31 13 98 31 5 6 27
44 11 13 11 98 31 5 6 27 44 11 98 31 5 6 27
44 11 98 13 11 98 31 5 6 27 44 11 98 31 5 6 27
44 11 98 13 98 31 5 6 27 44 11 98 31 5 6 27
44 11 98 31 13 98 31 5 6 27 44 11 98 31 5 6 27

62 48 62 50 93 48 20 62 48 62 50 93 48 20
62 48 62 50 93 48 20 62 48 13 48 62 50 93 48 20
62 48 62 50 93 48 20 62 48 62 13 48 62 50 93 48 20
62 48 62 50 93 48 20 62 48 62 13 62 50 93 48 20
62 48 62 50 93 48 20 62 48 62 50 13 62 50 93 48 20
62 48 13 48 62 50 93 48 20 62 48 62 50 93 48 20
62 48 62 13 48 62 50 93 48 20 62 48 62 50 93 48 20
62 48 62 13 62 50 93 48 20 62 48 62 50 93 48 20
62 48 62 50 13 62 50 93 48 20 62 48 62 50 93 48 20

13 51 89 98 58 37 14 13 51 89 98 58 37 14
13 51 89 98 58 37 14 13 51 8 51 89 98 58 37 14
13 51 89 98 58 37 14 13 51 89 8 51 89 98 58 37 14
13 51 89 98 58 37 14 13 51 89 8 89 98 58 37 14
13 51 89 98 58 37 14 13 51 89 98 8 89 98 58 37 14
13 51 8 51 89 98 58 37 14 13 51 89 98 58 37 14
13 51 89 8 51 89 98 58 37 14 13 51 89 98 58 37 14
13 51 89 8 89 98 58 37 14 13 51 89 98 58 37 14
13 51 89 98 8 89 98 58 37 14 13 51 89 98 58 37 14

65 81 49 91 43 21 37 65 81 49 91 43 21 37
65 81 49 91 43 21 37 65 81 10 81 49 91 43 21 37
65 81 49 91 43 21 37 65 81 49 10 81 49 91 43 21 37
65 81 49 91 43 21 37 65 81 49 10 49 91 43 21 37
65 81 49 91 43 21 37 65 81 49 91 10 49 91 43 21 37
65 81 10 81 49 91 43 21 37 65 81 49 91 43 21 37
65 81 49 10 81 49 91 43 21 37 65 81 49 91 43 21 37
65 81 49 10 49 91 43 21 37 65 81 49 91 43 21 37
65 81 49 91 10 49 91 43 21 37 65 81 49 91 43 21 37

16 57 17 25 55 96 50 16 57 17 25 55 96 50
16 57 17 25 55 96 50 16 57 17 57 17 25 55 96 50
16 57 17 25 55 96 50 16 57 17 17 57 17 25 55 96 50
16 57 17 25 55 96 50 16 57 17 17 17 25 55 96 50
16 57 17 25 55 96 50 16 57 17 25 17 17 25 55 96 50
16 57 17 57 17 25 55 96 50 16 57 17 25 55 96 50
16 57 17 17 57 17 25 55 96 50 16 57 17 25 55 96 50
16 57 17 17 17 25 55 96 50 16 57 17 25 55 96 50
16 57 17 25 17 17 25 55 96 50 16 57 17 25 55 96 50

10 85 89 67 46 17 31 10 85 89 67 46 17 31
10 85 89 67 46 17 31 10 85 14 85 89 67 46 17 31
10 85 89 67 46 17 31 10 85 89 14 85 89 67 46 17 31
10 85 89 67 46 17 31 10 85 89 14 89 67 46 17 31
10 85 89 67 46 17 31 10 85 89 67 14 89 67 46 17 31
10 85 14 85 89 67 46 17 31 10 85 89 67 46 17 31
10 85 89 14 85 89 67 46 17 31 10 85 89 67 46 17 31
10 85 89 14 89 67 46 17 31 10 85 89 67 46 17 31
10 85 89 67 14 89 67 46 17 31 10 85 89 67 46 17 31

48 44 29 19 26 14 88 48 44 29 19 26 14 88
48 44 29 19 26 14 88 48 44 15 44 29 19 26 14 88
48 44 29 19 26 14 88 48 44 29 15 44 29 19 26 14 88
48 44 29 19 26 14 88 48 44 29 15 29 19 26 14 88
48 44 29 19 26 14 88 48 44 29 19 15 29 19 26 14 88
48 44 15 44 29 19 26 14 88 48 44 29 19 26 14 88
48 44 29 15 44 29 19 26 14 88 48 44 29 19 26 14 88
48 44 29 15 29 19 26 14 88 48 44 29 19 26 14 88
48 44 29 19 15 29 19 26 14 88 48 44 29 19 26 14 88

35 86 57 98 10 53 99 35 86 57 98 10 53 99
35 86 57 98 10 53 99 35 86 16 86 57 98 10 53 99
35 86 57 98 10 53 99 35 86 57 16 86 57 98 10 53 99
35 86 57 98 10 53 99 35 86 57 16 57 98 10 53 99
35 86 57 98 10 53 99 35 86 57 98 16 57 98 10 53 99
35 86 16 86 57 98 10 53 99 35 86 57 98 10 53 99
35 86 57 16 86 57 98 10 53 99 35 86 57 98 10 53 99
35 86 57 16 57 98 10 53 99 35 86 57 98 10 53 99
35 86 57 98 16 57 98 10 53 99 35 86 57 98 10 53 99

45 82 11 89 54 10 91 45 82 11 89 54 10 91
45 82 11 89 54 10 91 45 82 6 82 11 89 54 10 91
45 82 11 89 54 10 91 45 82 11 6 82 11 89 54 10 91
45 82 11 89 54 10 91 45 82 11 6 11 89 54 10 91
45 82 11 89 54 10 91 45 82 11 89 6 11 89 54 10 91
45 82 6 82 11 89 54 10 91 45 82 11 89 54 10 91
45 82 11 6 82 11 89 54 10 91 45 82 11 89 54 10 91
45 82 11 6 11 89 54 10 91 45 82 11 89 54 10 91
45 82 11 89 6 11 89 54 10 91 45 82 11 89 54 10 91

98 46 25 100 33 35 47 98 46 25 100 33 35 47
98 46 25 100 33 35 47 98 46 13 46 25 100 33 35 47
98 46 25 100 33 35 47 98 46 25 13 46 25 100 33 35 47
98 46 25 100 33 35 47 98 46 25 13 25 100 33 35 47
98 46 25 100 33 35 47 98 46 25 100 13 25 100 33 35 47
98 46 13 46 25 100 33 35 47 98 46 25 100 33 35 47
98 46 25 13 46 25 100 33 35 47 98 46 25 100 33 35 47
98 46 25 13 25 100 33 35 47 98 46 25 100 33 35 47
98 46 25 100 13 25 100 33 35 47 98 46 25 100 33 35 47

72 59 9 91 91 56 55 72 59 9 91 91 56 55
72 59 9 91 91 56 55 72 59 6 59 9 91 91 56 55
72 59 9 91 91 56 55 72 59 9 6 59 9 91 91 56 55
72 59 9 91 91 56 55 72 59 9 6 9 91 91 56 55
72 59 9 91 91 56 55 72 59 9 91 6 9 91 91 56 55
72 59 6 59 9 91 91 56 55 72 59 9 91 91 56 55
72 59 9 6 59 9 91 91 56 55 72 59 9 91 91 56 55
72 59 9 6 9 91 91 56 55 72 59 9 91 91 56 55
72 59 9 91 6 9 91 91 56 55 72 59 9 91 91 56 55

83 59 94 47 10 74 66 83 59 94 47 10 74 66
83 59 94 47 10 74 66 83 59 7 59 94 47 10 74 66
83 59 94 47 10 74 66 83 59 94 7 59 94 47 10 74 66
83 59 94 47 10 74 66 83 59 94 7 94 47 10 74 66
83 59 94 47 10 74 66 83 59 94 47 7 94 47 10 74 66
83 59 7 59 94 47 10 74 66 83 59 94 47 10 74 66
83 59 94 7 59 94 47 10 74 66 83 59 94 47 10 74 66
83 59 94 7 94 47 10 74 66 83 59 94 47 10 74 66
83 59 94 47 7 94 47 10 74 66 83 59 94 47 10 74 66

71 81 40 68 58 35 11 71 81 40 68 58 35 11
71 81 40 68 58 35 11 71 81 8 81 40 68 58 35 11
71 81 40 68 58 35 11 71 81 40 8 81 40 68 58 35 11
71 81 40 68 58 35 11 71 81 40 8 40 68 58 35 11
71 81 40 68 58 35 11 71 81 40 68 8 40 68 58 35 11
71 81 8 81 40 68 58 35 11 71 81 40 68 58 35 11
71 81 40 8 81 40 68 58 35 11 71 81 40 68 58 35 11
71 81 40 8 40 68 58 35 11 71 81 40 68 58 35 11
71 81 40 68 8 40 68 58 35 11 71 81 40 68 58 35 11

12 35 54 74 80 16 23 12 35 54 74 80 16 23
12 35 54 74 80 16 23 12 35 14 35 54 74 80 16 23
12 35 54 74 80 16 23 12 35 54 14 35 54 74 80 16 23
12 35 54 74 80 16 23 12 35 54 14 54 74 80 16 23
12 35 54 74 80 16 23 12 35 54 74 14 54 74 80 16 23
12 35 14 35 54 74 80 16 23 12 35 54 74 80 16 23
12 35 54 14 35 54 74 80 16 23 12 35 54 74 80 16 23
12 35 54 14 54 74 80 16 23 12 35 54 74 80 16 23
12 35 54 74 14 54 74 80 16 23 12 35 54 74 80 16 23

99 96 50 87 52 24 27 99 96 50 87 52 24 27
99 96 50 87 52 24 27 99 96 11 96 50 87 52 24 27
99 96 50 87 52 24 27 99 96 50 11 96 50 87 52 24 27
99 96 50 87 52 24 27 99 96 50 11 50 87 52 24 27
99 96 50 87 52 24 27 99 96 50 87 11 50 87 52 24 27
99 96 11 96 50 87 52 24 27 99 96 50 87 52 24 27
99 96 50 11 96 50 87 52 24 27 99 96 50 87 52 24 27
99 96 50 11 50 87 52 24 27 99 96 50 87 52 24 27
99 96 50 87 11 50 87 52 24 27 99 96 50 87 52 24 27

77 52 60 69 37 71 46 77 52 60 69 37 71 46
77 52 60 69 37 71 46 77 52 8 52 60 69 37 71 46
77 52 60 69 37 71 46 77 52 60 8 52 60 69 37 71 46
77 52 60 69 37 71 46 77 52 60 8 60 69 37 71 46
77 52 60 69 37 71 46 77 52 60 69 8 60 69 37 71 46
77 52 8 52 60 69 37 71 46 77 52 60 69 37 71 46
77 52 60 8 52 60 69 37 71 46 77 52 60 69 37 71 46
77 52 60 8 60 69 37 71 46 77 52 60 69 37 71 46
77 52 60 69 8 60 69 37 71 46 77 52 60 69 37 71 46

60 65 11 48 48 73 52 60 65 11 48 48 73 52
60 65 11 48 48 73 52 60 65 11 65 11 48 48 73 52
60 65 11 48 48 73 52 60 65 11 11 65 11 48 48 73 52
60 65 11 48 48 73 52 60 65 11 11 11 48 48 73 52
60 65 11 48 48 73 52 60 65 11 48 11 11 48 48 73 52
60 65 11 65 11 48 48 73 52 60 65 11 48 48 73 52
60 65 11 11 65 11 48 48 73 52 60 65 11 48 48 73 52
60 65 11 11 11 48 48 73 52 60 65 11 48 48 73 52
60 65 11 48 11 11 48 48 73 52 60 65 11 48 48 73 52

48 53 13 57 59 44 11 48 53 13 57 59 44 11
48 53 13 57 59 44 11 48 53 7 53 13 57 59 44 11
48 53 13 57 59 44 11 48 53 13 7 53 13 57 59 44 11
48 53 13 57 59 44 11 48 53 13 7 13 57 59 44 11
48 53 13 57 59 44 11 48 53 13 57 7 13 57 59 44 11
48 53 7 53 13 57 59 44 11 48 53 13 57 59 44 11
48 53 13 7 53 13 57 59 44 11 48 53 13 57 59 44 11
48 53 13 7 13 57 59 44 11 48 53 13 57 59 44 11
48 53 13 57 7 13 57 59 44 11 48 53 13 57 59 44 11

93 63 43 76 42 35 35 93 63 43 76 42 35 35
93 63 43 76 42 35 35 93 63 7 63 43 76 42 35 35
93 63 43 76 42 35 35 93 63 43 7 63 43 76 42 35 35
93 63 43 76 42 35 35 93 63 43 7 43 76 42 35 35
93 63 43 76 42 35 35 93 63 43 76 7 43 76 42 35 35
93 63 7 63 43 76 42 35 35 93 63 43 76 42 35 35
93 63 43 7 63 43 76 42 35 35 93 63 43 76 42 35 35
93 63 43 7 43 76 42 35 35 93 63 43 76 42 35 35
93 63 43 76 7 43 76 42 35 35 93 63 43 76 42 35 35

49 97 9 60 72 23 61 49 97 9 60 72 23 61
49 97 9 60 72 23 61 49 97 9 97 9 60 72 23 61
49 97 9 60 72 23 61 49 97 9 9 97 9 60 72 23 61
49 97 9 60 72 23 61 49 97 9 9 9 60 72 23 61
49 97 9 60 72 23 61 49 97 9 60 9 9 60 72 23 61
49 97 9 97 9 60 72 23 61 49 97 9 60 72 23 61
49 97 9 9 97 9 60 72 23 61 49 97 9 60 72 23 61
49 97 9 9 9 60 72 23 61 49 97 9 60 72 23 61
49 97 9 60 9 9 60 72 23 61 49 97 9 60 72 23 61

40 6 28 42 54 37 80 40 6 28 42 54 37 80
40 6 28 42 54 37 80 40 6 11 6 28 42 54 37 80
40 6 28 42 54 37 80 40 6 28 11 6 28 42 54 37 80
40 6 28 42 54 37 80 40 6 28 11 28 42 54 37 80
40 6 28 42 54 37 80 40 6 28 42 11 28 42 54 37 80
40 6 11 6 28 42 54 37 80 40 6 28 42 54 37 80
40 6 28 11 6 28 42 54 37 80 40 6 28 42 54 37 80
40 6 28 11 28 42 54 37 80 40 6 28 42 54 37 80
40 6 28 42 11 28 42 54 37 80 40 6 28 42 54 37 80

37 83 18 50 90 19 83 37 83 18 50 90 19 83
37 83 18 50 90 19 83 37 83 19 83 18 50 90 19 83
37 83 18 50 90 19 83 37 83 18 19 83 18 50 90 19 83
37 83 18 50 90 19 83 37 83 18 19 18 50 90 19 83
37 83 18 50 90 19 83 37 83 18 50 19 18 50 90 19 83
37 83 19 83 18 50 90 19 83 37 83 18 50 90 19 83
37 83 18 19 83 18 50 90 19 83 37 83 18 50 90 19 83
37 83 18 19 18 50 90 19 83 37 83 18 50 90 19 83
37 83 18 50 19 18 50 90 19 83 37 83 18 50 90 19 83

67 66 65 58 84 29 32 67 66 65 58 84 29 32
67 66 65 58 84 29 32 67 66 9 66 65 58 84 29 32
67 66 65 58 84 29 32 67 66 65 9 66 65 58 84 29 32
67 66 65 58 84 29 32 67 66 65 9 65 58 84 29 32
67 66 65 58 84 29 32 67 66 65 58 9 65 58 84 29 32
67 66 9 66 65 58 84 29 32 67 66 65 58 84 29 32
67 66 65 9 66 65 58 84 29 32 67 66 65 58 84 29 32
67 66 65 9 65 58 84 29 32 67 66 65 58 84 29 32
67 66 65 58 9 65 58 84 29 32 67 66 65 58 84 29 32

89 64 8 93 19 39 24 89 64 8 93 19 39 24
89 64 8 93 19 39 24 89 64 6 64 8 93 19 39 24
89 64 8 93 19 39 24 89 64 8 6 64 8 93 19 39 24
89 64 8 93 19 39 24 89 64 8 6 8 93 19 39 24
89 64 8 93 19 39 24 89 64 8 93 6 8 93 19 39 24
89 64 6 64 8 93 19 39 24 89 64 8 93 19 39 24
89 64 8 6 64 8 93 19 39 24 89 64 8 93 19 39 24
89 64 8 6 8 93 19 39 24 89 64 8 93 19 39 24
89 64 8 93 6 8 93 19 39 24 89 64 8 93 19 39 24

48 37 31 22 93 66 27 48 37 31 22 93 66 27
48 37 31 22 93 66 27 48 37 20 37 31 22 93 66 27
48 37 31 22 93 66 27 48 37 31 20 37 31 22 93 66 27
48 37 31 22 93 66 27 48 37 31 20 31 22 93 66 27
48 37 31 22 93 66 27 48 37 31 22 20 31 22 93 66 27
48 37 20 37 31 22 93 66 27 48 37 31 22 93 66 27
48 37 31 20 37 31 22 93 66 27 48 37 31 22 93 66 27
48 37 31 20 31 22 93 66 27 48 37 31 22 93 66 27
48 37 31 22 20 31 22 93 66 27 48 37 31 22 93 66 27

91 80 81 14 21 76 47 91 80 81 14 21 76 47
91 80 81 14 21 76 47 91 80 10 80 81 14 21 76 47
91 80 81 14 21 76 47 91 80 81 10 80 81 14 21 76 47
91 80 81 14 21 76 47 91 80 81 10 81 14 21 76 47
91 80 81 14 21 76 47 91 80 81 14 10 81 14 21 76 47
91 80 10 80 81 14 21 76 47 91 80 81 14 21 76 47
91 80 81 10 80 81 14 21 76 47 91 80 81 14 21 76 47
91 80 81 10 81 14 21 76 47 91 80 81 14 21 76 47
91 80 81 14 10 81 14 21 76 47 91 80 81 14 21 76 47

67 31 82 26 75 25 10 67 31 82 26 75 25 10
67 31 82 26 75 25 10 67 31 10 31 82 26 75 25 10
67 31 82 26 75 25 10 67 31 82 10 31 82 26 75 25 10
67 31 82 26 75 25 10 67 31 82 10 82 26 75 25 10
67 31 82 26 75 25 10 67 31 82 26 10 82 26 75 25 10
67 31 10 31 82 26 75 25 10 67 31 82 26 75 25 10
67 31 82 10 31 82 26 75 25 10 67 31 82 26 75 25 10
67 31 82 10 82 26 75 25 10 67 31 82 26 75 25 10
67 31 82 26 10 82 26 75 25 10 67 31 82 26 75 25 10

81 79 55 31 44 87 58 81 79 55 31 44 87 58
81 79 55 31 44 87 58 81 79 6 79 55 31 44 87 58
81 79 55 31 44 87 58 81 79 55 6 79 55 31 44 87 58
81 79 55 31 44 87 58 81 79 55 6 55 31 44 87 58
81 79 55 31 44 87 58 81 79 55 31 6 55 31 44 87 58
81 79 6 79 55 31 44 87 58 81 79 55 31 44 87 58
81 79 55 6 79 55 31 44 87 58 81 79 55 31 44 87 58
81 79 55 6 55 31 44 87 58 81 79 55 31 44 87 58
81 79 55 31 6 55 31 44 87 58 81 79 55 31 44 87 58

6 59 97 39 77 41 55 6 59 97 39 77 41 55
6 59 97 39 77 41 55 6 59 8 59 97 39 77 41 55
6 59 97 39 77 41 55 6 59 97 8 59 97 39 77 41 55
6 59 97 39 77 41 55 6 59 97 8 97 39 77 41 55
6 59 97 39 77 41 55 6 59 97 39 8 97 39 77 41 55
6 59 8 59 97 39 77 41 55 6 59 97 39 77 41 55
6 59 97 8 59 97 39 77 41 55 6 59 97 39 77 41 55
6 59 97 8 97 39 77 41 55 6 59 97 39 77 41 55
6 59 97 39 8 97 39 77 41 55 6 59 97 39 77 41 55

81 86 44 80 78 85 47 81 86 44 80 78 85 47
81 86 44 80 78 85 47 81 86 14 86 44 80 78 85 47
81 86 44 80 78 85 47 81 86 44 14 86 44 80 78 85 47
81 86 44 80 78 85 47 81 86 44 14 44 80 78 85 47
81 86 44 80 78 85 47 81 86 44 80 14 44 80 78 85 47
81 86 14 86 44 80 78 85 47 81 86 44 80 78 85 47
81 86 44 14 86 44 80 78 85 47 81 86 44 80 78 85 47
81 86 44 14 44 80 78 85 47 81 86 44 80 78 85 47
81 86 44 80 14 44 80 78 85 47 81 86 44 80 78 85 47

53 30 85 34 97 38 53 53 30 85 34 97 38 53
53 30 85 34 97 38 53 53 30 6 30 85 34 97 38 53
53 30 85 34 97 38 53 53 30 85 6 30 85 34 97 38 53
53 30 85 34 97 38 53 53 30 85 6 85 34 97 38 53
53 30 85 34 97 38 53 53 30 85 34 6 85 34 97 38 53
53 30 6 30 85 34 97 38 53 53 30 85 34 97 38 53
53 30 85 6 30 85 34 97 38 53 53 30 85 34 97 38 53
53 30 85 6 85 34 97 38 53 53 30 85 34 97 38 53
53 30 85 34 6 85 34 97 38 53 53 30 85 34 97 38 53

74 94 89 43 68 38 56 74 94 89 43 68 38 56
74 94 89 43 68 38 56 74 94 5 94 89 43 68 38 56
74 94 89 43 68 38 56 74 94 89 5 94 89 43 68 38 56
74 94 89 43 68 38 56 74 94 89 5 89 43 68 38 56
74 94 89 43 68 38 56 74 94 89 43 5 89 43 68 38 56
74 94 5 94 89 43 68 38 56 74 94 89 43 68 38 56
74 94 89 5 94 89 43 68 38 56 74 94 89 43 68 38 56
74 94 89 5 89 43 68 38 56 74 94 89 43 68 38 56
74 94 89 43 5 89 43 68 38 56 74 94 89 43 68 38 56

13 80 63 99 29 46 65 13 80 63 99 29 46 65
13 80 63 99 29 46 65 13 80 19 80 63 99 29 46 65
13 80 63 99 29 46 65 13 80 63 19 80 63 99 29 46 65
13 80 63 99 29 46 65 13 80 63 19 63 99 29 46 65
13 80 63 99 29 46 65 13 80 63 99 19 63 99 29 46 65
13 80 19 80 63 99 29 46 65 13 80 63 99 29 46 65
13 80 63 19 80 63 99 29 46 65 13 80 63 99 29 46 65
13 80 63 19 63 99 29 46 65 13 80 63 99 29 46 65
13 80 63 99 19 63 99 29 46 65 13 80 63 99 29 46 65

96 92 31 67 40 18 91 96 92 31 67 40 18 91
96 92 31 67 40 18 91 96 92 18 92 31 67 40 18 91
96 92 31 67 40 18 91 96 92 31 18 92 31 67 40 18 91
96 92 31 67 40 18 91 96 92 31 18 31 67 40 18 91
96 92 31 67 40 18 91 96 92 31 67 18 31 67 40 18 91
96 92 18 92 31 67 40 18 91 96 92 31 67 40 18 91
96 92 31 18 92 31 67 40 18 91 96 92 31 67 40 18 91
96 92 31 18 31 67 40 18 91 96 92 31 67 40 18 91
96 92 31 67 18 31 67 40 18 91 96 92 31 67 40 18 91

24 7 92 25 5 61 41 24 7 92 25 5 61 41
24 7 92 25 5 61 41 24 7 14 7 92 25 5 61 41
24 7 92 25 5 61 41 24 7 92 14 7 92 25 5 61 41
24 7 92 25 5 61 41 24 7 92 14 92 25 5 61 41
24 7 92 25 5 61 41 24 7 92 25 14 92 25 5 61 41
24 7 14 7 92 25 5 61 41 24 7 92 25 5 61 41
24 7 92 14 7 92 25 5 61 41 24 7 92 25 5 61 41
24 7 92 14 92 25 5 61 41 24 7 92 25 5 61 41
24 7 92 25 14 92 25 5 61 41 24 7 92 25 5 61 41

25 100 98 8 62 5 8 25 100 98 8 62 5 8
25 100 98 8 62 5 8 25 100 18 100 98 8 62 5 8
25 100 98 8 62 5 8 25 100 98 18 100 98 8 62 5 8
25 100 98 8 62 5 8 25 100 98 18 98 8 62 5 8
25 100 98 8 62 5 8 25 100 98 8 18 98 8 62 5 8
25 100 18 100 98 8 62 5 8 25 100 98 8 62 5 8
25 100 98 18 100 98 8 62 5 8 25 100 98 8 62 5 8
25 100 98 18 98 8 62 5 8 25 100 98 8 62 5 8
25 100 98 8 18 98 8 62 5 8 25 100 98 8 62 5 8

48 35 63 81 67 26 31 48 35 63 81 67 26 31
48 35 63 81 67 26 31 48 35 10 35 63 81 67 26 31
48 35 63 81 67 26 31 48 35 63 10 35 63 81 67 26 31
48 35 63 81 67 26 31 48 35 63 10 63 81 67 26 31
48 35 63 81 67 26 31 48 35 63 81 10 63 81 67 26 31
48 35 10 35 63 81 67 26 31 48 35 63 81 67 26 31
48 35 63 10 35 63 81 67 26 31 48 35 63 81 67 26 31
48 35 63 10 63 81 67 26 31 48 35 63 81 67 26 31
48 35 63 81 10 63 81 67 26 31 48 35 63 81 67 26 31

8 95 17 28 23 53 91 8 95 17 28 23 53 91
8 95 17 28 23 53 91 8 95 14 95 17 28 23 53 91
8 95 17 28 23 53 91 8 95 17 14 95 17 28 23 53 91
8 95 17 28 23 53 91 8 95 17 14 17 28 23 53 91
8 95 17 28 23 53 91 8 95 17 28 14 17 28 23 53 91
8 95 14 95 17 28 23 53 91 8 95 17 28 23 53 91
8 95 17 14 95 17 28 23 53 91 8 95 17 28 23 53 91
8 95 17 14 17 28 23 53 91 8 95 17 28 23 53 91
8 95 17 28 14 17 28 23 53 91 8 95 17 28 23 53 91

34 56 99 25 8 42 85 34 56 99 25 8 42 85
34 56 99 25 8 42 85 34 56 17 56 99 25 8 42 85
34 56 99 25 8 42 85 34 56 99 17 56 99 25 8 42 85
34 56 99 25 8 42 85 34 56 99 17 99 25 8 42 85
34 56 99 25 8 42 85 34 56 99 25 17 99 25 8 42 85
34 56 17 56 99 25 8 42 85 34 56 99 25 8 42 85
34 56 99 17 56 99 25 8 42 85 34 56 99 25 8 42 85
34 56 99 17 99 25 8 42 85 34 56 99 25 8 42 85
34 56 99 25 17 99 25 8 42 85 34 56 99 25 8 42 85

54 99 90 56 32 40 95 54 99 90 56 32 40 95
54 99 90 56 32 40 95 54 99 19 99 90 56 32 40 95
54 99 90 56 32 40 95 54 99 90 19 99 90 56 32 40 95
54 99 90 56 32 40 95 54 99 90 19 90 56 32 40 95
54 99 90 56 32 40 95 54 99 90 56 19 90 56 32 40 95
54 99 19 99 90 56 32 40 95 54 99 90 56 32 40 95
54 99 90 19 99 90 56 32 40 95 54 99 90 56 32 40 95
54 99 90 19 90 56 32 40 95 54 99 90 56 32 40 95
54 99 90 56 19 90 56 32 40 95 54 99 90 56 32 40 95

52 91 12 76 95 17 88 52 91 12 76 95 17 88
52 91 12 76 95 17 88 52 91 7 91 12 76 95 17 88
52 91 12 76 95 17 88 52 91 12 7 91 12 76 95 17 88
52 91 12 76 95 17 88 52 91 12 7 12 76 95 17 88
52 91 12 76 95 17 88 52 91 12 76 7 12 76 95 17 88
52 91 7 91 12 76 95 17 88 52 91 12 76 95 17 88
52 91 12 7 91 12 76 95 17 88 52 91 12 76 95 17 88
52 91 12 7 12 76 95 17 88 52 91 12 76 95 17 88
52 91 12 76 7 12 76 95 17 88 52 91 12 76 95 17 88

46 48 46 43 88 41 19 46 48 46 43 88 41 19
46 48 46 43 88 41 19 46 48 8 48 46 43 88 41 19
46 48 46 43 88 41 19 46 48 46 8 48 46 43 88 41 19
46 48 46 43 88 41 19 46 48 46 8 46 43 88 41 19
46 48 46 43 88 41 19 46 48 46 43 8 46 43 88 41 19
46 48 8 48 46 43 88 41 19 46 48 46 43 88 41 19
46 48 46 8 48 46 43 88 41 19 46 48 46 43 88 41 19
46 48 46 8 46 43 88 41 19 46 48 46 43 88 41 19
46 48 46 43 8 46 43 88 41 19 46 48 46 43 88 41 19

14 73 96 38 7 25 57 14 73 96 38 7 25 57
14 73 96 38 7 25 57 14 73 17 73 96 38 7 25 57
14 73 96 38 7 25 57 14 73 96 17 73 96 38 7 25 57
14 73 96 38 7 25 57 14 73 96 17 96 38 7 25 57
14 73 96 38 7 25 57 14 73 96 38 17 96 38 7 25 57
14 73 17 73 96 38 7 25 57 14 73 96 38 7 25 57
14 73 96 17 73 96 38 7 25 57 14 73 96 38 7 25 57
14 73 96 17 96 38 7 25 57 14 73 96 38 7 25 57
14 73 96 38 17 96 38 7 25 57 14 73 96 38 7 25 57

95 93 10 14 25 62 20 95 93 10 14 25 62 20
95 93 10 14 25 62 20 95 93 19 93 10 14 25 62 20
95 93 10 14 25 62 20 95 93 10 19 93 10 14 25 62 20
95 93 10 14 25 62 20 95 93 10 19 10 14 25 62 20
95 93 10 14 25 62 20 95 93 10 14 19 10 14 25 62 20
95 93 19 93 10 14 25 62 20 95 93 10 14 25 62 20
95 93 10 19 93 10 14 25 62 20 95 93 10 14 25 62 20
95 93 10 19 10 14 25 62 20 95 93 10 14 25 62 20
95 93 10 14 19 10 14 25 62 20 95 93 10 14 25 62 20

64 90 50 63 12 77 21 64 90 50 63 12 77 21
64 90 50 63 12 77 21 64 90 10 90 50 63 12 77 21
64 90 50 63 12 77 21 64 90 50 10 90 50 63 12 77 21
64 90 50 63 12 77 21 64 90 50 10 50 63 12 77 21
64 90 50 63 12 77 21 64 90 50 63 10 50 63 12 77 21
64 90 10 90 50 63 12 77 21 64 90 50 63 12 77 21
64 90 50 10 90 50 63 12 77 21 64 90 50 63 12 77 21
64 90 50 10 50 63 12 77 21 64 90 50 63 12 77 21
64 90 50 63 10 50 63 12 77 21 64 90 50 63 12 77 21

66 61 70 70 88 76 27 66 61 70 70 88 76 27
66 61 70 70 88 76 27 66 61 15 61 70 70 88 76 27
66 61 70 70 88 76 27 66 61 70 15 61 70 70 88 76 27
66 61 70 70 88 76 27 66 61 70 15 70 70 88 76 27
66 61 70 70 88 76 27 66 61 70 70 15 70 70 88 76 27
66 61 15 61 70 70 88 76 27 66 61 70 70 88 76 27
66 61 70 15 61 70 70 88 76 27 66 61 70 70 88 76 27
66 61 70 15 70 70 88 76 27 66 61 70 70 88 76 27
66 61 70 70 15 70 70 88 76 27 66 61 70 70 88 76 27

8 53 40 10 18 12 68 8 53 40 10 18 12 68
8 53 40 10 18 12 68 8 53 13 53 40 10 18 12 68
8 53 40 10 18 12 68 8 53 40 13 53 40 10 18 12 68
8 53 40 10 18 12 68 8 53 40 13 40 10 18 12 68
8 53 40 10 18 12 68 8 53 40 10 13 40 10 18 12 68
8 53 13 53 40 10 18 12 68 8 53 40 10 18 12 68
8 53 40 13 53 40 10 18 12 68 8 53 40 10 18 12 68
8 53 40 13 40 10 18 12 68 8 53 40 10 18 12 68
8 53 40 10 13 40 10 18 12 68 8 53 40 10 18 12 68

29 33 26 78 85 42 89 29 33 26 78 85 42 89
29 33 26 78 85 42 89 29 33 13 33 26 78 85 42 89
29 33 26 78 85 42 89 29 33 26 13 33 26 78 85 42 89
29 33 26 78 85 42 89 29 33 26 13 26 78 85 42 89
29 33 26 78 85 42 89 29 33 26 78 13 26 78 85 42 89
29 33 13 33 26 78 85 42 89 29 33 26 78 85 42 89
29 33 26 13 33 26 78 85 42 89 29 33 26 78 85 42 89
29 33 26 13 26 78 85 42 89 29 33 26 78 85 42 89
29 33 26 78 13 26 78 85 42 89 29 33 26 78 85 42 89

80 9 92 67 98 94 74 80 9 92 67 98 94 74
80 9 92 67 98 94 74 80 9 5 9 92 67 98 94 74
80 9 92 67 98 94 74 80 9 92 5 9 92 67 98 94 74
80 9 92 67 98 94 74 80 9 92 5 92 67 98 94 74
80 9 92 67 98 94 74 80 9 92 67 5 92 67 98 94 74
80 9 5 9 92 67 98 94 74 80 9 92 67 98 94 74
80 9 92 5 9 92 67 98 94 74 80 9 92 67 98 94 74
80 9 92 5 92 67 98 94 74 80 9 92 67 98 94 74
80 9 92 67 5 92 67 98 94 74 80 9 92 67 98 94 74

69 40 59 36 84 7 59 69 40 59 36 84 7 59
69 40 59 36 84 7 59 69 40 13 40 59 36 84 7 59
69 40 59 36 84 7 59 69 40 59 13 40 59 36 84 7 59
69 40 59 36 84 7 59 69 40 59 13 59 36 84 7 59
69 40 59 36 84 7 59 69 40 59 36 13 59 36 84 7 59
69 40 13 40 59 36 84 7 59 69 40 59 36 84 7 59
69 40 59 13 40 59 36 84 7 59 69 40 59 36 84 7 59
69 40 59 13 59 36 84 7 59 69 40 59 36 84 7 59
69 40 59 36 13 59 36 84 7 59 69 40 59 36 84 7 59

79 77 89 88 65 19 78 79 77 89 88 65 19 78
79 77 89 88 65 19 78 79 77 14 77 89 88 65 19 78
79 77 89 88 65 19 78 79 77 89 14 77 89 88 65 19 78
79 77 89 88 65 19 78 79 77 89 14 89 88 65 19 78
79 77 89 88 65 19 78 79 77 89 88 14 89 88 65 19 78
79 77 14 77 89 88 65 19 78 79 77 89 88 65 19 78
79 77 89 14 77 89 88 65 19 78 79 77 89 88 65 19 78
79 77 89 14 89 88 65 19 78 79 77 89 88 65 19 78
79 77 89 88 14 89 88 65 19 78 79 77 89 88 65 19 78

