100
7
4
2

29
3
14
16
17
22
18
8
6
0
27
24
16
6
9
14
7
2
26
22
30
10
0
8
20
1
16
25
14
13
7
17
22
11
21
6
14
0
14
18
6
14
16
25
9
18
20
18
1
16
1
6
2
0
10
28
22
8
3
14
21
11
14
17
20
25
21
9
4
10
27
0
5
15
30
16
23
15
24
11
15
27
23
27
13
7
0
29
7
0
10
30
19
1
3
5
13
24
8
3

94 66 
24 56 
100 30 
48 76 
40 39 
94 28 
26 77 
34 96 
30 110 
45 40 
59 22 
19 96 
78 46 
60 91 
113 26 
72 28 
104 102 
33 92 
64 34 
71 80 
57 105 
42 33 
98 97 
63 96 
80 26 
53 48 
75 67 
28 98 
79 101 
31 54 
75 46 
101 99 
28 51 
95 78 
81 44 
44 85 
35 61 
85 77 
82 71 
45 26 
105 37 
110 94 
56 117 
25 78 
44 30 
107 76 
70 31 
49 43 
33 93 
108 43 
73 39 
97 65 
111 65 
62 53 
90 109 
107 63 
87 103 
81 102 
77 107 
46 107 
93 84 
67 69 
18 45 
110 60 
37 82 
39 104 
84 84 
103 86 
25 72 
77 43 
71 102 
105 35 
43 86 
75 80 
106 18 
51 113 
63 33 
47 57 
48 51 
63 42 
117 12 
99 96 
97 41 
90 45 
41 73 
100 43 
28 57 
75 102 
35 46 
83 29 
91 74 
58 23 
112 53 
82 27 
95 60 
35 70 
33 25 
49 77 
109 89 
106 89 

1787
1584
1873
1644
1696
1854
1717
2037
2178
1437
2108
2096
1630
1464
1724
1127
2560
1333
1904
1678
2308
1820
2141
2087
1723
1716
1714
2247
1920
1166
1388
2483
1394
2843
1609
2171
1580
1948
2209
1784
1833
2235
2492
1575
1712
1862
1612
2356
2028
2070
1911
2219
2496
1587
2182
2441
2042
1700
1952
1615
2311
2411
1212
2295
1315
2163
2136
2180
1589
1928
2536
2178
1615
1544
1486
1833
1754
2028
1852
1067
1364
2522
1748
1992
1373
1798
1232
2097
2096
1889
2019
1287
2292
1881
2238
1345
1417
1333
1981
2038

1 2 3 4 5 1 2 3 4 5 6 7
1 2 3 4 5 1 2 100 102 3 4 5 6 7
1 2 3 4 5 1 2 3 100 102 103 4 5 6 7
1 2 3 4 5 1 2 3 100 103 4 5 6 7
1 2 3 4 5 1 2 3 4 100 103 104 5 6 7
1 2 100 102 3 4 5 1 2 3 4 5 6 7
1 2 3 100 102 103 4 5 1 2 3 4 5 6 7
1 2 3 100 103 4 5 1 2 3 4 5 6 7
1 2 3 4 100 103 104 5 1 2 3 4 5 6 7

65 12 86 58 54 33 17 65 12 86 58 54 33 17
65 12 86 58 54 33 17 65 12 19 12 86 58 54 33 17
65 12 86 58 54 33 17 65 12 86 19 12 86 58 54 33 17
65 12 86 58 54 33 17 65 12 86 19 86 58 54 33 17
65 12 86 58 54 33 17 65 12 86 58 19 86 58 54 33 17
65 12 19 12 86 58 54 33 17 65 12 86 58 54 33 17
65 12 86 19 12 86 58 54 33 17 65 12 86 58 54 33 17
65 12 86 19 86 58 54 33 17 65 12 86 58 54 33 17
65 12 86 58 19 86 58 54 33 17 65 12 86 58 54 33 17

74 71 6 51 7 34 100 74 71 6 51 7 34 100
74 71 6 51 7 34 100 74 71 6 71 6 51 7 34 100
74 71 6 51 7 34 100 74 71 6 6 71 6 51 7 34 100
74 71 6 51 7 34 100 74 71 6 6 6 51 7 34 100
74 71 6 51 7 34 100 74 71 6 51 6 6 51 7 34 100
74 71 6 71 6 51 7 34 100 74 71 6 51 7 34 100
74 71 6 6 71 6 51 7 34 100 74 71 6 51 7 34 100
74 71 6 6 6 51 7 34 100 74 71 6 51 7 34 100
74 71 6 51 6 6 51 7 34 100 74 71 6 51 7 34 100

50 53 89 12 55 78 44 50 53 89 12 55 78 44
50 53 89 12 55 78 44 50 53 10 53 89 12 55 78 44
50 53 89 12 55 78 44 50 53 89 10 53 89 12 55 78 44
50 53 89 12 55 78 44 50 53 89 10 89 12 55 78 44
50 53 89 12 55 78 44 50 53 89 12 10 89 12 55 78 44
50 53 10 53 89 12 55 78 44 50 53 89 12 55 78 44
50 53 89 10 53 89 12 55 78 44 50 53 89 12 55 78 44
50 53 89 10 89 12 55 78 44 50 53 89 12 55 78 44
50 53 89 12 10 89 12 55 78 44 50 53 89 12 55 78 44

63 13 29 65 60 89 6 63 13 29 65 60 89 6
63 13 29 65 60 89 6 63 13 16 13 29 65 60 89 6
63 13 29 65 60 89 6 63 13 29 16 13 29 65 60 89 6
63 13 29 65 60 89 6 63 13 29 16 29 65 60 89 6
63 13 29 65 60 89 6 63 13 29 65 16 29 65 60 89 6
63 13 16 13 29 65 60 89 6 63 13 29 65 60 89 6
63 13 29 16 13 29 65 60 89 6 63 13 29 65 60 89 6
63 13 29 16 29 65 60 89 6 63 13 29 65 60 89 6
63 13 29 65 16 29 65 60 89 6 63 13 29 65 60 89 6

86 35 35 19 72 68 18 86 35 35 19 72 68 18
86 35 35 19 72 68 18 86 35 13 35 35 19 72 68 18
86 35 35 19 72 68 18 86 35 35 13 35 35 19 72 68 18
86 35 35 19 72 68 18 86 35 35 13 35 19 72 68 18
86 35 35 19 72 68 18 86 35 35 19 13 35 19 72 68 18
86 35 13 35 35 19 72 68 18 86 35 35 19 72 68 18
86 35 35 13 35 35 19 72 68 18 86 35 35 19 72 68 18
86 35 35 13 35 19 72 68 18 86 35 35 19 72 68 18
86 35 35 19 13 35 19 72 68 18 86 35 35 19 72 68 18

55 21 89 10 79 46 83 55 21 89 10 79 46 83
55 21 89 10 79 46 83 55 21 6 21 89 10 79 46 83
55 21 89 10 79 46 83 55 21 89 6 21 89 10 79 46 83
55 21 89 10 79 46 83 55 21 89 6 89 10 79 46 83
55 21 89 10 79 46 83 55 21 89 10 6 89 10 79 46 83
55 21 6 21 89 10 79 46 83 55 21 89 10 79 46 83
55 21 89 6 21 89 10 79 46 83 55 21 89 10 79 46 83
55 21 89 6 89 10 79 46 83 55 21 89 10 79 46 83
55 21 89 10 6 89 10 79 46 83 55 21 89 10 79 46 83

44 94 14 68 18 66 51 44 94 14 68 18 66 51
44 94 14 68 18 66 51 44 94 6 94 14 68 18 66 51
44 94 14 68 18 66 51 44 94 14 6 94 14 68 18 66 51
44 94 14 68 18 66 51 44 94 14 6 14 68 18 66 51
44 94 14 68 18 66 51 44 94 14 68 6 14 68 18 66 51
44 94 6 94 14 68 18 66 51 44 94 14 68 18 66 51
44 94 14 6 94 14 68 18 66 51 44 94 14 68 18 66 51
44 94 14 6 14 68 18 66 51 44 94 14 68 18 66 51
44 94 14 68 6 14 68 18 66 51 44 94 14 68 18 66 51

49 34 19 89 63 99 79 49 34 19 89 63 99 79
49 34 19 89 63 99 79 49 34 17 34 19 89 63 99 79
49 34 19 89 63 99 79 49 34 19 17 34 19 89 63 99 79
49 34 19 89 63 99 79 49 34 19 17 19 89 63 99 79
49 34 19 89 63 99 79 49 34 19 89 17 19 89 63 99 79
49 34 17 34 19 89 63 99 79 49 34 19 89 63 99 79
49 34 19 17 34 19 89 63 99 79 49 34 19 89 63 99 79
49 34 19 17 19 89 63 99 79 49 34 19 89 63 99 79
49 34 19 89 17 19 89 63 99 79 49 34 19 89 63 99 79

28 98 25 94 56 61 89 28 98 25 94 56 61 89
28 98 25 94 56 61 89 28 98 10 98 25 94 56 61 89
28 98 25 94 56 61 89 28 98 25 10 98 25 94 56 61 89
28 98 25 94 56 61 89 28 98 25 10 25 94 56 61 89
28 98 25 94 56 61 89 28 98 25 94 10 25 94 56 61 89
28 98 10 98 25 94 56 61 89 28 98 25 94 56 61 89
28 98 25 10 98 25 94 56 61 89 28 98 25 94 56 61 89
28 98 25 10 25 94 56 61 89 28 98 25 94 56 61 89
28 98 25 94 10 25 94 56 61 89 28 98 25 94 56 61 89

22 61 27 35 20 94 72 22 61 27 35 20 94 72
22 61 27 35 20 94 72 22 61 9 61 27 35 20 94 72
22 61 27 35 20 94 72 22 61 27 9 61 27 35 20 94 72
22 61 27 35 20 94 72 22 61 27 9 27 35 20 94 72
22 61 27 35 20 94 72 22 61 27 35 9 27 35 20 94 72
22 61 9 61 27 35 20 94 72 22 61 27 35 20 94 72
22 61 27 9 61 27 35 20 94 72 22 61 27 35 20 94 72
22 61 27 9 27 35 20 94 72 22 61 27 35 20 94 72
22 61 27 35 9 27 35 20 94 72 22 61 27 35 20 94 72

94 49 48 13 87 57 88 94 49 48 13 87 57 88
94 49 48 13 87 57 88 94 49 12 49 48 13 87 57 88
94 49 48 13 87 57 88 94 49 48 12 49 48 13 87 57 88
94 49 48 13 87 57 88 94 49 48 12 48 13 87 57 88
94 49 48 13 87 57 88 94 49 48 13 12 48 13 87 57 88
94 49 12 49 48 13 87 57 88 94 49 48 13 87 57 88
94 49 48 12 49 48 13 87 57 88 94 49 48 13 87 57 88
94 49 48 12 48 13 87 57 88 94 49 48 13 87 57 88
94 49 48 13 12 48 13 87 57 88 94 49 48 13 87 57 88

63 64 6 85 96 15 64 63 64 6 85 96 15 64
63 64 6 85 96 15 64 63 64 5 64 6 85 96 15 64
63 64 6 85 96 15 64 63 64 6 5 64 6 85 96 15 64
63 64 6 85 96 15 64 63 64 6 5 6 85 96 15 64
63 64 6 85 96 15 64 63 64 6 85 5 6 85 96 15 64
63 64 5 64 6 85 96 15 64 63 64 6 85 96 15 64
63 64 6 5 64 6 85 96 15 64 63 64 6 85 96 15 64
63 64 6 5 6 85 96 15 64 63 64 6 85 96 15 64
63 64 6 85 5 6 85 96 15 64 63 64 6 85 96 15 64

40 22 58 30 77 51 44 40 22 58 30 77 51 44
40 22 58 30 77 51 44 40 22 7 22 58 30 77 51 44
40 22 58 30 77 51 44 40 22 58 7 22 58 30 77 51 44
40 22 58 30 77 51 44 40 22 58 7 58 30 77 51 44
40 22 58 30 77 51 44 40 22 58 30 7 58 30 77 51 44
40 22 7 22 58 30 77 51 44 40 22 58 30 77 51 44
40 22 58 7 22 58 30 77 51 44 40 22 58 30 77 51 44
40 22 58 7 58 30 77 51 44 40 22 58 30 77 51 44
40 22 58 30 7 58 30 77 51 44 40 22 58 30 77 51 44

47 12 42 80 19 38 67 47 12 42 80 19 38 67
47 12 42 80 19 38 67 47 12 14 12 42 80 19 38 67
47 12 42 80 19 38 67 47 12 42 14 12 42 80 19 38 67
47 12 42 80 19 38 67 47 12 42 14 42 80 19 38 67
47 12 42 80 19 38 67 47 12 42 80 14 42 80 19 38 67
47 12 14 12 42 80 19 38 67 47 12 42 80 19 38 67
47 12 42 14 12 42 80 19 38 67 47 12 42 80 19 38 67
47 12 42 14 42 80 19 38 67 47 12 42 80 19 38 67
47 12 42 80 14 42 80 19 38 67 47 12 42 80 19 38 67

47 88 98 19 12 40 27 47 88 98 19 12 40 27
47 88 98 19 12 40 27 47 88 8 88 98 19 12 40 27
47 88 98 19 12 40 27 47 88 98 8 88 98 19 12 40 27
47 88 98 19 12 40 27 47 88 98 8 98 19 12 40 27
47 88 98 19 12 40 27 47 88 98 19 8 98 19 12 40 27
47 88 8 88 98 19 12 40 27 47 88 98 19 12 40 27
47 88 98 8 88 98 19 12 40 27 47 88 98 19 12 40 27
47 88 98 8 98 19 12 40 27 47 88 98 19 12 40 27
47 88 98 19 8 98 19 12 40 27 47 88 98 19 12 40 27

29 38 59 23 13 27 35 29 38 59 23 13 27 35
29 38 59 23 13 27 35 29 38 8 38 59 23 13 27 35
29 38 59 23 13 27 35 29 38 59 8 38 59 23 13 27 35
29 38 59 23 13 27 35 29 38 59 8 59 23 13 27 35
29 38 59 23 13 27 35 29 38 59 23 8 59 23 13 27 35
29 38 8 38 59 23 13 27 35 29 38 59 23 13 27 35
29 38 59 8 38 59 23 13 27 35 29 38 59 23 13 27 35
29 38 59 8 59 23 13 27 35 29 38 59 23 13 27 35
29 38 59 23 8 59 23 13 27 35 29 38 59 23 13 27 35

77 39 93 87 90 67 59 77 39 93 87 90 67 59
77 39 93 87 90 67 59 77 39 5 39 93 87 90 67 59
77 39 93 87 90 67 59 77 39 93 5 39 93 87 90 67 59
77 39 93 87 90 67 59 77 39 93 5 93 87 90 67 59
77 39 93 87 90 67 59 77 39 93 87 5 93 87 90 67 59
77 39 5 39 93 87 90 67 59 77 39 93 87 90 67 59
77 39 93 5 39 93 87 90 67 59 77 39 93 87 90 67 59
77 39 93 5 93 87 90 67 59 77 39 93 87 90 67 59
77 39 93 87 5 93 87 90 67 59 77 39 93 87 90 67 59

18 14 15 72 51 28 82 18 14 15 72 51 28 82
18 14 15 72 51 28 82 18 14 18 14 15 72 51 28 82
18 14 15 72 51 28 82 18 14 15 18 14 15 72 51 28 82
18 14 15 72 51 28 82 18 14 15 18 15 72 51 28 82
18 14 15 72 51 28 82 18 14 15 72 18 15 72 51 28 82
18 14 18 14 15 72 51 28 82 18 14 15 72 51 28 82
18 14 15 18 14 15 72 51 28 82 18 14 15 72 51 28 82
18 14 15 18 15 72 51 28 82 18 14 15 72 51 28 82
18 14 15 72 18 15 72 51 28 82 18 14 15 72 51 28 82

49 84 45 15 58 53 81 49 84 45 15 58 53 81
49 84 45 15 58 53 81 49 84 12 84 45 15 58 53 81
49 84 45 15 58 53 81 49 84 45 12 84 45 15 58 53 81
49 84 45 15 58 53 81 49 84 45 12 45 15 58 53 81
49 84 45 15 58 53 81 49 84 45 15 12 45 15 58 53 81
49 84 12 84 45 15 58 53 81 49 84 45 15 58 53 81
49 84 45 12 84 45 15 58 53 81 49 84 45 15 58 53 81
49 84 45 12 45 15 58 53 81 49 84 45 15 58 53 81
49 84 45 15 12 45 15 58 53 81 49 84 45 15 58 53 81

20 45 60 65 87 6 20 20 45 60 65 87 6 20
20 45 60 65 87 6 20 20 45 11 45 60 65 87 6 20
20 45 60 65 87 6 20 20 45 60 11 45 60 65 87 6 20
20 45 60 65 87 6 20 20 45 60 11 60 65 87 6 20
20 45 60 65 87 6 20 20 45 60 65 11 60 65 87 6 20
20 45 11 45 60 65 87 6 20 20 45 60 65 87 6 20
20 45 60 11 45 60 65 87 6 20 20 45 60 65 87 6 20
20 45 60 11 60 65 87 6 20 20 45 60 65 87 6 20
20 45 60 65 11 60 65 87 6 20 20 45 60 65 87 6 20

94 35 38 97 94 59 5 94 35 38 97 94 59 5
94 35 38 97 94 59 5 94 35 19 35 38 97 94 59 5
94 35 38 97 94 59 5 94 35 38 19 35 38 97 94 59 5
94 35 38 97 94 59 5 94 35 38 19 38 97 94 59 5
94 35 38 97 94 59 5 94 35 38 97 19 38 97 94 59 5
94 35 19 35 38 97 94 59 5 94 35 38 97 94 59 5
94 35 38 19 35 38 97 94 59 5 94 35 38 97 94 59 5
94 35 38 19 38 97 94 59 5 94 35 38 97 94 59 5
94 35 38 97 19 38 97 94 59 5 94 35 38 97 94 59 5

52 76 26 17 59 79 80 52 76 26 17 59 79 80
52 76 26 17 59 79 80 52 76 11 76 26 17 59 79 80
52 76 26 17 59 79 80 52 76 26 11 76 26 17 59 79 80
52 76 26 17 59 79 80 52 76 26 11 26 17 59 79 80
52 76 26 17 59 79 80 52 76 26 17 11 26 17 59 79 80
52 76 11 76 26 17 59 79 80 52 76 26 17 59 79 80
52 76 26 11 76 26 17 59 79 80 52 76 26 17 59 79 80
52 76 26 11 26 17 59 79 80 52 76 26 17 59 79 80
52 76 26 17 11 26 17 59 79 80 52 76 26 17 59 79 80

46 81 89 90 20 13 73 46 81 89 90 20 13 73
46 81 89 90 20 13 73 46 81 8 81 89 90 20 13 73
46 81 89 90 20 13 73 46 81 89 8 81 89 90 20 13 73
46 81 89 90 20 13 73 46 81 89 8 89 90 20 13 73
46 81 89 90 20 13 73 46 81 89 90 8 89 90 20 13 73
46 81 8 81 89 90 20 13 73 46 81 89 90 20 13 73
46 81 89 8 81 89 90 20 13 73 46 81 89 90 20 13 73
46 81 89 8 89 90 20 13 73 46 81 89 90 20 13 73
46 81 89 90 8 89 90 20 13 73 46 81 89 90 20 13 73

62 20 58 91 85 49 23 62 20 58 91 85 49 23
62 20 58 91 85 49 23 62 20 15 20 58 91 85 49 23
62 20 58 91 85 49 23 62 20 58 15 20 58 91 85 49 23
62 20 58 91 85 49 23 62 20 58 15 58 91 85 49 23
62 20 58 91 85 49 23 62 20 58 91 15 58 91 85 49 23
62 20 15 20 58 91 85 49 23 62 20 58 91 85 49 23
62 20 58 15 20 58 91 85 49 23 62 20 58 91 85 49 23
62 20 58 15 58 91 85 49 23 62 20 58 91 85 49 23
62 20 58 91 15 58 91 85 49 23 62 20 58 91 85 49 23

44 48 66 17 36 72 83 44 48 66 17 36 72 83
44 48 66 17 36 72 83 44 48 9 48 66 17 36 72 83
44 48 66 17 36 72 83 44 48 66 9 48 66 17 36 72 83
44 48 66 17 36 72 83 44 48 66 9 66 17 36 72 83
44 48 66 17 36 72 83 44 48 66 17 9 66 17 36 72 83
44 48 9 48 66 17 36 72 83 44 48 66 17 36 72 83
44 48 66 9 48 66 17 36 72 83 44 48 66 17 36 72 83
44 48 66 9 66 17 36 72 83 44 48 66 17 36 72 83
44 48 66 17 9 66 17 36 72 83 44 48 66 17 36 72 83

44 45 34 42 76 72 32 44 45 34 42 76 72 32
44 45 34 42 76 72 32 44 45 12 45 34 42 76 72 32
44 45 34 42 76 72 32 44 45 34 12 45 34 42 76 72 32
44 45 34 42 76 72 32 44 45 34 12 34 42 76 72 32
44 45 34 42 76 72 32 44 45 34 42 12 34 42 76 72 32
44 45 12 45 34 42 76 72 32 44 45 34 42 76 72 32
44 45 34 12 45 34 42 76 72 32 44 45 34 42 76 72 32
44 45 34 12 34 42 76 72 32 44 45 34 42 76 72 32
44 45 34 42 12 34 42 76 72 32 44 45 34 42 76 72 32

70 58 56 57 37 14 8 70 58 56 57 37 14 8
70 58 56 57 37 14 8 70 58 8 58 56 57 37 14 8
70 58 56 57 37 14 8 70 58 56 8 58 56 57 37 14 8
70 58 56 57 37 14 8 70 58 56 8 56 57 37 14 8
70 58 56 57 37 14 8 70 58 56 57 8 56 57 37 14 8
70 58 8 58 56 57 37 14 8 70 58 56 57 37 14 8
70 58 56 8 58 56 57 37 14 8 70 58 56 57 37 14 8
70 58 56 8 56 57 37 14 8 70 58 56 57 37 14 8
70 58 56 57 8 56 57 37 14 8 70 58 56 57 37 14 8

75 61 15 84 62 73 89 75 61 15 84 62 73 89
75 61 15 84 62 73 89 75 61 13 61 15 84 62 73 89
75 61 15 84 62 73 89 75 61 15 13 61 15 84 62 73 89
75 61 15 84 62 73 89 75 61 15 13 15 84 62 73 89
75 61 15 84 62 73 89 75 61 15 84 13 15 84 62 73 89
75 61 13 61 15 84 62 73 89 75 61 15 84 62 73 89
75 61 15 13 61 15 84 62 73 89 75 61 15 84 62 73 89
75 61 15 13 15 84 62 73 89 75 61 15 84 62 73 89
75 61 15 84 13 15 84 62 73 89 75 61 15 84 62 73 89

91 6 60 84 42 29 68 91 6 60 84 42 29 68
91 6 60 84 42 29 68 91 6 20 6 60 84 42 29 68
91 6 60 84 42 29 68 91 6 60 20 6 60 84 42 29 68
91 6 60 84 42 29 68 91 6 60 20 60 84 42 29 68
91 6 60 84 42 29 68 91 6 60 84 20 60 84 42 29 68
91 6 20 6 60 84 42 29 68 91 6 60 84 42 29 68
91 6 60 20 6 60 84 42 29 68 91 6 60 84 42 29 68
91 6 60 20 60 84 42 29 68 91 6 60 84 42 29 68
91 6 60 84 20 60 84 42 29 68 91 6 60 84 42 29 68

13 49 13 41 17 100 30 13 49 13 41 17 100 30
13 49 13 41 17 100 30 13 49 10 49 13 41 17 100 30
13 49 13 41 17 100 30 13 49 13 10 49 13 41 17 100 30
13 49 13 41 17 100 30 13 49 13 10 13 41 17 100 30
13 49 13 41 17 100 30 13 49 13 41 10 13 41 17 100 30
13 49 10 49 13 41 17 100 30 13 49 13 41 17 100 30
13 49 13 10 49 13 41 17 100 30 13 49 13 41 17 100 30
13 49 13 10 13 41 17 100 30 13 49 13 41 17 100 30
13 49 13 41 10 13 41 17 100 30 13 49 13 41 17 100 30

38 18 60 31 43 40 58 38 18 60 31 43 40 58
38 18 60 31 43 40 58 38 18 17 18 60 31 43 40 58
38 18 60 31 43 40 58 38 18 60 17 18 60 31 43 40 58
38 18 60 31 43 40 58 38 18 60 17 60 31 43 40 58
38 18 60 31 43 40 58 38 18 60 31 17 60 31 43 40 58
38 18 17 18 60 31 43 40 58 38 18 60 31 43 40 58
38 18 60 17 18 60 31 43 40 58 38 18 60 31 43 40 58
38 18 60 17 60 31 43 40 58 38 18 60 31 43 40 58
38 18 60 31 17 60 31 43 40 58 38 18 60 31 43 40 58

80 79 89 85 72 15 12 80 79 89 85 72 15 12
80 79 89 85 72 15 12 80 79 14 79 89 85 72 15 12
80 79 89 85 72 15 12 80 79 89 14 79 89 85 72 15 12
80 79 89 85 72 15 12 80 79 89 14 89 85 72 15 12
80 79 89 85 72 15 12 80 79 89 85 14 89 85 72 15 12
80 79 14 79 89 85 72 15 12 80 79 89 85 72 15 12
80 79 89 14 79 89 85 72 15 12 80 79 89 85 72 15 12
80 79 89 14 89 85 72 15 12 80 79 89 85 72 15 12
80 79 89 85 14 89 85 72 15 12 80 79 89 85 72 15 12

18 65 18 46 44 64 28 18 65 18 46 44 64 28
18 65 18 46 44 64 28 18 65 15 65 18 46 44 64 28
18 65 18 46 44 64 28 18 65 18 15 65 18 46 44 64 28
18 65 18 46 44 64 28 18 65 18 15 18 46 44 64 28
18 65 18 46 44 64 28 18 65 18 46 15 18 46 44 64 28
18 65 15 65 18 46 44 64 28 18 65 18 46 44 64 28
18 65 18 15 65 18 46 44 64 28 18 65 18 46 44 64 28
18 65 18 15 18 46 44 64 28 18 65 18 46 44 64 28
18 65 18 46 15 18 46 44 64 28 18 65 18 46 44 64 28

100 70 87 71 94 96 47 100 70 87 71 94 96 47
100 70 87 71 94 96 47 100 70 7 70 87 71 94 96 47
100 70 87 71 94 96 47 100 70 87 7 70 87 71 94 96 47
100 70 87 71 94 96 47 100 70 87 7 87 71 94 96 47
100 70 87 71 94 96 47 100 70 87 71 7 87 71 94 96 47
100 70 7 70 87 71 94 96 47 100 70 87 71 94 96 47
100 70 87 7 70 87 71 94 96 47 100 70 87 71 94 96 47
100 70 87 7 87 71 94 96 47 100 70 87 71 94 96 47
100 70 87 71 7 87 71 94 96 47 100 70 87 71 94 96 47

34 23 62 38 93 8 40 34 23 62 38 93 8 40
34 23 62 38 93 8 40 34 23 17 23 62 38 93 8 40
34 23 62 38 93 8 40 34 23 62 17 23 62 38 93 8 40
34 23 62 38 93 8 40 34 23 62 17 62 38 93 8 40
34 23 62 38 93 8 40 34 23 62 38 17 62 38 93 8 40
34 23 17 23 62 38 93 8 40 34 23 62 38 93 8 40
34 23 62 17 23 62 38 93 8 40 34 23 62 38 93 8 40
34 23 62 17 62 38 93 8 40 34 23 62 38 93 8 40
34 23 62 38 17 62 38 93 8 40 34 23 62 38 93 8 40

94 94 37 74 23 65 33 94 94 37 74 23 65 33
94 94 37 74 23 65 33 94 94 13 94 37 74 23 65 33
94 94 37 74 23 65 33 94 94 37 13 94 37 74 23 65 33
94 94 37 74 23 65 33 94 94 37 13 37 74 23 65 33
94 94 37 74 23 65 33 94 94 37 74 13 37 74 23 65 33
94 94 13 94 37 74 23 65 33 94 94 37 74 23 65 33
94 94 37 13 94 37 74 23 65 33 94 94 37 74 23 65 33
94 94 37 13 37 74 23 65 33 94 94 37 74 23 65 33
94 94 37 74 13 37 74 23 65 33 94 94 37 74 23 65 33

45 36 30 49 63 49 40 45 36 30 49 63 49 40
45 36 30 49 63 49 40 45 36 18 36 30 49 63 49 40
45 36 30 49 63 49 40 45 36 30 18 36 30 49 63 49 40
45 36 30 49 63 49 40 45 36 30 18 30 49 63 49 40
45 36 30 49 63 49 40 45 36 30 49 18 30 49 63 49 40
45 36 18 36 30 49 63 49 40 45 36 30 49 63 49 40
45 36 30 18 36 30 49 63 49 40 45 36 30 49 63 49 40
45 36 30 18 30 49 63 49 40 45 36 30 49 63 49 40
45 36 30 49 18 30 49 63 49 40 45 36 30 49 63 49 40

40 8 79 66 72 65 85 40 8 79 66 72 65 85
40 8 79 66 72 65 85 40 8 11 8 79 66 72 65 85
40 8 79 66 72 65 85 40 8 79 11 8 79 66 72 65 85
40 8 79 66 72 65 85 40 8 79 11 79 66 72 65 85
40 8 79 66 72 65 85 40 8 79 66 11 79 66 72 65 85
40 8 11 8 79 66 72 65 85 40 8 79 66 72 65 85
40 8 79 11 8 79 66 72 65 85 40 8 79 66 72 65 85
40 8 79 11 79 66 72 65 85 40 8 79 66 72 65 85
40 8 79 66 11 79 66 72 65 85 40 8 79 66 72 65 85

99 69 73 64 5 66 69 99 69 73 64 5 66 69
99 69 73 64 5 66 69 99 69 15 69 73 64 5 66 69
99 69 73 64 5 66 69 99 69 73 15 69 73 64 5 66 69
99 69 73 64 5 66 69 99 69 73 15 73 64 5 66 69
99 69 73 64 5 66 69 99 69 73 64 15 73 64 5 66 69
99 69 15 69 73 64 5 66 69 99 69 73 64 5 66 69
99 69 73 15 69 73 64 5 66 69 99 69 73 64 5 66 69
99 69 73 15 73 64 5 66 69 99 69 73 64 5 66 69
99 69 73 64 15 73 64 5 66 69 99 69 73 64 5 66 69

48 99 30 11 73 9 67 48 99 30 11 73 9 67
48 99 30 11 73 9 67 48 99 16 99 30 11 73 9 67
48 99 30 11 73 9 67 48 99 30 16 99 30 11 73 9 67
48 99 30 11 73 9 67 48 99 30 16 30 11 73 9 67
48 99 30 11 73 9 67 48 99 30 11 16 30 11 73 9 67
48 99 16 99 30 11 73 9 67 48 99 30 11 73 9 67
48 99 30 16 99 30 11 73 9 67 48 99 30 11 73 9 67
48 99 30 16 30 11 73 9 67 48 99 30 11 73 9 67
48 99 30 11 16 30 11 73 9 67 48 99 30 11 73 9 67

68 74 92 30 12 45 44 68 74 92 30 12 45 44
68 74 92 30 12 45 44 68 74 7 74 92 30 12 45 44
68 74 92 30 12 45 44 68 74 92 7 74 92 30 12 45 44
68 74 92 30 12 45 44 68 74 92 7 92 30 12 45 44
68 74 92 30 12 45 44 68 74 92 30 7 92 30 12 45 44
68 74 7 74 92 30 12 45 44 68 74 92 30 12 45 44
68 74 92 7 74 92 30 12 45 44 68 74 92 30 12 45 44
68 74 92 7 92 30 12 45 44 68 74 92 30 12 45 44
68 74 92 30 7 92 30 12 45 44 68 74 92 30 12 45 44

41 97 91 74 10 67 76 41 97 91 74 10 67 76
41 97 91 74 10 67 76 41 97 15 97 91 74 10 67 76
41 97 91 74 10 67 76 41 97 91 15 97 91 74 10 67 76
41 97 91 74 10 67 76 41 97 91 15 91 74 10 67 76
41 97 91 74 10 67 76 41 97 91 74 15 91 74 10 67 76
41 97 15 97 91 74 10 67 76 41 97 91 74 10 67 76
41 97 91 15 97 91 74 10 67 76 41 97 91 74 10 67 76
41 97 91 15 91 74 10 67 76 41 97 91 74 10 67 76
41 97 91 74 15 91 74 10 67 76 41 97 91 74 10 67 76

76 96 37 97 68 93 25 76 96 37 97 68 93 25
76 96 37 97 68 93 25 76 96 5 96 37 97 68 93 25
76 96 37 97 68 93 25 76 96 37 5 96 37 97 68 93 25
76 96 37 97 68 93 25 76 96 37 5 37 97 68 93 25
76 96 37 97 68 93 25 76 96 37 97 5 37 97 68 93 25
76 96 5 96 37 97 68 93 25 76 96 37 97 68 93 25
76 96 37 5 96 37 97 68 93 25 76 96 37 97 68 93 25
76 96 37 5 37 97 68 93 25 76 96 37 97 68 93 25
76 96 37 97 5 37 97 68 93 25 76 96 37 97 68 93 25

91 55 9 65 19 22 31 91 55 9 65 19 22 31
91 55 9 65 19 22 31 91 55 19 55 9 65 19 22 31
91 55 9 65 19 22 31 91 55 9 19 55 9 65 19 22 31
91 55 9 65 19 22 31 91 55 9 19 9 65 19 22 31
91 55 9 65 19 22 31 91 55 9 65 19 9 65 19 22 31
91 55 19 55 9 65 19 22 31 91 55 9 65 19 22 31
91 55 9 19 55 9 65 19 22 31 91 55 9 65 19 22 31
91 55 9 19 9 65 19 22 31 91 55 9 65 19 22 31
91 55 9 65 19 9 65 19 22 31 91 55 9 65 19 22 31

41 67 37 24 94 53 20 41 67 37 24 94 53 20
41 67 37 24 94 53 20 41 67 7 67 37 24 94 53 20
41 67 37 24 94 53 20 41 67 37 7 67 37 24 94 53 20
41 67 37 24 94 53 20 41 67 37 7 37 24 94 53 20
41 67 37 24 94 53 20 41 67 37 24 7 37 24 94 53 20
41 67 7 67 37 24 94 53 20 41 67 37 24 94 53 20
41 67 37 7 67 37 24 94 53 20 41 67 37 24 94 53 20
41 67 37 7 37 24 94 53 20 41 67 37 24 94 53 20
41 67 37 24 7 37 24 94 53 20 41 67 37 24 94 53 20

90 10 88 65 17 22 84 90 10 88 65 17 22 84
90 10 88 65 17 22 84 90 10 10 10 88 65 17 22 84
90 10 88 65 17 22 84 90 10 88 10 10 88 65 17 22 84
90 10 88 65 17 22 84 90 10 88 10 88 65 17 22 84
90 10 88 65 17 22 84 90 10 88 65 10 88 65 17 22 84
90 10 10 10 88 65 17 22 84 90 10 88 65 17 22 84
90 10 88 10 10 88 65 17 22 84 90 10 88 65 17 22 84
90 10 88 10 88 65 17 22 84 90 10 88 65 17 22 84
90 10 88 65 10 88 65 17 22 84 90 10 88 65 17 22 84

20 97 55 12 25 90 52 20 97 55 12 25 90 52
20 97 55 12 25 90 52 20 97 15 97 55 12 25 90 52
20 97 55 12 25 90 52 20 97 55 15 97 55 12 25 90 52
20 97 55 12 25 90 52 20 97 55 15 55 12 25 90 52
20 97 55 12 25 90 52 20 97 55 12 15 55 12 25 90 52
20 97 15 97 55 12 25 90 52 20 97 55 12 25 90 52
20 97 55 15 97 55 12 25 90 52 20 97 55 12 25 90 52
20 97 55 15 55 12 25 90 52 20 97 55 12 25 90 52
20 97 55 12 15 55 12 25 90 52 20 97 55 12 25 90 52

98 57 44 38 91 72 88 98 57 44 38 91 72 88
98 57 44 38 91 72 88 98 57 18 57 44 38 91 72 88
98 57 44 38 91 72 88 98 57 44 18 57 44 38 91 72 88
98 57 44 38 91 72 88 98 57 44 18 44 38 91 72 88
98 57 44 38 91 72 88 98 57 44 38 18 44 38 91 72 88
98 57 18 57 44 38 91 72 88 98 57 44 38 91 72 88
98 57 44 18 57 44 38 91 72 88 98 57 44 38 91 72 88
98 57 44 18 44 38 91 72 88 98 57 44 38 91 72 88
98 57 44 38 18 44 38 91 72 88 98 57 44 38 91 72 88

55 81 20 73 66 87 13 55 81 20 73 66 87 13
55 81 20 73 66 87 13 55 81 8 81 20 73 66 87 13
55 81 20 73 66 87 13 55 81 20 8 81 20 73 66 87 13
55 81 20 73 66 87 13 55 81 20 8 20 73 66 87 13
55 81 20 73 66 87 13 55 81 20 73 8 20 73 66 87 13
55 81 8 81 20 73 66 87 13 55 81 20 73 66 87 13
55 81 20 8 81 20 73 66 87 13 55 81 20 73 66 87 13
55 81 20 8 20 73 66 87 13 55 81 20 73 66 87 13
55 81 20 73 8 20 73 66 87 13 55 81 20 73 66 87 13

48 89 99 27 65 51 9 48 89 99 27 65 51 9
48 89 99 27 65 51 9 48 89 8 89 99 27 65 51 9
48 89 99 27 65 51 9 48 89 99 8 89 99 27 65 51 9
48 89 99 27 65 51 9 48 89 99 8 99 27 65 51 9
48 89 99 27 65 51 9 48 89 99 27 8 99 27 65 51 9
48 89 8 89 99 27 65 51 9 48 89 99 27 65 51 9
48 89 99 8 89 99 27 65 51 9 48 89 99 27 65 51 9
48 89 99 8 99 27 65 51 9 48 89 99 27 65 51 9
48 89 99 27 8 99 27 65 51 9 48 89 99 27 65 51 9

99 63 61 20 8 79 80 99 63 61 20 8 79 80
99 63 61 20 8 79 80 99 63 19 63 61 20 8 79 80
99 63 61 20 8 79 80 99 63 61 19 63 61 20 8 79 80
99 63 61 20 8 79 80 99 63 61 19 61 20 8 79 80
99 63 61 20 8 79 80 99 63 61 20 19 61 20 8 79 80
99 63 19 63 61 20 8 79 80 99 63 61 20 8 79 80
99 63 61 19 63 61 20 8 79 80 99 63 61 20 8 79 80
99 63 61 19 61 20 8 79 80 99 63 61 20 8 79 80
99 63 61 20 19 61 20 8 79 80 99 63 61 20 8 79 80

87 65 86 55 52 47 26 87 65 86 55 52 47 26
87 65 86 55 52 47 26 87 65 15 65 86 55 52 47 26
87 65 86 55 52 47 26 87 65 86 15 65 86 55 52 47 26
87 65 86 55 52 47 26 87 65 86 15 86 55 52 47 26
87 65 86 55 52 47 26 87 65 86 55 15 86 55 52 47 26
87 65 15 65 86 55 52 47 26 87 65 86 55 52 47 26
87 65 86 15 65 86 55 52 47 26 87 65 86 55 52 47 26
87 65 86 15 86 55 52 47 26 87 65 86 55 52 47 26
87 65 86 55 15 86 55 52 47 26 87 65 86 55 52 47 26

54 93 93 59 91 31 53 54 93 93 59 91 31 53
54 93 93 59 91 31 53 54 93 13 93 93 59 91 31 53
54 93 93 59 91 31 53 54 93 93 13 93 93 59 91 31 53
54 93 93 59 91 31 53 54 93 93 13 93 59 91 31 53
54 93 93 59 91 31 53 54 93 93 59 13 93 59 91 31 53
54 93 13 93 93 59 91 31 53 54 93 93 59 91 31 53
54 93 93 13 93 93 59 91 31 53 54 93 93 59 91 31 53
54 93 93 13 93 59 91 31 53 54 93 93 59 91 31 53
54 93 93 59 13 93 59 91 31 53 54 93 93 59 91 31 53

46 87 57 36 8 63 13 46 87 57 36 8 63 13
46 87 57 36 8 63 13 46 87 12 87 57 36 8 63 13
46 87 57 36 8 63 13 46 87 57 12 87 57 36 8 63 13
46 87 57 36 8 63 13 46 87 57 12 57 36 8 63 13
46 87 57 36 8 63 13 46 87 57 36 12 57 36 8 63 13
46 87 12 87 57 36 8 63 13 46 87 57 36 8 63 13
46 87 57 12 87 57 36 8 63 13 46 87 57 36 8 63 13
46 87 57 12 57 36 8 63 13 46 87 57 36 8 63 13
46 87 57 36 12 57 36 8 63 13 46 87 57 36 8 63 13

20 41 72 95 90 65 55 20 41 72 95 90 65 55
20 41 72 95 90 65 55 20 41 9 41 72 95 90 65 55
20 41 72 95 90 65 55 20 41 72 9 41 72 95 90 65 55
20 41 72 95 90 65 55 20 41 72 9 72 95 90 65 55
20 41 72 95 90 65 55 20 41 72 95 9 72 95 90 65 55
20 41 9 41 72 95 90 65 55 20 41 72 95 90 65 55
20 41 72 9 41 72 95 90 65 55 20 41 72 95 90 65 55
20 41 72 9 72 95 90 65 55 20 41 72 95 90 65 55
20 41 72 95 9 72 95 90 65 55 20 41 72 95 90 65 55

72 5 96 57 99 97 76 72 5 96 57 99 97 76
72 5 96 57 99 97 76 72 5 15 5 96 57 99 97 76
72 5 96 57 99 97 76 72 5 96 15 5 96 57 99 97 76
72 5 96 57 99 97 76 72 5 96 15 96 57 99 97 76
72 5 96 57 99 97 76 72 5 96 57 15 96 57 99 97 76
72 5 15 5 96 57 99 97 76 72 5 96 57 99 97 76
72 5 96 15 5 96 57 99 97 76 72 5 96 57 99 97 76
72 5 96 15 96 57 99 97 76 72 5 96 57 99 97 76
72 5 96 57 15 96 57 99 97 76 72 5 96 57 99 97 76

94 46 72 83 28 42 8 94 46 72 83 28 42 8
94 46 72 83 28 42 8 94 46 8 46 72 83 28 42 8
94 46 72 83 28 42 8 94 46 72 8 46 72 83 28 42 8
94 46 72 83 28 42 8 94 46 72 8 72 83 28 42 8
94 46 72 83 28 42 8 94 46 72 83 8 72 83 28 42 8
94 46 8 46 72 83 28 42 8 94 46 72 83 28 42 8
94 46 72 8 46 72 83 28 42 8 94 46 72 83 28 42 8
94 46 72 8 72 83 28 42 8 94 46 72 83 28 42 8
94 46 72 83 8 72 83 28 42 8 94 46 72 83 28 42 8

48 37 76 84 28 6 39 48 37 76 84 28 6 39
48 37 76 84 28 6 39 48 37 5 37 76 84 28 6 39
48 37 76 84 28 6 39 48 37 76 5 37 76 84 28 6 39
48 37 76 84 28 6 39 48 37 76 5 76 84 28 6 39
48 37 76 84 28 6 39 48 37 76 84 5 76 84 28 6 39
48 37 5 37 76 84 28 6 39 48 37 76 84 28 6 39
48 37 76 5 37 76 84 28 6 39 48 37 76 84 28 6 39
48 37 76 5 76 84 28 6 39 48 37 76 84 28 6 39
48 37 76 84 5 76 84 28 6 39 48 37 76 84 28 6 39

35 41 61 99 29 66 73 35 41 61 99 29 66 73
35 41 61 99 29 66 73 35 41 12 41 61 99 29 66 73
35 41 61 99 29 66 73 35 41 61 12 41 61 99 29 66 73
35 41 61 99 29 66 73 35 41 61 12 61 99 29 66 73
35 41 61 99 29 66 73 35 41 61 99 12 61 99 29 66 73
35 41 12 41 61 99 29 66 73 35 41 61 99 29 66 73
35 41 61 12 41 61 99 29 66 73 35 41 61 99 29 66 73
35 41 61 12 61 99 29 66 73 35 41 61 99 29 66 73
35 41 61 99 12 61 99 29 66 73 35 41 61 99 29 66 73

46 24 28 87 45 15 68 46 24 28 87 45 15 68
46 24 28 87 45 15 68 46 24 10 24 28 87 45 15 68
46 24 28 87 45 15 68 46 24 28 10 24 28 87 45 15 68
46 24 28 87 45 15 68 46 24 28 10 28 87 45 15 68
46 24 28 87 45 15 68 46 24 28 87 10 28 87 45 15 68
46 24 10 24 28 87 45 15 68 46 24 28 87 45 15 68
46 24 28 10 24 28 87 45 15 68 46 24 28 87 45 15 68
46 24 28 10 28 87 45 15 68 46 24 28 87 45 15 68
46 24 28 87 10 28 87 45 15 68 46 24 28 87 45 15 68

7 58 87 70 97 97 43 7 58 87 70 97 97 43
7 58 87 70 97 97 43 7 58 12 58 87 70 97 97 43
7 58 87 70 97 97 43 7 58 87 12 58 87 70 97 97 43
7 58 87 70 97 97 43 7 58 87 12 87 70 97 97 43
7 58 87 70 97 97 43 7 58 87 70 12 87 70 97 97 43
7 58 12 58 87 70 97 97 43 7 58 87 70 97 97 43
7 58 87 12 58 87 70 97 97 43 7 58 87 70 97 97 43
7 58 87 12 87 70 97 97 43 7 58 87 70 97 97 43
7 58 87 70 12 87 70 97 97 43 7 58 87 70 97 97 43

75 90 62 64 74 79 9 75 90 62 64 74 79 9
75 90 62 64 74 79 9 75 90 12 90 62 64 74 79 9
75 90 62 64 74 79 9 75 90 62 12 90 62 64 74 79 9
75 90 62 64 74 79 9 75 90 62 12 62 64 74 79 9
75 90 62 64 74 79 9 75 90 62 64 12 62 64 74 79 9
75 90 12 90 62 64 74 79 9 75 90 62 64 74 79 9
75 90 62 12 90 62 64 74 79 9 75 90 62 64 74 79 9
75 90 62 12 62 64 74 79 9 75 90 62 64 74 79 9
75 90 62 64 12 62 64 74 79 9 75 90 62 64 74 79 9

17 61 7 26 21 61 92 17 61 7 26 21 61 92
17 61 7 26 21 61 92 17 61 11 61 7 26 21 61 92
17 61 7 26 21 61 92 17 61 7 11 61 7 26 21 61 92
17 61 7 26 21 61 92 17 61 7 11 7 26 21 61 92
17 61 7 26 21 61 92 17 61 7 26 11 7 26 21 61 92
17 61 11 61 7 26 21 61 92 17 61 7 26 21 61 92
17 61 7 11 61 7 26 21 61 92 17 61 7 26 21 61 92
17 61 7 11 7 26 21 61 92 17 61 7 26 21 61 92
17 61 7 26 11 7 26 21 61 92 17 61 7 26 21 61 92

97 50 95 49 63 15 53 97 50 95 49 63 15 53
97 50 95 49 63 15 53 97 50 13 50 95 49 63 15 53
97 50 95 49 63 15 53 97 50 95 13 50 95 49 63 15 53
97 50 95 49 63 15 53 97 50 95 13 95 49 63 15 53
97 50 95 49 63 15 53 97 50 95 49 13 95 49 63 15 53
97 50 13 50 95 49 63 15 53 97 50 95 49 63 15 53
97 50 95 13 50 95 49 63 15 53 97 50 95 49 63 15 53
97 50 95 13 95 49 63 15 53 97 50 95 49 63 15 53
97 50 95 49 13 95 49 63 15 53 97 50 95 49 63 15 53

29 15 29 66 44 67 6 29 15 29 66 44 67 6
29 15 29 66 44 67 6 29 15 8 15 29 66 44 67 6
29 15 29 66 44 67 6 29 15 29 8 15 29 66 44 67 6
29 15 29 66 44 67 6 29 15 29 8 29 66 44 67 6
29 15 29 66 44 67 6 29 15 29 66 8 29 66 44 67 6
29 15 8 15 29 66 44 67 6 29 15 29 66 44 67 6
29 15 29 8 15 29 66 44 67 6 29 15 29 66 44 67 6
29 15 29 8 29 66 44 67 6 29 15 29 66 44 67 6
29 15 29 66 8 29 66 44 67 6 29 15 29 66 44 67 6

99 55 28 92 45 65 36 99 55 28 92 45 65 36
99 55 28 92 45 65 36 99 55 6 55 28 92 45 65 36
99 55 28 92 45 65 36 99 55 28 6 55 28 92 45 65 36
99 55 28 92 45 65 36 99 55 28 6 28 92 45 65 36
99 55 28 92 45 65 36 99 55 28 92 6 28 92 45 65 36
99 55 6 55 28 92 45 65 36 99 55 28 92 45 65 36
99 55 28 6 55 28 92 45 65 36 99 55 28 92 45 65 36
99 55 28 6 28 92 45 65 36 99 55 28 92 45 65 36
99 55 28 92 6 28 92 45 65 36 99 55 28 92 45 65 36

83 56 79 70 47 28 21 83 56 79 70 47 28 21
83 56 79 70 47 28 21 83 56 11 56 79 70 47 28 21
83 56 79 70 47 28 21 83 56 79 11 56 79 70 47 28 21
83 56 79 70 47 28 21 83 56 79 11 79 70 47 28 21
83 56 79 70 47 28 21 83 56 79 70 11 79 70 47 28 21
83 56 11 56 79 70 47 28 21 83 56 79 70 47 28 21
83 56 79 11 56 79 70 47 28 21 83 56 79 70 47 28 21
83 56 79 11 79 70 47 28 21 83 56 79 70 47 28 21
83 56 79 70 11 79 70 47 28 21 83 56 79 70 47 28 21

48 44 96 70 69 34 58 48 44 96 70 69 34 58
48 44 96 70 69 34 58 48 44 20 44 96 70 69 34 58
48 44 96 70 69 34 58 48 44 96 20 44 96 70 69 34 58
48 44 96 70 69 34 58 48 44 96 20 96 70 69 34 58
48 44 96 70 69 34 58 48 44 96 70 20 96 70 69 34 58
48 44 20 44 96 70 69 34 58 48 44 96 70 69 34 58
48 44 96 20 44 96 70 69 34 58 48 44 96 70 69 34 58
48 44 96 20 96 70 69 34 58 48 44 96 70 69 34 58
48 44 96 70 20 96 70 69 34 58 48 44 96 70 69 34 58

94 41 13 62 24 25 47 94 41 13 62 24 25 47
94 41 13 62 24 25 47 94 41 16 41 13 62 24 25 47
94 41 13 62 24 25 47 94 41 13 16 41 13 62 24 25 47
94 41 13 62 24 25 47 94 41 13 16 13 62 24 25 47
94 41 13 62 24 25 47 94 41 13 62 16 13 62 24 25 47
94 41 16 41 13 62 24 25 47 94 41 13 62 24 25 47
94 41 13 16 41 13 62 24 25 47 94 41 13 62 24 25 47
94 41 13 16 13 62 24 25 47 94 41 13 62 24 25 47
94 41 13 62 16 13 62 24 25 47 94 41 13 62 24 25 47

30 66 69 38 77 20 91 30 66 69 38 77 20 91
30 66 69 38 77 20 91 30 66 12 66 69 38 77 20 91
30 66 69 38 77 20 91 30 66 69 12 66 69 38 77 20 91
30 66 69 38 77 20 91 30 66 69 12 69 38 77 20 91
30 66 69 38 77 20 91 30 66 69 38 12 69 38 77 20 91
30 66 12 66 69 38 77 20 91 30 66 69 38 77 20 91
30 66 69 12 66 69 38 77 20 91 30 66 69 38 77 20 91
30 66 69 12 69 38 77 20 91 30 66 69 38 77 20 91
30 66 69 38 12 69 38 77 20 91 30 66 69 38 77 20 91

26 97 63 84 88 73 82 26 97 63 84 88 73 82
26 97 63 84 88 73 82 26 97 5 97 63 84 88 73 82
26 97 63 84 88 73 82 26 97 63 5 97 63 84 88 73 82
26 97 63 84 88 73 82 26 97 63 5 63 84 88 73 82
26 97 63 84 88 73 82 26 97 63 84 5 63 84 88 73 82
26 97 5 97 63 84 88 73 82 26 97 63 84 88 73 82
26 97 63 5 97 63 84 88 73 82 26 97 63 84 88 73 82
26 97 63 5 63 84 88 73 82 26 97 63 84 88 73 82
26 97 63 84 5 63 84 88 73 82 26 97 63 84 88 73 82

99 88 88 17 36 27 69 99 88 88 17 36 27 69
99 88 88 17 36 27 69 99 88 17 88 88 17 36 27 69
99 88 88 17 36 27 69 99 88 88 17 88 88 17 36 27 69
99 88 88 17 36 27 69 99 88 88 17 88 17 36 27 69
99 88 88 17 36 27 69 99 88 88 17 17 88 17 36 27 69
99 88 17 88 88 17 36 27 69 99 88 88 17 36 27 69
99 88 88 17 88 88 17 36 27 69 99 88 88 17 36 27 69
99 88 88 17 88 17 36 27 69 99 88 88 17 36 27 69
99 88 88 17 17 88 17 36 27 69 99 88 88 17 36 27 69

49 23 37 78 67 29 27 49 23 37 78 67 29 27
49 23 37 78 67 29 27 49 23 11 23 37 78 67 29 27
49 23 37 78 67 29 27 49 23 37 11 23 37 78 67 29 27
49 23 37 78 67 29 27 49 23 37 11 37 78 67 29 27
49 23 37 78 67 29 27 49 23 37 78 11 37 78 67 29 27
49 23 11 23 37 78 67 29 27 49 23 37 78 67 29 27
49 23 37 11 23 37 78 67 29 27 49 23 37 78 67 29 27
49 23 37 11 37 78 67 29 27 49 23 37 78 67 29 27
49 23 37 78 11 37 78 67 29 27 49 23 37 78 67 29 27

28 56 64 63 5 53 42 28 56 64 63 5 53 42
28 56 64 63 5 53 42 28 56 13 56 64 63 5 53 42
28 56 64 63 5 53 42 28 56 64 13 56 64 63 5 53 42
28 56 64 63 5 53 42 28 56 64 13 64 63 5 53 42
28 56 64 63 5 53 42 28 56 64 63 13 64 63 5 53 42
28 56 13 56 64 63 5 53 42 28 56 64 63 5 53 42
28 56 64 13 56 64 63 5 53 42 28 56 64 63 5 53 42
28 56 64 13 64 63 5 53 42 28 56 64 63 5 53 42
28 56 64 63 13 64 63 5 53 42 28 56 64 63 5 53 42

23 27 93 5 81 42 8 23 27 93 5 81 42 8
23 27 93 5 81 42 8 23 27 15 27 93 5 81 42 8
23 27 93 5 81 42 8 23 27 93 15 27 93 5 81 42 8
23 27 93 5 81 42 8 23 27 93 15 93 5 81 42 8
23 27 93 5 81 42 8 23 27 93 5 15 93 5 81 42 8
23 27 15 27 93 5 81 42 8 23 27 93 5 81 42 8
23 27 93 15 27 93 5 81 42 8 23 27 93 5 81 42 8
23 27 93 15 93 5 81 42 8 23 27 93 5 81 42 8
23 27 93 5 15 93 5 81 42 8 23 27 93 5 81 42 8

53 27 38 93 82 26 25 53 27 38 93 82 26 25
53 27 38 93 82 26 25 53 27 12 27 38 93 82 26 25
53 27 38 93 82 26 25 53 27 38 12 27 38 93 82 26 25
53 27 38 93 82 26 25 53 27 38 12 38 93 82 26 25
53 27 38 93 82 26 25 53 27 38 93 12 38 93 82 26 25
53 27 12 27 38 93 82 26 25 53 27 38 93 82 26 25
53 27 38 12 27 38 93 82 26 25 53 27 38 93 82 26 25
53 27 38 12 38 93 82 26 25 53 27 38 93 82 26 25
53 27 38 93 12 38 93 82 26 25 53 27 38 93 82 26 25

60 43 55 23 60 31 93 60 43 55 23 60 31 93
60 43 55 23 60 31 93 60 43 12 43 55 23 60 31 93
60 43 55 23 60 31 93 60 43 55 12 43 55 23 60 31 93
60 43 55 23 60 31 93 60 43 55 12 55 23 60 31 93
60 43 55 23 60 31 93 60 43 55 23 12 55 23 60 31 93
60 43 12 43 55 23 60 31 93 60 43 55 23 60 31 93
60 43 55 12 43 55 23 60 31 93 60 43 55 23 60 31 93
60 43 55 12 55 23 60 31 93 60 43 55 23 60 31 93
60 43 55 23 12 55 23 60 31 93 60 43 55 23 60 31 93

44 87 29 39 85 41 84 44 87 29 39 85 41 84
44 87 29 39 85 41 84 44 87 16 87 29 39 85 41 84
44 87 29 39 85 41 84 44 87 29 16 87 29 39 85 41 84
44 87 29 39 85 41 84 44 87 29 16 29 39 85 41 84
44 87 29 39 85 41 84 44 87 29 39 16 29 39 85 41 84
44 87 16 87 29 39 85 41 84 44 87 29 39 85 41 84
44 87 29 16 87 29 39 85 41 84 44 87 29 39 85 41 84
44 87 29 16 29 39 85 41 84 44 87 29 39 85 41 84
44 87 29 39 16 29 39 85 41 84 44 87 29 39 85 41 84

90 48 31 41 65 44 49 90 48 31 41 65 44 49
90 48 31 41 65 44 49 90 48 5 48 31 41 65 44 49
90 48 31 41 65 44 49 90 48 31 5 48 31 41 65 44 49
90 48 31 41 65 44 49 90 48 31 5 31 41 65 44 49
90 48 31 41 65 44 49 90 48 31 41 5 31 41 65 44 49
90 48 5 48 31 41 65 44 49 90 48 31 41 65 44 49
90 48 31 5 48 31 41 65 44 49 90 48 31 41 65 44 49
90 48 31 5 31 41 65 44 49 90 48 31 41 65 44 49
90 48 31 41 5 31 41 65 44 49 90 48 31 41 65 44 49

5 74 53 23 6 31 15 5 74 53 23 6 31 15
5 74 53 23 6 31 15 5 74 19 74 53 23 6 31 15
5 74 53 23 6 31 15 5 74 53 19 74 53 23 6 31 15
5 74 53 23 6 31 15 5 74 53 19 53 23 6 31 15
5 74 53 23 6 31 15 5 74 53 23 19 53 23 6 31 15
5 74 19 74 53 23 6 31 15 5 74 53 23 6 31 15
5 74 53 19 74 53 23 6 31 15 5 74 53 23 6 31 15
5 74 53 19 53 23 6 31 15 5 74 53 23 6 31 15
5 74 53 23 19 53 23 6 31 15 5 74 53 23 6 31 15

42 22 98 5 16 91 7 42 22 98 5 16 91 7
42 22 98 5 16 91 7 42 22 20 22 98 5 16 91 7
42 22 98 5 16 91 7 42 22 98 20 22 98 5 16 91 7
42 22 98 5 16 91 7 42 22 98 20 98 5 16 91 7
42 22 98 5 16 91 7 42 22 98 5 20 98 5 16 91 7
42 22 20 22 98 5 16 91 7 42 22 98 5 16 91 7
42 22 98 20 22 98 5 16 91 7 42 22 98 5 16 91 7
42 22 98 20 98 5 16 91 7 42 22 98 5 16 91 7
42 22 98 5 20 98 5 16 91 7 42 22 98 5 16 91 7

46 75 89 85 39 95 87 46 75 89 85 39 95 87
46 75 89 85 39 95 87 46 75 20 75 89 85 39 95 87
46 75 89 85 39 95 87 46 75 89 20 75 89 85 39 95 87
46 75 89 85 39 95 87 46 75 89 20 89 85 39 95 87
46 75 89 85 39 95 87 46 75 89 85 20 89 85 39 95 87
46 75 20 75 89 85 39 95 87 46 75 89 85 39 95 87
46 75 89 20 75 89 85 39 95 87 46 75 89 85 39 95 87
46 75 89 20 89 85 39 95 87 46 75 89 85 39 95 87
46 75 89 85 20 89 85 39 95 87 46 75 89 85 39 95 87

94 9 91 32 47 26 12 94 9 91 32 47 26 12
94 9 91 32 47 26 12 94 9 17 9 91 32 47 26 12
94 9 91 32 47 26 12 94 9 91 17 9 91 32 47 26 12
94 9 91 32 47 26 12 94 9 91 17 91 32 47 26 12
94 9 91 32 47 26 12 94 9 91 32 17 91 32 47 26 12
94 9 17 9 91 32 47 26 12 94 9 91 32 47 26 12
94 9 91 17 9 91 32 47 26 12 94 9 91 32 47 26 12
94 9 91 17 91 32 47 26 12 94 9 91 32 47 26 12
94 9 91 32 17 91 32 47 26 12 94 9 91 32 47 26 12

24 100 83 40 23 53 77 24 100 83 40 23 53 77
24 100 83 40 23 53 77 24 100 17 100 83 40 23 53 77
24 100 83 40 23 53 77 24 100 83 17 100 83 40 23 53 77
24 100 83 40 23 53 77 24 100 83 17 83 40 23 53 77
24 100 83 40 23 53 77 24 100 83 40 17 83 40 23 53 77
24 100 17 100 83 40 23 53 77 24 100 83 40 23 53 77
24 100 83 17 100 83 40 23 53 77 24 100 83 40 23 53 77
24 100 83 17 83 40 23 53 77 24 100 83 40 23 53 77
24 100 83 40 17 83 40 23 53 77 24 100 83 40 23 53 77

39 11 28 56 40 49 74 39 11 28 56 40 49 74
39 11 28 56 40 49 74 39 11 17 11 28 56 40 49 74
39 11 28 56 40 49 74 39 11 28 17 11 28 56 40 49 74
39 11 28 56 40 49 74 39 11 28 17 28 56 40 49 74
39 11 28 56 40 49 74 39 11 28 56 17 28 56 40 49 74
39 11 17 11 28 56 40 49 74 39 11 28 56 40 49 74
39 11 28 17 11 28 56 40 49 74 39 11 28 56 40 49 74
39 11 28 17 28 56 40 49 74 39 11 28 56 40 49 74
39 11 28 56 17 28 56 40 49 74 39 11 28 56 40 49 74

54 46 86 29 51 75 18 54 46 86 29 51 75 18
54 46 86 29 51 75 18 54 46 9 46 86 29 51 75 18
54 46 86 29 51 75 18 54 46 86 9 46 86 29 51 75 18
54 46 86 29 51 75 18 54 46 86 9 86 29 51 75 18
54 46 86 29 51 75 18 54 46 86 29 9 86 29 51 75 18
54 46 9 46 86 29 51 75 18 54 46 86 29 51 75 18
54 46 86 9 46 86 29 51 75 18 54 46 86 29 51 75 18
54 46 86 9 86 29 51 75 18 54 46 86 29 51 75 18
54 46 86 29 9 86 29 51 75 18 54 46 86 29 51 75 18

12 8 16 50 87 61 18 12 8 16 50 87 61 18
12 8 16 50 87 61 18 12 8 19 8 16 50 87 61 18
12 8 16 50 87 61 18 12 8 16 19 8 16 50 87 61 18
12 8 16 50 87 61 18 12 8 16 19 16 50 87 61 18
12 8 16 50 87 61 18 12 8 16 50 19 16 50 87 61 18
12 8 19 8 16 50 87 61 18 12 8 16 50 87 61 18
12 8 16 19 8 16 50 87 61 18 12 8 16 50 87 61 18
12 8 16 19 16 50 87 61 18 12 8 16 50 87 61 18
12 8 16 50 19 16 50 87 61 18 12 8 16 50 87 61 18

78 44 55 83 33 74 43 78 44 55 83 33 74 43
78 44 55 83 33 74 43 78 44 6 44 55 83 33 74 43
78 44 55 83 33 74 43 78 44 55 6 44 55 83 33 74 43
78 44 55 83 33 74 43 78 44 55 6 55 83 33 74 43
78 44 55 83 33 74 43 78 44 55 83 6 55 83 33 74 43
78 44 6 44 55 83 33 74 43 78 44 55 83 33 74 43
78 44 55 6 44 55 83 33 74 43 78 44 55 83 33 74 43
78 44 55 6 55 83 33 74 43 78 44 55 83 33 74 43
78 44 55 83 6 55 83 33 74 43 78 44 55 83 33 74 43

75 87 21 26 82 62 84 75 87 21 26 82 62 84
75 87 21 26 82 62 84 75 87 13 87 21 26 82 62 84
75 87 21 26 82 62 84 75 87 21 13 87 21 26 82 62 84
75 87 21 26 82 62 84 75 87 21 13 21 26 82 62 84
75 87 21 26 82 62 84 75 87 21 26 13 21 26 82 62 84
75 87 13 87 21 26 82 62 84 75 87 21 26 82 62 84
75 87 21 13 87 21 26 82 62 84 75 87 21 26 82 62 84
75 87 21 13 21 26 82 62 84 75 87 21 26 82 62 84
75 87 21 26 13 21 26 82 62 84 75 87 21 26 82 62 84

52 58 74 22 31 87 86 52 58 74 22 31 87 86
52 58 74 22 31 87 86 52 58 6 58 74 22 31 87 86
52 58 74 22 31 87 86 52 58 74 6 58 74 22 31 87 86
52 58 74 22 31 87 86 52 58 74 6 74 22 31 87 86
52 58 74 22 31 87 86 52 58 74 22 6 74 22 31 87 86
52 58 6 58 74 22 31 87 86 52 58 74 22 31 87 86
52 58 74 6 58 74 22 31 87 86 52 58 74 22 31 87 86
52 58 74 6 74 22 31 87 86 52 58 74 22 31 87 86
52 58 74 22 6 74 22 31 87 86 52 58 74 22 31 87 86

17 34 79 66 81 52 99 17 34 79 66 81 52 99
17 34 79 66 81 52 99 17 34 20 34 79 66 81 52 99
17 34 79 66 81 52 99 17 34 79 20 34 79 66 81 52 99
17 34 79 66 81 52 99 17 34 79 20 79 66 81 52 99
17 34 79 66 81 52 99 17 34 79 66 20 79 66 81 52 99
17 34 20 34 79 66 81 52 99 17 34 79 66 81 52 99
17 34 79 20 34 79 66 81 52 99 17 34 79 66 81 52 99
17 34 79 20 79 66 81 52 99 17 34 79 66 81 52 99
17 34 79 66 20 79 66 81 52 99 17 34 79 66 81 52 99

56 5 40 12 70 39 25 56 5 40 12 70 39 25
56 5 40 12 70 39 25 56 5 11 5 40 12 70 39 25
56 5 40 12 70 39 25 56 5 40 11 5 40 12 70 39 25
56 5 40 12 70 39 25 56 5 40 11 40 12 70 39 25
56 5 40 12 70 39 25 56 5 40 12 11 40 12 70 39 25
56 5 11 5 40 12 70 39 25 56 5 40 12 70 39 25
56 5 40 11 5 40 12 70 39 25 56 5 40 12 70 39 25
56 5 40 11 40 12 70 39 25 56 5 40 12 70 39 25
56 5 40 12 11 40 12 70 39 25 56 5 40 12 70 39 25

96 76 92 46 22 28 82 96 76 92 46 22 28 82
96 76 92 46 22 28 82 96 76 17 76 92 46 22 28 82
96 76 92 46 22 28 82 96 76 92 17 76 92 46 22 28 82
96 76 92 46 22 28 82 96 76 92 17 92 46 22 28 82
96 76 92 46 22 28 82 96 76 92 46 17 92 46 22 28 82
96 76 17 76 92 46 22 28 82 96 76 92 46 22 28 82
96 76 92 17 76 92 46 22 28 82 96 76 92 46 22 28 82
96 76 92 17 92 46 22 28 82 96 76 92 46 22 28 82
96 76 92 46 17 92 46 22 28 82 96 76 92 46 22 28 82

78 43 72 15 59 73 52 78 43 72 15 59 73 52
78 43 72 15 59 73 52 78 43 9 43 72 15 59 73 52
78 43 72 15 59 73 52 78 43 72 9 43 72 15 59 73 52
78 43 72 15 59 73 52 78 43 72 9 72 15 59 73 52
78 43 72 15 59 73 52 78 43 72 15 9 72 15 59 73 52
78 43 9 43 72 15 59 73 52 78 43 72 15 59 73 52
78 43 72 9 43 72 15 59 73 52 78 43 72 15 59 73 52
78 43 72 9 72 15 59 73 52 78 43 72 15 59 73 52
78 43 72 15 9 72 15 59 73 52 78 43 72 15 59 73 52

99 79 86 43 23 65 34 99 79 86 43 23 65 34
99 79 86 43 23 65 34 99 79 18 79 86 43 23 65 34
99 79 86 43 23 65 34 99 79 86 18 79 86 43 23 65 34
99 79 86 43 23 65 34 99 79 86 18 86 43 23 65 34
99 79 86 43 23 65 34 99 79 86 43 18 86 43 23 65 34
99 79 18 79 86 43 23 65 34 99 79 86 43 23 65 34
99 79 86 18 79 86 43 23 65 34 99 79 86 43 23 65 34
99 79 86 18 86 43 23 65 34 99 79 86 43 23 65 34
99 79 86 43 18 86 43 23 65 34 99 79 86 43 23 65 34

42 63 23 57 33 21 7 42 63 23 57 33 21 7
42 63 23 57 33 21 7 42 63 8 63 23 57 33 21 7
42 63 23 57 33 21 7 42 63 23 8 63 23 57 33 21 7
42 63 23 57 33 21 7 42 63 23 8 23 57 33 21 7
42 63 23 57 33 21 7 42 63 23 57 8 23 57 33 21 7
42 63 8 63 23 57 33 21 7 42 63 23 57 33 21 7
42 63 23 8 63 23 57 33 21 7 42 63 23 57 33 21 7
42 63 23 8 23 57 33 21 7 42 63 23 57 33 21 7
42 63 23 57 8 23 57 33 21 7 42 63 23 57 33 21 7

50 83 15 20 10 68 64 50 83 15 20 10 68 64
50 83 15 20 10 68 64 50 83 14 83 15 20 10 68 64
50 83 15 20 10 68 64 50 83 15 14 83 15 20 10 68 64
50 83 15 20 10 68 64 50 83 15 14 15 20 10 68 64
50 83 15 20 10 68 64 50 83 15 20 14 15 20 10 68 64
50 83 14 83 15 20 10 68 64 50 83 15 20 10 68 64
50 83 15 14 83 15 20 10 68 64 50 83 15 20 10 68 64
50 83 15 14 15 20 10 68 64 50 83 15 20 10 68 64
50 83 15 20 14 15 20 10 68 64 50 83 15 20 10 68 64

11 67 37 60 12 48 24 11 67 37 60 12 48 24
11 67 37 60 12 48 24 11 67 14 67 37 60 12 48 24
11 67 37 60 12 48 24 11 67 37 14 67 37 60 12 48 24
11 67 37 60 12 48 24 11 67 37 14 37 60 12 48 24
11 67 37 60 12 48 24 11 67 37 60 14 37 60 12 48 24
11 67 14 67 37 60 12 48 24 11 67 37 60 12 48 24
11 67 37 14 67 37 60 12 48 24 11 67 37 60 12 48 24
11 67 37 14 37 60 12 48 24 11 67 37 60 12 48 24
11 67 37 60 14 37 60 12 48 24 11 67 37 60 12 48 24

15 90 89 75 45 27 27 15 90 89 75 45 27 27
15 90 89 75 45 27 27 15 90 16 90 89 75 45 27 27
15 90 89 75 45 27 27 15 90 89 16 90 89 75 45 27 27
15 90 89 75 45 27 27 15 90 89 16 89 75 45 27 27
15 90 89 75 45 27 27 15 90 89 75 16 89 75 45 27 27
15 90 16 90 89 75 45 27 27 15 90 89 75 45 27 27
15 90 89 16 90 89 75 45 27 27 15 90 89 75 45 27 27
15 90 89 16 89 75 45 27 27 15 90 89 75 45 27 27
15 90 89 75 16 89 75 45 27 27 15 90 89 75 45 27 27

47 97 88 82 14 39 7 47 97 88 82 14 39 7
47 97 88 82 14 39 7 47 97 10 97 88 82 14 39 7
47 97 88 82 14 39 7 47 97 88 10 97 88 82 14 39 7
47 97 88 82 14 39 7 47 97 88 10 88 82 14 39 7
47 97 88 82 14 39 7 47 97 88 82 10 88 82 14 39 7
47 97 10 97 88 82 14 39 7 47 97 88 82 14 39 7
47 97 88 10 97 88 82 14 39 7 47 97 88 82 14 39 7
47 97 88 10 88 82 14 39 7 47 97 88 82 14 39 7
47 97 88 82 10 88 82 14 39 7 47 97 88 82 14 39 7

