100
7
2
2

7
21
28
7
2
4
27
28
24
24
24
21
11
9
11
21
2
23
24
29
7
8
3
26
12
24
30
6
25
1
27
13
9
27
19
2
6
19
11
2
11
27
2
5
12
20
17
28
21
9
14
5
22
29
14
4
10
24
18
29
16
0
9
2
25
4
11
19
27
17
17
2
17
28
12
9
13
21
5
18
24
2
19
2
25
7
17
20
18
11
10
16
16
2
5
5
14
30
25
9

16 62 
83 74 
96 89 
82 75 
77 30 
33 103 
89 68 
77 78 
18 48 
67 69 
54 93 
61 27 
105 97 
83 15 
34 112 
101 97 
41 22 
99 34 
38 54 
112 59 
108 48 
57 68 
17 38 
91 95 
35 71 
92 17 
55 78 
53 60 
93 80 
51 65 
118 53 
73 33 
90 40 
104 45 
71 27 
61 59 
68 90 
66 47 
46 42 
93 101 
76 102 
64 30 
48 39 
85 89 
98 60 
67 65 
88 41 
65 44 
71 68 
68 109 
22 47 
112 104 
102 76 
100 39 
107 21 
102 99 
77 34 
77 50 
26 53 
113 36 
81 99 
30 85 
108 34 
61 42 
35 46 
106 84 
58 22 
66 39 
49 73 
28 66 
28 38 
66 45 
63 81 
89 42 
61 75 
86 24 
89 96 
74 95 
81 36 
74 40 
17 110 
81 67 
54 41 
98 20 
62 112 
104 105 
104 44 
110 96 
66 105 
42 52 
52 20 
72 100 
109 103 
100 77 
76 101 
39 52 
29 49 
111 26 
80 102 
107 101 

1539
1936
2349
2197
1347
1855
2143
1990
1217
1441
1686
1420
1945
2145
2303
2411
933
1917
2068
1776
2000
1996
1000
2673
1360
1212
2399
1642
2020
2027
1714
2096
2527
1404
1636
1948
2105
1785
1569
2386
1956
1749
1781
1563
1478
1961
1994
1790
2192
2570
2160
2309
2384
1964
1576
2088
2198
2235
975
2535
2174
1874
1681
2130
1554
1420
1642
1790
2135
1981
1387
1336
1942
2274
1546
1908
2209
2040
1681
1353
1330
1750
1563
1718
1552
2615
1971
2494
2620
1576
1300
1834
2643
1907
2285
1531
1730
2263
2559
2762

1 2 3 4 5 1 2 3 4 5 6 7
1 2 3 4 5 1 2 100 102 3 4 5 6 7
1 2 3 4 5 1 2 3 100 102 103 4 5 6 7
1 2 3 4 5 1 2 3 100 103 4 5 6 7
1 2 3 4 5 1 2 3 4 100 103 104 5 6 7
1 2 100 102 3 4 5 1 2 3 4 5 6 7
1 2 3 100 102 103 4 5 1 2 3 4 5 6 7
1 2 3 100 103 4 5 1 2 3 4 5 6 7
1 2 3 4 100 103 104 5 1 2 3 4 5 6 7

27 92 6 50 59 8 58 27 92 6 50 59 8 58
27 92 6 50 59 8 58 27 92 12 92 6 50 59 8 58
27 92 6 50 59 8 58 27 92 6 12 92 6 50 59 8 58
27 92 6 50 59 8 58 27 92 6 12 6 50 59 8 58
27 92 6 50 59 8 58 27 92 6 50 12 6 50 59 8 58
27 92 12 92 6 50 59 8 58 27 92 6 50 59 8 58
27 92 6 12 92 6 50 59 8 58 27 92 6 50 59 8 58
27 92 6 12 6 50 59 8 58 27 92 6 50 59 8 58
27 92 6 50 12 6 50 59 8 58 27 92 6 50 59 8 58

49 57 77 68 55 14 41 49 57 77 68 55 14 41
49 57 77 68 55 14 41 49 57 16 57 77 68 55 14 41
49 57 77 68 55 14 41 49 57 77 16 57 77 68 55 14 41
49 57 77 68 55 14 41 49 57 77 16 77 68 55 14 41
49 57 77 68 55 14 41 49 57 77 68 16 77 68 55 14 41
49 57 16 57 77 68 55 14 41 49 57 77 68 55 14 41
49 57 77 16 57 77 68 55 14 41 49 57 77 68 55 14 41
49 57 77 16 77 68 55 14 41 49 57 77 68 55 14 41
49 57 77 68 16 77 68 55 14 41 49 57 77 68 55 14 41

36 52 90 73 96 50 61 36 52 90 73 96 50 61
36 52 90 73 96 50 61 36 52 11 52 90 73 96 50 61
36 52 90 73 96 50 61 36 52 90 11 52 90 73 96 50 61
36 52 90 73 96 50 61 36 52 90 11 90 73 96 50 61
36 52 90 73 96 50 61 36 52 90 73 11 90 73 96 50 61
36 52 11 52 90 73 96 50 61 36 52 90 73 96 50 61
36 52 90 11 52 90 73 96 50 61 36 52 90 73 96 50 61
36 52 90 11 90 73 96 50 61 36 52 90 73 96 50 61
36 52 90 73 11 90 73 96 50 61 36 52 90 73 96 50 61

94 44 71 65 47 66 45 94 44 71 65 47 66 45
94 44 71 65 47 66 45 94 44 6 44 71 65 47 66 45
94 44 71 65 47 66 45 94 44 71 6 44 71 65 47 66 45
94 44 71 65 47 66 45 94 44 71 6 71 65 47 66 45
94 44 71 65 47 66 45 94 44 71 65 6 71 65 47 66 45
94 44 6 44 71 65 47 66 45 94 44 71 65 47 66 45
94 44 71 6 44 71 65 47 66 45 94 44 71 65 47 66 45
94 44 71 6 71 65 47 66 45 94 44 71 65 47 66 45
94 44 71 65 6 71 65 47 66 45 94 44 71 65 47 66 45

9 18 68 24 50 63 63 9 18 68 24 50 63 63
9 18 68 24 50 63 63 9 18 17 18 68 24 50 63 63
9 18 68 24 50 63 63 9 18 68 17 18 68 24 50 63 63
9 18 68 24 50 63 63 9 18 68 17 68 24 50 63 63
9 18 68 24 50 63 63 9 18 68 24 17 68 24 50 63 63
9 18 17 18 68 24 50 63 63 9 18 68 24 50 63 63
9 18 68 17 18 68 24 50 63 63 9 18 68 24 50 63 63
9 18 68 17 68 24 50 63 63 9 18 68 24 50 63 63
9 18 68 24 17 68 24 50 63 63 9 18 68 24 50 63 63

31 47 13 93 57 68 94 31 47 13 93 57 68 94
31 47 13 93 57 68 94 31 47 6 47 13 93 57 68 94
31 47 13 93 57 68 94 31 47 13 6 47 13 93 57 68 94
31 47 13 93 57 68 94 31 47 13 6 13 93 57 68 94
31 47 13 93 57 68 94 31 47 13 93 6 13 93 57 68 94
31 47 6 47 13 93 57 68 94 31 47 13 93 57 68 94
31 47 13 6 47 13 93 57 68 94 31 47 13 93 57 68 94
31 47 13 6 13 93 57 68 94 31 47 13 93 57 68 94
31 47 13 93 6 13 93 57 68 94 31 47 13 93 57 68 94

79 36 82 49 61 45 71 79 36 82 49 61 45 71
79 36 82 49 61 45 71 79 36 11 36 82 49 61 45 71
79 36 82 49 61 45 71 79 36 82 11 36 82 49 61 45 71
79 36 82 49 61 45 71 79 36 82 11 82 49 61 45 71
79 36 82 49 61 45 71 79 36 82 49 11 82 49 61 45 71
79 36 11 36 82 49 61 45 71 79 36 82 49 61 45 71
79 36 82 11 36 82 49 61 45 71 79 36 82 49 61 45 71
79 36 82 11 82 49 61 45 71 79 36 82 49 61 45 71
79 36 82 49 11 82 49 61 45 71 79 36 82 49 61 45 71

75 46 59 71 48 78 14 75 46 59 71 48 78 14
75 46 59 71 48 78 14 75 46 15 46 59 71 48 78 14
75 46 59 71 48 78 14 75 46 59 15 46 59 71 48 78 14
75 46 59 71 48 78 14 75 46 59 15 59 71 48 78 14
75 46 59 71 48 78 14 75 46 59 71 15 59 71 48 78 14
75 46 15 46 59 71 48 78 14 75 46 59 71 48 78 14
75 46 59 15 46 59 71 48 78 14 75 46 59 71 48 78 14
75 46 59 15 59 71 48 78 14 75 46 59 71 48 78 14
75 46 59 71 15 59 71 48 78 14 75 46 59 71 48 78 14

13 54 6 39 34 62 64 13 54 6 39 34 62 64
13 54 6 39 34 62 64 13 54 20 54 6 39 34 62 64
13 54 6 39 34 62 64 13 54 6 20 54 6 39 34 62 64
13 54 6 39 34 62 64 13 54 6 20 6 39 34 62 64
13 54 6 39 34 62 64 13 54 6 39 20 6 39 34 62 64
13 54 20 54 6 39 34 62 64 13 54 6 39 34 62 64
13 54 6 20 54 6 39 34 62 64 13 54 6 39 34 62 64
13 54 6 20 6 39 34 62 64 13 54 6 39 34 62 64
13 54 6 39 20 6 39 34 62 64 13 54 6 39 34 62 64

10 39 58 53 34 71 27 10 39 58 53 34 71 27
10 39 58 53 34 71 27 10 39 9 39 58 53 34 71 27
10 39 58 53 34 71 27 10 39 58 9 39 58 53 34 71 27
10 39 58 53 34 71 27 10 39 58 9 58 53 34 71 27
10 39 58 53 34 71 27 10 39 58 53 9 58 53 34 71 27
10 39 9 39 58 53 34 71 27 10 39 58 53 34 71 27
10 39 58 9 39 58 53 34 71 27 10 39 58 53 34 71 27
10 39 58 9 58 53 34 71 27 10 39 58 53 34 71 27
10 39 58 53 9 58 53 34 71 27 10 39 58 53 34 71 27

93 13 47 75 10 51 56 93 13 47 75 10 51 56
93 13 47 75 10 51 56 93 13 8 13 47 75 10 51 56
93 13 47 75 10 51 56 93 13 47 8 13 47 75 10 51 56
93 13 47 75 10 51 56 93 13 47 8 47 75 10 51 56
93 13 47 75 10 51 56 93 13 47 75 8 47 75 10 51 56
93 13 8 13 47 75 10 51 56 93 13 47 75 10 51 56
93 13 47 8 13 47 75 10 51 56 93 13 47 75 10 51 56
93 13 47 8 47 75 10 51 56 93 13 47 75 10 51 56
93 13 47 75 8 47 75 10 51 56 93 13 47 75 10 51 56

54 62 55 8 30 51 21 54 62 55 8 30 51 21
54 62 55 8 30 51 21 54 62 5 62 55 8 30 51 21
54 62 55 8 30 51 21 54 62 55 5 62 55 8 30 51 21
54 62 55 8 30 51 21 54 62 55 5 55 8 30 51 21
54 62 55 8 30 51 21 54 62 55 8 5 55 8 30 51 21
54 62 5 62 55 8 30 51 21 54 62 55 8 30 51 21
54 62 55 5 62 55 8 30 51 21 54 62 55 8 30 51 21
54 62 55 5 55 8 30 51 21 54 62 55 8 30 51 21
54 62 55 8 5 55 8 30 51 21 54 62 55 8 30 51 21

18 19 95 78 68 75 32 18 19 95 78 68 75 32
18 19 95 78 68 75 32 18 19 18 19 95 78 68 75 32
18 19 95 78 68 75 32 18 19 95 18 19 95 78 68 75 32
18 19 95 78 68 75 32 18 19 95 18 95 78 68 75 32
18 19 95 78 68 75 32 18 19 95 78 18 95 78 68 75 32
18 19 18 19 95 78 68 75 32 18 19 95 78 68 75 32
18 19 95 18 19 95 78 68 75 32 18 19 95 78 68 75 32
18 19 95 18 95 78 68 75 32 18 19 95 78 68 75 32
18 19 95 78 18 95 78 68 75 32 18 19 95 78 68 75 32

78 87 68 7 57 66 65 78 87 68 7 57 66 65
78 87 68 7 57 66 65 78 87 7 87 68 7 57 66 65
78 87 68 7 57 66 65 78 87 68 7 87 68 7 57 66 65
78 87 68 7 57 66 65 78 87 68 7 68 7 57 66 65
78 87 68 7 57 66 65 78 87 68 7 7 68 7 57 66 65
78 87 7 87 68 7 57 66 65 78 87 68 7 57 66 65
78 87 68 7 87 68 7 57 66 65 78 87 68 7 57 66 65
78 87 68 7 68 7 57 66 65 78 87 68 7 57 66 65
78 87 68 7 7 68 7 57 66 65 78 87 68 7 57 66 65

72 60 21 92 70 89 81 72 60 21 92 70 89 81
72 60 21 92 70 89 81 72 60 8 60 21 92 70 89 81
72 60 21 92 70 89 81 72 60 21 8 60 21 92 70 89 81
72 60 21 92 70 89 81 72 60 21 8 21 92 70 89 81
72 60 21 92 70 89 81 72 60 21 92 8 21 92 70 89 81
72 60 8 60 21 92 70 89 81 72 60 21 92 70 89 81
72 60 21 8 60 21 92 70 89 81 72 60 21 92 70 89 81
72 60 21 8 21 92 70 89 81 72 60 21 92 70 89 81
72 60 21 92 8 21 92 70 89 81 72 60 21 92 70 89 81

87 20 81 83 97 43 59 87 20 81 83 97 43 59
87 20 81 83 97 43 59 87 20 19 20 81 83 97 43 59
87 20 81 83 97 43 59 87 20 81 19 20 81 83 97 43 59
87 20 81 83 97 43 59 87 20 81 19 81 83 97 43 59
87 20 81 83 97 43 59 87 20 81 83 19 81 83 97 43 59
87 20 19 20 81 83 97 43 59 87 20 81 83 97 43 59
87 20 81 19 20 81 83 97 43 59 87 20 81 83 97 43 59
87 20 81 19 81 83 97 43 59 87 20 81 83 97 43 59
87 20 81 83 19 81 83 97 43 59 87 20 81 83 97 43 59

53 14 27 7 15 80 9 53 14 27 7 15 80 9
53 14 27 7 15 80 9 53 14 14 14 27 7 15 80 9
53 14 27 7 15 80 9 53 14 27 14 14 27 7 15 80 9
53 14 27 7 15 80 9 53 14 27 14 27 7 15 80 9
53 14 27 7 15 80 9 53 14 27 7 14 27 7 15 80 9
53 14 14 14 27 7 15 80 9 53 14 27 7 15 80 9
53 14 27 14 14 27 7 15 80 9 53 14 27 7 15 80 9
53 14 27 14 27 7 15 80 9 53 14 27 7 15 80 9
53 14 27 7 14 27 7 15 80 9 53 14 27 7 15 80 9

63 53 84 24 63 56 33 63 53 84 24 63 56 33
63 53 84 24 63 56 33 63 53 11 53 84 24 63 56 33
63 53 84 24 63 56 33 63 53 84 11 53 84 24 63 56 33
63 53 84 24 63 56 33 63 53 84 11 84 24 63 56 33
63 53 84 24 63 56 33 63 53 84 24 11 84 24 63 56 33
63 53 11 53 84 24 63 56 33 63 53 84 24 63 56 33
63 53 84 11 53 84 24 63 56 33 63 53 84 24 63 56 33
63 53 84 11 84 24 63 56 33 63 53 84 24 63 56 33
63 53 84 24 11 84 24 63 56 33 63 53 84 24 63 56 33

97 63 21 49 60 60 55 97 63 21 49 60 60 55
97 63 21 49 60 60 55 97 63 18 63 21 49 60 60 55
97 63 21 49 60 60 55 97 63 21 18 63 21 49 60 60 55
97 63 21 49 60 60 55 97 63 21 18 21 49 60 60 55
97 63 21 49 60 60 55 97 63 21 49 18 21 49 60 60 55
97 63 18 63 21 49 60 60 55 97 63 21 49 60 60 55
97 63 21 18 63 21 49 60 60 55 97 63 21 49 60 60 55
97 63 21 18 21 49 60 60 55 97 63 21 49 60 60 55
97 63 21 49 18 21 49 60 60 55 97 63 21 49 60 60 55

47 24 100 54 33 55 35 47 24 100 54 33 55 35
47 24 100 54 33 55 35 47 24 11 24 100 54 33 55 35
47 24 100 54 33 55 35 47 24 100 11 24 100 54 33 55 35
47 24 100 54 33 55 35 47 24 100 11 100 54 33 55 35
47 24 100 54 33 55 35 47 24 100 54 11 100 54 33 55 35
47 24 11 24 100 54 33 55 35 47 24 100 54 33 55 35
47 24 100 11 24 100 54 33 55 35 47 24 100 54 33 55 35
47 24 100 11 100 54 33 55 35 47 24 100 54 33 55 35
47 24 100 54 11 100 54 33 55 35 47 24 100 54 33 55 35

28 58 90 38 51 63 86 28 58 90 38 51 63 86
28 58 90 38 51 63 86 28 58 19 58 90 38 51 63 86
28 58 90 38 51 63 86 28 58 90 19 58 90 38 51 63 86
28 58 90 38 51 63 86 28 58 90 19 90 38 51 63 86
28 58 90 38 51 63 86 28 58 90 38 19 90 38 51 63 86
28 58 19 58 90 38 51 63 86 28 58 90 38 51 63 86
28 58 90 19 58 90 38 51 63 86 28 58 90 38 51 63 86
28 58 90 19 90 38 51 63 86 28 58 90 38 51 63 86
28 58 90 38 19 90 38 51 63 86 28 58 90 38 51 63 86

96 63 46 57 53 42 20 96 63 46 57 53 42 20
96 63 46 57 53 42 20 96 63 20 63 46 57 53 42 20
96 63 46 57 53 42 20 96 63 46 20 63 46 57 53 42 20
96 63 46 57 53 42 20 96 63 46 20 46 57 53 42 20
96 63 46 57 53 42 20 96 63 46 57 20 46 57 53 42 20
96 63 20 63 46 57 53 42 20 96 63 46 57 53 42 20
96 63 46 20 63 46 57 53 42 20 96 63 46 57 53 42 20
96 63 46 20 46 57 53 42 20 96 63 46 57 53 42 20
96 63 46 57 20 46 57 53 42 20 96 63 46 57 53 42 20

30 15 11 21 67 49 12 30 15 11 21 67 49 12
30 15 11 21 67 49 12 30 15 14 15 11 21 67 49 12
30 15 11 21 67 49 12 30 15 11 14 15 11 21 67 49 12
30 15 11 21 67 49 12 30 15 11 14 11 21 67 49 12
30 15 11 21 67 49 12 30 15 11 21 14 11 21 67 49 12
30 15 14 15 11 21 67 49 12 30 15 11 21 67 49 12
30 15 11 14 15 11 21 67 49 12 30 15 11 21 67 49 12
30 15 11 14 11 21 67 49 12 30 15 11 21 67 49 12
30 15 11 21 14 11 21 67 49 12 30 15 11 21 67 49 12

76 75 74 88 62 87 89 76 75 74 88 62 87 89
76 75 74 88 62 87 89 76 75 19 75 74 88 62 87 89
76 75 74 88 62 87 89 76 75 74 19 75 74 88 62 87 89
76 75 74 88 62 87 89 76 75 74 19 74 88 62 87 89
76 75 74 88 62 87 89 76 75 74 88 19 74 88 62 87 89
76 75 19 75 74 88 62 87 89 76 75 74 88 62 87 89
76 75 74 19 75 74 88 62 87 89 76 75 74 88 62 87 89
76 75 74 19 74 88 62 87 89 76 75 74 88 62 87 89
76 75 74 88 19 74 88 62 87 89 76 75 74 88 62 87 89

82 12 15 62 38 28 21 82 12 15 62 38 28 21
82 12 15 62 38 28 21 82 12 10 12 15 62 38 28 21
82 12 15 62 38 28 21 82 12 15 10 12 15 62 38 28 21
82 12 15 62 38 28 21 82 12 15 10 15 62 38 28 21
82 12 15 62 38 28 21 82 12 15 62 10 15 62 38 28 21
82 12 10 12 15 62 38 28 21 82 12 15 62 38 28 21
82 12 15 10 12 15 62 38 28 21 82 12 15 62 38 28 21
82 12 15 10 15 62 38 28 21 82 12 15 62 38 28 21
82 12 15 62 10 15 62 38 28 21 82 12 15 62 38 28 21

45 26 86 5 14 13 48 45 26 86 5 14 13 48
45 26 86 5 14 13 48 45 26 5 26 86 5 14 13 48
45 26 86 5 14 13 48 45 26 86 5 26 86 5 14 13 48
45 26 86 5 14 13 48 45 26 86 5 86 5 14 13 48
45 26 86 5 14 13 48 45 26 86 5 5 86 5 14 13 48
45 26 5 26 86 5 14 13 48 45 26 86 5 14 13 48
45 26 86 5 26 86 5 14 13 48 45 26 86 5 14 13 48
45 26 86 5 86 5 14 13 48 45 26 86 5 14 13 48
45 26 86 5 5 86 5 14 13 48 45 26 86 5 14 13 48

96 41 50 65 95 34 98 96 41 50 65 95 34 98
96 41 50 65 95 34 98 96 41 11 41 50 65 95 34 98
96 41 50 65 95 34 98 96 41 50 11 41 50 65 95 34 98
96 41 50 65 95 34 98 96 41 50 11 50 65 95 34 98
96 41 50 65 95 34 98 96 41 50 65 11 50 65 95 34 98
96 41 11 41 50 65 95 34 98 96 41 50 65 95 34 98
96 41 50 11 41 50 65 95 34 98 96 41 50 65 95 34 98
96 41 50 11 50 65 95 34 98 96 41 50 65 95 34 98
96 41 50 65 11 50 65 95 34 98 96 41 50 65 95 34 98

98 38 43 51 11 73 18 98 38 43 51 11 73 18
98 38 43 51 11 73 18 98 38 10 38 43 51 11 73 18
98 38 43 51 11 73 18 98 38 43 10 38 43 51 11 73 18
98 38 43 51 11 73 18 98 38 43 10 43 51 11 73 18
98 38 43 51 11 73 18 98 38 43 51 10 43 51 11 73 18
98 38 10 38 43 51 11 73 18 98 38 43 51 11 73 18
98 38 43 10 38 43 51 11 73 18 98 38 43 51 11 73 18
98 38 43 10 43 51 11 73 18 98 38 43 51 11 73 18
98 38 43 51 10 43 51 11 73 18 98 38 43 51 11 73 18

16 27 78 60 88 59 78 16 27 78 60 88 59 78
16 27 78 60 88 59 78 16 27 12 27 78 60 88 59 78
16 27 78 60 88 59 78 16 27 78 12 27 78 60 88 59 78
16 27 78 60 88 59 78 16 27 78 12 78 60 88 59 78
16 27 78 60 88 59 78 16 27 78 60 12 78 60 88 59 78
16 27 12 27 78 60 88 59 78 16 27 78 60 88 59 78
16 27 78 12 27 78 60 88 59 78 16 27 78 60 88 59 78
16 27 78 12 78 60 88 59 78 16 27 78 60 88 59 78
16 27 78 60 12 78 60 88 59 78 16 27 78 60 88 59 78

75 61 42 57 64 12 93 75 61 42 57 64 12 93
75 61 42 57 64 12 93 75 61 7 61 42 57 64 12 93
75 61 42 57 64 12 93 75 61 42 7 61 42 57 64 12 93
75 61 42 57 64 12 93 75 61 42 7 42 57 64 12 93
75 61 42 57 64 12 93 75 61 42 57 7 42 57 64 12 93
75 61 7 61 42 57 64 12 93 75 61 42 57 64 12 93
75 61 42 7 61 42 57 64 12 93 75 61 42 57 64 12 93
75 61 42 7 42 57 64 12 93 75 61 42 57 64 12 93
75 61 42 57 7 42 57 64 12 93 75 61 42 57 64 12 93

51 21 99 43 37 54 21 51 21 99 43 37 54 21
51 21 99 43 37 54 21 51 21 13 21 99 43 37 54 21
51 21 99 43 37 54 21 51 21 99 13 21 99 43 37 54 21
51 21 99 43 37 54 21 51 21 99 13 99 43 37 54 21
51 21 99 43 37 54 21 51 21 99 43 13 99 43 37 54 21
51 21 13 21 99 43 37 54 21 51 21 99 43 37 54 21
51 21 99 13 21 99 43 37 54 21 51 21 99 43 37 54 21
51 21 99 13 99 43 37 54 21 51 21 99 43 37 54 21
51 21 99 43 13 99 43 37 54 21 51 21 99 43 37 54 21

91 41 57 23 58 89 80 91 41 57 23 58 89 80
91 41 57 23 58 89 80 91 41 10 41 57 23 58 89 80
91 41 57 23 58 89 80 91 41 57 10 41 57 23 58 89 80
91 41 57 23 58 89 80 91 41 57 10 57 23 58 89 80
91 41 57 23 58 89 80 91 41 57 23 10 57 23 58 89 80
91 41 10 41 57 23 58 89 80 91 41 57 23 58 89 80
91 41 57 10 41 57 23 58 89 80 91 41 57 23 58 89 80
91 41 57 10 57 23 58 89 80 91 41 57 23 58 89 80
91 41 57 23 10 57 23 58 89 80 91 41 57 23 58 89 80

87 96 73 31 87 100 11 87 96 73 31 87 100 11
87 96 73 31 87 100 11 87 96 16 96 73 31 87 100 11
87 96 73 31 87 100 11 87 96 73 16 96 73 31 87 100 11
87 96 73 31 87 100 11 87 96 73 16 73 31 87 100 11
87 96 73 31 87 100 11 87 96 73 31 16 73 31 87 100 11
87 96 16 96 73 31 87 100 11 87 96 73 31 87 100 11
87 96 73 16 96 73 31 87 100 11 87 96 73 31 87 100 11
87 96 73 16 73 31 87 100 11 87 96 73 31 87 100 11
87 96 73 31 16 73 31 87 100 11 87 96 73 31 87 100 11

30 5 84 36 44 15 65 30 5 84 36 44 15 65
30 5 84 36 44 15 65 30 5 14 5 84 36 44 15 65
30 5 84 36 44 15 65 30 5 84 14 5 84 36 44 15 65
30 5 84 36 44 15 65 30 5 84 14 84 36 44 15 65
30 5 84 36 44 15 65 30 5 84 36 14 84 36 44 15 65
30 5 14 5 84 36 44 15 65 30 5 84 36 44 15 65
30 5 84 14 5 84 36 44 15 65 30 5 84 36 44 15 65
30 5 84 14 84 36 44 15 65 30 5 84 36 44 15 65
30 5 84 36 14 84 36 44 15 65 30 5 84 36 44 15 65

46 41 56 14 83 21 50 46 41 56 14 83 21 50
46 41 56 14 83 21 50 46 41 18 41 56 14 83 21 50
46 41 56 14 83 21 50 46 41 56 18 41 56 14 83 21 50
46 41 56 14 83 21 50 46 41 56 18 56 14 83 21 50
46 41 56 14 83 21 50 46 41 56 14 18 56 14 83 21 50
46 41 18 41 56 14 83 21 50 46 41 56 14 83 21 50
46 41 56 18 41 56 14 83 21 50 46 41 56 14 83 21 50
46 41 56 18 56 14 83 21 50 46 41 56 14 83 21 50
46 41 56 14 18 56 14 83 21 50 46 41 56 14 83 21 50

100 21 53 41 74 94 10 100 21 53 41 74 94 10
100 21 53 41 74 94 10 100 21 20 21 53 41 74 94 10
100 21 53 41 74 94 10 100 21 53 20 21 53 41 74 94 10
100 21 53 41 74 94 10 100 21 53 20 53 41 74 94 10
100 21 53 41 74 94 10 100 21 53 41 20 53 41 74 94 10
100 21 20 21 53 41 74 94 10 100 21 53 41 74 94 10
100 21 53 20 21 53 41 74 94 10 100 21 53 41 74 94 10
100 21 53 20 53 41 74 94 10 100 21 53 41 74 94 10
100 21 53 41 20 53 41 74 94 10 100 21 53 41 74 94 10

45 26 53 76 93 75 59 45 26 53 76 93 75 59
45 26 53 76 93 75 59 45 26 13 26 53 76 93 75 59
45 26 53 76 93 75 59 45 26 53 13 26 53 76 93 75 59
45 26 53 76 93 75 59 45 26 53 13 53 76 93 75 59
45 26 53 76 93 75 59 45 26 53 76 13 53 76 93 75 59
45 26 13 26 53 76 93 75 59 45 26 53 76 93 75 59
45 26 53 13 26 53 76 93 75 59 45 26 53 76 93 75 59
45 26 53 13 53 76 93 75 59 45 26 53 76 93 75 59
45 26 53 76 13 53 76 93 75 59 45 26 53 76 93 75 59

29 74 50 33 65 17 94 29 74 50 33 65 17 94
29 74 50 33 65 17 94 29 74 15 74 50 33 65 17 94
29 74 50 33 65 17 94 29 74 50 15 74 50 33 65 17 94
29 74 50 33 65 17 94 29 74 50 15 50 33 65 17 94
29 74 50 33 65 17 94 29 74 50 33 15 50 33 65 17 94
29 74 15 74 50 33 65 17 94 29 74 50 33 65 17 94
29 74 50 15 74 50 33 65 17 94 29 74 50 33 65 17 94
29 74 50 15 50 33 65 17 94 29 74 50 33 65 17 94
29 74 50 33 15 50 33 65 17 94 29 74 50 33 65 17 94

8 78 27 37 75 62 32 8 78 27 37 75 62 32
8 78 27 37 75 62 32 8 78 14 78 27 37 75 62 32
8 78 27 37 75 62 32 8 78 27 14 78 27 37 75 62 32
8 78 27 37 75 62 32 8 78 27 14 27 37 75 62 32
8 78 27 37 75 62 32 8 78 27 37 14 27 37 75 62 32
8 78 14 78 27 37 75 62 32 8 78 27 37 75 62 32
8 78 27 14 78 27 37 75 62 32 8 78 27 37 75 62 32
8 78 27 14 27 37 75 62 32 8 78 27 37 75 62 32
8 78 27 37 14 27 37 75 62 32 8 78 27 37 75 62 32

84 62 84 95 12 84 56 84 62 84 95 12 84 56
84 62 84 95 12 84 56 84 62 15 62 84 95 12 84 56
84 62 84 95 12 84 56 84 62 84 15 62 84 95 12 84 56
84 62 84 95 12 84 56 84 62 84 15 84 95 12 84 56
84 62 84 95 12 84 56 84 62 84 95 15 84 95 12 84 56
84 62 15 62 84 95 12 84 56 84 62 84 95 12 84 56
84 62 84 15 62 84 95 12 84 56 84 62 84 95 12 84 56
84 62 84 15 84 95 12 84 56 84 62 84 95 12 84 56
84 62 84 95 15 84 95 12 84 56 84 62 84 95 12 84 56

8 90 63 91 16 72 73 8 90 63 91 16 72 73
8 90 63 91 16 72 73 8 90 18 90 63 91 16 72 73
8 90 63 91 16 72 73 8 90 63 18 90 63 91 16 72 73
8 90 63 91 16 72 73 8 90 63 18 63 91 16 72 73
8 90 63 91 16 72 73 8 90 63 91 18 63 91 16 72 73
8 90 18 90 63 91 16 72 73 8 90 63 91 16 72 73
8 90 63 18 90 63 91 16 72 73 8 90 63 91 16 72 73
8 90 63 18 63 91 16 72 73 8 90 63 91 16 72 73
8 90 63 91 18 63 91 16 72 73 8 90 63 91 16 72 73

76 32 44 21 61 62 56 76 32 44 21 61 62 56
76 32 44 21 61 62 56 76 32 8 32 44 21 61 62 56
76 32 44 21 61 62 56 76 32 44 8 32 44 21 61 62 56
76 32 44 21 61 62 56 76 32 44 8 44 21 61 62 56
76 32 44 21 61 62 56 76 32 44 21 8 44 21 61 62 56
76 32 8 32 44 21 61 62 56 76 32 44 21 61 62 56
76 32 44 8 32 44 21 61 62 56 76 32 44 21 61 62 56
76 32 44 8 44 21 61 62 56 76 32 44 21 61 62 56
76 32 44 21 8 44 21 61 62 56 76 32 44 21 61 62 56

84 57 31 31 52 41 56 84 57 31 31 52 41 56
84 57 31 31 52 41 56 84 57 16 57 31 31 52 41 56
84 57 31 31 52 41 56 84 57 31 16 57 31 31 52 41 56
84 57 31 31 52 41 56 84 57 31 16 31 31 52 41 56
84 57 31 31 52 41 56 84 57 31 31 16 31 31 52 41 56
84 57 16 57 31 31 52 41 56 84 57 31 31 52 41 56
84 57 31 16 57 31 31 52 41 56 84 57 31 31 52 41 56
84 57 31 16 31 31 52 41 56 84 57 31 31 52 41 56
84 57 31 31 16 31 31 52 41 56 84 57 31 31 52 41 56

63 11 66 72 32 39 16 63 11 66 72 32 39 16
63 11 66 72 32 39 16 63 11 8 11 66 72 32 39 16
63 11 66 72 32 39 16 63 11 66 8 11 66 72 32 39 16
63 11 66 72 32 39 16 63 11 66 8 66 72 32 39 16
63 11 66 72 32 39 16 63 11 66 72 8 66 72 32 39 16
63 11 8 11 66 72 32 39 16 63 11 66 72 32 39 16
63 11 66 8 11 66 72 32 39 16 63 11 66 72 32 39 16
63 11 66 8 66 72 32 39 16 63 11 66 72 32 39 16
63 11 66 72 8 66 72 32 39 16 63 11 66 72 32 39 16

20 6 90 40 71 34 14 20 6 90 40 71 34 14
20 6 90 40 71 34 14 20 6 17 6 90 40 71 34 14
20 6 90 40 71 34 14 20 6 90 17 6 90 40 71 34 14
20 6 90 40 71 34 14 20 6 90 17 90 40 71 34 14
20 6 90 40 71 34 14 20 6 90 40 17 90 40 71 34 14
20 6 17 6 90 40 71 34 14 20 6 90 40 71 34 14
20 6 90 17 6 90 40 71 34 14 20 6 90 40 71 34 14
20 6 90 17 90 40 71 34 14 20 6 90 40 71 34 14
20 6 90 40 17 90 40 71 34 14 20 6 90 40 71 34 14

62 62 61 60 54 41 25 62 62 61 60 54 41 25
62 62 61 60 54 41 25 62 62 9 62 61 60 54 41 25
62 62 61 60 54 41 25 62 62 61 9 62 61 60 54 41 25
62 62 61 60 54 41 25 62 62 61 9 61 60 54 41 25
62 62 61 60 54 41 25 62 62 61 60 9 61 60 54 41 25
62 62 9 62 61 60 54 41 25 62 62 61 60 54 41 25
62 62 61 9 62 61 60 54 41 25 62 62 61 60 54 41 25
62 62 61 9 61 60 54 41 25 62 62 61 60 54 41 25
62 62 61 60 9 61 60 54 41 25 62 62 61 60 54 41 25

33 50 82 32 94 88 16 33 50 82 32 94 88 16
33 50 82 32 94 88 16 33 50 10 50 82 32 94 88 16
33 50 82 32 94 88 16 33 50 82 10 50 82 32 94 88 16
33 50 82 32 94 88 16 33 50 82 10 82 32 94 88 16
33 50 82 32 94 88 16 33 50 82 32 10 82 32 94 88 16
33 50 10 50 82 32 94 88 16 33 50 82 32 94 88 16
33 50 82 10 50 82 32 94 88 16 33 50 82 32 94 88 16
33 50 82 10 82 32 94 88 16 33 50 82 32 94 88 16
33 50 82 32 10 82 32 94 88 16 33 50 82 32 94 88 16

72 69 46 32 27 89 19 72 69 46 32 27 89 19
72 69 46 32 27 89 19 72 69 13 69 46 32 27 89 19
72 69 46 32 27 89 19 72 69 46 13 69 46 32 27 89 19
72 69 46 32 27 89 19 72 69 46 13 46 32 27 89 19
72 69 46 32 27 89 19 72 69 46 32 13 46 32 27 89 19
72 69 13 69 46 32 27 89 19 72 69 46 32 27 89 19
72 69 46 13 69 46 32 27 89 19 72 69 46 32 27 89 19
72 69 46 13 46 32 27 89 19 72 69 46 32 27 89 19
72 69 46 32 13 46 32 27 89 19 72 69 46 32 27 89 19

79 74 56 58 38 66 80 79 74 56 58 38 66 80
79 74 56 58 38 66 80 79 74 14 74 56 58 38 66 80
79 74 56 58 38 66 80 79 74 56 14 74 56 58 38 66 80
79 74 56 58 38 66 80 79 74 56 14 56 58 38 66 80
79 74 56 58 38 66 80 79 74 56 58 14 56 58 38 66 80
79 74 14 74 56 58 38 66 80 79 74 56 58 38 66 80
79 74 56 14 74 56 58 38 66 80 79 74 56 58 38 66 80
79 74 56 14 56 58 38 66 80 79 74 56 58 38 66 80
79 74 56 58 14 56 58 38 66 80 79 74 56 58 38 66 80

82 82 53 97 82 67 16 82 82 53 97 82 67 16
82 82 53 97 82 67 16 82 82 6 82 53 97 82 67 16
82 82 53 97 82 67 16 82 82 53 6 82 53 97 82 67 16
82 82 53 97 82 67 16 82 82 53 6 53 97 82 67 16
82 82 53 97 82 67 16 82 82 53 97 6 53 97 82 67 16
82 82 6 82 53 97 82 67 16 82 82 53 97 82 67 16
82 82 53 6 82 53 97 82 67 16 82 82 53 97 82 67 16
82 82 53 6 53 97 82 67 16 82 82 53 97 82 67 16
82 82 53 97 6 53 97 82 67 16 82 82 53 97 82 67 16

94 57 7 40 96 56 94 94 57 7 40 96 56 94
94 57 7 40 96 56 94 94 57 15 57 7 40 96 56 94
94 57 7 40 96 56 94 94 57 7 15 57 7 40 96 56 94
94 57 7 40 96 56 94 94 57 7 15 7 40 96 56 94
94 57 7 40 96 56 94 94 57 7 40 15 7 40 96 56 94
94 57 15 57 7 40 96 56 94 94 57 7 40 96 56 94
94 57 7 15 57 7 40 96 56 94 94 57 7 40 96 56 94
94 57 7 15 7 40 96 56 94 94 57 7 40 96 56 94
94 57 7 40 15 7 40 96 56 94 94 57 7 40 96 56 94

24 70 99 87 74 42 52 24 70 99 87 74 42 52
24 70 99 87 74 42 52 24 70 6 70 99 87 74 42 52
24 70 99 87 74 42 52 24 70 99 6 70 99 87 74 42 52
24 70 99 87 74 42 52 24 70 99 6 99 87 74 42 52
24 70 99 87 74 42 52 24 70 99 87 6 99 87 74 42 52
24 70 6 70 99 87 74 42 52 24 70 99 87 74 42 52
24 70 99 6 70 99 87 74 42 52 24 70 99 87 74 42 52
24 70 99 6 99 87 74 42 52 24 70 99 87 74 42 52
24 70 99 87 6 99 87 74 42 52 24 70 99 87 74 42 52

100 43 94 69 51 95 14 100 43 94 69 51 95 14
100 43 94 69 51 95 14 100 43 20 43 94 69 51 95 14
100 43 94 69 51 95 14 100 43 94 20 43 94 69 51 95 14
100 43 94 69 51 95 14 100 43 94 20 94 69 51 95 14
100 43 94 69 51 95 14 100 43 94 69 20 94 69 51 95 14
100 43 20 43 94 69 51 95 14 100 43 94 69 51 95 14
100 43 94 20 43 94 69 51 95 14 100 43 94 69 51 95 14
100 43 94 20 94 69 51 95 14 100 43 94 69 51 95 14
100 43 94 69 20 94 69 51 95 14 100 43 94 69 51 95 14

99 26 93 25 43 89 9 99 26 93 25 43 89 9
99 26 93 25 43 89 9 99 26 16 26 93 25 43 89 9
99 26 93 25 43 89 9 99 26 93 16 26 93 25 43 89 9
99 26 93 25 43 89 9 99 26 93 16 93 25 43 89 9
99 26 93 25 43 89 9 99 26 93 25 16 93 25 43 89 9
99 26 16 26 93 25 43 89 9 99 26 93 25 43 89 9
99 26 93 16 26 93 25 43 89 9 99 26 93 25 43 89 9
99 26 93 16 93 25 43 89 9 99 26 93 25 43 89 9
99 26 93 25 16 93 25 43 89 9 99 26 93 25 43 89 9

41 62 87 5 30 73 12 41 62 87 5 30 73 12
41 62 87 5 30 73 12 41 62 18 62 87 5 30 73 12
41 62 87 5 30 73 12 41 62 87 18 62 87 5 30 73 12
41 62 87 5 30 73 12 41 62 87 18 87 5 30 73 12
41 62 87 5 30 73 12 41 62 87 5 18 87 5 30 73 12
41 62 18 62 87 5 30 73 12 41 62 87 5 30 73 12
41 62 87 18 62 87 5 30 73 12 41 62 87 5 30 73 12
41 62 87 18 87 5 30 73 12 41 62 87 5 30 73 12
41 62 87 5 18 87 5 30 73 12 41 62 87 5 30 73 12

29 84 96 81 16 84 9 29 84 96 81 16 84 9
29 84 96 81 16 84 9 29 84 8 84 96 81 16 84 9
29 84 96 81 16 84 9 29 84 96 8 84 96 81 16 84 9
29 84 96 81 16 84 9 29 84 96 8 96 81 16 84 9
29 84 96 81 16 84 9 29 84 96 81 8 96 81 16 84 9
29 84 8 84 96 81 16 84 9 29 84 96 81 16 84 9
29 84 96 8 84 96 81 16 84 9 29 84 96 81 16 84 9
29 84 96 8 96 81 16 84 9 29 84 96 81 16 84 9
29 84 96 81 8 96 81 16 84 9 29 84 96 81 16 84 9

68 70 60 29 95 94 26 68 70 60 29 95 94 26
68 70 60 29 95 94 26 68 70 16 70 60 29 95 94 26
68 70 60 29 95 94 26 68 70 60 16 70 60 29 95 94 26
68 70 60 29 95 94 26 68 70 60 16 60 29 95 94 26
68 70 60 29 95 94 26 68 70 60 29 16 60 29 95 94 26
68 70 16 70 60 29 95 94 26 68 70 60 29 95 94 26
68 70 60 16 70 60 29 95 94 26 68 70 60 29 95 94 26
68 70 60 16 60 29 95 94 26 68 70 60 29 95 94 26
68 70 60 29 16 60 29 95 94 26 68 70 60 29 95 94 26

91 56 69 37 87 40 37 91 56 69 37 87 40 37
91 56 69 37 87 40 37 91 56 14 56 69 37 87 40 37
91 56 69 37 87 40 37 91 56 69 14 56 69 37 87 40 37
91 56 69 37 87 40 37 91 56 69 14 69 37 87 40 37
91 56 69 37 87 40 37 91 56 69 37 14 69 37 87 40 37
91 56 14 56 69 37 87 40 37 91 56 69 37 87 40 37
91 56 69 14 56 69 37 87 40 37 91 56 69 37 87 40 37
91 56 69 14 69 37 87 40 37 91 56 69 37 87 40 37
91 56 69 37 14 69 37 87 40 37 91 56 69 37 87 40 37

5 37 7 44 6 40 90 5 37 7 44 6 40 90
5 37 7 44 6 40 90 5 37 11 37 7 44 6 40 90
5 37 7 44 6 40 90 5 37 7 11 37 7 44 6 40 90
5 37 7 44 6 40 90 5 37 7 11 7 44 6 40 90
5 37 7 44 6 40 90 5 37 7 44 11 7 44 6 40 90
5 37 11 37 7 44 6 40 90 5 37 7 44 6 40 90
5 37 7 11 37 7 44 6 40 90 5 37 7 44 6 40 90
5 37 7 11 7 44 6 40 90 5 37 7 44 6 40 90
5 37 7 44 11 7 44 6 40 90 5 37 7 44 6 40 90

99 77 100 24 92 39 28 99 77 100 24 92 39 28
99 77 100 24 92 39 28 99 77 19 77 100 24 92 39 28
99 77 100 24 92 39 28 99 77 100 19 77 100 24 92 39 28
99 77 100 24 92 39 28 99 77 100 19 100 24 92 39 28
99 77 100 24 92 39 28 99 77 100 24 19 100 24 92 39 28
99 77 19 77 100 24 92 39 28 99 77 100 24 92 39 28
99 77 100 19 77 100 24 92 39 28 99 77 100 24 92 39 28
99 77 100 19 100 24 92 39 28 99 77 100 24 92 39 28
99 77 100 24 19 100 24 92 39 28 99 77 100 24 92 39 28

86 63 69 83 15 37 63 86 63 69 83 15 37 63
86 63 69 83 15 37 63 86 63 9 63 69 83 15 37 63
86 63 69 83 15 37 63 86 63 69 9 63 69 83 15 37 63
86 63 69 83 15 37 63 86 63 69 9 69 83 15 37 63
86 63 69 83 15 37 63 86 63 69 83 9 69 83 15 37 63
86 63 9 63 69 83 15 37 63 86 63 69 83 15 37 63
86 63 69 9 63 69 83 15 37 63 86 63 69 83 15 37 63
86 63 69 9 69 83 15 37 63 86 63 69 83 15 37 63
86 63 69 83 9 69 83 15 37 63 86 63 69 83 15 37 63

19 69 24 78 51 91 75 19 69 24 78 51 91 75
19 69 24 78 51 91 75 19 69 20 69 24 78 51 91 75
19 69 24 78 51 91 75 19 69 24 20 69 24 78 51 91 75
19 69 24 78 51 91 75 19 69 24 20 24 78 51 91 75
19 69 24 78 51 91 75 19 69 24 78 20 24 78 51 91 75
19 69 20 69 24 78 51 91 75 19 69 24 78 51 91 75
19 69 24 20 69 24 78 51 91 75 19 69 24 78 51 91 75
19 69 24 20 24 78 51 91 75 19 69 24 78 51 91 75
19 69 24 78 20 24 78 51 91 75 19 69 24 78 51 91 75

45 53 89 16 24 38 89 45 53 89 16 24 38 89
45 53 89 16 24 38 89 45 53 12 53 89 16 24 38 89
45 53 89 16 24 38 89 45 53 89 12 53 89 16 24 38 89
45 53 89 16 24 38 89 45 53 89 12 89 16 24 38 89
45 53 89 16 24 38 89 45 53 89 16 12 89 16 24 38 89
45 53 12 53 89 16 24 38 89 45 53 89 16 24 38 89
45 53 89 12 53 89 16 24 38 89 45 53 89 16 24 38 89
45 53 89 12 89 16 24 38 89 45 53 89 16 24 38 89
45 53 89 16 12 89 16 24 38 89 45 53 89 16 24 38 89

58 53 45 33 88 77 98 58 53 45 33 88 77 98
58 53 45 33 88 77 98 58 53 10 53 45 33 88 77 98
58 53 45 33 88 77 98 58 53 45 10 53 45 33 88 77 98
58 53 45 33 88 77 98 58 53 45 10 45 33 88 77 98
58 53 45 33 88 77 98 58 53 45 33 10 45 33 88 77 98
58 53 10 53 45 33 88 77 98 58 53 45 33 88 77 98
58 53 45 10 53 45 33 88 77 98 58 53 45 33 88 77 98
58 53 45 10 45 33 88 77 98 58 53 45 33 88 77 98
58 53 45 33 10 45 33 88 77 98 58 53 45 33 88 77 98

98 28 20 37 15 55 78 98 28 20 37 15 55 78
98 28 20 37 15 55 78 98 28 7 28 20 37 15 55 78
98 28 20 37 15 55 78 98 28 20 7 28 20 37 15 55 78
98 28 20 37 15 55 78 98 28 20 7 20 37 15 55 78
98 28 20 37 15 55 78 98 28 20 37 7 20 37 15 55 78
98 28 7 28 20 37 15 55 78 98 28 20 37 15 55 78
98 28 20 7 28 20 37 15 55 78 98 28 20 37 15 55 78
98 28 20 7 20 37 15 55 78 98 28 20 37 15 55 78
98 28 20 37 7 20 37 15 55 78 98 28 20 37 15 55 78

24 25 100 65 21 12 15 24 25 100 65 21 12 15
24 25 100 65 21 12 15 24 25 13 25 100 65 21 12 15
24 25 100 65 21 12 15 24 25 100 13 25 100 65 21 12 15
24 25 100 65 21 12 15 24 25 100 13 100 65 21 12 15
24 25 100 65 21 12 15 24 25 100 65 13 100 65 21 12 15
24 25 13 25 100 65 21 12 15 24 25 100 65 21 12 15
24 25 100 13 25 100 65 21 12 15 24 25 100 65 21 12 15
24 25 100 13 100 65 21 12 15 24 25 100 65 21 12 15
24 25 100 65 13 100 65 21 12 15 24 25 100 65 21 12 15

55 11 43 5 86 70 90 55 11 43 5 86 70 90
55 11 43 5 86 70 90 55 11 7 11 43 5 86 70 90
55 11 43 5 86 70 90 55 11 43 7 11 43 5 86 70 90
55 11 43 5 86 70 90 55 11 43 7 43 5 86 70 90
55 11 43 5 86 70 90 55 11 43 5 7 43 5 86 70 90
55 11 7 11 43 5 86 70 90 55 11 43 5 86 70 90
55 11 43 7 11 43 5 86 70 90 55 11 43 5 86 70 90
55 11 43 7 43 5 86 70 90 55 11 43 5 86 70 90
55 11 43 5 7 43 5 86 70 90 55 11 43 5 86 70 90

45 93 50 21 35 29 94 45 93 50 21 35 29 94
45 93 50 21 35 29 94 45 93 12 93 50 21 35 29 94
45 93 50 21 35 29 94 45 93 50 12 93 50 21 35 29 94
45 93 50 21 35 29 94 45 93 50 12 50 21 35 29 94
45 93 50 21 35 29 94 45 93 50 21 12 50 21 35 29 94
45 93 12 93 50 21 35 29 94 45 93 50 21 35 29 94
45 93 50 12 93 50 21 35 29 94 45 93 50 21 35 29 94
45 93 50 12 50 21 35 29 94 45 93 50 21 35 29 94
45 93 50 21 12 50 21 35 29 94 45 93 50 21 35 29 94

64 84 29 61 52 91 44 64 84 29 61 52 91 44
64 84 29 61 52 91 44 64 84 16 84 29 61 52 91 44
64 84 29 61 52 91 44 64 84 29 16 84 29 61 52 91 44
64 84 29 61 52 91 44 64 84 29 16 29 61 52 91 44
64 84 29 61 52 91 44 64 84 29 61 16 29 61 52 91 44
64 84 16 84 29 61 52 91 44 64 84 29 61 52 91 44
64 84 29 16 84 29 61 52 91 44 64 84 29 61 52 91 44
64 84 29 16 29 61 52 91 44 64 84 29 61 52 91 44
64 84 29 61 16 29 61 52 91 44 64 84 29 61 52 91 44

48 100 21 49 78 16 74 48 100 21 49 78 16 74
48 100 21 49 78 16 74 48 100 17 100 21 49 78 16 74
48 100 21 49 78 16 74 48 100 21 17 100 21 49 78 16 74
48 100 21 49 78 16 74 48 100 21 17 21 49 78 16 74
48 100 21 49 78 16 74 48 100 21 49 17 21 49 78 16 74
48 100 17 100 21 49 78 16 74 48 100 21 49 78 16 74
48 100 21 17 100 21 49 78 16 74 48 100 21 49 78 16 74
48 100 21 17 21 49 78 16 74 48 100 21 49 78 16 74
48 100 21 49 17 21 49 78 16 74 48 100 21 49 78 16 74

69 21 8 21 35 68 91 69 21 8 21 35 68 91
69 21 8 21 35 68 91 69 21 6 21 8 21 35 68 91
69 21 8 21 35 68 91 69 21 8 6 21 8 21 35 68 91
69 21 8 21 35 68 91 69 21 8 6 8 21 35 68 91
69 21 8 21 35 68 91 69 21 8 21 6 8 21 35 68 91
69 21 6 21 8 21 35 68 91 69 21 8 21 35 68 91
69 21 8 6 21 8 21 35 68 91 69 21 8 21 35 68 91
69 21 8 6 8 21 35 68 91 69 21 8 21 35 68 91
69 21 8 21 6 8 21 35 68 91 69 21 8 21 35 68 91

7 24 55 32 48 46 88 7 24 55 32 48 46 88
7 24 55 32 48 46 88 7 24 8 24 55 32 48 46 88
7 24 55 32 48 46 88 7 24 55 8 24 55 32 48 46 88
7 24 55 32 48 46 88 7 24 55 8 55 32 48 46 88
7 24 55 32 48 46 88 7 24 55 32 8 55 32 48 46 88
7 24 8 24 55 32 48 46 88 7 24 55 32 48 46 88
7 24 55 8 24 55 32 48 46 88 7 24 55 32 48 46 88
7 24 55 8 55 32 48 46 88 7 24 55 32 48 46 88
7 24 55 32 8 55 32 48 46 88 7 24 55 32 48 46 88

89 20 50 67 76 30 17 89 20 50 67 76 30 17
89 20 50 67 76 30 17 89 20 5 20 50 67 76 30 17
89 20 50 67 76 30 17 89 20 50 5 20 50 67 76 30 17
89 20 50 67 76 30 17 89 20 50 5 50 67 76 30 17
89 20 50 67 76 30 17 89 20 50 67 5 50 67 76 30 17
89 20 5 20 50 67 76 30 17 89 20 50 67 76 30 17
89 20 50 5 20 50 67 76 30 17 89 20 50 67 76 30 17
89 20 50 5 50 67 76 30 17 89 20 50 67 76 30 17
89 20 50 67 5 50 67 76 30 17 89 20 50 67 76 30 17

61 71 79 27 71 84 73 61 71 79 27 71 84 73
61 71 79 27 71 84 73 61 71 14 71 79 27 71 84 73
61 71 79 27 71 84 73 61 71 79 14 71 79 27 71 84 73
61 71 79 27 71 84 73 61 71 79 14 79 27 71 84 73
61 71 79 27 71 84 73 61 71 79 27 14 79 27 71 84 73
61 71 14 71 79 27 71 84 73 61 71 79 27 71 84 73
61 71 79 14 71 79 27 71 84 73 61 71 79 27 71 84 73
61 71 79 14 79 27 71 84 73 61 71 79 27 71 84 73
61 71 79 27 14 79 27 71 84 73 61 71 79 27 71 84 73

27 48 53 59 32 63 27 27 48 53 59 32 63 27
27 48 53 59 32 63 27 27 48 17 48 53 59 32 63 27
27 48 53 59 32 63 27 27 48 53 17 48 53 59 32 63 27
27 48 53 59 32 63 27 27 48 53 17 53 59 32 63 27
27 48 53 59 32 63 27 27 48 53 59 17 53 59 32 63 27
27 48 17 48 53 59 32 63 27 27 48 53 59 32 63 27
27 48 53 17 48 53 59 32 63 27 27 48 53 59 32 63 27
27 48 53 17 53 59 32 63 27 27 48 53 59 32 63 27
27 48 53 59 17 53 59 32 63 27 27 48 53 59 32 63 27

74 76 77 14 21 80 58 74 76 77 14 21 80 58
74 76 77 14 21 80 58 74 76 13 76 77 14 21 80 58
74 76 77 14 21 80 58 74 76 77 13 76 77 14 21 80 58
74 76 77 14 21 80 58 74 76 77 13 77 14 21 80 58
74 76 77 14 21 80 58 74 76 77 14 13 77 14 21 80 58
74 76 13 76 77 14 21 80 58 74 76 77 14 21 80 58
74 76 77 13 76 77 14 21 80 58 74 76 77 14 21 80 58
74 76 77 13 77 14 21 80 58 74 76 77 14 21 80 58
74 76 77 14 13 77 14 21 80 58 74 76 77 14 21 80 58

30 56 70 89 62 92 50 30 56 70 89 62 92 50
30 56 70 89 62 92 50 30 56 10 56 70 89 62 92 50
30 56 70 89 62 92 50 30 56 70 10 56 70 89 62 92 50
30 56 70 89 62 92 50 30 56 70 10 70 89 62 92 50
30 56 70 89 62 92 50 30 56 70 89 10 70 89 62 92 50
30 56 10 56 70 89 62 92 50 30 56 70 89 62 92 50
30 56 70 10 56 70 89 62 92 50 30 56 70 89 62 92 50
30 56 70 10 70 89 62 92 50 30 56 70 89 62 92 50
30 56 70 89 10 70 89 62 92 50 30 56 70 89 62 92 50

31 81 67 87 24 85 40 31 81 67 87 24 85 40
31 81 67 87 24 85 40 31 81 20 81 67 87 24 85 40
31 81 67 87 24 85 40 31 81 67 20 81 67 87 24 85 40
31 81 67 87 24 85 40 31 81 67 20 67 87 24 85 40
31 81 67 87 24 85 40 31 81 67 87 20 67 87 24 85 40
31 81 20 81 67 87 24 85 40 31 81 67 87 24 85 40
31 81 67 20 81 67 87 24 85 40 31 81 67 87 24 85 40
31 81 67 20 67 87 24 85 40 31 81 67 87 24 85 40
31 81 67 87 20 67 87 24 85 40 31 81 67 87 24 85 40

21 48 63 31 48 75 70 21 48 63 31 48 75 70
21 48 63 31 48 75 70 21 48 19 48 63 31 48 75 70
21 48 63 31 48 75 70 21 48 63 19 48 63 31 48 75 70
21 48 63 31 48 75 70 21 48 63 19 63 31 48 75 70
21 48 63 31 48 75 70 21 48 63 31 19 63 31 48 75 70
21 48 19 48 63 31 48 75 70 21 48 63 31 48 75 70
21 48 63 19 48 63 31 48 75 70 21 48 63 31 48 75 70
21 48 63 19 63 31 48 75 70 21 48 63 31 48 75 70
21 48 63 31 19 63 31 48 75 70 21 48 63 31 48 75 70

21 39 54 35 49 6 60 21 39 54 35 49 6 60
21 39 54 35 49 6 60 21 39 12 39 54 35 49 6 60
21 39 54 35 49 6 60 21 39 54 12 39 54 35 49 6 60
21 39 54 35 49 6 60 21 39 54 12 54 35 49 6 60
21 39 54 35 49 6 60 21 39 54 35 12 54 35 49 6 60
21 39 12 39 54 35 49 6 60 21 39 54 35 49 6 60
21 39 54 12 39 54 35 49 6 60 21 39 54 35 49 6 60
21 39 54 12 54 35 49 6 60 21 39 54 35 49 6 60
21 39 54 35 12 54 35 49 6 60 21 39 54 35 49 6 60

23 22 6 90 8 64 89 23 22 6 90 8 64 89
23 22 6 90 8 64 89 23 22 19 22 6 90 8 64 89
23 22 6 90 8 64 89 23 22 6 19 22 6 90 8 64 89
23 22 6 90 8 64 89 23 22 6 19 6 90 8 64 89
23 22 6 90 8 64 89 23 22 6 90 19 6 90 8 64 89
23 22 19 22 6 90 8 64 89 23 22 6 90 8 64 89
23 22 6 19 22 6 90 8 64 89 23 22 6 90 8 64 89
23 22 6 19 6 90 8 64 89 23 22 6 90 8 64 89
23 22 6 90 19 6 90 8 64 89 23 22 6 90 8 64 89

57 32 62 56 12 70 96 57 32 62 56 12 70 96
57 32 62 56 12 70 96 57 32 20 32 62 56 12 70 96
57 32 62 56 12 70 96 57 32 62 20 32 62 56 12 70 96
57 32 62 56 12 70 96 57 32 62 20 62 56 12 70 96
57 32 62 56 12 70 96 57 32 62 56 20 62 56 12 70 96
57 32 20 32 62 56 12 70 96 57 32 62 56 12 70 96
57 32 62 20 32 62 56 12 70 96 57 32 62 56 12 70 96
57 32 62 20 62 56 12 70 96 57 32 62 56 12 70 96
57 32 62 56 20 62 56 12 70 96 57 32 62 56 12 70 96

89 44 49 27 20 35 30 89 44 49 27 20 35 30
89 44 49 27 20 35 30 89 44 13 44 49 27 20 35 30
89 44 49 27 20 35 30 89 44 49 13 44 49 27 20 35 30
89 44 49 27 20 35 30 89 44 49 13 49 27 20 35 30
89 44 49 27 20 35 30 89 44 49 27 13 49 27 20 35 30
89 44 13 44 49 27 20 35 30 89 44 49 27 20 35 30
89 44 49 13 44 49 27 20 35 30 89 44 49 27 20 35 30
89 44 49 13 49 27 20 35 30 89 44 49 27 20 35 30
89 44 49 27 13 49 27 20 35 30 89 44 49 27 20 35 30

37 17 83 15 79 92 32 37 17 83 15 79 92 32
37 17 83 15 79 92 32 37 17 8 17 83 15 79 92 32
37 17 83 15 79 92 32 37 17 83 8 17 83 15 79 92 32
37 17 83 15 79 92 32 37 17 83 8 83 15 79 92 32
37 17 83 15 79 92 32 37 17 83 15 8 83 15 79 92 32
37 17 8 17 83 15 79 92 32 37 17 83 15 79 92 32
37 17 83 8 17 83 15 79 92 32 37 17 83 15 79 92 32
37 17 83 8 83 15 79 92 32 37 17 83 15 79 92 32
37 17 83 15 8 83 15 79 92 32 37 17 83 15 79 92 32

24 14 52 97 34 17 71 24 14 52 97 34 17 71
24 14 52 97 34 17 71 24 14 5 14 52 97 34 17 71
24 14 52 97 34 17 71 24 14 52 5 14 52 97 34 17 71
24 14 52 97 34 17 71 24 14 52 5 52 97 34 17 71
24 14 52 97 34 17 71 24 14 52 97 5 52 97 34 17 71
24 14 5 14 52 97 34 17 71 24 14 52 97 34 17 71
24 14 52 5 14 52 97 34 17 71 24 14 52 97 34 17 71
24 14 52 5 52 97 34 17 71 24 14 52 97 34 17 71
24 14 52 97 5 52 97 34 17 71 24 14 52 97 34 17 71

68 85 89 89 69 68 23 68 85 89 89 69 68 23
68 85 89 89 69 68 23 68 85 14 85 89 89 69 68 23
68 85 89 89 69 68 23 68 85 89 14 85 89 89 69 68 23
68 85 89 89 69 68 23 68 85 89 14 89 89 69 68 23
68 85 89 89 69 68 23 68 85 89 89 14 89 89 69 68 23
68 85 14 85 89 89 69 68 23 68 85 89 89 69 68 23
68 85 89 14 85 89 89 69 68 23 68 85 89 89 69 68 23
68 85 89 14 89 89 69 68 23 68 85 89 89 69 68 23
68 85 89 89 14 89 89 69 68 23 68 85 89 89 69 68 23

95 49 95 26 42 37 10 95 49 95 26 42 37 10
95 49 95 26 42 37 10 95 49 20 49 95 26 42 37 10
95 49 95 26 42 37 10 95 49 95 20 49 95 26 42 37 10
95 49 95 26 42 37 10 95 49 95 20 95 26 42 37 10
95 49 95 26 42 37 10 95 49 95 26 20 95 26 42 37 10
95 49 20 49 95 26 42 37 10 95 49 95 26 42 37 10
95 49 95 20 49 95 26 42 37 10 95 49 95 26 42 37 10
95 49 95 20 95 26 42 37 10 95 49 95 26 42 37 10
95 49 95 26 20 95 26 42 37 10 95 49 95 26 42 37 10

31 69 95 81 99 26 72 31 69 95 81 99 26 72
31 69 95 81 99 26 72 31 69 18 69 95 81 99 26 72
31 69 95 81 99 26 72 31 69 95 18 69 95 81 99 26 72
31 69 95 81 99 26 72 31 69 95 18 95 81 99 26 72
31 69 95 81 99 26 72 31 69 95 81 18 95 81 99 26 72
31 69 18 69 95 81 99 26 72 31 69 95 81 99 26 72
31 69 95 18 69 95 81 99 26 72 31 69 95 81 99 26 72
31 69 95 18 95 81 99 26 72 31 69 95 81 99 26 72
31 69 95 81 18 95 81 99 26 72 31 69 95 81 99 26 72

88 25 57 99 96 63 93 88 25 57 99 96 63 93
88 25 57 99 96 63 93 88 25 14 25 57 99 96 63 93
88 25 57 99 96 63 93 88 25 57 14 25 57 99 96 63 93
88 25 57 99 96 63 93 88 25 57 14 57 99 96 63 93
88 25 57 99 96 63 93 88 25 57 99 14 57 99 96 63 93
88 25 14 25 57 99 96 63 93 88 25 57 99 96 63 93
88 25 57 14 25 57 99 96 63 93 88 25 57 99 96 63 93
88 25 57 14 57 99 96 63 93 88 25 57 99 96 63 93
88 25 57 99 14 57 99 96 63 93 88 25 57 99 96 63 93

59 37 34 34 32 51 93 59 37 34 34 32 51 93
59 37 34 34 32 51 93 59 37 7 37 34 34 32 51 93
59 37 34 34 32 51 93 59 37 34 7 37 34 34 32 51 93
59 37 34 34 32 51 93 59 37 34 7 34 34 32 51 93
59 37 34 34 32 51 93 59 37 34 34 7 34 34 32 51 93
59 37 7 37 34 34 32 51 93 59 37 34 34 32 51 93
59 37 34 7 37 34 34 32 51 93 59 37 34 34 32 51 93
59 37 34 7 34 34 32 51 93 59 37 34 34 32 51 93
59 37 34 34 7 34 34 32 51 93 59 37 34 34 32 51 93

23 36 45 12 47 24 96 23 36 45 12 47 24 96
23 36 45 12 47 24 96 23 36 13 36 45 12 47 24 96
23 36 45 12 47 24 96 23 36 45 13 36 45 12 47 24 96
23 36 45 12 47 24 96 23 36 45 13 45 12 47 24 96
23 36 45 12 47 24 96 23 36 45 12 13 45 12 47 24 96
23 36 13 36 45 12 47 24 96 23 36 45 12 47 24 96
23 36 45 13 36 45 12 47 24 96 23 36 45 12 47 24 96
23 36 45 13 45 12 47 24 96 23 36 45 12 47 24 96
23 36 45 12 13 45 12 47 24 96 23 36 45 12 47 24 96

78 56 59 81 11 35 13 78 56 59 81 11 35 13
78 56 59 81 11 35 13 78 56 5 56 59 81 11 35 13
78 56 59 81 11 35 13 78 56 59 5 56 59 81 11 35 13
78 56 59 81 11 35 13 78 56 59 5 59 81 11 35 13
78 56 59 81 11 35 13 78 56 59 81 5 59 81 11 35 13
78 56 5 56 59 81 11 35 13 78 56 59 81 11 35 13
78 56 59 5 56 59 81 11 35 13 78 56 59 81 11 35 13
78 56 59 5 59 81 11 35 13 78 56 59 81 11 35 13
78 56 59 81 5 59 81 11 35 13 78 56 59 81 11 35 13

59 100 100 86 28 72 77 59 100 100 86 28 72 77
59 100 100 86 28 72 77 59 100 11 100 100 86 28 72 77
59 100 100 86 28 72 77 59 100 100 11 100 100 86 28 72 77
59 100 100 86 28 72 77 59 100 100 11 100 86 28 72 77
59 100 100 86 28 72 77 59 100 100 86 11 100 86 28 72 77
59 100 11 100 100 86 28 72 77 59 100 100 86 28 72 77
59 100 100 11 100 100 86 28 72 77 59 100 100 86 28 72 77
59 100 100 11 100 86 28 72 77 59 100 100 86 28 72 77
59 100 100 86 11 100 86 28 72 77 59 100 100 86 28 72 77

50 46 82 71 19 79 38 50 46 82 71 19 79 38
50 46 82 71 19 79 38 50 46 12 46 82 71 19 79 38
50 46 82 71 19 79 38 50 46 82 12 46 82 71 19 79 38
50 46 82 71 19 79 38 50 46 82 12 82 71 19 79 38
50 46 82 71 19 79 38 50 46 82 71 12 82 71 19 79 38
50 46 12 46 82 71 19 79 38 50 46 82 71 19 79 38
50 46 82 12 46 82 71 19 79 38 50 46 82 71 19 79 38
50 46 82 12 82 71 19 79 38 50 46 82 71 19 79 38
50 46 82 71 12 82 71 19 79 38 50 46 82 71 19 79 38

74 41 57 91 83 68 13 74 41 57 91 83 68 13
74 41 57 91 83 68 13 74 41 13 41 57 91 83 68 13
74 41 57 91 83 68 13 74 41 57 13 41 57 91 83 68 13
74 41 57 91 83 68 13 74 41 57 13 57 91 83 68 13
74 41 57 91 83 68 13 74 41 57 91 13 57 91 83 68 13
74 41 13 41 57 91 83 68 13 74 41 57 91 83 68 13
74 41 57 13 41 57 91 83 68 13 74 41 57 91 83 68 13
74 41 57 13 57 91 83 68 13 74 41 57 91 83 68 13
74 41 57 91 13 57 91 83 68 13 74 41 57 91 83 68 13

32 77 27 43 53 22 33 32 77 27 43 53 22 33
32 77 27 43 53 22 33 32 77 18 77 27 43 53 22 33
32 77 27 43 53 22 33 32 77 27 18 77 27 43 53 22 33
32 77 27 43 53 22 33 32 77 27 18 27 43 53 22 33
32 77 27 43 53 22 33 32 77 27 43 18 27 43 53 22 33
32 77 18 77 27 43 53 22 33 32 77 27 43 53 22 33
32 77 27 18 77 27 43 53 22 33 32 77 27 43 53 22 33
32 77 27 18 27 43 53 22 33 32 77 27 43 53 22 33
32 77 27 43 18 27 43 53 22 33 32 77 27 43 53 22 33

72 73 13 34 59 23 67 72 73 13 34 59 23 67
72 73 13 34 59 23 67 72 73 14 73 13 34 59 23 67
72 73 13 34 59 23 67 72 73 13 14 73 13 34 59 23 67
72 73 13 34 59 23 67 72 73 13 14 13 34 59 23 67
72 73 13 34 59 23 67 72 73 13 34 14 13 34 59 23 67
72 73 14 73 13 34 59 23 67 72 73 13 34 59 23 67
72 73 13 14 73 13 34 59 23 67 72 73 13 34 59 23 67
72 73 13 14 13 34 59 23 67 72 73 13 34 59 23 67
72 73 13 34 14 13 34 59 23 67 72 73 13 34 59 23 67

35 89 96 17 92 23 80 35 89 96 17 92 23 80
35 89 96 17 92 23 80 35 89 9 89 96 17 92 23 80
35 89 96 17 92 23 80 35 89 96 9 89 96 17 92 23 80
35 89 96 17 92 23 80 35 89 96 9 96 17 92 23 80
35 89 96 17 92 23 80 35 89 96 17 9 96 17 92 23 80
35 89 9 89 96 17 92 23 80 35 89 96 17 92 23 80
35 89 96 9 89 96 17 92 23 80 35 89 96 17 92 23 80
35 89 96 9 96 17 92 23 80 35 89 96 17 92 23 80
35 89 96 17 9 96 17 92 23 80 35 89 96 17 92 23 80

100 68 60 92 21 100 75 100 68 60 92 21 100 75
100 68 60 92 21 100 75 100 68 8 68 60 92 21 100 75
100 68 60 92 21 100 75 100 68 60 8 68 60 92 21 100 75
100 68 60 92 21 100 75 100 68 60 8 60 92 21 100 75
100 68 60 92 21 100 75 100 68 60 92 8 60 92 21 100 75
100 68 8 68 60 92 21 100 75 100 68 60 92 21 100 75
100 68 60 8 68 60 92 21 100 75 100 68 60 92 21 100 75
100 68 60 8 60 92 21 100 75 100 68 60 92 21 100 75
100 68 60 92 8 60 92 21 100 75 100 68 60 92 21 100 75

75 79 97 90 84 20 93 75 79 97 90 84 20 93
75 79 97 90 84 20 93 75 79 15 79 97 90 84 20 93
75 79 97 90 84 20 93 75 79 97 15 79 97 90 84 20 93
75 79 97 90 84 20 93 75 79 97 15 97 90 84 20 93
75 79 97 90 84 20 93 75 79 97 90 15 97 90 84 20 93
75 79 15 79 97 90 84 20 93 75 79 97 90 84 20 93
75 79 97 15 79 97 90 84 20 93 75 79 97 90 84 20 93
75 79 97 15 97 90 84 20 93 75 79 97 90 84 20 93
75 79 97 90 15 97 90 84 20 93 75 79 97 90 84 20 93

