150
7
2
2

19
14
30
5
25
0
24
16
3
4
30
26
26
13
9
9
9
22
9
7
15
9
28
27
11
21
15
17
13
21
3
28
25
2
9
23
27
8
22
17
11
24
23
11
3
23
13
24
11
2
19
21
4
0
27
22
19
12
20
22
9
11
23
22
13
18
7
6
12
19
20
28
30
19
12
25
11
8
21
28
21
29
6
28
7
5
23
14
18
24
15
0
21
29
0
14
0
27
10
27
1
19
14
13
13
20
4
15
17
2
18
10
12
15
5
19
5
13
26
8
3
14
17
20
25
12
2
28
1
6
12
8
18
7
29
20
0
16
19
17
22
3
21
16
10
29
18
15
16
18

69 20 
110 79 
115 84 
18 87 
107 49 
27 52 
38 54 
102 70 
87 95 
33 52 
24 65 
81 75 
104 92 
77 32 
61 76 
86 98 
65 62 
107 76 
44 61 
94 105 
47 19 
94 102 
11 24 
70 73 
111 92 
24 112 
24 42 
82 111 
75 32 
50 54 
119 73 
72 35 
108 95 
84 68 
78 43 
92 57 
86 80 
96 23 
33 86 
33 77 
45 99 
36 76 
73 18 
41 56 
69 79 
87 21 
28 51 
87 81 
57 76 
86 79 
20 43 
71 88 
94 102 
18 84 
25 47 
103 37 
81 41 
91 76 
93 98 
105 78 
69 93 
101 96 
95 48 
19 59 
46 93 
46 56 
87 67 
46 87 
113 47 
109 55 
64 80 
113 113 
13 43 
27 99 
116 59 
28 38 
45 111 
106 40 
85 29 
94 53 
26 75 
71 21 
105 24 
103 42 
86 113 
77 33 
103 32 
93 76 
56 25 
97 113 
76 95 
84 15 
67 26 
78 64 
19 51 
28 35 
54 65 
88 110 
99 80 
65 59 
20 52 
37 82 
91 78 
77 46 
72 35 
93 88 
59 69 
76 75 
115 42 
107 59 
44 100 
72 96 
94 103 
24 45 
50 26 
77 75 
50 107 
63 74 
40 89 
83 92 
18 84 
103 84 
19 87 
47 55 
78 104 
20 55 
55 32 
75 89 
110 94 
52 63 
60 38 
40 66 
44 67 
79 47 
32 59 
51 26 
39 111 
70 23 
74 72 
101 28 
82 54 
93 47 
86 106 
47 112 
19 102 
19 41 
26 73 
76 90 
81 80 
44 13 

2051
2026
2371
1062
1900
1154
1614
2191
2122
1717
1190
2338
1837
1364
1681
2481
1788
1557
1090
2009
1726
2022
844
2029
2503
1544
1540
2017
1564
1994
2163
1713
2038
1839
1961
2039
1989
1376
1784
1636
1780
1681
2074
1328
1452
1952
1800
1805
1739
2291
940
1865
1750
1468
1815
1676
1189
1900
2390
1844
2045
2217
1981
1750
1640
1742
2480
1808
1741
1778
1947
2615
1763
2061
2298
1312
2398
1887
1644
2056
1470
2269
2061
1795
2226
2079
1866
2514
1769
2212
1928
1682
2257
1568
1199
1132
1752
2055
2151
1762
2008
1925
2112
2180
1078
1845
1941
2294
2231
2678
1700
2852
2429
1803
978
1724
1536
2108
1399
2097
1820
2033
1617
1700
2607
1315
1025
1566
1591
2057
1632
1672
2137
2171
2012
1080
1959
1464
2247
1279
1316
1730
1898
1629
1018
1583
1946
2513
1777
1031

1 2 3 4 5 1 2 3 4 5 6 7
1 2 3 4 5 1 2 100 102 3 4 5 6 7
1 2 3 4 5 1 2 3 100 102 103 4 5 6 7
1 2 3 4 5 1 2 3 100 103 4 5 6 7
1 2 3 4 5 1 2 3 4 100 103 104 5 6 7
1 2 100 102 3 4 5 1 2 3 4 5 6 7
1 2 3 100 102 103 4 5 1 2 3 4 5 6 7
1 2 3 100 103 4 5 1 2 3 4 5 6 7
1 2 3 4 100 103 104 5 1 2 3 4 5 6 7

64 90 52 8 96 40 27 64 90 52 8 96 40 27
64 90 52 8 96 40 27 64 90 14 90 52 8 96 40 27
64 90 52 8 96 40 27 64 90 52 14 90 52 8 96 40 27
64 90 52 8 96 40 27 64 90 52 14 52 8 96 40 27
64 90 52 8 96 40 27 64 90 52 8 14 52 8 96 40 27
64 90 14 90 52 8 96 40 27 64 90 52 8 96 40 27
64 90 52 14 90 52 8 96 40 27 64 90 52 8 96 40 27
64 90 52 14 52 8 96 40 27 64 90 52 8 96 40 27
64 90 52 8 14 52 8 96 40 27 64 90 52 8 96 40 27

92 16 92 73 20 15 94 92 16 92 73 20 15 94
92 16 92 73 20 15 94 92 16 15 16 92 73 20 15 94
92 16 92 73 20 15 94 92 16 92 15 16 92 73 20 15 94
92 16 92 73 20 15 94 92 16 92 15 92 73 20 15 94
92 16 92 73 20 15 94 92 16 92 73 15 92 73 20 15 94
92 16 15 16 92 73 20 15 94 92 16 92 73 20 15 94
92 16 92 15 16 92 73 20 15 94 92 16 92 73 20 15 94
92 16 92 15 92 73 20 15 94 92 16 92 73 20 15 94
92 16 92 73 15 92 73 20 15 94 92 16 92 73 20 15 94

57 88 100 73 54 47 25 57 88 100 73 54 47 25
57 88 100 73 54 47 25 57 88 8 88 100 73 54 47 25
57 88 100 73 54 47 25 57 88 100 8 88 100 73 54 47 25
57 88 100 73 54 47 25 57 88 100 8 100 73 54 47 25
57 88 100 73 54 47 25 57 88 100 73 8 100 73 54 47 25
57 88 8 88 100 73 54 47 25 57 88 100 73 54 47 25
57 88 100 8 88 100 73 54 47 25 57 88 100 73 54 47 25
57 88 100 8 100 73 54 47 25 57 88 100 73 54 47 25
57 88 100 73 8 100 73 54 47 25 57 88 100 73 54 47 25

44 7 12 78 12 12 47 44 7 12 78 12 12 47
44 7 12 78 12 12 47 44 7 9 7 12 78 12 12 47
44 7 12 78 12 12 47 44 7 12 9 7 12 78 12 12 47
44 7 12 78 12 12 47 44 7 12 9 12 78 12 12 47
44 7 12 78 12 12 47 44 7 12 78 9 12 78 12 12 47
44 7 9 7 12 78 12 12 47 44 7 12 78 12 12 47
44 7 12 9 7 12 78 12 12 47 44 7 12 78 12 12 47
44 7 12 9 12 78 12 12 47 44 7 12 78 12 12 47
44 7 12 78 9 12 78 12 12 47 44 7 12 78 12 12 47

61 32 95 40 54 86 5 61 32 95 40 54 86 5
61 32 95 40 54 86 5 61 32 10 32 95 40 54 86 5
61 32 95 40 54 86 5 61 32 95 10 32 95 40 54 86 5
61 32 95 40 54 86 5 61 32 95 10 95 40 54 86 5
61 32 95 40 54 86 5 61 32 95 40 10 95 40 54 86 5
61 32 10 32 95 40 54 86 5 61 32 95 40 54 86 5
61 32 95 10 32 95 40 54 86 5 61 32 95 40 54 86 5
61 32 95 10 95 40 54 86 5 61 32 95 40 54 86 5
61 32 95 40 10 95 40 54 86 5 61 32 95 40 54 86 5

12 55 22 34 33 39 51 12 55 22 34 33 39 51
12 55 22 34 33 39 51 12 55 14 55 22 34 33 39 51
12 55 22 34 33 39 51 12 55 22 14 55 22 34 33 39 51
12 55 22 34 33 39 51 12 55 22 14 22 34 33 39 51
12 55 22 34 33 39 51 12 55 22 34 14 22 34 33 39 51
12 55 14 55 22 34 33 39 51 12 55 22 34 33 39 51
12 55 22 14 55 22 34 33 39 51 12 55 22 34 33 39 51
12 55 22 14 22 34 33 39 51 12 55 22 34 33 39 51
12 55 22 34 14 22 34 33 39 51 12 55 22 34 33 39 51

93 28 31 44 15 49 87 93 28 31 44 15 49 87
93 28 31 44 15 49 87 93 28 12 28 31 44 15 49 87
93 28 31 44 15 49 87 93 28 31 12 28 31 44 15 49 87
93 28 31 44 15 49 87 93 28 31 12 31 44 15 49 87
93 28 31 44 15 49 87 93 28 31 44 12 31 44 15 49 87
93 28 12 28 31 44 15 49 87 93 28 31 44 15 49 87
93 28 31 12 28 31 44 15 49 87 93 28 31 44 15 49 87
93 28 31 12 31 44 15 49 87 93 28 31 44 15 49 87
93 28 31 44 12 31 44 15 49 87 93 28 31 44 15 49 87

58 38 89 56 74 80 30 58 38 89 56 74 80 30
58 38 89 56 74 80 30 58 38 17 38 89 56 74 80 30
58 38 89 56 74 80 30 58 38 89 17 38 89 56 74 80 30
58 38 89 56 74 80 30 58 38 89 17 89 56 74 80 30
58 38 89 56 74 80 30 58 38 89 56 17 89 56 74 80 30
58 38 17 38 89 56 74 80 30 58 38 89 56 74 80 30
58 38 89 17 38 89 56 74 80 30 58 38 89 56 74 80 30
58 38 89 17 89 56 74 80 30 58 38 89 56 74 80 30
58 38 89 56 17 89 56 74 80 30 58 38 89 56 74 80 30

18 85 68 75 77 44 31 18 85 68 75 77 44 31
18 85 68 75 77 44 31 18 85 10 85 68 75 77 44 31
18 85 68 75 77 44 31 18 85 68 10 85 68 75 77 44 31
18 85 68 75 77 44 31 18 85 68 10 68 75 77 44 31
18 85 68 75 77 44 31 18 85 68 75 10 68 75 77 44 31
18 85 10 85 68 75 77 44 31 18 85 68 75 77 44 31
18 85 68 10 85 68 75 77 44 31 18 85 68 75 77 44 31
18 85 68 10 68 75 77 44 31 18 85 68 75 77 44 31
18 85 68 75 10 68 75 77 44 31 18 85 68 75 77 44 31

76 45 17 32 92 59 16 76 45 17 32 92 59 16
76 45 17 32 92 59 16 76 45 12 45 17 32 92 59 16
76 45 17 32 92 59 16 76 45 17 12 45 17 32 92 59 16
76 45 17 32 92 59 16 76 45 17 12 17 32 92 59 16
76 45 17 32 92 59 16 76 45 17 32 12 17 32 92 59 16
76 45 12 45 17 32 92 59 16 76 45 17 32 92 59 16
76 45 17 12 45 17 32 92 59 16 76 45 17 32 92 59 16
76 45 17 12 17 32 92 59 16 76 45 17 32 92 59 16
76 45 17 32 12 17 32 92 59 16 76 45 17 32 92 59 16

17 35 10 55 64 16 24 17 35 10 55 64 16 24
17 35 10 55 64 16 24 17 35 13 35 10 55 64 16 24
17 35 10 55 64 16 24 17 35 10 13 35 10 55 64 16 24
17 35 10 55 64 16 24 17 35 10 13 10 55 64 16 24
17 35 10 55 64 16 24 17 35 10 55 13 10 55 64 16 24
17 35 13 35 10 55 64 16 24 17 35 10 55 64 16 24
17 35 10 13 35 10 55 64 16 24 17 35 10 55 64 16 24
17 35 10 13 10 55 64 16 24 17 35 10 55 64 16 24
17 35 10 55 13 10 55 64 16 24 17 35 10 55 64 16 24

100 50 64 70 57 35 67 100 50 64 70 57 35 67
100 50 64 70 57 35 67 100 50 12 50 64 70 57 35 67
100 50 64 70 57 35 67 100 50 64 12 50 64 70 57 35 67
100 50 64 70 57 35 67 100 50 64 12 64 70 57 35 67
100 50 64 70 57 35 67 100 50 64 70 12 64 70 57 35 67
100 50 12 50 64 70 57 35 67 100 50 64 70 57 35 67
100 50 64 12 50 64 70 57 35 67 100 50 64 70 57 35 67
100 50 64 12 64 70 57 35 67 100 50 64 70 57 35 67
100 50 64 70 12 64 70 57 35 67 100 50 64 70 57 35 67

18 52 85 74 26 65 43 18 52 85 74 26 65 43
18 52 85 74 26 65 43 18 52 18 52 85 74 26 65 43
18 52 85 74 26 65 43 18 52 85 18 52 85 74 26 65 43
18 52 85 74 26 65 43 18 52 85 18 85 74 26 65 43
18 52 85 74 26 65 43 18 52 85 74 18 85 74 26 65 43
18 52 18 52 85 74 26 65 43 18 52 85 74 26 65 43
18 52 85 18 52 85 74 26 65 43 18 52 85 74 26 65 43
18 52 85 18 85 74 26 65 43 18 52 85 74 26 65 43
18 52 85 74 18 85 74 26 65 43 18 52 85 74 26 65 43

54 12 57 16 84 10 18 54 12 57 16 84 10 18
54 12 57 16 84 10 18 54 12 7 12 57 16 84 10 18
54 12 57 16 84 10 18 54 12 57 7 12 57 16 84 10 18
54 12 57 16 84 10 18 54 12 57 7 57 16 84 10 18
54 12 57 16 84 10 18 54 12 57 16 7 57 16 84 10 18
54 12 7 12 57 16 84 10 18 54 12 57 16 84 10 18
54 12 57 7 12 57 16 84 10 18 54 12 57 16 84 10 18
54 12 57 7 57 16 84 10 18 54 12 57 16 84 10 18
54 12 57 16 7 57 16 84 10 18 54 12 57 16 84 10 18

25 92 48 70 27 7 54 25 92 48 70 27 7 54
25 92 48 70 27 7 54 25 92 12 92 48 70 27 7 54
25 92 48 70 27 7 54 25 92 48 12 92 48 70 27 7 54
25 92 48 70 27 7 54 25 92 48 12 48 70 27 7 54
25 92 48 70 27 7 54 25 92 48 70 12 48 70 27 7 54
25 92 12 92 48 70 27 7 54 25 92 48 70 27 7 54
25 92 48 12 92 48 70 27 7 54 25 92 48 70 27 7 54
25 92 48 12 48 70 27 7 54 25 92 48 70 27 7 54
25 92 48 70 12 48 70 27 7 54 25 92 48 70 27 7 54

78 82 72 79 61 66 57 78 82 72 79 61 66 57
78 82 72 79 61 66 57 78 82 20 82 72 79 61 66 57
78 82 72 79 61 66 57 78 82 72 20 82 72 79 61 66 57
78 82 72 79 61 66 57 78 82 72 20 72 79 61 66 57
78 82 72 79 61 66 57 78 82 72 79 20 72 79 61 66 57
78 82 20 82 72 79 61 66 57 78 82 72 79 61 66 57
78 82 72 20 82 72 79 61 66 57 78 82 72 79 61 66 57
78 82 72 20 72 79 61 66 57 78 82 72 79 61 66 57
78 82 72 79 20 72 79 61 66 57 78 82 72 79 61 66 57

64 11 60 49 53 69 75 64 11 60 49 53 69 75
64 11 60 49 53 69 75 64 11 5 11 60 49 53 69 75
64 11 60 49 53 69 75 64 11 60 5 11 60 49 53 69 75
64 11 60 49 53 69 75 64 11 60 5 60 49 53 69 75
64 11 60 49 53 69 75 64 11 60 49 5 60 49 53 69 75
64 11 5 11 60 49 53 69 75 64 11 60 49 53 69 75
64 11 60 5 11 60 49 53 69 75 64 11 60 49 53 69 75
64 11 60 5 60 49 53 69 75 64 11 60 49 53 69 75
64 11 60 49 5 60 49 53 69 75 64 11 60 49 53 69 75

11 16 90 60 55 11 53 11 16 90 60 55 11 53
11 16 90 60 55 11 53 11 16 11 16 90 60 55 11 53
11 16 90 60 55 11 53 11 16 90 11 16 90 60 55 11 53
11 16 90 60 55 11 53 11 16 90 11 90 60 55 11 53
11 16 90 60 55 11 53 11 16 90 60 11 90 60 55 11 53
11 16 11 16 90 60 55 11 53 11 16 90 60 55 11 53
11 16 90 11 16 90 60 55 11 53 11 16 90 60 55 11 53
11 16 90 11 90 60 55 11 53 11 16 90 60 55 11 53
11 16 90 60 11 90 60 55 11 53 11 16 90 60 55 11 53

50 6 34 49 8 60 21 50 6 34 49 8 60 21
50 6 34 49 8 60 21 50 6 14 6 34 49 8 60 21
50 6 34 49 8 60 21 50 6 34 14 6 34 49 8 60 21
50 6 34 49 8 60 21 50 6 34 14 34 49 8 60 21
50 6 34 49 8 60 21 50 6 34 49 14 34 49 8 60 21
50 6 14 6 34 49 8 60 21 50 6 34 49 8 60 21
50 6 34 14 6 34 49 8 60 21 50 6 34 49 8 60 21
50 6 34 14 34 49 8 60 21 50 6 34 49 8 60 21
50 6 34 49 14 34 49 8 60 21 50 6 34 49 8 60 21

57 45 84 93 33 43 36 57 45 84 93 33 43 36
57 45 84 93 33 43 36 57 45 18 45 84 93 33 43 36
57 45 84 93 33 43 36 57 45 84 18 45 84 93 33 43 36
57 45 84 93 33 43 36 57 45 84 18 84 93 33 43 36
57 45 84 93 33 43 36 57 45 84 93 18 84 93 33 43 36
57 45 18 45 84 93 33 43 36 57 45 84 93 33 43 36
57 45 84 18 45 84 93 33 43 36 57 45 84 93 33 43 36
57 45 84 18 84 93 33 43 36 57 45 84 93 33 43 36
57 45 84 93 18 84 93 33 43 36 57 45 84 93 33 43 36

86 23 27 7 86 70 63 86 23 27 7 86 70 63
86 23 27 7 86 70 63 86 23 7 23 27 7 86 70 63
86 23 27 7 86 70 63 86 23 27 7 23 27 7 86 70 63
86 23 27 7 86 70 63 86 23 27 7 27 7 86 70 63
86 23 27 7 86 70 63 86 23 27 7 7 27 7 86 70 63
86 23 7 23 27 7 86 70 63 86 23 27 7 86 70 63
86 23 27 7 23 27 7 86 70 63 86 23 27 7 86 70 63
86 23 27 7 27 7 86 70 63 86 23 27 7 86 70 63
86 23 27 7 7 27 7 86 70 63 86 23 27 7 86 70 63

55 37 86 87 37 69 15 55 37 86 87 37 69 15
55 37 86 87 37 69 15 55 37 15 37 86 87 37 69 15
55 37 86 87 37 69 15 55 37 86 15 37 86 87 37 69 15
55 37 86 87 37 69 15 55 37 86 15 86 87 37 69 15
55 37 86 87 37 69 15 55 37 86 87 15 86 87 37 69 15
55 37 15 37 86 87 37 69 15 55 37 86 87 37 69 15
55 37 86 15 37 86 87 37 69 15 55 37 86 87 37 69 15
55 37 86 15 86 87 37 69 15 55 37 86 87 37 69 15
55 37 86 87 15 86 87 37 69 15 55 37 86 87 37 69 15

32 16 6 9 31 35 64 32 16 6 9 31 35 64
32 16 6 9 31 35 64 32 16 19 16 6 9 31 35 64
32 16 6 9 31 35 64 32 16 6 19 16 6 9 31 35 64
32 16 6 9 31 35 64 32 16 6 19 6 9 31 35 64
32 16 6 9 31 35 64 32 16 6 9 19 6 9 31 35 64
32 16 19 16 6 9 31 35 64 32 16 6 9 31 35 64
32 16 6 19 16 6 9 31 35 64 32 16 6 9 31 35 64
32 16 6 19 6 9 31 35 64 32 16 6 9 31 35 64
32 16 6 9 19 6 9 31 35 64 32 16 6 9 31 35 64

71 82 56 60 28 15 91 71 82 56 60 28 15 91
71 82 56 60 28 15 91 71 82 16 82 56 60 28 15 91
71 82 56 60 28 15 91 71 82 56 16 82 56 60 28 15 91
71 82 56 60 28 15 91 71 82 56 16 56 60 28 15 91
71 82 56 60 28 15 91 71 82 56 60 16 56 60 28 15 91
71 82 16 82 56 60 28 15 91 71 82 56 60 28 15 91
71 82 56 16 82 56 60 28 15 91 71 82 56 60 28 15 91
71 82 56 16 56 60 28 15 91 71 82 56 60 28 15 91
71 82 56 60 16 56 60 28 15 91 71 82 56 60 28 15 91

57 72 94 74 56 86 76 57 72 94 74 56 86 76
57 72 94 74 56 86 76 57 72 5 72 94 74 56 86 76
57 72 94 74 56 86 76 57 72 94 5 72 94 74 56 86 76
57 72 94 74 56 86 76 57 72 94 5 94 74 56 86 76
57 72 94 74 56 86 76 57 72 94 74 5 94 74 56 86 76
57 72 5 72 94 74 56 86 76 57 72 94 74 56 86 76
57 72 94 5 72 94 74 56 86 76 57 72 94 74 56 86 76
57 72 94 5 94 74 56 86 76 57 72 94 74 56 86 76
57 72 94 74 5 94 74 56 86 76 57 72 94 74 56 86 76

15 27 11 94 71 12 69 15 27 11 94 71 12 69
15 27 11 94 71 12 69 15 27 7 27 11 94 71 12 69
15 27 11 94 71 12 69 15 27 11 7 27 11 94 71 12 69
15 27 11 94 71 12 69 15 27 11 7 11 94 71 12 69
15 27 11 94 71 12 69 15 27 11 94 7 11 94 71 12 69
15 27 7 27 11 94 71 12 69 15 27 11 94 71 12 69
15 27 11 7 27 11 94 71 12 69 15 27 11 94 71 12 69
15 27 11 7 11 94 71 12 69 15 27 11 94 71 12 69
15 27 11 94 7 11 94 71 12 69 15 27 11 94 71 12 69

84 55 11 24 26 71 52 84 55 11 24 26 71 52
84 55 11 24 26 71 52 84 55 7 55 11 24 26 71 52
84 55 11 24 26 71 52 84 55 11 7 55 11 24 26 71 52
84 55 11 24 26 71 52 84 55 11 7 11 24 26 71 52
84 55 11 24 26 71 52 84 55 11 24 7 11 24 26 71 52
84 55 7 55 11 24 26 71 52 84 55 11 24 26 71 52
84 55 11 7 55 11 24 26 71 52 84 55 11 24 26 71 52
84 55 11 7 11 24 26 71 52 84 55 11 24 26 71 52
84 55 11 24 7 11 24 26 71 52 84 55 11 24 26 71 52

56 43 64 100 11 61 74 56 43 64 100 11 61 74
56 43 64 100 11 61 74 56 43 11 43 64 100 11 61 74
56 43 64 100 11 61 74 56 43 64 11 43 64 100 11 61 74
56 43 64 100 11 61 74 56 43 64 11 64 100 11 61 74
56 43 64 100 11 61 74 56 43 64 100 11 64 100 11 61 74
56 43 11 43 64 100 11 61 74 56 43 64 100 11 61 74
56 43 64 11 43 64 100 11 61 74 56 43 64 100 11 61 74
56 43 64 11 64 100 11 61 74 56 43 64 100 11 61 74
56 43 64 100 11 64 100 11 61 74 56 43 64 100 11 61 74

23 53 62 15 71 76 6 23 53 62 15 71 76 6
23 53 62 15 71 76 6 23 53 10 53 62 15 71 76 6
23 53 62 15 71 76 6 23 53 62 10 53 62 15 71 76 6
23 53 62 15 71 76 6 23 53 62 10 62 15 71 76 6
23 53 62 15 71 76 6 23 53 62 15 10 62 15 71 76 6
23 53 10 53 62 15 71 76 6 23 53 62 15 71 76 6
23 53 62 10 53 62 15 71 76 6 23 53 62 15 71 76 6
23 53 62 10 62 15 71 76 6 23 53 62 15 71 76 6
23 53 62 15 10 62 15 71 76 6 23 53 62 15 71 76 6

86 41 43 43 68 28 97 86 41 43 43 68 28 97
86 41 43 43 68 28 97 86 41 15 41 43 43 68 28 97
86 41 43 43 68 28 97 86 41 43 15 41 43 43 68 28 97
86 41 43 43 68 28 97 86 41 43 15 43 43 68 28 97
86 41 43 43 68 28 97 86 41 43 43 15 43 43 68 28 97
86 41 15 41 43 43 68 28 97 86 41 43 43 68 28 97
86 41 43 15 41 43 43 68 28 97 86 41 43 43 68 28 97
86 41 43 15 43 43 68 28 97 86 41 43 43 68 28 97
86 41 43 43 15 43 43 68 28 97 86 41 43 43 68 28 97

12 79 100 58 71 82 18 12 79 100 58 71 82 18
12 79 100 58 71 82 18 12 79 15 79 100 58 71 82 18
12 79 100 58 71 82 18 12 79 100 15 79 100 58 71 82 18
12 79 100 58 71 82 18 12 79 100 15 100 58 71 82 18
12 79 100 58 71 82 18 12 79 100 58 15 100 58 71 82 18
12 79 15 79 100 58 71 82 18 12 79 100 58 71 82 18
12 79 100 15 79 100 58 71 82 18 12 79 100 58 71 82 18
12 79 100 15 100 58 71 82 18 12 79 100 58 71 82 18
12 79 100 58 15 100 58 71 82 18 12 79 100 58 71 82 18

6 94 53 23 92 6 32 6 94 53 23 92 6 32
6 94 53 23 92 6 32 6 94 19 94 53 23 92 6 32
6 94 53 23 92 6 32 6 94 53 19 94 53 23 92 6 32
6 94 53 23 92 6 32 6 94 53 19 53 23 92 6 32
6 94 53 23 92 6 32 6 94 53 23 19 53 23 92 6 32
6 94 19 94 53 23 92 6 32 6 94 53 23 92 6 32
6 94 53 19 94 53 23 92 6 32 6 94 53 23 92 6 32
6 94 53 19 53 23 92 6 32 6 94 53 23 92 6 32
6 94 53 23 19 53 23 92 6 32 6 94 53 23 92 6 32

77 42 90 76 21 47 31 77 42 90 76 21 47 31
77 42 90 76 21 47 31 77 42 7 42 90 76 21 47 31
77 42 90 76 21 47 31 77 42 90 7 42 90 76 21 47 31
77 42 90 76 21 47 31 77 42 90 7 90 76 21 47 31
77 42 90 76 21 47 31 77 42 90 76 7 90 76 21 47 31
77 42 7 42 90 76 21 47 31 77 42 90 76 21 47 31
77 42 90 7 42 90 76 21 47 31 77 42 90 76 21 47 31
77 42 90 7 90 76 21 47 31 77 42 90 76 21 47 31
77 42 90 76 7 90 76 21 47 31 77 42 90 76 21 47 31

46 31 70 54 37 65 94 46 31 70 54 37 65 94
46 31 70 54 37 65 94 46 31 13 31 70 54 37 65 94
46 31 70 54 37 65 94 46 31 70 13 31 70 54 37 65 94
46 31 70 54 37 65 94 46 31 70 13 70 54 37 65 94
46 31 70 54 37 65 94 46 31 70 54 13 70 54 37 65 94
46 31 13 31 70 54 37 65 94 46 31 70 54 37 65 94
46 31 70 13 31 70 54 37 65 94 46 31 70 54 37 65 94
46 31 70 13 70 54 37 65 94 46 31 70 54 37 65 94
46 31 70 54 13 70 54 37 65 94 46 31 70 54 37 65 94

37 55 73 23 79 38 94 37 55 73 23 79 38 94
37 55 73 23 79 38 94 37 55 13 55 73 23 79 38 94
37 55 73 23 79 38 94 37 55 73 13 55 73 23 79 38 94
37 55 73 23 79 38 94 37 55 73 13 73 23 79 38 94
37 55 73 23 79 38 94 37 55 73 23 13 73 23 79 38 94
37 55 13 55 73 23 79 38 94 37 55 73 23 79 38 94
37 55 73 13 55 73 23 79 38 94 37 55 73 23 79 38 94
37 55 73 13 73 23 79 38 94 37 55 73 23 79 38 94
37 55 73 23 13 73 23 79 38 94 37 55 73 23 79 38 94

49 54 76 46 95 29 34 49 54 76 46 95 29 34
49 54 76 46 95 29 34 49 54 15 54 76 46 95 29 34
49 54 76 46 95 29 34 49 54 76 15 54 76 46 95 29 34
49 54 76 46 95 29 34 49 54 76 15 76 46 95 29 34
49 54 76 46 95 29 34 49 54 76 46 15 76 46 95 29 34
49 54 15 54 76 46 95 29 34 49 54 76 46 95 29 34
49 54 76 15 54 76 46 95 29 34 49 54 76 46 95 29 34
49 54 76 15 76 46 95 29 34 49 54 76 46 95 29 34
49 54 76 46 15 76 46 95 29 34 49 54 76 46 95 29 34

29 93 80 64 19 63 39 29 93 80 64 19 63 39
29 93 80 64 19 63 39 29 93 15 93 80 64 19 63 39
29 93 80 64 19 63 39 29 93 80 15 93 80 64 19 63 39
29 93 80 64 19 63 39 29 93 80 15 80 64 19 63 39
29 93 80 64 19 63 39 29 93 80 64 15 80 64 19 63 39
29 93 15 93 80 64 19 63 39 29 93 80 64 19 63 39
29 93 80 15 93 80 64 19 63 39 29 93 80 64 19 63 39
29 93 80 15 80 64 19 63 39 29 93 80 64 19 63 39
29 93 80 64 15 80 64 19 63 39 29 93 80 64 19 63 39

30 52 83 10 18 13 82 30 52 83 10 18 13 82
30 52 83 10 18 13 82 30 52 6 52 83 10 18 13 82
30 52 83 10 18 13 82 30 52 83 6 52 83 10 18 13 82
30 52 83 10 18 13 82 30 52 83 6 83 10 18 13 82
30 52 83 10 18 13 82 30 52 83 10 6 83 10 18 13 82
30 52 6 52 83 10 18 13 82 30 52 83 10 18 13 82
30 52 83 6 52 83 10 18 13 82 30 52 83 10 18 13 82
30 52 83 6 83 10 18 13 82 30 52 83 10 18 13 82
30 52 83 10 6 83 10 18 13 82 30 52 83 10 18 13 82

65 72 14 78 15 42 71 65 72 14 78 15 42 71
65 72 14 78 15 42 71 65 72 14 72 14 78 15 42 71
65 72 14 78 15 42 71 65 72 14 14 72 14 78 15 42 71
65 72 14 78 15 42 71 65 72 14 14 14 78 15 42 71
65 72 14 78 15 42 71 65 72 14 78 14 14 78 15 42 71
65 72 14 72 14 78 15 42 71 65 72 14 78 15 42 71
65 72 14 14 72 14 78 15 42 71 65 72 14 78 15 42 71
65 72 14 14 14 78 15 42 71 65 72 14 78 15 42 71
65 72 14 78 14 14 78 15 42 71 65 72 14 78 15 42 71

22 98 25 70 40 5 45 22 98 25 70 40 5 45
22 98 25 70 40 5 45 22 98 5 98 25 70 40 5 45
22 98 25 70 40 5 45 22 98 25 5 98 25 70 40 5 45
22 98 25 70 40 5 45 22 98 25 5 25 70 40 5 45
22 98 25 70 40 5 45 22 98 25 70 5 25 70 40 5 45
22 98 5 98 25 70 40 5 45 22 98 25 70 40 5 45
22 98 25 5 98 25 70 40 5 45 22 98 25 70 40 5 45
22 98 25 5 25 70 40 5 45 22 98 25 70 40 5 45
22 98 25 70 5 25 70 40 5 45 22 98 25 70 40 5 45

25 58 25 83 42 89 52 25 58 25 83 42 89 52
25 58 25 83 42 89 52 25 58 7 58 25 83 42 89 52
25 58 25 83 42 89 52 25 58 25 7 58 25 83 42 89 52
25 58 25 83 42 89 52 25 58 25 7 25 83 42 89 52
25 58 25 83 42 89 52 25 58 25 83 7 25 83 42 89 52
25 58 7 58 25 83 42 89 52 25 58 25 83 42 89 52
25 58 25 7 58 25 83 42 89 52 25 58 25 83 42 89 52
25 58 25 7 25 83 42 89 52 25 58 25 83 42 89 52
25 58 25 83 7 25 83 42 89 52 25 58 25 83 42 89 52

60 34 24 61 47 89 29 60 34 24 61 47 89 29
60 34 24 61 47 89 29 60 34 7 34 24 61 47 89 29
60 34 24 61 47 89 29 60 34 24 7 34 24 61 47 89 29
60 34 24 61 47 89 29 60 34 24 7 24 61 47 89 29
60 34 24 61 47 89 29 60 34 24 61 7 24 61 47 89 29
60 34 7 34 24 61 47 89 29 60 34 24 61 47 89 29
60 34 24 7 34 24 61 47 89 29 60 34 24 61 47 89 29
60 34 24 7 24 61 47 89 29 60 34 24 61 47 89 29
60 34 24 61 7 24 61 47 89 29 60 34 24 61 47 89 29

71 55 53 10 95 86 51 71 55 53 10 95 86 51
71 55 53 10 95 86 51 71 55 12 55 53 10 95 86 51
71 55 53 10 95 86 51 71 55 53 12 55 53 10 95 86 51
71 55 53 10 95 86 51 71 55 53 12 53 10 95 86 51
71 55 53 10 95 86 51 71 55 53 10 12 53 10 95 86 51
71 55 12 55 53 10 95 86 51 71 55 53 10 95 86 51
71 55 53 12 55 53 10 95 86 51 71 55 53 10 95 86 51
71 55 53 12 53 10 95 86 51 71 55 53 10 95 86 51
71 55 53 10 12 53 10 95 86 51 71 55 53 10 95 86 51

8 20 26 42 81 15 80 8 20 26 42 81 15 80
8 20 26 42 81 15 80 8 20 14 20 26 42 81 15 80
8 20 26 42 81 15 80 8 20 26 14 20 26 42 81 15 80
8 20 26 42 81 15 80 8 20 26 14 26 42 81 15 80
8 20 26 42 81 15 80 8 20 26 42 14 26 42 81 15 80
8 20 14 20 26 42 81 15 80 8 20 26 42 81 15 80
8 20 26 14 20 26 42 81 15 80 8 20 26 42 81 15 80
8 20 26 14 26 42 81 15 80 8 20 26 42 81 15 80
8 20 26 42 14 26 42 81 15 80 8 20 26 42 81 15 80

67 10 55 71 22 7 40 67 10 55 71 22 7 40
67 10 55 71 22 7 40 67 10 16 10 55 71 22 7 40
67 10 55 71 22 7 40 67 10 55 16 10 55 71 22 7 40
67 10 55 71 22 7 40 67 10 55 16 55 71 22 7 40
67 10 55 71 22 7 40 67 10 55 71 16 55 71 22 7 40
67 10 16 10 55 71 22 7 40 67 10 55 71 22 7 40
67 10 55 16 10 55 71 22 7 40 67 10 55 71 22 7 40
67 10 55 16 55 71 22 7 40 67 10 55 71 22 7 40
67 10 55 71 16 55 71 22 7 40 67 10 55 71 22 7 40

82 95 75 7 51 10 48 82 95 75 7 51 10 48
82 95 75 7 51 10 48 82 95 5 95 75 7 51 10 48
82 95 75 7 51 10 48 82 95 75 5 95 75 7 51 10 48
82 95 75 7 51 10 48 82 95 75 5 75 7 51 10 48
82 95 75 7 51 10 48 82 95 75 7 5 75 7 51 10 48
82 95 5 95 75 7 51 10 48 82 95 75 7 51 10 48
82 95 75 5 95 75 7 51 10 48 82 95 75 7 51 10 48
82 95 75 5 75 7 51 10 48 82 95 75 7 51 10 48
82 95 75 7 5 75 7 51 10 48 82 95 75 7 51 10 48

100 43 22 38 42 44 78 100 43 22 38 42 44 78
100 43 22 38 42 44 78 100 43 8 43 22 38 42 44 78
100 43 22 38 42 44 78 100 43 22 8 43 22 38 42 44 78
100 43 22 38 42 44 78 100 43 22 8 22 38 42 44 78
100 43 22 38 42 44 78 100 43 22 38 8 22 38 42 44 78
100 43 8 43 22 38 42 44 78 100 43 22 38 42 44 78
100 43 22 8 43 22 38 42 44 78 100 43 22 38 42 44 78
100 43 22 8 22 38 42 44 78 100 43 22 38 42 44 78
100 43 22 38 8 22 38 42 44 78 100 43 22 38 42 44 78

61 28 78 76 26 21 56 61 28 78 76 26 21 56
61 28 78 76 26 21 56 61 28 17 28 78 76 26 21 56
61 28 78 76 26 21 56 61 28 78 17 28 78 76 26 21 56
61 28 78 76 26 21 56 61 28 78 17 78 76 26 21 56
61 28 78 76 26 21 56 61 28 78 76 17 78 76 26 21 56
61 28 17 28 78 76 26 21 56 61 28 78 76 26 21 56
61 28 78 17 28 78 76 26 21 56 61 28 78 76 26 21 56
61 28 78 17 78 76 26 21 56 61 28 78 76 26 21 56
61 28 78 76 17 78 76 26 21 56 61 28 78 76 26 21 56

42 90 49 57 5 22 94 42 90 49 57 5 22 94
42 90 49 57 5 22 94 42 90 6 90 49 57 5 22 94
42 90 49 57 5 22 94 42 90 49 6 90 49 57 5 22 94
42 90 49 57 5 22 94 42 90 49 6 49 57 5 22 94
42 90 49 57 5 22 94 42 90 49 57 6 49 57 5 22 94
42 90 6 90 49 57 5 22 94 42 90 49 57 5 22 94
42 90 49 6 90 49 57 5 22 94 42 90 49 57 5 22 94
42 90 49 6 49 57 5 22 94 42 90 49 57 5 22 94
42 90 49 57 6 49 57 5 22 94 42 90 49 57 5 22 94

64 68 73 71 62 85 14 64 68 73 71 62 85 14
64 68 73 71 62 85 14 64 68 10 68 73 71 62 85 14
64 68 73 71 62 85 14 64 68 73 10 68 73 71 62 85 14
64 68 73 71 62 85 14 64 68 73 10 73 71 62 85 14
64 68 73 71 62 85 14 64 68 73 71 10 73 71 62 85 14
64 68 10 68 73 71 62 85 14 64 68 73 71 62 85 14
64 68 73 10 68 73 71 62 85 14 64 68 73 71 62 85 14
64 68 73 10 73 71 62 85 14 64 68 73 71 62 85 14
64 68 73 71 10 73 71 62 85 14 64 68 73 71 62 85 14

8 6 11 25 61 36 59 8 6 11 25 61 36 59
8 6 11 25 61 36 59 8 6 7 6 11 25 61 36 59
8 6 11 25 61 36 59 8 6 11 7 6 11 25 61 36 59
8 6 11 25 61 36 59 8 6 11 7 11 25 61 36 59
8 6 11 25 61 36 59 8 6 11 25 7 11 25 61 36 59
8 6 7 6 11 25 61 36 59 8 6 11 25 61 36 59
8 6 11 7 6 11 25 61 36 59 8 6 11 25 61 36 59
8 6 11 7 11 25 61 36 59 8 6 11 25 61 36 59
8 6 11 25 7 11 25 61 36 59 8 6 11 25 61 36 59

53 45 53 74 53 51 20 53 45 53 74 53 51 20
53 45 53 74 53 51 20 53 45 10 45 53 74 53 51 20
53 45 53 74 53 51 20 53 45 53 10 45 53 74 53 51 20
53 45 53 74 53 51 20 53 45 53 10 53 74 53 51 20
53 45 53 74 53 51 20 53 45 53 74 10 53 74 53 51 20
53 45 10 45 53 74 53 51 20 53 45 53 74 53 51 20
53 45 53 10 45 53 74 53 51 20 53 45 53 74 53 51 20
53 45 53 10 53 74 53 51 20 53 45 53 74 53 51 20
53 45 53 74 10 53 74 53 51 20 53 45 53 74 53 51 20

12 13 84 85 42 93 32 12 13 84 85 42 93 32
12 13 84 85 42 93 32 12 13 15 13 84 85 42 93 32
12 13 84 85 42 93 32 12 13 84 15 13 84 85 42 93 32
12 13 84 85 42 93 32 12 13 84 15 84 85 42 93 32
12 13 84 85 42 93 32 12 13 84 85 15 84 85 42 93 32
12 13 15 13 84 85 42 93 32 12 13 84 85 42 93 32
12 13 84 15 13 84 85 42 93 32 12 13 84 85 42 93 32
12 13 84 15 84 85 42 93 32 12 13 84 85 42 93 32
12 13 84 85 15 84 85 42 93 32 12 13 84 85 42 93 32

16 31 7 71 43 89 73 16 31 7 71 43 89 73
16 31 7 71 43 89 73 16 31 16 31 7 71 43 89 73
16 31 7 71 43 89 73 16 31 7 16 31 7 71 43 89 73
16 31 7 71 43 89 73 16 31 7 16 7 71 43 89 73
16 31 7 71 43 89 73 16 31 7 71 16 7 71 43 89 73
16 31 16 31 7 71 43 89 73 16 31 7 71 43 89 73
16 31 7 16 31 7 71 43 89 73 16 31 7 71 43 89 73
16 31 7 16 7 71 43 89 73 16 31 7 71 43 89 73
16 31 7 71 16 7 71 43 89 73 16 31 7 71 43 89 73

64 31 15 41 96 40 78 64 31 15 41 96 40 78
64 31 15 41 96 40 78 64 31 6 31 15 41 96 40 78
64 31 15 41 96 40 78 64 31 15 6 31 15 41 96 40 78
64 31 15 41 96 40 78 64 31 15 6 15 41 96 40 78
64 31 15 41 96 40 78 64 31 15 41 6 15 41 96 40 78
64 31 6 31 15 41 96 40 78 64 31 15 41 96 40 78
64 31 15 6 31 15 41 96 40 78 64 31 15 41 96 40 78
64 31 15 6 15 41 96 40 78 64 31 15 41 96 40 78
64 31 15 41 6 15 41 96 40 78 64 31 15 41 96 40 78

30 65 87 22 29 35 77 30 65 87 22 29 35 77
30 65 87 22 29 35 77 30 65 13 65 87 22 29 35 77
30 65 87 22 29 35 77 30 65 87 13 65 87 22 29 35 77
30 65 87 22 29 35 77 30 65 87 13 87 22 29 35 77
30 65 87 22 29 35 77 30 65 87 22 13 87 22 29 35 77
30 65 13 65 87 22 29 35 77 30 65 87 22 29 35 77
30 65 87 13 65 87 22 29 35 77 30 65 87 22 29 35 77
30 65 87 13 87 22 29 35 77 30 65 87 22 29 35 77
30 65 87 22 13 87 22 29 35 77 30 65 87 22 29 35 77

11 18 73 22 5 99 52 11 18 73 22 5 99 52
11 18 73 22 5 99 52 11 18 19 18 73 22 5 99 52
11 18 73 22 5 99 52 11 18 73 19 18 73 22 5 99 52
11 18 73 22 5 99 52 11 18 73 19 73 22 5 99 52
11 18 73 22 5 99 52 11 18 73 22 19 73 22 5 99 52
11 18 19 18 73 22 5 99 52 11 18 73 22 5 99 52
11 18 73 19 18 73 22 5 99 52 11 18 73 22 5 99 52
11 18 73 19 73 22 5 99 52 11 18 73 22 5 99 52
11 18 73 22 19 73 22 5 99 52 11 18 73 22 5 99 52

8 53 78 59 61 91 31 8 53 78 59 61 91 31
8 53 78 59 61 91 31 8 53 14 53 78 59 61 91 31
8 53 78 59 61 91 31 8 53 78 14 53 78 59 61 91 31
8 53 78 59 61 91 31 8 53 78 14 78 59 61 91 31
8 53 78 59 61 91 31 8 53 78 59 14 78 59 61 91 31
8 53 14 53 78 59 61 91 31 8 53 78 59 61 91 31
8 53 78 14 53 78 59 61 91 31 8 53 78 59 61 91 31
8 53 78 14 78 59 61 91 31 8 53 78 59 61 91 31
8 53 78 59 14 78 59 61 91 31 8 53 78 59 61 91 31

63 69 80 78 58 99 27 63 69 80 78 58 99 27
63 69 80 78 58 99 27 63 69 5 69 80 78 58 99 27
63 69 80 78 58 99 27 63 69 80 5 69 80 78 58 99 27
63 69 80 78 58 99 27 63 69 80 5 80 78 58 99 27
63 69 80 78 58 99 27 63 69 80 78 5 80 78 58 99 27
63 69 5 69 80 78 58 99 27 63 69 80 78 58 99 27
63 69 80 5 69 80 78 58 99 27 63 69 80 78 58 99 27
63 69 80 5 80 78 58 99 27 63 69 80 78 58 99 27
63 69 80 78 5 80 78 58 99 27 63 69 80 78 58 99 27

5 45 87 71 43 73 56 5 45 87 71 43 73 56
5 45 87 71 43 73 56 5 45 5 45 87 71 43 73 56
5 45 87 71 43 73 56 5 45 87 5 45 87 71 43 73 56
5 45 87 71 43 73 56 5 45 87 5 87 71 43 73 56
5 45 87 71 43 73 56 5 45 87 71 5 87 71 43 73 56
5 45 5 45 87 71 43 73 56 5 45 87 71 43 73 56
5 45 87 5 45 87 71 43 73 56 5 45 87 71 43 73 56
5 45 87 5 87 71 43 73 56 5 45 87 71 43 73 56
5 45 87 71 5 87 71 43 73 56 5 45 87 71 43 73 56

25 67 55 79 60 59 71 25 67 55 79 60 59 71
25 67 55 79 60 59 71 25 67 15 67 55 79 60 59 71
25 67 55 79 60 59 71 25 67 55 15 67 55 79 60 59 71
25 67 55 79 60 59 71 25 67 55 15 55 79 60 59 71
25 67 55 79 60 59 71 25 67 55 79 15 55 79 60 59 71
25 67 15 67 55 79 60 59 71 25 67 55 79 60 59 71
25 67 55 15 67 55 79 60 59 71 25 67 55 79 60 59 71
25 67 55 15 55 79 60 59 71 25 67 55 79 60 59 71
25 67 55 79 15 55 79 60 59 71 25 67 55 79 60 59 71

89 25 87 88 53 34 36 89 25 87 88 53 34 36
89 25 87 88 53 34 36 89 25 15 25 87 88 53 34 36
89 25 87 88 53 34 36 89 25 87 15 25 87 88 53 34 36
89 25 87 88 53 34 36 89 25 87 15 87 88 53 34 36
89 25 87 88 53 34 36 89 25 87 88 15 87 88 53 34 36
89 25 15 25 87 88 53 34 36 89 25 87 88 53 34 36
89 25 87 15 25 87 88 53 34 36 89 25 87 88 53 34 36
89 25 87 15 87 88 53 34 36 89 25 87 88 53 34 36
89 25 87 88 15 87 88 53 34 36 89 25 87 88 53 34 36

26 95 89 42 30 61 51 26 95 89 42 30 61 51
26 95 89 42 30 61 51 26 95 20 95 89 42 30 61 51
26 95 89 42 30 61 51 26 95 89 20 95 89 42 30 61 51
26 95 89 42 30 61 51 26 95 89 20 89 42 30 61 51
26 95 89 42 30 61 51 26 95 89 42 20 89 42 30 61 51
26 95 20 95 89 42 30 61 51 26 95 89 42 30 61 51
26 95 89 20 95 89 42 30 61 51 26 95 89 42 30 61 51
26 95 89 20 89 42 30 61 51 26 95 89 42 30 61 51
26 95 89 42 20 89 42 30 61 51 26 95 89 42 30 61 51

63 37 12 42 72 80 73 63 37 12 42 72 80 73
63 37 12 42 72 80 73 63 37 15 37 12 42 72 80 73
63 37 12 42 72 80 73 63 37 12 15 37 12 42 72 80 73
63 37 12 42 72 80 73 63 37 12 15 12 42 72 80 73
63 37 12 42 72 80 73 63 37 12 42 15 12 42 72 80 73
63 37 15 37 12 42 72 80 73 63 37 12 42 72 80 73
63 37 12 15 37 12 42 72 80 73 63 37 12 42 72 80 73
63 37 12 15 12 42 72 80 73 63 37 12 42 72 80 73
63 37 12 42 15 12 42 72 80 73 63 37 12 42 72 80 73

10 26 35 86 52 57 84 10 26 35 86 52 57 84
10 26 35 86 52 57 84 10 26 13 26 35 86 52 57 84
10 26 35 86 52 57 84 10 26 35 13 26 35 86 52 57 84
10 26 35 86 52 57 84 10 26 35 13 35 86 52 57 84
10 26 35 86 52 57 84 10 26 35 86 13 35 86 52 57 84
10 26 13 26 35 86 52 57 84 10 26 35 86 52 57 84
10 26 35 13 26 35 86 52 57 84 10 26 35 86 52 57 84
10 26 35 13 35 86 52 57 84 10 26 35 86 52 57 84
10 26 35 86 13 35 86 52 57 84 10 26 35 86 52 57 84

10 90 40 37 88 6 62 10 90 40 37 88 6 62
10 90 40 37 88 6 62 10 90 8 90 40 37 88 6 62
10 90 40 37 88 6 62 10 90 40 8 90 40 37 88 6 62
10 90 40 37 88 6 62 10 90 40 8 40 37 88 6 62
10 90 40 37 88 6 62 10 90 40 37 8 40 37 88 6 62
10 90 8 90 40 37 88 6 62 10 90 40 37 88 6 62
10 90 40 8 90 40 37 88 6 62 10 90 40 37 88 6 62
10 90 40 8 40 37 88 6 62 10 90 40 37 88 6 62
10 90 40 37 8 40 37 88 6 62 10 90 40 37 88 6 62

36 98 82 57 76 77 89 36 98 82 57 76 77 89
36 98 82 57 76 77 89 36 98 11 98 82 57 76 77 89
36 98 82 57 76 77 89 36 98 82 11 98 82 57 76 77 89
36 98 82 57 76 77 89 36 98 82 11 82 57 76 77 89
36 98 82 57 76 77 89 36 98 82 57 11 82 57 76 77 89
36 98 11 98 82 57 76 77 89 36 98 82 57 76 77 89
36 98 82 11 98 82 57 76 77 89 36 98 82 57 76 77 89
36 98 82 11 82 57 76 77 89 36 98 82 57 76 77 89
36 98 82 57 11 82 57 76 77 89 36 98 82 57 76 77 89

99 28 37 79 5 66 58 99 28 37 79 5 66 58
99 28 37 79 5 66 58 99 28 15 28 37 79 5 66 58
99 28 37 79 5 66 58 99 28 37 15 28 37 79 5 66 58
99 28 37 79 5 66 58 99 28 37 15 37 79 5 66 58
99 28 37 79 5 66 58 99 28 37 79 15 37 79 5 66 58
99 28 15 28 37 79 5 66 58 99 28 37 79 5 66 58
99 28 37 15 28 37 79 5 66 58 99 28 37 79 5 66 58
99 28 37 15 37 79 5 66 58 99 28 37 79 5 66 58
99 28 37 79 15 37 79 5 66 58 99 28 37 79 5 66 58

16 77 97 42 28 10 71 16 77 97 42 28 10 71
16 77 97 42 28 10 71 16 77 11 77 97 42 28 10 71
16 77 97 42 28 10 71 16 77 97 11 77 97 42 28 10 71
16 77 97 42 28 10 71 16 77 97 11 97 42 28 10 71
16 77 97 42 28 10 71 16 77 97 42 11 97 42 28 10 71
16 77 11 77 97 42 28 10 71 16 77 97 42 28 10 71
16 77 97 11 77 97 42 28 10 71 16 77 97 42 28 10 71
16 77 97 11 97 42 28 10 71 16 77 97 42 28 10 71
16 77 97 42 11 97 42 28 10 71 16 77 97 42 28 10 71

38 5 89 42 74 35 70 38 5 89 42 74 35 70
38 5 89 42 74 35 70 38 5 20 5 89 42 74 35 70
38 5 89 42 74 35 70 38 5 89 20 5 89 42 74 35 70
38 5 89 42 74 35 70 38 5 89 20 89 42 74 35 70
38 5 89 42 74 35 70 38 5 89 42 20 89 42 74 35 70
38 5 20 5 89 42 74 35 70 38 5 89 42 74 35 70
38 5 89 20 5 89 42 74 35 70 38 5 89 42 74 35 70
38 5 89 20 89 42 74 35 70 38 5 89 42 74 35 70
38 5 89 42 20 89 42 74 35 70 38 5 89 42 74 35 70

49 53 54 75 68 18 49 49 53 54 75 68 18 49
49 53 54 75 68 18 49 49 53 8 53 54 75 68 18 49
49 53 54 75 68 18 49 49 53 54 8 53 54 75 68 18 49
49 53 54 75 68 18 49 49 53 54 8 54 75 68 18 49
49 53 54 75 68 18 49 49 53 54 75 8 54 75 68 18 49
49 53 8 53 54 75 68 18 49 49 53 54 75 68 18 49
49 53 54 8 53 54 75 68 18 49 49 53 54 75 68 18 49
49 53 54 8 54 75 68 18 49 49 53 54 75 68 18 49
49 53 54 75 8 54 75 68 18 49 49 53 54 75 68 18 49

78 34 95 98 88 15 84 78 34 95 98 88 15 84
78 34 95 98 88 15 84 78 34 7 34 95 98 88 15 84
78 34 95 98 88 15 84 78 34 95 7 34 95 98 88 15 84
78 34 95 98 88 15 84 78 34 95 7 95 98 88 15 84
78 34 95 98 88 15 84 78 34 95 98 7 95 98 88 15 84
78 34 7 34 95 98 88 15 84 78 34 95 98 88 15 84
78 34 95 7 34 95 98 88 15 84 78 34 95 98 88 15 84
78 34 95 7 95 98 88 15 84 78 34 95 98 88 15 84
78 34 95 98 7 95 98 88 15 84 78 34 95 98 88 15 84

99 63 8 24 37 38 97 99 63 8 24 37 38 97
99 63 8 24 37 38 97 99 63 16 63 8 24 37 38 97
99 63 8 24 37 38 97 99 63 8 16 63 8 24 37 38 97
99 63 8 24 37 38 97 99 63 8 16 8 24 37 38 97
99 63 8 24 37 38 97 99 63 8 24 16 8 24 37 38 97
99 63 16 63 8 24 37 38 97 99 63 8 24 37 38 97
99 63 8 16 63 8 24 37 38 97 99 63 8 24 37 38 97
99 63 8 16 8 24 37 38 97 99 63 8 24 37 38 97
99 63 8 24 16 8 24 37 38 97 99 63 8 24 37 38 97

50 90 10 85 95 15 28 50 90 10 85 95 15 28
50 90 10 85 95 15 28 50 90 10 90 10 85 95 15 28
50 90 10 85 95 15 28 50 90 10 10 90 10 85 95 15 28
50 90 10 85 95 15 28 50 90 10 10 10 85 95 15 28
50 90 10 85 95 15 28 50 90 10 85 10 10 85 95 15 28
50 90 10 90 10 85 95 15 28 50 90 10 85 95 15 28
50 90 10 10 90 10 85 95 15 28 50 90 10 85 95 15 28
50 90 10 10 10 85 95 15 28 50 90 10 85 95 15 28
50 90 10 85 10 10 85 95 15 28 50 90 10 85 95 15 28

58 49 99 46 70 70 87 58 49 99 46 70 70 87
58 49 99 46 70 70 87 58 49 12 49 99 46 70 70 87
58 49 99 46 70 70 87 58 49 99 12 49 99 46 70 70 87
58 49 99 46 70 70 87 58 49 99 12 99 46 70 70 87
58 49 99 46 70 70 87 58 49 99 46 12 99 46 70 70 87
58 49 12 49 99 46 70 70 87 58 49 99 46 70 70 87
58 49 99 12 49 99 46 70 70 87 58 49 99 46 70 70 87
58 49 99 12 99 46 70 70 87 58 49 99 46 70 70 87
58 49 99 46 12 99 46 70 70 87 58 49 99 46 70 70 87

28 24 19 30 45 84 73 28 24 19 30 45 84 73
28 24 19 30 45 84 73 28 24 6 24 19 30 45 84 73
28 24 19 30 45 84 73 28 24 19 6 24 19 30 45 84 73
28 24 19 30 45 84 73 28 24 19 6 19 30 45 84 73
28 24 19 30 45 84 73 28 24 19 30 6 19 30 45 84 73
28 24 6 24 19 30 45 84 73 28 24 19 30 45 84 73
28 24 19 6 24 19 30 45 84 73 28 24 19 30 45 84 73
28 24 19 6 19 30 45 84 73 28 24 19 30 45 84 73
28 24 19 30 6 19 30 45 84 73 28 24 19 30 45 84 73

100 82 39 95 51 40 38 100 82 39 95 51 40 38
100 82 39 95 51 40 38 100 82 6 82 39 95 51 40 38
100 82 39 95 51 40 38 100 82 39 6 82 39 95 51 40 38
100 82 39 95 51 40 38 100 82 39 6 39 95 51 40 38
100 82 39 95 51 40 38 100 82 39 95 6 39 95 51 40 38
100 82 6 82 39 95 51 40 38 100 82 39 95 51 40 38
100 82 39 6 82 39 95 51 40 38 100 82 39 95 51 40 38
100 82 39 6 39 95 51 40 38 100 82 39 95 51 40 38
100 82 39 95 6 39 95 51 40 38 100 82 39 95 51 40 38

97 48 98 27 6 8 76 97 48 98 27 6 8 76
97 48 98 27 6 8 76 97 48 13 48 98 27 6 8 76
97 48 98 27 6 8 76 97 48 98 13 48 98 27 6 8 76
97 48 98 27 6 8 76 97 48 98 13 98 27 6 8 76
97 48 98 27 6 8 76 97 48 98 27 13 98 27 6 8 76
97 48 13 48 98 27 6 8 76 97 48 98 27 6 8 76
97 48 98 13 48 98 27 6 8 76 97 48 98 27 6 8 76
97 48 98 13 98 27 6 8 76 97 48 98 27 6 8 76
97 48 98 27 13 98 27 6 8 76 97 48 98 27 6 8 76

30 34 71 19 83 75 17 30 34 71 19 83 75 17
30 34 71 19 83 75 17 30 34 15 34 71 19 83 75 17
30 34 71 19 83 75 17 30 34 71 15 34 71 19 83 75 17
30 34 71 19 83 75 17 30 34 71 15 71 19 83 75 17
30 34 71 19 83 75 17 30 34 71 19 15 71 19 83 75 17
30 34 15 34 71 19 83 75 17 30 34 71 19 83 75 17
30 34 71 15 34 71 19 83 75 17 30 34 71 19 83 75 17
30 34 71 15 71 19 83 75 17 30 34 71 19 83 75 17
30 34 71 19 15 71 19 83 75 17 30 34 71 19 83 75 17

26 88 85 47 61 31 42 26 88 85 47 61 31 42
26 88 85 47 61 31 42 26 88 10 88 85 47 61 31 42
26 88 85 47 61 31 42 26 88 85 10 88 85 47 61 31 42
26 88 85 47 61 31 42 26 88 85 10 85 47 61 31 42
26 88 85 47 61 31 42 26 88 85 47 10 85 47 61 31 42
26 88 10 88 85 47 61 31 42 26 88 85 47 61 31 42
26 88 85 10 88 85 47 61 31 42 26 88 85 47 61 31 42
26 88 85 10 85 47 61 31 42 26 88 85 47 61 31 42
26 88 85 47 10 85 47 61 31 42 26 88 85 47 61 31 42

59 34 16 64 42 31 44 59 34 16 64 42 31 44
59 34 16 64 42 31 44 59 34 19 34 16 64 42 31 44
59 34 16 64 42 31 44 59 34 16 19 34 16 64 42 31 44
59 34 16 64 42 31 44 59 34 16 19 16 64 42 31 44
59 34 16 64 42 31 44 59 34 16 64 19 16 64 42 31 44
59 34 19 34 16 64 42 31 44 59 34 16 64 42 31 44
59 34 16 19 34 16 64 42 31 44 59 34 16 64 42 31 44
59 34 16 19 16 64 42 31 44 59 34 16 64 42 31 44
59 34 16 64 19 16 64 42 31 44 59 34 16 64 42 31 44

73 62 59 9 99 63 95 73 62 59 9 99 63 95
73 62 59 9 99 63 95 73 62 11 62 59 9 99 63 95
73 62 59 9 99 63 95 73 62 59 11 62 59 9 99 63 95
73 62 59 9 99 63 95 73 62 59 11 59 9 99 63 95
73 62 59 9 99 63 95 73 62 59 9 11 59 9 99 63 95
73 62 11 62 59 9 99 63 95 73 62 59 9 99 63 95
73 62 59 11 62 59 9 99 63 95 73 62 59 9 99 63 95
73 62 59 11 59 9 99 63 95 73 62 59 9 99 63 95
73 62 59 9 11 59 9 99 63 95 73 62 59 9 99 63 95

87 38 91 16 74 44 40 87 38 91 16 74 44 40
87 38 91 16 74 44 40 87 38 20 38 91 16 74 44 40
87 38 91 16 74 44 40 87 38 91 20 38 91 16 74 44 40
87 38 91 16 74 44 40 87 38 91 20 91 16 74 44 40
87 38 91 16 74 44 40 87 38 91 16 20 91 16 74 44 40
87 38 20 38 91 16 74 44 40 87 38 91 16 74 44 40
87 38 91 20 38 91 16 74 44 40 87 38 91 16 74 44 40
87 38 91 20 91 16 74 44 40 87 38 91 16 74 44 40
87 38 91 16 20 91 16 74 44 40 87 38 91 16 74 44 40

63 25 91 22 60 61 20 63 25 91 22 60 61 20
63 25 91 22 60 61 20 63 25 10 25 91 22 60 61 20
63 25 91 22 60 61 20 63 25 91 10 25 91 22 60 61 20
63 25 91 22 60 61 20 63 25 91 10 91 22 60 61 20
63 25 91 22 60 61 20 63 25 91 22 10 91 22 60 61 20
63 25 10 25 91 22 60 61 20 63 25 91 22 60 61 20
63 25 91 10 25 91 22 60 61 20 63 25 91 22 60 61 20
63 25 91 10 91 22 60 61 20 63 25 91 22 60 61 20
63 25 91 22 10 91 22 60 61 20 63 25 91 22 60 61 20

42 80 79 99 26 5 97 42 80 79 99 26 5 97
42 80 79 99 26 5 97 42 80 19 80 79 99 26 5 97
42 80 79 99 26 5 97 42 80 79 19 80 79 99 26 5 97
42 80 79 99 26 5 97 42 80 79 19 79 99 26 5 97
42 80 79 99 26 5 97 42 80 79 99 19 79 99 26 5 97
42 80 19 80 79 99 26 5 97 42 80 79 99 26 5 97
42 80 79 19 80 79 99 26 5 97 42 80 79 99 26 5 97
42 80 79 19 79 99 26 5 97 42 80 79 99 26 5 97
42 80 79 99 19 79 99 26 5 97 42 80 79 99 26 5 97

80 69 68 14 90 20 54 80 69 68 14 90 20 54
80 69 68 14 90 20 54 80 69 9 69 68 14 90 20 54
80 69 68 14 90 20 54 80 69 68 9 69 68 14 90 20 54
80 69 68 14 90 20 54 80 69 68 9 68 14 90 20 54
80 69 68 14 90 20 54 80 69 68 14 9 68 14 90 20 54
80 69 9 69 68 14 90 20 54 80 69 68 14 90 20 54
80 69 68 9 69 68 14 90 20 54 80 69 68 14 90 20 54
80 69 68 9 68 14 90 20 54 80 69 68 14 90 20 54
80 69 68 14 9 68 14 90 20 54 80 69 68 14 90 20 54

38 36 89 12 92 97 10 38 36 89 12 92 97 10
38 36 89 12 92 97 10 38 36 12 36 89 12 92 97 10
38 36 89 12 92 97 10 38 36 89 12 36 89 12 92 97 10
38 36 89 12 92 97 10 38 36 89 12 89 12 92 97 10
38 36 89 12 92 97 10 38 36 89 12 12 89 12 92 97 10
38 36 12 36 89 12 92 97 10 38 36 89 12 92 97 10
38 36 89 12 36 89 12 92 97 10 38 36 89 12 92 97 10
38 36 89 12 89 12 92 97 10 38 36 89 12 92 97 10
38 36 89 12 12 89 12 92 97 10 38 36 89 12 92 97 10

58 82 83 64 96 32 67 58 82 83 64 96 32 67
58 82 83 64 96 32 67 58 82 5 82 83 64 96 32 67
58 82 83 64 96 32 67 58 82 83 5 82 83 64 96 32 67
58 82 83 64 96 32 67 58 82 83 5 83 64 96 32 67
58 82 83 64 96 32 67 58 82 83 64 5 83 64 96 32 67
58 82 5 82 83 64 96 32 67 58 82 83 64 96 32 67
58 82 83 5 82 83 64 96 32 67 58 82 83 64 96 32 67
58 82 83 5 83 64 96 32 67 58 82 83 64 96 32 67
58 82 83 64 5 83 64 96 32 67 58 82 83 64 96 32 67

49 97 37 9 48 37 79 49 97 37 9 48 37 79
49 97 37 9 48 37 79 49 97 16 97 37 9 48 37 79
49 97 37 9 48 37 79 49 97 37 16 97 37 9 48 37 79
49 97 37 9 48 37 79 49 97 37 16 37 9 48 37 79
49 97 37 9 48 37 79 49 97 37 9 16 37 9 48 37 79
49 97 16 97 37 9 48 37 79 49 97 37 9 48 37 79
49 97 37 16 97 37 9 48 37 79 49 97 37 9 48 37 79
49 97 37 16 37 9 48 37 79 49 97 37 9 48 37 79
49 97 37 9 16 37 9 48 37 79 49 97 37 9 48 37 79

25 21 86 99 100 76 9 25 21 86 99 100 76 9
25 21 86 99 100 76 9 25 21 17 21 86 99 100 76 9
25 21 86 99 100 76 9 25 21 86 17 21 86 99 100 76 9
25 21 86 99 100 76 9 25 21 86 17 86 99 100 76 9
25 21 86 99 100 76 9 25 21 86 99 17 86 99 100 76 9
25 21 17 21 86 99 100 76 9 25 21 86 99 100 76 9
25 21 86 17 21 86 99 100 76 9 25 21 86 99 100 76 9
25 21 86 17 86 99 100 76 9 25 21 86 99 100 76 9
25 21 86 99 17 86 99 100 76 9 25 21 86 99 100 76 9

68 16 65 82 20 97 73 68 16 65 82 20 97 73
68 16 65 82 20 97 73 68 16 12 16 65 82 20 97 73
68 16 65 82 20 97 73 68 16 65 12 16 65 82 20 97 73
68 16 65 82 20 97 73 68 16 65 12 65 82 20 97 73
68 16 65 82 20 97 73 68 16 65 82 12 65 82 20 97 73
68 16 12 16 65 82 20 97 73 68 16 65 82 20 97 73
68 16 65 12 16 65 82 20 97 73 68 16 65 82 20 97 73
68 16 65 12 65 82 20 97 73 68 16 65 82 20 97 73
68 16 65 82 12 65 82 20 97 73 68 16 65 82 20 97 73

65 62 67 9 29 82 45 65 62 67 9 29 82 45
65 62 67 9 29 82 45 65 62 20 62 67 9 29 82 45
65 62 67 9 29 82 45 65 62 67 20 62 67 9 29 82 45
65 62 67 9 29 82 45 65 62 67 20 67 9 29 82 45
65 62 67 9 29 82 45 65 62 67 9 20 67 9 29 82 45
65 62 20 62 67 9 29 82 45 65 62 67 9 29 82 45
65 62 67 20 62 67 9 29 82 45 65 62 67 9 29 82 45
65 62 67 20 67 9 29 82 45 65 62 67 9 29 82 45
65 62 67 9 20 67 9 29 82 45 65 62 67 9 29 82 45

73 88 54 17 99 15 100 73 88 54 17 99 15 100
73 88 54 17 99 15 100 73 88 18 88 54 17 99 15 100
73 88 54 17 99 15 100 73 88 54 18 88 54 17 99 15 100
73 88 54 17 99 15 100 73 88 54 18 54 17 99 15 100
73 88 54 17 99 15 100 73 88 54 17 18 54 17 99 15 100
73 88 18 88 54 17 99 15 100 73 88 54 17 99 15 100
73 88 54 18 88 54 17 99 15 100 73 88 54 17 99 15 100
73 88 54 18 54 17 99 15 100 73 88 54 17 99 15 100
73 88 54 17 18 54 17 99 15 100 73 88 54 17 99 15 100

51 18 70 49 12 88 51 51 18 70 49 12 88 51
51 18 70 49 12 88 51 51 18 15 18 70 49 12 88 51
51 18 70 49 12 88 51 51 18 70 15 18 70 49 12 88 51
51 18 70 49 12 88 51 51 18 70 15 70 49 12 88 51
51 18 70 49 12 88 51 51 18 70 49 15 70 49 12 88 51
51 18 15 18 70 49 12 88 51 51 18 70 49 12 88 51
51 18 70 15 18 70 49 12 88 51 51 18 70 49 12 88 51
51 18 70 15 70 49 12 88 51 51 18 70 49 12 88 51
51 18 70 49 15 70 49 12 88 51 51 18 70 49 12 88 51

54 25 5 46 10 73 53 54 25 5 46 10 73 53
54 25 5 46 10 73 53 54 25 7 25 5 46 10 73 53
54 25 5 46 10 73 53 54 25 5 7 25 5 46 10 73 53
54 25 5 46 10 73 53 54 25 5 7 5 46 10 73 53
54 25 5 46 10 73 53 54 25 5 46 7 5 46 10 73 53
54 25 7 25 5 46 10 73 53 54 25 5 46 10 73 53
54 25 5 7 25 5 46 10 73 53 54 25 5 46 10 73 53
54 25 5 7 5 46 10 73 53 54 25 5 46 10 73 53
54 25 5 46 7 5 46 10 73 53 54 25 5 46 10 73 53

21 9 19 26 91 21 38 21 9 19 26 91 21 38
21 9 19 26 91 21 38 21 9 6 9 19 26 91 21 38
21 9 19 26 91 21 38 21 9 19 6 9 19 26 91 21 38
21 9 19 26 91 21 38 21 9 19 6 19 26 91 21 38
21 9 19 26 91 21 38 21 9 19 26 6 19 26 91 21 38
21 9 6 9 19 26 91 21 38 21 9 19 26 91 21 38
21 9 19 6 9 19 26 91 21 38 21 9 19 26 91 21 38
21 9 19 6 19 26 91 21 38 21 9 19 26 91 21 38
21 9 19 26 6 19 26 91 21 38 21 9 19 26 91 21 38

41 64 34 51 32 93 66 41 64 34 51 32 93 66
41 64 34 51 32 93 66 41 64 15 64 34 51 32 93 66
41 64 34 51 32 93 66 41 64 34 15 64 34 51 32 93 66
41 64 34 51 32 93 66 41 64 34 15 34 51 32 93 66
41 64 34 51 32 93 66 41 64 34 51 15 34 51 32 93 66
41 64 15 64 34 51 32 93 66 41 64 34 51 32 93 66
41 64 34 15 64 34 51 32 93 66 41 64 34 51 32 93 66
41 64 34 15 34 51 32 93 66 41 64 34 51 32 93 66
41 64 34 51 15 34 51 32 93 66 41 64 34 51 32 93 66

49 33 80 94 49 5 71 49 33 80 94 49 5 71
49 33 80 94 49 5 71 49 33 6 33 80 94 49 5 71
49 33 80 94 49 5 71 49 33 80 6 33 80 94 49 5 71
49 33 80 94 49 5 71 49 33 80 6 80 94 49 5 71
49 33 80 94 49 5 71 49 33 80 94 6 80 94 49 5 71
49 33 6 33 80 94 49 5 71 49 33 80 94 49 5 71
49 33 80 6 33 80 94 49 5 71 49 33 80 94 49 5 71
49 33 80 6 80 94 49 5 71 49 33 80 94 49 5 71
49 33 80 94 6 80 94 49 5 71 49 33 80 94 49 5 71

62 68 81 66 71 11 35 62 68 81 66 71 11 35
62 68 81 66 71 11 35 62 68 5 68 81 66 71 11 35
62 68 81 66 71 11 35 62 68 81 5 68 81 66 71 11 35
62 68 81 66 71 11 35 62 68 81 5 81 66 71 11 35
62 68 81 66 71 11 35 62 68 81 66 5 81 66 71 11 35
62 68 5 68 81 66 71 11 35 62 68 81 66 71 11 35
62 68 81 5 68 81 66 71 11 35 62 68 81 66 71 11 35
62 68 81 5 81 66 71 11 35 62 68 81 66 71 11 35
62 68 81 66 5 81 66 71 11 35 62 68 81 66 71 11 35

56 35 53 48 51 81 23 56 35 53 48 51 81 23
56 35 53 48 51 81 23 56 35 13 35 53 48 51 81 23
56 35 53 48 51 81 23 56 35 53 13 35 53 48 51 81 23
56 35 53 48 51 81 23 56 35 53 13 53 48 51 81 23
56 35 53 48 51 81 23 56 35 53 48 13 53 48 51 81 23
56 35 13 35 53 48 51 81 23 56 35 53 48 51 81 23
56 35 53 13 35 53 48 51 81 23 56 35 53 48 51 81 23
56 35 53 13 53 48 51 81 23 56 35 53 48 51 81 23
56 35 53 48 13 53 48 51 81 23 56 35 53 48 51 81 23

51 98 10 36 66 82 82 51 98 10 36 66 82 82
51 98 10 36 66 82 82 51 98 16 98 10 36 66 82 82
51 98 10 36 66 82 82 51 98 10 16 98 10 36 66 82 82
51 98 10 36 66 82 82 51 98 10 16 10 36 66 82 82
51 98 10 36 66 82 82 51 98 10 36 16 10 36 66 82 82
51 98 16 98 10 36 66 82 82 51 98 10 36 66 82 82
51 98 10 16 98 10 36 66 82 82 51 98 10 36 66 82 82
51 98 10 16 10 36 66 82 82 51 98 10 36 66 82 82
51 98 10 36 16 10 36 66 82 82 51 98 10 36 66 82 82

89 57 32 67 42 12 82 89 57 32 67 42 12 82
89 57 32 67 42 12 82 89 57 11 57 32 67 42 12 82
89 57 32 67 42 12 82 89 57 32 11 57 32 67 42 12 82
89 57 32 67 42 12 82 89 57 32 11 32 67 42 12 82
89 57 32 67 42 12 82 89 57 32 67 11 32 67 42 12 82
89 57 11 57 32 67 42 12 82 89 57 32 67 42 12 82
89 57 32 11 57 32 67 42 12 82 89 57 32 67 42 12 82
89 57 32 11 32 67 42 12 82 89 57 32 67 42 12 82
89 57 32 67 11 32 67 42 12 82 89 57 32 67 42 12 82

48 46 80 63 29 99 93 48 46 80 63 29 99 93
48 46 80 63 29 99 93 48 46 14 46 80 63 29 99 93
48 46 80 63 29 99 93 48 46 80 14 46 80 63 29 99 93
48 46 80 63 29 99 93 48 46 80 14 80 63 29 99 93
48 46 80 63 29 99 93 48 46 80 63 14 80 63 29 99 93
48 46 14 46 80 63 29 99 93 48 46 80 63 29 99 93
48 46 80 14 46 80 63 29 99 93 48 46 80 63 29 99 93
48 46 80 14 80 63 29 99 93 48 46 80 63 29 99 93
48 46 80 63 14 80 63 29 99 93 48 46 80 63 29 99 93

96 70 67 32 46 48 68 96 70 67 32 46 48 68
96 70 67 32 46 48 68 96 70 17 70 67 32 46 48 68
96 70 67 32 46 48 68 96 70 67 17 70 67 32 46 48 68
96 70 67 32 46 48 68 96 70 67 17 67 32 46 48 68
96 70 67 32 46 48 68 96 70 67 32 17 67 32 46 48 68
96 70 17 70 67 32 46 48 68 96 70 67 32 46 48 68
96 70 67 17 70 67 32 46 48 68 96 70 67 32 46 48 68
96 70 67 17 67 32 46 48 68 96 70 67 32 46 48 68
96 70 67 32 17 67 32 46 48 68 96 70 67 32 46 48 68

23 13 55 16 28 15 81 23 13 55 16 28 15 81
23 13 55 16 28 15 81 23 13 14 13 55 16 28 15 81
23 13 55 16 28 15 81 23 13 55 14 13 55 16 28 15 81
23 13 55 16 28 15 81 23 13 55 14 55 16 28 15 81
23 13 55 16 28 15 81 23 13 55 16 14 55 16 28 15 81
23 13 14 13 55 16 28 15 81 23 13 55 16 28 15 81
23 13 55 14 13 55 16 28 15 81 23 13 55 16 28 15 81
23 13 55 14 55 16 28 15 81 23 13 55 16 28 15 81
23 13 55 16 14 55 16 28 15 81 23 13 55 16 28 15 81

19 93 75 71 31 21 25 19 93 75 71 31 21 25
19 93 75 71 31 21 25 19 93 6 93 75 71 31 21 25
19 93 75 71 31 21 25 19 93 75 6 93 75 71 31 21 25
19 93 75 71 31 21 25 19 93 75 6 75 71 31 21 25
19 93 75 71 31 21 25 19 93 75 71 6 75 71 31 21 25
19 93 6 93 75 71 31 21 25 19 93 75 71 31 21 25
19 93 75 6 93 75 71 31 21 25 19 93 75 71 31 21 25
19 93 75 6 75 71 31 21 25 19 93 75 71 31 21 25
19 93 75 71 6 75 71 31 21 25 19 93 75 71 31 21 25

74 87 40 60 48 19 25 74 87 40 60 48 19 25
74 87 40 60 48 19 25 74 87 20 87 40 60 48 19 25
74 87 40 60 48 19 25 74 87 40 20 87 40 60 48 19 25
74 87 40 60 48 19 25 74 87 40 20 40 60 48 19 25
74 87 40 60 48 19 25 74 87 40 60 20 40 60 48 19 25
74 87 20 87 40 60 48 19 25 74 87 40 60 48 19 25
74 87 40 20 87 40 60 48 19 25 74 87 40 60 48 19 25
74 87 40 20 40 60 48 19 25 74 87 40 60 48 19 25
74 87 40 60 20 40 60 48 19 25 74 87 40 60 48 19 25

35 69 71 63 91 78 57 35 69 71 63 91 78 57
35 69 71 63 91 78 57 35 69 19 69 71 63 91 78 57
35 69 71 63 91 78 57 35 69 71 19 69 71 63 91 78 57
35 69 71 63 91 78 57 35 69 71 19 71 63 91 78 57
35 69 71 63 91 78 57 35 69 71 63 19 71 63 91 78 57
35 69 19 69 71 63 91 78 57 35 69 71 63 91 78 57
35 69 71 19 69 71 63 91 78 57 35 69 71 63 91 78 57
35 69 71 19 71 63 91 78 57 35 69 71 63 91 78 57
35 69 71 63 19 71 63 91 78 57 35 69 71 63 91 78 57

26 99 99 25 62 67 71 26 99 99 25 62 67 71
26 99 99 25 62 67 71 26 99 10 99 99 25 62 67 71
26 99 99 25 62 67 71 26 99 99 10 99 99 25 62 67 71
26 99 99 25 62 67 71 26 99 99 10 99 25 62 67 71
26 99 99 25 62 67 71 26 99 99 25 10 99 25 62 67 71
26 99 10 99 99 25 62 67 71 26 99 99 25 62 67 71
26 99 99 10 99 99 25 62 67 71 26 99 99 25 62 67 71
26 99 99 10 99 25 62 67 71 26 99 99 25 62 67 71
26 99 99 25 10 99 25 62 67 71 26 99 99 25 62 67 71

82 94 97 53 35 99 89 82 94 97 53 35 99 89
82 94 97 53 35 99 89 82 94 18 94 97 53 35 99 89
82 94 97 53 35 99 89 82 94 97 18 94 97 53 35 99 89
82 94 97 53 35 99 89 82 94 97 18 97 53 35 99 89
82 94 97 53 35 99 89 82 94 97 53 18 97 53 35 99 89
82 94 18 94 97 53 35 99 89 82 94 97 53 35 99 89
82 94 97 18 94 97 53 35 99 89 82 94 97 53 35 99 89
82 94 97 18 97 53 35 99 89 82 94 97 53 35 99 89
82 94 97 53 18 97 53 35 99 89 82 94 97 53 35 99 89

13 34 32 94 44 51 88 13 34 32 94 44 51 88
13 34 32 94 44 51 88 13 34 14 34 32 94 44 51 88
13 34 32 94 44 51 88 13 34 32 14 34 32 94 44 51 88
13 34 32 94 44 51 88 13 34 32 14 32 94 44 51 88
13 34 32 94 44 51 88 13 34 32 94 14 32 94 44 51 88
13 34 14 34 32 94 44 51 88 13 34 32 94 44 51 88
13 34 32 14 34 32 94 44 51 88 13 34 32 94 44 51 88
13 34 32 14 32 94 44 51 88 13 34 32 94 44 51 88
13 34 32 94 14 32 94 44 51 88 13 34 32 94 44 51 88

96 91 61 91 96 71 45 96 91 61 91 96 71 45
96 91 61 91 96 71 45 96 91 13 91 61 91 96 71 45
96 91 61 91 96 71 45 96 91 61 13 91 61 91 96 71 45
96 91 61 91 96 71 45 96 91 61 13 61 91 96 71 45
96 91 61 91 96 71 45 96 91 61 91 13 61 91 96 71 45
96 91 13 91 61 91 96 71 45 96 91 61 91 96 71 45
96 91 61 13 91 61 91 96 71 45 96 91 61 91 96 71 45
96 91 61 13 61 91 96 71 45 96 91 61 91 96 71 45
96 91 61 91 13 61 91 96 71 45 96 91 61 91 96 71 45

72 67 89 91 54 72 6 72 67 89 91 54 72 6
72 67 89 91 54 72 6 72 67 15 67 89 91 54 72 6
72 67 89 91 54 72 6 72 67 89 15 67 89 91 54 72 6
72 67 89 91 54 72 6 72 67 89 15 89 91 54 72 6
72 67 89 91 54 72 6 72 67 89 91 15 89 91 54 72 6
72 67 15 67 89 91 54 72 6 72 67 89 91 54 72 6
72 67 89 15 67 89 91 54 72 6 72 67 89 91 54 72 6
72 67 89 15 89 91 54 72 6 72 67 89 91 54 72 6
72 67 89 91 15 89 91 54 72 6 72 67 89 91 54 72 6

94 54 8 30 36 99 83 94 54 8 30 36 99 83
94 54 8 30 36 99 83 94 54 18 54 8 30 36 99 83
94 54 8 30 36 99 83 94 54 8 18 54 8 30 36 99 83
94 54 8 30 36 99 83 94 54 8 18 8 30 36 99 83
94 54 8 30 36 99 83 94 54 8 30 18 8 30 36 99 83
94 54 18 54 8 30 36 99 83 94 54 8 30 36 99 83
94 54 8 18 54 8 30 36 99 83 94 54 8 30 36 99 83
94 54 8 18 8 30 36 99 83 94 54 8 30 36 99 83
94 54 8 30 18 8 30 36 99 83 94 54 8 30 36 99 83

19 25 38 7 16 92 29 19 25 38 7 16 92 29
19 25 38 7 16 92 29 19 25 5 25 38 7 16 92 29
19 25 38 7 16 92 29 19 25 38 5 25 38 7 16 92 29
19 25 38 7 16 92 29 19 25 38 5 38 7 16 92 29
19 25 38 7 16 92 29 19 25 38 7 5 38 7 16 92 29
19 25 5 25 38 7 16 92 29 19 25 38 7 16 92 29
19 25 38 5 25 38 7 16 92 29 19 25 38 7 16 92 29
19 25 38 5 38 7 16 92 29 19 25 38 7 16 92 29
19 25 38 7 5 38 7 16 92 29 19 25 38 7 16 92 29

67 58 59 56 9 31 56 67 58 59 56 9 31 56
67 58 59 56 9 31 56 67 58 13 58 59 56 9 31 56
67 58 59 56 9 31 56 67 58 59 13 58 59 56 9 31 56
67 58 59 56 9 31 56 67 58 59 13 59 56 9 31 56
67 58 59 56 9 31 56 67 58 59 56 13 59 56 9 31 56
67 58 13 58 59 56 9 31 56 67 58 59 56 9 31 56
67 58 59 13 58 59 56 9 31 56 67 58 59 56 9 31 56
67 58 59 13 59 56 9 31 56 67 58 59 56 9 31 56
67 58 59 56 13 59 56 9 31 56 67 58 59 56 9 31 56

5 47 32 94 39 6 89 5 47 32 94 39 6 89
5 47 32 94 39 6 89 5 47 6 47 32 94 39 6 89
5 47 32 94 39 6 89 5 47 32 6 47 32 94 39 6 89
5 47 32 94 39 6 89 5 47 32 6 32 94 39 6 89
5 47 32 94 39 6 89 5 47 32 94 6 32 94 39 6 89
5 47 6 47 32 94 39 6 89 5 47 32 94 39 6 89
5 47 32 6 47 32 94 39 6 89 5 47 32 94 39 6 89
5 47 32 6 32 94 39 6 89 5 47 32 94 39 6 89
5 47 32 94 6 32 94 39 6 89 5 47 32 94 39 6 89

99 5 52 64 80 72 60 99 5 52 64 80 72 60
99 5 52 64 80 72 60 99 5 6 5 52 64 80 72 60
99 5 52 64 80 72 60 99 5 52 6 5 52 64 80 72 60
99 5 52 64 80 72 60 99 5 52 6 52 64 80 72 60
99 5 52 64 80 72 60 99 5 52 64 6 52 64 80 72 60
99 5 6 5 52 64 80 72 60 99 5 52 64 80 72 60
99 5 52 6 5 52 64 80 72 60 99 5 52 64 80 72 60
99 5 52 6 52 64 80 72 60 99 5 52 64 80 72 60
99 5 52 64 6 52 64 80 72 60 99 5 52 64 80 72 60

33 7 22 72 86 22 16 33 7 22 72 86 22 16
33 7 22 72 86 22 16 33 7 15 7 22 72 86 22 16
33 7 22 72 86 22 16 33 7 22 15 7 22 72 86 22 16
33 7 22 72 86 22 16 33 7 22 15 22 72 86 22 16
33 7 22 72 86 22 16 33 7 22 72 15 22 72 86 22 16
33 7 15 7 22 72 86 22 16 33 7 22 72 86 22 16
33 7 22 15 7 22 72 86 22 16 33 7 22 72 86 22 16
33 7 22 15 22 72 86 22 16 33 7 22 72 86 22 16
33 7 22 72 15 22 72 86 22 16 33 7 22 72 86 22 16

12 81 74 76 77 69 17 12 81 74 76 77 69 17
12 81 74 76 77 69 17 12 81 16 81 74 76 77 69 17
12 81 74 76 77 69 17 12 81 74 16 81 74 76 77 69 17
12 81 74 76 77 69 17 12 81 74 16 74 76 77 69 17
12 81 74 76 77 69 17 12 81 74 76 16 74 76 77 69 17
12 81 16 81 74 76 77 69 17 12 81 74 76 77 69 17
12 81 74 16 81 74 76 77 69 17 12 81 74 76 77 69 17
12 81 74 16 74 76 77 69 17 12 81 74 76 77 69 17
12 81 74 76 16 74 76 77 69 17 12 81 74 76 77 69 17

45 84 13 78 56 14 64 45 84 13 78 56 14 64
45 84 13 78 56 14 64 45 84 8 84 13 78 56 14 64
45 84 13 78 56 14 64 45 84 13 8 84 13 78 56 14 64
45 84 13 78 56 14 64 45 84 13 8 13 78 56 14 64
45 84 13 78 56 14 64 45 84 13 78 8 13 78 56 14 64
45 84 8 84 13 78 56 14 64 45 84 13 78 56 14 64
45 84 13 8 84 13 78 56 14 64 45 84 13 78 56 14 64
45 84 13 8 13 78 56 14 64 45 84 13 78 56 14 64
45 84 13 78 8 13 78 56 14 64 45 84 13 78 56 14 64

85 7 87 72 14 88 84 85 7 87 72 14 88 84
85 7 87 72 14 88 84 85 7 10 7 87 72 14 88 84
85 7 87 72 14 88 84 85 7 87 10 7 87 72 14 88 84
85 7 87 72 14 88 84 85 7 87 10 87 72 14 88 84
85 7 87 72 14 88 84 85 7 87 72 10 87 72 14 88 84
85 7 10 7 87 72 14 88 84 85 7 87 72 14 88 84
85 7 87 10 7 87 72 14 88 84 85 7 87 72 14 88 84
85 7 87 10 87 72 14 88 84 85 7 87 72 14 88 84
85 7 87 72 10 87 72 14 88 84 85 7 87 72 14 88 84

26 65 7 79 33 61 72 26 65 7 79 33 61 72
26 65 7 79 33 61 72 26 65 14 65 7 79 33 61 72
26 65 7 79 33 61 72 26 65 7 14 65 7 79 33 61 72
26 65 7 79 33 61 72 26 65 7 14 7 79 33 61 72
26 65 7 79 33 61 72 26 65 7 79 14 7 79 33 61 72
26 65 14 65 7 79 33 61 72 26 65 7 79 33 61 72
26 65 7 14 65 7 79 33 61 72 26 65 7 79 33 61 72
26 65 7 14 7 79 33 61 72 26 65 7 79 33 61 72
26 65 7 79 14 7 79 33 61 72 26 65 7 79 33 61 72

34 43 30 37 67 98 53 34 43 30 37 67 98 53
34 43 30 37 67 98 53 34 43 17 43 30 37 67 98 53
34 43 30 37 67 98 53 34 43 30 17 43 30 37 67 98 53
34 43 30 37 67 98 53 34 43 30 17 30 37 67 98 53
34 43 30 37 67 98 53 34 43 30 37 17 30 37 67 98 53
34 43 17 43 30 37 67 98 53 34 43 30 37 67 98 53
34 43 30 17 43 30 37 67 98 53 34 43 30 37 67 98 53
34 43 30 17 30 37 67 98 53 34 43 30 37 67 98 53
34 43 30 37 17 30 37 67 98 53 34 43 30 37 67 98 53

85 99 64 87 54 26 70 85 99 64 87 54 26 70
85 99 64 87 54 26 70 85 99 16 99 64 87 54 26 70
85 99 64 87 54 26 70 85 99 64 16 99 64 87 54 26 70
85 99 64 87 54 26 70 85 99 64 16 64 87 54 26 70
85 99 64 87 54 26 70 85 99 64 87 16 64 87 54 26 70
85 99 16 99 64 87 54 26 70 85 99 64 87 54 26 70
85 99 64 16 99 64 87 54 26 70 85 99 64 87 54 26 70
85 99 64 16 64 87 54 26 70 85 99 64 87 54 26 70
85 99 64 87 16 64 87 54 26 70 85 99 64 87 54 26 70

52 81 5 45 30 7 25 52 81 5 45 30 7 25
52 81 5 45 30 7 25 52 81 8 81 5 45 30 7 25
52 81 5 45 30 7 25 52 81 5 8 81 5 45 30 7 25
52 81 5 45 30 7 25 52 81 5 8 5 45 30 7 25
52 81 5 45 30 7 25 52 81 5 45 8 5 45 30 7 25
52 81 8 81 5 45 30 7 25 52 81 5 45 30 7 25
52 81 5 8 81 5 45 30 7 25 52 81 5 45 30 7 25
52 81 5 8 5 45 30 7 25 52 81 5 45 30 7 25
52 81 5 45 8 5 45 30 7 25 52 81 5 45 30 7 25

17 62 39 16 21 37 8 17 62 39 16 21 37 8
17 62 39 16 21 37 8 17 62 10 62 39 16 21 37 8
17 62 39 16 21 37 8 17 62 39 10 62 39 16 21 37 8
17 62 39 16 21 37 8 17 62 39 10 39 16 21 37 8
17 62 39 16 21 37 8 17 62 39 16 10 39 16 21 37 8
17 62 10 62 39 16 21 37 8 17 62 39 16 21 37 8
17 62 39 10 62 39 16 21 37 8 17 62 39 16 21 37 8
17 62 39 10 39 16 21 37 8 17 62 39 16 21 37 8
17 62 39 16 10 39 16 21 37 8 17 62 39 16 21 37 8

8 38 59 75 32 54 46 8 38 59 75 32 54 46
8 38 59 75 32 54 46 8 38 8 38 59 75 32 54 46
8 38 59 75 32 54 46 8 38 59 8 38 59 75 32 54 46
8 38 59 75 32 54 46 8 38 59 8 59 75 32 54 46
8 38 59 75 32 54 46 8 38 59 75 8 59 75 32 54 46
8 38 8 38 59 75 32 54 46 8 38 59 75 32 54 46
8 38 59 8 38 59 75 32 54 46 8 38 59 75 32 54 46
8 38 59 8 59 75 32 54 46 8 38 59 75 32 54 46
8 38 59 75 8 59 75 32 54 46 8 38 59 75 32 54 46

19 26 93 75 13 24 80 19 26 93 75 13 24 80
19 26 93 75 13 24 80 19 26 20 26 93 75 13 24 80
19 26 93 75 13 24 80 19 26 93 20 26 93 75 13 24 80
19 26 93 75 13 24 80 19 26 93 20 93 75 13 24 80
19 26 93 75 13 24 80 19 26 93 75 20 93 75 13 24 80
19 26 20 26 93 75 13 24 80 19 26 93 75 13 24 80
19 26 93 20 26 93 75 13 24 80 19 26 93 75 13 24 80
19 26 93 20 93 75 13 24 80 19 26 93 75 13 24 80
19 26 93 75 20 93 75 13 24 80 19 26 93 75 13 24 80

61 80 47 44 72 43 53 61 80 47 44 72 43 53
61 80 47 44 72 43 53 61 80 18 80 47 44 72 43 53
61 80 47 44 72 43 53 61 80 47 18 80 47 44 72 43 53
61 80 47 44 72 43 53 61 80 47 18 47 44 72 43 53
61 80 47 44 72 43 53 61 80 47 44 18 47 44 72 43 53
61 80 18 80 47 44 72 43 53 61 80 47 44 72 43 53
61 80 47 18 80 47 44 72 43 53 61 80 47 44 72 43 53
61 80 47 18 47 44 72 43 53 61 80 47 44 72 43 53
61 80 47 44 18 47 44 72 43 53 61 80 47 44 72 43 53

49 31 54 33 37 79 76 49 31 54 33 37 79 76
49 31 54 33 37 79 76 49 31 18 31 54 33 37 79 76
49 31 54 33 37 79 76 49 31 54 18 31 54 33 37 79 76
49 31 54 33 37 79 76 49 31 54 18 54 33 37 79 76
49 31 54 33 37 79 76 49 31 54 33 18 54 33 37 79 76
49 31 18 31 54 33 37 79 76 49 31 54 33 37 79 76
49 31 54 18 31 54 33 37 79 76 49 31 54 33 37 79 76
49 31 54 18 54 33 37 79 76 49 31 54 33 37 79 76
49 31 54 33 18 54 33 37 79 76 49 31 54 33 37 79 76

50 14 34 54 98 8 69 50 14 34 54 98 8 69
50 14 34 54 98 8 69 50 14 5 14 34 54 98 8 69
50 14 34 54 98 8 69 50 14 34 5 14 34 54 98 8 69
50 14 34 54 98 8 69 50 14 34 5 34 54 98 8 69
50 14 34 54 98 8 69 50 14 34 54 5 34 54 98 8 69
50 14 5 14 34 54 98 8 69 50 14 34 54 98 8 69
50 14 34 5 14 34 54 98 8 69 50 14 34 54 98 8 69
50 14 34 5 34 54 98 8 69 50 14 34 54 98 8 69
50 14 34 54 5 34 54 98 8 69 50 14 34 54 98 8 69

87 55 29 53 88 45 65 87 55 29 53 88 45 65
87 55 29 53 88 45 65 87 55 20 55 29 53 88 45 65
87 55 29 53 88 45 65 87 55 29 20 55 29 53 88 45 65
87 55 29 53 88 45 65 87 55 29 20 29 53 88 45 65
87 55 29 53 88 45 65 87 55 29 53 20 29 53 88 45 65
87 55 20 55 29 53 88 45 65 87 55 29 53 88 45 65
87 55 29 20 55 29 53 88 45 65 87 55 29 53 88 45 65
87 55 29 20 29 53 88 45 65 87 55 29 53 88 45 65
87 55 29 53 20 29 53 88 45 65 87 55 29 53 88 45 65

93 61 65 27 90 40 35 93 61 65 27 90 40 35
93 61 65 27 90 40 35 93 61 18 61 65 27 90 40 35
93 61 65 27 90 40 35 93 61 65 18 61 65 27 90 40 35
93 61 65 27 90 40 35 93 61 65 18 65 27 90 40 35
93 61 65 27 90 40 35 93 61 65 27 18 65 27 90 40 35
93 61 18 61 65 27 90 40 35 93 61 65 27 90 40 35
93 61 65 18 61 65 27 90 40 35 93 61 65 27 90 40 35
93 61 65 18 65 27 90 40 35 93 61 65 27 90 40 35
93 61 65 27 18 65 27 90 40 35 93 61 65 27 90 40 35

100 81 21 46 34 18 91 100 81 21 46 34 18 91
100 81 21 46 34 18 91 100 81 7 81 21 46 34 18 91
100 81 21 46 34 18 91 100 81 21 7 81 21 46 34 18 91
100 81 21 46 34 18 91 100 81 21 7 21 46 34 18 91
100 81 21 46 34 18 91 100 81 21 46 7 21 46 34 18 91
100 81 7 81 21 46 34 18 91 100 81 21 46 34 18 91
100 81 21 7 81 21 46 34 18 91 100 81 21 46 34 18 91
100 81 21 7 21 46 34 18 91 100 81 21 46 34 18 91
100 81 21 46 7 21 46 34 18 91 100 81 21 46 34 18 91

52 18 46 19 14 16 46 52 18 46 19 14 16 46
52 18 46 19 14 16 46 52 18 10 18 46 19 14 16 46
52 18 46 19 14 16 46 52 18 46 10 18 46 19 14 16 46
52 18 46 19 14 16 46 52 18 46 10 46 19 14 16 46
52 18 46 19 14 16 46 52 18 46 19 10 46 19 14 16 46
52 18 10 18 46 19 14 16 46 52 18 46 19 14 16 46
52 18 46 10 18 46 19 14 16 46 52 18 46 19 14 16 46
52 18 46 10 46 19 14 16 46 52 18 46 19 14 16 46
52 18 46 19 10 46 19 14 16 46 52 18 46 19 14 16 46

80 14 31 91 51 75 74 80 14 31 91 51 75 74
80 14 31 91 51 75 74 80 14 18 14 31 91 51 75 74
80 14 31 91 51 75 74 80 14 31 18 14 31 91 51 75 74
80 14 31 91 51 75 74 80 14 31 18 31 91 51 75 74
80 14 31 91 51 75 74 80 14 31 91 18 31 91 51 75 74
80 14 18 14 31 91 51 75 74 80 14 31 91 51 75 74
80 14 31 18 14 31 91 51 75 74 80 14 31 91 51 75 74
80 14 31 18 31 91 51 75 74 80 14 31 91 51 75 74
80 14 31 91 18 31 91 51 75 74 80 14 31 91 51 75 74

36 26 57 8 71 52 56 36 26 57 8 71 52 56
36 26 57 8 71 52 56 36 26 14 26 57 8 71 52 56
36 26 57 8 71 52 56 36 26 57 14 26 57 8 71 52 56
36 26 57 8 71 52 56 36 26 57 14 57 8 71 52 56
36 26 57 8 71 52 56 36 26 57 8 14 57 8 71 52 56
36 26 14 26 57 8 71 52 56 36 26 57 8 71 52 56
36 26 57 14 26 57 8 71 52 56 36 26 57 8 71 52 56
36 26 57 14 57 8 71 52 56 36 26 57 8 71 52 56
36 26 57 8 14 57 8 71 52 56 36 26 57 8 71 52 56

100 57 66 58 76 38 27 100 57 66 58 76 38 27
100 57 66 58 76 38 27 100 57 5 57 66 58 76 38 27
100 57 66 58 76 38 27 100 57 66 5 57 66 58 76 38 27
100 57 66 58 76 38 27 100 57 66 5 66 58 76 38 27
100 57 66 58 76 38 27 100 57 66 58 5 66 58 76 38 27
100 57 5 57 66 58 76 38 27 100 57 66 58 76 38 27
100 57 66 5 57 66 58 76 38 27 100 57 66 58 76 38 27
100 57 66 5 66 58 76 38 27 100 57 66 58 76 38 27
100 57 66 58 5 66 58 76 38 27 100 57 66 58 76 38 27

21 23 85 22 29 68 5 21 23 85 22 29 68 5
21 23 85 22 29 68 5 21 23 10 23 85 22 29 68 5
21 23 85 22 29 68 5 21 23 85 10 23 85 22 29 68 5
21 23 85 22 29 68 5 21 23 85 10 85 22 29 68 5
21 23 85 22 29 68 5 21 23 85 22 10 85 22 29 68 5
21 23 10 23 85 22 29 68 5 21 23 85 22 29 68 5
21 23 85 10 23 85 22 29 68 5 21 23 85 22 29 68 5
21 23 85 10 85 22 29 68 5 21 23 85 22 29 68 5
21 23 85 22 10 85 22 29 68 5 21 23 85 22 29 68 5

22 8 71 42 53 30 16 22 8 71 42 53 30 16
22 8 71 42 53 30 16 22 8 7 8 71 42 53 30 16
22 8 71 42 53 30 16 22 8 71 7 8 71 42 53 30 16
22 8 71 42 53 30 16 22 8 71 7 71 42 53 30 16
22 8 71 42 53 30 16 22 8 71 42 7 71 42 53 30 16
22 8 7 8 71 42 53 30 16 22 8 71 42 53 30 16
22 8 71 7 8 71 42 53 30 16 22 8 71 42 53 30 16
22 8 71 7 71 42 53 30 16 22 8 71 42 53 30 16
22 8 71 42 7 71 42 53 30 16 22 8 71 42 53 30 16

10 65 86 28 69 29 39 10 65 86 28 69 29 39
10 65 86 28 69 29 39 10 65 19 65 86 28 69 29 39
10 65 86 28 69 29 39 10 65 86 19 65 86 28 69 29 39
10 65 86 28 69 29 39 10 65 86 19 86 28 69 29 39
10 65 86 28 69 29 39 10 65 86 28 19 86 28 69 29 39
10 65 19 65 86 28 69 29 39 10 65 86 28 69 29 39
10 65 86 19 65 86 28 69 29 39 10 65 86 28 69 29 39
10 65 86 19 86 28 69 29 39 10 65 86 28 69 29 39
10 65 86 28 19 86 28 69 29 39 10 65 86 28 69 29 39

13 68 79 95 47 17 26 13 68 79 95 47 17 26
13 68 79 95 47 17 26 13 68 20 68 79 95 47 17 26
13 68 79 95 47 17 26 13 68 79 20 68 79 95 47 17 26
13 68 79 95 47 17 26 13 68 79 20 79 95 47 17 26
13 68 79 95 47 17 26 13 68 79 95 20 79 95 47 17 26
13 68 20 68 79 95 47 17 26 13 68 79 95 47 17 26
13 68 79 20 68 79 95 47 17 26 13 68 79 95 47 17 26
13 68 79 20 79 95 47 17 26 13 68 79 95 47 17 26
13 68 79 95 20 79 95 47 17 26 13 68 79 95 47 17 26

9 12 42 94 73 20 69 9 12 42 94 73 20 69
9 12 42 94 73 20 69 9 12 10 12 42 94 73 20 69
9 12 42 94 73 20 69 9 12 42 10 12 42 94 73 20 69
9 12 42 94 73 20 69 9 12 42 10 42 94 73 20 69
9 12 42 94 73 20 69 9 12 42 94 10 42 94 73 20 69
9 12 10 12 42 94 73 20 69 9 12 42 94 73 20 69
9 12 42 10 12 42 94 73 20 69 9 12 42 94 73 20 69
9 12 42 10 42 94 73 20 69 9 12 42 94 73 20 69
9 12 42 94 10 42 94 73 20 69 9 12 42 94 73 20 69

20 30 10 91 5 10 26 20 30 10 91 5 10 26
20 30 10 91 5 10 26 20 30 9 30 10 91 5 10 26
20 30 10 91 5 10 26 20 30 10 9 30 10 91 5 10 26
20 30 10 91 5 10 26 20 30 10 9 10 91 5 10 26
20 30 10 91 5 10 26 20 30 10 91 9 10 91 5 10 26
20 30 9 30 10 91 5 10 26 20 30 10 91 5 10 26
20 30 10 9 30 10 91 5 10 26 20 30 10 91 5 10 26
20 30 10 9 10 91 5 10 26 20 30 10 91 5 10 26
20 30 10 91 9 10 91 5 10 26 20 30 10 91 5 10 26

53 74 7 36 31 52 83 53 74 7 36 31 52 83
53 74 7 36 31 52 83 53 74 14 74 7 36 31 52 83
53 74 7 36 31 52 83 53 74 7 14 74 7 36 31 52 83
53 74 7 36 31 52 83 53 74 7 14 7 36 31 52 83
53 74 7 36 31 52 83 53 74 7 36 14 7 36 31 52 83
53 74 14 74 7 36 31 52 83 53 74 7 36 31 52 83
53 74 7 14 74 7 36 31 52 83 53 74 7 36 31 52 83
53 74 7 14 7 36 31 52 83 53 74 7 36 31 52 83
53 74 7 36 14 7 36 31 52 83 53 74 7 36 31 52 83

77 90 19 57 50 5 61 77 90 19 57 50 5 61
77 90 19 57 50 5 61 77 90 13 90 19 57 50 5 61
77 90 19 57 50 5 61 77 90 19 13 90 19 57 50 5 61
77 90 19 57 50 5 61 77 90 19 13 19 57 50 5 61
77 90 19 57 50 5 61 77 90 19 57 13 19 57 50 5 61
77 90 13 90 19 57 50 5 61 77 90 19 57 50 5 61
77 90 19 13 90 19 57 50 5 61 77 90 19 57 50 5 61
77 90 19 13 19 57 50 5 61 77 90 19 57 50 5 61
77 90 19 57 13 19 57 50 5 61 77 90 19 57 50 5 61

51 72 64 75 99 84 69 51 72 64 75 99 84 69
51 72 64 75 99 84 69 51 72 7 72 64 75 99 84 69
51 72 64 75 99 84 69 51 72 64 7 72 64 75 99 84 69
51 72 64 75 99 84 69 51 72 64 7 64 75 99 84 69
51 72 64 75 99 84 69 51 72 64 75 7 64 75 99 84 69
51 72 7 72 64 75 99 84 69 51 72 64 75 99 84 69
51 72 64 7 72 64 75 99 84 69 51 72 64 75 99 84 69
51 72 64 7 64 75 99 84 69 51 72 64 75 99 84 69
51 72 64 75 7 64 75 99 84 69 51 72 64 75 99 84 69

30 84 64 63 36 21 29 30 84 64 63 36 21 29
30 84 64 63 36 21 29 30 84 12 84 64 63 36 21 29
30 84 64 63 36 21 29 30 84 64 12 84 64 63 36 21 29
30 84 64 63 36 21 29 30 84 64 12 64 63 36 21 29
30 84 64 63 36 21 29 30 84 64 63 12 64 63 36 21 29
30 84 12 84 64 63 36 21 29 30 84 64 63 36 21 29
30 84 64 12 84 64 63 36 21 29 30 84 64 63 36 21 29
30 84 64 12 64 63 36 21 29 30 84 64 63 36 21 29
30 84 64 63 12 64 63 36 21 29 30 84 64 63 36 21 29

80 23 35 5 25 5 5 80 23 35 5 25 5 5
80 23 35 5 25 5 5 80 23 20 23 35 5 25 5 5
80 23 35 5 25 5 5 80 23 35 20 23 35 5 25 5 5
80 23 35 5 25 5 5 80 23 35 20 35 5 25 5 5
80 23 35 5 25 5 5 80 23 35 5 20 35 5 25 5 5
80 23 20 23 35 5 25 5 5 80 23 35 5 25 5 5
80 23 35 20 23 35 5 25 5 5 80 23 35 5 25 5 5
80 23 35 20 35 5 25 5 5 80 23 35 5 25 5 5
80 23 35 5 20 35 5 25 5 5 80 23 35 5 25 5 5

