150
7
2
2

16
24
20
21
9
27
26
20
23
16
29
5
16
24
17
20
6
6
21
13
28
11
2
26
13
27
7
7
5
25
30
3
23
19
17
27
25
0
8
23
1
2
30
27
29
4
28
6
10
25
27
19
4
27
11
3
6
30
21
25
16
18
8
17
30
16
3
28
23
27
1
12
27
13
26
0
12
22
1
20
28
8
20
24
2
4
2
6
27
5
29
2
13
13
10
5
18
8
23
30
21
6
28
18
1
17
28
19
4
18
25
18
21
20
15
15
15
26
7
19
12
27
17
21
2
15
12
13
7
16
13
21
29
23
23
2
1
30
13
7
5
3
25
16
30
1
4
11
5
7

52 81 
42 23 
55 80 
37 59 
19 108 
64 91 
111 97 
107 104 
92 12 
12 55 
108 52 
76 103 
31 83 
119 59 
17 60 
94 87 
104 79 
65 92 
75 28 
84 33 
102 73 
17 22 
16 104 
30 30 
29 20 
22 19 
55 31 
106 65 
100 39 
105 50 
42 38 
92 99 
72 105 
72 109 
94 110 
65 87 
83 108 
56 41 
103 79 
50 41 
82 20 
46 94 
95 26 
99 68 
52 65 
80 104 
34 104 
68 109 
47 59 
85 12 
18 50 
46 35 
43 41 
96 79 
79 42 
69 67 
34 90 
22 54 
36 32 
61 49 
79 13 
18 28 
37 71 
91 40 
44 91 
56 37 
109 37 
58 72 
32 20 
47 36 
41 50 
72 99 
68 89 
37 84 
107 100 
65 76 
106 36 
68 108 
88 30 
99 114 
34 95 
26 58 
38 67 
84 19 
95 107 
43 62 
115 100 
101 97 
35 63 
101 50 
102 113 
43 64 
36 108 
69 92 
94 110 
36 27 
61 78 
45 44 
66 47 
109 64 
95 63 
100 73 
63 37 
47 59 
59 89 
91 59 
94 36 
102 73 
81 105 
52 57 
109 34 
52 34 
58 37 
107 78 
75 19 
63 67 
85 95 
12 57 
67 51 
83 76 
76 41 
21 25 
53 94 
87 48 
81 30 
83 69 
90 19 
101 43 
12 74 
38 25 
104 86 
29 119 
61 19 
70 29 
41 26 
24 31 
90 77 
85 89 
21 57 
32 114 
97 104 
95 109 
100 32 
63 76 
83 60 
54 13 
78 74 
106 23 
89 89 
78 43 

1543
1448
1593
1850
1951
1559
1940
2246
1923
1469
1920
2220
1431
2198
1774
2324
2511
1874
1304
1864
1947
1394
1655
1393
1512
1168
788
2011
1766
2495
1346
2409
2296
2010
1815
2375
2611
1737
1830
1730
1940
2048
2239
1767
2228
2543
2061
1650
1281
1952
1562
1277
1602
1842
1730
2073
2289
1399
1494
2047
1575
1739
1262
2276
1900
2091
1802
1918
1408
945
2020
2298
1971
1295
2314
1734
1864
1913
1259
2442
1701
1994
2144
1317
2088
1642
2349
2060
1957
1769
1782
1821
1896
1869
2180
1397
2041
1564
2031
2096
1781
2096
1786
1434
2547
2486
1672
2013
1856
1236
1893
1124
1987
1617
926
1674
2515
1621
1343
1683
1675
1703
1955
1521
1342
1771
1197
2040
1279
834
2313
1966
1571
1515
1068
1500
1526
2127
1496
1748
1729
2193
1570
1773
1441
1471
2482
2187
1644
1286

1 2 3 4 5 1 2 3 4 5 6 7
1 2 3 4 5 1 2 100 102 3 4 5 6 7
1 2 3 4 5 1 2 3 100 102 103 4 5 6 7
1 2 3 4 5 1 2 3 100 103 4 5 6 7
1 2 3 4 5 1 2 3 4 100 103 104 5 6 7
1 2 100 102 3 4 5 1 2 3 4 5 6 7
1 2 3 100 102 103 4 5 1 2 3 4 5 6 7
1 2 3 100 103 4 5 1 2 3 4 5 6 7
1 2 3 4 100 103 104 5 1 2 3 4 5 6 7

59 34 46 63 23 6 77 59 34 46 63 23 6 77
59 34 46 63 23 6 77 59 34 5 34 46 63 23 6 77
59 34 46 63 23 6 77 59 34 46 5 34 46 63 23 6 77
59 34 46 63 23 6 77 59 34 46 5 46 63 23 6 77
59 34 46 63 23 6 77 59 34 46 63 5 46 63 23 6 77
59 34 5 34 46 63 23 6 77 59 34 46 63 23 6 77
59 34 46 5 34 46 63 23 6 77 59 34 46 63 23 6 77
59 34 46 5 46 63 23 6 77 59 34 46 63 23 6 77
59 34 46 63 5 46 63 23 6 77 59 34 46 63 23 6 77

26 26 23 16 77 49 97 26 26 23 16 77 49 97
26 26 23 16 77 49 97 26 26 18 26 23 16 77 49 97
26 26 23 16 77 49 97 26 26 23 18 26 23 16 77 49 97
26 26 23 16 77 49 97 26 26 23 18 23 16 77 49 97
26 26 23 16 77 49 97 26 26 23 16 18 23 16 77 49 97
26 26 18 26 23 16 77 49 97 26 26 23 16 77 49 97
26 26 23 18 26 23 16 77 49 97 26 26 23 16 77 49 97
26 26 23 18 23 16 77 49 97 26 26 23 16 77 49 97
26 26 23 16 18 23 16 77 49 97 26 26 23 16 77 49 97

81 58 45 71 10 10 6 81 58 45 71 10 10 6
81 58 45 71 10 10 6 81 58 13 58 45 71 10 10 6
81 58 45 71 10 10 6 81 58 45 13 58 45 71 10 10 6
81 58 45 71 10 10 6 81 58 45 13 45 71 10 10 6
81 58 45 71 10 10 6 81 58 45 71 13 45 71 10 10 6
81 58 13 58 45 71 10 10 6 81 58 45 71 10 10 6
81 58 45 13 58 45 71 10 10 6 81 58 45 71 10 10 6
81 58 45 13 45 71 10 10 6 81 58 45 71 10 10 6
81 58 45 71 13 45 71 10 10 6 81 58 45 71 10 10 6

78 96 30 42 46 23 15 78 96 30 42 46 23 15
78 96 30 42 46 23 15 78 96 10 96 30 42 46 23 15
78 96 30 42 46 23 15 78 96 30 10 96 30 42 46 23 15
78 96 30 42 46 23 15 78 96 30 10 30 42 46 23 15
78 96 30 42 46 23 15 78 96 30 42 10 30 42 46 23 15
78 96 10 96 30 42 46 23 15 78 96 30 42 46 23 15
78 96 30 10 96 30 42 46 23 15 78 96 30 42 46 23 15
78 96 30 10 30 42 46 23 15 78 96 30 42 46 23 15
78 96 30 42 10 30 42 46 23 15 78 96 30 42 46 23 15

29 94 5 91 33 63 99 29 94 5 91 33 63 99
29 94 5 91 33 63 99 29 94 15 94 5 91 33 63 99
29 94 5 91 33 63 99 29 94 5 15 94 5 91 33 63 99
29 94 5 91 33 63 99 29 94 5 15 5 91 33 63 99
29 94 5 91 33 63 99 29 94 5 91 15 5 91 33 63 99
29 94 15 94 5 91 33 63 99 29 94 5 91 33 63 99
29 94 5 15 94 5 91 33 63 99 29 94 5 91 33 63 99
29 94 5 15 5 91 33 63 99 29 94 5 91 33 63 99
29 94 5 91 15 5 91 33 63 99 29 94 5 91 33 63 99

43 15 54 76 38 74 11 43 15 54 76 38 74 11
43 15 54 76 38 74 11 43 15 12 15 54 76 38 74 11
43 15 54 76 38 74 11 43 15 54 12 15 54 76 38 74 11
43 15 54 76 38 74 11 43 15 54 12 54 76 38 74 11
43 15 54 76 38 74 11 43 15 54 76 12 54 76 38 74 11
43 15 12 15 54 76 38 74 11 43 15 54 76 38 74 11
43 15 54 12 15 54 76 38 74 11 43 15 54 76 38 74 11
43 15 54 12 54 76 38 74 11 43 15 54 76 38 74 11
43 15 54 76 12 54 76 38 74 11 43 15 54 76 38 74 11

57 40 95 78 6 31 76 57 40 95 78 6 31 76
57 40 95 78 6 31 76 57 40 14 40 95 78 6 31 76
57 40 95 78 6 31 76 57 40 95 14 40 95 78 6 31 76
57 40 95 78 6 31 76 57 40 95 14 95 78 6 31 76
57 40 95 78 6 31 76 57 40 95 78 14 95 78 6 31 76
57 40 14 40 95 78 6 31 76 57 40 95 78 6 31 76
57 40 95 14 40 95 78 6 31 76 57 40 95 78 6 31 76
57 40 95 14 95 78 6 31 76 57 40 95 78 6 31 76
57 40 95 78 14 95 78 6 31 76 57 40 95 78 6 31 76

29 84 87 96 40 20 68 29 84 87 96 40 20 68
29 84 87 96 40 20 68 29 84 16 84 87 96 40 20 68
29 84 87 96 40 20 68 29 84 87 16 84 87 96 40 20 68
29 84 87 96 40 20 68 29 84 87 16 87 96 40 20 68
29 84 87 96 40 20 68 29 84 87 96 16 87 96 40 20 68
29 84 16 84 87 96 40 20 68 29 84 87 96 40 20 68
29 84 87 16 84 87 96 40 20 68 29 84 87 96 40 20 68
29 84 87 16 87 96 40 20 68 29 84 87 96 40 20 68
29 84 87 96 16 87 96 40 20 68 29 84 87 96 40 20 68

62 90 76 6 37 29 94 62 90 76 6 37 29 94
62 90 76 6 37 29 94 62 90 14 90 76 6 37 29 94
62 90 76 6 37 29 94 62 90 76 14 90 76 6 37 29 94
62 90 76 6 37 29 94 62 90 76 14 76 6 37 29 94
62 90 76 6 37 29 94 62 90 76 6 14 76 6 37 29 94
62 90 14 90 76 6 37 29 94 62 90 76 6 37 29 94
62 90 76 14 90 76 6 37 29 94 62 90 76 6 37 29 94
62 90 76 14 76 6 37 29 94 62 90 76 6 37 29 94
62 90 76 6 14 76 6 37 29 94 62 90 76 6 37 29 94

46 18 7 42 58 74 80 46 18 7 42 58 74 80
46 18 7 42 58 74 80 46 18 5 18 7 42 58 74 80
46 18 7 42 58 74 80 46 18 7 5 18 7 42 58 74 80
46 18 7 42 58 74 80 46 18 7 5 7 42 58 74 80
46 18 7 42 58 74 80 46 18 7 42 5 7 42 58 74 80
46 18 5 18 7 42 58 74 80 46 18 7 42 58 74 80
46 18 7 5 18 7 42 58 74 80 46 18 7 42 58 74 80
46 18 7 5 7 42 58 74 80 46 18 7 42 58 74 80
46 18 7 42 5 7 42 58 74 80 46 18 7 42 58 74 80

79 79 93 42 15 15 14 79 79 93 42 15 15 14
79 79 93 42 15 15 14 79 79 14 79 93 42 15 15 14
79 79 93 42 15 15 14 79 79 93 14 79 93 42 15 15 14
79 79 93 42 15 15 14 79 79 93 14 93 42 15 15 14
79 79 93 42 15 15 14 79 79 93 42 14 93 42 15 15 14
79 79 14 79 93 42 15 15 14 79 79 93 42 15 15 14
79 79 93 14 79 93 42 15 15 14 79 79 93 42 15 15 14
79 79 93 14 93 42 15 15 14 79 79 93 42 15 15 14
79 79 93 42 14 93 42 15 15 14 79 79 93 42 15 15 14

95 24 63 85 73 45 47 95 24 63 85 73 45 47
95 24 63 85 73 45 47 95 24 17 24 63 85 73 45 47
95 24 63 85 73 45 47 95 24 63 17 24 63 85 73 45 47
95 24 63 85 73 45 47 95 24 63 17 63 85 73 45 47
95 24 63 85 73 45 47 95 24 63 85 17 63 85 73 45 47
95 24 17 24 63 85 73 45 47 95 24 63 85 73 45 47
95 24 63 17 24 63 85 73 45 47 95 24 63 85 73 45 47
95 24 63 17 63 85 73 45 47 95 24 63 85 73 45 47
95 24 63 85 17 63 85 73 45 47 95 24 63 85 73 45 47

62 19 20 72 39 52 15 62 19 20 72 39 52 15
62 19 20 72 39 52 15 62 19 12 19 20 72 39 52 15
62 19 20 72 39 52 15 62 19 20 12 19 20 72 39 52 15
62 19 20 72 39 52 15 62 19 20 12 20 72 39 52 15
62 19 20 72 39 52 15 62 19 20 72 12 20 72 39 52 15
62 19 12 19 20 72 39 52 15 62 19 20 72 39 52 15
62 19 20 12 19 20 72 39 52 15 62 19 20 72 39 52 15
62 19 20 12 20 72 39 52 15 62 19 20 72 39 52 15
62 19 20 72 12 20 72 39 52 15 62 19 20 72 39 52 15

29 72 100 44 49 75 83 29 72 100 44 49 75 83
29 72 100 44 49 75 83 29 72 11 72 100 44 49 75 83
29 72 100 44 49 75 83 29 72 100 11 72 100 44 49 75 83
29 72 100 44 49 75 83 29 72 100 11 100 44 49 75 83
29 72 100 44 49 75 83 29 72 100 44 11 100 44 49 75 83
29 72 11 72 100 44 49 75 83 29 72 100 44 49 75 83
29 72 100 11 72 100 44 49 75 83 29 72 100 44 49 75 83
29 72 100 11 100 44 49 75 83 29 72 100 44 49 75 83
29 72 100 44 11 100 44 49 75 83 29 72 100 44 49 75 83

84 59 11 54 26 59 78 84 59 11 54 26 59 78
84 59 11 54 26 59 78 84 59 5 59 11 54 26 59 78
84 59 11 54 26 59 78 84 59 11 5 59 11 54 26 59 78
84 59 11 54 26 59 78 84 59 11 5 11 54 26 59 78
84 59 11 54 26 59 78 84 59 11 54 5 11 54 26 59 78
84 59 5 59 11 54 26 59 78 84 59 11 54 26 59 78
84 59 11 5 59 11 54 26 59 78 84 59 11 54 26 59 78
84 59 11 5 11 54 26 59 78 84 59 11 54 26 59 78
84 59 11 54 5 11 54 26 59 78 84 59 11 54 26 59 78

92 46 77 78 47 51 75 92 46 77 78 47 51 75
92 46 77 78 47 51 75 92 46 7 46 77 78 47 51 75
92 46 77 78 47 51 75 92 46 77 7 46 77 78 47 51 75
92 46 77 78 47 51 75 92 46 77 7 77 78 47 51 75
92 46 77 78 47 51 75 92 46 77 78 7 77 78 47 51 75
92 46 7 46 77 78 47 51 75 92 46 77 78 47 51 75
92 46 77 7 46 77 78 47 51 75 92 46 77 78 47 51 75
92 46 77 7 77 78 47 51 75 92 46 77 78 47 51 75
92 46 77 78 7 77 78 47 51 75 92 46 77 78 47 51 75

36 84 86 62 75 77 92 36 84 86 62 75 77 92
36 84 86 62 75 77 92 36 84 18 84 86 62 75 77 92
36 84 86 62 75 77 92 36 84 86 18 84 86 62 75 77 92
36 84 86 62 75 77 92 36 84 86 18 86 62 75 77 92
36 84 86 62 75 77 92 36 84 86 62 18 86 62 75 77 92
36 84 18 84 86 62 75 77 92 36 84 86 62 75 77 92
36 84 86 18 84 86 62 75 77 92 36 84 86 62 75 77 92
36 84 86 18 86 62 75 77 92 36 84 86 62 75 77 92
36 84 86 62 18 86 62 75 77 92 36 84 86 62 75 77 92

36 83 45 86 27 27 55 36 83 45 86 27 27 55
36 83 45 86 27 27 55 36 83 12 83 45 86 27 27 55
36 83 45 86 27 27 55 36 83 45 12 83 45 86 27 27 55
36 83 45 86 27 27 55 36 83 45 12 45 86 27 27 55
36 83 45 86 27 27 55 36 83 45 86 12 45 86 27 27 55
36 83 12 83 45 86 27 27 55 36 83 45 86 27 27 55
36 83 45 12 83 45 86 27 27 55 36 83 45 86 27 27 55
36 83 45 12 45 86 27 27 55 36 83 45 86 27 27 55
36 83 45 86 12 45 86 27 27 55 36 83 45 86 27 27 55

70 21 65 14 31 19 20 70 21 65 14 31 19 20
70 21 65 14 31 19 20 70 21 5 21 65 14 31 19 20
70 21 65 14 31 19 20 70 21 65 5 21 65 14 31 19 20
70 21 65 14 31 19 20 70 21 65 5 65 14 31 19 20
70 21 65 14 31 19 20 70 21 65 14 5 65 14 31 19 20
70 21 5 21 65 14 31 19 20 70 21 65 14 31 19 20
70 21 65 5 21 65 14 31 19 20 70 21 65 14 31 19 20
70 21 65 5 65 14 31 19 20 70 21 65 14 31 19 20
70 21 65 14 5 65 14 31 19 20 70 21 65 14 31 19 20

88 80 68 16 18 79 8 88 80 68 16 18 79 8
88 80 68 16 18 79 8 88 80 19 80 68 16 18 79 8
88 80 68 16 18 79 8 88 80 68 19 80 68 16 18 79 8
88 80 68 16 18 79 8 88 80 68 19 68 16 18 79 8
88 80 68 16 18 79 8 88 80 68 16 19 68 16 18 79 8
88 80 19 80 68 16 18 79 8 88 80 68 16 18 79 8
88 80 68 19 80 68 16 18 79 8 88 80 68 16 18 79 8
88 80 68 19 68 16 18 79 8 88 80 68 16 18 79 8
88 80 68 16 19 68 16 18 79 8 88 80 68 16 18 79 8

80 7 91 65 40 6 79 80 7 91 65 40 6 79
80 7 91 65 40 6 79 80 7 9 7 91 65 40 6 79
80 7 91 65 40 6 79 80 7 91 9 7 91 65 40 6 79
80 7 91 65 40 6 79 80 7 91 9 91 65 40 6 79
80 7 91 65 40 6 79 80 7 91 65 9 91 65 40 6 79
80 7 9 7 91 65 40 6 79 80 7 91 65 40 6 79
80 7 91 9 7 91 65 40 6 79 80 7 91 65 40 6 79
80 7 91 9 91 65 40 6 79 80 7 91 65 40 6 79
80 7 91 65 9 91 65 40 6 79 80 7 91 65 40 6 79

89 23 11 16 30 96 48 89 23 11 16 30 96 48
89 23 11 16 30 96 48 89 23 5 23 11 16 30 96 48
89 23 11 16 30 96 48 89 23 11 5 23 11 16 30 96 48
89 23 11 16 30 96 48 89 23 11 5 11 16 30 96 48
89 23 11 16 30 96 48 89 23 11 16 5 11 16 30 96 48
89 23 5 23 11 16 30 96 48 89 23 11 16 30 96 48
89 23 11 5 23 11 16 30 96 48 89 23 11 16 30 96 48
89 23 11 5 11 16 30 96 48 89 23 11 16 30 96 48
89 23 11 16 5 11 16 30 96 48 89 23 11 16 30 96 48

61 68 8 94 23 5 59 61 68 8 94 23 5 59
61 68 8 94 23 5 59 61 68 15 68 8 94 23 5 59
61 68 8 94 23 5 59 61 68 8 15 68 8 94 23 5 59
61 68 8 94 23 5 59 61 68 8 15 8 94 23 5 59
61 68 8 94 23 5 59 61 68 8 94 15 8 94 23 5 59
61 68 15 68 8 94 23 5 59 61 68 8 94 23 5 59
61 68 8 15 68 8 94 23 5 59 61 68 8 94 23 5 59
61 68 8 15 8 94 23 5 59 61 68 8 94 23 5 59
61 68 8 94 15 8 94 23 5 59 61 68 8 94 23 5 59

23 33 23 12 81 49 79 23 33 23 12 81 49 79
23 33 23 12 81 49 79 23 33 20 33 23 12 81 49 79
23 33 23 12 81 49 79 23 33 23 20 33 23 12 81 49 79
23 33 23 12 81 49 79 23 33 23 20 23 12 81 49 79
23 33 23 12 81 49 79 23 33 23 12 20 23 12 81 49 79
23 33 20 33 23 12 81 49 79 23 33 23 12 81 49 79
23 33 23 20 33 23 12 81 49 79 23 33 23 12 81 49 79
23 33 23 20 23 12 81 49 79 23 33 23 12 81 49 79
23 33 23 12 20 23 12 81 49 79 23 33 23 12 81 49 79

53 59 19 7 59 26 93 53 59 19 7 59 26 93
53 59 19 7 59 26 93 53 59 7 59 19 7 59 26 93
53 59 19 7 59 26 93 53 59 19 7 59 19 7 59 26 93
53 59 19 7 59 26 93 53 59 19 7 19 7 59 26 93
53 59 19 7 59 26 93 53 59 19 7 7 19 7 59 26 93
53 59 7 59 19 7 59 26 93 53 59 19 7 59 26 93
53 59 19 7 59 19 7 59 26 93 53 59 19 7 59 26 93
53 59 19 7 19 7 59 26 93 53 59 19 7 59 26 93
53 59 19 7 7 19 7 59 26 93 53 59 19 7 59 26 93

59 51 15 6 34 32 26 59 51 15 6 34 32 26
59 51 15 6 34 32 26 59 51 6 51 15 6 34 32 26
59 51 15 6 34 32 26 59 51 15 6 51 15 6 34 32 26
59 51 15 6 34 32 26 59 51 15 6 15 6 34 32 26
59 51 15 6 34 32 26 59 51 15 6 6 15 6 34 32 26
59 51 6 51 15 6 34 32 26 59 51 15 6 34 32 26
59 51 15 6 51 15 6 34 32 26 59 51 15 6 34 32 26
59 51 15 6 15 6 34 32 26 59 51 15 6 34 32 26
59 51 15 6 6 15 6 34 32 26 59 51 15 6 34 32 26

19 24 47 12 21 9 10 19 24 47 12 21 9 10
19 24 47 12 21 9 10 19 24 17 24 47 12 21 9 10
19 24 47 12 21 9 10 19 24 47 17 24 47 12 21 9 10
19 24 47 12 21 9 10 19 24 47 17 47 12 21 9 10
19 24 47 12 21 9 10 19 24 47 12 17 47 12 21 9 10
19 24 17 24 47 12 21 9 10 19 24 47 12 21 9 10
19 24 47 17 24 47 12 21 9 10 19 24 47 12 21 9 10
19 24 47 17 47 12 21 9 10 19 24 47 12 21 9 10
19 24 47 12 17 47 12 21 9 10 19 24 47 12 21 9 10

38 30 93 50 55 76 97 38 30 93 50 55 76 97
38 30 93 50 55 76 97 38 30 10 30 93 50 55 76 97
38 30 93 50 55 76 97 38 30 93 10 30 93 50 55 76 97
38 30 93 50 55 76 97 38 30 93 10 93 50 55 76 97
38 30 93 50 55 76 97 38 30 93 50 10 93 50 55 76 97
38 30 10 30 93 50 55 76 97 38 30 93 50 55 76 97
38 30 93 10 30 93 50 55 76 97 38 30 93 50 55 76 97
38 30 93 10 93 50 55 76 97 38 30 93 50 55 76 97
38 30 93 50 10 93 50 55 76 97 38 30 93 50 55 76 97

78 29 86 33 10 89 51 78 29 86 33 10 89 51
78 29 86 33 10 89 51 78 29 10 29 86 33 10 89 51
78 29 86 33 10 89 51 78 29 86 10 29 86 33 10 89 51
78 29 86 33 10 89 51 78 29 86 10 86 33 10 89 51
78 29 86 33 10 89 51 78 29 86 33 10 86 33 10 89 51
78 29 10 29 86 33 10 89 51 78 29 86 33 10 89 51
78 29 86 10 29 86 33 10 89 51 78 29 86 33 10 89 51
78 29 86 10 86 33 10 89 51 78 29 86 33 10 89 51
78 29 86 33 10 86 33 10 89 51 78 29 86 33 10 89 51

86 78 89 37 88 60 51 86 78 89 37 88 60 51
86 78 89 37 88 60 51 86 78 15 78 89 37 88 60 51
86 78 89 37 88 60 51 86 78 89 15 78 89 37 88 60 51
86 78 89 37 88 60 51 86 78 89 15 89 37 88 60 51
86 78 89 37 88 60 51 86 78 89 37 15 89 37 88 60 51
86 78 15 78 89 37 88 60 51 86 78 89 37 88 60 51
86 78 89 15 78 89 37 88 60 51 86 78 89 37 88 60 51
86 78 89 15 89 37 88 60 51 86 78 89 37 88 60 51
86 78 89 37 15 89 37 88 60 51 86 78 89 37 88 60 51

7 5 24 22 99 49 98 7 5 24 22 99 49 98
7 5 24 22 99 49 98 7 5 19 5 24 22 99 49 98
7 5 24 22 99 49 98 7 5 24 19 5 24 22 99 49 98
7 5 24 22 99 49 98 7 5 24 19 24 22 99 49 98
7 5 24 22 99 49 98 7 5 24 22 19 24 22 99 49 98
7 5 19 5 24 22 99 49 98 7 5 24 22 99 49 98
7 5 24 19 5 24 22 99 49 98 7 5 24 22 99 49 98
7 5 24 19 24 22 99 49 98 7 5 24 22 99 49 98
7 5 24 22 19 24 22 99 49 98 7 5 24 22 99 49 98

68 51 72 79 98 54 38 68 51 72 79 98 54 38
68 51 72 79 98 54 38 68 51 7 51 72 79 98 54 38
68 51 72 79 98 54 38 68 51 72 7 51 72 79 98 54 38
68 51 72 79 98 54 38 68 51 72 7 72 79 98 54 38
68 51 72 79 98 54 38 68 51 72 79 7 72 79 98 54 38
68 51 7 51 72 79 98 54 38 68 51 72 79 98 54 38
68 51 72 7 51 72 79 98 54 38 68 51 72 79 98 54 38
68 51 72 7 72 79 98 54 38 68 51 72 79 98 54 38
68 51 72 79 7 72 79 98 54 38 68 51 72 79 98 54 38

83 67 60 90 44 78 30 83 67 60 90 44 78 30
83 67 60 90 44 78 30 83 67 15 67 60 90 44 78 30
83 67 60 90 44 78 30 83 67 60 15 67 60 90 44 78 30
83 67 60 90 44 78 30 83 67 60 15 60 90 44 78 30
83 67 60 90 44 78 30 83 67 60 90 15 60 90 44 78 30
83 67 15 67 60 90 44 78 30 83 67 60 90 44 78 30
83 67 60 15 67 60 90 44 78 30 83 67 60 90 44 78 30
83 67 60 15 60 90 44 78 30 83 67 60 90 44 78 30
83 67 60 90 15 60 90 44 78 30 83 67 60 90 44 78 30

13 79 57 97 42 99 14 13 79 57 97 42 99 14
13 79 57 97 42 99 14 13 79 14 79 57 97 42 99 14
13 79 57 97 42 99 14 13 79 57 14 79 57 97 42 99 14
13 79 57 97 42 99 14 13 79 57 14 57 97 42 99 14
13 79 57 97 42 99 14 13 79 57 97 14 57 97 42 99 14
13 79 14 79 57 97 42 99 14 13 79 57 97 42 99 14
13 79 57 14 79 57 97 42 99 14 13 79 57 97 42 99 14
13 79 57 14 57 97 42 99 14 13 79 57 97 42 99 14
13 79 57 97 14 57 97 42 99 14 13 79 57 97 42 99 14

8 12 80 90 75 12 89 8 12 80 90 75 12 89
8 12 80 90 75 12 89 8 12 14 12 80 90 75 12 89
8 12 80 90 75 12 89 8 12 80 14 12 80 90 75 12 89
8 12 80 90 75 12 89 8 12 80 14 80 90 75 12 89
8 12 80 90 75 12 89 8 12 80 90 14 80 90 75 12 89
8 12 14 12 80 90 75 12 89 8 12 80 90 75 12 89
8 12 80 14 12 80 90 75 12 89 8 12 80 90 75 12 89
8 12 80 14 80 90 75 12 89 8 12 80 90 75 12 89
8 12 80 90 14 80 90 75 12 89 8 12 80 90 75 12 89

76 100 49 68 46 73 61 76 100 49 68 46 73 61
76 100 49 68 46 73 61 76 100 6 100 49 68 46 73 61
76 100 49 68 46 73 61 76 100 49 6 100 49 68 46 73 61
76 100 49 68 46 73 61 76 100 49 6 49 68 46 73 61
76 100 49 68 46 73 61 76 100 49 68 6 49 68 46 73 61
76 100 6 100 49 68 46 73 61 76 100 49 68 46 73 61
76 100 49 6 100 49 68 46 73 61 76 100 49 68 46 73 61
76 100 49 6 49 68 46 73 61 76 100 49 68 46 73 61
76 100 49 68 6 49 68 46 73 61 76 100 49 68 46 73 61

79 22 75 96 93 82 67 79 22 75 96 93 82 67
79 22 75 96 93 82 67 79 22 6 22 75 96 93 82 67
79 22 75 96 93 82 67 79 22 75 6 22 75 96 93 82 67
79 22 75 96 93 82 67 79 22 75 6 75 96 93 82 67
79 22 75 96 93 82 67 79 22 75 96 6 75 96 93 82 67
79 22 6 22 75 96 93 82 67 79 22 75 96 93 82 67
79 22 75 6 22 75 96 93 82 67 79 22 75 96 93 82 67
79 22 75 6 75 96 93 82 67 79 22 75 96 93 82 67
79 22 75 96 6 75 96 93 82 67 79 22 75 96 93 82 67

80 54 38 31 74 36 17 80 54 38 31 74 36 17
80 54 38 31 74 36 17 80 54 14 54 38 31 74 36 17
80 54 38 31 74 36 17 80 54 38 14 54 38 31 74 36 17
80 54 38 31 74 36 17 80 54 38 14 38 31 74 36 17
80 54 38 31 74 36 17 80 54 38 31 14 38 31 74 36 17
80 54 14 54 38 31 74 36 17 80 54 38 31 74 36 17
80 54 38 14 54 38 31 74 36 17 80 54 38 31 74 36 17
80 54 38 14 38 31 74 36 17 80 54 38 31 74 36 17
80 54 38 31 14 38 31 74 36 17 80 54 38 31 74 36 17

32 71 88 67 9 64 19 32 71 88 67 9 64 19
32 71 88 67 9 64 19 32 71 8 71 88 67 9 64 19
32 71 88 67 9 64 19 32 71 88 8 71 88 67 9 64 19
32 71 88 67 9 64 19 32 71 88 8 88 67 9 64 19
32 71 88 67 9 64 19 32 71 88 67 8 88 67 9 64 19
32 71 8 71 88 67 9 64 19 32 71 88 67 9 64 19
32 71 88 8 71 88 67 9 64 19 32 71 88 67 9 64 19
32 71 88 8 88 67 9 64 19 32 71 88 67 9 64 19
32 71 88 67 8 88 67 9 64 19 32 71 88 67 9 64 19

55 52 36 28 72 28 81 55 52 36 28 72 28 81
55 52 36 28 72 28 81 55 52 19 52 36 28 72 28 81
55 52 36 28 72 28 81 55 52 36 19 52 36 28 72 28 81
55 52 36 28 72 28 81 55 52 36 19 36 28 72 28 81
55 52 36 28 72 28 81 55 52 36 28 19 36 28 72 28 81
55 52 19 52 36 28 72 28 81 55 52 36 28 72 28 81
55 52 36 19 52 36 28 72 28 81 55 52 36 28 72 28 81
55 52 36 19 36 28 72 28 81 55 52 36 28 72 28 81
55 52 36 28 19 36 28 72 28 81 55 52 36 28 72 28 81

23 95 72 9 88 44 55 23 95 72 9 88 44 55
23 95 72 9 88 44 55 23 95 10 95 72 9 88 44 55
23 95 72 9 88 44 55 23 95 72 10 95 72 9 88 44 55
23 95 72 9 88 44 55 23 95 72 10 72 9 88 44 55
23 95 72 9 88 44 55 23 95 72 9 10 72 9 88 44 55
23 95 10 95 72 9 88 44 55 23 95 72 9 88 44 55
23 95 72 10 95 72 9 88 44 55 23 95 72 9 88 44 55
23 95 72 10 72 9 88 44 55 23 95 72 9 88 44 55
23 95 72 9 10 72 9 88 44 55 23 95 72 9 88 44 55

55 21 36 83 99 79 41 55 21 36 83 99 79 41
55 21 36 83 99 79 41 55 21 18 21 36 83 99 79 41
55 21 36 83 99 79 41 55 21 36 18 21 36 83 99 79 41
55 21 36 83 99 79 41 55 21 36 18 36 83 99 79 41
55 21 36 83 99 79 41 55 21 36 83 18 36 83 99 79 41
55 21 18 21 36 83 99 79 41 55 21 36 83 99 79 41
55 21 36 18 21 36 83 99 79 41 55 21 36 83 99 79 41
55 21 36 18 36 83 99 79 41 55 21 36 83 99 79 41
55 21 36 83 18 36 83 99 79 41 55 21 36 83 99 79 41

91 66 75 11 72 48 74 91 66 75 11 72 48 74
91 66 75 11 72 48 74 91 66 18 66 75 11 72 48 74
91 66 75 11 72 48 74 91 66 75 18 66 75 11 72 48 74
91 66 75 11 72 48 74 91 66 75 18 75 11 72 48 74
91 66 75 11 72 48 74 91 66 75 11 18 75 11 72 48 74
91 66 18 66 75 11 72 48 74 91 66 75 11 72 48 74
91 66 75 18 66 75 11 72 48 74 91 66 75 11 72 48 74
91 66 75 18 75 11 72 48 74 91 66 75 11 72 48 74
91 66 75 11 18 75 11 72 48 74 91 66 75 11 72 48 74

30 29 86 56 71 44 6 30 29 86 56 71 44 6
30 29 86 56 71 44 6 30 29 10 29 86 56 71 44 6
30 29 86 56 71 44 6 30 29 86 10 29 86 56 71 44 6
30 29 86 56 71 44 6 30 29 86 10 86 56 71 44 6
30 29 86 56 71 44 6 30 29 86 56 10 86 56 71 44 6
30 29 10 29 86 56 71 44 6 30 29 86 56 71 44 6
30 29 86 10 29 86 56 71 44 6 30 29 86 56 71 44 6
30 29 86 10 86 56 71 44 6 30 29 86 56 71 44 6
30 29 86 56 10 86 56 71 44 6 30 29 86 56 71 44 6

79 38 41 48 94 68 89 79 38 41 48 94 68 89
79 38 41 48 94 68 89 79 38 11 38 41 48 94 68 89
79 38 41 48 94 68 89 79 38 41 11 38 41 48 94 68 89
79 38 41 48 94 68 89 79 38 41 11 41 48 94 68 89
79 38 41 48 94 68 89 79 38 41 48 11 41 48 94 68 89
79 38 11 38 41 48 94 68 89 79 38 41 48 94 68 89
79 38 41 11 38 41 48 94 68 89 79 38 41 48 94 68 89
79 38 41 11 41 48 94 68 89 79 38 41 48 94 68 89
79 38 41 48 11 41 48 94 68 89 79 38 41 48 94 68 89

58 65 71 95 92 90 35 58 65 71 95 92 90 35
58 65 71 95 92 90 35 58 65 15 65 71 95 92 90 35
58 65 71 95 92 90 35 58 65 71 15 65 71 95 92 90 35
58 65 71 95 92 90 35 58 65 71 15 71 95 92 90 35
58 65 71 95 92 90 35 58 65 71 95 15 71 95 92 90 35
58 65 15 65 71 95 92 90 35 58 65 71 95 92 90 35
58 65 71 15 65 71 95 92 90 35 58 65 71 95 92 90 35
58 65 71 15 71 95 92 90 35 58 65 71 95 92 90 35
58 65 71 95 15 71 95 92 90 35 58 65 71 95 92 90 35

31 63 18 97 90 61 37 31 63 18 97 90 61 37
31 63 18 97 90 61 37 31 63 20 63 18 97 90 61 37
31 63 18 97 90 61 37 31 63 18 20 63 18 97 90 61 37
31 63 18 97 90 61 37 31 63 18 20 18 97 90 61 37
31 63 18 97 90 61 37 31 63 18 97 20 18 97 90 61 37
31 63 20 63 18 97 90 61 37 31 63 18 97 90 61 37
31 63 18 20 63 18 97 90 61 37 31 63 18 97 90 61 37
31 63 18 20 18 97 90 61 37 31 63 18 97 90 61 37
31 63 18 97 20 18 97 90 61 37 31 63 18 97 90 61 37

35 19 52 93 21 96 23 35 19 52 93 21 96 23
35 19 52 93 21 96 23 35 19 11 19 52 93 21 96 23
35 19 52 93 21 96 23 35 19 52 11 19 52 93 21 96 23
35 19 52 93 21 96 23 35 19 52 11 52 93 21 96 23
35 19 52 93 21 96 23 35 19 52 93 11 52 93 21 96 23
35 19 11 19 52 93 21 96 23 35 19 52 93 21 96 23
35 19 52 11 19 52 93 21 96 23 35 19 52 93 21 96 23
35 19 52 11 52 93 21 96 23 35 19 52 93 21 96 23
35 19 52 93 11 52 93 21 96 23 35 19 52 93 21 96 23

12 68 34 39 43 25 21 12 68 34 39 43 25 21
12 68 34 39 43 25 21 12 68 9 68 34 39 43 25 21
12 68 34 39 43 25 21 12 68 34 9 68 34 39 43 25 21
12 68 34 39 43 25 21 12 68 34 9 34 39 43 25 21
12 68 34 39 43 25 21 12 68 34 39 9 34 39 43 25 21
12 68 9 68 34 39 43 25 21 12 68 34 39 43 25 21
12 68 34 9 68 34 39 43 25 21 12 68 34 39 43 25 21
12 68 34 9 34 39 43 25 21 12 68 34 39 43 25 21
12 68 34 39 9 34 39 43 25 21 12 68 34 39 43 25 21

77 26 67 5 71 92 72 77 26 67 5 71 92 72
77 26 67 5 71 92 72 77 26 8 26 67 5 71 92 72
77 26 67 5 71 92 72 77 26 67 8 26 67 5 71 92 72
77 26 67 5 71 92 72 77 26 67 8 67 5 71 92 72
77 26 67 5 71 92 72 77 26 67 5 8 67 5 71 92 72
77 26 8 26 67 5 71 92 72 77 26 67 5 71 92 72
77 26 67 8 26 67 5 71 92 72 77 26 67 5 71 92 72
77 26 67 8 67 5 71 92 72 77 26 67 5 71 92 72
77 26 67 5 8 67 5 71 92 72 77 26 67 5 71 92 72

100 28 10 45 26 94 8 100 28 10 45 26 94 8
100 28 10 45 26 94 8 100 28 17 28 10 45 26 94 8
100 28 10 45 26 94 8 100 28 10 17 28 10 45 26 94 8
100 28 10 45 26 94 8 100 28 10 17 10 45 26 94 8
100 28 10 45 26 94 8 100 28 10 45 17 10 45 26 94 8
100 28 17 28 10 45 26 94 8 100 28 10 45 26 94 8
100 28 10 17 28 10 45 26 94 8 100 28 10 45 26 94 8
100 28 10 17 10 45 26 94 8 100 28 10 45 26 94 8
100 28 10 45 17 10 45 26 94 8 100 28 10 45 26 94 8

87 24 37 28 17 45 10 87 24 37 28 17 45 10
87 24 37 28 17 45 10 87 24 16 24 37 28 17 45 10
87 24 37 28 17 45 10 87 24 37 16 24 37 28 17 45 10
87 24 37 28 17 45 10 87 24 37 16 37 28 17 45 10
87 24 37 28 17 45 10 87 24 37 28 16 37 28 17 45 10
87 24 16 24 37 28 17 45 10 87 24 37 28 17 45 10
87 24 37 16 24 37 28 17 45 10 87 24 37 28 17 45 10
87 24 37 16 37 28 17 45 10 87 24 37 28 17 45 10
87 24 37 28 16 37 28 17 45 10 87 24 37 28 17 45 10

29 63 38 31 56 90 33 29 63 38 31 56 90 33
29 63 38 31 56 90 33 29 63 15 63 38 31 56 90 33
29 63 38 31 56 90 33 29 63 38 15 63 38 31 56 90 33
29 63 38 31 56 90 33 29 63 38 15 38 31 56 90 33
29 63 38 31 56 90 33 29 63 38 31 15 38 31 56 90 33
29 63 15 63 38 31 56 90 33 29 63 38 31 56 90 33
29 63 38 15 63 38 31 56 90 33 29 63 38 31 56 90 33
29 63 38 15 38 31 56 90 33 29 63 38 31 56 90 33
29 63 38 31 15 38 31 56 90 33 29 63 38 31 56 90 33

50 37 87 63 16 32 79 50 37 87 63 16 32 79
50 37 87 63 16 32 79 50 37 18 37 87 63 16 32 79
50 37 87 63 16 32 79 50 37 87 18 37 87 63 16 32 79
50 37 87 63 16 32 79 50 37 87 18 87 63 16 32 79
50 37 87 63 16 32 79 50 37 87 63 18 87 63 16 32 79
50 37 18 37 87 63 16 32 79 50 37 87 63 16 32 79
50 37 87 18 37 87 63 16 32 79 50 37 87 63 16 32 79
50 37 87 18 87 63 16 32 79 50 37 87 63 16 32 79
50 37 87 63 18 87 63 16 32 79 50 37 87 63 16 32 79

98 18 72 23 6 87 82 98 18 72 23 6 87 82
98 18 72 23 6 87 82 98 18 12 18 72 23 6 87 82
98 18 72 23 6 87 82 98 18 72 12 18 72 23 6 87 82
98 18 72 23 6 87 82 98 18 72 12 72 23 6 87 82
98 18 72 23 6 87 82 98 18 72 23 12 72 23 6 87 82
98 18 12 18 72 23 6 87 82 98 18 72 23 6 87 82
98 18 72 12 18 72 23 6 87 82 98 18 72 23 6 87 82
98 18 72 12 72 23 6 87 82 98 18 72 23 6 87 82
98 18 72 23 12 72 23 6 87 82 98 18 72 23 6 87 82

64 62 49 62 61 52 66 64 62 49 62 61 52 66
64 62 49 62 61 52 66 64 62 19 62 49 62 61 52 66
64 62 49 62 61 52 66 64 62 49 19 62 49 62 61 52 66
64 62 49 62 61 52 66 64 62 49 19 49 62 61 52 66
64 62 49 62 61 52 66 64 62 49 62 19 49 62 61 52 66
64 62 19 62 49 62 61 52 66 64 62 49 62 61 52 66
64 62 49 19 62 49 62 61 52 66 64 62 49 62 61 52 66
64 62 49 19 49 62 61 52 66 64 62 49 62 61 52 66
64 62 49 62 19 49 62 61 52 66 64 62 49 62 61 52 66

86 63 15 80 71 78 67 86 63 15 80 71 78 67
86 63 15 80 71 78 67 86 63 20 63 15 80 71 78 67
86 63 15 80 71 78 67 86 63 15 20 63 15 80 71 78 67
86 63 15 80 71 78 67 86 63 15 20 15 80 71 78 67
86 63 15 80 71 78 67 86 63 15 80 20 15 80 71 78 67
86 63 20 63 15 80 71 78 67 86 63 15 80 71 78 67
86 63 15 20 63 15 80 71 78 67 86 63 15 80 71 78 67
86 63 15 20 15 80 71 78 67 86 63 15 80 71 78 67
86 63 15 80 20 15 80 71 78 67 86 63 15 80 71 78 67

73 33 9 40 28 52 50 73 33 9 40 28 52 50
73 33 9 40 28 52 50 73 33 5 33 9 40 28 52 50
73 33 9 40 28 52 50 73 33 9 5 33 9 40 28 52 50
73 33 9 40 28 52 50 73 33 9 5 9 40 28 52 50
73 33 9 40 28 52 50 73 33 9 40 5 9 40 28 52 50
73 33 5 33 9 40 28 52 50 73 33 9 40 28 52 50
73 33 9 5 33 9 40 28 52 50 73 33 9 40 28 52 50
73 33 9 5 9 40 28 52 50 73 33 9 40 28 52 50
73 33 9 40 5 9 40 28 52 50 73 33 9 40 28 52 50

77 20 22 20 65 19 90 77 20 22 20 65 19 90
77 20 22 20 65 19 90 77 20 5 20 22 20 65 19 90
77 20 22 20 65 19 90 77 20 22 5 20 22 20 65 19 90
77 20 22 20 65 19 90 77 20 22 5 22 20 65 19 90
77 20 22 20 65 19 90 77 20 22 20 5 22 20 65 19 90
77 20 5 20 22 20 65 19 90 77 20 22 20 65 19 90
77 20 22 5 20 22 20 65 19 90 77 20 22 20 65 19 90
77 20 22 5 22 20 65 19 90 77 20 22 20 65 19 90
77 20 22 20 5 22 20 65 19 90 77 20 22 20 65 19 90

29 87 53 29 99 97 10 29 87 53 29 99 97 10
29 87 53 29 99 97 10 29 87 8 87 53 29 99 97 10
29 87 53 29 99 97 10 29 87 53 8 87 53 29 99 97 10
29 87 53 29 99 97 10 29 87 53 8 53 29 99 97 10
29 87 53 29 99 97 10 29 87 53 29 8 53 29 99 97 10
29 87 8 87 53 29 99 97 10 29 87 53 29 99 97 10
29 87 53 8 87 53 29 99 97 10 29 87 53 29 99 97 10
29 87 53 8 53 29 99 97 10 29 87 53 29 99 97 10
29 87 53 29 8 53 29 99 97 10 29 87 53 29 99 97 10

10 70 67 5 56 39 87 10 70 67 5 56 39 87
10 70 67 5 56 39 87 10 70 17 70 67 5 56 39 87
10 70 67 5 56 39 87 10 70 67 17 70 67 5 56 39 87
10 70 67 5 56 39 87 10 70 67 17 67 5 56 39 87
10 70 67 5 56 39 87 10 70 67 5 17 67 5 56 39 87
10 70 17 70 67 5 56 39 87 10 70 67 5 56 39 87
10 70 67 17 70 67 5 56 39 87 10 70 67 5 56 39 87
10 70 67 17 67 5 56 39 87 10 70 67 5 56 39 87
10 70 67 5 17 67 5 56 39 87 10 70 67 5 56 39 87

81 21 13 17 89 60 99 81 21 13 17 89 60 99
81 21 13 17 89 60 99 81 21 14 21 13 17 89 60 99
81 21 13 17 89 60 99 81 21 13 14 21 13 17 89 60 99
81 21 13 17 89 60 99 81 21 13 14 13 17 89 60 99
81 21 13 17 89 60 99 81 21 13 17 14 13 17 89 60 99
81 21 14 21 13 17 89 60 99 81 21 13 17 89 60 99
81 21 13 14 21 13 17 89 60 99 81 21 13 17 89 60 99
81 21 13 14 13 17 89 60 99 81 21 13 17 89 60 99
81 21 13 17 14 13 17 89 60 99 81 21 13 17 89 60 99

52 32 20 63 17 29 42 52 32 20 63 17 29 42
52 32 20 63 17 29 42 52 32 15 32 20 63 17 29 42
52 32 20 63 17 29 42 52 32 20 15 32 20 63 17 29 42
52 32 20 63 17 29 42 52 32 20 15 20 63 17 29 42
52 32 20 63 17 29 42 52 32 20 63 15 20 63 17 29 42
52 32 15 32 20 63 17 29 42 52 32 20 63 17 29 42
52 32 20 15 32 20 63 17 29 42 52 32 20 63 17 29 42
52 32 20 15 20 63 17 29 42 52 32 20 63 17 29 42
52 32 20 63 15 20 63 17 29 42 52 32 20 63 17 29 42

62 50 81 21 84 87 92 62 50 81 21 84 87 92
62 50 81 21 84 87 92 62 50 17 50 81 21 84 87 92
62 50 81 21 84 87 92 62 50 81 17 50 81 21 84 87 92
62 50 81 21 84 87 92 62 50 81 17 81 21 84 87 92
62 50 81 21 84 87 92 62 50 81 21 17 81 21 84 87 92
62 50 17 50 81 21 84 87 92 62 50 81 21 84 87 92
62 50 81 17 50 81 21 84 87 92 62 50 81 21 84 87 92
62 50 81 17 81 21 84 87 92 62 50 81 21 84 87 92
62 50 81 21 17 81 21 84 87 92 62 50 81 21 84 87 92

11 83 32 83 24 88 80 11 83 32 83 24 88 80
11 83 32 83 24 88 80 11 83 14 83 32 83 24 88 80
11 83 32 83 24 88 80 11 83 32 14 83 32 83 24 88 80
11 83 32 83 24 88 80 11 83 32 14 32 83 24 88 80
11 83 32 83 24 88 80 11 83 32 83 14 32 83 24 88 80
11 83 14 83 32 83 24 88 80 11 83 32 83 24 88 80
11 83 32 14 83 32 83 24 88 80 11 83 32 83 24 88 80
11 83 32 14 32 83 24 88 80 11 83 32 83 24 88 80
11 83 32 83 14 32 83 24 88 80 11 83 32 83 24 88 80

89 49 36 25 86 64 86 89 49 36 25 86 64 86
89 49 36 25 86 64 86 89 49 15 49 36 25 86 64 86
89 49 36 25 86 64 86 89 49 36 15 49 36 25 86 64 86
89 49 36 25 86 64 86 89 49 36 15 36 25 86 64 86
89 49 36 25 86 64 86 89 49 36 25 15 36 25 86 64 86
89 49 15 49 36 25 86 64 86 89 49 36 25 86 64 86
89 49 36 15 49 36 25 86 64 86 89 49 36 25 86 64 86
89 49 36 15 36 25 86 64 86 89 49 36 25 86 64 86
89 49 36 25 15 36 25 86 64 86 89 49 36 25 86 64 86

38 68 97 27 14 36 98 38 68 97 27 14 36 98
38 68 97 27 14 36 98 38 68 17 68 97 27 14 36 98
38 68 97 27 14 36 98 38 68 97 17 68 97 27 14 36 98
38 68 97 27 14 36 98 38 68 97 17 97 27 14 36 98
38 68 97 27 14 36 98 38 68 97 27 17 97 27 14 36 98
38 68 17 68 97 27 14 36 98 38 68 97 27 14 36 98
38 68 97 17 68 97 27 14 36 98 38 68 97 27 14 36 98
38 68 97 17 97 27 14 36 98 38 68 97 27 14 36 98
38 68 97 27 17 97 27 14 36 98 38 68 97 27 14 36 98

52 72 38 67 32 48 83 52 72 38 67 32 48 83
52 72 38 67 32 48 83 52 72 18 72 38 67 32 48 83
52 72 38 67 32 48 83 52 72 38 18 72 38 67 32 48 83
52 72 38 67 32 48 83 52 72 38 18 38 67 32 48 83
52 72 38 67 32 48 83 52 72 38 67 18 38 67 32 48 83
52 72 18 72 38 67 32 48 83 52 72 38 67 32 48 83
52 72 38 18 72 38 67 32 48 83 52 72 38 67 32 48 83
52 72 38 18 38 67 32 48 83 52 72 38 67 32 48 83
52 72 38 67 18 38 67 32 48 83 52 72 38 67 32 48 83

66 22 26 13 50 90 43 66 22 26 13 50 90 43
66 22 26 13 50 90 43 66 22 14 22 26 13 50 90 43
66 22 26 13 50 90 43 66 22 26 14 22 26 13 50 90 43
66 22 26 13 50 90 43 66 22 26 14 26 13 50 90 43
66 22 26 13 50 90 43 66 22 26 13 14 26 13 50 90 43
66 22 14 22 26 13 50 90 43 66 22 26 13 50 90 43
66 22 26 14 22 26 13 50 90 43 66 22 26 13 50 90 43
66 22 26 14 26 13 50 90 43 66 22 26 13 50 90 43
66 22 26 13 14 26 13 50 90 43 66 22 26 13 50 90 43

5 8 38 27 29 64 38 5 8 38 27 29 64 38
5 8 38 27 29 64 38 5 8 10 8 38 27 29 64 38
5 8 38 27 29 64 38 5 8 38 10 8 38 27 29 64 38
5 8 38 27 29 64 38 5 8 38 10 38 27 29 64 38
5 8 38 27 29 64 38 5 8 38 27 10 38 27 29 64 38
5 8 10 8 38 27 29 64 38 5 8 38 27 29 64 38
5 8 38 10 8 38 27 29 64 38 5 8 38 27 29 64 38
5 8 38 10 38 27 29 64 38 5 8 38 27 29 64 38
5 8 38 27 10 38 27 29 64 38 5 8 38 27 29 64 38

72 27 28 37 97 74 92 72 27 28 37 97 74 92
72 27 28 37 97 74 92 72 27 13 27 28 37 97 74 92
72 27 28 37 97 74 92 72 27 28 13 27 28 37 97 74 92
72 27 28 37 97 74 92 72 27 28 13 28 37 97 74 92
72 27 28 37 97 74 92 72 27 28 37 13 28 37 97 74 92
72 27 13 27 28 37 97 74 92 72 27 28 37 97 74 92
72 27 28 13 27 28 37 97 74 92 72 27 28 37 97 74 92
72 27 28 13 28 37 97 74 92 72 27 28 37 97 74 92
72 27 28 37 13 28 37 97 74 92 72 27 28 37 97 74 92

27 87 59 86 53 77 90 27 87 59 86 53 77 90
27 87 59 86 53 77 90 27 87 16 87 59 86 53 77 90
27 87 59 86 53 77 90 27 87 59 16 87 59 86 53 77 90
27 87 59 86 53 77 90 27 87 59 16 59 86 53 77 90
27 87 59 86 53 77 90 27 87 59 86 16 59 86 53 77 90
27 87 16 87 59 86 53 77 90 27 87 59 86 53 77 90
27 87 59 16 87 59 86 53 77 90 27 87 59 86 53 77 90
27 87 59 16 59 86 53 77 90 27 87 59 86 53 77 90
27 87 59 86 16 59 86 53 77 90 27 87 59 86 53 77 90

68 47 58 81 51 20 49 68 47 58 81 51 20 49
68 47 58 81 51 20 49 68 47 5 47 58 81 51 20 49
68 47 58 81 51 20 49 68 47 58 5 47 58 81 51 20 49
68 47 58 81 51 20 49 68 47 58 5 58 81 51 20 49
68 47 58 81 51 20 49 68 47 58 81 5 58 81 51 20 49
68 47 5 47 58 81 51 20 49 68 47 58 81 51 20 49
68 47 58 5 47 58 81 51 20 49 68 47 58 81 51 20 49
68 47 58 5 58 81 51 20 49 68 47 58 81 51 20 49
68 47 58 81 5 58 81 51 20 49 68 47 58 81 51 20 49

13 14 19 70 19 88 81 13 14 19 70 19 88 81
13 14 19 70 19 88 81 13 14 19 14 19 70 19 88 81
13 14 19 70 19 88 81 13 14 19 19 14 19 70 19 88 81
13 14 19 70 19 88 81 13 14 19 19 19 70 19 88 81
13 14 19 70 19 88 81 13 14 19 70 19 19 70 19 88 81
13 14 19 14 19 70 19 88 81 13 14 19 70 19 88 81
13 14 19 19 14 19 70 19 88 81 13 14 19 70 19 88 81
13 14 19 19 19 70 19 88 81 13 14 19 70 19 88 81
13 14 19 70 19 19 70 19 88 81 13 14 19 70 19 88 81

20 37 99 84 98 11 98 20 37 99 84 98 11 98
20 37 99 84 98 11 98 20 37 10 37 99 84 98 11 98
20 37 99 84 98 11 98 20 37 99 10 37 99 84 98 11 98
20 37 99 84 98 11 98 20 37 99 10 99 84 98 11 98
20 37 99 84 98 11 98 20 37 99 84 10 99 84 98 11 98
20 37 10 37 99 84 98 11 98 20 37 99 84 98 11 98
20 37 99 10 37 99 84 98 11 98 20 37 99 84 98 11 98
20 37 99 10 99 84 98 11 98 20 37 99 84 98 11 98
20 37 99 84 10 99 84 98 11 98 20 37 99 84 98 11 98

33 57 49 57 74 25 33 33 57 49 57 74 25 33
33 57 49 57 74 25 33 33 57 12 57 49 57 74 25 33
33 57 49 57 74 25 33 33 57 49 12 57 49 57 74 25 33
33 57 49 57 74 25 33 33 57 49 12 49 57 74 25 33
33 57 49 57 74 25 33 33 57 49 57 12 49 57 74 25 33
33 57 12 57 49 57 74 25 33 33 57 49 57 74 25 33
33 57 49 12 57 49 57 74 25 33 33 57 49 57 74 25 33
33 57 49 12 49 57 74 25 33 33 57 49 57 74 25 33
33 57 49 57 12 49 57 74 25 33 33 57 49 57 74 25 33

35 41 93 20 67 85 51 35 41 93 20 67 85 51
35 41 93 20 67 85 51 35 41 7 41 93 20 67 85 51
35 41 93 20 67 85 51 35 41 93 7 41 93 20 67 85 51
35 41 93 20 67 85 51 35 41 93 7 93 20 67 85 51
35 41 93 20 67 85 51 35 41 93 20 7 93 20 67 85 51
35 41 7 41 93 20 67 85 51 35 41 93 20 67 85 51
35 41 93 7 41 93 20 67 85 51 35 41 93 20 67 85 51
35 41 93 7 93 20 67 85 51 35 41 93 20 67 85 51
35 41 93 20 7 93 20 67 85 51 35 41 93 20 67 85 51

57 54 48 95 32 32 46 57 54 48 95 32 32 46
57 54 48 95 32 32 46 57 54 9 54 48 95 32 32 46
57 54 48 95 32 32 46 57 54 48 9 54 48 95 32 32 46
57 54 48 95 32 32 46 57 54 48 9 48 95 32 32 46
57 54 48 95 32 32 46 57 54 48 95 9 48 95 32 32 46
57 54 9 54 48 95 32 32 46 57 54 48 95 32 32 46
57 54 48 9 54 48 95 32 32 46 57 54 48 95 32 32 46
57 54 48 9 48 95 32 32 46 57 54 48 95 32 32 46
57 54 48 95 9 48 95 32 32 46 57 54 48 95 32 32 46

55 14 69 25 13 51 24 55 14 69 25 13 51 24
55 14 69 25 13 51 24 55 14 11 14 69 25 13 51 24
55 14 69 25 13 51 24 55 14 69 11 14 69 25 13 51 24
55 14 69 25 13 51 24 55 14 69 11 69 25 13 51 24
55 14 69 25 13 51 24 55 14 69 25 11 69 25 13 51 24
55 14 11 14 69 25 13 51 24 55 14 69 25 13 51 24
55 14 69 11 14 69 25 13 51 24 55 14 69 25 13 51 24
55 14 69 11 69 25 13 51 24 55 14 69 25 13 51 24
55 14 69 25 11 69 25 13 51 24 55 14 69 25 13 51 24

47 19 85 99 86 95 85 47 19 85 99 86 95 85
47 19 85 99 86 95 85 47 19 13 19 85 99 86 95 85
47 19 85 99 86 95 85 47 19 85 13 19 85 99 86 95 85
47 19 85 99 86 95 85 47 19 85 13 85 99 86 95 85
47 19 85 99 86 95 85 47 19 85 99 13 85 99 86 95 85
47 19 13 19 85 99 86 95 85 47 19 85 99 86 95 85
47 19 85 13 19 85 99 86 95 85 47 19 85 99 86 95 85
47 19 85 13 85 99 86 95 85 47 19 85 99 86 95 85
47 19 85 99 13 85 99 86 95 85 47 19 85 99 86 95 85

60 67 20 79 21 81 11 60 67 20 79 21 81 11
60 67 20 79 21 81 11 60 67 10 67 20 79 21 81 11
60 67 20 79 21 81 11 60 67 20 10 67 20 79 21 81 11
60 67 20 79 21 81 11 60 67 20 10 20 79 21 81 11
60 67 20 79 21 81 11 60 67 20 79 10 20 79 21 81 11
60 67 10 67 20 79 21 81 11 60 67 20 79 21 81 11
60 67 20 10 67 20 79 21 81 11 60 67 20 79 21 81 11
60 67 20 10 20 79 21 81 11 60 67 20 79 21 81 11
60 67 20 79 10 20 79 21 81 11 60 67 20 79 21 81 11

77 50 20 45 95 37 78 77 50 20 45 95 37 78
77 50 20 45 95 37 78 77 50 6 50 20 45 95 37 78
77 50 20 45 95 37 78 77 50 20 6 50 20 45 95 37 78
77 50 20 45 95 37 78 77 50 20 6 20 45 95 37 78
77 50 20 45 95 37 78 77 50 20 45 6 20 45 95 37 78
77 50 6 50 20 45 95 37 78 77 50 20 45 95 37 78
77 50 20 6 50 20 45 95 37 78 77 50 20 45 95 37 78
77 50 20 6 20 45 95 37 78 77 50 20 45 95 37 78
77 50 20 45 6 20 45 95 37 78 77 50 20 45 95 37 78

71 45 33 60 98 41 85 71 45 33 60 98 41 85
71 45 33 60 98 41 85 71 45 12 45 33 60 98 41 85
71 45 33 60 98 41 85 71 45 33 12 45 33 60 98 41 85
71 45 33 60 98 41 85 71 45 33 12 33 60 98 41 85
71 45 33 60 98 41 85 71 45 33 60 12 33 60 98 41 85
71 45 12 45 33 60 98 41 85 71 45 33 60 98 41 85
71 45 33 12 45 33 60 98 41 85 71 45 33 60 98 41 85
71 45 33 12 33 60 98 41 85 71 45 33 60 98 41 85
71 45 33 60 12 33 60 98 41 85 71 45 33 60 98 41 85

53 42 67 5 17 80 5 53 42 67 5 17 80 5
53 42 67 5 17 80 5 53 42 6 42 67 5 17 80 5
53 42 67 5 17 80 5 53 42 67 6 42 67 5 17 80 5
53 42 67 5 17 80 5 53 42 67 6 67 5 17 80 5
53 42 67 5 17 80 5 53 42 67 5 6 67 5 17 80 5
53 42 6 42 67 5 17 80 5 53 42 67 5 17 80 5
53 42 67 6 42 67 5 17 80 5 53 42 67 5 17 80 5
53 42 67 6 67 5 17 80 5 53 42 67 5 17 80 5
53 42 67 5 6 67 5 17 80 5 53 42 67 5 17 80 5

16 52 82 94 86 39 15 16 52 82 94 86 39 15
16 52 82 94 86 39 15 16 52 13 52 82 94 86 39 15
16 52 82 94 86 39 15 16 52 82 13 52 82 94 86 39 15
16 52 82 94 86 39 15 16 52 82 13 82 94 86 39 15
16 52 82 94 86 39 15 16 52 82 94 13 82 94 86 39 15
16 52 13 52 82 94 86 39 15 16 52 82 94 86 39 15
16 52 82 13 52 82 94 86 39 15 16 52 82 94 86 39 15
16 52 82 13 82 94 86 39 15 16 52 82 94 86 39 15
16 52 82 94 13 82 94 86 39 15 16 52 82 94 86 39 15

53 10 25 46 96 76 29 53 10 25 46 96 76 29
53 10 25 46 96 76 29 53 10 6 10 25 46 96 76 29
53 10 25 46 96 76 29 53 10 25 6 10 25 46 96 76 29
53 10 25 46 96 76 29 53 10 25 6 25 46 96 76 29
53 10 25 46 96 76 29 53 10 25 46 6 25 46 96 76 29
53 10 6 10 25 46 96 76 29 53 10 25 46 96 76 29
53 10 25 6 10 25 46 96 76 29 53 10 25 46 96 76 29
53 10 25 6 25 46 96 76 29 53 10 25 46 96 76 29
53 10 25 46 6 25 46 96 76 29 53 10 25 46 96 76 29

35 50 98 92 52 97 49 35 50 98 92 52 97 49
35 50 98 92 52 97 49 35 50 5 50 98 92 52 97 49
35 50 98 92 52 97 49 35 50 98 5 50 98 92 52 97 49
35 50 98 92 52 97 49 35 50 98 5 98 92 52 97 49
35 50 98 92 52 97 49 35 50 98 92 5 98 92 52 97 49
35 50 5 50 98 92 52 97 49 35 50 98 92 52 97 49
35 50 98 5 50 98 92 52 97 49 35 50 98 92 52 97 49
35 50 98 5 98 92 52 97 49 35 50 98 92 52 97 49
35 50 98 92 5 98 92 52 97 49 35 50 98 92 52 97 49

48 78 86 88 14 16 63 48 78 86 88 14 16 63
48 78 86 88 14 16 63 48 78 19 78 86 88 14 16 63
48 78 86 88 14 16 63 48 78 86 19 78 86 88 14 16 63
48 78 86 88 14 16 63 48 78 86 19 86 88 14 16 63
48 78 86 88 14 16 63 48 78 86 88 19 86 88 14 16 63
48 78 19 78 86 88 14 16 63 48 78 86 88 14 16 63
48 78 86 19 78 86 88 14 16 63 48 78 86 88 14 16 63
48 78 86 19 86 88 14 16 63 48 78 86 88 14 16 63
48 78 86 88 19 86 88 14 16 63 48 78 86 88 14 16 63

86 52 27 44 70 76 37 86 52 27 44 70 76 37
86 52 27 44 70 76 37 86 52 14 52 27 44 70 76 37
86 52 27 44 70 76 37 86 52 27 14 52 27 44 70 76 37
86 52 27 44 70 76 37 86 52 27 14 27 44 70 76 37
86 52 27 44 70 76 37 86 52 27 44 14 27 44 70 76 37
86 52 14 52 27 44 70 76 37 86 52 27 44 70 76 37
86 52 27 14 52 27 44 70 76 37 86 52 27 44 70 76 37
86 52 27 14 27 44 70 76 37 86 52 27 44 70 76 37
86 52 27 44 14 27 44 70 76 37 86 52 27 44 70 76 37

13 59 81 45 61 56 40 13 59 81 45 61 56 40
13 59 81 45 61 56 40 13 59 20 59 81 45 61 56 40
13 59 81 45 61 56 40 13 59 81 20 59 81 45 61 56 40
13 59 81 45 61 56 40 13 59 81 20 81 45 61 56 40
13 59 81 45 61 56 40 13 59 81 45 20 81 45 61 56 40
13 59 20 59 81 45 61 56 40 13 59 81 45 61 56 40
13 59 81 20 59 81 45 61 56 40 13 59 81 45 61 56 40
13 59 81 20 81 45 61 56 40 13 59 81 45 61 56 40
13 59 81 45 20 81 45 61 56 40 13 59 81 45 61 56 40

17 7 83 96 43 45 76 17 7 83 96 43 45 76
17 7 83 96 43 45 76 17 7 14 7 83 96 43 45 76
17 7 83 96 43 45 76 17 7 83 14 7 83 96 43 45 76
17 7 83 96 43 45 76 17 7 83 14 83 96 43 45 76
17 7 83 96 43 45 76 17 7 83 96 14 83 96 43 45 76
17 7 14 7 83 96 43 45 76 17 7 83 96 43 45 76
17 7 83 14 7 83 96 43 45 76 17 7 83 96 43 45 76
17 7 83 14 83 96 43 45 76 17 7 83 96 43 45 76
17 7 83 96 14 83 96 43 45 76 17 7 83 96 43 45 76

16 75 24 59 74 78 42 16 75 24 59 74 78 42
16 75 24 59 74 78 42 16 75 10 75 24 59 74 78 42
16 75 24 59 74 78 42 16 75 24 10 75 24 59 74 78 42
16 75 24 59 74 78 42 16 75 24 10 24 59 74 78 42
16 75 24 59 74 78 42 16 75 24 59 10 24 59 74 78 42
16 75 10 75 24 59 74 78 42 16 75 24 59 74 78 42
16 75 24 10 75 24 59 74 78 42 16 75 24 59 74 78 42
16 75 24 10 24 59 74 78 42 16 75 24 59 74 78 42
16 75 24 59 10 24 59 74 78 42 16 75 24 59 74 78 42

97 30 16 96 47 8 81 97 30 16 96 47 8 81
97 30 16 96 47 8 81 97 30 13 30 16 96 47 8 81
97 30 16 96 47 8 81 97 30 16 13 30 16 96 47 8 81
97 30 16 96 47 8 81 97 30 16 13 16 96 47 8 81
97 30 16 96 47 8 81 97 30 16 96 13 16 96 47 8 81
97 30 13 30 16 96 47 8 81 97 30 16 96 47 8 81
97 30 16 13 30 16 96 47 8 81 97 30 16 96 47 8 81
97 30 16 13 16 96 47 8 81 97 30 16 96 47 8 81
97 30 16 96 13 16 96 47 8 81 97 30 16 96 47 8 81

33 35 63 81 38 35 96 33 35 63 81 38 35 96
33 35 63 81 38 35 96 33 35 14 35 63 81 38 35 96
33 35 63 81 38 35 96 33 35 63 14 35 63 81 38 35 96
33 35 63 81 38 35 96 33 35 63 14 63 81 38 35 96
33 35 63 81 38 35 96 33 35 63 81 14 63 81 38 35 96
33 35 14 35 63 81 38 35 96 33 35 63 81 38 35 96
33 35 63 14 35 63 81 38 35 96 33 35 63 81 38 35 96
33 35 63 14 63 81 38 35 96 33 35 63 81 38 35 96
33 35 63 81 14 63 81 38 35 96 33 35 63 81 38 35 96

5 71 85 93 42 87 68 5 71 85 93 42 87 68
5 71 85 93 42 87 68 5 71 11 71 85 93 42 87 68
5 71 85 93 42 87 68 5 71 85 11 71 85 93 42 87 68
5 71 85 93 42 87 68 5 71 85 11 85 93 42 87 68
5 71 85 93 42 87 68 5 71 85 93 11 85 93 42 87 68
5 71 11 71 85 93 42 87 68 5 71 85 93 42 87 68
5 71 85 11 71 85 93 42 87 68 5 71 85 93 42 87 68
5 71 85 11 85 93 42 87 68 5 71 85 93 42 87 68
5 71 85 93 11 85 93 42 87 68 5 71 85 93 42 87 68

32 99 28 11 8 21 94 32 99 28 11 8 21 94
32 99 28 11 8 21 94 32 99 17 99 28 11 8 21 94
32 99 28 11 8 21 94 32 99 28 17 99 28 11 8 21 94
32 99 28 11 8 21 94 32 99 28 17 28 11 8 21 94
32 99 28 11 8 21 94 32 99 28 11 17 28 11 8 21 94
32 99 17 99 28 11 8 21 94 32 99 28 11 8 21 94
32 99 28 17 99 28 11 8 21 94 32 99 28 11 8 21 94
32 99 28 17 28 11 8 21 94 32 99 28 11 8 21 94
32 99 28 11 17 28 11 8 21 94 32 99 28 11 8 21 94

58 98 52 69 9 32 86 58 98 52 69 9 32 86
58 98 52 69 9 32 86 58 98 14 98 52 69 9 32 86
58 98 52 69 9 32 86 58 98 52 14 98 52 69 9 32 86
58 98 52 69 9 32 86 58 98 52 14 52 69 9 32 86
58 98 52 69 9 32 86 58 98 52 69 14 52 69 9 32 86
58 98 14 98 52 69 9 32 86 58 98 52 69 9 32 86
58 98 52 14 98 52 69 9 32 86 58 98 52 69 9 32 86
58 98 52 14 52 69 9 32 86 58 98 52 69 9 32 86
58 98 52 69 14 52 69 9 32 86 58 98 52 69 9 32 86

38 95 31 37 53 6 20 38 95 31 37 53 6 20
38 95 31 37 53 6 20 38 95 9 95 31 37 53 6 20
38 95 31 37 53 6 20 38 95 31 9 95 31 37 53 6 20
38 95 31 37 53 6 20 38 95 31 9 31 37 53 6 20
38 95 31 37 53 6 20 38 95 31 37 9 31 37 53 6 20
38 95 9 95 31 37 53 6 20 38 95 31 37 53 6 20
38 95 31 9 95 31 37 53 6 20 38 95 31 37 53 6 20
38 95 31 9 31 37 53 6 20 38 95 31 37 53 6 20
38 95 31 37 9 31 37 53 6 20 38 95 31 37 53 6 20

85 26 56 34 91 43 77 85 26 56 34 91 43 77
85 26 56 34 91 43 77 85 26 13 26 56 34 91 43 77
85 26 56 34 91 43 77 85 26 56 13 26 56 34 91 43 77
85 26 56 34 91 43 77 85 26 56 13 56 34 91 43 77
85 26 56 34 91 43 77 85 26 56 34 13 56 34 91 43 77
85 26 13 26 56 34 91 43 77 85 26 56 34 91 43 77
85 26 56 13 26 56 34 91 43 77 85 26 56 34 91 43 77
85 26 56 13 56 34 91 43 77 85 26 56 34 91 43 77
85 26 56 34 13 56 34 91 43 77 85 26 56 34 91 43 77

74 9 96 54 89 52 15 74 9 96 54 89 52 15
74 9 96 54 89 52 15 74 9 6 9 96 54 89 52 15
74 9 96 54 89 52 15 74 9 96 6 9 96 54 89 52 15
74 9 96 54 89 52 15 74 9 96 6 96 54 89 52 15
74 9 96 54 89 52 15 74 9 96 54 6 96 54 89 52 15
74 9 6 9 96 54 89 52 15 74 9 96 54 89 52 15
74 9 96 6 9 96 54 89 52 15 74 9 96 54 89 52 15
74 9 96 6 96 54 89 52 15 74 9 96 54 89 52 15
74 9 96 54 6 96 54 89 52 15 74 9 96 54 89 52 15

86 58 84 50 13 19 14 86 58 84 50 13 19 14
86 58 84 50 13 19 14 86 58 10 58 84 50 13 19 14
86 58 84 50 13 19 14 86 58 84 10 58 84 50 13 19 14
86 58 84 50 13 19 14 86 58 84 10 84 50 13 19 14
86 58 84 50 13 19 14 86 58 84 50 10 84 50 13 19 14
86 58 10 58 84 50 13 19 14 86 58 84 50 13 19 14
86 58 84 10 58 84 50 13 19 14 86 58 84 50 13 19 14
86 58 84 10 84 50 13 19 14 86 58 84 50 13 19 14
86 58 84 50 10 84 50 13 19 14 86 58 84 50 13 19 14

5 71 92 65 49 93 51 5 71 92 65 49 93 51
5 71 92 65 49 93 51 5 71 18 71 92 65 49 93 51
5 71 92 65 49 93 51 5 71 92 18 71 92 65 49 93 51
5 71 92 65 49 93 51 5 71 92 18 92 65 49 93 51
5 71 92 65 49 93 51 5 71 92 65 18 92 65 49 93 51
5 71 18 71 92 65 49 93 51 5 71 92 65 49 93 51
5 71 92 18 71 92 65 49 93 51 5 71 92 65 49 93 51
5 71 92 18 92 65 49 93 51 5 71 92 65 49 93 51
5 71 92 65 18 92 65 49 93 51 5 71 92 65 49 93 51

42 32 53 32 75 65 84 42 32 53 32 75 65 84
42 32 53 32 75 65 84 42 32 15 32 53 32 75 65 84
42 32 53 32 75 65 84 42 32 53 15 32 53 32 75 65 84
42 32 53 32 75 65 84 42 32 53 15 53 32 75 65 84
42 32 53 32 75 65 84 42 32 53 32 15 53 32 75 65 84
42 32 15 32 53 32 75 65 84 42 32 53 32 75 65 84
42 32 53 15 32 53 32 75 65 84 42 32 53 32 75 65 84
42 32 53 15 53 32 75 65 84 42 32 53 32 75 65 84
42 32 53 32 15 53 32 75 65 84 42 32 53 32 75 65 84

31 37 30 43 60 76 18 31 37 30 43 60 76 18
31 37 30 43 60 76 18 31 37 12 37 30 43 60 76 18
31 37 30 43 60 76 18 31 37 30 12 37 30 43 60 76 18
31 37 30 43 60 76 18 31 37 30 12 30 43 60 76 18
31 37 30 43 60 76 18 31 37 30 43 12 30 43 60 76 18
31 37 12 37 30 43 60 76 18 31 37 30 43 60 76 18
31 37 30 12 37 30 43 60 76 18 31 37 30 43 60 76 18
31 37 30 12 30 43 60 76 18 31 37 30 43 60 76 18
31 37 30 43 12 30 43 60 76 18 31 37 30 43 60 76 18

98 83 42 71 87 67 46 98 83 42 71 87 67 46
98 83 42 71 87 67 46 98 83 16 83 42 71 87 67 46
98 83 42 71 87 67 46 98 83 42 16 83 42 71 87 67 46
98 83 42 71 87 67 46 98 83 42 16 42 71 87 67 46
98 83 42 71 87 67 46 98 83 42 71 16 42 71 87 67 46
98 83 16 83 42 71 87 67 46 98 83 42 71 87 67 46
98 83 42 16 83 42 71 87 67 46 98 83 42 71 87 67 46
98 83 42 16 42 71 87 67 46 98 83 42 71 87 67 46
98 83 42 71 16 42 71 87 67 46 98 83 42 71 87 67 46

41 78 78 49 99 67 90 41 78 78 49 99 67 90
41 78 78 49 99 67 90 41 78 5 78 78 49 99 67 90
41 78 78 49 99 67 90 41 78 78 5 78 78 49 99 67 90
41 78 78 49 99 67 90 41 78 78 5 78 49 99 67 90
41 78 78 49 99 67 90 41 78 78 49 5 78 49 99 67 90
41 78 5 78 78 49 99 67 90 41 78 78 49 99 67 90
41 78 78 5 78 78 49 99 67 90 41 78 78 49 99 67 90
41 78 78 5 78 49 99 67 90 41 78 78 49 99 67 90
41 78 78 49 5 78 49 99 67 90 41 78 78 49 99 67 90

42 53 78 30 29 99 11 42 53 78 30 29 99 11
42 53 78 30 29 99 11 42 53 15 53 78 30 29 99 11
42 53 78 30 29 99 11 42 53 78 15 53 78 30 29 99 11
42 53 78 30 29 99 11 42 53 78 15 78 30 29 99 11
42 53 78 30 29 99 11 42 53 78 30 15 78 30 29 99 11
42 53 15 53 78 30 29 99 11 42 53 78 30 29 99 11
42 53 78 15 53 78 30 29 99 11 42 53 78 30 29 99 11
42 53 78 15 78 30 29 99 11 42 53 78 30 29 99 11
42 53 78 30 15 78 30 29 99 11 42 53 78 30 29 99 11

91 33 82 63 38 45 26 91 33 82 63 38 45 26
91 33 82 63 38 45 26 91 33 5 33 82 63 38 45 26
91 33 82 63 38 45 26 91 33 82 5 33 82 63 38 45 26
91 33 82 63 38 45 26 91 33 82 5 82 63 38 45 26
91 33 82 63 38 45 26 91 33 82 63 5 82 63 38 45 26
91 33 5 33 82 63 38 45 26 91 33 82 63 38 45 26
91 33 82 5 33 82 63 38 45 26 91 33 82 63 38 45 26
91 33 82 5 82 63 38 45 26 91 33 82 63 38 45 26
91 33 82 63 5 82 63 38 45 26 91 33 82 63 38 45 26

13 34 63 88 64 86 35 13 34 63 88 64 86 35
13 34 63 88 64 86 35 13 34 11 34 63 88 64 86 35
13 34 63 88 64 86 35 13 34 63 11 34 63 88 64 86 35
13 34 63 88 64 86 35 13 34 63 11 63 88 64 86 35
13 34 63 88 64 86 35 13 34 63 88 11 63 88 64 86 35
13 34 11 34 63 88 64 86 35 13 34 63 88 64 86 35
13 34 63 11 34 63 88 64 86 35 13 34 63 88 64 86 35
13 34 63 11 63 88 64 86 35 13 34 63 88 64 86 35
13 34 63 88 11 63 88 64 86 35 13 34 63 88 64 86 35

38 17 35 39 32 8 84 38 17 35 39 32 8 84
38 17 35 39 32 8 84 38 17 6 17 35 39 32 8 84
38 17 35 39 32 8 84 38 17 35 6 17 35 39 32 8 84
38 17 35 39 32 8 84 38 17 35 6 35 39 32 8 84
38 17 35 39 32 8 84 38 17 35 39 6 35 39 32 8 84
38 17 6 17 35 39 32 8 84 38 17 35 39 32 8 84
38 17 35 6 17 35 39 32 8 84 38 17 35 39 32 8 84
38 17 35 6 35 39 32 8 84 38 17 35 39 32 8 84
38 17 35 39 6 35 39 32 8 84 38 17 35 39 32 8 84

20 91 100 26 15 89 60 20 91 100 26 15 89 60
20 91 100 26 15 89 60 20 91 19 91 100 26 15 89 60
20 91 100 26 15 89 60 20 91 100 19 91 100 26 15 89 60
20 91 100 26 15 89 60 20 91 100 19 100 26 15 89 60
20 91 100 26 15 89 60 20 91 100 26 19 100 26 15 89 60
20 91 19 91 100 26 15 89 60 20 91 100 26 15 89 60
20 91 100 19 91 100 26 15 89 60 20 91 100 26 15 89 60
20 91 100 19 100 26 15 89 60 20 91 100 26 15 89 60
20 91 100 26 19 100 26 15 89 60 20 91 100 26 15 89 60

20 10 38 22 28 56 91 20 10 38 22 28 56 91
20 10 38 22 28 56 91 20 10 11 10 38 22 28 56 91
20 10 38 22 28 56 91 20 10 38 11 10 38 22 28 56 91
20 10 38 22 28 56 91 20 10 38 11 38 22 28 56 91
20 10 38 22 28 56 91 20 10 38 22 11 38 22 28 56 91
20 10 11 10 38 22 28 56 91 20 10 38 22 28 56 91
20 10 38 11 10 38 22 28 56 91 20 10 38 22 28 56 91
20 10 38 11 38 22 28 56 91 20 10 38 22 28 56 91
20 10 38 22 11 38 22 28 56 91 20 10 38 22 28 56 91

86 80 46 30 56 34 54 86 80 46 30 56 34 54
86 80 46 30 56 34 54 86 80 14 80 46 30 56 34 54
86 80 46 30 56 34 54 86 80 46 14 80 46 30 56 34 54
86 80 46 30 56 34 54 86 80 46 14 46 30 56 34 54
86 80 46 30 56 34 54 86 80 46 30 14 46 30 56 34 54
86 80 14 80 46 30 56 34 54 86 80 46 30 56 34 54
86 80 46 14 80 46 30 56 34 54 86 80 46 30 56 34 54
86 80 46 14 46 30 56 34 54 86 80 46 30 56 34 54
86 80 46 30 14 46 30 56 34 54 86 80 46 30 56 34 54

27 35 97 70 20 13 38 27 35 97 70 20 13 38
27 35 97 70 20 13 38 27 35 11 35 97 70 20 13 38
27 35 97 70 20 13 38 27 35 97 11 35 97 70 20 13 38
27 35 97 70 20 13 38 27 35 97 11 97 70 20 13 38
27 35 97 70 20 13 38 27 35 97 70 11 97 70 20 13 38
27 35 11 35 97 70 20 13 38 27 35 97 70 20 13 38
27 35 97 11 35 97 70 20 13 38 27 35 97 70 20 13 38
27 35 97 11 97 70 20 13 38 27 35 97 70 20 13 38
27 35 97 70 11 97 70 20 13 38 27 35 97 70 20 13 38

29 29 58 10 17 9 19 29 29 58 10 17 9 19
29 29 58 10 17 9 19 29 29 5 29 58 10 17 9 19
29 29 58 10 17 9 19 29 29 58 5 29 58 10 17 9 19
29 29 58 10 17 9 19 29 29 58 5 58 10 17 9 19
29 29 58 10 17 9 19 29 29 58 10 5 58 10 17 9 19
29 29 5 29 58 10 17 9 19 29 29 58 10 17 9 19
29 29 58 5 29 58 10 17 9 19 29 29 58 10 17 9 19
29 29 58 5 58 10 17 9 19 29 29 58 10 17 9 19
29 29 58 10 5 58 10 17 9 19 29 29 58 10 17 9 19

28 62 56 60 23 83 32 28 62 56 60 23 83 32
28 62 56 60 23 83 32 28 62 17 62 56 60 23 83 32
28 62 56 60 23 83 32 28 62 56 17 62 56 60 23 83 32
28 62 56 60 23 83 32 28 62 56 17 56 60 23 83 32
28 62 56 60 23 83 32 28 62 56 60 17 56 60 23 83 32
28 62 17 62 56 60 23 83 32 28 62 56 60 23 83 32
28 62 56 17 62 56 60 23 83 32 28 62 56 60 23 83 32
28 62 56 17 56 60 23 83 32 28 62 56 60 23 83 32
28 62 56 60 17 56 60 23 83 32 28 62 56 60 23 83 32

85 66 80 81 73 32 70 85 66 80 81 73 32 70
85 66 80 81 73 32 70 85 66 18 66 80 81 73 32 70
85 66 80 81 73 32 70 85 66 80 18 66 80 81 73 32 70
85 66 80 81 73 32 70 85 66 80 18 80 81 73 32 70
85 66 80 81 73 32 70 85 66 80 81 18 80 81 73 32 70
85 66 18 66 80 81 73 32 70 85 66 80 81 73 32 70
85 66 80 18 66 80 81 73 32 70 85 66 80 81 73 32 70
85 66 80 18 80 81 73 32 70 85 66 80 81 73 32 70
85 66 80 81 18 80 81 73 32 70 85 66 80 81 73 32 70

77 70 7 47 32 23 70 77 70 7 47 32 23 70
77 70 7 47 32 23 70 77 70 19 70 7 47 32 23 70
77 70 7 47 32 23 70 77 70 7 19 70 7 47 32 23 70
77 70 7 47 32 23 70 77 70 7 19 7 47 32 23 70
77 70 7 47 32 23 70 77 70 7 47 19 7 47 32 23 70
77 70 19 70 7 47 32 23 70 77 70 7 47 32 23 70
77 70 7 19 70 7 47 32 23 70 77 70 7 47 32 23 70
77 70 7 19 7 47 32 23 70 77 70 7 47 32 23 70
77 70 7 47 19 7 47 32 23 70 77 70 7 47 32 23 70

36 56 53 31 8 16 75 36 56 53 31 8 16 75
36 56 53 31 8 16 75 36 56 14 56 53 31 8 16 75
36 56 53 31 8 16 75 36 56 53 14 56 53 31 8 16 75
36 56 53 31 8 16 75 36 56 53 14 53 31 8 16 75
36 56 53 31 8 16 75 36 56 53 31 14 53 31 8 16 75
36 56 14 56 53 31 8 16 75 36 56 53 31 8 16 75
36 56 53 14 56 53 31 8 16 75 36 56 53 31 8 16 75
36 56 53 14 53 31 8 16 75 36 56 53 31 8 16 75
36 56 53 31 14 53 31 8 16 75 36 56 53 31 8 16 75

29 13 73 60 67 37 58 29 13 73 60 67 37 58
29 13 73 60 67 37 58 29 13 9 13 73 60 67 37 58
29 13 73 60 67 37 58 29 13 73 9 13 73 60 67 37 58
29 13 73 60 67 37 58 29 13 73 9 73 60 67 37 58
29 13 73 60 67 37 58 29 13 73 60 9 73 60 67 37 58
29 13 9 13 73 60 67 37 58 29 13 73 60 67 37 58
29 13 73 9 13 73 60 67 37 58 29 13 73 60 67 37 58
29 13 73 9 73 60 67 37 58 29 13 73 60 67 37 58
29 13 73 60 9 73 60 67 37 58 29 13 73 60 67 37 58

28 57 68 30 47 56 66 28 57 68 30 47 56 66
28 57 68 30 47 56 66 28 57 18 57 68 30 47 56 66
28 57 68 30 47 56 66 28 57 68 18 57 68 30 47 56 66
28 57 68 30 47 56 66 28 57 68 18 68 30 47 56 66
28 57 68 30 47 56 66 28 57 68 30 18 68 30 47 56 66
28 57 18 57 68 30 47 56 66 28 57 68 30 47 56 66
28 57 68 18 57 68 30 47 56 66 28 57 68 30 47 56 66
28 57 68 18 68 30 47 56 66 28 57 68 30 47 56 66
28 57 68 30 18 68 30 47 56 66 28 57 68 30 47 56 66

79 76 14 16 46 13 92 79 76 14 16 46 13 92
79 76 14 16 46 13 92 79 76 19 76 14 16 46 13 92
79 76 14 16 46 13 92 79 76 14 19 76 14 16 46 13 92
79 76 14 16 46 13 92 79 76 14 19 14 16 46 13 92
79 76 14 16 46 13 92 79 76 14 16 19 14 16 46 13 92
79 76 19 76 14 16 46 13 92 79 76 14 16 46 13 92
79 76 14 19 76 14 16 46 13 92 79 76 14 16 46 13 92
79 76 14 19 14 16 46 13 92 79 76 14 16 46 13 92
79 76 14 16 19 14 16 46 13 92 79 76 14 16 46 13 92

51 57 40 88 82 27 8 51 57 40 88 82 27 8
51 57 40 88 82 27 8 51 57 7 57 40 88 82 27 8
51 57 40 88 82 27 8 51 57 40 7 57 40 88 82 27 8
51 57 40 88 82 27 8 51 57 40 7 40 88 82 27 8
51 57 40 88 82 27 8 51 57 40 88 7 40 88 82 27 8
51 57 7 57 40 88 82 27 8 51 57 40 88 82 27 8
51 57 40 7 57 40 88 82 27 8 51 57 40 88 82 27 8
51 57 40 7 40 88 82 27 8 51 57 40 88 82 27 8
51 57 40 88 7 40 88 82 27 8 51 57 40 88 82 27 8

58 27 71 29 47 37 19 58 27 71 29 47 37 19
58 27 71 29 47 37 19 58 27 19 27 71 29 47 37 19
58 27 71 29 47 37 19 58 27 71 19 27 71 29 47 37 19
58 27 71 29 47 37 19 58 27 71 19 71 29 47 37 19
58 27 71 29 47 37 19 58 27 71 29 19 71 29 47 37 19
58 27 19 27 71 29 47 37 19 58 27 71 29 47 37 19
58 27 71 19 27 71 29 47 37 19 58 27 71 29 47 37 19
58 27 71 19 71 29 47 37 19 58 27 71 29 47 37 19
58 27 71 29 19 71 29 47 37 19 58 27 71 29 47 37 19

19 5 64 16 72 46 70 19 5 64 16 72 46 70
19 5 64 16 72 46 70 19 5 17 5 64 16 72 46 70
19 5 64 16 72 46 70 19 5 64 17 5 64 16 72 46 70
19 5 64 16 72 46 70 19 5 64 17 64 16 72 46 70
19 5 64 16 72 46 70 19 5 64 16 17 64 16 72 46 70
19 5 17 5 64 16 72 46 70 19 5 64 16 72 46 70
19 5 64 17 5 64 16 72 46 70 19 5 64 16 72 46 70
19 5 64 17 64 16 72 46 70 19 5 64 16 72 46 70
19 5 64 16 17 64 16 72 46 70 19 5 64 16 72 46 70

53 51 64 58 56 26 17 53 51 64 58 56 26 17
53 51 64 58 56 26 17 53 51 9 51 64 58 56 26 17
53 51 64 58 56 26 17 53 51 64 9 51 64 58 56 26 17
53 51 64 58 56 26 17 53 51 64 9 64 58 56 26 17
53 51 64 58 56 26 17 53 51 64 58 9 64 58 56 26 17
53 51 9 51 64 58 56 26 17 53 51 64 58 56 26 17
53 51 64 9 51 64 58 56 26 17 53 51 64 58 56 26 17
53 51 64 9 64 58 56 26 17 53 51 64 58 56 26 17
53 51 64 58 9 64 58 56 26 17 53 51 64 58 56 26 17

11 33 71 6 56 15 40 11 33 71 6 56 15 40
11 33 71 6 56 15 40 11 33 7 33 71 6 56 15 40
11 33 71 6 56 15 40 11 33 71 7 33 71 6 56 15 40
11 33 71 6 56 15 40 11 33 71 7 71 6 56 15 40
11 33 71 6 56 15 40 11 33 71 6 7 71 6 56 15 40
11 33 7 33 71 6 56 15 40 11 33 71 6 56 15 40
11 33 71 7 33 71 6 56 15 40 11 33 71 6 56 15 40
11 33 71 7 71 6 56 15 40 11 33 71 6 56 15 40
11 33 71 6 7 71 6 56 15 40 11 33 71 6 56 15 40

42 24 93 24 98 91 56 42 24 93 24 98 91 56
42 24 93 24 98 91 56 42 24 16 24 93 24 98 91 56
42 24 93 24 98 91 56 42 24 93 16 24 93 24 98 91 56
42 24 93 24 98 91 56 42 24 93 16 93 24 98 91 56
42 24 93 24 98 91 56 42 24 93 24 16 93 24 98 91 56
42 24 16 24 93 24 98 91 56 42 24 93 24 98 91 56
42 24 93 16 24 93 24 98 91 56 42 24 93 24 98 91 56
42 24 93 16 93 24 98 91 56 42 24 93 24 98 91 56
42 24 93 24 16 93 24 98 91 56 42 24 93 24 98 91 56

46 48 7 56 15 72 19 46 48 7 56 15 72 19
46 48 7 56 15 72 19 46 48 18 48 7 56 15 72 19
46 48 7 56 15 72 19 46 48 7 18 48 7 56 15 72 19
46 48 7 56 15 72 19 46 48 7 18 7 56 15 72 19
46 48 7 56 15 72 19 46 48 7 56 18 7 56 15 72 19
46 48 18 48 7 56 15 72 19 46 48 7 56 15 72 19
46 48 7 18 48 7 56 15 72 19 46 48 7 56 15 72 19
46 48 7 18 7 56 15 72 19 46 48 7 56 15 72 19
46 48 7 56 18 7 56 15 72 19 46 48 7 56 15 72 19

34 19 29 16 5 12 68 34 19 29 16 5 12 68
34 19 29 16 5 12 68 34 19 15 19 29 16 5 12 68
34 19 29 16 5 12 68 34 19 29 15 19 29 16 5 12 68
34 19 29 16 5 12 68 34 19 29 15 29 16 5 12 68
34 19 29 16 5 12 68 34 19 29 16 15 29 16 5 12 68
34 19 15 19 29 16 5 12 68 34 19 29 16 5 12 68
34 19 29 15 19 29 16 5 12 68 34 19 29 16 5 12 68
34 19 29 15 29 16 5 12 68 34 19 29 16 5 12 68
34 19 29 16 15 29 16 5 12 68 34 19 29 16 5 12 68

83 56 91 76 38 37 54 83 56 91 76 38 37 54
83 56 91 76 38 37 54 83 56 12 56 91 76 38 37 54
83 56 91 76 38 37 54 83 56 91 12 56 91 76 38 37 54
83 56 91 76 38 37 54 83 56 91 12 91 76 38 37 54
83 56 91 76 38 37 54 83 56 91 76 12 91 76 38 37 54
83 56 12 56 91 76 38 37 54 83 56 91 76 38 37 54
83 56 91 12 56 91 76 38 37 54 83 56 91 76 38 37 54
83 56 91 12 91 76 38 37 54 83 56 91 76 38 37 54
83 56 91 76 12 91 76 38 37 54 83 56 91 76 38 37 54

48 66 13 100 71 36 31 48 66 13 100 71 36 31
48 66 13 100 71 36 31 48 66 11 66 13 100 71 36 31
48 66 13 100 71 36 31 48 66 13 11 66 13 100 71 36 31
48 66 13 100 71 36 31 48 66 13 11 13 100 71 36 31
48 66 13 100 71 36 31 48 66 13 100 11 13 100 71 36 31
48 66 11 66 13 100 71 36 31 48 66 13 100 71 36 31
48 66 13 11 66 13 100 71 36 31 48 66 13 100 71 36 31
48 66 13 11 13 100 71 36 31 48 66 13 100 71 36 31
48 66 13 100 11 13 100 71 36 31 48 66 13 100 71 36 31

13 66 42 8 87 56 42 13 66 42 8 87 56 42
13 66 42 8 87 56 42 13 66 13 66 42 8 87 56 42
13 66 42 8 87 56 42 13 66 42 13 66 42 8 87 56 42
13 66 42 8 87 56 42 13 66 42 13 42 8 87 56 42
13 66 42 8 87 56 42 13 66 42 8 13 42 8 87 56 42
13 66 13 66 42 8 87 56 42 13 66 42 8 87 56 42
13 66 42 13 66 42 8 87 56 42 13 66 42 8 87 56 42
13 66 42 13 42 8 87 56 42 13 66 42 8 87 56 42
13 66 42 8 13 42 8 87 56 42 13 66 42 8 87 56 42

11 94 60 12 70 21 5 11 94 60 12 70 21 5
11 94 60 12 70 21 5 11 94 9 94 60 12 70 21 5
11 94 60 12 70 21 5 11 94 60 9 94 60 12 70 21 5
11 94 60 12 70 21 5 11 94 60 9 60 12 70 21 5
11 94 60 12 70 21 5 11 94 60 12 9 60 12 70 21 5
11 94 9 94 60 12 70 21 5 11 94 60 12 70 21 5
11 94 60 9 94 60 12 70 21 5 11 94 60 12 70 21 5
11 94 60 9 60 12 70 21 5 11 94 60 12 70 21 5
11 94 60 12 9 60 12 70 21 5 11 94 60 12 70 21 5

39 35 30 17 22 5 66 39 35 30 17 22 5 66
39 35 30 17 22 5 66 39 35 5 35 30 17 22 5 66
39 35 30 17 22 5 66 39 35 30 5 35 30 17 22 5 66
39 35 30 17 22 5 66 39 35 30 5 30 17 22 5 66
39 35 30 17 22 5 66 39 35 30 17 5 30 17 22 5 66
39 35 5 35 30 17 22 5 66 39 35 30 17 22 5 66
39 35 30 5 35 30 17 22 5 66 39 35 30 17 22 5 66
39 35 30 5 30 17 22 5 66 39 35 30 17 22 5 66
39 35 30 17 5 30 17 22 5 66 39 35 30 17 22 5 66

19 92 8 14 37 98 82 19 92 8 14 37 98 82
19 92 8 14 37 98 82 19 92 5 92 8 14 37 98 82
19 92 8 14 37 98 82 19 92 8 5 92 8 14 37 98 82
19 92 8 14 37 98 82 19 92 8 5 8 14 37 98 82
19 92 8 14 37 98 82 19 92 8 14 5 8 14 37 98 82
19 92 5 92 8 14 37 98 82 19 92 8 14 37 98 82
19 92 8 5 92 8 14 37 98 82 19 92 8 14 37 98 82
19 92 8 5 8 14 37 98 82 19 92 8 14 37 98 82
19 92 8 14 5 8 14 37 98 82 19 92 8 14 37 98 82

8 5 75 71 52 81 25 8 5 75 71 52 81 25
8 5 75 71 52 81 25 8 5 18 5 75 71 52 81 25
8 5 75 71 52 81 25 8 5 75 18 5 75 71 52 81 25
8 5 75 71 52 81 25 8 5 75 18 75 71 52 81 25
8 5 75 71 52 81 25 8 5 75 71 18 75 71 52 81 25
8 5 18 5 75 71 52 81 25 8 5 75 71 52 81 25
8 5 75 18 5 75 71 52 81 25 8 5 75 71 52 81 25
8 5 75 18 75 71 52 81 25 8 5 75 71 52 81 25
8 5 75 71 18 75 71 52 81 25 8 5 75 71 52 81 25

9 66 76 78 91 57 31 9 66 76 78 91 57 31
9 66 76 78 91 57 31 9 66 12 66 76 78 91 57 31
9 66 76 78 91 57 31 9 66 76 12 66 76 78 91 57 31
9 66 76 78 91 57 31 9 66 76 12 76 78 91 57 31
9 66 76 78 91 57 31 9 66 76 78 12 76 78 91 57 31
9 66 12 66 76 78 91 57 31 9 66 76 78 91 57 31
9 66 76 12 66 76 78 91 57 31 9 66 76 78 91 57 31
9 66 76 12 76 78 91 57 31 9 66 76 78 91 57 31
9 66 76 78 12 76 78 91 57 31 9 66 76 78 91 57 31

36 87 13 48 13 20 94 36 87 13 48 13 20 94
36 87 13 48 13 20 94 36 87 10 87 13 48 13 20 94
36 87 13 48 13 20 94 36 87 13 10 87 13 48 13 20 94
36 87 13 48 13 20 94 36 87 13 10 13 48 13 20 94
36 87 13 48 13 20 94 36 87 13 48 10 13 48 13 20 94
36 87 10 87 13 48 13 20 94 36 87 13 48 13 20 94
36 87 13 10 87 13 48 13 20 94 36 87 13 48 13 20 94
36 87 13 10 13 48 13 20 94 36 87 13 48 13 20 94
36 87 13 48 10 13 48 13 20 94 36 87 13 48 13 20 94

12 45 15 95 66 98 35 12 45 15 95 66 98 35
12 45 15 95 66 98 35 12 45 11 45 15 95 66 98 35
12 45 15 95 66 98 35 12 45 15 11 45 15 95 66 98 35
12 45 15 95 66 98 35 12 45 15 11 15 95 66 98 35
12 45 15 95 66 98 35 12 45 15 95 11 15 95 66 98 35
12 45 11 45 15 95 66 98 35 12 45 15 95 66 98 35
12 45 15 11 45 15 95 66 98 35 12 45 15 95 66 98 35
12 45 15 11 15 95 66 98 35 12 45 15 95 66 98 35
12 45 15 95 11 15 95 66 98 35 12 45 15 95 66 98 35

5 40 87 96 16 67 39 5 40 87 96 16 67 39
5 40 87 96 16 67 39 5 40 12 40 87 96 16 67 39
5 40 87 96 16 67 39 5 40 87 12 40 87 96 16 67 39
5 40 87 96 16 67 39 5 40 87 12 87 96 16 67 39
5 40 87 96 16 67 39 5 40 87 96 12 87 96 16 67 39
5 40 12 40 87 96 16 67 39 5 40 87 96 16 67 39
5 40 87 12 40 87 96 16 67 39 5 40 87 96 16 67 39
5 40 87 12 87 96 16 67 39 5 40 87 96 16 67 39
5 40 87 96 12 87 96 16 67 39 5 40 87 96 16 67 39

75 33 90 98 13 86 63 75 33 90 98 13 86 63
75 33 90 98 13 86 63 75 33 14 33 90 98 13 86 63
75 33 90 98 13 86 63 75 33 90 14 33 90 98 13 86 63
75 33 90 98 13 86 63 75 33 90 14 90 98 13 86 63
75 33 90 98 13 86 63 75 33 90 98 14 90 98 13 86 63
75 33 14 33 90 98 13 86 63 75 33 90 98 13 86 63
75 33 90 14 33 90 98 13 86 63 75 33 90 98 13 86 63
75 33 90 14 90 98 13 86 63 75 33 90 98 13 86 63
75 33 90 98 14 90 98 13 86 63 75 33 90 98 13 86 63

18 43 93 16 58 12 61 18 43 93 16 58 12 61
18 43 93 16 58 12 61 18 43 7 43 93 16 58 12 61
18 43 93 16 58 12 61 18 43 93 7 43 93 16 58 12 61
18 43 93 16 58 12 61 18 43 93 7 93 16 58 12 61
18 43 93 16 58 12 61 18 43 93 16 7 93 16 58 12 61
18 43 7 43 93 16 58 12 61 18 43 93 16 58 12 61
18 43 93 7 43 93 16 58 12 61 18 43 93 16 58 12 61
18 43 93 7 93 16 58 12 61 18 43 93 16 58 12 61
18 43 93 16 7 93 16 58 12 61 18 43 93 16 58 12 61

10 62 56 69 55 89 22 10 62 56 69 55 89 22
10 62 56 69 55 89 22 10 62 12 62 56 69 55 89 22
10 62 56 69 55 89 22 10 62 56 12 62 56 69 55 89 22
10 62 56 69 55 89 22 10 62 56 12 56 69 55 89 22
10 62 56 69 55 89 22 10 62 56 69 12 56 69 55 89 22
10 62 12 62 56 69 55 89 22 10 62 56 69 55 89 22
10 62 56 12 62 56 69 55 89 22 10 62 56 69 55 89 22
10 62 56 12 56 69 55 89 22 10 62 56 69 55 89 22
10 62 56 69 12 56 69 55 89 22 10 62 56 69 55 89 22

29 8 77 44 25 44 79 29 8 77 44 25 44 79
29 8 77 44 25 44 79 29 8 5 8 77 44 25 44 79
29 8 77 44 25 44 79 29 8 77 5 8 77 44 25 44 79
29 8 77 44 25 44 79 29 8 77 5 77 44 25 44 79
29 8 77 44 25 44 79 29 8 77 44 5 77 44 25 44 79
29 8 5 8 77 44 25 44 79 29 8 77 44 25 44 79
29 8 77 5 8 77 44 25 44 79 29 8 77 44 25 44 79
29 8 77 5 77 44 25 44 79 29 8 77 44 25 44 79
29 8 77 44 5 77 44 25 44 79 29 8 77 44 25 44 79

99 18 45 6 28 34 87 99 18 45 6 28 34 87
99 18 45 6 28 34 87 99 18 20 18 45 6 28 34 87
99 18 45 6 28 34 87 99 18 45 20 18 45 6 28 34 87
99 18 45 6 28 34 87 99 18 45 20 45 6 28 34 87
99 18 45 6 28 34 87 99 18 45 6 20 45 6 28 34 87
99 18 20 18 45 6 28 34 87 99 18 45 6 28 34 87
99 18 45 20 18 45 6 28 34 87 99 18 45 6 28 34 87
99 18 45 20 45 6 28 34 87 99 18 45 6 28 34 87
99 18 45 6 20 45 6 28 34 87 99 18 45 6 28 34 87

59 68 71 68 93 48 97 59 68 71 68 93 48 97
59 68 71 68 93 48 97 59 68 15 68 71 68 93 48 97
59 68 71 68 93 48 97 59 68 71 15 68 71 68 93 48 97
59 68 71 68 93 48 97 59 68 71 15 71 68 93 48 97
59 68 71 68 93 48 97 59 68 71 68 15 71 68 93 48 97
59 68 15 68 71 68 93 48 97 59 68 71 68 93 48 97
59 68 71 15 68 71 68 93 48 97 59 68 71 68 93 48 97
59 68 71 15 71 68 93 48 97 59 68 71 68 93 48 97
59 68 71 68 15 71 68 93 48 97 59 68 71 68 93 48 97

79 99 88 12 22 98 46 79 99 88 12 22 98 46
79 99 88 12 22 98 46 79 99 5 99 88 12 22 98 46
79 99 88 12 22 98 46 79 99 88 5 99 88 12 22 98 46
79 99 88 12 22 98 46 79 99 88 5 88 12 22 98 46
79 99 88 12 22 98 46 79 99 88 12 5 88 12 22 98 46
79 99 5 99 88 12 22 98 46 79 99 88 12 22 98 46
79 99 88 5 99 88 12 22 98 46 79 99 88 12 22 98 46
79 99 88 5 88 12 22 98 46 79 99 88 12 22 98 46
79 99 88 12 5 88 12 22 98 46 79 99 88 12 22 98 46

34 8 74 74 18 93 55 34 8 74 74 18 93 55
34 8 74 74 18 93 55 34 8 19 8 74 74 18 93 55
34 8 74 74 18 93 55 34 8 74 19 8 74 74 18 93 55
34 8 74 74 18 93 55 34 8 74 19 74 74 18 93 55
34 8 74 74 18 93 55 34 8 74 74 19 74 74 18 93 55
34 8 19 8 74 74 18 93 55 34 8 74 74 18 93 55
34 8 74 19 8 74 74 18 93 55 34 8 74 74 18 93 55
34 8 74 19 74 74 18 93 55 34 8 74 74 18 93 55
34 8 74 74 19 74 74 18 93 55 34 8 74 74 18 93 55

28 11 59 32 41 25 67 28 11 59 32 41 25 67
28 11 59 32 41 25 67 28 11 14 11 59 32 41 25 67
28 11 59 32 41 25 67 28 11 59 14 11 59 32 41 25 67
28 11 59 32 41 25 67 28 11 59 14 59 32 41 25 67
28 11 59 32 41 25 67 28 11 59 32 14 59 32 41 25 67
28 11 14 11 59 32 41 25 67 28 11 59 32 41 25 67
28 11 59 14 11 59 32 41 25 67 28 11 59 32 41 25 67
28 11 59 14 59 32 41 25 67 28 11 59 32 41 25 67
28 11 59 32 14 59 32 41 25 67 28 11 59 32 41 25 67

