150
7
4
2

6
5
8
28
8
29
29
16
8
3
15
26
28
27
3
2
7
19
1
18
22
23
5
1
13
11
5
14
21
15
28
16
10
19
26
24
17
13
22
25
6
20
26
28
20
4
13
27
19
0
6
14
23
10
27
8
6
28
17
18
12
28
8
11
2
19
3
22
18
0
29
13
6
10
6
20
17
15
4
5
7
13
0
11
15
20
9
25
7
14
8
2
5
8
9
25
22
19
15
9
20
7
7
30
2
21
12
27
9
14
16
22
26
16
29
26
14
13
17
17
27
21
26
25
24
10
11
30
7
0
27
23
27
10
20
13
13
24
26
29
10
27
21
19
24
18
25
11
11
5

51 40 
82 78 
104 102 
77 83 
23 23 
113 88 
105 44 
94 115 
31 98 
60 102 
44 62 
66 105 
38 63 
85 84 
99 53 
88 96 
70 37 
66 33 
40 93 
83 70 
74 81 
19 91 
90 91 
79 49 
97 23 
47 46 
49 26 
117 77 
67 39 
38 85 
96 22 
68 50 
108 95 
38 55 
73 61 
61 66 
32 34 
77 105 
104 71 
95 87 
13 38 
58 39 
28 20 
77 105 
33 33 
93 68 
35 28 
28 86 
88 75 
49 43 
90 114 
62 75 
76 111 
103 65 
63 81 
53 33 
43 36 
25 85 
92 27 
98 45 
41 87 
30 79 
36 89 
86 115 
108 14 
62 120 
104 85 
21 25 
94 118 
103 93 
62 108 
44 82 
55 90 
98 38 
26 49 
37 30 
53 74 
39 74 
76 108 
42 99 
88 63 
42 79 
95 78 
16 93 
85 86 
54 96 
54 23 
86 75 
69 27 
90 69 
20 110 
42 79 
15 34 
80 31 
101 87 
33 50 
39 53 
20 66 
105 61 
56 60 
63 47 
111 107 
50 95 
30 99 
74 46 
40 107 
114 30 
77 59 
87 50 
94 39 
81 103 
67 97 
85 100 
36 41 
27 100 
69 21 
88 31 
32 39 
27 45 
87 64 
99 45 
113 96 
105 31 
67 88 
39 74 
73 64 
66 41 
109 31 
27 61 
36 62 
31 58 
69 60 
36 19 
67 82 
45 24 
102 104 
82 60 
116 83 
36 41 
19 15 
54 76 
31 81 
34 76 
86 75 
101 35 
71 39 
70 28 
112 14 
32 21 
54 77 

1164
2223
2761
1898
860
2072
1596
2001
1297
2008
1804
1757
1579
1491
1417
2132
2034
1760
2131
1877
1825
1407
2172
1920
1829
1781
1557
2197
1278
1833
1807
1411
1792
1733
2268
1864
1863
1865
2792
2605
1887
1700
1660
1911
1799
2226
1154
1826
1831
1632
2218
1659
2355
2363
2161
1445
1581
1600
1517
1945
2000
1242
1453
2241
2023
2416
1826
1358
2301
2020
1803
1925
1890
1726
2019
1390
2165
1614
2033
1998
1882
1879
2025
1948
2257
2097
2186
2025
868
1733
1912
1542
1259
1685
2067
1257
2298
1653
2423
1518
2421
2827
1132
2222
1866
2125
1786
1764
1457
2063
2836
1912
1819
1890
1815
1265
2382
1855
1401
1324
2139
3144
1434
1671
1776
1407
1292
1605
2040
1596
1850
2213
1218
2344
1810
2150
1839
1782
1731
1823
1571
1853
1441
2408
2287
2342
1368
1430
1290
1802

1 2 3 4 5 1 2 3 4 5 6 7
1 2 3 4 5 1 2 100 102 3 4 5 6 7
1 2 3 4 5 1 2 3 100 102 103 4 5 6 7
1 2 3 4 5 1 2 3 100 103 4 5 6 7
1 2 3 4 5 1 2 3 4 100 103 104 5 6 7
1 2 100 102 3 4 5 1 2 3 4 5 6 7
1 2 3 100 102 103 4 5 1 2 3 4 5 6 7
1 2 3 100 103 4 5 1 2 3 4 5 6 7
1 2 3 4 100 103 104 5 1 2 3 4 5 6 7

13 35 41 32 60 16 25 13 35 41 32 60 16 25
13 35 41 32 60 16 25 13 35 13 35 41 32 60 16 25
13 35 41 32 60 16 25 13 35 41 13 35 41 32 60 16 25
13 35 41 32 60 16 25 13 35 41 13 41 32 60 16 25
13 35 41 32 60 16 25 13 35 41 32 13 41 32 60 16 25
13 35 13 35 41 32 60 16 25 13 35 41 32 60 16 25
13 35 41 13 35 41 32 60 16 25 13 35 41 32 60 16 25
13 35 41 13 41 32 60 16 25 13 35 41 32 60 16 25
13 35 41 32 13 41 32 60 16 25 13 35 41 32 60 16 25

60 94 69 63 70 58 7 60 94 69 63 70 58 7
60 94 69 63 70 58 7 60 94 17 94 69 63 70 58 7
60 94 69 63 70 58 7 60 94 69 17 94 69 63 70 58 7
60 94 69 63 70 58 7 60 94 69 17 69 63 70 58 7
60 94 69 63 70 58 7 60 94 69 63 17 69 63 70 58 7
60 94 17 94 69 63 70 58 7 60 94 69 63 70 58 7
60 94 69 17 94 69 63 70 58 7 60 94 69 63 70 58 7
60 94 69 17 69 63 70 58 7 60 94 69 63 70 58 7
60 94 69 63 17 69 63 70 58 7 60 94 69 63 70 58 7

69 78 97 84 86 54 70 69 78 97 84 86 54 70
69 78 97 84 86 54 70 69 78 5 78 97 84 86 54 70
69 78 97 84 86 54 70 69 78 97 5 78 97 84 86 54 70
69 78 97 84 86 54 70 69 78 97 5 97 84 86 54 70
69 78 97 84 86 54 70 69 78 97 84 5 97 84 86 54 70
69 78 5 78 97 84 86 54 70 69 78 97 84 86 54 70
69 78 97 5 78 97 84 86 54 70 69 78 97 84 86 54 70
69 78 97 5 97 84 86 54 70 69 78 97 84 86 54 70
69 78 97 84 5 97 84 86 54 70 69 78 97 84 86 54 70

81 29 69 77 18 74 20 81 29 69 77 18 74 20
81 29 69 77 18 74 20 81 29 9 29 69 77 18 74 20
81 29 69 77 18 74 20 81 29 69 9 29 69 77 18 74 20
81 29 69 77 18 74 20 81 29 69 9 69 77 18 74 20
81 29 69 77 18 74 20 81 29 69 77 9 69 77 18 74 20
81 29 9 29 69 77 18 74 20 81 29 69 77 18 74 20
81 29 69 9 29 69 77 18 74 20 81 29 69 77 18 74 20
81 29 69 9 69 77 18 74 20 81 29 69 77 18 74 20
81 29 69 77 9 69 77 18 74 20 81 29 69 77 18 74 20

20 32 7 7 59 41 8 20 32 7 7 59 41 8
20 32 7 7 59 41 8 20 32 6 32 7 7 59 41 8
20 32 7 7 59 41 8 20 32 7 6 32 7 7 59 41 8
20 32 7 7 59 41 8 20 32 7 6 7 7 59 41 8
20 32 7 7 59 41 8 20 32 7 7 6 7 7 59 41 8
20 32 6 32 7 7 59 41 8 20 32 7 7 59 41 8
20 32 7 6 32 7 7 59 41 8 20 32 7 7 59 41 8
20 32 7 6 7 7 59 41 8 20 32 7 7 59 41 8
20 32 7 7 6 7 7 59 41 8 20 32 7 7 59 41 8

33 19 98 68 80 46 64 33 19 98 68 80 46 64
33 19 98 68 80 46 64 33 19 9 19 98 68 80 46 64
33 19 98 68 80 46 64 33 19 98 9 19 98 68 80 46 64
33 19 98 68 80 46 64 33 19 98 9 98 68 80 46 64
33 19 98 68 80 46 64 33 19 98 68 9 98 68 80 46 64
33 19 9 19 98 68 80 46 64 33 19 98 68 80 46 64
33 19 98 9 19 98 68 80 46 64 33 19 98 68 80 46 64
33 19 98 9 98 68 80 46 64 33 19 98 68 80 46 64
33 19 98 68 9 98 68 80 46 64 33 19 98 68 80 46 64

25 51 87 31 36 52 37 25 51 87 31 36 52 37
25 51 87 31 36 52 37 25 51 5 51 87 31 36 52 37
25 51 87 31 36 52 37 25 51 87 5 51 87 31 36 52 37
25 51 87 31 36 52 37 25 51 87 5 87 31 36 52 37
25 51 87 31 36 52 37 25 51 87 31 5 87 31 36 52 37
25 51 5 51 87 31 36 52 37 25 51 87 31 36 52 37
25 51 87 5 51 87 31 36 52 37 25 51 87 31 36 52 37
25 51 87 5 87 31 36 52 37 25 51 87 31 36 52 37
25 51 87 31 5 87 31 36 52 37 25 51 87 31 36 52 37

36 34 85 100 56 62 10 36 34 85 100 56 62 10
36 34 85 100 56 62 10 36 34 18 34 85 100 56 62 10
36 34 85 100 56 62 10 36 34 85 18 34 85 100 56 62 10
36 34 85 100 56 62 10 36 34 85 18 85 100 56 62 10
36 34 85 100 56 62 10 36 34 85 100 18 85 100 56 62 10
36 34 18 34 85 100 56 62 10 36 34 85 100 56 62 10
36 34 85 18 34 85 100 56 62 10 36 34 85 100 56 62 10
36 34 85 18 85 100 56 62 10 36 34 85 100 56 62 10
36 34 85 100 18 85 100 56 62 10 36 34 85 100 56 62 10

33 40 20 82 5 84 5 33 40 20 82 5 84 5
33 40 20 82 5 84 5 33 40 15 40 20 82 5 84 5
33 40 20 82 5 84 5 33 40 20 15 40 20 82 5 84 5
33 40 20 82 5 84 5 33 40 20 15 20 82 5 84 5
33 40 20 82 5 84 5 33 40 20 82 15 20 82 5 84 5
33 40 15 40 20 82 5 84 5 33 40 20 82 5 84 5
33 40 20 15 40 20 82 5 84 5 33 40 20 82 5 84 5
33 40 20 15 20 82 5 84 5 33 40 20 82 5 84 5
33 40 20 82 15 20 82 5 84 5 33 40 20 82 5 84 5

97 39 50 93 15 36 77 97 39 50 93 15 36 77
97 39 50 93 15 36 77 97 39 8 39 50 93 15 36 77
97 39 50 93 15 36 77 97 39 50 8 39 50 93 15 36 77
97 39 50 93 15 36 77 97 39 50 8 50 93 15 36 77
97 39 50 93 15 36 77 97 39 50 93 8 50 93 15 36 77
97 39 8 39 50 93 15 36 77 97 39 50 93 15 36 77
97 39 50 8 39 50 93 15 36 77 97 39 50 93 15 36 77
97 39 50 8 50 93 15 36 77 97 39 50 93 15 36 77
97 39 50 93 8 50 93 15 36 77 97 39 50 93 15 36 77

44 57 36 46 61 92 46 44 57 36 46 61 92 46
44 57 36 46 61 92 46 44 57 9 57 36 46 61 92 46
44 57 36 46 61 92 46 44 57 36 9 57 36 46 61 92 46
44 57 36 46 61 92 46 44 57 36 9 36 46 61 92 46
44 57 36 46 61 92 46 44 57 36 46 9 36 46 61 92 46
44 57 9 57 36 46 61 92 46 44 57 36 46 61 92 46
44 57 36 9 57 36 46 61 92 46 44 57 36 46 61 92 46
44 57 36 9 36 46 61 92 46 44 57 36 46 61 92 46
44 57 36 46 9 36 46 61 92 46 44 57 36 46 61 92 46

18 10 59 100 79 19 47 18 10 59 100 79 19 47
18 10 59 100 79 19 47 18 10 20 10 59 100 79 19 47
18 10 59 100 79 19 47 18 10 59 20 10 59 100 79 19 47
18 10 59 100 79 19 47 18 10 59 20 59 100 79 19 47
18 10 59 100 79 19 47 18 10 59 100 20 59 100 79 19 47
18 10 20 10 59 100 79 19 47 18 10 59 100 79 19 47
18 10 59 20 10 59 100 79 19 47 18 10 59 100 79 19 47
18 10 59 20 59 100 79 19 47 18 10 59 100 79 19 47
18 10 59 100 20 59 100 79 19 47 18 10 59 100 79 19 47

23 93 21 51 52 21 31 23 93 21 51 52 21 31
23 93 21 51 52 21 31 23 93 19 93 21 51 52 21 31
23 93 21 51 52 21 31 23 93 21 19 93 21 51 52 21 31
23 93 21 51 52 21 31 23 93 21 19 21 51 52 21 31
23 93 21 51 52 21 31 23 93 21 51 19 21 51 52 21 31
23 93 19 93 21 51 52 21 31 23 93 21 51 52 21 31
23 93 21 19 93 21 51 52 21 31 23 93 21 51 52 21 31
23 93 21 19 21 51 52 21 31 23 93 21 51 52 21 31
23 93 21 51 19 21 51 52 21 31 23 93 21 51 52 21 31

8 12 66 68 66 45 25 8 12 66 68 66 45 25
8 12 66 68 66 45 25 8 12 18 12 66 68 66 45 25
8 12 66 68 66 45 25 8 12 66 18 12 66 68 66 45 25
8 12 66 68 66 45 25 8 12 66 18 66 68 66 45 25
8 12 66 68 66 45 25 8 12 66 68 18 66 68 66 45 25
8 12 18 12 66 68 66 45 25 8 12 66 68 66 45 25
8 12 66 18 12 66 68 66 45 25 8 12 66 68 66 45 25
8 12 66 18 66 68 66 45 25 8 12 66 68 66 45 25
8 12 66 68 18 66 68 66 45 25 8 12 66 68 66 45 25

17 28 89 34 19 58 58 17 28 89 34 19 58 58
17 28 89 34 19 58 58 17 28 10 28 89 34 19 58 58
17 28 89 34 19 58 58 17 28 89 10 28 89 34 19 58 58
17 28 89 34 19 58 58 17 28 89 10 89 34 19 58 58
17 28 89 34 19 58 58 17 28 89 34 10 89 34 19 58 58
17 28 10 28 89 34 19 58 58 17 28 89 34 19 58 58
17 28 89 10 28 89 34 19 58 58 17 28 89 34 19 58 58
17 28 89 10 89 34 19 58 58 17 28 89 34 19 58 58
17 28 89 34 10 89 34 19 58 58 17 28 89 34 19 58 58

94 68 77 90 12 6 52 94 68 77 90 12 6 52
94 68 77 90 12 6 52 94 68 12 68 77 90 12 6 52
94 68 77 90 12 6 52 94 68 77 12 68 77 90 12 6 52
94 68 77 90 12 6 52 94 68 77 12 77 90 12 6 52
94 68 77 90 12 6 52 94 68 77 90 12 77 90 12 6 52
94 68 12 68 77 90 12 6 52 94 68 77 90 12 6 52
94 68 77 12 68 77 90 12 6 52 94 68 77 90 12 6 52
94 68 77 12 77 90 12 6 52 94 68 77 90 12 6 52
94 68 77 90 12 77 90 12 6 52 94 68 77 90 12 6 52

78 27 55 27 99 47 81 78 27 55 27 99 47 81
78 27 55 27 99 47 81 78 27 10 27 55 27 99 47 81
78 27 55 27 99 47 81 78 27 55 10 27 55 27 99 47 81
78 27 55 27 99 47 81 78 27 55 10 55 27 99 47 81
78 27 55 27 99 47 81 78 27 55 27 10 55 27 99 47 81
78 27 10 27 55 27 99 47 81 78 27 55 27 99 47 81
78 27 55 10 27 55 27 99 47 81 78 27 55 27 99 47 81
78 27 55 10 55 27 99 47 81 78 27 55 27 99 47 81
78 27 55 27 10 55 27 99 47 81 78 27 55 27 99 47 81

7 60 60 27 68 90 71 7 60 60 27 68 90 71
7 60 60 27 68 90 71 7 60 19 60 60 27 68 90 71
7 60 60 27 68 90 71 7 60 60 19 60 60 27 68 90 71
7 60 60 27 68 90 71 7 60 60 19 60 27 68 90 71
7 60 60 27 68 90 71 7 60 60 27 19 60 27 68 90 71
7 60 19 60 60 27 68 90 71 7 60 60 27 68 90 71
7 60 60 19 60 60 27 68 90 71 7 60 60 27 68 90 71
7 60 60 19 60 27 68 90 71 7 60 60 27 68 90 71
7 60 60 27 19 60 27 68 90 71 7 60 60 27 68 90 71

73 86 33 79 30 56 85 73 86 33 79 30 56 85
73 86 33 79 30 56 85 73 86 13 86 33 79 30 56 85
73 86 33 79 30 56 85 73 86 33 13 86 33 79 30 56 85
73 86 33 79 30 56 85 73 86 33 13 33 79 30 56 85
73 86 33 79 30 56 85 73 86 33 79 13 33 79 30 56 85
73 86 13 86 33 79 30 56 85 73 86 33 79 30 56 85
73 86 33 13 86 33 79 30 56 85 73 86 33 79 30 56 85
73 86 33 13 33 79 30 56 85 73 86 33 79 30 56 85
73 86 33 79 13 33 79 30 56 85 73 86 33 79 30 56 85

19 63 64 64 50 30 95 19 63 64 64 50 30 95
19 63 64 64 50 30 95 19 63 19 63 64 64 50 30 95
19 63 64 64 50 30 95 19 63 64 19 63 64 64 50 30 95
19 63 64 64 50 30 95 19 63 64 19 64 64 50 30 95
19 63 64 64 50 30 95 19 63 64 64 19 64 64 50 30 95
19 63 19 63 64 64 50 30 95 19 63 64 64 50 30 95
19 63 64 19 63 64 64 50 30 95 19 63 64 64 50 30 95
19 63 64 19 64 64 50 30 95 19 63 64 64 50 30 95
19 63 64 64 19 64 64 50 30 95 19 63 64 64 50 30 95

42 18 66 68 81 12 51 42 18 66 68 81 12 51
42 18 66 68 81 12 51 42 18 5 18 66 68 81 12 51
42 18 66 68 81 12 51 42 18 66 5 18 66 68 81 12 51
42 18 66 68 81 12 51 42 18 66 5 66 68 81 12 51
42 18 66 68 81 12 51 42 18 66 68 5 66 68 81 12 51
42 18 5 18 66 68 81 12 51 42 18 66 68 81 12 51
42 18 66 5 18 66 68 81 12 51 42 18 66 68 81 12 51
42 18 66 5 66 68 81 12 51 42 18 66 68 81 12 51
42 18 66 68 5 66 68 81 12 51 42 18 66 68 81 12 51

59 48 5 73 18 5 63 59 48 5 73 18 5 63
59 48 5 73 18 5 63 59 48 13 48 5 73 18 5 63
59 48 5 73 18 5 63 59 48 5 13 48 5 73 18 5 63
59 48 5 73 18 5 63 59 48 5 13 5 73 18 5 63
59 48 5 73 18 5 63 59 48 5 73 13 5 73 18 5 63
59 48 13 48 5 73 18 5 63 59 48 5 73 18 5 63
59 48 5 13 48 5 73 18 5 63 59 48 5 73 18 5 63
59 48 5 13 5 73 18 5 63 59 48 5 73 18 5 63
59 48 5 73 13 5 73 18 5 63 59 48 5 73 18 5 63

51 59 73 84 89 13 20 51 59 73 84 89 13 20
51 59 73 84 89 13 20 51 59 9 59 73 84 89 13 20
51 59 73 84 89 13 20 51 59 73 9 59 73 84 89 13 20
51 59 73 84 89 13 20 51 59 73 9 73 84 89 13 20
51 59 73 84 89 13 20 51 59 73 84 9 73 84 89 13 20
51 59 9 59 73 84 89 13 20 51 59 73 84 89 13 20
51 59 73 9 59 73 84 89 13 20 51 59 73 84 89 13 20
51 59 73 9 73 84 89 13 20 51 59 73 84 89 13 20
51 59 73 84 9 73 84 89 13 20 51 59 73 84 89 13 20

65 11 62 36 58 98 87 65 11 62 36 58 98 87
65 11 62 36 58 98 87 65 11 15 11 62 36 58 98 87
65 11 62 36 58 98 87 65 11 62 15 11 62 36 58 98 87
65 11 62 36 58 98 87 65 11 62 15 62 36 58 98 87
65 11 62 36 58 98 87 65 11 62 36 15 62 36 58 98 87
65 11 15 11 62 36 58 98 87 65 11 62 36 58 98 87
65 11 62 15 11 62 36 58 98 87 65 11 62 36 58 98 87
65 11 62 15 62 36 58 98 87 65 11 62 36 58 98 87
65 11 62 36 15 62 36 58 98 87 65 11 62 36 58 98 87

63 64 83 6 69 37 29 63 64 83 6 69 37 29
63 64 83 6 69 37 29 63 64 9 64 83 6 69 37 29
63 64 83 6 69 37 29 63 64 83 9 64 83 6 69 37 29
63 64 83 6 69 37 29 63 64 83 9 83 6 69 37 29
63 64 83 6 69 37 29 63 64 83 6 9 83 6 69 37 29
63 64 9 64 83 6 69 37 29 63 64 83 6 69 37 29
63 64 83 9 64 83 6 69 37 29 63 64 83 6 69 37 29
63 64 83 9 83 6 69 37 29 63 64 83 6 69 37 29
63 64 83 6 9 83 6 69 37 29 63 64 83 6 69 37 29

42 56 35 39 80 29 69 42 56 35 39 80 29 69
42 56 35 39 80 29 69 42 56 7 56 35 39 80 29 69
42 56 35 39 80 29 69 42 56 35 7 56 35 39 80 29 69
42 56 35 39 80 29 69 42 56 35 7 35 39 80 29 69
42 56 35 39 80 29 69 42 56 35 39 7 35 39 80 29 69
42 56 7 56 35 39 80 29 69 42 56 35 39 80 29 69
42 56 35 7 56 35 39 80 29 69 42 56 35 39 80 29 69
42 56 35 7 35 39 80 29 69 42 56 35 39 80 29 69
42 56 35 39 7 35 39 80 29 69 42 56 35 39 80 29 69

61 69 29 13 24 87 49 61 69 29 13 24 87 49
61 69 29 13 24 87 49 61 69 12 69 29 13 24 87 49
61 69 29 13 24 87 49 61 69 29 12 69 29 13 24 87 49
61 69 29 13 24 87 49 61 69 29 12 29 13 24 87 49
61 69 29 13 24 87 49 61 69 29 13 12 29 13 24 87 49
61 69 12 69 29 13 24 87 49 61 69 29 13 24 87 49
61 69 29 12 69 29 13 24 87 49 61 69 29 13 24 87 49
61 69 29 12 29 13 24 87 49 61 69 29 13 24 87 49
61 69 29 13 12 29 13 24 87 49 61 69 29 13 24 87 49

79 82 100 58 6 86 19 79 82 100 58 6 86 19
79 82 100 58 6 86 19 79 82 16 82 100 58 6 86 19
79 82 100 58 6 86 19 79 82 100 16 82 100 58 6 86 19
79 82 100 58 6 86 19 79 82 100 16 100 58 6 86 19
79 82 100 58 6 86 19 79 82 100 58 16 100 58 6 86 19
79 82 16 82 100 58 6 86 19 79 82 100 58 6 86 19
79 82 100 16 82 100 58 6 86 19 79 82 100 58 6 86 19
79 82 100 16 100 58 6 86 19 79 82 100 58 6 86 19
79 82 100 58 16 100 58 6 86 19 79 82 100 58 6 86 19

14 59 49 33 6 56 60 14 59 49 33 6 56 60
14 59 49 33 6 56 60 14 59 11 59 49 33 6 56 60
14 59 49 33 6 56 60 14 59 49 11 59 49 33 6 56 60
14 59 49 33 6 56 60 14 59 49 11 49 33 6 56 60
14 59 49 33 6 56 60 14 59 49 33 11 49 33 6 56 60
14 59 11 59 49 33 6 56 60 14 59 49 33 6 56 60
14 59 49 11 59 49 33 6 56 60 14 59 49 33 6 56 60
14 59 49 11 49 33 6 56 60 14 59 49 33 6 56 60
14 59 49 33 11 49 33 6 56 60 14 59 49 33 6 56 60

39 67 29 79 37 23 96 39 67 29 79 37 23 96
39 67 29 79 37 23 96 39 67 13 67 29 79 37 23 96
39 67 29 79 37 23 96 39 67 29 13 67 29 79 37 23 96
39 67 29 79 37 23 96 39 67 29 13 29 79 37 23 96
39 67 29 79 37 23 96 39 67 29 79 13 29 79 37 23 96
39 67 13 67 29 79 37 23 96 39 67 29 79 37 23 96
39 67 29 13 67 29 79 37 23 96 39 67 29 79 37 23 96
39 67 29 13 29 79 37 23 96 39 67 29 79 37 23 96
39 67 29 79 13 29 79 37 23 96 39 67 29 79 37 23 96

78 17 81 17 96 23 5 78 17 81 17 96 23 5
78 17 81 17 96 23 5 78 17 13 17 81 17 96 23 5
78 17 81 17 96 23 5 78 17 81 13 17 81 17 96 23 5
78 17 81 17 96 23 5 78 17 81 13 81 17 96 23 5
78 17 81 17 96 23 5 78 17 81 17 13 81 17 96 23 5
78 17 13 17 81 17 96 23 5 78 17 81 17 96 23 5
78 17 81 13 17 81 17 96 23 5 78 17 81 17 96 23 5
78 17 81 13 81 17 96 23 5 78 17 81 17 96 23 5
78 17 81 17 13 81 17 96 23 5 78 17 81 17 96 23 5

37 68 56 39 23 17 27 37 68 56 39 23 17 27
37 68 56 39 23 17 27 37 68 12 68 56 39 23 17 27
37 68 56 39 23 17 27 37 68 56 12 68 56 39 23 17 27
37 68 56 39 23 17 27 37 68 56 12 56 39 23 17 27
37 68 56 39 23 17 27 37 68 56 39 12 56 39 23 17 27
37 68 12 68 56 39 23 17 27 37 68 56 39 23 17 27
37 68 56 12 68 56 39 23 17 27 37 68 56 39 23 17 27
37 68 56 12 56 39 23 17 27 37 68 56 39 23 17 27
37 68 56 39 12 56 39 23 17 27 37 68 56 39 23 17 27

8 44 91 86 28 21 90 8 44 91 86 28 21 90
8 44 91 86 28 21 90 8 44 13 44 91 86 28 21 90
8 44 91 86 28 21 90 8 44 91 13 44 91 86 28 21 90
8 44 91 86 28 21 90 8 44 91 13 91 86 28 21 90
8 44 91 86 28 21 90 8 44 91 86 13 91 86 28 21 90
8 44 13 44 91 86 28 21 90 8 44 91 86 28 21 90
8 44 91 13 44 91 86 28 21 90 8 44 91 86 28 21 90
8 44 91 13 91 86 28 21 90 8 44 91 86 28 21 90
8 44 91 86 13 91 86 28 21 90 8 44 91 86 28 21 90

75 64 25 45 56 20 53 75 64 25 45 56 20 53
75 64 25 45 56 20 53 75 64 16 64 25 45 56 20 53
75 64 25 45 56 20 53 75 64 25 16 64 25 45 56 20 53
75 64 25 45 56 20 53 75 64 25 16 25 45 56 20 53
75 64 25 45 56 20 53 75 64 25 45 16 25 45 56 20 53
75 64 16 64 25 45 56 20 53 75 64 25 45 56 20 53
75 64 25 16 64 25 45 56 20 53 75 64 25 45 56 20 53
75 64 25 16 25 45 56 20 53 75 64 25 45 56 20 53
75 64 25 45 16 25 45 56 20 53 75 64 25 45 56 20 53

37 90 68 56 49 78 80 37 90 68 56 49 78 80
37 90 68 56 49 78 80 37 90 12 90 68 56 49 78 80
37 90 68 56 49 78 80 37 90 68 12 90 68 56 49 78 80
37 90 68 56 49 78 80 37 90 68 12 68 56 49 78 80
37 90 68 56 49 78 80 37 90 68 56 12 68 56 49 78 80
37 90 12 90 68 56 49 78 80 37 90 68 56 49 78 80
37 90 68 12 90 68 56 49 78 80 37 90 68 56 49 78 80
37 90 68 12 68 56 49 78 80 37 90 68 56 49 78 80
37 90 68 56 12 68 56 49 78 80 37 90 68 56 49 78 80

75 14 47 49 62 91 40 75 14 47 49 62 91 40
75 14 47 49 62 91 40 75 14 17 14 47 49 62 91 40
75 14 47 49 62 91 40 75 14 47 17 14 47 49 62 91 40
75 14 47 49 62 91 40 75 14 47 17 47 49 62 91 40
75 14 47 49 62 91 40 75 14 47 49 17 47 49 62 91 40
75 14 17 14 47 49 62 91 40 75 14 47 49 62 91 40
75 14 47 17 14 47 49 62 91 40 75 14 47 49 62 91 40
75 14 47 17 47 49 62 91 40 75 14 47 49 62 91 40
75 14 47 49 17 47 49 62 91 40 75 14 47 49 62 91 40

47 94 22 29 81 54 35 47 94 22 29 81 54 35
47 94 22 29 81 54 35 47 94 6 94 22 29 81 54 35
47 94 22 29 81 54 35 47 94 22 6 94 22 29 81 54 35
47 94 22 29 81 54 35 47 94 22 6 22 29 81 54 35
47 94 22 29 81 54 35 47 94 22 29 6 22 29 81 54 35
47 94 6 94 22 29 81 54 35 47 94 22 29 81 54 35
47 94 22 6 94 22 29 81 54 35 47 94 22 29 81 54 35
47 94 22 6 22 29 81 54 35 47 94 22 29 81 54 35
47 94 22 29 6 22 29 81 54 35 47 94 22 29 81 54 35

25 68 62 91 14 41 82 25 68 62 91 14 41 82
25 68 62 91 14 41 82 25 68 18 68 62 91 14 41 82
25 68 62 91 14 41 82 25 68 62 18 68 62 91 14 41 82
25 68 62 91 14 41 82 25 68 62 18 62 91 14 41 82
25 68 62 91 14 41 82 25 68 62 91 18 62 91 14 41 82
25 68 18 68 62 91 14 41 82 25 68 62 91 14 41 82
25 68 62 18 68 62 91 14 41 82 25 68 62 91 14 41 82
25 68 62 18 62 91 14 41 82 25 68 62 91 14 41 82
25 68 62 91 18 62 91 14 41 82 25 68 62 91 14 41 82

82 89 86 60 64 91 95 82 89 86 60 64 91 95
82 89 86 60 64 91 95 82 89 6 89 86 60 64 91 95
82 89 86 60 64 91 95 82 89 86 6 89 86 60 64 91 95
82 89 86 60 64 91 95 82 89 86 6 86 60 64 91 95
82 89 86 60 64 91 95 82 89 86 60 6 86 60 64 91 95
82 89 6 89 86 60 64 91 95 82 89 86 60 64 91 95
82 89 86 6 89 86 60 64 91 95 82 89 86 60 64 91 95
82 89 86 6 86 60 64 91 95 82 89 86 60 64 91 95
82 89 86 60 6 86 60 64 91 95 82 89 86 60 64 91 95

74 96 78 69 61 91 29 74 96 78 69 61 91 29
74 96 78 69 61 91 29 74 96 18 96 78 69 61 91 29
74 96 78 69 61 91 29 74 96 78 18 96 78 69 61 91 29
74 96 78 69 61 91 29 74 96 78 18 78 69 61 91 29
74 96 78 69 61 91 29 74 96 78 69 18 78 69 61 91 29
74 96 18 96 78 69 61 91 29 74 96 78 69 61 91 29
74 96 78 18 96 78 69 61 91 29 74 96 78 69 61 91 29
74 96 78 18 78 69 61 91 29 74 96 78 69 61 91 29
74 96 78 69 18 78 69 61 91 29 74 96 78 69 61 91 29

86 98 8 33 49 39 59 86 98 8 33 49 39 59
86 98 8 33 49 39 59 86 98 8 98 8 33 49 39 59
86 98 8 33 49 39 59 86 98 8 8 98 8 33 49 39 59
86 98 8 33 49 39 59 86 98 8 8 8 33 49 39 59
86 98 8 33 49 39 59 86 98 8 33 8 8 33 49 39 59
86 98 8 98 8 33 49 39 59 86 98 8 33 49 39 59
86 98 8 8 98 8 33 49 39 59 86 98 8 33 49 39 59
86 98 8 8 8 33 49 39 59 86 98 8 33 49 39 59
86 98 8 33 8 8 33 49 39 59 86 98 8 33 49 39 59

83 16 52 31 86 26 6 83 16 52 31 86 26 6
83 16 52 31 86 26 6 83 16 5 16 52 31 86 26 6
83 16 52 31 86 26 6 83 16 52 5 16 52 31 86 26 6
83 16 52 31 86 26 6 83 16 52 5 52 31 86 26 6
83 16 52 31 86 26 6 83 16 52 31 5 52 31 86 26 6
83 16 5 16 52 31 86 26 6 83 16 52 31 86 26 6
83 16 52 5 16 52 31 86 26 6 83 16 52 31 86 26 6
83 16 52 5 52 31 86 26 6 83 16 52 31 86 26 6
83 16 52 31 5 52 31 86 26 6 83 16 52 31 86 26 6

61 86 12 14 60 30 70 61 86 12 14 60 30 70
61 86 12 14 60 30 70 61 86 6 86 12 14 60 30 70
61 86 12 14 60 30 70 61 86 12 6 86 12 14 60 30 70
61 86 12 14 60 30 70 61 86 12 6 12 14 60 30 70
61 86 12 14 60 30 70 61 86 12 14 6 12 14 60 30 70
61 86 6 86 12 14 60 30 70 61 86 12 14 60 30 70
61 86 12 6 86 12 14 60 30 70 61 86 12 14 60 30 70
61 86 12 6 12 14 60 30 70 61 86 12 14 60 30 70
61 86 12 14 6 12 14 60 30 70 61 86 12 14 60 30 70

68 30 71 91 24 34 56 68 30 71 91 24 34 56
68 30 71 91 24 34 56 68 30 20 30 71 91 24 34 56
68 30 71 91 24 34 56 68 30 71 20 30 71 91 24 34 56
68 30 71 91 24 34 56 68 30 71 20 71 91 24 34 56
68 30 71 91 24 34 56 68 30 71 91 20 71 91 24 34 56
68 30 20 30 71 91 24 34 56 68 30 71 91 24 34 56
68 30 71 20 30 71 91 24 34 56 68 30 71 91 24 34 56
68 30 71 20 71 91 24 34 56 68 30 71 91 24 34 56
68 30 71 91 20 71 91 24 34 56 68 30 71 91 24 34 56

37 82 16 28 77 52 84 37 82 16 28 77 52 84
37 82 16 28 77 52 84 37 82 10 82 16 28 77 52 84
37 82 16 28 77 52 84 37 82 16 10 82 16 28 77 52 84
37 82 16 28 77 52 84 37 82 16 10 16 28 77 52 84
37 82 16 28 77 52 84 37 82 16 28 10 16 28 77 52 84
37 82 10 82 16 28 77 52 84 37 82 16 28 77 52 84
37 82 16 10 82 16 28 77 52 84 37 82 16 28 77 52 84
37 82 16 10 16 28 77 52 84 37 82 16 28 77 52 84
37 82 16 28 10 16 28 77 52 84 37 82 16 28 77 52 84

67 72 88 54 27 67 92 67 72 88 54 27 67 92
67 72 88 54 27 67 92 67 72 9 72 88 54 27 67 92
67 72 88 54 27 67 92 67 72 88 9 72 88 54 27 67 92
67 72 88 54 27 67 92 67 72 88 9 88 54 27 67 92
67 72 88 54 27 67 92 67 72 88 54 9 88 54 27 67 92
67 72 9 72 88 54 27 67 92 67 72 88 54 27 67 92
67 72 88 9 72 88 54 27 67 92 67 72 88 54 27 67 92
67 72 88 9 88 54 27 67 92 67 72 88 54 27 67 92
67 72 88 54 9 88 54 27 67 92 67 72 88 54 27 67 92

32 6 28 17 94 30 13 32 6 28 17 94 30 13
32 6 28 17 94 30 13 32 6 13 6 28 17 94 30 13
32 6 28 17 94 30 13 32 6 28 13 6 28 17 94 30 13
32 6 28 17 94 30 13 32 6 28 13 28 17 94 30 13
32 6 28 17 94 30 13 32 6 28 17 13 28 17 94 30 13
32 6 13 6 28 17 94 30 13 32 6 28 17 94 30 13
32 6 28 13 6 28 17 94 30 13 32 6 28 17 94 30 13
32 6 28 13 28 17 94 30 13 32 6 28 17 94 30 13
32 6 28 17 13 28 17 94 30 13 32 6 28 17 94 30 13

70 15 17 81 89 57 8 70 15 17 81 89 57 8
70 15 17 81 89 57 8 70 15 8 15 17 81 89 57 8
70 15 17 81 89 57 8 70 15 17 8 15 17 81 89 57 8
70 15 17 81 89 57 8 70 15 17 8 17 81 89 57 8
70 15 17 81 89 57 8 70 15 17 81 8 17 81 89 57 8
70 15 8 15 17 81 89 57 8 70 15 17 81 89 57 8
70 15 17 8 15 17 81 89 57 8 70 15 17 81 89 57 8
70 15 17 8 17 81 89 57 8 70 15 17 81 89 57 8
70 15 17 81 8 17 81 89 57 8 70 15 17 81 89 57 8

75 21 76 58 16 82 63 75 21 76 58 16 82 63
75 21 76 58 16 82 63 75 21 5 21 76 58 16 82 63
75 21 76 58 16 82 63 75 21 76 5 21 76 58 16 82 63
75 21 76 58 16 82 63 75 21 76 5 76 58 16 82 63
75 21 76 58 16 82 63 75 21 76 58 5 76 58 16 82 63
75 21 5 21 76 58 16 82 63 75 21 76 58 16 82 63
75 21 76 5 21 76 58 16 82 63 75 21 76 58 16 82 63
75 21 76 5 76 58 16 82 63 75 21 76 58 16 82 63
75 21 76 58 5 76 58 16 82 63 75 21 76 58 16 82 63

59 50 35 31 97 18 7 59 50 35 31 97 18 7
59 50 35 31 97 18 7 59 50 11 50 35 31 97 18 7
59 50 35 31 97 18 7 59 50 35 11 50 35 31 97 18 7
59 50 35 31 97 18 7 59 50 35 11 35 31 97 18 7
59 50 35 31 97 18 7 59 50 35 31 11 35 31 97 18 7
59 50 11 50 35 31 97 18 7 59 50 35 31 97 18 7
59 50 35 11 50 35 31 97 18 7 59 50 35 31 97 18 7
59 50 35 11 35 31 97 18 7 59 50 35 31 97 18 7
59 50 35 31 11 35 31 97 18 7 59 50 35 31 97 18 7

62 6 83 98 95 20 67 62 6 83 98 95 20 67
62 6 83 98 95 20 67 62 6 13 6 83 98 95 20 67
62 6 83 98 95 20 67 62 6 83 13 6 83 98 95 20 67
62 6 83 98 95 20 67 62 6 83 13 83 98 95 20 67
62 6 83 98 95 20 67 62 6 83 98 13 83 98 95 20 67
62 6 13 6 83 98 95 20 67 62 6 83 98 95 20 67
62 6 83 13 6 83 98 95 20 67 62 6 83 98 95 20 67
62 6 83 13 83 98 95 20 67 62 6 83 98 95 20 67
62 6 83 98 13 83 98 95 20 67 62 6 83 98 95 20 67

5 80 55 60 14 50 98 5 80 55 60 14 50 98
5 80 55 60 14 50 98 5 80 11 80 55 60 14 50 98
5 80 55 60 14 50 98 5 80 55 11 80 55 60 14 50 98
5 80 55 60 14 50 98 5 80 55 11 55 60 14 50 98
5 80 55 60 14 50 98 5 80 55 60 11 55 60 14 50 98
5 80 11 80 55 60 14 50 98 5 80 55 60 14 50 98
5 80 55 11 80 55 60 14 50 98 5 80 55 60 14 50 98
5 80 55 11 55 60 14 50 98 5 80 55 60 14 50 98
5 80 55 60 11 55 60 14 50 98 5 80 55 60 14 50 98

73 23 61 95 76 90 50 73 23 61 95 76 90 50
73 23 61 95 76 90 50 73 23 15 23 61 95 76 90 50
73 23 61 95 76 90 50 73 23 61 15 23 61 95 76 90 50
73 23 61 95 76 90 50 73 23 61 15 61 95 76 90 50
73 23 61 95 76 90 50 73 23 61 95 15 61 95 76 90 50
73 23 15 23 61 95 76 90 50 73 23 61 95 76 90 50
73 23 61 15 23 61 95 76 90 50 73 23 61 95 76 90 50
73 23 61 15 61 95 76 90 50 73 23 61 95 76 90 50
73 23 61 95 15 61 95 76 90 50 73 23 61 95 76 90 50

82 35 91 53 56 92 91 82 35 91 53 56 92 91
82 35 91 53 56 92 91 82 35 11 35 91 53 56 92 91
82 35 91 53 56 92 91 82 35 91 11 35 91 53 56 92 91
82 35 91 53 56 92 91 82 35 91 11 91 53 56 92 91
82 35 91 53 56 92 91 82 35 91 53 11 91 53 56 92 91
82 35 11 35 91 53 56 92 91 82 35 91 53 56 92 91
82 35 91 11 35 91 53 56 92 91 82 35 91 53 56 92 91
82 35 91 11 91 53 56 92 91 82 35 91 53 56 92 91
82 35 91 53 11 91 53 56 92 91 82 35 91 53 56 92 91

94 87 51 63 19 32 64 94 87 51 63 19 32 64
94 87 51 63 19 32 64 94 87 16 87 51 63 19 32 64
94 87 51 63 19 32 64 94 87 51 16 87 51 63 19 32 64
94 87 51 63 19 32 64 94 87 51 16 51 63 19 32 64
94 87 51 63 19 32 64 94 87 51 63 16 51 63 19 32 64
94 87 16 87 51 63 19 32 64 94 87 51 63 19 32 64
94 87 51 16 87 51 63 19 32 64 94 87 51 63 19 32 64
94 87 51 16 51 63 19 32 64 94 87 51 63 19 32 64
94 87 51 63 16 51 63 19 32 64 94 87 51 63 19 32 64

46 23 33 18 79 16 76 46 23 33 18 79 16 76
46 23 33 18 79 16 76 46 23 5 23 33 18 79 16 76
46 23 33 18 79 16 76 46 23 33 5 23 33 18 79 16 76
46 23 33 18 79 16 76 46 23 33 5 33 18 79 16 76
46 23 33 18 79 16 76 46 23 33 18 5 33 18 79 16 76
46 23 5 23 33 18 79 16 76 46 23 33 18 79 16 76
46 23 33 5 23 33 18 79 16 76 46 23 33 18 79 16 76
46 23 33 5 33 18 79 16 76 46 23 33 18 79 16 76
46 23 33 18 5 33 18 79 16 76 46 23 33 18 79 16 76

15 75 38 30 63 88 24 15 75 38 30 63 88 24
15 75 38 30 63 88 24 15 75 9 75 38 30 63 88 24
15 75 38 30 63 88 24 15 75 38 9 75 38 30 63 88 24
15 75 38 30 63 88 24 15 75 38 9 38 30 63 88 24
15 75 38 30 63 88 24 15 75 38 30 9 38 30 63 88 24
15 75 9 75 38 30 63 88 24 15 75 38 30 63 88 24
15 75 38 9 75 38 30 63 88 24 15 75 38 30 63 88 24
15 75 38 9 38 30 63 88 24 15 75 38 30 63 88 24
15 75 38 30 9 38 30 63 88 24 15 75 38 30 63 88 24

22 47 7 72 85 73 8 22 47 7 72 85 73 8
22 47 7 72 85 73 8 22 47 12 47 7 72 85 73 8
22 47 7 72 85 73 8 22 47 7 12 47 7 72 85 73 8
22 47 7 72 85 73 8 22 47 7 12 7 72 85 73 8
22 47 7 72 85 73 8 22 47 7 72 12 7 72 85 73 8
22 47 12 47 7 72 85 73 8 22 47 7 72 85 73 8
22 47 7 12 47 7 72 85 73 8 22 47 7 72 85 73 8
22 47 7 12 7 72 85 73 8 22 47 7 72 85 73 8
22 47 7 72 12 7 72 85 73 8 22 47 7 72 85 73 8

18 13 77 14 99 36 39 18 13 77 14 99 36 39
18 13 77 14 99 36 39 18 13 12 13 77 14 99 36 39
18 13 77 14 99 36 39 18 13 77 12 13 77 14 99 36 39
18 13 77 14 99 36 39 18 13 77 12 77 14 99 36 39
18 13 77 14 99 36 39 18 13 77 14 12 77 14 99 36 39
18 13 12 13 77 14 99 36 39 18 13 77 14 99 36 39
18 13 77 12 13 77 14 99 36 39 18 13 77 14 99 36 39
18 13 77 12 77 14 99 36 39 18 13 77 14 99 36 39
18 13 77 14 12 77 14 99 36 39 18 13 77 14 99 36 39

91 12 81 38 77 36 26 91 12 81 38 77 36 26
91 12 81 38 77 36 26 91 12 10 12 81 38 77 36 26
91 12 81 38 77 36 26 91 12 81 10 12 81 38 77 36 26
91 12 81 38 77 36 26 91 12 81 10 81 38 77 36 26
91 12 81 38 77 36 26 91 12 81 38 10 81 38 77 36 26
91 12 10 12 81 38 77 36 26 91 12 81 38 77 36 26
91 12 81 10 12 81 38 77 36 26 91 12 81 38 77 36 26
91 12 81 10 81 38 77 36 26 91 12 81 38 77 36 26
91 12 81 38 10 81 38 77 36 26 91 12 81 38 77 36 26

88 72 25 75 21 61 53 88 72 25 75 21 61 53
88 72 25 75 21 61 53 88 72 20 72 25 75 21 61 53
88 72 25 75 21 61 53 88 72 25 20 72 25 75 21 61 53
88 72 25 75 21 61 53 88 72 25 20 25 75 21 61 53
88 72 25 75 21 61 53 88 72 25 75 20 25 75 21 61 53
88 72 20 72 25 75 21 61 53 88 72 25 75 21 61 53
88 72 25 20 72 25 75 21 61 53 88 72 25 75 21 61 53
88 72 25 20 25 75 21 61 53 88 72 25 75 21 61 53
88 72 25 75 20 25 75 21 61 53 88 72 25 75 21 61 53

31 14 16 74 46 24 31 31 14 16 74 46 24 31
31 14 16 74 46 24 31 31 14 18 14 16 74 46 24 31
31 14 16 74 46 24 31 31 14 16 18 14 16 74 46 24 31
31 14 16 74 46 24 31 31 14 16 18 16 74 46 24 31
31 14 16 74 46 24 31 31 14 16 74 18 16 74 46 24 31
31 14 18 14 16 74 46 24 31 31 14 16 74 46 24 31
31 14 16 18 14 16 74 46 24 31 31 14 16 74 46 24 31
31 14 16 18 16 74 46 24 31 31 14 16 74 46 24 31
31 14 16 74 18 16 74 46 24 31 31 14 16 74 46 24 31

79 22 18 84 10 54 28 79 22 18 84 10 54 28
79 22 18 84 10 54 28 79 22 18 22 18 84 10 54 28
79 22 18 84 10 54 28 79 22 18 18 22 18 84 10 54 28
79 22 18 84 10 54 28 79 22 18 18 18 84 10 54 28
79 22 18 84 10 54 28 79 22 18 84 18 18 84 10 54 28
79 22 18 22 18 84 10 54 28 79 22 18 84 10 54 28
79 22 18 18 22 18 84 10 54 28 79 22 18 84 10 54 28
79 22 18 18 18 84 10 54 28 79 22 18 84 10 54 28
79 22 18 84 18 18 84 10 54 28 79 22 18 84 10 54 28

64 42 66 100 55 12 99 64 42 66 100 55 12 99
64 42 66 100 55 12 99 64 42 18 42 66 100 55 12 99
64 42 66 100 55 12 99 64 42 66 18 42 66 100 55 12 99
64 42 66 100 55 12 99 64 42 66 18 66 100 55 12 99
64 42 66 100 55 12 99 64 42 66 100 18 66 100 55 12 99
64 42 18 42 66 100 55 12 99 64 42 66 100 55 12 99
64 42 66 18 42 66 100 55 12 99 64 42 66 100 55 12 99
64 42 66 18 66 100 55 12 99 64 42 66 100 55 12 99
64 42 66 100 18 66 100 55 12 99 64 42 66 100 55 12 99

53 86 91 7 39 83 59 53 86 91 7 39 83 59
53 86 91 7 39 83 59 53 86 13 86 91 7 39 83 59
53 86 91 7 39 83 59 53 86 91 13 86 91 7 39 83 59
53 86 91 7 39 83 59 53 86 91 13 91 7 39 83 59
53 86 91 7 39 83 59 53 86 91 7 13 91 7 39 83 59
53 86 13 86 91 7 39 83 59 53 86 91 7 39 83 59
53 86 91 13 86 91 7 39 83 59 53 86 91 7 39 83 59
53 86 91 13 91 7 39 83 59 53 86 91 7 39 83 59
53 86 91 7 13 91 7 39 83 59 53 86 91 7 39 83 59

93 79 53 100 77 7 15 93 79 53 100 77 7 15
93 79 53 100 77 7 15 93 79 13 79 53 100 77 7 15
93 79 53 100 77 7 15 93 79 53 13 79 53 100 77 7 15
93 79 53 100 77 7 15 93 79 53 13 53 100 77 7 15
93 79 53 100 77 7 15 93 79 53 100 13 53 100 77 7 15
93 79 13 79 53 100 77 7 15 93 79 53 100 77 7 15
93 79 53 13 79 53 100 77 7 15 93 79 53 100 77 7 15
93 79 53 13 53 100 77 7 15 93 79 53 100 77 7 15
93 79 53 100 13 53 100 77 7 15 93 79 53 100 77 7 15

21 7 87 76 75 35 68 21 7 87 76 75 35 68
21 7 87 76 75 35 68 21 7 17 7 87 76 75 35 68
21 7 87 76 75 35 68 21 7 87 17 7 87 76 75 35 68
21 7 87 76 75 35 68 21 7 87 17 87 76 75 35 68
21 7 87 76 75 35 68 21 7 87 76 17 87 76 75 35 68
21 7 17 7 87 76 75 35 68 21 7 87 76 75 35 68
21 7 87 17 7 87 76 75 35 68 21 7 87 76 75 35 68
21 7 87 17 87 76 75 35 68 21 7 87 76 75 35 68
21 7 87 76 17 87 76 75 35 68 21 7 87 76 75 35 68

71 29 14 8 72 9 65 71 29 14 8 72 9 65
71 29 14 8 72 9 65 71 29 18 29 14 8 72 9 65
71 29 14 8 72 9 65 71 29 14 18 29 14 8 72 9 65
71 29 14 8 72 9 65 71 29 14 18 14 8 72 9 65
71 29 14 8 72 9 65 71 29 14 8 18 14 8 72 9 65
71 29 18 29 14 8 72 9 65 71 29 14 8 72 9 65
71 29 14 18 29 14 8 72 9 65 71 29 14 8 72 9 65
71 29 14 18 14 8 72 9 65 71 29 14 8 72 9 65
71 29 14 8 18 14 8 72 9 65 71 29 14 8 72 9 65

100 34 74 99 35 57 61 100 34 74 99 35 57 61
100 34 74 99 35 57 61 100 34 10 34 74 99 35 57 61
100 34 74 99 35 57 61 100 34 74 10 34 74 99 35 57 61
100 34 74 99 35 57 61 100 34 74 10 74 99 35 57 61
100 34 74 99 35 57 61 100 34 74 99 10 74 99 35 57 61
100 34 10 34 74 99 35 57 61 100 34 74 99 35 57 61
100 34 74 10 34 74 99 35 57 61 100 34 74 99 35 57 61
100 34 74 10 74 99 35 57 61 100 34 74 99 35 57 61
100 34 74 99 10 74 99 35 57 61 100 34 74 99 35 57 61

90 11 84 87 34 24 68 90 11 84 87 34 24 68
90 11 84 87 34 24 68 90 11 6 11 84 87 34 24 68
90 11 84 87 34 24 68 90 11 84 6 11 84 87 34 24 68
90 11 84 87 34 24 68 90 11 84 6 84 87 34 24 68
90 11 84 87 34 24 68 90 11 84 87 6 84 87 34 24 68
90 11 6 11 84 87 34 24 68 90 11 84 87 34 24 68
90 11 84 6 11 84 87 34 24 68 90 11 84 87 34 24 68
90 11 84 6 84 87 34 24 68 90 11 84 87 34 24 68
90 11 84 87 6 84 87 34 24 68 90 11 84 87 34 24 68

29 23 42 92 56 46 77 29 23 42 92 56 46 77
29 23 42 92 56 46 77 29 23 6 23 42 92 56 46 77
29 23 42 92 56 46 77 29 23 42 6 23 42 92 56 46 77
29 23 42 92 56 46 77 29 23 42 6 42 92 56 46 77
29 23 42 92 56 46 77 29 23 42 92 6 42 92 56 46 77
29 23 6 23 42 92 56 46 77 29 23 42 92 56 46 77
29 23 42 6 23 42 92 56 46 77 29 23 42 92 56 46 77
29 23 42 6 42 92 56 46 77 29 23 42 92 56 46 77
29 23 42 92 6 42 92 56 46 77 29 23 42 92 56 46 77

71 9 39 72 66 67 80 71 9 39 72 66 67 80
71 9 39 72 66 67 80 71 9 13 9 39 72 66 67 80
71 9 39 72 66 67 80 71 9 39 13 9 39 72 66 67 80
71 9 39 72 66 67 80 71 9 39 13 39 72 66 67 80
71 9 39 72 66 67 80 71 9 39 72 13 39 72 66 67 80
71 9 13 9 39 72 66 67 80 71 9 39 72 66 67 80
71 9 39 13 9 39 72 66 67 80 71 9 39 72 66 67 80
71 9 39 13 39 72 66 67 80 71 9 39 72 66 67 80
71 9 39 72 13 39 72 66 67 80 71 9 39 72 66 67 80

40 49 40 82 65 36 74 40 49 40 82 65 36 74
40 49 40 82 65 36 74 40 49 9 49 40 82 65 36 74
40 49 40 82 65 36 74 40 49 40 9 49 40 82 65 36 74
40 49 40 82 65 36 74 40 49 40 9 40 82 65 36 74
40 49 40 82 65 36 74 40 49 40 82 9 40 82 65 36 74
40 49 9 49 40 82 65 36 74 40 49 40 82 65 36 74
40 49 40 9 49 40 82 65 36 74 40 49 40 82 65 36 74
40 49 40 9 40 82 65 36 74 40 49 40 82 65 36 74
40 49 40 82 9 40 82 65 36 74 40 49 40 82 65 36 74

38 50 82 33 54 69 19 38 50 82 33 54 69 19
38 50 82 33 54 69 19 38 50 20 50 82 33 54 69 19
38 50 82 33 54 69 19 38 50 82 20 50 82 33 54 69 19
38 50 82 33 54 69 19 38 50 82 20 82 33 54 69 19
38 50 82 33 54 69 19 38 50 82 33 20 82 33 54 69 19
38 50 20 50 82 33 54 69 19 38 50 82 33 54 69 19
38 50 82 20 50 82 33 54 69 19 38 50 82 33 54 69 19
38 50 82 20 82 33 54 69 19 38 50 82 33 54 69 19
38 50 82 33 20 82 33 54 69 19 38 50 82 33 54 69 19

51 97 20 40 85 89 8 51 97 20 40 85 89 8
51 97 20 40 85 89 8 51 97 14 97 20 40 85 89 8
51 97 20 40 85 89 8 51 97 20 14 97 20 40 85 89 8
51 97 20 40 85 89 8 51 97 20 14 20 40 85 89 8
51 97 20 40 85 89 8 51 97 20 40 14 20 40 85 89 8
51 97 14 97 20 40 85 89 8 51 97 20 40 85 89 8
51 97 20 14 97 20 40 85 89 8 51 97 20 40 85 89 8
51 97 20 14 20 40 85 89 8 51 97 20 40 85 89 8
51 97 20 40 14 20 40 85 89 8 51 97 20 40 85 89 8

27 68 23 23 24 97 38 27 68 23 23 24 97 38
27 68 23 23 24 97 38 27 68 9 68 23 23 24 97 38
27 68 23 23 24 97 38 27 68 23 9 68 23 23 24 97 38
27 68 23 23 24 97 38 27 68 23 9 23 23 24 97 38
27 68 23 23 24 97 38 27 68 23 23 9 23 23 24 97 38
27 68 9 68 23 23 24 97 38 27 68 23 23 24 97 38
27 68 23 9 68 23 23 24 97 38 27 68 23 23 24 97 38
27 68 23 9 23 23 24 97 38 27 68 23 23 24 97 38
27 68 23 23 9 23 23 24 97 38 27 68 23 23 24 97 38

80 98 43 62 82 10 13 80 98 43 62 82 10 13
80 98 43 62 82 10 13 80 98 8 98 43 62 82 10 13
80 98 43 62 82 10 13 80 98 43 8 98 43 62 82 10 13
80 98 43 62 82 10 13 80 98 43 8 43 62 82 10 13
80 98 43 62 82 10 13 80 98 43 62 8 43 62 82 10 13
80 98 8 98 43 62 82 10 13 80 98 43 62 82 10 13
80 98 43 8 98 43 62 82 10 13 80 98 43 62 82 10 13
80 98 43 8 43 62 82 10 13 80 98 43 62 82 10 13
80 98 43 62 8 43 62 82 10 13 80 98 43 62 82 10 13

97 58 21 55 5 13 59 97 58 21 55 5 13 59
97 58 21 55 5 13 59 97 58 16 58 21 55 5 13 59
97 58 21 55 5 13 59 97 58 21 16 58 21 55 5 13 59
97 58 21 55 5 13 59 97 58 21 16 21 55 5 13 59
97 58 21 55 5 13 59 97 58 21 55 16 21 55 5 13 59
97 58 16 58 21 55 5 13 59 97 58 21 55 5 13 59
97 58 21 16 58 21 55 5 13 59 97 58 21 55 5 13 59
97 58 21 16 21 55 5 13 59 97 58 21 55 5 13 59
97 58 21 55 16 21 55 5 13 59 97 58 21 55 5 13 59

55 25 69 97 40 42 87 55 25 69 97 40 42 87
55 25 69 97 40 42 87 55 25 10 25 69 97 40 42 87
55 25 69 97 40 42 87 55 25 69 10 25 69 97 40 42 87
55 25 69 97 40 42 87 55 25 69 10 69 97 40 42 87
55 25 69 97 40 42 87 55 25 69 97 10 69 97 40 42 87
55 25 10 25 69 97 40 42 87 55 25 69 97 40 42 87
55 25 69 10 25 69 97 40 42 87 55 25 69 97 40 42 87
55 25 69 10 69 97 40 42 87 55 25 69 97 40 42 87
55 25 69 97 10 69 97 40 42 87 55 25 69 97 40 42 87

63 99 29 89 15 49 57 63 99 29 89 15 49 57
63 99 29 89 15 49 57 63 99 15 99 29 89 15 49 57
63 99 29 89 15 49 57 63 99 29 15 99 29 89 15 49 57
63 99 29 89 15 49 57 63 99 29 15 29 89 15 49 57
63 99 29 89 15 49 57 63 99 29 89 15 29 89 15 49 57
63 99 15 99 29 89 15 49 57 63 99 29 89 15 49 57
63 99 29 15 99 29 89 15 49 57 63 99 29 89 15 49 57
63 99 29 15 29 89 15 49 57 63 99 29 89 15 49 57
63 99 29 89 15 29 89 15 49 57 63 99 29 89 15 49 57

30 65 83 50 53 15 73 30 65 83 50 53 15 73
30 65 83 50 53 15 73 30 65 14 65 83 50 53 15 73
30 65 83 50 53 15 73 30 65 83 14 65 83 50 53 15 73
30 65 83 50 53 15 73 30 65 83 14 83 50 53 15 73
30 65 83 50 53 15 73 30 65 83 50 14 83 50 53 15 73
30 65 14 65 83 50 53 15 73 30 65 83 50 53 15 73
30 65 83 14 65 83 50 53 15 73 30 65 83 50 53 15 73
30 65 83 14 83 50 53 15 73 30 65 83 50 53 15 73
30 65 83 50 14 83 50 53 15 73 30 65 83 50 53 15 73

40 90 32 72 33 32 72 40 90 32 72 33 32 72
40 90 32 72 33 32 72 40 90 12 90 32 72 33 32 72
40 90 32 72 33 32 72 40 90 32 12 90 32 72 33 32 72
40 90 32 72 33 32 72 40 90 32 12 32 72 33 32 72
40 90 32 72 33 32 72 40 90 32 72 12 32 72 33 32 72
40 90 12 90 32 72 33 32 72 40 90 32 72 33 32 72
40 90 32 12 90 32 72 33 32 72 40 90 32 72 33 32 72
40 90 32 12 32 72 33 32 72 40 90 32 72 33 32 72
40 90 32 72 12 32 72 33 32 72 40 90 32 72 33 32 72

60 76 76 61 62 22 17 60 76 76 61 62 22 17
60 76 76 61 62 22 17 60 76 5 76 76 61 62 22 17
60 76 76 61 62 22 17 60 76 76 5 76 76 61 62 22 17
60 76 76 61 62 22 17 60 76 76 5 76 61 62 22 17
60 76 76 61 62 22 17 60 76 76 61 5 76 61 62 22 17
60 76 5 76 76 61 62 22 17 60 76 76 61 62 22 17
60 76 76 5 76 76 61 62 22 17 60 76 76 61 62 22 17
60 76 76 5 76 61 62 22 17 60 76 76 61 62 22 17
60 76 76 61 5 76 61 62 22 17 60 76 76 61 62 22 17

94 17 10 87 64 95 34 94 17 10 87 64 95 34
94 17 10 87 64 95 34 94 17 13 17 10 87 64 95 34
94 17 10 87 64 95 34 94 17 10 13 17 10 87 64 95 34
94 17 10 87 64 95 34 94 17 10 13 10 87 64 95 34
94 17 10 87 64 95 34 94 17 10 87 13 10 87 64 95 34
94 17 13 17 10 87 64 95 34 94 17 10 87 64 95 34
94 17 10 13 17 10 87 64 95 34 94 17 10 87 64 95 34
94 17 10 13 10 87 64 95 34 94 17 10 87 64 95 34
94 17 10 87 13 10 87 64 95 34 94 17 10 87 64 95 34

14 66 78 71 84 57 80 14 66 78 71 84 57 80
14 66 78 71 84 57 80 14 66 10 66 78 71 84 57 80
14 66 78 71 84 57 80 14 66 78 10 66 78 71 84 57 80
14 66 78 71 84 57 80 14 66 78 10 78 71 84 57 80
14 66 78 71 84 57 80 14 66 78 71 10 78 71 84 57 80
14 66 10 66 78 71 84 57 80 14 66 78 71 84 57 80
14 66 78 10 66 78 71 84 57 80 14 66 78 71 84 57 80
14 66 78 10 78 71 84 57 80 14 66 78 71 84 57 80
14 66 78 71 10 78 71 84 57 80 14 66 78 71 84 57 80

17 100 42 86 84 22 49 17 100 42 86 84 22 49
17 100 42 86 84 22 49 17 100 20 100 42 86 84 22 49
17 100 42 86 84 22 49 17 100 42 20 100 42 86 84 22 49
17 100 42 86 84 22 49 17 100 42 20 42 86 84 22 49
17 100 42 86 84 22 49 17 100 42 86 20 42 86 84 22 49
17 100 20 100 42 86 84 22 49 17 100 42 86 84 22 49
17 100 42 20 100 42 86 84 22 49 17 100 42 86 84 22 49
17 100 42 20 42 86 84 22 49 17 100 42 86 84 22 49
17 100 42 86 20 42 86 84 22 49 17 100 42 86 84 22 49

90 90 40 16 100 60 5 90 90 40 16 100 60 5
90 90 40 16 100 60 5 90 90 17 90 40 16 100 60 5
90 90 40 16 100 60 5 90 90 40 17 90 40 16 100 60 5
90 90 40 16 100 60 5 90 90 40 17 40 16 100 60 5
90 90 40 16 100 60 5 90 90 40 16 17 40 16 100 60 5
90 90 17 90 40 16 100 60 5 90 90 40 16 100 60 5
90 90 40 17 90 40 16 100 60 5 90 90 40 16 100 60 5
90 90 40 17 40 16 100 60 5 90 90 40 16 100 60 5
90 90 40 16 17 40 16 100 60 5 90 90 40 16 100 60 5

21 44 75 61 89 81 17 21 44 75 61 89 81 17
21 44 75 61 89 81 17 21 44 9 44 75 61 89 81 17
21 44 75 61 89 81 17 21 44 75 9 44 75 61 89 81 17
21 44 75 61 89 81 17 21 44 75 9 75 61 89 81 17
21 44 75 61 89 81 17 21 44 75 61 9 75 61 89 81 17
21 44 9 44 75 61 89 81 17 21 44 75 61 89 81 17
21 44 75 9 44 75 61 89 81 17 21 44 75 61 89 81 17
21 44 75 9 75 61 89 81 17 21 44 75 61 89 81 17
21 44 75 61 9 75 61 89 81 17 21 44 75 61 89 81 17

9 12 56 11 48 6 13 9 12 56 11 48 6 13
9 12 56 11 48 6 13 9 12 14 12 56 11 48 6 13
9 12 56 11 48 6 13 9 12 56 14 12 56 11 48 6 13
9 12 56 11 48 6 13 9 12 56 14 56 11 48 6 13
9 12 56 11 48 6 13 9 12 56 11 14 56 11 48 6 13
9 12 14 12 56 11 48 6 13 9 12 56 11 48 6 13
9 12 56 14 12 56 11 48 6 13 9 12 56 11 48 6 13
9 12 56 14 56 11 48 6 13 9 12 56 11 48 6 13
9 12 56 11 14 56 11 48 6 13 9 12 56 11 48 6 13

81 6 81 53 13 93 40 81 6 81 53 13 93 40
81 6 81 53 13 93 40 81 6 6 6 81 53 13 93 40
81 6 81 53 13 93 40 81 6 81 6 6 81 53 13 93 40
81 6 81 53 13 93 40 81 6 81 6 81 53 13 93 40
81 6 81 53 13 93 40 81 6 81 53 6 81 53 13 93 40
81 6 6 6 81 53 13 93 40 81 6 81 53 13 93 40
81 6 81 6 6 81 53 13 93 40 81 6 81 53 13 93 40
81 6 81 6 81 53 13 93 40 81 6 81 53 13 93 40
81 6 81 53 6 81 53 13 93 40 81 6 81 53 13 93 40

87 37 10 92 85 18 28 87 37 10 92 85 18 28
87 37 10 92 85 18 28 87 37 19 37 10 92 85 18 28
87 37 10 92 85 18 28 87 37 10 19 37 10 92 85 18 28
87 37 10 92 85 18 28 87 37 10 19 10 92 85 18 28
87 37 10 92 85 18 28 87 37 10 92 19 10 92 85 18 28
87 37 19 37 10 92 85 18 28 87 37 10 92 85 18 28
87 37 10 19 37 10 92 85 18 28 87 37 10 92 85 18 28
87 37 10 19 10 92 85 18 28 87 37 10 92 85 18 28
87 37 10 92 19 10 92 85 18 28 87 37 10 92 85 18 28

9 53 29 59 48 53 78 9 53 29 59 48 53 78
9 53 29 59 48 53 78 9 53 18 53 29 59 48 53 78
9 53 29 59 48 53 78 9 53 29 18 53 29 59 48 53 78
9 53 29 59 48 53 78 9 53 29 18 29 59 48 53 78
9 53 29 59 48 53 78 9 53 29 59 18 29 59 48 53 78
9 53 18 53 29 59 48 53 78 9 53 29 59 48 53 78
9 53 29 18 53 29 59 48 53 78 9 53 29 59 48 53 78
9 53 29 18 29 59 48 53 78 9 53 29 59 48 53 78
9 53 29 59 18 29 59 48 53 78 9 53 29 59 48 53 78

73 97 5 16 14 5 12 73 97 5 16 14 5 12
73 97 5 16 14 5 12 73 97 10 97 5 16 14 5 12
73 97 5 16 14 5 12 73 97 5 10 97 5 16 14 5 12
73 97 5 16 14 5 12 73 97 5 10 5 16 14 5 12
73 97 5 16 14 5 12 73 97 5 16 10 5 16 14 5 12
73 97 10 97 5 16 14 5 12 73 97 5 16 14 5 12
73 97 5 10 97 5 16 14 5 12 73 97 5 16 14 5 12
73 97 5 10 5 16 14 5 12 73 97 5 16 14 5 12
73 97 5 16 10 5 16 14 5 12 73 97 5 16 14 5 12

55 51 72 20 40 58 47 55 51 72 20 40 58 47
55 51 72 20 40 58 47 55 51 7 51 72 20 40 58 47
55 51 72 20 40 58 47 55 51 72 7 51 72 20 40 58 47
55 51 72 20 40 58 47 55 51 72 7 72 20 40 58 47
55 51 72 20 40 58 47 55 51 72 20 7 72 20 40 58 47
55 51 7 51 72 20 40 58 47 55 51 72 20 40 58 47
55 51 72 7 51 72 20 40 58 47 55 51 72 20 40 58 47
55 51 72 7 72 20 40 58 47 55 51 72 20 40 58 47
55 51 72 20 7 72 20 40 58 47 55 51 72 20 40 58 47

20 30 88 78 98 7 62 20 30 88 78 98 7 62
20 30 88 78 98 7 62 20 30 17 30 88 78 98 7 62
20 30 88 78 98 7 62 20 30 88 17 30 88 78 98 7 62
20 30 88 78 98 7 62 20 30 88 17 88 78 98 7 62
20 30 88 78 98 7 62 20 30 88 78 17 88 78 98 7 62
20 30 17 30 88 78 98 7 62 20 30 88 78 98 7 62
20 30 88 17 30 88 78 98 7 62 20 30 88 78 98 7 62
20 30 88 17 88 78 98 7 62 20 30 88 78 98 7 62
20 30 88 78 17 88 78 98 7 62 20 30 88 78 98 7 62

35 28 24 42 29 96 17 35 28 24 42 29 96 17
35 28 24 42 29 96 17 35 28 12 28 24 42 29 96 17
35 28 24 42 29 96 17 35 28 24 12 28 24 42 29 96 17
35 28 24 42 29 96 17 35 28 24 12 24 42 29 96 17
35 28 24 42 29 96 17 35 28 24 42 12 24 42 29 96 17
35 28 12 28 24 42 29 96 17 35 28 24 42 29 96 17
35 28 24 12 28 24 42 29 96 17 35 28 24 42 29 96 17
35 28 24 12 24 42 29 96 17 35 28 24 42 29 96 17
35 28 24 42 12 24 42 29 96 17 35 28 24 42 29 96 17

99 65 25 40 76 92 79 99 65 25 40 76 92 79
99 65 25 40 76 92 79 99 65 15 65 25 40 76 92 79
99 65 25 40 76 92 79 99 65 25 15 65 25 40 76 92 79
99 65 25 40 76 92 79 99 65 25 15 25 40 76 92 79
99 65 25 40 76 92 79 99 65 25 40 15 25 40 76 92 79
99 65 15 65 25 40 76 92 79 99 65 25 40 76 92 79
99 65 25 15 65 25 40 76 92 79 99 65 25 40 76 92 79
99 65 25 15 25 40 76 92 79 99 65 25 40 76 92 79
99 65 25 40 15 25 40 76 92 79 99 65 25 40 76 92 79

70 55 12 57 52 35 45 70 55 12 57 52 35 45
70 55 12 57 52 35 45 70 55 16 55 12 57 52 35 45
70 55 12 57 52 35 45 70 55 12 16 55 12 57 52 35 45
70 55 12 57 52 35 45 70 55 12 16 12 57 52 35 45
70 55 12 57 52 35 45 70 55 12 57 16 12 57 52 35 45
70 55 16 55 12 57 52 35 45 70 55 12 57 52 35 45
70 55 12 16 55 12 57 52 35 45 70 55 12 57 52 35 45
70 55 12 16 12 57 52 35 45 70 55 12 57 52 35 45
70 55 12 57 16 12 57 52 35 45 70 55 12 57 52 35 45

100 19 88 52 87 25 98 100 19 88 52 87 25 98
100 19 88 52 87 25 98 100 19 9 19 88 52 87 25 98
100 19 88 52 87 25 98 100 19 88 9 19 88 52 87 25 98
100 19 88 52 87 25 98 100 19 88 9 88 52 87 25 98
100 19 88 52 87 25 98 100 19 88 52 9 88 52 87 25 98
100 19 9 19 88 52 87 25 98 100 19 88 52 87 25 98
100 19 88 9 19 88 52 87 25 98 100 19 88 52 87 25 98
100 19 88 9 88 52 87 25 98 100 19 88 52 87 25 98
100 19 88 52 9 88 52 87 25 98 100 19 88 52 87 25 98

28 47 36 43 44 93 29 28 47 36 43 44 93 29
28 47 36 43 44 93 29 28 47 14 47 36 43 44 93 29
28 47 36 43 44 93 29 28 47 36 14 47 36 43 44 93 29
28 47 36 43 44 93 29 28 47 36 14 36 43 44 93 29
28 47 36 43 44 93 29 28 47 36 43 14 36 43 44 93 29
28 47 14 47 36 43 44 93 29 28 47 36 43 44 93 29
28 47 36 14 47 36 43 44 93 29 28 47 36 43 44 93 29
28 47 36 14 36 43 44 93 29 28 47 36 43 44 93 29
28 47 36 43 14 36 43 44 93 29 28 47 36 43 44 93 29

99 79 49 40 66 75 87 99 79 49 40 66 75 87
99 79 49 40 66 75 87 99 79 7 79 49 40 66 75 87
99 79 49 40 66 75 87 99 79 49 7 79 49 40 66 75 87
99 79 49 40 66 75 87 99 79 49 7 49 40 66 75 87
99 79 49 40 66 75 87 99 79 49 40 7 49 40 66 75 87
99 79 7 79 49 40 66 75 87 99 79 49 40 66 75 87
99 79 49 7 79 49 40 66 75 87 99 79 49 40 66 75 87
99 79 49 7 49 40 66 75 87 99 79 49 40 66 75 87
99 79 49 40 7 49 40 66 75 87 99 79 49 40 66 75 87

72 99 99 95 76 66 42 72 99 99 95 76 66 42
72 99 99 95 76 66 42 72 99 5 99 99 95 76 66 42
72 99 99 95 76 66 42 72 99 99 5 99 99 95 76 66 42
72 99 99 95 76 66 42 72 99 99 5 99 95 76 66 42
72 99 99 95 76 66 42 72 99 99 95 5 99 95 76 66 42
72 99 5 99 99 95 76 66 42 72 99 99 95 76 66 42
72 99 99 5 99 99 95 76 66 42 72 99 99 95 76 66 42
72 99 99 5 99 95 76 66 42 72 99 99 95 76 66 42
72 99 99 95 5 99 95 76 66 42 72 99 99 95 76 66 42

7 5 30 81 43 21 30 7 5 30 81 43 21 30
7 5 30 81 43 21 30 7 5 16 5 30 81 43 21 30
7 5 30 81 43 21 30 7 5 30 16 5 30 81 43 21 30
7 5 30 81 43 21 30 7 5 30 16 30 81 43 21 30
7 5 30 81 43 21 30 7 5 30 81 16 30 81 43 21 30
7 5 16 5 30 81 43 21 30 7 5 30 81 43 21 30
7 5 30 16 5 30 81 43 21 30 7 5 30 81 43 21 30
7 5 30 16 30 81 43 21 30 7 5 30 81 43 21 30
7 5 30 81 16 30 81 43 21 30 7 5 30 81 43 21 30

50 93 17 88 84 20 76 50 93 17 88 84 20 76
50 93 17 88 84 20 76 50 93 18 93 17 88 84 20 76
50 93 17 88 84 20 76 50 93 17 18 93 17 88 84 20 76
50 93 17 88 84 20 76 50 93 17 18 17 88 84 20 76
50 93 17 88 84 20 76 50 93 17 88 18 17 88 84 20 76
50 93 18 93 17 88 84 20 76 50 93 17 88 84 20 76
50 93 17 18 93 17 88 84 20 76 50 93 17 88 84 20 76
50 93 17 18 17 88 84 20 76 50 93 17 88 84 20 76
50 93 17 88 18 17 88 84 20 76 50 93 17 88 84 20 76

96 5 54 26 77 94 34 96 5 54 26 77 94 34
96 5 54 26 77 94 34 96 5 5 5 54 26 77 94 34
96 5 54 26 77 94 34 96 5 54 5 5 54 26 77 94 34
96 5 54 26 77 94 34 96 5 54 5 54 26 77 94 34
96 5 54 26 77 94 34 96 5 54 26 5 54 26 77 94 34
96 5 5 5 54 26 77 94 34 96 5 54 26 77 94 34
96 5 54 5 5 54 26 77 94 34 96 5 54 26 77 94 34
96 5 54 5 54 26 77 94 34 96 5 54 26 77 94 34
96 5 54 26 5 54 26 77 94 34 96 5 54 26 77 94 34

22 96 28 98 27 94 93 22 96 28 98 27 94 93
22 96 28 98 27 94 93 22 96 8 96 28 98 27 94 93
22 96 28 98 27 94 93 22 96 28 8 96 28 98 27 94 93
22 96 28 98 27 94 93 22 96 28 8 28 98 27 94 93
22 96 28 98 27 94 93 22 96 28 98 8 28 98 27 94 93
22 96 8 96 28 98 27 94 93 22 96 28 98 27 94 93
22 96 28 8 96 28 98 27 94 93 22 96 28 98 27 94 93
22 96 28 8 28 98 27 94 93 22 96 28 98 27 94 93
22 96 28 98 8 28 98 27 94 93 22 96 28 98 27 94 93

50 25 100 17 18 95 90 50 25 100 17 18 95 90
50 25 100 17 18 95 90 50 25 7 25 100 17 18 95 90
50 25 100 17 18 95 90 50 25 100 7 25 100 17 18 95 90
50 25 100 17 18 95 90 50 25 100 7 100 17 18 95 90
50 25 100 17 18 95 90 50 25 100 17 7 100 17 18 95 90
50 25 7 25 100 17 18 95 90 50 25 100 17 18 95 90
50 25 100 7 25 100 17 18 95 90 50 25 100 17 18 95 90
50 25 100 7 100 17 18 95 90 50 25 100 17 18 95 90
50 25 100 17 7 100 17 18 95 90 50 25 100 17 18 95 90

94 15 60 53 6 43 92 94 15 60 53 6 43 92
94 15 60 53 6 43 92 94 15 13 15 60 53 6 43 92
94 15 60 53 6 43 92 94 15 60 13 15 60 53 6 43 92
94 15 60 53 6 43 92 94 15 60 13 60 53 6 43 92
94 15 60 53 6 43 92 94 15 60 53 13 60 53 6 43 92
94 15 13 15 60 53 6 43 92 94 15 60 53 6 43 92
94 15 60 13 15 60 53 6 43 92 94 15 60 53 6 43 92
94 15 60 13 60 53 6 43 92 94 15 60 53 6 43 92
94 15 60 53 13 60 53 6 43 92 94 15 60 53 6 43 92

42 36 76 31 18 67 26 42 36 76 31 18 67 26
42 36 76 31 18 67 26 42 36 10 36 76 31 18 67 26
42 36 76 31 18 67 26 42 36 76 10 36 76 31 18 67 26
42 36 76 31 18 67 26 42 36 76 10 76 31 18 67 26
42 36 76 31 18 67 26 42 36 76 31 10 76 31 18 67 26
42 36 10 36 76 31 18 67 26 42 36 76 31 18 67 26
42 36 76 10 36 76 31 18 67 26 42 36 76 31 18 67 26
42 36 76 10 76 31 18 67 26 42 36 76 31 18 67 26
42 36 76 31 10 76 31 18 67 26 42 36 76 31 18 67 26

70 92 74 19 24 91 62 70 92 74 19 24 91 62
70 92 74 19 24 91 62 70 92 15 92 74 19 24 91 62
70 92 74 19 24 91 62 70 92 74 15 92 74 19 24 91 62
70 92 74 19 24 91 62 70 92 74 15 74 19 24 91 62
70 92 74 19 24 91 62 70 92 74 19 15 74 19 24 91 62
70 92 15 92 74 19 24 91 62 70 92 74 19 24 91 62
70 92 74 15 92 74 19 24 91 62 70 92 74 19 24 91 62
70 92 74 15 74 19 24 91 62 70 92 74 19 24 91 62
70 92 74 19 15 74 19 24 91 62 70 92 74 19 24 91 62

76 100 66 94 94 35 72 76 100 66 94 94 35 72
76 100 66 94 94 35 72 76 100 11 100 66 94 94 35 72
76 100 66 94 94 35 72 76 100 66 11 100 66 94 94 35 72
76 100 66 94 94 35 72 76 100 66 11 66 94 94 35 72
76 100 66 94 94 35 72 76 100 66 94 11 66 94 94 35 72
76 100 11 100 66 94 94 35 72 76 100 66 94 94 35 72
76 100 66 11 100 66 94 94 35 72 76 100 66 94 94 35 72
76 100 66 11 66 94 94 35 72 76 100 66 94 94 35 72
76 100 66 94 11 66 94 94 35 72 76 100 66 94 94 35 72

46 56 48 84 22 80 51 46 56 48 84 22 80 51
46 56 48 84 22 80 51 46 56 5 56 48 84 22 80 51
46 56 48 84 22 80 51 46 56 48 5 56 48 84 22 80 51
46 56 48 84 22 80 51 46 56 48 5 48 84 22 80 51
46 56 48 84 22 80 51 46 56 48 84 5 48 84 22 80 51
46 56 5 56 48 84 22 80 51 46 56 48 84 22 80 51
46 56 48 5 56 48 84 22 80 51 46 56 48 84 22 80 51
46 56 48 5 48 84 22 80 51 46 56 48 84 22 80 51
46 56 48 84 5 48 84 22 80 51 46 56 48 84 22 80 51

32 57 72 87 39 33 10 32 57 72 87 39 33 10
32 57 72 87 39 33 10 32 57 16 57 72 87 39 33 10
32 57 72 87 39 33 10 32 57 72 16 57 72 87 39 33 10
32 57 72 87 39 33 10 32 57 72 16 72 87 39 33 10
32 57 72 87 39 33 10 32 57 72 87 16 72 87 39 33 10
32 57 16 57 72 87 39 33 10 32 57 72 87 39 33 10
32 57 72 16 57 72 87 39 33 10 32 57 72 87 39 33 10
32 57 72 16 72 87 39 33 10 32 57 72 87 39 33 10
32 57 72 87 16 72 87 39 33 10 32 57 72 87 39 33 10

71 91 22 30 27 84 72 71 91 22 30 27 84 72
71 91 22 30 27 84 72 71 91 6 91 22 30 27 84 72
71 91 22 30 27 84 72 71 91 22 6 91 22 30 27 84 72
71 91 22 30 27 84 72 71 91 22 6 22 30 27 84 72
71 91 22 30 27 84 72 71 91 22 30 6 22 30 27 84 72
71 91 6 91 22 30 27 84 72 71 91 22 30 27 84 72
71 91 22 6 91 22 30 27 84 72 71 91 22 30 27 84 72
71 91 22 6 22 30 27 84 72 71 91 22 30 27 84 72
71 91 22 30 6 22 30 27 84 72 71 91 22 30 27 84 72

15 28 20 87 66 87 97 15 28 20 87 66 87 97
15 28 20 87 66 87 97 15 28 5 28 20 87 66 87 97
15 28 20 87 66 87 97 15 28 20 5 28 20 87 66 87 97
15 28 20 87 66 87 97 15 28 20 5 20 87 66 87 97
15 28 20 87 66 87 97 15 28 20 87 5 20 87 66 87 97
15 28 5 28 20 87 66 87 97 15 28 20 87 66 87 97
15 28 20 5 28 20 87 66 87 97 15 28 20 87 66 87 97
15 28 20 5 20 87 66 87 97 15 28 20 87 66 87 97
15 28 20 87 5 20 87 66 87 97 15 28 20 87 66 87 97

20 14 54 16 39 71 68 20 14 54 16 39 71 68
20 14 54 16 39 71 68 20 14 17 14 54 16 39 71 68
20 14 54 16 39 71 68 20 14 54 17 14 54 16 39 71 68
20 14 54 16 39 71 68 20 14 54 17 54 16 39 71 68
20 14 54 16 39 71 68 20 14 54 16 17 54 16 39 71 68
20 14 17 14 54 16 39 71 68 20 14 54 16 39 71 68
20 14 54 17 14 54 16 39 71 68 20 14 54 16 39 71 68
20 14 54 17 54 16 39 71 68 20 14 54 16 39 71 68
20 14 54 16 17 54 16 39 71 68 20 14 54 16 39 71 68

100 97 76 15 31 76 93 100 97 76 15 31 76 93
100 97 76 15 31 76 93 100 97 11 97 76 15 31 76 93
100 97 76 15 31 76 93 100 97 76 11 97 76 15 31 76 93
100 97 76 15 31 76 93 100 97 76 11 76 15 31 76 93
100 97 76 15 31 76 93 100 97 76 15 11 76 15 31 76 93
100 97 11 97 76 15 31 76 93 100 97 76 15 31 76 93
100 97 76 11 97 76 15 31 76 93 100 97 76 15 31 76 93
100 97 76 11 76 15 31 76 93 100 97 76 15 31 76 93
100 97 76 15 11 76 15 31 76 93 100 97 76 15 31 76 93

79 81 17 34 58 65 38 79 81 17 34 58 65 38
79 81 17 34 58 65 38 79 81 15 81 17 34 58 65 38
79 81 17 34 58 65 38 79 81 17 15 81 17 34 58 65 38
79 81 17 34 58 65 38 79 81 17 15 17 34 58 65 38
79 81 17 34 58 65 38 79 81 17 34 15 17 34 58 65 38
79 81 15 81 17 34 58 65 38 79 81 17 34 58 65 38
79 81 17 15 81 17 34 58 65 38 79 81 17 34 58 65 38
79 81 17 15 17 34 58 65 38 79 81 17 34 58 65 38
79 81 17 34 15 17 34 58 65 38 79 81 17 34 58 65 38

26 41 17 29 92 33 30 26 41 17 29 92 33 30
26 41 17 29 92 33 30 26 41 10 41 17 29 92 33 30
26 41 17 29 92 33 30 26 41 17 10 41 17 29 92 33 30
26 41 17 29 92 33 30 26 41 17 10 17 29 92 33 30
26 41 17 29 92 33 30 26 41 17 29 10 17 29 92 33 30
26 41 10 41 17 29 92 33 30 26 41 17 29 92 33 30
26 41 17 10 41 17 29 92 33 30 26 41 17 29 92 33 30
26 41 17 10 17 29 92 33 30 26 41 17 29 92 33 30
26 41 17 29 10 17 29 92 33 30 26 41 17 29 92 33 30

6 19 78 51 28 46 34 6 19 78 51 28 46 34
6 19 78 51 28 46 34 6 19 14 19 78 51 28 46 34
6 19 78 51 28 46 34 6 19 78 14 19 78 51 28 46 34
6 19 78 51 28 46 34 6 19 78 14 78 51 28 46 34
6 19 78 51 28 46 34 6 19 78 51 14 78 51 28 46 34
6 19 14 19 78 51 28 46 34 6 19 78 51 28 46 34
6 19 78 14 19 78 51 28 46 34 6 19 78 51 28 46 34
6 19 78 14 78 51 28 46 34 6 19 78 51 28 46 34
6 19 78 51 14 78 51 28 46 34 6 19 78 51 28 46 34

78 35 93 31 82 30 71 78 35 93 31 82 30 71
78 35 93 31 82 30 71 78 35 11 35 93 31 82 30 71
78 35 93 31 82 30 71 78 35 93 11 35 93 31 82 30 71
78 35 93 31 82 30 71 78 35 93 11 93 31 82 30 71
78 35 93 31 82 30 71 78 35 93 31 11 93 31 82 30 71
78 35 11 35 93 31 82 30 71 78 35 93 31 82 30 71
78 35 93 11 35 93 31 82 30 71 78 35 93 31 82 30 71
78 35 93 11 93 31 82 30 71 78 35 93 31 82 30 71
78 35 93 31 11 93 31 82 30 71 78 35 93 31 82 30 71

91 98 93 86 91 82 90 91 98 93 86 91 82 90
91 98 93 86 91 82 90 91 98 18 98 93 86 91 82 90
91 98 93 86 91 82 90 91 98 93 18 98 93 86 91 82 90
91 98 93 86 91 82 90 91 98 93 18 93 86 91 82 90
91 98 93 86 91 82 90 91 98 93 86 18 93 86 91 82 90
91 98 18 98 93 86 91 82 90 91 98 93 86 91 82 90
91 98 93 18 98 93 86 91 82 90 91 98 93 86 91 82 90
91 98 93 18 93 86 91 82 90 91 98 93 86 91 82 90
91 98 93 86 18 93 86 91 82 90 91 98 93 86 91 82 90

55 6 85 22 14 39 90 55 6 85 22 14 39 90
55 6 85 22 14 39 90 55 6 9 6 85 22 14 39 90
55 6 85 22 14 39 90 55 6 85 9 6 85 22 14 39 90
55 6 85 22 14 39 90 55 6 85 9 85 22 14 39 90
55 6 85 22 14 39 90 55 6 85 22 9 85 22 14 39 90
55 6 9 6 85 22 14 39 90 55 6 85 22 14 39 90
55 6 85 9 6 85 22 14 39 90 55 6 85 22 14 39 90
55 6 85 9 85 22 14 39 90 55 6 85 22 14 39 90
55 6 85 22 9 85 22 14 39 90 55 6 85 22 14 39 90

56 7 59 78 20 65 70 56 7 59 78 20 65 70
56 7 59 78 20 65 70 56 7 13 7 59 78 20 65 70
56 7 59 78 20 65 70 56 7 59 13 7 59 78 20 65 70
56 7 59 78 20 65 70 56 7 59 13 59 78 20 65 70
56 7 59 78 20 65 70 56 7 59 78 13 59 78 20 65 70
56 7 13 7 59 78 20 65 70 56 7 59 78 20 65 70
56 7 59 13 7 59 78 20 65 70 56 7 59 78 20 65 70
56 7 59 13 59 78 20 65 70 56 7 59 78 20 65 70
56 7 59 78 13 59 78 20 65 70 56 7 59 78 20 65 70

66 88 26 66 47 14 14 66 88 26 66 47 14 14
66 88 26 66 47 14 14 66 88 13 88 26 66 47 14 14
66 88 26 66 47 14 14 66 88 26 13 88 26 66 47 14 14
66 88 26 66 47 14 14 66 88 26 13 26 66 47 14 14
66 88 26 66 47 14 14 66 88 26 66 13 26 66 47 14 14
66 88 13 88 26 66 47 14 14 66 88 26 66 47 14 14
66 88 26 13 88 26 66 47 14 14 66 88 26 66 47 14 14
66 88 26 13 26 66 47 14 14 66 88 26 66 47 14 14
66 88 26 66 13 26 66 47 14 14 66 88 26 66 47 14 14

39 33 60 58 12 16 55 39 33 60 58 12 16 55
39 33 60 58 12 16 55 39 33 17 33 60 58 12 16 55
39 33 60 58 12 16 55 39 33 60 17 33 60 58 12 16 55
39 33 60 58 12 16 55 39 33 60 17 60 58 12 16 55
39 33 60 58 12 16 55 39 33 60 58 17 60 58 12 16 55
39 33 17 33 60 58 12 16 55 39 33 60 58 12 16 55
39 33 60 17 33 60 58 12 16 55 39 33 60 58 12 16 55
39 33 60 17 60 58 12 16 55 39 33 60 58 12 16 55
39 33 60 58 17 60 58 12 16 55 39 33 60 58 12 16 55

54 9 48 33 18 44 66 54 9 48 33 18 44 66
54 9 48 33 18 44 66 54 9 14 9 48 33 18 44 66
54 9 48 33 18 44 66 54 9 48 14 9 48 33 18 44 66
54 9 48 33 18 44 66 54 9 48 14 48 33 18 44 66
54 9 48 33 18 44 66 54 9 48 33 14 48 33 18 44 66
54 9 14 9 48 33 18 44 66 54 9 48 33 18 44 66
54 9 48 14 9 48 33 18 44 66 54 9 48 33 18 44 66
54 9 48 14 48 33 18 44 66 54 9 48 33 18 44 66
54 9 48 33 14 48 33 18 44 66 54 9 48 33 18 44 66

34 7 98 12 93 50 12 34 7 98 12 93 50 12
34 7 98 12 93 50 12 34 7 19 7 98 12 93 50 12
34 7 98 12 93 50 12 34 7 98 19 7 98 12 93 50 12
34 7 98 12 93 50 12 34 7 98 19 98 12 93 50 12
34 7 98 12 93 50 12 34 7 98 12 19 98 12 93 50 12
34 7 19 7 98 12 93 50 12 34 7 98 12 93 50 12
34 7 98 19 7 98 12 93 50 12 34 7 98 12 93 50 12
34 7 98 19 98 12 93 50 12 34 7 98 12 93 50 12
34 7 98 12 19 98 12 93 50 12 34 7 98 12 93 50 12

77 62 19 53 56 86 76 77 62 19 53 56 86 76
77 62 19 53 56 86 76 77 62 13 62 19 53 56 86 76
77 62 19 53 56 86 76 77 62 19 13 62 19 53 56 86 76
77 62 19 53 56 86 76 77 62 19 13 19 53 56 86 76
77 62 19 53 56 86 76 77 62 19 53 13 19 53 56 86 76
77 62 13 62 19 53 56 86 76 77 62 19 53 56 86 76
77 62 19 13 62 19 53 56 86 76 77 62 19 53 56 86 76
77 62 19 13 19 53 56 86 76 77 62 19 53 56 86 76
77 62 19 53 13 19 53 56 86 76 77 62 19 53 56 86 76

49 53 27 45 67 54 18 49 53 27 45 67 54 18
49 53 27 45 67 54 18 49 53 16 53 27 45 67 54 18
49 53 27 45 67 54 18 49 53 27 16 53 27 45 67 54 18
49 53 27 45 67 54 18 49 53 27 16 27 45 67 54 18
49 53 27 45 67 54 18 49 53 27 45 16 27 45 67 54 18
49 53 16 53 27 45 67 54 18 49 53 27 45 67 54 18
49 53 27 16 53 27 45 67 54 18 49 53 27 45 67 54 18
49 53 27 16 27 45 67 54 18 49 53 27 45 67 54 18
49 53 27 45 16 27 45 67 54 18 49 53 27 45 67 54 18

38 54 16 50 80 46 98 38 54 16 50 80 46 98
38 54 16 50 80 46 98 38 54 6 54 16 50 80 46 98
38 54 16 50 80 46 98 38 54 16 6 54 16 50 80 46 98
38 54 16 50 80 46 98 38 54 16 6 16 50 80 46 98
38 54 16 50 80 46 98 38 54 16 50 6 16 50 80 46 98
38 54 6 54 16 50 80 46 98 38 54 16 50 80 46 98
38 54 16 6 54 16 50 80 46 98 38 54 16 50 80 46 98
38 54 16 6 16 50 80 46 98 38 54 16 50 80 46 98
38 54 16 50 6 16 50 80 46 98 38 54 16 50 80 46 98

69 81 57 45 78 22 87 69 81 57 45 78 22 87
69 81 57 45 78 22 87 69 81 15 81 57 45 78 22 87
69 81 57 45 78 22 87 69 81 57 15 81 57 45 78 22 87
69 81 57 45 78 22 87 69 81 57 15 57 45 78 22 87
69 81 57 45 78 22 87 69 81 57 45 15 57 45 78 22 87
69 81 15 81 57 45 78 22 87 69 81 57 45 78 22 87
69 81 57 15 81 57 45 78 22 87 69 81 57 45 78 22 87
69 81 57 15 57 45 78 22 87 69 81 57 45 78 22 87
69 81 57 45 15 57 45 78 22 87 69 81 57 45 78 22 87

18 44 27 11 45 50 70 18 44 27 11 45 50 70
18 44 27 11 45 50 70 18 44 10 44 27 11 45 50 70
18 44 27 11 45 50 70 18 44 27 10 44 27 11 45 50 70
18 44 27 11 45 50 70 18 44 27 10 27 11 45 50 70
18 44 27 11 45 50 70 18 44 27 11 10 27 11 45 50 70
18 44 10 44 27 11 45 50 70 18 44 27 11 45 50 70
18 44 27 10 44 27 11 45 50 70 18 44 27 11 45 50 70
18 44 27 10 27 11 45 50 70 18 44 27 11 45 50 70
18 44 27 11 10 27 11 45 50 70 18 44 27 11 45 50 70

96 76 52 69 64 81 18 96 76 52 69 64 81 18
96 76 52 69 64 81 18 96 76 20 76 52 69 64 81 18
96 76 52 69 64 81 18 96 76 52 20 76 52 69 64 81 18
96 76 52 69 64 81 18 96 76 52 20 52 69 64 81 18
96 76 52 69 64 81 18 96 76 52 69 20 52 69 64 81 18
96 76 20 76 52 69 64 81 18 96 76 52 69 64 81 18
96 76 52 20 76 52 69 64 81 18 96 76 52 69 64 81 18
96 76 52 20 52 69 64 81 18 96 76 52 69 64 81 18
96 76 52 69 20 52 69 64 81 18 96 76 52 69 64 81 18

41 65 39 8 91 63 73 41 65 39 8 91 63 73
41 65 39 8 91 63 73 41 65 20 65 39 8 91 63 73
41 65 39 8 91 63 73 41 65 39 20 65 39 8 91 63 73
41 65 39 8 91 63 73 41 65 39 20 39 8 91 63 73
41 65 39 8 91 63 73 41 65 39 8 20 39 8 91 63 73
41 65 20 65 39 8 91 63 73 41 65 39 8 91 63 73
41 65 39 20 65 39 8 91 63 73 41 65 39 8 91 63 73
41 65 39 20 39 8 91 63 73 41 65 39 8 91 63 73
41 65 39 8 20 39 8 91 63 73 41 65 39 8 91 63 73

44 69 88 85 22 61 49 44 69 88 85 22 61 49
44 69 88 85 22 61 49 44 69 20 69 88 85 22 61 49
44 69 88 85 22 61 49 44 69 88 20 69 88 85 22 61 49
44 69 88 85 22 61 49 44 69 88 20 88 85 22 61 49
44 69 88 85 22 61 49 44 69 88 85 20 88 85 22 61 49
44 69 20 69 88 85 22 61 49 44 69 88 85 22 61 49
44 69 88 20 69 88 85 22 61 49 44 69 88 85 22 61 49
44 69 88 20 88 85 22 61 49 44 69 88 85 22 61 49
44 69 88 85 20 88 85 22 61 49 44 69 88 85 22 61 49

30 95 64 41 50 18 50 30 95 64 41 50 18 50
30 95 64 41 50 18 50 30 95 17 95 64 41 50 18 50
30 95 64 41 50 18 50 30 95 64 17 95 64 41 50 18 50
30 95 64 41 50 18 50 30 95 64 17 64 41 50 18 50
30 95 64 41 50 18 50 30 95 64 41 17 64 41 50 18 50
30 95 17 95 64 41 50 18 50 30 95 64 41 50 18 50
30 95 64 17 95 64 41 50 18 50 30 95 64 41 50 18 50
30 95 64 17 64 41 50 18 50 30 95 64 41 50 18 50
30 95 64 41 17 64 41 50 18 50 30 95 64 41 50 18 50

47 5 100 73 32 16 73 47 5 100 73 32 16 73
47 5 100 73 32 16 73 47 5 19 5 100 73 32 16 73
47 5 100 73 32 16 73 47 5 100 19 5 100 73 32 16 73
47 5 100 73 32 16 73 47 5 100 19 100 73 32 16 73
47 5 100 73 32 16 73 47 5 100 73 19 100 73 32 16 73
47 5 19 5 100 73 32 16 73 47 5 100 73 32 16 73
47 5 100 19 5 100 73 32 16 73 47 5 100 73 32 16 73
47 5 100 19 100 73 32 16 73 47 5 100 73 32 16 73
47 5 100 73 19 100 73 32 16 73 47 5 100 73 32 16 73

97 81 24 36 12 28 58 97 81 24 36 12 28 58
97 81 24 36 12 28 58 97 81 7 81 24 36 12 28 58
97 81 24 36 12 28 58 97 81 24 7 81 24 36 12 28 58
97 81 24 36 12 28 58 97 81 24 7 24 36 12 28 58
97 81 24 36 12 28 58 97 81 24 36 7 24 36 12 28 58
97 81 7 81 24 36 12 28 58 97 81 24 36 12 28 58
97 81 24 7 81 24 36 12 28 58 97 81 24 36 12 28 58
97 81 24 7 24 36 12 28 58 97 81 24 36 12 28 58
97 81 24 36 7 24 36 12 28 58 97 81 24 36 12 28 58

81 95 7 7 29 95 82 81 95 7 7 29 95 82
81 95 7 7 29 95 82 81 95 9 95 7 7 29 95 82
81 95 7 7 29 95 82 81 95 7 9 95 7 7 29 95 82
81 95 7 7 29 95 82 81 95 7 9 7 7 29 95 82
81 95 7 7 29 95 82 81 95 7 7 9 7 7 29 95 82
81 95 9 95 7 7 29 95 82 81 95 7 7 29 95 82
81 95 7 9 95 7 7 29 95 82 81 95 7 7 29 95 82
81 95 7 9 7 7 29 95 82 81 95 7 7 29 95 82
81 95 7 7 9 7 7 29 95 82 81 95 7 7 29 95 82

31 81 37 58 24 61 10 31 81 37 58 24 61 10
31 81 37 58 24 61 10 31 81 11 81 37 58 24 61 10
31 81 37 58 24 61 10 31 81 37 11 81 37 58 24 61 10
31 81 37 58 24 61 10 31 81 37 11 37 58 24 61 10
31 81 37 58 24 61 10 31 81 37 58 11 37 58 24 61 10
31 81 11 81 37 58 24 61 10 31 81 37 58 24 61 10
31 81 37 11 81 37 58 24 61 10 31 81 37 58 24 61 10
31 81 37 11 37 58 24 61 10 31 81 37 58 24 61 10
31 81 37 58 11 37 58 24 61 10 31 81 37 58 24 61 10

64 93 11 72 7 49 82 64 93 11 72 7 49 82
64 93 11 72 7 49 82 64 93 7 93 11 72 7 49 82
64 93 11 72 7 49 82 64 93 11 7 93 11 72 7 49 82
64 93 11 72 7 49 82 64 93 11 7 11 72 7 49 82
64 93 11 72 7 49 82 64 93 11 72 7 11 72 7 49 82
64 93 7 93 11 72 7 49 82 64 93 11 72 7 49 82
64 93 11 7 93 11 72 7 49 82 64 93 11 72 7 49 82
64 93 11 7 11 72 7 49 82 64 93 11 72 7 49 82
64 93 11 72 7 11 72 7 49 82 64 93 11 72 7 49 82

100 29 15 62 8 24 36 100 29 15 62 8 24 36
100 29 15 62 8 24 36 100 29 6 29 15 62 8 24 36
100 29 15 62 8 24 36 100 29 15 6 29 15 62 8 24 36
100 29 15 62 8 24 36 100 29 15 6 15 62 8 24 36
100 29 15 62 8 24 36 100 29 15 62 6 15 62 8 24 36
100 29 6 29 15 62 8 24 36 100 29 15 62 8 24 36
100 29 15 6 29 15 62 8 24 36 100 29 15 62 8 24 36
100 29 15 6 15 62 8 24 36 100 29 15 62 8 24 36
100 29 15 62 6 15 62 8 24 36 100 29 15 62 8 24 36

33 75 77 60 79 100 91 33 75 77 60 79 100 91
33 75 77 60 79 100 91 33 75 6 75 77 60 79 100 91
33 75 77 60 79 100 91 33 75 77 6 75 77 60 79 100 91
33 75 77 60 79 100 91 33 75 77 6 77 60 79 100 91
33 75 77 60 79 100 91 33 75 77 60 6 77 60 79 100 91
33 75 6 75 77 60 79 100 91 33 75 77 60 79 100 91
33 75 77 6 75 77 60 79 100 91 33 75 77 60 79 100 91
33 75 77 6 77 60 79 100 91 33 75 77 60 79 100 91
33 75 77 60 6 77 60 79 100 91 33 75 77 60 79 100 91

6 95 95 23 96 41 98 6 95 95 23 96 41 98
6 95 95 23 96 41 98 6 95 5 95 95 23 96 41 98
6 95 95 23 96 41 98 6 95 95 5 95 95 23 96 41 98
6 95 95 23 96 41 98 6 95 95 5 95 23 96 41 98
6 95 95 23 96 41 98 6 95 95 23 5 95 23 96 41 98
6 95 5 95 95 23 96 41 98 6 95 95 23 96 41 98
6 95 95 5 95 95 23 96 41 98 6 95 95 23 96 41 98
6 95 95 5 95 23 96 41 98 6 95 95 23 96 41 98
6 95 95 23 5 95 23 96 41 98 6 95 95 23 96 41 98

95 48 57 31 78 91 88 95 48 57 31 78 91 88
95 48 57 31 78 91 88 95 48 13 48 57 31 78 91 88
95 48 57 31 78 91 88 95 48 57 13 48 57 31 78 91 88
95 48 57 31 78 91 88 95 48 57 13 57 31 78 91 88
95 48 57 31 78 91 88 95 48 57 31 13 57 31 78 91 88
95 48 13 48 57 31 78 91 88 95 48 57 31 78 91 88
95 48 57 13 48 57 31 78 91 88 95 48 57 31 78 91 88
95 48 57 13 57 31 78 91 88 95 48 57 31 78 91 88
95 48 57 31 13 57 31 78 91 88 95 48 57 31 78 91 88

17 42 52 11 50 41 84 17 42 52 11 50 41 84
17 42 52 11 50 41 84 17 42 16 42 52 11 50 41 84
17 42 52 11 50 41 84 17 42 52 16 42 52 11 50 41 84
17 42 52 11 50 41 84 17 42 52 16 52 11 50 41 84
17 42 52 11 50 41 84 17 42 52 11 16 52 11 50 41 84
17 42 16 42 52 11 50 41 84 17 42 52 11 50 41 84
17 42 52 16 42 52 11 50 41 84 17 42 52 11 50 41 84
17 42 52 16 52 11 50 41 84 17 42 52 11 50 41 84
17 42 52 11 16 52 11 50 41 84 17 42 52 11 50 41 84

5 52 95 8 74 6 17 5 52 95 8 74 6 17
5 52 95 8 74 6 17 5 52 10 52 95 8 74 6 17
5 52 95 8 74 6 17 5 52 95 10 52 95 8 74 6 17
5 52 95 8 74 6 17 5 52 95 10 95 8 74 6 17
5 52 95 8 74 6 17 5 52 95 8 10 95 8 74 6 17
5 52 10 52 95 8 74 6 17 5 52 95 8 74 6 17
5 52 95 10 52 95 8 74 6 17 5 52 95 8 74 6 17
5 52 95 10 95 8 74 6 17 5 52 95 8 74 6 17
5 52 95 8 10 95 8 74 6 17 5 52 95 8 74 6 17

99 48 16 7 38 19 14 99 48 16 7 38 19 14
99 48 16 7 38 19 14 99 48 13 48 16 7 38 19 14
99 48 16 7 38 19 14 99 48 16 13 48 16 7 38 19 14
99 48 16 7 38 19 14 99 48 16 13 16 7 38 19 14
99 48 16 7 38 19 14 99 48 16 7 13 16 7 38 19 14
99 48 13 48 16 7 38 19 14 99 48 16 7 38 19 14
99 48 16 13 48 16 7 38 19 14 99 48 16 7 38 19 14
99 48 16 13 16 7 38 19 14 99 48 16 7 38 19 14
99 48 16 7 13 16 7 38 19 14 99 48 16 7 38 19 14

56 35 48 65 48 42 71 56 35 48 65 48 42 71
56 35 48 65 48 42 71 56 35 13 35 48 65 48 42 71
56 35 48 65 48 42 71 56 35 48 13 35 48 65 48 42 71
56 35 48 65 48 42 71 56 35 48 13 48 65 48 42 71
56 35 48 65 48 42 71 56 35 48 65 13 48 65 48 42 71
56 35 13 35 48 65 48 42 71 56 35 48 65 48 42 71
56 35 48 13 35 48 65 48 42 71 56 35 48 65 48 42 71
56 35 48 13 48 65 48 42 71 56 35 48 65 48 42 71
56 35 48 65 13 48 65 48 42 71 56 35 48 65 48 42 71

