150
7
2
2

23
17
0
2
21
30
9
16
26
22
10
3
23
26
29
2
17
30
6
9
27
23
26
10
29
29
0
30
2
21
23
2
26
18
5
28
22
0
14
2
3
20
27
24
15
4
22
27
0
15
4
6
9
25
12
11
30
6
27
26
29
2
16
5
3
22
6
14
7
8
20
3
2
15
15
22
17
7
7
20
5
13
1
2
28
30
9
23
29
7
15
29
16
12
16
13
20
1
24
30
29
3
7
5
2
12
13
17
28
13
1
4
9
2
19
8
18
3
4
14
11
10
12
20
1
24
25
22
11
17
6
28
1
8
19
30
2
15
21
4
18
19
26
23
22
14
18
2
6
12

111 73 
42 43 
115 116 
27 102 
35 113 
98 71 
64 113 
102 100 
28 76 
41 98 
90 90 
89 69 
67 54 
41 13 
31 78 
61 53 
43 98 
99 69 
95 66 
110 98 
32 79 
51 45 
56 104 
37 103 
74 86 
103 33 
36 48 
80 74 
32 40 
104 92 
63 106 
46 30 
106 52 
72 88 
41 47 
92 35 
58 89 
84 46 
87 30 
63 70 
76 19 
105 41 
29 112 
101 42 
105 53 
46 77 
104 31 
100 30 
49 46 
103 60 
91 21 
49 38 
95 32 
80 79 
75 95 
76 75 
54 48 
22 71 
28 90 
40 68 
26 105 
22 31 
104 46 
38 45 
102 47 
79 39 
70 51 
29 66 
56 47 
50 24 
60 83 
22 100 
36 77 
105 106 
31 59 
77 105 
94 24 
48 35 
48 93 
96 17 
51 78 
92 40 
49 30 
64 70 
82 50 
99 80 
90 74 
39 94 
62 43 
59 69 
90 29 
66 26 
88 91 
79 19 
72 104 
107 23 
85 38 
38 44 
59 38 
102 104 
15 105 
57 39 
33 85 
71 91 
32 69 
30 92 
78 65 
67 39 
34 14 
74 85 
67 37 
49 55 
37 45 
76 108 
84 64 
79 22 
97 42 
41 38 
83 82 
99 79 
24 40 
38 54 
34 82 
90 15 
84 103 
107 47 
41 82 
72 24 
20 77 
47 75 
75 22 
40 50 
64 52 
82 96 
88 79 
100 112 
53 16 
76 95 
89 111 
105 43 
58 58 
54 77 
115 79 
63 94 
69 53 
80 64 
55 29 
71 68 
54 65 
97 90 

2739
1090
2308
1713
1514
1926
1867
2711
1132
1726
2327
1608
1555
1545
1344
1553
2071
1522
2225
2070
1458
1853
2092
1867
1454
2125
1321
2109
1556
2043
2346
1976
2093
1636
1202
1237
2161
1746
1020
2071
1824
2031
1630
2384
2179
1279
1962
2314
1879
2073
1368
1130
1378
1793
1629
1612
1843
1545
2086
1600
2410
1619
2616
1628
2533
1848
2095
1611
1440
1525
2083
1992
1122
2676
1774
2152
1775
1621
1914
1870
1694
1686
1233
1967
1631
2545
2537
1752
1512
1914
1747
1910
2243
1027
2059
1853
1218
1721
1943
2173
2078
1470
1249
2086
1841
1994
1275
2139
1618
1635
1623
1864
1940
1853
1979
1633
1714
1685
2244
2143
1927
1492
1849
1465
2357
2469
1794
1674
1828
1508
1411
1445
1860
2329
1929
2090
1347
2409
1820
2283
1856
1764
2387
1934
1849
2269
1085
1575
1726
1870

1 2 3 4 5 1 2 3 4 5 6 7
1 2 3 4 5 1 2 100 102 3 4 5 6 7
1 2 3 4 5 1 2 3 100 102 103 4 5 6 7
1 2 3 4 5 1 2 3 100 103 4 5 6 7
1 2 3 4 5 1 2 3 4 100 103 104 5 6 7
1 2 100 102 3 4 5 1 2 3 4 5 6 7
1 2 3 100 102 103 4 5 1 2 3 4 5 6 7
1 2 3 100 103 4 5 1 2 3 4 5 6 7
1 2 3 4 100 103 104 5 1 2 3 4 5 6 7

80 79 96 65 67 59 99 80 79 96 65 67 59 99
80 79 96 65 67 59 99 80 79 16 79 96 65 67 59 99
80 79 96 65 67 59 99 80 79 96 16 79 96 65 67 59 99
80 79 96 65 67 59 99 80 79 96 16 96 65 67 59 99
80 79 96 65 67 59 99 80 79 96 65 16 96 65 67 59 99
80 79 16 79 96 65 67 59 99 80 79 96 65 67 59 99
80 79 96 16 79 96 65 67 59 99 80 79 96 65 67 59 99
80 79 96 16 96 65 67 59 99 80 79 96 65 67 59 99
80 79 96 65 16 96 65 67 59 99 80 79 96 65 67 59 99

25 36 34 25 12 77 36 25 36 34 25 12 77 36
25 36 34 25 12 77 36 25 36 14 36 34 25 12 77 36
25 36 34 25 12 77 36 25 36 34 14 36 34 25 12 77 36
25 36 34 25 12 77 36 25 36 34 14 34 25 12 77 36
25 36 34 25 12 77 36 25 36 34 25 14 34 25 12 77 36
25 36 14 36 34 25 12 77 36 25 36 34 25 12 77 36
25 36 34 14 36 34 25 12 77 36 25 36 34 25 12 77 36
25 36 34 14 34 25 12 77 36 25 36 34 25 12 77 36
25 36 34 25 14 34 25 12 77 36 25 36 34 25 12 77 36

35 61 96 97 23 78 100 35 61 96 97 23 78 100
35 61 96 97 23 78 100 35 61 14 61 96 97 23 78 100
35 61 96 97 23 78 100 35 61 96 14 61 96 97 23 78 100
35 61 96 97 23 78 100 35 61 96 14 96 97 23 78 100
35 61 96 97 23 78 100 35 61 96 97 14 96 97 23 78 100
35 61 14 61 96 97 23 78 100 35 61 96 97 23 78 100
35 61 96 14 61 96 97 23 78 100 35 61 96 97 23 78 100
35 61 96 14 96 97 23 78 100 35 61 96 97 23 78 100
35 61 96 97 14 96 97 23 78 100 35 61 96 97 23 78 100

54 51 8 90 20 78 76 54 51 8 90 20 78 76
54 51 8 90 20 78 76 54 51 11 51 8 90 20 78 76
54 51 8 90 20 78 76 54 51 8 11 51 8 90 20 78 76
54 51 8 90 20 78 76 54 51 8 11 8 90 20 78 76
54 51 8 90 20 78 76 54 51 8 90 11 8 90 20 78 76
54 51 11 51 8 90 20 78 76 54 51 8 90 20 78 76
54 51 8 11 51 8 90 20 78 76 54 51 8 90 20 78 76
54 51 8 11 8 90 20 78 76 54 51 8 90 20 78 76
54 51 8 90 11 8 90 20 78 76 54 51 8 90 20 78 76

34 9 25 97 71 7 30 34 9 25 97 71 7 30
34 9 25 97 71 7 30 34 9 19 9 25 97 71 7 30
34 9 25 97 71 7 30 34 9 25 19 9 25 97 71 7 30
34 9 25 97 71 7 30 34 9 25 19 25 97 71 7 30
34 9 25 97 71 7 30 34 9 25 97 19 25 97 71 7 30
34 9 19 9 25 97 71 7 30 34 9 25 97 71 7 30
34 9 25 19 9 25 97 71 7 30 34 9 25 97 71 7 30
34 9 25 19 25 97 71 7 30 34 9 25 97 71 7 30
34 9 25 97 19 25 97 71 7 30 34 9 25 97 71 7 30

78 48 86 55 39 7 48 78 48 86 55 39 7 48
78 48 86 55 39 7 48 78 48 10 48 86 55 39 7 48
78 48 86 55 39 7 48 78 48 86 10 48 86 55 39 7 48
78 48 86 55 39 7 48 78 48 86 10 86 55 39 7 48
78 48 86 55 39 7 48 78 48 86 55 10 86 55 39 7 48
78 48 10 48 86 55 39 7 48 78 48 86 55 39 7 48
78 48 86 10 48 86 55 39 7 48 78 48 86 55 39 7 48
78 48 86 10 86 55 39 7 48 78 48 86 55 39 7 48
78 48 86 55 10 86 55 39 7 48 78 48 86 55 39 7 48

60 26 55 100 60 38 12 60 26 55 100 60 38 12
60 26 55 100 60 38 12 60 26 13 26 55 100 60 38 12
60 26 55 100 60 38 12 60 26 55 13 26 55 100 60 38 12
60 26 55 100 60 38 12 60 26 55 13 55 100 60 38 12
60 26 55 100 60 38 12 60 26 55 100 13 55 100 60 38 12
60 26 13 26 55 100 60 38 12 60 26 55 100 60 38 12
60 26 55 13 26 55 100 60 38 12 60 26 55 100 60 38 12
60 26 55 13 55 100 60 38 12 60 26 55 100 60 38 12
60 26 55 100 13 55 100 60 38 12 60 26 55 100 60 38 12

53 61 93 86 86 98 61 53 61 93 86 86 98 61
53 61 93 86 86 98 61 53 61 13 61 93 86 86 98 61
53 61 93 86 86 98 61 53 61 93 13 61 93 86 86 98 61
53 61 93 86 86 98 61 53 61 93 13 93 86 86 98 61
53 61 93 86 86 98 61 53 61 93 86 13 93 86 86 98 61
53 61 13 61 93 86 86 98 61 53 61 93 86 86 98 61
53 61 93 13 61 93 86 86 98 61 53 61 93 86 86 98 61
53 61 93 13 93 86 86 98 61 53 61 93 86 86 98 61
53 61 93 86 13 93 86 86 98 61 53 61 93 86 86 98 61

36 56 9 60 8 9 27 36 56 9 60 8 9 27
36 56 9 60 8 9 27 36 56 12 56 9 60 8 9 27
36 56 9 60 8 9 27 36 56 9 12 56 9 60 8 9 27
36 56 9 60 8 9 27 36 56 9 12 9 60 8 9 27
36 56 9 60 8 9 27 36 56 9 60 12 9 60 8 9 27
36 56 12 56 9 60 8 9 27 36 56 9 60 8 9 27
36 56 9 12 56 9 60 8 9 27 36 56 9 60 8 9 27
36 56 9 12 9 60 8 9 27 36 56 9 60 8 9 27
36 56 9 60 12 9 60 8 9 27 36 56 9 60 8 9 27

18 55 36 89 34 35 99 18 55 36 89 34 35 99
18 55 36 89 34 35 99 18 55 10 55 36 89 34 35 99
18 55 36 89 34 35 99 18 55 36 10 55 36 89 34 35 99
18 55 36 89 34 35 99 18 55 36 10 36 89 34 35 99
18 55 36 89 34 35 99 18 55 36 89 10 36 89 34 35 99
18 55 10 55 36 89 34 35 99 18 55 36 89 34 35 99
18 55 36 10 55 36 89 34 35 99 18 55 36 89 34 35 99
18 55 36 10 36 89 34 35 99 18 55 36 89 34 35 99
18 55 36 89 10 36 89 34 35 99 18 55 36 89 34 35 99

98 40 71 84 86 15 38 98 40 71 84 86 15 38
98 40 71 84 86 15 38 98 40 6 40 71 84 86 15 38
98 40 71 84 86 15 38 98 40 71 6 40 71 84 86 15 38
98 40 71 84 86 15 38 98 40 71 6 71 84 86 15 38
98 40 71 84 86 15 38 98 40 71 84 6 71 84 86 15 38
98 40 6 40 71 84 86 15 38 98 40 71 84 86 15 38
98 40 71 6 40 71 84 86 15 38 98 40 71 84 86 15 38
98 40 71 6 71 84 86 15 38 98 40 71 84 86 15 38
98 40 71 84 6 71 84 86 15 38 98 40 71 84 86 15 38

27 67 71 59 16 63 14 27 67 71 59 16 63 14
27 67 71 59 16 63 14 27 67 13 67 71 59 16 63 14
27 67 71 59 16 63 14 27 67 71 13 67 71 59 16 63 14
27 67 71 59 16 63 14 27 67 71 13 71 59 16 63 14
27 67 71 59 16 63 14 27 67 71 59 13 71 59 16 63 14
27 67 13 67 71 59 16 63 14 27 67 71 59 16 63 14
27 67 71 13 67 71 59 16 63 14 27 67 71 59 16 63 14
27 67 71 13 71 59 16 63 14 27 67 71 59 16 63 14
27 67 71 59 13 71 59 16 63 14 27 67 71 59 16 63 14

9 73 52 49 32 52 46 9 73 52 49 32 52 46
9 73 52 49 32 52 46 9 73 7 73 52 49 32 52 46
9 73 52 49 32 52 46 9 73 52 7 73 52 49 32 52 46
9 73 52 49 32 52 46 9 73 52 7 52 49 32 52 46
9 73 52 49 32 52 46 9 73 52 49 7 52 49 32 52 46
9 73 7 73 52 49 32 52 46 9 73 52 49 32 52 46
9 73 52 7 73 52 49 32 52 46 9 73 52 49 32 52 46
9 73 52 7 52 49 32 52 46 9 73 52 49 32 52 46
9 73 52 49 7 52 49 32 52 46 9 73 52 49 32 52 46

81 27 23 6 56 65 73 81 27 23 6 56 65 73
81 27 23 6 56 65 73 81 27 8 27 23 6 56 65 73
81 27 23 6 56 65 73 81 27 23 8 27 23 6 56 65 73
81 27 23 6 56 65 73 81 27 23 8 23 6 56 65 73
81 27 23 6 56 65 73 81 27 23 6 8 23 6 56 65 73
81 27 8 27 23 6 56 65 73 81 27 23 6 56 65 73
81 27 23 8 27 23 6 56 65 73 81 27 23 6 56 65 73
81 27 23 8 23 6 56 65 73 81 27 23 6 56 65 73
81 27 23 6 8 23 6 56 65 73 81 27 23 6 56 65 73

61 5 12 68 51 49 17 61 5 12 68 51 49 17
61 5 12 68 51 49 17 61 5 10 5 12 68 51 49 17
61 5 12 68 51 49 17 61 5 12 10 5 12 68 51 49 17
61 5 12 68 51 49 17 61 5 12 10 12 68 51 49 17
61 5 12 68 51 49 17 61 5 12 68 10 12 68 51 49 17
61 5 10 5 12 68 51 49 17 61 5 12 68 51 49 17
61 5 12 10 5 12 68 51 49 17 61 5 12 68 51 49 17
61 5 12 10 12 68 51 49 17 61 5 12 68 51 49 17
61 5 12 68 10 12 68 51 49 17 61 5 12 68 51 49 17

54 50 45 39 9 96 47 54 50 45 39 9 96 47
54 50 45 39 9 96 47 54 50 6 50 45 39 9 96 47
54 50 45 39 9 96 47 54 50 45 6 50 45 39 9 96 47
54 50 45 39 9 96 47 54 50 45 6 45 39 9 96 47
54 50 45 39 9 96 47 54 50 45 39 6 45 39 9 96 47
54 50 6 50 45 39 9 96 47 54 50 45 39 9 96 47
54 50 45 6 50 45 39 9 96 47 54 50 45 39 9 96 47
54 50 45 6 45 39 9 96 47 54 50 45 39 9 96 47
54 50 45 39 6 45 39 9 96 47 54 50 45 39 9 96 47

47 63 34 85 88 49 27 47 63 34 85 88 49 27
47 63 34 85 88 49 27 47 63 19 63 34 85 88 49 27
47 63 34 85 88 49 27 47 63 34 19 63 34 85 88 49 27
47 63 34 85 88 49 27 47 63 34 19 34 85 88 49 27
47 63 34 85 88 49 27 47 63 34 85 19 34 85 88 49 27
47 63 19 63 34 85 88 49 27 47 63 34 85 88 49 27
47 63 34 19 63 34 85 88 49 27 47 63 34 85 88 49 27
47 63 34 19 34 85 88 49 27 47 63 34 85 88 49 27
47 63 34 85 19 34 85 88 49 27 47 63 34 85 88 49 27

55 38 89 54 9 26 5 55 38 89 54 9 26 5
55 38 89 54 9 26 5 55 38 5 38 89 54 9 26 5
55 38 89 54 9 26 5 55 38 89 5 38 89 54 9 26 5
55 38 89 54 9 26 5 55 38 89 5 89 54 9 26 5
55 38 89 54 9 26 5 55 38 89 54 5 89 54 9 26 5
55 38 5 38 89 54 9 26 5 55 38 89 54 9 26 5
55 38 89 5 38 89 54 9 26 5 55 38 89 54 9 26 5
55 38 89 5 89 54 9 26 5 55 38 89 54 9 26 5
55 38 89 54 5 89 54 9 26 5 55 38 89 54 9 26 5

47 87 86 61 45 77 32 47 87 86 61 45 77 32
47 87 86 61 45 77 32 47 87 5 87 86 61 45 77 32
47 87 86 61 45 77 32 47 87 86 5 87 86 61 45 77 32
47 87 86 61 45 77 32 47 87 86 5 86 61 45 77 32
47 87 86 61 45 77 32 47 87 86 61 5 86 61 45 77 32
47 87 5 87 86 61 45 77 32 47 87 86 61 45 77 32
47 87 86 5 87 86 61 45 77 32 47 87 86 61 45 77 32
47 87 86 5 86 61 45 77 32 47 87 86 61 45 77 32
47 87 86 61 5 86 61 45 77 32 47 87 86 61 45 77 32

26 81 94 86 12 87 13 26 81 94 86 12 87 13
26 81 94 86 12 87 13 26 81 6 81 94 86 12 87 13
26 81 94 86 12 87 13 26 81 94 6 81 94 86 12 87 13
26 81 94 86 12 87 13 26 81 94 6 94 86 12 87 13
26 81 94 86 12 87 13 26 81 94 86 6 94 86 12 87 13
26 81 6 81 94 86 12 87 13 26 81 94 86 12 87 13
26 81 94 6 81 94 86 12 87 13 26 81 94 86 12 87 13
26 81 94 6 94 86 12 87 13 26 81 94 86 12 87 13
26 81 94 86 6 94 86 12 87 13 26 81 94 86 12 87 13

11 23 22 64 80 9 86 11 23 22 64 80 9 86
11 23 22 64 80 9 86 11 23 9 23 22 64 80 9 86
11 23 22 64 80 9 86 11 23 22 9 23 22 64 80 9 86
11 23 22 64 80 9 86 11 23 22 9 22 64 80 9 86
11 23 22 64 80 9 86 11 23 22 64 9 22 64 80 9 86
11 23 9 23 22 64 80 9 86 11 23 22 64 80 9 86
11 23 22 9 23 22 64 80 9 86 11 23 22 64 80 9 86
11 23 22 9 22 64 80 9 86 11 23 22 64 80 9 86
11 23 22 64 9 22 64 80 9 86 11 23 22 64 80 9 86

77 52 34 36 97 19 27 77 52 34 36 97 19 27
77 52 34 36 97 19 27 77 52 17 52 34 36 97 19 27
77 52 34 36 97 19 27 77 52 34 17 52 34 36 97 19 27
77 52 34 36 97 19 27 77 52 34 17 34 36 97 19 27
77 52 34 36 97 19 27 77 52 34 36 17 34 36 97 19 27
77 52 17 52 34 36 97 19 27 77 52 34 36 97 19 27
77 52 34 17 52 34 36 97 19 27 77 52 34 36 97 19 27
77 52 34 17 34 36 97 19 27 77 52 34 36 97 19 27
77 52 34 36 17 34 36 97 19 27 77 52 34 36 97 19 27

16 90 47 93 86 20 30 16 90 47 93 86 20 30
16 90 47 93 86 20 30 16 90 18 90 47 93 86 20 30
16 90 47 93 86 20 30 16 90 47 18 90 47 93 86 20 30
16 90 47 93 86 20 30 16 90 47 18 47 93 86 20 30
16 90 47 93 86 20 30 16 90 47 93 18 47 93 86 20 30
16 90 18 90 47 93 86 20 30 16 90 47 93 86 20 30
16 90 47 18 90 47 93 86 20 30 16 90 47 93 86 20 30
16 90 47 18 47 93 86 20 30 16 90 47 93 86 20 30
16 90 47 93 18 47 93 86 20 30 16 90 47 93 86 20 30

46 53 19 97 29 95 51 46 53 19 97 29 95 51
46 53 19 97 29 95 51 46 53 8 53 19 97 29 95 51
46 53 19 97 29 95 51 46 53 19 8 53 19 97 29 95 51
46 53 19 97 29 95 51 46 53 19 8 19 97 29 95 51
46 53 19 97 29 95 51 46 53 19 97 8 19 97 29 95 51
46 53 8 53 19 97 29 95 51 46 53 19 97 29 95 51
46 53 19 8 53 19 97 29 95 51 46 53 19 97 29 95 51
46 53 19 8 19 97 29 95 51 46 53 19 97 29 95 51
46 53 19 97 8 19 97 29 95 51 46 53 19 97 29 95 51

20 62 61 71 7 26 20 20 62 61 71 7 26 20
20 62 61 71 7 26 20 20 62 12 62 61 71 7 26 20
20 62 61 71 7 26 20 20 62 61 12 62 61 71 7 26 20
20 62 61 71 7 26 20 20 62 61 12 61 71 7 26 20
20 62 61 71 7 26 20 20 62 61 71 12 61 71 7 26 20
20 62 12 62 61 71 7 26 20 20 62 61 71 7 26 20
20 62 61 12 62 61 71 7 26 20 20 62 61 71 7 26 20
20 62 61 12 61 71 7 26 20 20 62 61 71 7 26 20
20 62 61 71 12 61 71 7 26 20 20 62 61 71 7 26 20

78 24 90 25 83 29 87 78 24 90 25 83 29 87
78 24 90 25 83 29 87 78 24 12 24 90 25 83 29 87
78 24 90 25 83 29 87 78 24 90 12 24 90 25 83 29 87
78 24 90 25 83 29 87 78 24 90 12 90 25 83 29 87
78 24 90 25 83 29 87 78 24 90 25 12 90 25 83 29 87
78 24 12 24 90 25 83 29 87 78 24 90 25 83 29 87
78 24 90 12 24 90 25 83 29 87 78 24 90 25 83 29 87
78 24 90 12 90 25 83 29 87 78 24 90 25 83 29 87
78 24 90 25 12 90 25 83 29 87 78 24 90 25 83 29 87

62 44 20 30 17 82 30 62 44 20 30 17 82 30
62 44 20 30 17 82 30 62 44 19 44 20 30 17 82 30
62 44 20 30 17 82 30 62 44 20 19 44 20 30 17 82 30
62 44 20 30 17 82 30 62 44 20 19 20 30 17 82 30
62 44 20 30 17 82 30 62 44 20 30 19 20 30 17 82 30
62 44 19 44 20 30 17 82 30 62 44 20 30 17 82 30
62 44 20 19 44 20 30 17 82 30 62 44 20 30 17 82 30
62 44 20 19 20 30 17 82 30 62 44 20 30 17 82 30
62 44 20 30 19 20 30 17 82 30 62 44 20 30 17 82 30

85 93 69 67 19 17 36 85 93 69 67 19 17 36
85 93 69 67 19 17 36 85 93 13 93 69 67 19 17 36
85 93 69 67 19 17 36 85 93 69 13 93 69 67 19 17 36
85 93 69 67 19 17 36 85 93 69 13 69 67 19 17 36
85 93 69 67 19 17 36 85 93 69 67 13 69 67 19 17 36
85 93 13 93 69 67 19 17 36 85 93 69 67 19 17 36
85 93 69 13 93 69 67 19 17 36 85 93 69 67 19 17 36
85 93 69 13 69 67 19 17 36 85 93 69 67 19 17 36
85 93 69 67 13 69 67 19 17 36 85 93 69 67 19 17 36

51 61 13 30 31 93 66 51 61 13 30 31 93 66
51 61 13 30 31 93 66 51 61 14 61 13 30 31 93 66
51 61 13 30 31 93 66 51 61 13 14 61 13 30 31 93 66
51 61 13 30 31 93 66 51 61 13 14 13 30 31 93 66
51 61 13 30 31 93 66 51 61 13 30 14 13 30 31 93 66
51 61 14 61 13 30 31 93 66 51 61 13 30 31 93 66
51 61 13 14 61 13 30 31 93 66 51 61 13 30 31 93 66
51 61 13 14 13 30 31 93 66 51 61 13 30 31 93 66
51 61 13 30 14 13 30 31 93 66 51 61 13 30 31 93 66

37 24 99 83 56 31 77 37 24 99 83 56 31 77
37 24 99 83 56 31 77 37 24 8 24 99 83 56 31 77
37 24 99 83 56 31 77 37 24 99 8 24 99 83 56 31 77
37 24 99 83 56 31 77 37 24 99 8 99 83 56 31 77
37 24 99 83 56 31 77 37 24 99 83 8 99 83 56 31 77
37 24 8 24 99 83 56 31 77 37 24 99 83 56 31 77
37 24 99 8 24 99 83 56 31 77 37 24 99 83 56 31 77
37 24 99 8 99 83 56 31 77 37 24 99 83 56 31 77
37 24 99 83 8 99 83 56 31 77 37 24 99 83 56 31 77

28 84 46 97 100 43 40 28 84 46 97 100 43 40
28 84 46 97 100 43 40 28 84 18 84 46 97 100 43 40
28 84 46 97 100 43 40 28 84 46 18 84 46 97 100 43 40
28 84 46 97 100 43 40 28 84 46 18 46 97 100 43 40
28 84 46 97 100 43 40 28 84 46 97 18 46 97 100 43 40
28 84 18 84 46 97 100 43 40 28 84 46 97 100 43 40
28 84 46 18 84 46 97 100 43 40 28 84 46 97 100 43 40
28 84 46 18 46 97 100 43 40 28 84 46 97 100 43 40
28 84 46 97 18 46 97 100 43 40 28 84 46 97 100 43 40

90 82 34 12 80 64 16 90 82 34 12 80 64 16
90 82 34 12 80 64 16 90 82 8 82 34 12 80 64 16
90 82 34 12 80 64 16 90 82 34 8 82 34 12 80 64 16
90 82 34 12 80 64 16 90 82 34 8 34 12 80 64 16
90 82 34 12 80 64 16 90 82 34 12 8 34 12 80 64 16
90 82 8 82 34 12 80 64 16 90 82 34 12 80 64 16
90 82 34 8 82 34 12 80 64 16 90 82 34 12 80 64 16
90 82 34 8 34 12 80 64 16 90 82 34 12 80 64 16
90 82 34 12 8 34 12 80 64 16 90 82 34 12 80 64 16

81 23 89 42 83 14 59 81 23 89 42 83 14 59
81 23 89 42 83 14 59 81 23 16 23 89 42 83 14 59
81 23 89 42 83 14 59 81 23 89 16 23 89 42 83 14 59
81 23 89 42 83 14 59 81 23 89 16 89 42 83 14 59
81 23 89 42 83 14 59 81 23 89 42 16 89 42 83 14 59
81 23 16 23 89 42 83 14 59 81 23 89 42 83 14 59
81 23 89 16 23 89 42 83 14 59 81 23 89 42 83 14 59
81 23 89 16 89 42 83 14 59 81 23 89 42 83 14 59
81 23 89 42 16 89 42 83 14 59 81 23 89 42 83 14 59

21 69 54 82 10 8 69 21 69 54 82 10 8 69
21 69 54 82 10 8 69 21 69 9 69 54 82 10 8 69
21 69 54 82 10 8 69 21 69 54 9 69 54 82 10 8 69
21 69 54 82 10 8 69 21 69 54 9 54 82 10 8 69
21 69 54 82 10 8 69 21 69 54 82 9 54 82 10 8 69
21 69 9 69 54 82 10 8 69 21 69 54 82 10 8 69
21 69 54 9 69 54 82 10 8 69 21 69 54 82 10 8 69
21 69 54 9 54 82 10 8 69 21 69 54 82 10 8 69
21 69 54 82 9 54 82 10 8 69 21 69 54 82 10 8 69

49 10 29 30 71 33 8 49 10 29 30 71 33 8
49 10 29 30 71 33 8 49 10 20 10 29 30 71 33 8
49 10 29 30 71 33 8 49 10 29 20 10 29 30 71 33 8
49 10 29 30 71 33 8 49 10 29 20 29 30 71 33 8
49 10 29 30 71 33 8 49 10 29 30 20 29 30 71 33 8
49 10 20 10 29 30 71 33 8 49 10 29 30 71 33 8
49 10 29 20 10 29 30 71 33 8 49 10 29 30 71 33 8
49 10 29 20 29 30 71 33 8 49 10 29 30 71 33 8
49 10 29 30 20 29 30 71 33 8 49 10 29 30 71 33 8

19 6 72 23 27 61 59 19 6 72 23 27 61 59
19 6 72 23 27 61 59 19 6 13 6 72 23 27 61 59
19 6 72 23 27 61 59 19 6 72 13 6 72 23 27 61 59
19 6 72 23 27 61 59 19 6 72 13 72 23 27 61 59
19 6 72 23 27 61 59 19 6 72 23 13 72 23 27 61 59
19 6 13 6 72 23 27 61 59 19 6 72 23 27 61 59
19 6 72 13 6 72 23 27 61 59 19 6 72 23 27 61 59
19 6 72 13 72 23 27 61 59 19 6 72 23 27 61 59
19 6 72 23 13 72 23 27 61 59 19 6 72 23 27 61 59

84 53 48 73 43 54 80 84 53 48 73 43 54 80
84 53 48 73 43 54 80 84 53 19 53 48 73 43 54 80
84 53 48 73 43 54 80 84 53 48 19 53 48 73 43 54 80
84 53 48 73 43 54 80 84 53 48 19 48 73 43 54 80
84 53 48 73 43 54 80 84 53 48 73 19 48 73 43 54 80
84 53 19 53 48 73 43 54 80 84 53 48 73 43 54 80
84 53 48 19 53 48 73 43 54 80 84 53 48 73 43 54 80
84 53 48 19 48 73 43 54 80 84 53 48 73 43 54 80
84 53 48 73 19 48 73 43 54 80 84 53 48 73 43 54 80

71 37 67 29 66 64 7 71 37 67 29 66 64 7
71 37 67 29 66 64 7 71 37 15 37 67 29 66 64 7
71 37 67 29 66 64 7 71 37 67 15 37 67 29 66 64 7
71 37 67 29 66 64 7 71 37 67 15 67 29 66 64 7
71 37 67 29 66 64 7 71 37 67 29 15 67 29 66 64 7
71 37 15 37 67 29 66 64 7 71 37 67 29 66 64 7
71 37 67 15 37 67 29 66 64 7 71 37 67 29 66 64 7
71 37 67 15 67 29 66 64 7 71 37 67 29 66 64 7
71 37 67 29 15 67 29 66 64 7 71 37 67 29 66 64 7

15 11 68 13 50 24 6 15 11 68 13 50 24 6
15 11 68 13 50 24 6 15 11 20 11 68 13 50 24 6
15 11 68 13 50 24 6 15 11 68 20 11 68 13 50 24 6
15 11 68 13 50 24 6 15 11 68 20 68 13 50 24 6
15 11 68 13 50 24 6 15 11 68 13 20 68 13 50 24 6
15 11 20 11 68 13 50 24 6 15 11 68 13 50 24 6
15 11 68 20 11 68 13 50 24 6 15 11 68 13 50 24 6
15 11 68 20 68 13 50 24 6 15 11 68 13 50 24 6
15 11 68 13 20 68 13 50 24 6 15 11 68 13 50 24 6

90 54 47 55 85 23 22 90 54 47 55 85 23 22
90 54 47 55 85 23 22 90 54 20 54 47 55 85 23 22
90 54 47 55 85 23 22 90 54 47 20 54 47 55 85 23 22
90 54 47 55 85 23 22 90 54 47 20 47 55 85 23 22
90 54 47 55 85 23 22 90 54 47 55 20 47 55 85 23 22
90 54 20 54 47 55 85 23 22 90 54 47 55 85 23 22
90 54 47 20 54 47 55 85 23 22 90 54 47 55 85 23 22
90 54 47 20 47 55 85 23 22 90 54 47 55 85 23 22
90 54 47 55 20 47 55 85 23 22 90 54 47 55 85 23 22

27 67 64 7 93 40 71 27 67 64 7 93 40 71
27 67 64 7 93 40 71 27 67 13 67 64 7 93 40 71
27 67 64 7 93 40 71 27 67 64 13 67 64 7 93 40 71
27 67 64 7 93 40 71 27 67 64 13 64 7 93 40 71
27 67 64 7 93 40 71 27 67 64 7 13 64 7 93 40 71
27 67 13 67 64 7 93 40 71 27 67 64 7 93 40 71
27 67 64 13 67 64 7 93 40 71 27 67 64 7 93 40 71
27 67 64 13 64 7 93 40 71 27 67 64 7 93 40 71
27 67 64 7 13 64 7 93 40 71 27 67 64 7 93 40 71

100 93 98 21 33 6 8 100 93 98 21 33 6 8
100 93 98 21 33 6 8 100 93 5 93 98 21 33 6 8
100 93 98 21 33 6 8 100 93 98 5 93 98 21 33 6 8
100 93 98 21 33 6 8 100 93 98 5 98 21 33 6 8
100 93 98 21 33 6 8 100 93 98 21 5 98 21 33 6 8
100 93 5 93 98 21 33 6 8 100 93 98 21 33 6 8
100 93 98 5 93 98 21 33 6 8 100 93 98 21 33 6 8
100 93 98 5 98 21 33 6 8 100 93 98 21 33 6 8
100 93 98 21 5 98 21 33 6 8 100 93 98 21 33 6 8

73 65 12 93 9 28 31 73 65 12 93 9 28 31
73 65 12 93 9 28 31 73 65 5 65 12 93 9 28 31
73 65 12 93 9 28 31 73 65 12 5 65 12 93 9 28 31
73 65 12 93 9 28 31 73 65 12 5 12 93 9 28 31
73 65 12 93 9 28 31 73 65 12 93 5 12 93 9 28 31
73 65 5 65 12 93 9 28 31 73 65 12 93 9 28 31
73 65 12 5 65 12 93 9 28 31 73 65 12 93 9 28 31
73 65 12 5 12 93 9 28 31 73 65 12 93 9 28 31
73 65 12 93 5 12 93 9 28 31 73 65 12 93 9 28 31

91 75 92 26 74 27 77 91 75 92 26 74 27 77
91 75 92 26 74 27 77 91 75 19 75 92 26 74 27 77
91 75 92 26 74 27 77 91 75 92 19 75 92 26 74 27 77
91 75 92 26 74 27 77 91 75 92 19 92 26 74 27 77
91 75 92 26 74 27 77 91 75 92 26 19 92 26 74 27 77
91 75 19 75 92 26 74 27 77 91 75 92 26 74 27 77
91 75 92 19 75 92 26 74 27 77 91 75 92 26 74 27 77
91 75 92 19 92 26 74 27 77 91 75 92 26 74 27 77
91 75 92 26 19 92 26 74 27 77 91 75 92 26 74 27 77

57 66 92 46 60 88 17 57 66 92 46 60 88 17
57 66 92 46 60 88 17 57 66 15 66 92 46 60 88 17
57 66 92 46 60 88 17 57 66 92 15 66 92 46 60 88 17
57 66 92 46 60 88 17 57 66 92 15 92 46 60 88 17
57 66 92 46 60 88 17 57 66 92 46 15 92 46 60 88 17
57 66 15 66 92 46 60 88 17 57 66 92 46 60 88 17
57 66 92 15 66 92 46 60 88 17 57 66 92 46 60 88 17
57 66 92 15 92 46 60 88 17 57 66 92 46 60 88 17
57 66 92 46 15 92 46 60 88 17 57 66 92 46 60 88 17

67 5 34 61 12 11 75 67 5 34 61 12 11 75
67 5 34 61 12 11 75 67 5 12 5 34 61 12 11 75
67 5 34 61 12 11 75 67 5 34 12 5 34 61 12 11 75
67 5 34 61 12 11 75 67 5 34 12 34 61 12 11 75
67 5 34 61 12 11 75 67 5 34 61 12 34 61 12 11 75
67 5 12 5 34 61 12 11 75 67 5 34 61 12 11 75
67 5 34 12 5 34 61 12 11 75 67 5 34 61 12 11 75
67 5 34 12 34 61 12 11 75 67 5 34 61 12 11 75
67 5 34 61 12 34 61 12 11 75 67 5 34 61 12 11 75

18 86 96 15 61 25 99 18 86 96 15 61 25 99
18 86 96 15 61 25 99 18 86 11 86 96 15 61 25 99
18 86 96 15 61 25 99 18 86 96 11 86 96 15 61 25 99
18 86 96 15 61 25 99 18 86 96 11 96 15 61 25 99
18 86 96 15 61 25 99 18 86 96 15 11 96 15 61 25 99
18 86 11 86 96 15 61 25 99 18 86 96 15 61 25 99
18 86 96 11 86 96 15 61 25 99 18 86 96 15 61 25 99
18 86 96 11 96 15 61 25 99 18 86 96 15 61 25 99
18 86 96 15 11 96 15 61 25 99 18 86 96 15 61 25 99

87 87 87 18 49 96 40 87 87 87 18 49 96 40
87 87 87 18 49 96 40 87 87 8 87 87 18 49 96 40
87 87 87 18 49 96 40 87 87 87 8 87 87 18 49 96 40
87 87 87 18 49 96 40 87 87 87 8 87 18 49 96 40
87 87 87 18 49 96 40 87 87 87 18 8 87 18 49 96 40
87 87 8 87 87 18 49 96 40 87 87 87 18 49 96 40
87 87 87 8 87 87 18 49 96 40 87 87 87 18 49 96 40
87 87 87 8 87 18 49 96 40 87 87 87 18 49 96 40
87 87 87 18 8 87 18 49 96 40 87 87 87 18 49 96 40

82 43 34 30 74 34 86 82 43 34 30 74 34 86
82 43 34 30 74 34 86 82 43 13 43 34 30 74 34 86
82 43 34 30 74 34 86 82 43 34 13 43 34 30 74 34 86
82 43 34 30 74 34 86 82 43 34 13 34 30 74 34 86
82 43 34 30 74 34 86 82 43 34 30 13 34 30 74 34 86
82 43 13 43 34 30 74 34 86 82 43 34 30 74 34 86
82 43 34 13 43 34 30 74 34 86 82 43 34 30 74 34 86
82 43 34 13 34 30 74 34 86 82 43 34 30 74 34 86
82 43 34 30 13 34 30 74 34 86 82 43 34 30 74 34 86

32 77 95 40 33 95 64 32 77 95 40 33 95 64
32 77 95 40 33 95 64 32 77 5 77 95 40 33 95 64
32 77 95 40 33 95 64 32 77 95 5 77 95 40 33 95 64
32 77 95 40 33 95 64 32 77 95 5 95 40 33 95 64
32 77 95 40 33 95 64 32 77 95 40 5 95 40 33 95 64
32 77 5 77 95 40 33 95 64 32 77 95 40 33 95 64
32 77 95 5 77 95 40 33 95 64 32 77 95 40 33 95 64
32 77 95 5 95 40 33 95 64 32 77 95 40 33 95 64
32 77 95 40 5 95 40 33 95 64 32 77 95 40 33 95 64

31 11 85 11 38 42 77 31 11 85 11 38 42 77
31 11 85 11 38 42 77 31 11 5 11 85 11 38 42 77
31 11 85 11 38 42 77 31 11 85 5 11 85 11 38 42 77
31 11 85 11 38 42 77 31 11 85 5 85 11 38 42 77
31 11 85 11 38 42 77 31 11 85 11 5 85 11 38 42 77
31 11 5 11 85 11 38 42 77 31 11 85 11 38 42 77
31 11 85 5 11 85 11 38 42 77 31 11 85 11 38 42 77
31 11 85 5 85 11 38 42 77 31 11 85 11 38 42 77
31 11 85 11 5 85 11 38 42 77 31 11 85 11 38 42 77

8 27 30 19 69 27 62 8 27 30 19 69 27 62
8 27 30 19 69 27 62 8 27 18 27 30 19 69 27 62
8 27 30 19 69 27 62 8 27 30 18 27 30 19 69 27 62
8 27 30 19 69 27 62 8 27 30 18 30 19 69 27 62
8 27 30 19 69 27 62 8 27 30 19 18 30 19 69 27 62
8 27 18 27 30 19 69 27 62 8 27 30 19 69 27 62
8 27 30 18 27 30 19 69 27 62 8 27 30 19 69 27 62
8 27 30 18 30 19 69 27 62 8 27 30 19 69 27 62
8 27 30 19 18 30 19 69 27 62 8 27 30 19 69 27 62

52 56 79 12 9 49 14 52 56 79 12 9 49 14
52 56 79 12 9 49 14 52 56 11 56 79 12 9 49 14
52 56 79 12 9 49 14 52 56 79 11 56 79 12 9 49 14
52 56 79 12 9 49 14 52 56 79 11 79 12 9 49 14
52 56 79 12 9 49 14 52 56 79 12 11 79 12 9 49 14
52 56 11 56 79 12 9 49 14 52 56 79 12 9 49 14
52 56 79 11 56 79 12 9 49 14 52 56 79 12 9 49 14
52 56 79 11 79 12 9 49 14 52 56 79 12 9 49 14
52 56 79 12 11 79 12 9 49 14 52 56 79 12 9 49 14

39 85 67 59 15 49 39 39 85 67 59 15 49 39
39 85 67 59 15 49 39 39 85 18 85 67 59 15 49 39
39 85 67 59 15 49 39 39 85 67 18 85 67 59 15 49 39
39 85 67 59 15 49 39 39 85 67 18 67 59 15 49 39
39 85 67 59 15 49 39 39 85 67 59 18 67 59 15 49 39
39 85 18 85 67 59 15 49 39 39 85 67 59 15 49 39
39 85 67 18 85 67 59 15 49 39 39 85 67 59 15 49 39
39 85 67 18 67 59 15 49 39 39 85 67 59 15 49 39
39 85 67 59 18 67 59 15 49 39 39 85 67 59 15 49 39

64 18 59 78 6 60 51 64 18 59 78 6 60 51
64 18 59 78 6 60 51 64 18 9 18 59 78 6 60 51
64 18 59 78 6 60 51 64 18 59 9 18 59 78 6 60 51
64 18 59 78 6 60 51 64 18 59 9 59 78 6 60 51
64 18 59 78 6 60 51 64 18 59 78 9 59 78 6 60 51
64 18 9 18 59 78 6 60 51 64 18 59 78 6 60 51
64 18 59 9 18 59 78 6 60 51 64 18 59 78 6 60 51
64 18 59 9 59 78 6 60 51 64 18 59 78 6 60 51
64 18 59 78 9 59 78 6 60 51 64 18 59 78 6 60 51

27 35 70 59 38 22 64 27 35 70 59 38 22 64
27 35 70 59 38 22 64 27 35 10 35 70 59 38 22 64
27 35 70 59 38 22 64 27 35 70 10 35 70 59 38 22 64
27 35 70 59 38 22 64 27 35 70 10 70 59 38 22 64
27 35 70 59 38 22 64 27 35 70 59 10 70 59 38 22 64
27 35 10 35 70 59 38 22 64 27 35 70 59 38 22 64
27 35 70 10 35 70 59 38 22 64 27 35 70 59 38 22 64
27 35 70 10 70 59 38 22 64 27 35 70 59 38 22 64
27 35 70 59 10 70 59 38 22 64 27 35 70 59 38 22 64

56 97 34 38 7 81 73 56 97 34 38 7 81 73
56 97 34 38 7 81 73 56 97 14 97 34 38 7 81 73
56 97 34 38 7 81 73 56 97 34 14 97 34 38 7 81 73
56 97 34 38 7 81 73 56 97 34 14 34 38 7 81 73
56 97 34 38 7 81 73 56 97 34 38 14 34 38 7 81 73
56 97 14 97 34 38 7 81 73 56 97 34 38 7 81 73
56 97 34 14 97 34 38 7 81 73 56 97 34 38 7 81 73
56 97 34 14 34 38 7 81 73 56 97 34 38 7 81 73
56 97 34 38 14 34 38 7 81 73 56 97 34 38 7 81 73

57 61 17 64 35 25 34 57 61 17 64 35 25 34
57 61 17 64 35 25 34 57 61 11 61 17 64 35 25 34
57 61 17 64 35 25 34 57 61 17 11 61 17 64 35 25 34
57 61 17 64 35 25 34 57 61 17 11 17 64 35 25 34
57 61 17 64 35 25 34 57 61 17 64 11 17 64 35 25 34
57 61 11 61 17 64 35 25 34 57 61 17 64 35 25 34
57 61 17 11 61 17 64 35 25 34 57 61 17 64 35 25 34
57 61 17 11 17 64 35 25 34 57 61 17 64 35 25 34
57 61 17 64 11 17 64 35 25 34 57 61 17 64 35 25 34

67 74 16 76 74 52 46 67 74 16 76 74 52 46
67 74 16 76 74 52 46 67 74 20 74 16 76 74 52 46
67 74 16 76 74 52 46 67 74 16 20 74 16 76 74 52 46
67 74 16 76 74 52 46 67 74 16 20 16 76 74 52 46
67 74 16 76 74 52 46 67 74 16 76 20 16 76 74 52 46
67 74 20 74 16 76 74 52 46 67 74 16 76 74 52 46
67 74 16 20 74 16 76 74 52 46 67 74 16 76 74 52 46
67 74 16 20 16 76 74 52 46 67 74 16 76 74 52 46
67 74 16 76 20 16 76 74 52 46 67 74 16 76 74 52 46

78 50 26 48 31 34 33 78 50 26 48 31 34 33
78 50 26 48 31 34 33 78 50 6 50 26 48 31 34 33
78 50 26 48 31 34 33 78 50 26 6 50 26 48 31 34 33
78 50 26 48 31 34 33 78 50 26 6 26 48 31 34 33
78 50 26 48 31 34 33 78 50 26 48 6 26 48 31 34 33
78 50 6 50 26 48 31 34 33 78 50 26 48 31 34 33
78 50 26 6 50 26 48 31 34 33 78 50 26 48 31 34 33
78 50 26 6 26 48 31 34 33 78 50 26 48 31 34 33
78 50 26 48 6 26 48 31 34 33 78 50 26 48 31 34 33

79 39 21 100 87 83 84 79 39 21 100 87 83 84
79 39 21 100 87 83 84 79 39 15 39 21 100 87 83 84
79 39 21 100 87 83 84 79 39 21 15 39 21 100 87 83 84
79 39 21 100 87 83 84 79 39 21 15 21 100 87 83 84
79 39 21 100 87 83 84 79 39 21 100 15 21 100 87 83 84
79 39 15 39 21 100 87 83 84 79 39 21 100 87 83 84
79 39 21 15 39 21 100 87 83 84 79 39 21 100 87 83 84
79 39 21 15 21 100 87 83 84 79 39 21 100 87 83 84
79 39 21 100 15 21 100 87 83 84 79 39 21 100 87 83 84

73 96 11 11 21 73 60 73 96 11 11 21 73 60
73 96 11 11 21 73 60 73 96 5 96 11 11 21 73 60
73 96 11 11 21 73 60 73 96 11 5 96 11 11 21 73 60
73 96 11 11 21 73 60 73 96 11 5 11 11 21 73 60
73 96 11 11 21 73 60 73 96 11 11 5 11 11 21 73 60
73 96 5 96 11 11 21 73 60 73 96 11 11 21 73 60
73 96 11 5 96 11 11 21 73 60 73 96 11 11 21 73 60
73 96 11 5 11 11 21 73 60 73 96 11 11 21 73 60
73 96 11 11 5 11 11 21 73 60 73 96 11 11 21 73 60

76 78 85 37 97 77 59 76 78 85 37 97 77 59
76 78 85 37 97 77 59 76 78 8 78 85 37 97 77 59
76 78 85 37 97 77 59 76 78 85 8 78 85 37 97 77 59
76 78 85 37 97 77 59 76 78 85 8 85 37 97 77 59
76 78 85 37 97 77 59 76 78 85 37 8 85 37 97 77 59
76 78 8 78 85 37 97 77 59 76 78 85 37 97 77 59
76 78 85 8 78 85 37 97 77 59 76 78 85 37 97 77 59
76 78 85 8 85 37 97 77 59 76 78 85 37 97 77 59
76 78 85 37 8 85 37 97 77 59 76 78 85 37 97 77 59

70 43 33 26 57 37 73 70 43 33 26 57 37 73
70 43 33 26 57 37 73 70 43 12 43 33 26 57 37 73
70 43 33 26 57 37 73 70 43 33 12 43 33 26 57 37 73
70 43 33 26 57 37 73 70 43 33 12 33 26 57 37 73
70 43 33 26 57 37 73 70 43 33 26 12 33 26 57 37 73
70 43 12 43 33 26 57 37 73 70 43 33 26 57 37 73
70 43 33 12 43 33 26 57 37 73 70 43 33 26 57 37 73
70 43 33 12 33 26 57 37 73 70 43 33 26 57 37 73
70 43 33 26 12 33 26 57 37 73 70 43 33 26 57 37 73

50 90 94 40 86 97 64 50 90 94 40 86 97 64
50 90 94 40 86 97 64 50 90 9 90 94 40 86 97 64
50 90 94 40 86 97 64 50 90 94 9 90 94 40 86 97 64
50 90 94 40 86 97 64 50 90 94 9 94 40 86 97 64
50 90 94 40 86 97 64 50 90 94 40 9 94 40 86 97 64
50 90 9 90 94 40 86 97 64 50 90 94 40 86 97 64
50 90 94 9 90 94 40 86 97 64 50 90 94 40 86 97 64
50 90 94 9 94 40 86 97 64 50 90 94 40 86 97 64
50 90 94 40 9 94 40 86 97 64 50 90 94 40 86 97 64

47 86 71 25 42 59 22 47 86 71 25 42 59 22
47 86 71 25 42 59 22 47 86 20 86 71 25 42 59 22
47 86 71 25 42 59 22 47 86 71 20 86 71 25 42 59 22
47 86 71 25 42 59 22 47 86 71 20 71 25 42 59 22
47 86 71 25 42 59 22 47 86 71 25 20 71 25 42 59 22
47 86 20 86 71 25 42 59 22 47 86 71 25 42 59 22
47 86 71 20 86 71 25 42 59 22 47 86 71 25 42 59 22
47 86 71 20 71 25 42 59 22 47 86 71 25 42 59 22
47 86 71 25 20 71 25 42 59 22 47 86 71 25 42 59 22

48 60 61 31 85 76 88 48 60 61 31 85 76 88
48 60 61 31 85 76 88 48 60 19 60 61 31 85 76 88
48 60 61 31 85 76 88 48 60 61 19 60 61 31 85 76 88
48 60 61 31 85 76 88 48 60 61 19 61 31 85 76 88
48 60 61 31 85 76 88 48 60 61 31 19 61 31 85 76 88
48 60 19 60 61 31 85 76 88 48 60 61 31 85 76 88
48 60 61 19 60 61 31 85 76 88 48 60 61 31 85 76 88
48 60 61 19 61 31 85 76 88 48 60 61 31 85 76 88
48 60 61 31 19 61 31 85 76 88 48 60 61 31 85 76 88

18 31 24 50 72 67 83 18 31 24 50 72 67 83
18 31 24 50 72 67 83 18 31 13 31 24 50 72 67 83
18 31 24 50 72 67 83 18 31 24 13 31 24 50 72 67 83
18 31 24 50 72 67 83 18 31 24 13 24 50 72 67 83
18 31 24 50 72 67 83 18 31 24 50 13 24 50 72 67 83
18 31 13 31 24 50 72 67 83 18 31 24 50 72 67 83
18 31 24 13 31 24 50 72 67 83 18 31 24 50 72 67 83
18 31 24 13 24 50 72 67 83 18 31 24 50 72 67 83
18 31 24 50 13 24 50 72 67 83 18 31 24 50 72 67 83

28 88 42 34 31 20 30 28 88 42 34 31 20 30
28 88 42 34 31 20 30 28 88 20 88 42 34 31 20 30
28 88 42 34 31 20 30 28 88 42 20 88 42 34 31 20 30
28 88 42 34 31 20 30 28 88 42 20 42 34 31 20 30
28 88 42 34 31 20 30 28 88 42 34 20 42 34 31 20 30
28 88 20 88 42 34 31 20 30 28 88 42 34 31 20 30
28 88 42 20 88 42 34 31 20 30 28 88 42 34 31 20 30
28 88 42 20 42 34 31 20 30 28 88 42 34 31 20 30
28 88 42 34 20 42 34 31 20 30 28 88 42 34 31 20 30

48 97 36 7 7 60 67 48 97 36 7 7 60 67
48 97 36 7 7 60 67 48 97 11 97 36 7 7 60 67
48 97 36 7 7 60 67 48 97 36 11 97 36 7 7 60 67
48 97 36 7 7 60 67 48 97 36 11 36 7 7 60 67
48 97 36 7 7 60 67 48 97 36 7 11 36 7 7 60 67
48 97 11 97 36 7 7 60 67 48 97 36 7 7 60 67
48 97 36 11 97 36 7 7 60 67 48 97 36 7 7 60 67
48 97 36 11 36 7 7 60 67 48 97 36 7 7 60 67
48 97 36 7 11 36 7 7 60 67 48 97 36 7 7 60 67

74 74 47 72 56 32 29 74 74 47 72 56 32 29
74 74 47 72 56 32 29 74 74 9 74 47 72 56 32 29
74 74 47 72 56 32 29 74 74 47 9 74 47 72 56 32 29
74 74 47 72 56 32 29 74 74 47 9 47 72 56 32 29
74 74 47 72 56 32 29 74 74 47 72 9 47 72 56 32 29
74 74 9 74 47 72 56 32 29 74 74 47 72 56 32 29
74 74 47 9 74 47 72 56 32 29 74 74 47 72 56 32 29
74 74 47 9 47 72 56 32 29 74 74 47 72 56 32 29
74 74 47 72 9 47 72 56 32 29 74 74 47 72 56 32 29

96 98 8 94 22 8 48 96 98 8 94 22 8 48
96 98 8 94 22 8 48 96 98 6 98 8 94 22 8 48
96 98 8 94 22 8 48 96 98 8 6 98 8 94 22 8 48
96 98 8 94 22 8 48 96 98 8 6 8 94 22 8 48
96 98 8 94 22 8 48 96 98 8 94 6 8 94 22 8 48
96 98 6 98 8 94 22 8 48 96 98 8 94 22 8 48
96 98 8 6 98 8 94 22 8 48 96 98 8 94 22 8 48
96 98 8 6 8 94 22 8 48 96 98 8 94 22 8 48
96 98 8 94 6 8 94 22 8 48 96 98 8 94 22 8 48

32 6 30 65 16 85 5 32 6 30 65 16 85 5
32 6 30 65 16 85 5 32 6 20 6 30 65 16 85 5
32 6 30 65 16 85 5 32 6 30 20 6 30 65 16 85 5
32 6 30 65 16 85 5 32 6 30 20 30 65 16 85 5
32 6 30 65 16 85 5 32 6 30 65 20 30 65 16 85 5
32 6 20 6 30 65 16 85 5 32 6 30 65 16 85 5
32 6 30 20 6 30 65 16 85 5 32 6 30 65 16 85 5
32 6 30 20 30 65 16 85 5 32 6 30 65 16 85 5
32 6 30 65 20 30 65 16 85 5 32 6 30 65 16 85 5

86 74 98 100 63 5 89 86 74 98 100 63 5 89
86 74 98 100 63 5 89 86 74 9 74 98 100 63 5 89
86 74 98 100 63 5 89 86 74 98 9 74 98 100 63 5 89
86 74 98 100 63 5 89 86 74 98 9 98 100 63 5 89
86 74 98 100 63 5 89 86 74 98 100 9 98 100 63 5 89
86 74 9 74 98 100 63 5 89 86 74 98 100 63 5 89
86 74 98 9 74 98 100 63 5 89 86 74 98 100 63 5 89
86 74 98 9 98 100 63 5 89 86 74 98 100 63 5 89
86 74 98 100 9 98 100 63 5 89 86 74 98 100 63 5 89

75 74 23 43 16 51 95 75 74 23 43 16 51 95
75 74 23 43 16 51 95 75 74 10 74 23 43 16 51 95
75 74 23 43 16 51 95 75 74 23 10 74 23 43 16 51 95
75 74 23 43 16 51 95 75 74 23 10 23 43 16 51 95
75 74 23 43 16 51 95 75 74 23 43 10 23 43 16 51 95
75 74 10 74 23 43 16 51 95 75 74 23 43 16 51 95
75 74 23 10 74 23 43 16 51 95 75 74 23 43 16 51 95
75 74 23 10 23 43 16 51 95 75 74 23 43 16 51 95
75 74 23 43 10 23 43 16 51 95 75 74 23 43 16 51 95

56 18 61 91 75 95 30 56 18 61 91 75 95 30
56 18 61 91 75 95 30 56 18 10 18 61 91 75 95 30
56 18 61 91 75 95 30 56 18 61 10 18 61 91 75 95 30
56 18 61 91 75 95 30 56 18 61 10 61 91 75 95 30
56 18 61 91 75 95 30 56 18 61 91 10 61 91 75 95 30
56 18 10 18 61 91 75 95 30 56 18 61 91 75 95 30
56 18 61 10 18 61 91 75 95 30 56 18 61 91 75 95 30
56 18 61 10 61 91 75 95 30 56 18 61 91 75 95 30
56 18 61 91 10 61 91 75 95 30 56 18 61 91 75 95 30

75 85 75 9 10 47 47 75 85 75 9 10 47 47
75 85 75 9 10 47 47 75 85 14 85 75 9 10 47 47
75 85 75 9 10 47 47 75 85 75 14 85 75 9 10 47 47
75 85 75 9 10 47 47 75 85 75 14 75 9 10 47 47
75 85 75 9 10 47 47 75 85 75 9 14 75 9 10 47 47
75 85 14 85 75 9 10 47 47 75 85 75 9 10 47 47
75 85 75 14 85 75 9 10 47 47 75 85 75 9 10 47 47
75 85 75 14 75 9 10 47 47 75 85 75 9 10 47 47
75 85 75 9 14 75 9 10 47 47 75 85 75 9 10 47 47

60 92 39 28 37 16 27 60 92 39 28 37 16 27
60 92 39 28 37 16 27 60 92 5 92 39 28 37 16 27
60 92 39 28 37 16 27 60 92 39 5 92 39 28 37 16 27
60 92 39 28 37 16 27 60 92 39 5 39 28 37 16 27
60 92 39 28 37 16 27 60 92 39 28 5 39 28 37 16 27
60 92 5 92 39 28 37 16 27 60 92 39 28 37 16 27
60 92 39 5 92 39 28 37 16 27 60 92 39 28 37 16 27
60 92 39 5 39 28 37 16 27 60 92 39 28 37 16 27
60 92 39 28 5 39 28 37 16 27 60 92 39 28 37 16 27

85 13 41 76 74 64 5 85 13 41 76 74 64 5
85 13 41 76 74 64 5 85 13 15 13 41 76 74 64 5
85 13 41 76 74 64 5 85 13 41 15 13 41 76 74 64 5
85 13 41 76 74 64 5 85 13 41 15 41 76 74 64 5
85 13 41 76 74 64 5 85 13 41 76 15 41 76 74 64 5
85 13 15 13 41 76 74 64 5 85 13 41 76 74 64 5
85 13 41 15 13 41 76 74 64 5 85 13 41 76 74 64 5
85 13 41 15 41 76 74 64 5 85 13 41 76 74 64 5
85 13 41 76 15 41 76 74 64 5 85 13 41 76 74 64 5

95 58 87 6 52 29 9 95 58 87 6 52 29 9
95 58 87 6 52 29 9 95 58 18 58 87 6 52 29 9
95 58 87 6 52 29 9 95 58 87 18 58 87 6 52 29 9
95 58 87 6 52 29 9 95 58 87 18 87 6 52 29 9
95 58 87 6 52 29 9 95 58 87 6 18 87 6 52 29 9
95 58 18 58 87 6 52 29 9 95 58 87 6 52 29 9
95 58 87 18 58 87 6 52 29 9 95 58 87 6 52 29 9
95 58 87 18 87 6 52 29 9 95 58 87 6 52 29 9
95 58 87 6 18 87 6 52 29 9 95 58 87 6 52 29 9

29 18 31 68 59 91 70 29 18 31 68 59 91 70
29 18 31 68 59 91 70 29 18 6 18 31 68 59 91 70
29 18 31 68 59 91 70 29 18 31 6 18 31 68 59 91 70
29 18 31 68 59 91 70 29 18 31 6 31 68 59 91 70
29 18 31 68 59 91 70 29 18 31 68 6 31 68 59 91 70
29 18 6 18 31 68 59 91 70 29 18 31 68 59 91 70
29 18 31 6 18 31 68 59 91 70 29 18 31 68 59 91 70
29 18 31 6 31 68 59 91 70 29 18 31 68 59 91 70
29 18 31 68 6 31 68 59 91 70 29 18 31 68 59 91 70

43 30 85 27 66 51 29 43 30 85 27 66 51 29
43 30 85 27 66 51 29 43 30 16 30 85 27 66 51 29
43 30 85 27 66 51 29 43 30 85 16 30 85 27 66 51 29
43 30 85 27 66 51 29 43 30 85 16 85 27 66 51 29
43 30 85 27 66 51 29 43 30 85 27 16 85 27 66 51 29
43 30 16 30 85 27 66 51 29 43 30 85 27 66 51 29
43 30 85 16 30 85 27 66 51 29 43 30 85 27 66 51 29
43 30 85 16 85 27 66 51 29 43 30 85 27 66 51 29
43 30 85 27 16 85 27 66 51 29 43 30 85 27 66 51 29

86 32 43 13 26 22 7 86 32 43 13 26 22 7
86 32 43 13 26 22 7 86 32 14 32 43 13 26 22 7
86 32 43 13 26 22 7 86 32 43 14 32 43 13 26 22 7
86 32 43 13 26 22 7 86 32 43 14 43 13 26 22 7
86 32 43 13 26 22 7 86 32 43 13 14 43 13 26 22 7
86 32 14 32 43 13 26 22 7 86 32 43 13 26 22 7
86 32 43 14 32 43 13 26 22 7 86 32 43 13 26 22 7
86 32 43 14 43 13 26 22 7 86 32 43 13 26 22 7
86 32 43 13 14 43 13 26 22 7 86 32 43 13 26 22 7

35 79 50 61 60 76 37 35 79 50 61 60 76 37
35 79 50 61 60 76 37 35 79 10 79 50 61 60 76 37
35 79 50 61 60 76 37 35 79 50 10 79 50 61 60 76 37
35 79 50 61 60 76 37 35 79 50 10 50 61 60 76 37
35 79 50 61 60 76 37 35 79 50 61 10 50 61 60 76 37
35 79 10 79 50 61 60 76 37 35 79 50 61 60 76 37
35 79 50 10 79 50 61 60 76 37 35 79 50 61 60 76 37
35 79 50 10 50 61 60 76 37 35 79 50 61 60 76 37
35 79 50 61 10 50 61 60 76 37 35 79 50 61 60 76 37

36 85 71 30 30 48 10 36 85 71 30 30 48 10
36 85 71 30 30 48 10 36 85 16 85 71 30 30 48 10
36 85 71 30 30 48 10 36 85 71 16 85 71 30 30 48 10
36 85 71 30 30 48 10 36 85 71 16 71 30 30 48 10
36 85 71 30 30 48 10 36 85 71 30 16 71 30 30 48 10
36 85 16 85 71 30 30 48 10 36 85 71 30 30 48 10
36 85 71 16 85 71 30 30 48 10 36 85 71 30 30 48 10
36 85 71 16 71 30 30 48 10 36 85 71 30 30 48 10
36 85 71 30 16 71 30 30 48 10 36 85 71 30 30 48 10

32 97 84 72 90 26 95 32 97 84 72 90 26 95
32 97 84 72 90 26 95 32 97 18 97 84 72 90 26 95
32 97 84 72 90 26 95 32 97 84 18 97 84 72 90 26 95
32 97 84 72 90 26 95 32 97 84 18 84 72 90 26 95
32 97 84 72 90 26 95 32 97 84 72 18 84 72 90 26 95
32 97 18 97 84 72 90 26 95 32 97 84 72 90 26 95
32 97 84 18 97 84 72 90 26 95 32 97 84 72 90 26 95
32 97 84 18 84 72 90 26 95 32 97 84 72 90 26 95
32 97 84 72 18 84 72 90 26 95 32 97 84 72 90 26 95

94 96 73 64 54 100 11 94 96 73 64 54 100 11
94 96 73 64 54 100 11 94 96 19 96 73 64 54 100 11
94 96 73 64 54 100 11 94 96 73 19 96 73 64 54 100 11
94 96 73 64 54 100 11 94 96 73 19 73 64 54 100 11
94 96 73 64 54 100 11 94 96 73 64 19 73 64 54 100 11
94 96 19 96 73 64 54 100 11 94 96 73 64 54 100 11
94 96 73 19 96 73 64 54 100 11 94 96 73 64 54 100 11
94 96 73 19 73 64 54 100 11 94 96 73 64 54 100 11
94 96 73 64 19 73 64 54 100 11 94 96 73 64 54 100 11

76 23 24 78 44 26 84 76 23 24 78 44 26 84
76 23 24 78 44 26 84 76 23 13 23 24 78 44 26 84
76 23 24 78 44 26 84 76 23 24 13 23 24 78 44 26 84
76 23 24 78 44 26 84 76 23 24 13 24 78 44 26 84
76 23 24 78 44 26 84 76 23 24 78 13 24 78 44 26 84
76 23 13 23 24 78 44 26 84 76 23 24 78 44 26 84
76 23 24 13 23 24 78 44 26 84 76 23 24 78 44 26 84
76 23 24 13 24 78 44 26 84 76 23 24 78 44 26 84
76 23 24 78 13 24 78 44 26 84 76 23 24 78 44 26 84

39 36 51 38 65 22 34 39 36 51 38 65 22 34
39 36 51 38 65 22 34 39 36 5 36 51 38 65 22 34
39 36 51 38 65 22 34 39 36 51 5 36 51 38 65 22 34
39 36 51 38 65 22 34 39 36 51 5 51 38 65 22 34
39 36 51 38 65 22 34 39 36 51 38 5 51 38 65 22 34
39 36 5 36 51 38 65 22 34 39 36 51 38 65 22 34
39 36 51 5 36 51 38 65 22 34 39 36 51 38 65 22 34
39 36 51 5 51 38 65 22 34 39 36 51 38 65 22 34
39 36 51 38 5 51 38 65 22 34 39 36 51 38 65 22 34

83 5 45 55 84 49 58 83 5 45 55 84 49 58
83 5 45 55 84 49 58 83 5 6 5 45 55 84 49 58
83 5 45 55 84 49 58 83 5 45 6 5 45 55 84 49 58
83 5 45 55 84 49 58 83 5 45 6 45 55 84 49 58
83 5 45 55 84 49 58 83 5 45 55 6 45 55 84 49 58
83 5 6 5 45 55 84 49 58 83 5 45 55 84 49 58
83 5 45 6 5 45 55 84 49 58 83 5 45 55 84 49 58
83 5 45 6 45 55 84 49 58 83 5 45 55 84 49 58
83 5 45 55 6 45 55 84 49 58 83 5 45 55 84 49 58

91 45 75 15 7 51 85 91 45 75 15 7 51 85
91 45 75 15 7 51 85 91 45 19 45 75 15 7 51 85
91 45 75 15 7 51 85 91 45 75 19 45 75 15 7 51 85
91 45 75 15 7 51 85 91 45 75 19 75 15 7 51 85
91 45 75 15 7 51 85 91 45 75 15 19 75 15 7 51 85
91 45 19 45 75 15 7 51 85 91 45 75 15 7 51 85
91 45 75 19 45 75 15 7 51 85 91 45 75 15 7 51 85
91 45 75 19 75 15 7 51 85 91 45 75 15 7 51 85
91 45 75 15 19 75 15 7 51 85 91 45 75 15 7 51 85

96 28 58 16 93 67 6 96 28 58 16 93 67 6
96 28 58 16 93 67 6 96 28 19 28 58 16 93 67 6
96 28 58 16 93 67 6 96 28 58 19 28 58 16 93 67 6
96 28 58 16 93 67 6 96 28 58 19 58 16 93 67 6
96 28 58 16 93 67 6 96 28 58 16 19 58 16 93 67 6
96 28 19 28 58 16 93 67 6 96 28 58 16 93 67 6
96 28 58 19 28 58 16 93 67 6 96 28 58 16 93 67 6
96 28 58 19 58 16 93 67 6 96 28 58 16 93 67 6
96 28 58 16 19 58 16 93 67 6 96 28 58 16 93 67 6

64 34 81 81 41 68 94 64 34 81 81 41 68 94
64 34 81 81 41 68 94 64 34 10 34 81 81 41 68 94
64 34 81 81 41 68 94 64 34 81 10 34 81 81 41 68 94
64 34 81 81 41 68 94 64 34 81 10 81 81 41 68 94
64 34 81 81 41 68 94 64 34 81 81 10 81 81 41 68 94
64 34 10 34 81 81 41 68 94 64 34 81 81 41 68 94
64 34 81 10 34 81 81 41 68 94 64 34 81 81 41 68 94
64 34 81 10 81 81 41 68 94 64 34 81 81 41 68 94
64 34 81 81 10 81 81 41 68 94 64 34 81 81 41 68 94

28 6 63 6 48 39 5 28 6 63 6 48 39 5
28 6 63 6 48 39 5 28 6 16 6 63 6 48 39 5
28 6 63 6 48 39 5 28 6 63 16 6 63 6 48 39 5
28 6 63 6 48 39 5 28 6 63 16 63 6 48 39 5
28 6 63 6 48 39 5 28 6 63 6 16 63 6 48 39 5
28 6 16 6 63 6 48 39 5 28 6 63 6 48 39 5
28 6 63 16 6 63 6 48 39 5 28 6 63 6 48 39 5
28 6 63 16 63 6 48 39 5 28 6 63 6 48 39 5
28 6 63 6 16 63 6 48 39 5 28 6 63 6 48 39 5

11 26 61 98 95 57 74 11 26 61 98 95 57 74
11 26 61 98 95 57 74 11 26 19 26 61 98 95 57 74
11 26 61 98 95 57 74 11 26 61 19 26 61 98 95 57 74
11 26 61 98 95 57 74 11 26 61 19 61 98 95 57 74
11 26 61 98 95 57 74 11 26 61 98 19 61 98 95 57 74
11 26 19 26 61 98 95 57 74 11 26 61 98 95 57 74
11 26 61 19 26 61 98 95 57 74 11 26 61 98 95 57 74
11 26 61 19 61 98 95 57 74 11 26 61 98 95 57 74
11 26 61 98 19 61 98 95 57 74 11 26 61 98 95 57 74

73 10 89 9 73 61 54 73 10 89 9 73 61 54
73 10 89 9 73 61 54 73 10 8 10 89 9 73 61 54
73 10 89 9 73 61 54 73 10 89 8 10 89 9 73 61 54
73 10 89 9 73 61 54 73 10 89 8 89 9 73 61 54
73 10 89 9 73 61 54 73 10 89 9 8 89 9 73 61 54
73 10 8 10 89 9 73 61 54 73 10 89 9 73 61 54
73 10 89 8 10 89 9 73 61 54 73 10 89 9 73 61 54
73 10 89 8 89 9 73 61 54 73 10 89 9 73 61 54
73 10 89 9 8 89 9 73 61 54 73 10 89 9 73 61 54

23 49 72 31 17 15 18 23 49 72 31 17 15 18
23 49 72 31 17 15 18 23 49 15 49 72 31 17 15 18
23 49 72 31 17 15 18 23 49 72 15 49 72 31 17 15 18
23 49 72 31 17 15 18 23 49 72 15 72 31 17 15 18
23 49 72 31 17 15 18 23 49 72 31 15 72 31 17 15 18
23 49 15 49 72 31 17 15 18 23 49 72 31 17 15 18
23 49 72 15 49 72 31 17 15 18 23 49 72 31 17 15 18
23 49 72 15 72 31 17 15 18 23 49 72 31 17 15 18
23 49 72 31 15 72 31 17 15 18 23 49 72 31 17 15 18

76 73 20 30 20 96 53 76 73 20 30 20 96 53
76 73 20 30 20 96 53 76 73 7 73 20 30 20 96 53
76 73 20 30 20 96 53 76 73 20 7 73 20 30 20 96 53
76 73 20 30 20 96 53 76 73 20 7 20 30 20 96 53
76 73 20 30 20 96 53 76 73 20 30 7 20 30 20 96 53
76 73 7 73 20 30 20 96 53 76 73 20 30 20 96 53
76 73 20 7 73 20 30 20 96 53 76 73 20 30 20 96 53
76 73 20 7 20 30 20 96 53 76 73 20 30 20 96 53
76 73 20 30 7 20 30 20 96 53 76 73 20 30 20 96 53

30 77 42 18 63 92 100 30 77 42 18 63 92 100
30 77 42 18 63 92 100 30 77 13 77 42 18 63 92 100
30 77 42 18 63 92 100 30 77 42 13 77 42 18 63 92 100
30 77 42 18 63 92 100 30 77 42 13 42 18 63 92 100
30 77 42 18 63 92 100 30 77 42 18 13 42 18 63 92 100
30 77 13 77 42 18 63 92 100 30 77 42 18 63 92 100
30 77 42 13 77 42 18 63 92 100 30 77 42 18 63 92 100
30 77 42 13 42 18 63 92 100 30 77 42 18 63 92 100
30 77 42 18 13 42 18 63 92 100 30 77 42 18 63 92 100

78 30 84 97 63 11 35 78 30 84 97 63 11 35
78 30 84 97 63 11 35 78 30 7 30 84 97 63 11 35
78 30 84 97 63 11 35 78 30 84 7 30 84 97 63 11 35
78 30 84 97 63 11 35 78 30 84 7 84 97 63 11 35
78 30 84 97 63 11 35 78 30 84 97 7 84 97 63 11 35
78 30 7 30 84 97 63 11 35 78 30 84 97 63 11 35
78 30 84 7 30 84 97 63 11 35 78 30 84 97 63 11 35
78 30 84 7 84 97 63 11 35 78 30 84 97 63 11 35
78 30 84 97 7 84 97 63 11 35 78 30 84 97 63 11 35

53 100 10 87 57 32 62 53 100 10 87 57 32 62
53 100 10 87 57 32 62 53 100 15 100 10 87 57 32 62
53 100 10 87 57 32 62 53 100 10 15 100 10 87 57 32 62
53 100 10 87 57 32 62 53 100 10 15 10 87 57 32 62
53 100 10 87 57 32 62 53 100 10 87 15 10 87 57 32 62
53 100 15 100 10 87 57 32 62 53 100 10 87 57 32 62
53 100 10 15 100 10 87 57 32 62 53 100 10 87 57 32 62
53 100 10 15 10 87 57 32 62 53 100 10 87 57 32 62
53 100 10 87 15 10 87 57 32 62 53 100 10 87 57 32 62

70 29 41 23 31 46 62 70 29 41 23 31 46 62
70 29 41 23 31 46 62 70 29 9 29 41 23 31 46 62
70 29 41 23 31 46 62 70 29 41 9 29 41 23 31 46 62
70 29 41 23 31 46 62 70 29 41 9 41 23 31 46 62
70 29 41 23 31 46 62 70 29 41 23 9 41 23 31 46 62
70 29 9 29 41 23 31 46 62 70 29 41 23 31 46 62
70 29 41 9 29 41 23 31 46 62 70 29 41 23 31 46 62
70 29 41 9 41 23 31 46 62 70 29 41 23 31 46 62
70 29 41 23 9 41 23 31 46 62 70 29 41 23 31 46 62

9 22 14 66 80 16 26 9 22 14 66 80 16 26
9 22 14 66 80 16 26 9 22 7 22 14 66 80 16 26
9 22 14 66 80 16 26 9 22 14 7 22 14 66 80 16 26
9 22 14 66 80 16 26 9 22 14 7 14 66 80 16 26
9 22 14 66 80 16 26 9 22 14 66 7 14 66 80 16 26
9 22 7 22 14 66 80 16 26 9 22 14 66 80 16 26
9 22 14 7 22 14 66 80 16 26 9 22 14 66 80 16 26
9 22 14 7 14 66 80 16 26 9 22 14 66 80 16 26
9 22 14 66 7 14 66 80 16 26 9 22 14 66 80 16 26

97 7 57 75 73 16 75 97 7 57 75 73 16 75
97 7 57 75 73 16 75 97 7 6 7 57 75 73 16 75
97 7 57 75 73 16 75 97 7 57 6 7 57 75 73 16 75
97 7 57 75 73 16 75 97 7 57 6 57 75 73 16 75
97 7 57 75 73 16 75 97 7 57 75 6 57 75 73 16 75
97 7 6 7 57 75 73 16 75 97 7 57 75 73 16 75
97 7 57 6 7 57 75 73 16 75 97 7 57 75 73 16 75
97 7 57 6 57 75 73 16 75 97 7 57 75 73 16 75
97 7 57 75 6 57 75 73 16 75 97 7 57 75 73 16 75

28 83 19 63 50 53 90 28 83 19 63 50 53 90
28 83 19 63 50 53 90 28 83 15 83 19 63 50 53 90
28 83 19 63 50 53 90 28 83 19 15 83 19 63 50 53 90
28 83 19 63 50 53 90 28 83 19 15 19 63 50 53 90
28 83 19 63 50 53 90 28 83 19 63 15 19 63 50 53 90
28 83 15 83 19 63 50 53 90 28 83 19 63 50 53 90
28 83 19 15 83 19 63 50 53 90 28 83 19 63 50 53 90
28 83 19 15 19 63 50 53 90 28 83 19 63 50 53 90
28 83 19 63 15 19 63 50 53 90 28 83 19 63 50 53 90

64 66 25 78 66 38 58 64 66 25 78 66 38 58
64 66 25 78 66 38 58 64 66 19 66 25 78 66 38 58
64 66 25 78 66 38 58 64 66 25 19 66 25 78 66 38 58
64 66 25 78 66 38 58 64 66 25 19 25 78 66 38 58
64 66 25 78 66 38 58 64 66 25 78 19 25 78 66 38 58
64 66 19 66 25 78 66 38 58 64 66 25 78 66 38 58
64 66 25 19 66 25 78 66 38 58 64 66 25 78 66 38 58
64 66 25 19 25 78 66 38 58 64 66 25 78 66 38 58
64 66 25 78 19 25 78 66 38 58 64 66 25 78 66 38 58

56 7 65 46 26 7 35 56 7 65 46 26 7 35
56 7 65 46 26 7 35 56 7 14 7 65 46 26 7 35
56 7 65 46 26 7 35 56 7 65 14 7 65 46 26 7 35
56 7 65 46 26 7 35 56 7 65 14 65 46 26 7 35
56 7 65 46 26 7 35 56 7 65 46 14 65 46 26 7 35
56 7 14 7 65 46 26 7 35 56 7 65 46 26 7 35
56 7 65 14 7 65 46 26 7 35 56 7 65 46 26 7 35
56 7 65 14 65 46 26 7 35 56 7 65 46 26 7 35
56 7 65 46 14 65 46 26 7 35 56 7 65 46 26 7 35

48 93 59 23 98 78 5 48 93 59 23 98 78 5
48 93 59 23 98 78 5 48 93 10 93 59 23 98 78 5
48 93 59 23 98 78 5 48 93 59 10 93 59 23 98 78 5
48 93 59 23 98 78 5 48 93 59 10 59 23 98 78 5
48 93 59 23 98 78 5 48 93 59 23 10 59 23 98 78 5
48 93 10 93 59 23 98 78 5 48 93 59 23 98 78 5
48 93 59 10 93 59 23 98 78 5 48 93 59 23 98 78 5
48 93 59 10 59 23 98 78 5 48 93 59 23 98 78 5
48 93 59 23 10 59 23 98 78 5 48 93 59 23 98 78 5

30 72 29 7 97 67 11 30 72 29 7 97 67 11
30 72 29 7 97 67 11 30 72 19 72 29 7 97 67 11
30 72 29 7 97 67 11 30 72 29 19 72 29 7 97 67 11
30 72 29 7 97 67 11 30 72 29 19 29 7 97 67 11
30 72 29 7 97 67 11 30 72 29 7 19 29 7 97 67 11
30 72 19 72 29 7 97 67 11 30 72 29 7 97 67 11
30 72 29 19 72 29 7 97 67 11 30 72 29 7 97 67 11
30 72 29 19 29 7 97 67 11 30 72 29 7 97 67 11
30 72 29 7 19 29 7 97 67 11 30 72 29 7 97 67 11

9 55 54 80 20 94 30 9 55 54 80 20 94 30
9 55 54 80 20 94 30 9 55 5 55 54 80 20 94 30
9 55 54 80 20 94 30 9 55 54 5 55 54 80 20 94 30
9 55 54 80 20 94 30 9 55 54 5 54 80 20 94 30
9 55 54 80 20 94 30 9 55 54 80 5 54 80 20 94 30
9 55 5 55 54 80 20 94 30 9 55 54 80 20 94 30
9 55 54 5 55 54 80 20 94 30 9 55 54 80 20 94 30
9 55 54 5 54 80 20 94 30 9 55 54 80 20 94 30
9 55 54 80 5 54 80 20 94 30 9 55 54 80 20 94 30

64 21 51 30 73 50 40 64 21 51 30 73 50 40
64 21 51 30 73 50 40 64 21 5 21 51 30 73 50 40
64 21 51 30 73 50 40 64 21 51 5 21 51 30 73 50 40
64 21 51 30 73 50 40 64 21 51 5 51 30 73 50 40
64 21 51 30 73 50 40 64 21 51 30 5 51 30 73 50 40
64 21 5 21 51 30 73 50 40 64 21 51 30 73 50 40
64 21 51 5 21 51 30 73 50 40 64 21 51 30 73 50 40
64 21 51 5 51 30 73 50 40 64 21 51 30 73 50 40
64 21 51 30 5 51 30 73 50 40 64 21 51 30 73 50 40

99 65 39 36 9 56 98 99 65 39 36 9 56 98
99 65 39 36 9 56 98 99 65 7 65 39 36 9 56 98
99 65 39 36 9 56 98 99 65 39 7 65 39 36 9 56 98
99 65 39 36 9 56 98 99 65 39 7 39 36 9 56 98
99 65 39 36 9 56 98 99 65 39 36 7 39 36 9 56 98
99 65 7 65 39 36 9 56 98 99 65 39 36 9 56 98
99 65 39 7 65 39 36 9 56 98 99 65 39 36 9 56 98
99 65 39 7 39 36 9 56 98 99 65 39 36 9 56 98
99 65 39 36 7 39 36 9 56 98 99 65 39 36 9 56 98

100 25 22 27 73 89 89 100 25 22 27 73 89 89
100 25 22 27 73 89 89 100 25 13 25 22 27 73 89 89
100 25 22 27 73 89 89 100 25 22 13 25 22 27 73 89 89
100 25 22 27 73 89 89 100 25 22 13 22 27 73 89 89
100 25 22 27 73 89 89 100 25 22 27 13 22 27 73 89 89
100 25 13 25 22 27 73 89 89 100 25 22 27 73 89 89
100 25 22 13 25 22 27 73 89 89 100 25 22 27 73 89 89
100 25 22 13 22 27 73 89 89 100 25 22 27 73 89 89
100 25 22 27 13 22 27 73 89 89 100 25 22 27 73 89 89

25 14 59 98 68 50 72 25 14 59 98 68 50 72
25 14 59 98 68 50 72 25 14 14 14 59 98 68 50 72
25 14 59 98 68 50 72 25 14 59 14 14 59 98 68 50 72
25 14 59 98 68 50 72 25 14 59 14 59 98 68 50 72
25 14 59 98 68 50 72 25 14 59 98 14 59 98 68 50 72
25 14 14 14 59 98 68 50 72 25 14 59 98 68 50 72
25 14 59 14 14 59 98 68 50 72 25 14 59 98 68 50 72
25 14 59 14 59 98 68 50 72 25 14 59 98 68 50 72
25 14 59 98 14 59 98 68 50 72 25 14 59 98 68 50 72

38 12 72 56 76 79 90 38 12 72 56 76 79 90
38 12 72 56 76 79 90 38 12 13 12 72 56 76 79 90
38 12 72 56 76 79 90 38 12 72 13 12 72 56 76 79 90
38 12 72 56 76 79 90 38 12 72 13 72 56 76 79 90
38 12 72 56 76 79 90 38 12 72 56 13 72 56 76 79 90
38 12 13 12 72 56 76 79 90 38 12 72 56 76 79 90
38 12 72 13 12 72 56 76 79 90 38 12 72 56 76 79 90
38 12 72 13 72 56 76 79 90 38 12 72 56 76 79 90
38 12 72 56 13 72 56 76 79 90 38 12 72 56 76 79 90

12 45 63 10 98 73 35 12 45 63 10 98 73 35
12 45 63 10 98 73 35 12 45 20 45 63 10 98 73 35
12 45 63 10 98 73 35 12 45 63 20 45 63 10 98 73 35
12 45 63 10 98 73 35 12 45 63 20 63 10 98 73 35
12 45 63 10 98 73 35 12 45 63 10 20 63 10 98 73 35
12 45 20 45 63 10 98 73 35 12 45 63 10 98 73 35
12 45 63 20 45 63 10 98 73 35 12 45 63 10 98 73 35
12 45 63 20 63 10 98 73 35 12 45 63 10 98 73 35
12 45 63 10 20 63 10 98 73 35 12 45 63 10 98 73 35

32 91 87 32 14 54 28 32 91 87 32 14 54 28
32 91 87 32 14 54 28 32 91 12 91 87 32 14 54 28
32 91 87 32 14 54 28 32 91 87 12 91 87 32 14 54 28
32 91 87 32 14 54 28 32 91 87 12 87 32 14 54 28
32 91 87 32 14 54 28 32 91 87 32 12 87 32 14 54 28
32 91 12 91 87 32 14 54 28 32 91 87 32 14 54 28
32 91 87 12 91 87 32 14 54 28 32 91 87 32 14 54 28
32 91 87 12 87 32 14 54 28 32 91 87 32 14 54 28
32 91 87 32 12 87 32 14 54 28 32 91 87 32 14 54 28

87 5 33 28 70 71 63 87 5 33 28 70 71 63
87 5 33 28 70 71 63 87 5 19 5 33 28 70 71 63
87 5 33 28 70 71 63 87 5 33 19 5 33 28 70 71 63
87 5 33 28 70 71 63 87 5 33 19 33 28 70 71 63
87 5 33 28 70 71 63 87 5 33 28 19 33 28 70 71 63
87 5 19 5 33 28 70 71 63 87 5 33 28 70 71 63
87 5 33 19 5 33 28 70 71 63 87 5 33 28 70 71 63
87 5 33 19 33 28 70 71 63 87 5 33 28 70 71 63
87 5 33 28 19 33 28 70 71 63 87 5 33 28 70 71 63

99 34 72 77 22 89 84 99 34 72 77 22 89 84
99 34 72 77 22 89 84 99 34 9 34 72 77 22 89 84
99 34 72 77 22 89 84 99 34 72 9 34 72 77 22 89 84
99 34 72 77 22 89 84 99 34 72 9 72 77 22 89 84
99 34 72 77 22 89 84 99 34 72 77 9 72 77 22 89 84
99 34 9 34 72 77 22 89 84 99 34 72 77 22 89 84
99 34 72 9 34 72 77 22 89 84 99 34 72 77 22 89 84
99 34 72 9 72 77 22 89 84 99 34 72 77 22 89 84
99 34 72 77 9 72 77 22 89 84 99 34 72 77 22 89 84

40 94 85 60 36 11 88 40 94 85 60 36 11 88
40 94 85 60 36 11 88 40 94 13 94 85 60 36 11 88
40 94 85 60 36 11 88 40 94 85 13 94 85 60 36 11 88
40 94 85 60 36 11 88 40 94 85 13 85 60 36 11 88
40 94 85 60 36 11 88 40 94 85 60 13 85 60 36 11 88
40 94 13 94 85 60 36 11 88 40 94 85 60 36 11 88
40 94 85 13 94 85 60 36 11 88 40 94 85 60 36 11 88
40 94 85 13 85 60 36 11 88 40 94 85 60 36 11 88
40 94 85 60 13 85 60 36 11 88 40 94 85 60 36 11 88

96 93 8 33 42 29 100 96 93 8 33 42 29 100
96 93 8 33 42 29 100 96 93 10 93 8 33 42 29 100
96 93 8 33 42 29 100 96 93 8 10 93 8 33 42 29 100
96 93 8 33 42 29 100 96 93 8 10 8 33 42 29 100
96 93 8 33 42 29 100 96 93 8 33 10 8 33 42 29 100
96 93 10 93 8 33 42 29 100 96 93 8 33 42 29 100
96 93 8 10 93 8 33 42 29 100 96 93 8 33 42 29 100
96 93 8 10 8 33 42 29 100 96 93 8 33 42 29 100
96 93 8 33 10 8 33 42 29 100 96 93 8 33 42 29 100

21 82 26 37 75 7 23 21 82 26 37 75 7 23
21 82 26 37 75 7 23 21 82 13 82 26 37 75 7 23
21 82 26 37 75 7 23 21 82 26 13 82 26 37 75 7 23
21 82 26 37 75 7 23 21 82 26 13 26 37 75 7 23
21 82 26 37 75 7 23 21 82 26 37 13 26 37 75 7 23
21 82 13 82 26 37 75 7 23 21 82 26 37 75 7 23
21 82 26 13 82 26 37 75 7 23 21 82 26 37 75 7 23
21 82 26 13 26 37 75 7 23 21 82 26 37 75 7 23
21 82 26 37 13 26 37 75 7 23 21 82 26 37 75 7 23

33 38 22 67 58 97 98 33 38 22 67 58 97 98
33 38 22 67 58 97 98 33 38 19 38 22 67 58 97 98
33 38 22 67 58 97 98 33 38 22 19 38 22 67 58 97 98
33 38 22 67 58 97 98 33 38 22 19 22 67 58 97 98
33 38 22 67 58 97 98 33 38 22 67 19 22 67 58 97 98
33 38 19 38 22 67 58 97 98 33 38 22 67 58 97 98
33 38 22 19 38 22 67 58 97 98 33 38 22 67 58 97 98
33 38 22 19 22 67 58 97 98 33 38 22 67 58 97 98
33 38 22 67 19 22 67 58 97 98 33 38 22 67 58 97 98

27 18 72 7 42 81 90 27 18 72 7 42 81 90
27 18 72 7 42 81 90 27 18 12 18 72 7 42 81 90
27 18 72 7 42 81 90 27 18 72 12 18 72 7 42 81 90
27 18 72 7 42 81 90 27 18 72 12 72 7 42 81 90
27 18 72 7 42 81 90 27 18 72 7 12 72 7 42 81 90
27 18 12 18 72 7 42 81 90 27 18 72 7 42 81 90
27 18 72 12 18 72 7 42 81 90 27 18 72 7 42 81 90
27 18 72 12 72 7 42 81 90 27 18 72 7 42 81 90
27 18 72 7 12 72 7 42 81 90 27 18 72 7 42 81 90

72 100 64 84 6 70 97 72 100 64 84 6 70 97
72 100 64 84 6 70 97 72 100 18 100 64 84 6 70 97
72 100 64 84 6 70 97 72 100 64 18 100 64 84 6 70 97
72 100 64 84 6 70 97 72 100 64 18 64 84 6 70 97
72 100 64 84 6 70 97 72 100 64 84 18 64 84 6 70 97
72 100 18 100 64 84 6 70 97 72 100 64 84 6 70 97
72 100 64 18 100 64 84 6 70 97 72 100 64 84 6 70 97
72 100 64 18 64 84 6 70 97 72 100 64 84 6 70 97
72 100 64 84 18 64 84 6 70 97 72 100 64 84 6 70 97

86 91 93 36 91 15 21 86 91 93 36 91 15 21
86 91 93 36 91 15 21 86 91 18 91 93 36 91 15 21
86 91 93 36 91 15 21 86 91 93 18 91 93 36 91 15 21
86 91 93 36 91 15 21 86 91 93 18 93 36 91 15 21
86 91 93 36 91 15 21 86 91 93 36 18 93 36 91 15 21
86 91 18 91 93 36 91 15 21 86 91 93 36 91 15 21
86 91 93 18 91 93 36 91 15 21 86 91 93 36 91 15 21
86 91 93 18 93 36 91 15 21 86 91 93 36 91 15 21
86 91 93 36 18 93 36 91 15 21 86 91 93 36 91 15 21

81 10 34 71 28 97 66 81 10 34 71 28 97 66
81 10 34 71 28 97 66 81 10 16 10 34 71 28 97 66
81 10 34 71 28 97 66 81 10 34 16 10 34 71 28 97 66
81 10 34 71 28 97 66 81 10 34 16 34 71 28 97 66
81 10 34 71 28 97 66 81 10 34 71 16 34 71 28 97 66
81 10 16 10 34 71 28 97 66 81 10 34 71 28 97 66
81 10 34 16 10 34 71 28 97 66 81 10 34 71 28 97 66
81 10 34 16 34 71 28 97 66 81 10 34 71 28 97 66
81 10 34 71 16 34 71 28 97 66 81 10 34 71 28 97 66

53 54 65 14 49 53 45 53 54 65 14 49 53 45
53 54 65 14 49 53 45 53 54 16 54 65 14 49 53 45
53 54 65 14 49 53 45 53 54 65 16 54 65 14 49 53 45
53 54 65 14 49 53 45 53 54 65 16 65 14 49 53 45
53 54 65 14 49 53 45 53 54 65 14 16 65 14 49 53 45
53 54 16 54 65 14 49 53 45 53 54 65 14 49 53 45
53 54 65 16 54 65 14 49 53 45 53 54 65 14 49 53 45
53 54 65 16 65 14 49 53 45 53 54 65 14 49 53 45
53 54 65 14 16 65 14 49 53 45 53 54 65 14 49 53 45

93 89 8 60 33 42 18 93 89 8 60 33 42 18
93 89 8 60 33 42 18 93 89 19 89 8 60 33 42 18
93 89 8 60 33 42 18 93 89 8 19 89 8 60 33 42 18
93 89 8 60 33 42 18 93 89 8 19 8 60 33 42 18
93 89 8 60 33 42 18 93 89 8 60 19 8 60 33 42 18
93 89 19 89 8 60 33 42 18 93 89 8 60 33 42 18
93 89 8 19 89 8 60 33 42 18 93 89 8 60 33 42 18
93 89 8 19 8 60 33 42 18 93 89 8 60 33 42 18
93 89 8 60 19 8 60 33 42 18 93 89 8 60 33 42 18

75 32 39 68 13 31 32 75 32 39 68 13 31 32
75 32 39 68 13 31 32 75 32 10 32 39 68 13 31 32
75 32 39 68 13 31 32 75 32 39 10 32 39 68 13 31 32
75 32 39 68 13 31 32 75 32 39 10 39 68 13 31 32
75 32 39 68 13 31 32 75 32 39 68 10 39 68 13 31 32
75 32 10 32 39 68 13 31 32 75 32 39 68 13 31 32
75 32 39 10 32 39 68 13 31 32 75 32 39 68 13 31 32
75 32 39 10 39 68 13 31 32 75 32 39 68 13 31 32
75 32 39 68 10 39 68 13 31 32 75 32 39 68 13 31 32

61 5 67 8 32 85 62 61 5 67 8 32 85 62
61 5 67 8 32 85 62 61 5 6 5 67 8 32 85 62
61 5 67 8 32 85 62 61 5 67 6 5 67 8 32 85 62
61 5 67 8 32 85 62 61 5 67 6 67 8 32 85 62
61 5 67 8 32 85 62 61 5 67 8 6 67 8 32 85 62
61 5 6 5 67 8 32 85 62 61 5 67 8 32 85 62
61 5 67 6 5 67 8 32 85 62 61 5 67 8 32 85 62
61 5 67 6 67 8 32 85 62 61 5 67 8 32 85 62
61 5 67 8 6 67 8 32 85 62 61 5 67 8 32 85 62

64 10 20 41 35 77 78 64 10 20 41 35 77 78
64 10 20 41 35 77 78 64 10 10 10 20 41 35 77 78
64 10 20 41 35 77 78 64 10 20 10 10 20 41 35 77 78
64 10 20 41 35 77 78 64 10 20 10 20 41 35 77 78
64 10 20 41 35 77 78 64 10 20 41 10 20 41 35 77 78
64 10 10 10 20 41 35 77 78 64 10 20 41 35 77 78
64 10 20 10 10 20 41 35 77 78 64 10 20 41 35 77 78
64 10 20 10 20 41 35 77 78 64 10 20 41 35 77 78
64 10 20 41 10 20 41 35 77 78 64 10 20 41 35 77 78

72 33 58 36 95 38 14 72 33 58 36 95 38 14
72 33 58 36 95 38 14 72 33 12 33 58 36 95 38 14
72 33 58 36 95 38 14 72 33 58 12 33 58 36 95 38 14
72 33 58 36 95 38 14 72 33 58 12 58 36 95 38 14
72 33 58 36 95 38 14 72 33 58 36 12 58 36 95 38 14
72 33 12 33 58 36 95 38 14 72 33 58 36 95 38 14
72 33 58 12 33 58 36 95 38 14 72 33 58 36 95 38 14
72 33 58 12 58 36 95 38 14 72 33 58 36 95 38 14
72 33 58 36 12 58 36 95 38 14 72 33 58 36 95 38 14

75 82 62 83 70 29 39 75 82 62 83 70 29 39
75 82 62 83 70 29 39 75 82 6 82 62 83 70 29 39
75 82 62 83 70 29 39 75 82 62 6 82 62 83 70 29 39
75 82 62 83 70 29 39 75 82 62 6 62 83 70 29 39
75 82 62 83 70 29 39 75 82 62 83 6 62 83 70 29 39
75 82 6 82 62 83 70 29 39 75 82 62 83 70 29 39
75 82 62 6 82 62 83 70 29 39 75 82 62 83 70 29 39
75 82 62 6 62 83 70 29 39 75 82 62 83 70 29 39
75 82 62 83 6 62 83 70 29 39 75 82 62 83 70 29 39

17 26 74 63 81 33 93 17 26 74 63 81 33 93
17 26 74 63 81 33 93 17 26 11 26 74 63 81 33 93
17 26 74 63 81 33 93 17 26 74 11 26 74 63 81 33 93
17 26 74 63 81 33 93 17 26 74 11 74 63 81 33 93
17 26 74 63 81 33 93 17 26 74 63 11 74 63 81 33 93
17 26 11 26 74 63 81 33 93 17 26 74 63 81 33 93
17 26 74 11 26 74 63 81 33 93 17 26 74 63 81 33 93
17 26 74 11 74 63 81 33 93 17 26 74 63 81 33 93
17 26 74 63 11 74 63 81 33 93 17 26 74 63 81 33 93

23 55 85 100 67 14 45 23 55 85 100 67 14 45
23 55 85 100 67 14 45 23 55 15 55 85 100 67 14 45
23 55 85 100 67 14 45 23 55 85 15 55 85 100 67 14 45
23 55 85 100 67 14 45 23 55 85 15 85 100 67 14 45
23 55 85 100 67 14 45 23 55 85 100 15 85 100 67 14 45
23 55 15 55 85 100 67 14 45 23 55 85 100 67 14 45
23 55 85 15 55 85 100 67 14 45 23 55 85 100 67 14 45
23 55 85 15 85 100 67 14 45 23 55 85 100 67 14 45
23 55 85 100 15 85 100 67 14 45 23 55 85 100 67 14 45

16 79 41 7 39 38 54 16 79 41 7 39 38 54
16 79 41 7 39 38 54 16 79 11 79 41 7 39 38 54
16 79 41 7 39 38 54 16 79 41 11 79 41 7 39 38 54
16 79 41 7 39 38 54 16 79 41 11 41 7 39 38 54
16 79 41 7 39 38 54 16 79 41 7 11 41 7 39 38 54
16 79 11 79 41 7 39 38 54 16 79 41 7 39 38 54
16 79 41 11 79 41 7 39 38 54 16 79 41 7 39 38 54
16 79 41 11 41 7 39 38 54 16 79 41 7 39 38 54
16 79 41 7 11 41 7 39 38 54 16 79 41 7 39 38 54

58 71 58 75 98 43 74 58 71 58 75 98 43 74
58 71 58 75 98 43 74 58 71 15 71 58 75 98 43 74
58 71 58 75 98 43 74 58 71 58 15 71 58 75 98 43 74
58 71 58 75 98 43 74 58 71 58 15 58 75 98 43 74
58 71 58 75 98 43 74 58 71 58 75 15 58 75 98 43 74
58 71 15 71 58 75 98 43 74 58 71 58 75 98 43 74
58 71 58 15 71 58 75 98 43 74 58 71 58 75 98 43 74
58 71 58 15 58 75 98 43 74 58 71 58 75 98 43 74
58 71 58 75 15 58 75 98 43 74 58 71 58 75 98 43 74

21 29 75 94 27 95 44 21 29 75 94 27 95 44
21 29 75 94 27 95 44 21 29 14 29 75 94 27 95 44
21 29 75 94 27 95 44 21 29 75 14 29 75 94 27 95 44
21 29 75 94 27 95 44 21 29 75 14 75 94 27 95 44
21 29 75 94 27 95 44 21 29 75 94 14 75 94 27 95 44
21 29 14 29 75 94 27 95 44 21 29 75 94 27 95 44
21 29 75 14 29 75 94 27 95 44 21 29 75 94 27 95 44
21 29 75 14 75 94 27 95 44 21 29 75 94 27 95 44
21 29 75 94 14 75 94 27 95 44 21 29 75 94 27 95 44

35 74 97 36 89 91 18 35 74 97 36 89 91 18
35 74 97 36 89 91 18 35 74 5 74 97 36 89 91 18
35 74 97 36 89 91 18 35 74 97 5 74 97 36 89 91 18
35 74 97 36 89 91 18 35 74 97 5 97 36 89 91 18
35 74 97 36 89 91 18 35 74 97 36 5 97 36 89 91 18
35 74 5 74 97 36 89 91 18 35 74 97 36 89 91 18
35 74 97 5 74 97 36 89 91 18 35 74 97 36 89 91 18
35 74 97 5 97 36 89 91 18 35 74 97 36 89 91 18
35 74 97 36 5 97 36 89 91 18 35 74 97 36 89 91 18

49 73 53 39 33 75 57 49 73 53 39 33 75 57
49 73 53 39 33 75 57 49 73 16 73 53 39 33 75 57
49 73 53 39 33 75 57 49 73 53 16 73 53 39 33 75 57
49 73 53 39 33 75 57 49 73 53 16 53 39 33 75 57
49 73 53 39 33 75 57 49 73 53 39 16 53 39 33 75 57
49 73 16 73 53 39 33 75 57 49 73 53 39 33 75 57
49 73 53 16 73 53 39 33 75 57 49 73 53 39 33 75 57
49 73 53 16 53 39 33 75 57 49 73 53 39 33 75 57
49 73 53 39 16 53 39 33 75 57 49 73 53 39 33 75 57

45 62 36 59 51 51 49 45 62 36 59 51 51 49
45 62 36 59 51 51 49 45 62 17 62 36 59 51 51 49
45 62 36 59 51 51 49 45 62 36 17 62 36 59 51 51 49
45 62 36 59 51 51 49 45 62 36 17 36 59 51 51 49
45 62 36 59 51 51 49 45 62 36 59 17 36 59 51 51 49
45 62 17 62 36 59 51 51 49 45 62 36 59 51 51 49
45 62 36 17 62 36 59 51 51 49 45 62 36 59 51 51 49
45 62 36 17 36 59 51 51 49 45 62 36 59 51 51 49
45 62 36 59 17 36 59 51 51 49 45 62 36 59 51 51 49

84 21 99 72 68 30 90 84 21 99 72 68 30 90
84 21 99 72 68 30 90 84 21 16 21 99 72 68 30 90
84 21 99 72 68 30 90 84 21 99 16 21 99 72 68 30 90
84 21 99 72 68 30 90 84 21 99 16 99 72 68 30 90
84 21 99 72 68 30 90 84 21 99 72 16 99 72 68 30 90
84 21 16 21 99 72 68 30 90 84 21 99 72 68 30 90
84 21 99 16 21 99 72 68 30 90 84 21 99 72 68 30 90
84 21 99 16 99 72 68 30 90 84 21 99 72 68 30 90
84 21 99 72 16 99 72 68 30 90 84 21 99 72 68 30 90

92 7 49 75 55 75 24 92 7 49 75 55 75 24
92 7 49 75 55 75 24 92 7 19 7 49 75 55 75 24
92 7 49 75 55 75 24 92 7 49 19 7 49 75 55 75 24
92 7 49 75 55 75 24 92 7 49 19 49 75 55 75 24
92 7 49 75 55 75 24 92 7 49 75 19 49 75 55 75 24
92 7 19 7 49 75 55 75 24 92 7 49 75 55 75 24
92 7 49 19 7 49 75 55 75 24 92 7 49 75 55 75 24
92 7 49 19 49 75 55 75 24 92 7 49 75 55 75 24
92 7 49 75 19 49 75 55 75 24 92 7 49 75 55 75 24

64 44 59 48 58 55 17 64 44 59 48 58 55 17
64 44 59 48 58 55 17 64 44 11 44 59 48 58 55 17
64 44 59 48 58 55 17 64 44 59 11 44 59 48 58 55 17
64 44 59 48 58 55 17 64 44 59 11 59 48 58 55 17
64 44 59 48 58 55 17 64 44 59 48 11 59 48 58 55 17
64 44 11 44 59 48 58 55 17 64 44 59 48 58 55 17
64 44 59 11 44 59 48 58 55 17 64 44 59 48 58 55 17
64 44 59 11 59 48 58 55 17 64 44 59 48 58 55 17
64 44 59 48 11 59 48 58 55 17 64 44 59 48 58 55 17

71 79 75 56 40 97 41 71 79 75 56 40 97 41
71 79 75 56 40 97 41 71 79 15 79 75 56 40 97 41
71 79 75 56 40 97 41 71 79 75 15 79 75 56 40 97 41
71 79 75 56 40 97 41 71 79 75 15 75 56 40 97 41
71 79 75 56 40 97 41 71 79 75 56 15 75 56 40 97 41
71 79 15 79 75 56 40 97 41 71 79 75 56 40 97 41
71 79 75 15 79 75 56 40 97 41 71 79 75 56 40 97 41
71 79 75 15 75 56 40 97 41 71 79 75 56 40 97 41
71 79 75 56 15 75 56 40 97 41 71 79 75 56 40 97 41

5 17 40 23 40 51 64 5 17 40 23 40 51 64
5 17 40 23 40 51 64 5 17 19 17 40 23 40 51 64
5 17 40 23 40 51 64 5 17 40 19 17 40 23 40 51 64
5 17 40 23 40 51 64 5 17 40 19 40 23 40 51 64
5 17 40 23 40 51 64 5 17 40 23 19 40 23 40 51 64
5 17 19 17 40 23 40 51 64 5 17 40 23 40 51 64
5 17 40 19 17 40 23 40 51 64 5 17 40 23 40 51 64
5 17 40 19 40 23 40 51 64 5 17 40 23 40 51 64
5 17 40 23 19 40 23 40 51 64 5 17 40 23 40 51 64

27 53 59 53 37 25 69 27 53 59 53 37 25 69
27 53 59 53 37 25 69 27 53 13 53 59 53 37 25 69
27 53 59 53 37 25 69 27 53 59 13 53 59 53 37 25 69
27 53 59 53 37 25 69 27 53 59 13 59 53 37 25 69
27 53 59 53 37 25 69 27 53 59 53 13 59 53 37 25 69
27 53 13 53 59 53 37 25 69 27 53 59 53 37 25 69
27 53 59 13 53 59 53 37 25 69 27 53 59 53 37 25 69
27 53 59 13 59 53 37 25 69 27 53 59 53 37 25 69
27 53 59 53 13 59 53 37 25 69 27 53 59 53 37 25 69

21 7 43 56 88 95 69 21 7 43 56 88 95 69
21 7 43 56 88 95 69 21 7 5 7 43 56 88 95 69
21 7 43 56 88 95 69 21 7 43 5 7 43 56 88 95 69
21 7 43 56 88 95 69 21 7 43 5 43 56 88 95 69
21 7 43 56 88 95 69 21 7 43 56 5 43 56 88 95 69
21 7 5 7 43 56 88 95 69 21 7 43 56 88 95 69
21 7 43 5 7 43 56 88 95 69 21 7 43 56 88 95 69
21 7 43 5 43 56 88 95 69 21 7 43 56 88 95 69
21 7 43 56 5 43 56 88 95 69 21 7 43 56 88 95 69

46 36 90 79 24 28 65 46 36 90 79 24 28 65
46 36 90 79 24 28 65 46 36 20 36 90 79 24 28 65
46 36 90 79 24 28 65 46 36 90 20 36 90 79 24 28 65
46 36 90 79 24 28 65 46 36 90 20 90 79 24 28 65
46 36 90 79 24 28 65 46 36 90 79 20 90 79 24 28 65
46 36 20 36 90 79 24 28 65 46 36 90 79 24 28 65
46 36 90 20 36 90 79 24 28 65 46 36 90 79 24 28 65
46 36 90 20 90 79 24 28 65 46 36 90 79 24 28 65
46 36 90 79 20 90 79 24 28 65 46 36 90 79 24 28 65

