150
7
4
2

6
4
13
26
14
21
24
0
0
13
24
0
27
18
5
24
22
17
27
0
3
18
20
9
19
4
23
11
16
11
24
22
28
10
13
23
5
4
16
15
19
7
1
21
4
21
0
24
29
1
14
7
19
7
25
0
7
1
4
23
2
0
14
11
28
17
29
3
19
16
16
0
0
11
2
6
17
3
26
22
10
9
12
6
28
5
24
30
29
2
24
19
23
22
18
8
18
29
10
7
0
24
9
20
22
21
23
11
29
0
18
21
16
16
12
24
19
20
2
5
10
17
24
22
7
0
28
28
8
6
24
1
10
9
12
7
23
9
9
20
27
16
15
24
18
17
27
26
3
21

11 72 
51 36 
48 61 
43 44 
51 98 
19 91 
38 109 
16 63 
52 85 
87 30 
63 94 
49 102 
59 17 
120 20 
105 59 
18 44 
28 44 
55 64 
68 49 
37 81 
59 34 
54 99 
36 23 
43 34 
56 102 
82 100 
51 62 
76 61 
64 70 
71 59 
109 87 
84 86 
77 83 
38 106 
85 87 
75 48 
101 98 
26 18 
60 70 
27 108 
34 40 
59 31 
79 74 
68 47 
99 34 
51 83 
74 83 
35 100 
54 56 
50 26 
82 115 
87 27 
74 49 
62 41 
105 66 
57 88 
80 74 
37 54 
55 101 
45 79 
76 51 
52 77 
84 47 
98 46 
27 20 
26 78 
79 104 
44 79 
80 68 
21 36 
16 86 
66 58 
45 23 
73 48 
94 91 
38 94 
23 95 
40 93 
57 104 
80 81 
78 91 
39 18 
103 94 
83 55 
75 59 
52 61 
86 85 
51 57 
100 105 
43 63 
23 59 
27 14 
107 20 
91 76 
97 31 
59 91 
27 100 
31 28 
91 92 
51 35 
108 39 
88 108 
112 44 
71 65 
70 80 
69 25 
73 80 
102 115 
52 21 
44 62 
79 103 
51 36 
83 110 
40 62 
100 89 
65 32 
45 100 
60 20 
42 55 
56 73 
66 69 
25 38 
35 24 
79 97 
92 17 
49 25 
48 92 
78 62 
57 99 
73 33 
56 102 
43 38 
102 44 
44 28 
75 31 
31 87 
37 70 
100 25 
57 71 
105 26 
65 54 
45 25 
92 15 
15 76 
39 69 
20 63 
111 35 
54 11 
64 66 
56 111 

1920
1263
1405
1465
2115
1721
2050
1582
1339
1696
2361
1719
1178
1429
1747
1836
1315
2214
2135
1546
1568
1863
1181
1568
2273
1806
1778
2551
1769
1613
2469
2238
2130
1643
2327
1564
1898
1314
1657
1710
1520
1581
1792
1328
1868
2145
2602
1875
1844
1578
1579
1720
2193
1458
2324
2378
1922
1957
1622
1825
1976
2114
1920
1971
1942
2055
2238
1643
1748
1316
1672
1810
1335
2119
2072
1314
1737
1999
1704
2223
1993
1260
2391
2035
1778
2037
2151
2303
1928
2323
1870
1378
1791
2049
1683
2303
2278
1569
2124
1849
1773
2333
1135
2074
1843
1662
2683
2407
1330
2061
1631
1411
2804
1368
2416
1616
1583
1934
1565
1510
2055
1095
1218
2160
1431
1690
2146
2170
1945
1708
1422
1839
1989
1905
1955
1689
1237
1626
1643
1943
2141
1231
2040
2321
1748
1978
2045
1622
1918
1653

1 2 3 4 5 1 2 3 4 5 6 7
1 2 3 4 5 1 2 100 102 3 4 5 6 7
1 2 3 4 5 1 2 3 100 102 103 4 5 6 7
1 2 3 4 5 1 2 3 100 103 4 5 6 7
1 2 3 4 5 1 2 3 4 100 103 104 5 6 7
1 2 100 102 3 4 5 1 2 3 4 5 6 7
1 2 3 100 102 103 4 5 1 2 3 4 5 6 7
1 2 3 100 103 4 5 1 2 3 4 5 6 7
1 2 3 4 100 103 104 5 1 2 3 4 5 6 7

51 56 5 66 99 19 95 51 56 5 66 99 19 95
51 56 5 66 99 19 95 51 56 15 56 5 66 99 19 95
51 56 5 66 99 19 95 51 56 5 15 56 5 66 99 19 95
51 56 5 66 99 19 95 51 56 5 15 5 66 99 19 95
51 56 5 66 99 19 95 51 56 5 66 15 5 66 99 19 95
51 56 15 56 5 66 99 19 95 51 56 5 66 99 19 95
51 56 5 15 56 5 66 99 19 95 51 56 5 66 99 19 95
51 56 5 15 5 66 99 19 95 51 56 5 66 99 19 95
51 56 5 66 15 5 66 99 19 95 51 56 5 66 99 19 95

27 34 34 29 58 55 9 27 34 34 29 58 55 9
27 34 34 29 58 55 9 27 34 17 34 34 29 58 55 9
27 34 34 29 58 55 9 27 34 34 17 34 34 29 58 55 9
27 34 34 29 58 55 9 27 34 34 17 34 29 58 55 9
27 34 34 29 58 55 9 27 34 34 29 17 34 29 58 55 9
27 34 17 34 34 29 58 55 9 27 34 34 29 58 55 9
27 34 34 17 34 34 29 58 55 9 27 34 34 29 58 55 9
27 34 34 17 34 29 58 55 9 27 34 34 29 58 55 9
27 34 34 29 17 34 29 58 55 9 27 34 34 29 58 55 9

56 39 38 51 25 42 17 56 39 38 51 25 42 17
56 39 38 51 25 42 17 56 39 20 39 38 51 25 42 17
56 39 38 51 25 42 17 56 39 38 20 39 38 51 25 42 17
56 39 38 51 25 42 17 56 39 38 20 38 51 25 42 17
56 39 38 51 25 42 17 56 39 38 51 20 38 51 25 42 17
56 39 20 39 38 51 25 42 17 56 39 38 51 25 42 17
56 39 38 20 39 38 51 25 42 17 56 39 38 51 25 42 17
56 39 38 20 38 51 25 42 17 56 39 38 51 25 42 17
56 39 38 51 20 38 51 25 42 17 56 39 38 51 25 42 17

61 71 34 35 19 27 34 61 71 34 35 19 27 34
61 71 34 35 19 27 34 61 71 13 71 34 35 19 27 34
61 71 34 35 19 27 34 61 71 34 13 71 34 35 19 27 34
61 71 34 35 19 27 34 61 71 34 13 34 35 19 27 34
61 71 34 35 19 27 34 61 71 34 35 13 34 35 19 27 34
61 71 13 71 34 35 19 27 34 61 71 34 35 19 27 34
61 71 34 13 71 34 35 19 27 34 61 71 34 35 19 27 34
61 71 34 13 34 35 19 27 34 61 71 34 35 19 27 34
61 71 34 35 13 34 35 19 27 34 61 71 34 35 19 27 34

79 89 44 86 9 86 28 79 89 44 86 9 86 28
79 89 44 86 9 86 28 79 89 7 89 44 86 9 86 28
79 89 44 86 9 86 28 79 89 44 7 89 44 86 9 86 28
79 89 44 86 9 86 28 79 89 44 7 44 86 9 86 28
79 89 44 86 9 86 28 79 89 44 86 7 44 86 9 86 28
79 89 7 89 44 86 9 86 28 79 89 44 86 9 86 28
79 89 44 7 89 44 86 9 86 28 79 89 44 86 9 86 28
79 89 44 7 44 86 9 86 28 79 89 44 86 9 86 28
79 89 44 86 7 44 86 9 86 28 79 89 44 86 9 86 28

16 53 6 84 90 47 51 16 53 6 84 90 47 51
16 53 6 84 90 47 51 16 53 5 53 6 84 90 47 51
16 53 6 84 90 47 51 16 53 6 5 53 6 84 90 47 51
16 53 6 84 90 47 51 16 53 6 5 6 84 90 47 51
16 53 6 84 90 47 51 16 53 6 84 5 6 84 90 47 51
16 53 5 53 6 84 90 47 51 16 53 6 84 90 47 51
16 53 6 5 53 6 84 90 47 51 16 53 6 84 90 47 51
16 53 6 5 6 84 90 47 51 16 53 6 84 90 47 51
16 53 6 84 5 6 84 90 47 51 16 53 6 84 90 47 51

57 26 20 95 80 89 50 57 26 20 95 80 89 50
57 26 20 95 80 89 50 57 26 19 26 20 95 80 89 50
57 26 20 95 80 89 50 57 26 20 19 26 20 95 80 89 50
57 26 20 95 80 89 50 57 26 20 19 20 95 80 89 50
57 26 20 95 80 89 50 57 26 20 95 19 20 95 80 89 50
57 26 19 26 20 95 80 89 50 57 26 20 95 80 89 50
57 26 20 19 26 20 95 80 89 50 57 26 20 95 80 89 50
57 26 20 19 20 95 80 89 50 57 26 20 95 80 89 50
57 26 20 95 19 20 95 80 89 50 57 26 20 95 80 89 50

33 81 6 50 47 42 76 33 81 6 50 47 42 76
33 81 6 50 47 42 76 33 81 9 81 6 50 47 42 76
33 81 6 50 47 42 76 33 81 6 9 81 6 50 47 42 76
33 81 6 50 47 42 76 33 81 6 9 6 50 47 42 76
33 81 6 50 47 42 76 33 81 6 50 9 6 50 47 42 76
33 81 9 81 6 50 47 42 76 33 81 6 50 47 42 76
33 81 6 9 81 6 50 47 42 76 33 81 6 50 47 42 76
33 81 6 9 6 50 47 42 76 33 81 6 50 47 42 76
33 81 6 50 9 6 50 47 42 76 33 81 6 50 47 42 76

60 15 33 78 16 17 38 60 15 33 78 16 17 38
60 15 33 78 16 17 38 60 15 9 15 33 78 16 17 38
60 15 33 78 16 17 38 60 15 33 9 15 33 78 16 17 38
60 15 33 78 16 17 38 60 15 33 9 33 78 16 17 38
60 15 33 78 16 17 38 60 15 33 78 9 33 78 16 17 38
60 15 9 15 33 78 16 17 38 60 15 33 78 16 17 38
60 15 33 9 15 33 78 16 17 38 60 15 33 78 16 17 38
60 15 33 9 33 78 16 17 38 60 15 33 78 16 17 38
60 15 33 78 9 33 78 16 17 38 60 15 33 78 16 17 38

64 73 76 19 15 8 76 64 73 76 19 15 8 76
64 73 76 19 15 8 76 64 73 15 73 76 19 15 8 76
64 73 76 19 15 8 76 64 73 76 15 73 76 19 15 8 76
64 73 76 19 15 8 76 64 73 76 15 76 19 15 8 76
64 73 76 19 15 8 76 64 73 76 19 15 76 19 15 8 76
64 73 15 73 76 19 15 8 76 64 73 76 19 15 8 76
64 73 76 15 73 76 19 15 8 76 64 73 76 19 15 8 76
64 73 76 15 76 19 15 8 76 64 73 76 19 15 8 76
64 73 76 19 15 76 19 15 8 76 64 73 76 19 15 8 76

80 87 49 74 98 8 14 80 87 49 74 98 8 14
80 87 49 74 98 8 14 80 87 13 87 49 74 98 8 14
80 87 49 74 98 8 14 80 87 49 13 87 49 74 98 8 14
80 87 49 74 98 8 14 80 87 49 13 49 74 98 8 14
80 87 49 74 98 8 14 80 87 49 74 13 49 74 98 8 14
80 87 13 87 49 74 98 8 14 80 87 49 74 98 8 14
80 87 49 13 87 49 74 98 8 14 80 87 49 74 98 8 14
80 87 49 13 49 74 98 8 14 80 87 49 74 98 8 14
80 87 49 74 13 49 74 98 8 14 80 87 49 74 98 8 14

26 16 31 92 84 31 59 26 16 31 92 84 31 59
26 16 31 92 84 31 59 26 16 15 16 31 92 84 31 59
26 16 31 92 84 31 59 26 16 31 15 16 31 92 84 31 59
26 16 31 92 84 31 59 26 16 31 15 31 92 84 31 59
26 16 31 92 84 31 59 26 16 31 92 15 31 92 84 31 59
26 16 15 16 31 92 84 31 59 26 16 31 92 84 31 59
26 16 31 15 16 31 92 84 31 59 26 16 31 92 84 31 59
26 16 31 15 31 92 84 31 59 26 16 31 92 84 31 59
26 16 31 92 15 31 92 84 31 59 26 16 31 92 84 31 59

45 60 43 9 32 5 14 45 60 43 9 32 5 14
45 60 43 9 32 5 14 45 60 20 60 43 9 32 5 14
45 60 43 9 32 5 14 45 60 43 20 60 43 9 32 5 14
45 60 43 9 32 5 14 45 60 43 20 43 9 32 5 14
45 60 43 9 32 5 14 45 60 43 9 20 43 9 32 5 14
45 60 20 60 43 9 32 5 14 45 60 43 9 32 5 14
45 60 43 20 60 43 9 32 5 14 45 60 43 9 32 5 14
45 60 43 20 43 9 32 5 14 45 60 43 9 32 5 14
45 60 43 9 20 43 9 32 5 14 45 60 43 9 32 5 14

20 62 100 9 7 32 51 20 62 100 9 7 32 51
20 62 100 9 7 32 51 20 62 17 62 100 9 7 32 51
20 62 100 9 7 32 51 20 62 100 17 62 100 9 7 32 51
20 62 100 9 7 32 51 20 62 100 17 100 9 7 32 51
20 62 100 9 7 32 51 20 62 100 9 17 100 9 7 32 51
20 62 17 62 100 9 7 32 51 20 62 100 9 7 32 51
20 62 100 17 62 100 9 7 32 51 20 62 100 9 7 32 51
20 62 100 17 100 9 7 32 51 20 62 100 9 7 32 51
20 62 100 9 17 100 9 7 32 51 20 62 100 9 7 32 51

10 6 94 44 62 72 85 10 6 94 44 62 72 85
10 6 94 44 62 72 85 10 6 18 6 94 44 62 72 85
10 6 94 44 62 72 85 10 6 94 18 6 94 44 62 72 85
10 6 94 44 62 72 85 10 6 94 18 94 44 62 72 85
10 6 94 44 62 72 85 10 6 94 44 18 94 44 62 72 85
10 6 18 6 94 44 62 72 85 10 6 94 44 62 72 85
10 6 94 18 6 94 44 62 72 85 10 6 94 44 62 72 85
10 6 94 18 94 44 62 72 85 10 6 94 44 62 72 85
10 6 94 44 18 94 44 62 72 85 10 6 94 44 62 72 85

28 87 6 33 73 85 94 28 87 6 33 73 85 94
28 87 6 33 73 85 94 28 87 11 87 6 33 73 85 94
28 87 6 33 73 85 94 28 87 6 11 87 6 33 73 85 94
28 87 6 33 73 85 94 28 87 6 11 6 33 73 85 94
28 87 6 33 73 85 94 28 87 6 33 11 6 33 73 85 94
28 87 11 87 6 33 73 85 94 28 87 6 33 73 85 94
28 87 6 11 87 6 33 73 85 94 28 87 6 33 73 85 94
28 87 6 11 6 33 73 85 94 28 87 6 33 73 85 94
28 87 6 33 11 6 33 73 85 94 28 87 6 33 73 85 94

35 48 12 30 63 55 21 35 48 12 30 63 55 21
35 48 12 30 63 55 21 35 48 18 48 12 30 63 55 21
35 48 12 30 63 55 21 35 48 12 18 48 12 30 63 55 21
35 48 12 30 63 55 21 35 48 12 18 12 30 63 55 21
35 48 12 30 63 55 21 35 48 12 30 18 12 30 63 55 21
35 48 18 48 12 30 63 55 21 35 48 12 30 63 55 21
35 48 12 18 48 12 30 63 55 21 35 48 12 30 63 55 21
35 48 12 18 12 30 63 55 21 35 48 12 30 63 55 21
35 48 12 30 18 12 30 63 55 21 35 48 12 30 63 55 21

66 56 40 57 99 53 61 66 56 40 57 99 53 61
66 56 40 57 99 53 61 66 56 20 56 40 57 99 53 61
66 56 40 57 99 53 61 66 56 40 20 56 40 57 99 53 61
66 56 40 57 99 53 61 66 56 40 20 40 57 99 53 61
66 56 40 57 99 53 61 66 56 40 57 20 40 57 99 53 61
66 56 20 56 40 57 99 53 61 66 56 40 57 99 53 61
66 56 40 20 56 40 57 99 53 61 66 56 40 57 99 53 61
66 56 40 20 40 57 99 53 61 66 56 40 57 99 53 61
66 56 40 57 20 40 57 99 53 61 66 56 40 57 99 53 61

94 98 63 44 34 25 38 94 98 63 44 34 25 38
94 98 63 44 34 25 38 94 98 18 98 63 44 34 25 38
94 98 63 44 34 25 38 94 98 63 18 98 63 44 34 25 38
94 98 63 44 34 25 38 94 98 63 18 63 44 34 25 38
94 98 63 44 34 25 38 94 98 63 44 18 63 44 34 25 38
94 98 18 98 63 44 34 25 38 94 98 63 44 34 25 38
94 98 63 18 98 63 44 34 25 38 94 98 63 44 34 25 38
94 98 63 18 63 44 34 25 38 94 98 63 44 34 25 38
94 98 63 44 18 63 44 34 25 38 94 98 63 44 34 25 38

22 78 21 62 23 41 84 22 78 21 62 23 41 84
22 78 21 62 23 41 84 22 78 11 78 21 62 23 41 84
22 78 21 62 23 41 84 22 78 21 11 78 21 62 23 41 84
22 78 21 62 23 41 84 22 78 21 11 21 62 23 41 84
22 78 21 62 23 41 84 22 78 21 62 11 21 62 23 41 84
22 78 11 78 21 62 23 41 84 22 78 21 62 23 41 84
22 78 21 11 78 21 62 23 41 84 22 78 21 62 23 41 84
22 78 21 11 21 62 23 41 84 22 78 21 62 23 41 84
22 78 21 62 11 21 62 23 41 84 22 78 21 62 23 41 84

79 87 53 14 25 8 18 79 87 53 14 25 8 18
79 87 53 14 25 8 18 79 87 5 87 53 14 25 8 18
79 87 53 14 25 8 18 79 87 53 5 87 53 14 25 8 18
79 87 53 14 25 8 18 79 87 53 5 53 14 25 8 18
79 87 53 14 25 8 18 79 87 53 14 5 53 14 25 8 18
79 87 5 87 53 14 25 8 18 79 87 53 14 25 8 18
79 87 53 5 87 53 14 25 8 18 79 87 53 14 25 8 18
79 87 53 5 53 14 25 8 18 79 87 53 14 25 8 18
79 87 53 14 5 53 14 25 8 18 79 87 53 14 25 8 18

80 8 42 92 19 63 92 80 8 42 92 19 63 92
80 8 42 92 19 63 92 80 8 7 8 42 92 19 63 92
80 8 42 92 19 63 92 80 8 42 7 8 42 92 19 63 92
80 8 42 92 19 63 92 80 8 42 7 42 92 19 63 92
80 8 42 92 19 63 92 80 8 42 92 7 42 92 19 63 92
80 8 7 8 42 92 19 63 92 80 8 42 92 19 63 92
80 8 42 7 8 42 92 19 63 92 80 8 42 92 19 63 92
80 8 42 7 42 92 19 63 92 80 8 42 92 19 63 92
80 8 42 92 7 42 92 19 63 92 80 8 42 92 19 63 92

20 29 28 7 40 83 73 20 29 28 7 40 83 73
20 29 28 7 40 83 73 20 29 8 29 28 7 40 83 73
20 29 28 7 40 83 73 20 29 28 8 29 28 7 40 83 73
20 29 28 7 40 83 73 20 29 28 8 28 7 40 83 73
20 29 28 7 40 83 73 20 29 28 7 8 28 7 40 83 73
20 29 8 29 28 7 40 83 73 20 29 28 7 40 83 73
20 29 28 8 29 28 7 40 83 73 20 29 28 7 40 83 73
20 29 28 8 28 7 40 83 73 20 29 28 7 40 83 73
20 29 28 7 8 28 7 40 83 73 20 29 28 7 40 83 73

78 30 23 27 62 55 53 78 30 23 27 62 55 53
78 30 23 27 62 55 53 78 30 6 30 23 27 62 55 53
78 30 23 27 62 55 53 78 30 23 6 30 23 27 62 55 53
78 30 23 27 62 55 53 78 30 23 6 23 27 62 55 53
78 30 23 27 62 55 53 78 30 23 27 6 23 27 62 55 53
78 30 6 30 23 27 62 55 53 78 30 23 27 62 55 53
78 30 23 6 30 23 27 62 55 53 78 30 23 27 62 55 53
78 30 23 6 23 27 62 55 53 78 30 23 27 62 55 53
78 30 23 27 6 23 27 62 55 53 78 30 23 27 62 55 53

85 44 49 87 80 30 70 85 44 49 87 80 30 70
85 44 49 87 80 30 70 85 44 20 44 49 87 80 30 70
85 44 49 87 80 30 70 85 44 49 20 44 49 87 80 30 70
85 44 49 87 80 30 70 85 44 49 20 49 87 80 30 70
85 44 49 87 80 30 70 85 44 49 87 20 49 87 80 30 70
85 44 20 44 49 87 80 30 70 85 44 49 87 80 30 70
85 44 49 20 44 49 87 80 30 70 85 44 49 87 80 30 70
85 44 49 20 49 87 80 30 70 85 44 49 87 80 30 70
85 44 49 87 20 49 87 80 30 70 85 44 49 87 80 30 70

55 22 66 88 42 19 64 55 22 66 88 42 19 64
55 22 66 88 42 19 64 55 22 13 22 66 88 42 19 64
55 22 66 88 42 19 64 55 22 66 13 22 66 88 42 19 64
55 22 66 88 42 19 64 55 22 66 13 66 88 42 19 64
55 22 66 88 42 19 64 55 22 66 88 13 66 88 42 19 64
55 22 13 22 66 88 42 19 64 55 22 66 88 42 19 64
55 22 66 13 22 66 88 42 19 64 55 22 66 88 42 19 64
55 22 66 13 66 88 42 19 64 55 22 66 88 42 19 64
55 22 66 88 13 66 88 42 19 64 55 22 66 88 42 19 64

58 74 34 52 85 6 5 58 74 34 52 85 6 5
58 74 34 52 85 6 5 58 74 8 74 34 52 85 6 5
58 74 34 52 85 6 5 58 74 34 8 74 34 52 85 6 5
58 74 34 52 85 6 5 58 74 34 8 34 52 85 6 5
58 74 34 52 85 6 5 58 74 34 52 8 34 52 85 6 5
58 74 8 74 34 52 85 6 5 58 74 34 52 85 6 5
58 74 34 8 74 34 52 85 6 5 58 74 34 52 85 6 5
58 74 34 8 34 52 85 6 5 58 74 34 52 85 6 5
58 74 34 52 8 34 52 85 6 5 58 74 34 52 85 6 5

76 64 56 56 95 96 69 76 64 56 56 95 96 69
76 64 56 56 95 96 69 76 64 9 64 56 56 95 96 69
76 64 56 56 95 96 69 76 64 56 9 64 56 56 95 96 69
76 64 56 56 95 96 69 76 64 56 9 56 56 95 96 69
76 64 56 56 95 96 69 76 64 56 56 9 56 56 95 96 69
76 64 9 64 56 56 95 96 69 76 64 56 56 95 96 69
76 64 56 9 64 56 56 95 96 69 76 64 56 56 95 96 69
76 64 56 9 56 56 95 96 69 76 64 56 56 95 96 69
76 64 56 56 9 56 56 95 96 69 76 64 56 56 95 96 69

12 47 47 55 80 80 32 12 47 47 55 80 80 32
12 47 47 55 80 80 32 12 47 10 47 47 55 80 80 32
12 47 47 55 80 80 32 12 47 47 10 47 47 55 80 80 32
12 47 47 55 80 80 32 12 47 47 10 47 55 80 80 32
12 47 47 55 80 80 32 12 47 47 55 10 47 55 80 80 32
12 47 10 47 47 55 80 80 32 12 47 47 55 80 80 32
12 47 47 10 47 47 55 80 80 32 12 47 47 55 80 80 32
12 47 47 10 47 55 80 80 32 12 47 47 55 80 80 32
12 47 47 55 10 47 55 80 80 32 12 47 47 55 80 80 32

25 73 55 47 7 59 79 25 73 55 47 7 59 79
25 73 55 47 7 59 79 25 73 19 73 55 47 7 59 79
25 73 55 47 7 59 79 25 73 55 19 73 55 47 7 59 79
25 73 55 47 7 59 79 25 73 55 19 55 47 7 59 79
25 73 55 47 7 59 79 25 73 55 47 19 55 47 7 59 79
25 73 19 73 55 47 7 59 79 25 73 55 47 7 59 79
25 73 55 19 73 55 47 7 59 79 25 73 55 47 7 59 79
25 73 55 19 55 47 7 59 79 25 73 55 47 7 59 79
25 73 55 47 19 55 47 7 59 79 25 73 55 47 7 59 79

34 80 98 78 68 24 96 34 80 98 78 68 24 96
34 80 98 78 68 24 96 34 80 5 80 98 78 68 24 96
34 80 98 78 68 24 96 34 80 98 5 80 98 78 68 24 96
34 80 98 78 68 24 96 34 80 98 5 98 78 68 24 96
34 80 98 78 68 24 96 34 80 98 78 5 98 78 68 24 96
34 80 5 80 98 78 68 24 96 34 80 98 78 68 24 96
34 80 98 5 80 98 78 68 24 96 34 80 98 78 68 24 96
34 80 98 5 98 78 68 24 96 34 80 98 78 68 24 96
34 80 98 78 5 98 78 68 24 96 34 80 98 78 68 24 96

34 98 77 67 59 31 66 34 98 77 67 59 31 66
34 98 77 67 59 31 66 34 98 6 98 77 67 59 31 66
34 98 77 67 59 31 66 34 98 77 6 98 77 67 59 31 66
34 98 77 67 59 31 66 34 98 77 6 77 67 59 31 66
34 98 77 67 59 31 66 34 98 77 67 6 77 67 59 31 66
34 98 6 98 77 67 59 31 66 34 98 77 67 59 31 66
34 98 77 6 98 77 67 59 31 66 34 98 77 67 59 31 66
34 98 77 6 77 67 59 31 66 34 98 77 67 59 31 66
34 98 77 67 6 77 67 59 31 66 34 98 77 67 59 31 66

63 67 59 73 63 62 18 63 67 59 73 63 62 18
63 67 59 73 63 62 18 63 67 12 67 59 73 63 62 18
63 67 59 73 63 62 18 63 67 59 12 67 59 73 63 62 18
63 67 59 73 63 62 18 63 67 59 12 59 73 63 62 18
63 67 59 73 63 62 18 63 67 59 73 12 59 73 63 62 18
63 67 12 67 59 73 63 62 18 63 67 59 73 63 62 18
63 67 59 12 67 59 73 63 62 18 63 67 59 73 63 62 18
63 67 59 12 59 73 63 62 18 63 67 59 73 63 62 18
63 67 59 73 12 59 73 63 62 18 63 67 59 73 63 62 18

23 67 31 96 23 15 74 23 67 31 96 23 15 74
23 67 31 96 23 15 74 23 67 15 67 31 96 23 15 74
23 67 31 96 23 15 74 23 67 31 15 67 31 96 23 15 74
23 67 31 96 23 15 74 23 67 31 15 31 96 23 15 74
23 67 31 96 23 15 74 23 67 31 96 15 31 96 23 15 74
23 67 15 67 31 96 23 15 74 23 67 31 96 23 15 74
23 67 31 15 67 31 96 23 15 74 23 67 31 96 23 15 74
23 67 31 15 31 96 23 15 74 23 67 31 96 23 15 74
23 67 31 96 15 31 96 23 15 74 23 67 31 96 23 15 74

59 50 67 78 89 11 93 59 50 67 78 89 11 93
59 50 67 78 89 11 93 59 50 20 50 67 78 89 11 93
59 50 67 78 89 11 93 59 50 67 20 50 67 78 89 11 93
59 50 67 78 89 11 93 59 50 67 20 67 78 89 11 93
59 50 67 78 89 11 93 59 50 67 78 20 67 78 89 11 93
59 50 20 50 67 78 89 11 93 59 50 67 78 89 11 93
59 50 67 20 50 67 78 89 11 93 59 50 67 78 89 11 93
59 50 67 20 67 78 89 11 93 59 50 67 78 89 11 93
59 50 67 78 20 67 78 89 11 93 59 50 67 78 89 11 93

79 13 56 43 31 50 34 79 13 56 43 31 50 34
79 13 56 43 31 50 34 79 13 9 13 56 43 31 50 34
79 13 56 43 31 50 34 79 13 56 9 13 56 43 31 50 34
79 13 56 43 31 50 34 79 13 56 9 56 43 31 50 34
79 13 56 43 31 50 34 79 13 56 43 9 56 43 31 50 34
79 13 9 13 56 43 31 50 34 79 13 56 43 31 50 34
79 13 56 9 13 56 43 31 50 34 79 13 56 43 31 50 34
79 13 56 9 56 43 31 50 34 79 13 56 43 31 50 34
79 13 56 43 9 56 43 31 50 34 79 13 56 43 31 50 34

22 20 89 81 59 49 49 22 20 89 81 59 49 49
22 20 89 81 59 49 49 22 20 11 20 89 81 59 49 49
22 20 89 81 59 49 49 22 20 89 11 20 89 81 59 49 49
22 20 89 81 59 49 49 22 20 89 11 89 81 59 49 49
22 20 89 81 59 49 49 22 20 89 81 11 89 81 59 49 49
22 20 11 20 89 81 59 49 49 22 20 89 81 59 49 49
22 20 89 11 20 89 81 59 49 49 22 20 89 81 59 49 49
22 20 89 11 89 81 59 49 49 22 20 89 81 59 49 49
22 20 89 81 11 89 81 59 49 49 22 20 89 81 59 49 49

60 23 7 5 78 65 37 60 23 7 5 78 65 37
60 23 7 5 78 65 37 60 23 8 23 7 5 78 65 37
60 23 7 5 78 65 37 60 23 7 8 23 7 5 78 65 37
60 23 7 5 78 65 37 60 23 7 8 7 5 78 65 37
60 23 7 5 78 65 37 60 23 7 5 8 7 5 78 65 37
60 23 8 23 7 5 78 65 37 60 23 7 5 78 65 37
60 23 7 8 23 7 5 78 65 37 60 23 7 5 78 65 37
60 23 7 8 7 5 78 65 37 60 23 7 5 78 65 37
60 23 7 5 8 7 5 78 65 37 60 23 7 5 78 65 37

19 27 55 56 53 72 79 19 27 55 56 53 72 79
19 27 55 56 53 72 79 19 27 12 27 55 56 53 72 79
19 27 55 56 53 72 79 19 27 55 12 27 55 56 53 72 79
19 27 55 56 53 72 79 19 27 55 12 55 56 53 72 79
19 27 55 56 53 72 79 19 27 55 56 12 55 56 53 72 79
19 27 12 27 55 56 53 72 79 19 27 55 56 53 72 79
19 27 55 12 27 55 56 53 72 79 19 27 55 56 53 72 79
19 27 55 12 55 56 53 72 79 19 27 55 56 53 72 79
19 27 55 56 12 55 56 53 72 79 19 27 55 56 53 72 79

66 38 7 90 63 40 18 66 38 7 90 63 40 18
66 38 7 90 63 40 18 66 38 20 38 7 90 63 40 18
66 38 7 90 63 40 18 66 38 7 20 38 7 90 63 40 18
66 38 7 90 63 40 18 66 38 7 20 7 90 63 40 18
66 38 7 90 63 40 18 66 38 7 90 20 7 90 63 40 18
66 38 20 38 7 90 63 40 18 66 38 7 90 63 40 18
66 38 7 20 38 7 90 63 40 18 66 38 7 90 63 40 18
66 38 7 20 7 90 63 40 18 66 38 7 90 63 40 18
66 38 7 90 20 7 90 63 40 18 66 38 7 90 63 40 18

100 15 21 27 21 88 57 100 15 21 27 21 88 57
100 15 21 27 21 88 57 100 15 20 15 21 27 21 88 57
100 15 21 27 21 88 57 100 15 21 20 15 21 27 21 88 57
100 15 21 27 21 88 57 100 15 21 20 21 27 21 88 57
100 15 21 27 21 88 57 100 15 21 27 20 21 27 21 88 57
100 15 20 15 21 27 21 88 57 100 15 21 27 21 88 57
100 15 21 20 15 21 27 21 88 57 100 15 21 27 21 88 57
100 15 21 20 21 27 21 88 57 100 15 21 27 21 88 57
100 15 21 27 20 21 27 21 88 57 100 15 21 27 21 88 57

50 21 53 25 70 33 64 50 21 53 25 70 33 64
50 21 53 25 70 33 64 50 21 19 21 53 25 70 33 64
50 21 53 25 70 33 64 50 21 53 19 21 53 25 70 33 64
50 21 53 25 70 33 64 50 21 53 19 53 25 70 33 64
50 21 53 25 70 33 64 50 21 53 25 19 53 25 70 33 64
50 21 19 21 53 25 70 33 64 50 21 53 25 70 33 64
50 21 53 19 21 53 25 70 33 64 50 21 53 25 70 33 64
50 21 53 19 53 25 70 33 64 50 21 53 25 70 33 64
50 21 53 25 19 53 25 70 33 64 50 21 53 25 70 33 64

13 41 67 63 91 14 44 13 41 67 63 91 14 44
13 41 67 63 91 14 44 13 41 13 41 67 63 91 14 44
13 41 67 63 91 14 44 13 41 67 13 41 67 63 91 14 44
13 41 67 63 91 14 44 13 41 67 13 67 63 91 14 44
13 41 67 63 91 14 44 13 41 67 63 13 67 63 91 14 44
13 41 13 41 67 63 91 14 44 13 41 67 63 91 14 44
13 41 67 13 41 67 63 91 14 44 13 41 67 63 91 14 44
13 41 67 13 67 63 91 14 44 13 41 67 63 91 14 44
13 41 67 63 13 67 63 91 14 44 13 41 67 63 91 14 44

5 15 57 39 57 60 44 5 15 57 39 57 60 44
5 15 57 39 57 60 44 5 15 6 15 57 39 57 60 44
5 15 57 39 57 60 44 5 15 57 6 15 57 39 57 60 44
5 15 57 39 57 60 44 5 15 57 6 57 39 57 60 44
5 15 57 39 57 60 44 5 15 57 39 6 57 39 57 60 44
5 15 6 15 57 39 57 60 44 5 15 57 39 57 60 44
5 15 57 6 15 57 39 57 60 44 5 15 57 39 57 60 44
5 15 57 6 57 39 57 60 44 5 15 57 39 57 60 44
5 15 57 39 6 57 39 57 60 44 5 15 57 39 57 60 44

43 76 79 19 19 80 83 43 76 79 19 19 80 83
43 76 79 19 19 80 83 43 76 11 76 79 19 19 80 83
43 76 79 19 19 80 83 43 76 79 11 76 79 19 19 80 83
43 76 79 19 19 80 83 43 76 79 11 79 19 19 80 83
43 76 79 19 19 80 83 43 76 79 19 11 79 19 19 80 83
43 76 11 76 79 19 19 80 83 43 76 79 19 19 80 83
43 76 79 11 76 79 19 19 80 83 43 76 79 19 19 80 83
43 76 79 11 79 19 19 80 83 43 76 79 19 19 80 83
43 76 79 19 11 79 19 19 80 83 43 76 79 19 19 80 83

12 97 45 78 87 38 44 12 97 45 78 87 38 44
12 97 45 78 87 38 44 12 97 15 97 45 78 87 38 44
12 97 45 78 87 38 44 12 97 45 15 97 45 78 87 38 44
12 97 45 78 87 38 44 12 97 45 15 45 78 87 38 44
12 97 45 78 87 38 44 12 97 45 78 15 45 78 87 38 44
12 97 15 97 45 78 87 38 44 12 97 45 78 87 38 44
12 97 45 15 97 45 78 87 38 44 12 97 45 78 87 38 44
12 97 45 15 45 78 87 38 44 12 97 45 78 87 38 44
12 97 45 78 15 45 78 87 38 44 12 97 45 78 87 38 44

89 93 67 68 67 45 85 89 93 67 68 67 45 85
89 93 67 68 67 45 85 89 93 5 93 67 68 67 45 85
89 93 67 68 67 45 85 89 93 67 5 93 67 68 67 45 85
89 93 67 68 67 45 85 89 93 67 5 67 68 67 45 85
89 93 67 68 67 45 85 89 93 67 68 5 67 68 67 45 85
89 93 5 93 67 68 67 45 85 89 93 67 68 67 45 85
89 93 67 5 93 67 68 67 45 85 89 93 67 68 67 45 85
89 93 67 5 67 68 67 45 85 89 93 67 68 67 45 85
89 93 67 68 5 67 68 67 45 85 89 93 67 68 67 45 85

100 41 18 94 12 75 43 100 41 18 94 12 75 43
100 41 18 94 12 75 43 100 41 14 41 18 94 12 75 43
100 41 18 94 12 75 43 100 41 18 14 41 18 94 12 75 43
100 41 18 94 12 75 43 100 41 18 14 18 94 12 75 43
100 41 18 94 12 75 43 100 41 18 94 14 18 94 12 75 43
100 41 14 41 18 94 12 75 43 100 41 18 94 12 75 43
100 41 18 14 41 18 94 12 75 43 100 41 18 94 12 75 43
100 41 18 14 18 94 12 75 43 100 41 18 94 12 75 43
100 41 18 94 14 18 94 12 75 43 100 41 18 94 12 75 43

61 66 45 44 37 20 98 61 66 45 44 37 20 98
61 66 45 44 37 20 98 61 66 6 66 45 44 37 20 98
61 66 45 44 37 20 98 61 66 45 6 66 45 44 37 20 98
61 66 45 44 37 20 98 61 66 45 6 45 44 37 20 98
61 66 45 44 37 20 98 61 66 45 44 6 45 44 37 20 98
61 66 6 66 45 44 37 20 98 61 66 45 44 37 20 98
61 66 45 6 66 45 44 37 20 98 61 66 45 44 37 20 98
61 66 45 6 45 44 37 20 98 61 66 45 44 37 20 98
61 66 45 44 6 45 44 37 20 98 61 66 45 44 37 20 98

36 62 38 9 77 55 45 36 62 38 9 77 55 45
36 62 38 9 77 55 45 36 62 14 62 38 9 77 55 45
36 62 38 9 77 55 45 36 62 38 14 62 38 9 77 55 45
36 62 38 9 77 55 45 36 62 38 14 38 9 77 55 45
36 62 38 9 77 55 45 36 62 38 9 14 38 9 77 55 45
36 62 14 62 38 9 77 55 45 36 62 38 9 77 55 45
36 62 38 14 62 38 9 77 55 45 36 62 38 9 77 55 45
36 62 38 14 38 9 77 55 45 36 62 38 9 77 55 45
36 62 38 9 14 38 9 77 55 45 36 62 38 9 77 55 45

14 26 65 96 28 59 23 14 26 65 96 28 59 23
14 26 65 96 28 59 23 14 26 9 26 65 96 28 59 23
14 26 65 96 28 59 23 14 26 65 9 26 65 96 28 59 23
14 26 65 96 28 59 23 14 26 65 9 65 96 28 59 23
14 26 65 96 28 59 23 14 26 65 96 9 65 96 28 59 23
14 26 9 26 65 96 28 59 23 14 26 65 96 28 59 23
14 26 65 9 26 65 96 28 59 23 14 26 65 96 28 59 23
14 26 65 9 65 96 28 59 23 14 26 65 96 28 59 23
14 26 65 96 9 65 96 28 59 23 14 26 65 96 28 59 23

44 90 78 19 37 39 20 44 90 78 19 37 39 20
44 90 78 19 37 39 20 44 90 19 90 78 19 37 39 20
44 90 78 19 37 39 20 44 90 78 19 90 78 19 37 39 20
44 90 78 19 37 39 20 44 90 78 19 78 19 37 39 20
44 90 78 19 37 39 20 44 90 78 19 19 78 19 37 39 20
44 90 19 90 78 19 37 39 20 44 90 78 19 37 39 20
44 90 78 19 90 78 19 37 39 20 44 90 78 19 37 39 20
44 90 78 19 78 19 37 39 20 44 90 78 19 37 39 20
44 90 78 19 19 78 19 37 39 20 44 90 78 19 37 39 20

93 20 61 38 100 31 88 93 20 61 38 100 31 88
93 20 61 38 100 31 88 93 20 20 20 61 38 100 31 88
93 20 61 38 100 31 88 93 20 61 20 20 61 38 100 31 88
93 20 61 38 100 31 88 93 20 61 20 61 38 100 31 88
93 20 61 38 100 31 88 93 20 61 38 20 61 38 100 31 88
93 20 20 20 61 38 100 31 88 93 20 61 38 100 31 88
93 20 61 20 20 61 38 100 31 88 93 20 61 38 100 31 88
93 20 61 20 61 38 100 31 88 93 20 61 38 100 31 88
93 20 61 38 20 61 38 100 31 88 93 20 61 38 100 31 88

20 34 57 22 71 78 23 20 34 57 22 71 78 23
20 34 57 22 71 78 23 20 34 6 34 57 22 71 78 23
20 34 57 22 71 78 23 20 34 57 6 34 57 22 71 78 23
20 34 57 22 71 78 23 20 34 57 6 57 22 71 78 23
20 34 57 22 71 78 23 20 34 57 22 6 57 22 71 78 23
20 34 6 34 57 22 71 78 23 20 34 57 22 71 78 23
20 34 57 6 34 57 22 71 78 23 20 34 57 22 71 78 23
20 34 57 6 57 22 71 78 23 20 34 57 22 71 78 23
20 34 57 22 6 57 22 71 78 23 20 34 57 22 71 78 23

97 36 89 54 91 38 36 97 36 89 54 91 38 36
97 36 89 54 91 38 36 97 36 12 36 89 54 91 38 36
97 36 89 54 91 38 36 97 36 89 12 36 89 54 91 38 36
97 36 89 54 91 38 36 97 36 89 12 89 54 91 38 36
97 36 89 54 91 38 36 97 36 89 54 12 89 54 91 38 36
97 36 12 36 89 54 91 38 36 97 36 89 54 91 38 36
97 36 89 12 36 89 54 91 38 36 97 36 89 54 91 38 36
97 36 89 12 89 54 91 38 36 97 36 89 54 91 38 36
97 36 89 54 12 89 54 91 38 36 97 36 89 54 91 38 36

71 45 47 83 99 44 94 71 45 47 83 99 44 94
71 45 47 83 99 44 94 71 45 13 45 47 83 99 44 94
71 45 47 83 99 44 94 71 45 47 13 45 47 83 99 44 94
71 45 47 83 99 44 94 71 45 47 13 47 83 99 44 94
71 45 47 83 99 44 94 71 45 47 83 13 47 83 99 44 94
71 45 13 45 47 83 99 44 94 71 45 47 83 99 44 94
71 45 47 13 45 47 83 99 44 94 71 45 47 83 99 44 94
71 45 47 13 47 83 99 44 94 71 45 47 83 99 44 94
71 45 47 83 13 47 83 99 44 94 71 45 47 83 99 44 94

37 28 61 58 74 94 41 37 28 61 58 74 94 41
37 28 61 58 74 94 41 37 28 19 28 61 58 74 94 41
37 28 61 58 74 94 41 37 28 61 19 28 61 58 74 94 41
37 28 61 58 74 94 41 37 28 61 19 61 58 74 94 41
37 28 61 58 74 94 41 37 28 61 58 19 61 58 74 94 41
37 28 19 28 61 58 74 94 41 37 28 61 58 74 94 41
37 28 61 19 28 61 58 74 94 41 37 28 61 58 74 94 41
37 28 61 19 61 58 74 94 41 37 28 61 58 74 94 41
37 28 61 58 19 61 58 74 94 41 37 28 61 58 74 94 41

57 92 30 44 36 71 87 57 92 30 44 36 71 87
57 92 30 44 36 71 87 57 92 11 92 30 44 36 71 87
57 92 30 44 36 71 87 57 92 30 11 92 30 44 36 71 87
57 92 30 44 36 71 87 57 92 30 11 30 44 36 71 87
57 92 30 44 36 71 87 57 92 30 44 11 30 44 36 71 87
57 92 11 92 30 44 36 71 87 57 92 30 44 36 71 87
57 92 30 11 92 30 44 36 71 87 57 92 30 44 36 71 87
57 92 30 11 30 44 36 71 87 57 92 30 44 36 71 87
57 92 30 44 11 30 44 36 71 87 57 92 30 44 36 71 87

29 44 36 92 32 53 29 29 44 36 92 32 53 29
29 44 36 92 32 53 29 29 44 7 44 36 92 32 53 29
29 44 36 92 32 53 29 29 44 36 7 44 36 92 32 53 29
29 44 36 92 32 53 29 29 44 36 7 36 92 32 53 29
29 44 36 92 32 53 29 29 44 36 92 7 36 92 32 53 29
29 44 7 44 36 92 32 53 29 29 44 36 92 32 53 29
29 44 36 7 44 36 92 32 53 29 29 44 36 92 32 53 29
29 44 36 7 36 92 32 53 29 29 44 36 92 32 53 29
29 44 36 92 7 36 92 32 53 29 29 44 36 92 32 53 29

58 44 40 74 64 5 51 58 44 40 74 64 5 51
58 44 40 74 64 5 51 58 44 16 44 40 74 64 5 51
58 44 40 74 64 5 51 58 44 40 16 44 40 74 64 5 51
58 44 40 74 64 5 51 58 44 40 16 40 74 64 5 51
58 44 40 74 64 5 51 58 44 40 74 16 40 74 64 5 51
58 44 16 44 40 74 64 5 51 58 44 40 74 64 5 51
58 44 40 16 44 40 74 64 5 51 58 44 40 74 64 5 51
58 44 40 16 40 74 64 5 51 58 44 40 74 64 5 51
58 44 40 74 16 40 74 64 5 51 58 44 40 74 64 5 51

73 100 61 46 41 24 8 73 100 61 46 41 24 8
73 100 61 46 41 24 8 73 100 15 100 61 46 41 24 8
73 100 61 46 41 24 8 73 100 61 15 100 61 46 41 24 8
73 100 61 46 41 24 8 73 100 61 15 61 46 41 24 8
73 100 61 46 41 24 8 73 100 61 46 15 61 46 41 24 8
73 100 15 100 61 46 41 24 8 73 100 61 46 41 24 8
73 100 61 15 100 61 46 41 24 8 73 100 61 46 41 24 8
73 100 61 15 61 46 41 24 8 73 100 61 46 41 24 8
73 100 61 46 15 61 46 41 24 8 73 100 61 46 41 24 8

50 80 41 64 93 45 16 50 80 41 64 93 45 16
50 80 41 64 93 45 16 50 80 15 80 41 64 93 45 16
50 80 41 64 93 45 16 50 80 41 15 80 41 64 93 45 16
50 80 41 64 93 45 16 50 80 41 15 41 64 93 45 16
50 80 41 64 93 45 16 50 80 41 64 15 41 64 93 45 16
50 80 15 80 41 64 93 45 16 50 80 41 64 93 45 16
50 80 41 15 80 41 64 93 45 16 50 80 41 64 93 45 16
50 80 41 15 41 64 93 45 16 50 80 41 64 93 45 16
50 80 41 64 15 41 64 93 45 16 50 80 41 64 93 45 16

83 56 79 29 25 82 40 83 56 79 29 25 82 40
83 56 79 29 25 82 40 83 56 15 56 79 29 25 82 40
83 56 79 29 25 82 40 83 56 79 15 56 79 29 25 82 40
83 56 79 29 25 82 40 83 56 79 15 79 29 25 82 40
83 56 79 29 25 82 40 83 56 79 29 15 79 29 25 82 40
83 56 15 56 79 29 25 82 40 83 56 79 29 25 82 40
83 56 79 15 56 79 29 25 82 40 83 56 79 29 25 82 40
83 56 79 15 79 29 25 82 40 83 56 79 29 25 82 40
83 56 79 29 15 79 29 25 82 40 83 56 79 29 25 82 40

76 55 90 27 55 56 22 76 55 90 27 55 56 22
76 55 90 27 55 56 22 76 55 14 55 90 27 55 56 22
76 55 90 27 55 56 22 76 55 90 14 55 90 27 55 56 22
76 55 90 27 55 56 22 76 55 90 14 90 27 55 56 22
76 55 90 27 55 56 22 76 55 90 27 14 90 27 55 56 22
76 55 14 55 90 27 55 56 22 76 55 90 27 55 56 22
76 55 90 14 55 90 27 55 56 22 76 55 90 27 55 56 22
76 55 90 14 90 27 55 56 22 76 55 90 27 55 56 22
76 55 90 27 14 90 27 55 56 22 76 55 90 27 55 56 22

84 50 22 14 89 98 50 84 50 22 14 89 98 50
84 50 22 14 89 98 50 84 50 10 50 22 14 89 98 50
84 50 22 14 89 98 50 84 50 22 10 50 22 14 89 98 50
84 50 22 14 89 98 50 84 50 22 10 22 14 89 98 50
84 50 22 14 89 98 50 84 50 22 14 10 22 14 89 98 50
84 50 10 50 22 14 89 98 50 84 50 22 14 89 98 50
84 50 22 10 50 22 14 89 98 50 84 50 22 14 89 98 50
84 50 22 10 22 14 89 98 50 84 50 22 14 89 98 50
84 50 22 14 10 22 14 89 98 50 84 50 22 14 89 98 50

92 88 16 61 23 86 68 92 88 16 61 23 86 68
92 88 16 61 23 86 68 92 88 18 88 16 61 23 86 68
92 88 16 61 23 86 68 92 88 16 18 88 16 61 23 86 68
92 88 16 61 23 86 68 92 88 16 18 16 61 23 86 68
92 88 16 61 23 86 68 92 88 16 61 18 16 61 23 86 68
92 88 18 88 16 61 23 86 68 92 88 16 61 23 86 68
92 88 16 18 88 16 61 23 86 68 92 88 16 61 23 86 68
92 88 16 18 16 61 23 86 68 92 88 16 61 23 86 68
92 88 16 61 18 16 61 23 86 68 92 88 16 61 23 86 68

85 70 62 94 25 37 51 85 70 62 94 25 37 51
85 70 62 94 25 37 51 85 70 9 70 62 94 25 37 51
85 70 62 94 25 37 51 85 70 62 9 70 62 94 25 37 51
85 70 62 94 25 37 51 85 70 62 9 62 94 25 37 51
85 70 62 94 25 37 51 85 70 62 94 9 62 94 25 37 51
85 70 9 70 62 94 25 37 51 85 70 62 94 25 37 51
85 70 62 9 70 62 94 25 37 51 85 70 62 94 25 37 51
85 70 62 9 62 94 25 37 51 85 70 62 94 25 37 51
85 70 62 94 9 62 94 25 37 51 85 70 62 94 25 37 51

45 45 36 73 28 35 70 45 45 36 73 28 35 70
45 45 36 73 28 35 70 45 45 19 45 36 73 28 35 70
45 45 36 73 28 35 70 45 45 36 19 45 36 73 28 35 70
45 45 36 73 28 35 70 45 45 36 19 36 73 28 35 70
45 45 36 73 28 35 70 45 45 36 73 19 36 73 28 35 70
45 45 19 45 36 73 28 35 70 45 45 36 73 28 35 70
45 45 36 19 45 36 73 28 35 70 45 45 36 73 28 35 70
45 45 36 19 36 73 28 35 70 45 45 36 73 28 35 70
45 45 36 73 19 36 73 28 35 70 45 45 36 73 28 35 70

36 76 65 55 28 13 52 36 76 65 55 28 13 52
36 76 65 55 28 13 52 36 76 10 76 65 55 28 13 52
36 76 65 55 28 13 52 36 76 65 10 76 65 55 28 13 52
36 76 65 55 28 13 52 36 76 65 10 65 55 28 13 52
36 76 65 55 28 13 52 36 76 65 55 10 65 55 28 13 52
36 76 10 76 65 55 28 13 52 36 76 65 55 28 13 52
36 76 65 10 76 65 55 28 13 52 36 76 65 55 28 13 52
36 76 65 10 65 55 28 13 52 36 76 65 55 28 13 52
36 76 65 55 10 65 55 28 13 52 36 76 65 55 28 13 52

12 84 9 30 59 31 32 12 84 9 30 59 31 32
12 84 9 30 59 31 32 12 84 18 84 9 30 59 31 32
12 84 9 30 59 31 32 12 84 9 18 84 9 30 59 31 32
12 84 9 30 59 31 32 12 84 9 18 9 30 59 31 32
12 84 9 30 59 31 32 12 84 9 30 18 9 30 59 31 32
12 84 18 84 9 30 59 31 32 12 84 9 30 59 31 32
12 84 9 18 84 9 30 59 31 32 12 84 9 30 59 31 32
12 84 9 18 9 30 59 31 32 12 84 9 30 59 31 32
12 84 9 30 18 9 30 59 31 32 12 84 9 30 59 31 32

26 100 5 74 23 18 96 26 100 5 74 23 18 96
26 100 5 74 23 18 96 26 100 12 100 5 74 23 18 96
26 100 5 74 23 18 96 26 100 5 12 100 5 74 23 18 96
26 100 5 74 23 18 96 26 100 5 12 5 74 23 18 96
26 100 5 74 23 18 96 26 100 5 74 12 5 74 23 18 96
26 100 12 100 5 74 23 18 96 26 100 5 74 23 18 96
26 100 5 12 100 5 74 23 18 96 26 100 5 74 23 18 96
26 100 5 12 5 74 23 18 96 26 100 5 74 23 18 96
26 100 5 74 12 5 74 23 18 96 26 100 5 74 23 18 96

76 21 57 46 60 85 30 76 21 57 46 60 85 30
76 21 57 46 60 85 30 76 21 10 21 57 46 60 85 30
76 21 57 46 60 85 30 76 21 57 10 21 57 46 60 85 30
76 21 57 46 60 85 30 76 21 57 10 57 46 60 85 30
76 21 57 46 60 85 30 76 21 57 46 10 57 46 60 85 30
76 21 10 21 57 46 60 85 30 76 21 57 46 60 85 30
76 21 57 10 21 57 46 60 85 30 76 21 57 46 60 85 30
76 21 57 10 57 46 60 85 30 76 21 57 46 60 85 30
76 21 57 46 10 57 46 60 85 30 76 21 57 46 60 85 30

42 18 31 18 37 76 98 42 18 31 18 37 76 98
42 18 31 18 37 76 98 42 18 7 18 31 18 37 76 98
42 18 31 18 37 76 98 42 18 31 7 18 31 18 37 76 98
42 18 31 18 37 76 98 42 18 31 7 31 18 37 76 98
42 18 31 18 37 76 98 42 18 31 18 7 31 18 37 76 98
42 18 7 18 31 18 37 76 98 42 18 31 18 37 76 98
42 18 31 7 18 31 18 37 76 98 42 18 31 18 37 76 98
42 18 31 7 31 18 37 76 98 42 18 31 18 37 76 98
42 18 31 18 7 31 18 37 76 98 42 18 31 18 37 76 98

69 58 57 37 75 69 65 69 58 57 37 75 69 65
69 58 57 37 75 69 65 69 58 19 58 57 37 75 69 65
69 58 57 37 75 69 65 69 58 57 19 58 57 37 75 69 65
69 58 57 37 75 69 65 69 58 57 19 57 37 75 69 65
69 58 57 37 75 69 65 69 58 57 37 19 57 37 75 69 65
69 58 19 58 57 37 75 69 65 69 58 57 37 75 69 65
69 58 57 19 58 57 37 75 69 65 69 58 57 37 75 69 65
69 58 57 19 57 37 75 69 65 69 58 57 37 75 69 65
69 58 57 37 19 57 37 75 69 65 69 58 57 37 75 69 65

29 77 75 76 51 36 66 29 77 75 76 51 36 66
29 77 75 76 51 36 66 29 77 11 77 75 76 51 36 66
29 77 75 76 51 36 66 29 77 75 11 77 75 76 51 36 66
29 77 75 76 51 36 66 29 77 75 11 75 76 51 36 66
29 77 75 76 51 36 66 29 77 75 76 11 75 76 51 36 66
29 77 11 77 75 76 51 36 66 29 77 75 76 51 36 66
29 77 75 11 77 75 76 51 36 66 29 77 75 76 51 36 66
29 77 75 11 75 76 51 36 66 29 77 75 76 51 36 66
29 77 75 76 11 75 76 51 36 66 29 77 75 76 51 36 66

12 22 26 74 64 9 43 12 22 26 74 64 9 43
12 22 26 74 64 9 43 12 22 8 22 26 74 64 9 43
12 22 26 74 64 9 43 12 22 26 8 22 26 74 64 9 43
12 22 26 74 64 9 43 12 22 26 8 26 74 64 9 43
12 22 26 74 64 9 43 12 22 26 74 8 26 74 64 9 43
12 22 8 22 26 74 64 9 43 12 22 26 74 64 9 43
12 22 26 8 22 26 74 64 9 43 12 22 26 74 64 9 43
12 22 26 8 26 74 64 9 43 12 22 26 74 64 9 43
12 22 26 74 8 26 74 64 9 43 12 22 26 74 64 9 43

38 13 18 76 72 89 80 38 13 18 76 72 89 80
38 13 18 76 72 89 80 38 13 6 13 18 76 72 89 80
38 13 18 76 72 89 80 38 13 18 6 13 18 76 72 89 80
38 13 18 76 72 89 80 38 13 18 6 18 76 72 89 80
38 13 18 76 72 89 80 38 13 18 76 6 18 76 72 89 80
38 13 6 13 18 76 72 89 80 38 13 18 76 72 89 80
38 13 18 6 13 18 76 72 89 80 38 13 18 76 72 89 80
38 13 18 6 18 76 72 89 80 38 13 18 76 72 89 80
38 13 18 76 6 18 76 72 89 80 38 13 18 76 72 89 80

74 39 25 81 48 74 67 74 39 25 81 48 74 67
74 39 25 81 48 74 67 74 39 14 39 25 81 48 74 67
74 39 25 81 48 74 67 74 39 25 14 39 25 81 48 74 67
74 39 25 81 48 74 67 74 39 25 14 25 81 48 74 67
74 39 25 81 48 74 67 74 39 25 81 14 25 81 48 74 67
74 39 14 39 25 81 48 74 67 74 39 25 81 48 74 67
74 39 25 14 39 25 81 48 74 67 74 39 25 81 48 74 67
74 39 25 14 25 81 48 74 67 74 39 25 81 48 74 67
74 39 25 81 14 25 81 48 74 67 74 39 25 81 48 74 67

48 27 42 96 16 38 84 48 27 42 96 16 38 84
48 27 42 96 16 38 84 48 27 10 27 42 96 16 38 84
48 27 42 96 16 38 84 48 27 42 10 27 42 96 16 38 84
48 27 42 96 16 38 84 48 27 42 10 42 96 16 38 84
48 27 42 96 16 38 84 48 27 42 96 10 42 96 16 38 84
48 27 10 27 42 96 16 38 84 48 27 42 96 16 38 84
48 27 42 10 27 42 96 16 38 84 48 27 42 96 16 38 84
48 27 42 10 42 96 16 38 84 48 27 42 96 16 38 84
48 27 42 96 10 42 96 16 38 84 48 27 42 96 16 38 84

47 38 61 73 99 45 81 47 38 61 73 99 45 81
47 38 61 73 99 45 81 47 38 14 38 61 73 99 45 81
47 38 61 73 99 45 81 47 38 61 14 38 61 73 99 45 81
47 38 61 73 99 45 81 47 38 61 14 61 73 99 45 81
47 38 61 73 99 45 81 47 38 61 73 14 61 73 99 45 81
47 38 14 38 61 73 99 45 81 47 38 61 73 99 45 81
47 38 61 14 38 61 73 99 45 81 47 38 61 73 99 45 81
47 38 61 14 61 73 99 45 81 47 38 61 73 99 45 81
47 38 61 73 14 61 73 99 45 81 47 38 61 73 99 45 81

67 32 62 71 45 85 34 67 32 62 71 45 85 34
67 32 62 71 45 85 34 67 32 14 32 62 71 45 85 34
67 32 62 71 45 85 34 67 32 62 14 32 62 71 45 85 34
67 32 62 71 45 85 34 67 32 62 14 62 71 45 85 34
67 32 62 71 45 85 34 67 32 62 71 14 62 71 45 85 34
67 32 14 32 62 71 45 85 34 67 32 62 71 45 85 34
67 32 62 14 32 62 71 45 85 34 67 32 62 71 45 85 34
67 32 62 14 62 71 45 85 34 67 32 62 71 45 85 34
67 32 62 71 14 62 71 45 85 34 67 32 62 71 45 85 34

57 15 25 9 97 19 6 57 15 25 9 97 19 6
57 15 25 9 97 19 6 57 15 19 15 25 9 97 19 6
57 15 25 9 97 19 6 57 15 25 19 15 25 9 97 19 6
57 15 25 9 97 19 6 57 15 25 19 25 9 97 19 6
57 15 25 9 97 19 6 57 15 25 9 19 25 9 97 19 6
57 15 19 15 25 9 97 19 6 57 15 25 9 97 19 6
57 15 25 19 15 25 9 97 19 6 57 15 25 9 97 19 6
57 15 25 19 25 9 97 19 6 57 15 25 9 97 19 6
57 15 25 9 19 25 9 97 19 6 57 15 25 9 97 19 6

27 96 84 88 37 73 97 27 96 84 88 37 73 97
27 96 84 88 37 73 97 27 96 16 96 84 88 37 73 97
27 96 84 88 37 73 97 27 96 84 16 96 84 88 37 73 97
27 96 84 88 37 73 97 27 96 84 16 84 88 37 73 97
27 96 84 88 37 73 97 27 96 84 88 16 84 88 37 73 97
27 96 16 96 84 88 37 73 97 27 96 84 88 37 73 97
27 96 84 16 96 84 88 37 73 97 27 96 84 88 37 73 97
27 96 84 16 84 88 37 73 97 27 96 84 88 37 73 97
27 96 84 88 16 84 88 37 73 97 27 96 84 88 37 73 97

79 76 76 48 29 35 39 79 76 76 48 29 35 39
79 76 76 48 29 35 39 79 76 12 76 76 48 29 35 39
79 76 76 48 29 35 39 79 76 76 12 76 76 48 29 35 39
79 76 76 48 29 35 39 79 76 76 12 76 48 29 35 39
79 76 76 48 29 35 39 79 76 76 48 12 76 48 29 35 39
79 76 12 76 76 48 29 35 39 79 76 76 48 29 35 39
79 76 76 12 76 76 48 29 35 39 79 76 76 48 29 35 39
79 76 76 12 76 48 29 35 39 79 76 76 48 29 35 39
79 76 76 48 12 76 48 29 35 39 79 76 76 48 29 35 39

64 26 56 49 55 58 44 64 26 56 49 55 58 44
64 26 56 49 55 58 44 64 26 12 26 56 49 55 58 44
64 26 56 49 55 58 44 64 26 56 12 26 56 49 55 58 44
64 26 56 49 55 58 44 64 26 56 12 56 49 55 58 44
64 26 56 49 55 58 44 64 26 56 49 12 56 49 55 58 44
64 26 12 26 56 49 55 58 44 64 26 56 49 55 58 44
64 26 56 12 26 56 49 55 58 44 64 26 56 49 55 58 44
64 26 56 12 56 49 55 58 44 64 26 56 49 55 58 44
64 26 56 49 12 56 49 55 58 44 64 26 56 49 55 58 44

75 100 47 52 32 25 57 75 100 47 52 32 25 57
75 100 47 52 32 25 57 75 100 13 100 47 52 32 25 57
75 100 47 52 32 25 57 75 100 47 13 100 47 52 32 25 57
75 100 47 52 32 25 57 75 100 47 13 47 52 32 25 57
75 100 47 52 32 25 57 75 100 47 52 13 47 52 32 25 57
75 100 13 100 47 52 32 25 57 75 100 47 52 32 25 57
75 100 47 13 100 47 52 32 25 57 75 100 47 52 32 25 57
75 100 47 13 47 52 32 25 57 75 100 47 52 32 25 57
75 100 47 52 13 47 52 32 25 57 75 100 47 52 32 25 57

85 75 77 71 10 84 21 85 75 77 71 10 84 21
85 75 77 71 10 84 21 85 75 10 75 77 71 10 84 21
85 75 77 71 10 84 21 85 75 77 10 75 77 71 10 84 21
85 75 77 71 10 84 21 85 75 77 10 77 71 10 84 21
85 75 77 71 10 84 21 85 75 77 71 10 77 71 10 84 21
85 75 10 75 77 71 10 84 21 85 75 77 71 10 84 21
85 75 77 10 75 77 71 10 84 21 85 75 77 71 10 84 21
85 75 77 10 77 71 10 84 21 85 75 77 71 10 84 21
85 75 77 71 10 77 71 10 84 21 85 75 77 71 10 84 21

67 100 46 50 68 19 93 67 100 46 50 68 19 93
67 100 46 50 68 19 93 67 100 7 100 46 50 68 19 93
67 100 46 50 68 19 93 67 100 46 7 100 46 50 68 19 93
67 100 46 50 68 19 93 67 100 46 7 46 50 68 19 93
67 100 46 50 68 19 93 67 100 46 50 7 46 50 68 19 93
67 100 7 100 46 50 68 19 93 67 100 46 50 68 19 93
67 100 46 7 100 46 50 68 19 93 67 100 46 50 68 19 93
67 100 46 7 46 50 68 19 93 67 100 46 50 68 19 93
67 100 46 50 7 46 50 68 19 93 67 100 46 50 68 19 93

46 16 81 94 48 12 75 46 16 81 94 48 12 75
46 16 81 94 48 12 75 46 16 8 16 81 94 48 12 75
46 16 81 94 48 12 75 46 16 81 8 16 81 94 48 12 75
46 16 81 94 48 12 75 46 16 81 8 81 94 48 12 75
46 16 81 94 48 12 75 46 16 81 94 8 81 94 48 12 75
46 16 8 16 81 94 48 12 75 46 16 81 94 48 12 75
46 16 81 8 16 81 94 48 12 75 46 16 81 94 48 12 75
46 16 81 8 81 94 48 12 75 46 16 81 94 48 12 75
46 16 81 94 8 81 94 48 12 75 46 16 81 94 48 12 75

95 93 27 51 67 59 63 95 93 27 51 67 59 63
95 93 27 51 67 59 63 95 93 18 93 27 51 67 59 63
95 93 27 51 67 59 63 95 93 27 18 93 27 51 67 59 63
95 93 27 51 67 59 63 95 93 27 18 27 51 67 59 63
95 93 27 51 67 59 63 95 93 27 51 18 27 51 67 59 63
95 93 18 93 27 51 67 59 63 95 93 27 51 67 59 63
95 93 27 18 93 27 51 67 59 63 95 93 27 51 67 59 63
95 93 27 18 27 51 67 59 63 95 93 27 51 67 59 63
95 93 27 51 18 27 51 67 59 63 95 93 27 51 67 59 63

88 72 5 43 48 100 31 88 72 5 43 48 100 31
88 72 5 43 48 100 31 88 72 5 72 5 43 48 100 31
88 72 5 43 48 100 31 88 72 5 5 72 5 43 48 100 31
88 72 5 43 48 100 31 88 72 5 5 5 43 48 100 31
88 72 5 43 48 100 31 88 72 5 43 5 5 43 48 100 31
88 72 5 72 5 43 48 100 31 88 72 5 43 48 100 31
88 72 5 5 72 5 43 48 100 31 88 72 5 43 48 100 31
88 72 5 5 5 43 48 100 31 88 72 5 43 48 100 31
88 72 5 43 5 5 43 48 100 31 88 72 5 43 48 100 31

57 66 15 8 35 66 50 57 66 15 8 35 66 50
57 66 15 8 35 66 50 57 66 5 66 15 8 35 66 50
57 66 15 8 35 66 50 57 66 15 5 66 15 8 35 66 50
57 66 15 8 35 66 50 57 66 15 5 15 8 35 66 50
57 66 15 8 35 66 50 57 66 15 8 5 15 8 35 66 50
57 66 5 66 15 8 35 66 50 57 66 15 8 35 66 50
57 66 15 5 66 15 8 35 66 50 57 66 15 8 35 66 50
57 66 15 5 15 8 35 66 50 57 66 15 8 35 66 50
57 66 15 8 5 15 8 35 66 50 57 66 15 8 35 66 50

70 18 88 6 47 81 79 70 18 88 6 47 81 79
70 18 88 6 47 81 79 70 18 16 18 88 6 47 81 79
70 18 88 6 47 81 79 70 18 88 16 18 88 6 47 81 79
70 18 88 6 47 81 79 70 18 88 16 88 6 47 81 79
70 18 88 6 47 81 79 70 18 88 6 16 88 6 47 81 79
70 18 16 18 88 6 47 81 79 70 18 88 6 47 81 79
70 18 88 16 18 88 6 47 81 79 70 18 88 6 47 81 79
70 18 88 16 88 6 47 81 79 70 18 88 6 47 81 79
70 18 88 6 16 88 6 47 81 79 70 18 88 6 47 81 79

40 44 78 67 88 25 52 40 44 78 67 88 25 52
40 44 78 67 88 25 52 40 44 15 44 78 67 88 25 52
40 44 78 67 88 25 52 40 44 78 15 44 78 67 88 25 52
40 44 78 67 88 25 52 40 44 78 15 78 67 88 25 52
40 44 78 67 88 25 52 40 44 78 67 15 78 67 88 25 52
40 44 15 44 78 67 88 25 52 40 44 78 67 88 25 52
40 44 78 15 44 78 67 88 25 52 40 44 78 67 88 25 52
40 44 78 15 78 67 88 25 52 40 44 78 67 88 25 52
40 44 78 67 15 78 67 88 25 52 40 44 78 67 88 25 52

57 23 79 26 60 27 52 57 23 79 26 60 27 52
57 23 79 26 60 27 52 57 23 18 23 79 26 60 27 52
57 23 79 26 60 27 52 57 23 79 18 23 79 26 60 27 52
57 23 79 26 60 27 52 57 23 79 18 79 26 60 27 52
57 23 79 26 60 27 52 57 23 79 26 18 79 26 60 27 52
57 23 18 23 79 26 60 27 52 57 23 79 26 60 27 52
57 23 79 18 23 79 26 60 27 52 57 23 79 26 60 27 52
57 23 79 18 79 26 60 27 52 57 23 79 26 60 27 52
57 23 79 26 18 79 26 60 27 52 57 23 79 26 60 27 52

75 34 40 85 98 50 86 75 34 40 85 98 50 86
75 34 40 85 98 50 86 75 34 5 34 40 85 98 50 86
75 34 40 85 98 50 86 75 34 40 5 34 40 85 98 50 86
75 34 40 85 98 50 86 75 34 40 5 40 85 98 50 86
75 34 40 85 98 50 86 75 34 40 85 5 40 85 98 50 86
75 34 5 34 40 85 98 50 86 75 34 40 85 98 50 86
75 34 40 5 34 40 85 98 50 86 75 34 40 85 98 50 86
75 34 40 5 40 85 98 50 86 75 34 40 85 98 50 86
75 34 40 85 5 40 85 98 50 86 75 34 40 85 98 50 86

72 54 18 93 77 55 83 72 54 18 93 77 55 83
72 54 18 93 77 55 83 72 54 12 54 18 93 77 55 83
72 54 18 93 77 55 83 72 54 18 12 54 18 93 77 55 83
72 54 18 93 77 55 83 72 54 18 12 18 93 77 55 83
72 54 18 93 77 55 83 72 54 18 93 12 18 93 77 55 83
72 54 12 54 18 93 77 55 83 72 54 18 93 77 55 83
72 54 18 12 54 18 93 77 55 83 72 54 18 93 77 55 83
72 54 18 12 18 93 77 55 83 72 54 18 93 77 55 83
72 54 18 93 12 18 93 77 55 83 72 54 18 93 77 55 83

54 62 19 20 68 27 67 54 62 19 20 68 27 67
54 62 19 20 68 27 67 54 62 9 62 19 20 68 27 67
54 62 19 20 68 27 67 54 62 19 9 62 19 20 68 27 67
54 62 19 20 68 27 67 54 62 19 9 19 20 68 27 67
54 62 19 20 68 27 67 54 62 19 20 9 19 20 68 27 67
54 62 9 62 19 20 68 27 67 54 62 19 20 68 27 67
54 62 19 9 62 19 20 68 27 67 54 62 19 20 68 27 67
54 62 19 9 19 20 68 27 67 54 62 19 20 68 27 67
54 62 19 20 9 19 20 68 27 67 54 62 19 20 68 27 67

28 93 78 75 11 69 89 28 93 78 75 11 69 89
28 93 78 75 11 69 89 28 93 8 93 78 75 11 69 89
28 93 78 75 11 69 89 28 93 78 8 93 78 75 11 69 89
28 93 78 75 11 69 89 28 93 78 8 78 75 11 69 89
28 93 78 75 11 69 89 28 93 78 75 8 78 75 11 69 89
28 93 8 93 78 75 11 69 89 28 93 78 75 11 69 89
28 93 78 8 93 78 75 11 69 89 28 93 78 75 11 69 89
28 93 78 8 78 75 11 69 89 28 93 78 75 11 69 89
28 93 78 75 8 78 75 11 69 89 28 93 78 75 11 69 89

71 70 43 16 92 23 35 71 70 43 16 92 23 35
71 70 43 16 92 23 35 71 70 12 70 43 16 92 23 35
71 70 43 16 92 23 35 71 70 43 12 70 43 16 92 23 35
71 70 43 16 92 23 35 71 70 43 12 43 16 92 23 35
71 70 43 16 92 23 35 71 70 43 16 12 43 16 92 23 35
71 70 12 70 43 16 92 23 35 71 70 43 16 92 23 35
71 70 43 12 70 43 16 92 23 35 71 70 43 16 92 23 35
71 70 43 12 43 16 92 23 35 71 70 43 16 92 23 35
71 70 43 16 12 43 16 92 23 35 71 70 43 16 92 23 35

43 7 93 30 72 39 83 43 7 93 30 72 39 83
43 7 93 30 72 39 83 43 7 12 7 93 30 72 39 83
43 7 93 30 72 39 83 43 7 93 12 7 93 30 72 39 83
43 7 93 30 72 39 83 43 7 93 12 93 30 72 39 83
43 7 93 30 72 39 83 43 7 93 30 12 93 30 72 39 83
43 7 12 7 93 30 72 39 83 43 7 93 30 72 39 83
43 7 93 12 7 93 30 72 39 83 43 7 93 30 72 39 83
43 7 93 12 93 30 72 39 83 43 7 93 30 72 39 83
43 7 93 30 12 93 30 72 39 83 43 7 93 30 72 39 83

90 16 72 99 81 65 26 90 16 72 99 81 65 26
90 16 72 99 81 65 26 90 16 8 16 72 99 81 65 26
90 16 72 99 81 65 26 90 16 72 8 16 72 99 81 65 26
90 16 72 99 81 65 26 90 16 72 8 72 99 81 65 26
90 16 72 99 81 65 26 90 16 72 99 8 72 99 81 65 26
90 16 8 16 72 99 81 65 26 90 16 72 99 81 65 26
90 16 72 8 16 72 99 81 65 26 90 16 72 99 81 65 26
90 16 72 8 72 99 81 65 26 90 16 72 99 81 65 26
90 16 72 99 8 72 99 81 65 26 90 16 72 99 81 65 26

5 23 98 25 5 55 18 5 23 98 25 5 55 18
5 23 98 25 5 55 18 5 23 16 23 98 25 5 55 18
5 23 98 25 5 55 18 5 23 98 16 23 98 25 5 55 18
5 23 98 25 5 55 18 5 23 98 16 98 25 5 55 18
5 23 98 25 5 55 18 5 23 98 25 16 98 25 5 55 18
5 23 16 23 98 25 5 55 18 5 23 98 25 5 55 18
5 23 98 16 23 98 25 5 55 18 5 23 98 25 5 55 18
5 23 98 16 98 25 5 55 18 5 23 98 25 5 55 18
5 23 98 25 16 98 25 5 55 18 5 23 98 25 5 55 18

93 55 52 50 38 95 38 93 55 52 50 38 95 38
93 55 52 50 38 95 38 93 55 5 55 52 50 38 95 38
93 55 52 50 38 95 38 93 55 52 5 55 52 50 38 95 38
93 55 52 50 38 95 38 93 55 52 5 52 50 38 95 38
93 55 52 50 38 95 38 93 55 52 50 5 52 50 38 95 38
93 55 5 55 52 50 38 95 38 93 55 52 50 38 95 38
93 55 52 5 55 52 50 38 95 38 93 55 52 50 38 95 38
93 55 52 5 52 50 38 95 38 93 55 52 50 38 95 38
93 55 52 50 5 52 50 38 95 38 93 55 52 50 38 95 38

62 80 60 61 35 23 13 62 80 60 61 35 23 13
62 80 60 61 35 23 13 62 80 9 80 60 61 35 23 13
62 80 60 61 35 23 13 62 80 60 9 80 60 61 35 23 13
62 80 60 61 35 23 13 62 80 60 9 60 61 35 23 13
62 80 60 61 35 23 13 62 80 60 61 9 60 61 35 23 13
62 80 9 80 60 61 35 23 13 62 80 60 61 35 23 13
62 80 60 9 80 60 61 35 23 13 62 80 60 61 35 23 13
62 80 60 9 60 61 35 23 13 62 80 60 61 35 23 13
62 80 60 61 9 60 61 35 23 13 62 80 60 61 35 23 13

97 46 51 15 6 37 100 97 46 51 15 6 37 100
97 46 51 15 6 37 100 97 46 17 46 51 15 6 37 100
97 46 51 15 6 37 100 97 46 51 17 46 51 15 6 37 100
97 46 51 15 6 37 100 97 46 51 17 51 15 6 37 100
97 46 51 15 6 37 100 97 46 51 15 17 51 15 6 37 100
97 46 17 46 51 15 6 37 100 97 46 51 15 6 37 100
97 46 51 17 46 51 15 6 37 100 97 46 51 15 6 37 100
97 46 51 17 51 15 6 37 100 97 46 51 15 6 37 100
97 46 51 15 17 51 15 6 37 100 97 46 51 15 6 37 100

97 50 53 62 97 94 92 97 50 53 62 97 94 92
97 50 53 62 97 94 92 97 50 17 50 53 62 97 94 92
97 50 53 62 97 94 92 97 50 53 17 50 53 62 97 94 92
97 50 53 62 97 94 92 97 50 53 17 53 62 97 94 92
97 50 53 62 97 94 92 97 50 53 62 17 53 62 97 94 92
97 50 17 50 53 62 97 94 92 97 50 53 62 97 94 92
97 50 53 17 50 53 62 97 94 92 97 50 53 62 97 94 92
97 50 53 17 53 62 97 94 92 97 50 53 62 97 94 92
97 50 53 62 17 53 62 97 94 92 97 50 53 62 97 94 92

98 62 95 96 28 29 43 98 62 95 96 28 29 43
98 62 95 96 28 29 43 98 62 17 62 95 96 28 29 43
98 62 95 96 28 29 43 98 62 95 17 62 95 96 28 29 43
98 62 95 96 28 29 43 98 62 95 17 95 96 28 29 43
98 62 95 96 28 29 43 98 62 95 96 17 95 96 28 29 43
98 62 17 62 95 96 28 29 43 98 62 95 96 28 29 43
98 62 95 17 62 95 96 28 29 43 98 62 95 96 28 29 43
98 62 95 17 95 96 28 29 43 98 62 95 96 28 29 43
98 62 95 96 17 95 96 28 29 43 98 62 95 96 28 29 43

21 5 40 8 77 64 76 21 5 40 8 77 64 76
21 5 40 8 77 64 76 21 5 15 5 40 8 77 64 76
21 5 40 8 77 64 76 21 5 40 15 5 40 8 77 64 76
21 5 40 8 77 64 76 21 5 40 15 40 8 77 64 76
21 5 40 8 77 64 76 21 5 40 8 15 40 8 77 64 76
21 5 15 5 40 8 77 64 76 21 5 40 8 77 64 76
21 5 40 15 5 40 8 77 64 76 21 5 40 8 77 64 76
21 5 40 15 40 8 77 64 76 21 5 40 8 77 64 76
21 5 40 8 15 40 8 77 64 76 21 5 40 8 77 64 76

88 45 28 48 96 77 19 88 45 28 48 96 77 19
88 45 28 48 96 77 19 88 45 18 45 28 48 96 77 19
88 45 28 48 96 77 19 88 45 28 18 45 28 48 96 77 19
88 45 28 48 96 77 19 88 45 28 18 28 48 96 77 19
88 45 28 48 96 77 19 88 45 28 48 18 28 48 96 77 19
88 45 18 45 28 48 96 77 19 88 45 28 48 96 77 19
88 45 28 18 45 28 48 96 77 19 88 45 28 48 96 77 19
88 45 28 18 28 48 96 77 19 88 45 28 48 96 77 19
88 45 28 48 18 28 48 96 77 19 88 45 28 48 96 77 19

28 43 64 85 24 24 53 28 43 64 85 24 24 53
28 43 64 85 24 24 53 28 43 18 43 64 85 24 24 53
28 43 64 85 24 24 53 28 43 64 18 43 64 85 24 24 53
28 43 64 85 24 24 53 28 43 64 18 64 85 24 24 53
28 43 64 85 24 24 53 28 43 64 85 18 64 85 24 24 53
28 43 18 43 64 85 24 24 53 28 43 64 85 24 24 53
28 43 64 18 43 64 85 24 24 53 28 43 64 85 24 24 53
28 43 64 18 64 85 24 24 53 28 43 64 85 24 24 53
28 43 64 85 18 64 85 24 24 53 28 43 64 85 24 24 53

92 10 33 28 14 25 100 92 10 33 28 14 25 100
92 10 33 28 14 25 100 92 10 7 10 33 28 14 25 100
92 10 33 28 14 25 100 92 10 33 7 10 33 28 14 25 100
92 10 33 28 14 25 100 92 10 33 7 33 28 14 25 100
92 10 33 28 14 25 100 92 10 33 28 7 33 28 14 25 100
92 10 7 10 33 28 14 25 100 92 10 33 28 14 25 100
92 10 33 7 10 33 28 14 25 100 92 10 33 28 14 25 100
92 10 33 7 33 28 14 25 100 92 10 33 28 14 25 100
92 10 33 28 7 33 28 14 25 100 92 10 33 28 14 25 100

96 89 70 99 64 27 95 96 89 70 99 64 27 95
96 89 70 99 64 27 95 96 89 8 89 70 99 64 27 95
96 89 70 99 64 27 95 96 89 70 8 89 70 99 64 27 95
96 89 70 99 64 27 95 96 89 70 8 70 99 64 27 95
96 89 70 99 64 27 95 96 89 70 99 8 70 99 64 27 95
96 89 8 89 70 99 64 27 95 96 89 70 99 64 27 95
96 89 70 8 89 70 99 64 27 95 96 89 70 99 64 27 95
96 89 70 8 70 99 64 27 95 96 89 70 99 64 27 95
96 89 70 99 8 70 99 64 27 95 96 89 70 99 64 27 95

5 23 24 54 63 56 72 5 23 24 54 63 56 72
5 23 24 54 63 56 72 5 23 5 23 24 54 63 56 72
5 23 24 54 63 56 72 5 23 24 5 23 24 54 63 56 72
5 23 24 54 63 56 72 5 23 24 5 24 54 63 56 72
5 23 24 54 63 56 72 5 23 24 54 5 24 54 63 56 72
5 23 5 23 24 54 63 56 72 5 23 24 54 63 56 72
5 23 24 5 23 24 54 63 56 72 5 23 24 54 63 56 72
5 23 24 5 24 54 63 56 72 5 23 24 54 63 56 72
5 23 24 54 5 24 54 63 56 72 5 23 24 54 63 56 72

46 91 81 72 91 7 45 46 91 81 72 91 7 45
46 91 81 72 91 7 45 46 91 8 91 81 72 91 7 45
46 91 81 72 91 7 45 46 91 81 8 91 81 72 91 7 45
46 91 81 72 91 7 45 46 91 81 8 81 72 91 7 45
46 91 81 72 91 7 45 46 91 81 72 8 81 72 91 7 45
46 91 8 91 81 72 91 7 45 46 91 81 72 91 7 45
46 91 81 8 91 81 72 91 7 45 46 91 81 72 91 7 45
46 91 81 8 81 72 91 7 45 46 91 81 72 91 7 45
46 91 81 72 8 81 72 91 7 45 46 91 81 72 91 7 45

60 21 53 22 65 48 58 60 21 53 22 65 48 58
60 21 53 22 65 48 58 60 21 16 21 53 22 65 48 58
60 21 53 22 65 48 58 60 21 53 16 21 53 22 65 48 58
60 21 53 22 65 48 58 60 21 53 16 53 22 65 48 58
60 21 53 22 65 48 58 60 21 53 22 16 53 22 65 48 58
60 21 16 21 53 22 65 48 58 60 21 53 22 65 48 58
60 21 53 16 21 53 22 65 48 58 60 21 53 22 65 48 58
60 21 53 16 53 22 65 48 58 60 21 53 22 65 48 58
60 21 53 22 16 53 22 65 48 58 60 21 53 22 65 48 58

19 12 27 93 61 11 96 19 12 27 93 61 11 96
19 12 27 93 61 11 96 19 12 10 12 27 93 61 11 96
19 12 27 93 61 11 96 19 12 27 10 12 27 93 61 11 96
19 12 27 93 61 11 96 19 12 27 10 27 93 61 11 96
19 12 27 93 61 11 96 19 12 27 93 10 27 93 61 11 96
19 12 10 12 27 93 61 11 96 19 12 27 93 61 11 96
19 12 27 10 12 27 93 61 11 96 19 12 27 93 61 11 96
19 12 27 10 27 93 61 11 96 19 12 27 93 61 11 96
19 12 27 93 10 27 93 61 11 96 19 12 27 93 61 11 96

96 25 51 9 80 45 99 96 25 51 9 80 45 99
96 25 51 9 80 45 99 96 25 5 25 51 9 80 45 99
96 25 51 9 80 45 99 96 25 51 5 25 51 9 80 45 99
96 25 51 9 80 45 99 96 25 51 5 51 9 80 45 99
96 25 51 9 80 45 99 96 25 51 9 5 51 9 80 45 99
96 25 5 25 51 9 80 45 99 96 25 51 9 80 45 99
96 25 51 5 25 51 9 80 45 99 96 25 51 9 80 45 99
96 25 51 5 51 9 80 45 99 96 25 51 9 80 45 99
96 25 51 9 5 51 9 80 45 99 96 25 51 9 80 45 99

58 18 32 37 33 92 89 58 18 32 37 33 92 89
58 18 32 37 33 92 89 58 18 5 18 32 37 33 92 89
58 18 32 37 33 92 89 58 18 32 5 18 32 37 33 92 89
58 18 32 37 33 92 89 58 18 32 5 32 37 33 92 89
58 18 32 37 33 92 89 58 18 32 37 5 32 37 33 92 89
58 18 5 18 32 37 33 92 89 58 18 32 37 33 92 89
58 18 32 5 18 32 37 33 92 89 58 18 32 37 33 92 89
58 18 32 5 32 37 33 92 89 58 18 32 37 33 92 89
58 18 32 37 5 32 37 33 92 89 58 18 32 37 33 92 89

18 32 39 54 45 91 53 18 32 39 54 45 91 53
18 32 39 54 45 91 53 18 32 9 32 39 54 45 91 53
18 32 39 54 45 91 53 18 32 39 9 32 39 54 45 91 53
18 32 39 54 45 91 53 18 32 39 9 39 54 45 91 53
18 32 39 54 45 91 53 18 32 39 54 9 39 54 45 91 53
18 32 9 32 39 54 45 91 53 18 32 39 54 45 91 53
18 32 39 9 32 39 54 45 91 53 18 32 39 54 45 91 53
18 32 39 9 39 54 45 91 53 18 32 39 54 45 91 53
18 32 39 54 9 39 54 45 91 53 18 32 39 54 45 91 53

46 54 47 62 88 63 35 46 54 47 62 88 63 35
46 54 47 62 88 63 35 46 54 12 54 47 62 88 63 35
46 54 47 62 88 63 35 46 54 47 12 54 47 62 88 63 35
46 54 47 62 88 63 35 46 54 47 12 47 62 88 63 35
46 54 47 62 88 63 35 46 54 47 62 12 47 62 88 63 35
46 54 12 54 47 62 88 63 35 46 54 47 62 88 63 35
46 54 47 12 54 47 62 88 63 35 46 54 47 62 88 63 35
46 54 47 12 47 62 88 63 35 46 54 47 62 88 63 35
46 54 47 62 12 47 62 88 63 35 46 54 47 62 88 63 35

54 33 9 29 27 13 57 54 33 9 29 27 13 57
54 33 9 29 27 13 57 54 33 18 33 9 29 27 13 57
54 33 9 29 27 13 57 54 33 9 18 33 9 29 27 13 57
54 33 9 29 27 13 57 54 33 9 18 9 29 27 13 57
54 33 9 29 27 13 57 54 33 9 29 18 9 29 27 13 57
54 33 18 33 9 29 27 13 57 54 33 9 29 27 13 57
54 33 9 18 33 9 29 27 13 57 54 33 9 29 27 13 57
54 33 9 18 9 29 27 13 57 54 33 9 29 27 13 57
54 33 9 29 18 9 29 27 13 57 54 33 9 29 27 13 57

65 17 16 5 39 31 96 65 17 16 5 39 31 96
65 17 16 5 39 31 96 65 17 16 17 16 5 39 31 96
65 17 16 5 39 31 96 65 17 16 16 17 16 5 39 31 96
65 17 16 5 39 31 96 65 17 16 16 16 5 39 31 96
65 17 16 5 39 31 96 65 17 16 5 16 16 5 39 31 96
65 17 16 17 16 5 39 31 96 65 17 16 5 39 31 96
65 17 16 16 17 16 5 39 31 96 65 17 16 5 39 31 96
65 17 16 16 16 5 39 31 96 65 17 16 5 39 31 96
65 17 16 5 16 16 5 39 31 96 65 17 16 5 39 31 96

16 93 71 77 33 95 76 16 93 71 77 33 95 76
16 93 71 77 33 95 76 16 93 5 93 71 77 33 95 76
16 93 71 77 33 95 76 16 93 71 5 93 71 77 33 95 76
16 93 71 77 33 95 76 16 93 71 5 71 77 33 95 76
16 93 71 77 33 95 76 16 93 71 77 5 71 77 33 95 76
16 93 5 93 71 77 33 95 76 16 93 71 77 33 95 76
16 93 71 5 93 71 77 33 95 76 16 93 71 77 33 95 76
16 93 71 5 71 77 33 95 76 16 93 71 77 33 95 76
16 93 71 77 5 71 77 33 95 76 16 93 71 77 33 95 76

55 45 76 7 21 68 9 55 45 76 7 21 68 9
55 45 76 7 21 68 9 55 45 14 45 76 7 21 68 9
55 45 76 7 21 68 9 55 45 76 14 45 76 7 21 68 9
55 45 76 7 21 68 9 55 45 76 14 76 7 21 68 9
55 45 76 7 21 68 9 55 45 76 7 14 76 7 21 68 9
55 45 14 45 76 7 21 68 9 55 45 76 7 21 68 9
55 45 76 14 45 76 7 21 68 9 55 45 76 7 21 68 9
55 45 76 14 76 7 21 68 9 55 45 76 7 21 68 9
55 45 76 7 14 76 7 21 68 9 55 45 76 7 21 68 9

32 92 41 17 97 25 10 32 92 41 17 97 25 10
32 92 41 17 97 25 10 32 92 20 92 41 17 97 25 10
32 92 41 17 97 25 10 32 92 41 20 92 41 17 97 25 10
32 92 41 17 97 25 10 32 92 41 20 41 17 97 25 10
32 92 41 17 97 25 10 32 92 41 17 20 41 17 97 25 10
32 92 20 92 41 17 97 25 10 32 92 41 17 97 25 10
32 92 41 20 92 41 17 97 25 10 32 92 41 17 97 25 10
32 92 41 20 41 17 97 25 10 32 92 41 17 97 25 10
32 92 41 17 20 41 17 97 25 10 32 92 41 17 97 25 10

49 39 40 84 83 64 85 49 39 40 84 83 64 85
49 39 40 84 83 64 85 49 39 11 39 40 84 83 64 85
49 39 40 84 83 64 85 49 39 40 11 39 40 84 83 64 85
49 39 40 84 83 64 85 49 39 40 11 40 84 83 64 85
49 39 40 84 83 64 85 49 39 40 84 11 40 84 83 64 85
49 39 11 39 40 84 83 64 85 49 39 40 84 83 64 85
49 39 40 11 39 40 84 83 64 85 49 39 40 84 83 64 85
49 39 40 11 40 84 83 64 85 49 39 40 84 83 64 85
49 39 40 84 11 40 84 83 64 85 49 39 40 84 83 64 85

95 66 58 52 54 67 22 95 66 58 52 54 67 22
95 66 58 52 54 67 22 95 66 17 66 58 52 54 67 22
95 66 58 52 54 67 22 95 66 58 17 66 58 52 54 67 22
95 66 58 52 54 67 22 95 66 58 17 58 52 54 67 22
95 66 58 52 54 67 22 95 66 58 52 17 58 52 54 67 22
95 66 17 66 58 52 54 67 22 95 66 58 52 54 67 22
95 66 58 17 66 58 52 54 67 22 95 66 58 52 54 67 22
95 66 58 17 58 52 54 67 22 95 66 58 52 54 67 22
95 66 58 52 17 58 52 54 67 22 95 66 58 52 54 67 22

78 55 37 80 39 48 52 78 55 37 80 39 48 52
78 55 37 80 39 48 52 78 55 5 55 37 80 39 48 52
78 55 37 80 39 48 52 78 55 37 5 55 37 80 39 48 52
78 55 37 80 39 48 52 78 55 37 5 37 80 39 48 52
78 55 37 80 39 48 52 78 55 37 80 5 37 80 39 48 52
78 55 5 55 37 80 39 48 52 78 55 37 80 39 48 52
78 55 37 5 55 37 80 39 48 52 78 55 37 80 39 48 52
78 55 37 5 37 80 39 48 52 78 55 37 80 39 48 52
78 55 37 80 5 37 80 39 48 52 78 55 37 80 39 48 52

76 99 56 25 5 45 15 76 99 56 25 5 45 15
76 99 56 25 5 45 15 76 99 17 99 56 25 5 45 15
76 99 56 25 5 45 15 76 99 56 17 99 56 25 5 45 15
76 99 56 25 5 45 15 76 99 56 17 56 25 5 45 15
76 99 56 25 5 45 15 76 99 56 25 17 56 25 5 45 15
76 99 17 99 56 25 5 45 15 76 99 56 25 5 45 15
76 99 56 17 99 56 25 5 45 15 76 99 56 25 5 45 15
76 99 56 17 56 25 5 45 15 76 99 56 25 5 45 15
76 99 56 25 17 56 25 5 45 15 76 99 56 25 5 45 15

5 62 36 95 7 53 16 5 62 36 95 7 53 16
5 62 36 95 7 53 16 5 62 17 62 36 95 7 53 16
5 62 36 95 7 53 16 5 62 36 17 62 36 95 7 53 16
5 62 36 95 7 53 16 5 62 36 17 36 95 7 53 16
5 62 36 95 7 53 16 5 62 36 95 17 36 95 7 53 16
5 62 17 62 36 95 7 53 16 5 62 36 95 7 53 16
5 62 36 17 62 36 95 7 53 16 5 62 36 95 7 53 16
5 62 36 17 36 95 7 53 16 5 62 36 95 7 53 16
5 62 36 95 17 36 95 7 53 16 5 62 36 95 7 53 16

17 69 32 25 92 69 89 17 69 32 25 92 69 89
17 69 32 25 92 69 89 17 69 13 69 32 25 92 69 89
17 69 32 25 92 69 89 17 69 32 13 69 32 25 92 69 89
17 69 32 25 92 69 89 17 69 32 13 32 25 92 69 89
17 69 32 25 92 69 89 17 69 32 25 13 32 25 92 69 89
17 69 13 69 32 25 92 69 89 17 69 32 25 92 69 89
17 69 32 13 69 32 25 92 69 89 17 69 32 25 92 69 89
17 69 32 13 32 25 92 69 89 17 69 32 25 92 69 89
17 69 32 25 13 32 25 92 69 89 17 69 32 25 92 69 89

31 99 83 26 71 45 10 31 99 83 26 71 45 10
31 99 83 26 71 45 10 31 99 14 99 83 26 71 45 10
31 99 83 26 71 45 10 31 99 83 14 99 83 26 71 45 10
31 99 83 26 71 45 10 31 99 83 14 83 26 71 45 10
31 99 83 26 71 45 10 31 99 83 26 14 83 26 71 45 10
31 99 14 99 83 26 71 45 10 31 99 83 26 71 45 10
31 99 83 14 99 83 26 71 45 10 31 99 83 26 71 45 10
31 99 83 14 83 26 71 45 10 31 99 83 26 71 45 10
31 99 83 26 14 83 26 71 45 10 31 99 83 26 71 45 10

51 51 38 22 94 70 83 51 51 38 22 94 70 83
51 51 38 22 94 70 83 51 51 5 51 38 22 94 70 83
51 51 38 22 94 70 83 51 51 38 5 51 38 22 94 70 83
51 51 38 22 94 70 83 51 51 38 5 38 22 94 70 83
51 51 38 22 94 70 83 51 51 38 22 5 38 22 94 70 83
51 51 5 51 38 22 94 70 83 51 51 38 22 94 70 83
51 51 38 5 51 38 22 94 70 83 51 51 38 22 94 70 83
51 51 38 5 38 22 94 70 83 51 51 38 22 94 70 83
51 51 38 22 5 38 22 94 70 83 51 51 38 22 94 70 83

75 95 58 17 32 24 92 75 95 58 17 32 24 92
75 95 58 17 32 24 92 75 95 11 95 58 17 32 24 92
75 95 58 17 32 24 92 75 95 58 11 95 58 17 32 24 92
75 95 58 17 32 24 92 75 95 58 11 58 17 32 24 92
75 95 58 17 32 24 92 75 95 58 17 11 58 17 32 24 92
75 95 11 95 58 17 32 24 92 75 95 58 17 32 24 92
75 95 58 11 95 58 17 32 24 92 75 95 58 17 32 24 92
75 95 58 11 58 17 32 24 92 75 95 58 17 32 24 92
75 95 58 17 11 58 17 32 24 92 75 95 58 17 32 24 92

45 45 17 68 87 47 17 45 45 17 68 87 47 17
45 45 17 68 87 47 17 45 45 11 45 17 68 87 47 17
45 45 17 68 87 47 17 45 45 17 11 45 17 68 87 47 17
45 45 17 68 87 47 17 45 45 17 11 17 68 87 47 17
45 45 17 68 87 47 17 45 45 17 68 11 17 68 87 47 17
45 45 11 45 17 68 87 47 17 45 45 17 68 87 47 17
45 45 17 11 45 17 68 87 47 17 45 45 17 68 87 47 17
45 45 17 11 17 68 87 47 17 45 45 17 68 87 47 17
45 45 17 68 11 17 68 87 47 17 45 45 17 68 87 47 17

9 11 29 53 76 36 26 9 11 29 53 76 36 26
9 11 29 53 76 36 26 9 11 10 11 29 53 76 36 26
9 11 29 53 76 36 26 9 11 29 10 11 29 53 76 36 26
9 11 29 53 76 36 26 9 11 29 10 29 53 76 36 26
9 11 29 53 76 36 26 9 11 29 53 10 29 53 76 36 26
9 11 10 11 29 53 76 36 26 9 11 29 53 76 36 26
9 11 29 10 11 29 53 76 36 26 9 11 29 53 76 36 26
9 11 29 10 29 53 76 36 26 9 11 29 53 76 36 26
9 11 29 53 10 29 53 76 36 26 9 11 29 53 76 36 26

14 99 93 7 46 39 9 14 99 93 7 46 39 9
14 99 93 7 46 39 9 14 99 12 99 93 7 46 39 9
14 99 93 7 46 39 9 14 99 93 12 99 93 7 46 39 9
14 99 93 7 46 39 9 14 99 93 12 93 7 46 39 9
14 99 93 7 46 39 9 14 99 93 7 12 93 7 46 39 9
14 99 12 99 93 7 46 39 9 14 99 93 7 46 39 9
14 99 93 12 99 93 7 46 39 9 14 99 93 7 46 39 9
14 99 93 12 93 7 46 39 9 14 99 93 7 46 39 9
14 99 93 7 12 93 7 46 39 9 14 99 93 7 46 39 9

68 14 38 59 73 9 46 68 14 38 59 73 9 46
68 14 38 59 73 9 46 68 14 9 14 38 59 73 9 46
68 14 38 59 73 9 46 68 14 38 9 14 38 59 73 9 46
68 14 38 59 73 9 46 68 14 38 9 38 59 73 9 46
68 14 38 59 73 9 46 68 14 38 59 9 38 59 73 9 46
68 14 9 14 38 59 73 9 46 68 14 38 59 73 9 46
68 14 38 9 14 38 59 73 9 46 68 14 38 59 73 9 46
68 14 38 9 38 59 73 9 46 68 14 38 59 73 9 46
68 14 38 59 9 38 59 73 9 46 68 14 38 59 73 9 46

67 94 98 8 35 52 12 67 94 98 8 35 52 12
67 94 98 8 35 52 12 67 94 18 94 98 8 35 52 12
67 94 98 8 35 52 12 67 94 98 18 94 98 8 35 52 12
67 94 98 8 35 52 12 67 94 98 18 98 8 35 52 12
67 94 98 8 35 52 12 67 94 98 8 18 98 8 35 52 12
67 94 18 94 98 8 35 52 12 67 94 98 8 35 52 12
67 94 98 18 94 98 8 35 52 12 67 94 98 8 35 52 12
67 94 98 18 98 8 35 52 12 67 94 98 8 35 52 12
67 94 98 8 18 98 8 35 52 12 67 94 98 8 35 52 12

71 68 57 45 40 79 89 71 68 57 45 40 79 89
71 68 57 45 40 79 89 71 68 8 68 57 45 40 79 89
71 68 57 45 40 79 89 71 68 57 8 68 57 45 40 79 89
71 68 57 45 40 79 89 71 68 57 8 57 45 40 79 89
71 68 57 45 40 79 89 71 68 57 45 8 57 45 40 79 89
71 68 8 68 57 45 40 79 89 71 68 57 45 40 79 89
71 68 57 8 68 57 45 40 79 89 71 68 57 45 40 79 89
71 68 57 8 57 45 40 79 89 71 68 57 45 40 79 89
71 68 57 45 8 57 45 40 79 89 71 68 57 45 40 79 89

25 45 32 6 55 29 59 25 45 32 6 55 29 59
25 45 32 6 55 29 59 25 45 13 45 32 6 55 29 59
25 45 32 6 55 29 59 25 45 32 13 45 32 6 55 29 59
25 45 32 6 55 29 59 25 45 32 13 32 6 55 29 59
25 45 32 6 55 29 59 25 45 32 6 13 32 6 55 29 59
25 45 13 45 32 6 55 29 59 25 45 32 6 55 29 59
25 45 32 13 45 32 6 55 29 59 25 45 32 6 55 29 59
25 45 32 13 32 6 55 29 59 25 45 32 6 55 29 59
25 45 32 6 13 32 6 55 29 59 25 45 32 6 55 29 59

74 96 83 6 35 55 51 74 96 83 6 35 55 51
74 96 83 6 35 55 51 74 96 20 96 83 6 35 55 51
74 96 83 6 35 55 51 74 96 83 20 96 83 6 35 55 51
74 96 83 6 35 55 51 74 96 83 20 83 6 35 55 51
74 96 83 6 35 55 51 74 96 83 6 20 83 6 35 55 51
74 96 20 96 83 6 35 55 51 74 96 83 6 35 55 51
74 96 83 20 96 83 6 35 55 51 74 96 83 6 35 55 51
74 96 83 20 83 6 35 55 51 74 96 83 6 35 55 51
74 96 83 6 20 83 6 35 55 51 74 96 83 6 35 55 51

53 77 8 66 99 79 99 53 77 8 66 99 79 99
53 77 8 66 99 79 99 53 77 8 77 8 66 99 79 99
53 77 8 66 99 79 99 53 77 8 8 77 8 66 99 79 99
53 77 8 66 99 79 99 53 77 8 8 8 66 99 79 99
53 77 8 66 99 79 99 53 77 8 66 8 8 66 99 79 99
53 77 8 77 8 66 99 79 99 53 77 8 66 99 79 99
53 77 8 8 77 8 66 99 79 99 53 77 8 66 99 79 99
53 77 8 8 8 66 99 79 99 53 77 8 66 99 79 99
53 77 8 66 8 8 66 99 79 99 53 77 8 66 99 79 99

53 42 26 58 94 23 18 53 42 26 58 94 23 18
53 42 26 58 94 23 18 53 42 17 42 26 58 94 23 18
53 42 26 58 94 23 18 53 42 26 17 42 26 58 94 23 18
53 42 26 58 94 23 18 53 42 26 17 26 58 94 23 18
53 42 26 58 94 23 18 53 42 26 58 17 26 58 94 23 18
53 42 17 42 26 58 94 23 18 53 42 26 58 94 23 18
53 42 26 17 42 26 58 94 23 18 53 42 26 58 94 23 18
53 42 26 17 26 58 94 23 18 53 42 26 58 94 23 18
53 42 26 58 17 26 58 94 23 18 53 42 26 58 94 23 18

47 99 7 54 38 99 90 47 99 7 54 38 99 90
47 99 7 54 38 99 90 47 99 11 99 7 54 38 99 90
47 99 7 54 38 99 90 47 99 7 11 99 7 54 38 99 90
47 99 7 54 38 99 90 47 99 7 11 7 54 38 99 90
47 99 7 54 38 99 90 47 99 7 54 11 7 54 38 99 90
47 99 11 99 7 54 38 99 90 47 99 7 54 38 99 90
47 99 7 11 99 7 54 38 99 90 47 99 7 54 38 99 90
47 99 7 11 7 54 38 99 90 47 99 7 54 38 99 90
47 99 7 54 11 7 54 38 99 90 47 99 7 54 38 99 90

76 27 99 23 37 88 73 76 27 99 23 37 88 73
76 27 99 23 37 88 73 76 27 17 27 99 23 37 88 73
76 27 99 23 37 88 73 76 27 99 17 27 99 23 37 88 73
76 27 99 23 37 88 73 76 27 99 17 99 23 37 88 73
76 27 99 23 37 88 73 76 27 99 23 17 99 23 37 88 73
76 27 17 27 99 23 37 88 73 76 27 99 23 37 88 73
76 27 99 17 27 99 23 37 88 73 76 27 99 23 37 88 73
76 27 99 17 99 23 37 88 73 76 27 99 23 37 88 73
76 27 99 23 17 99 23 37 88 73 76 27 99 23 37 88 73

67 74 34 6 37 80 26 67 74 34 6 37 80 26
67 74 34 6 37 80 26 67 74 7 74 34 6 37 80 26
67 74 34 6 37 80 26 67 74 34 7 74 34 6 37 80 26
67 74 34 6 37 80 26 67 74 34 7 34 6 37 80 26
67 74 34 6 37 80 26 67 74 34 6 7 34 6 37 80 26
67 74 7 74 34 6 37 80 26 67 74 34 6 37 80 26
67 74 34 7 74 34 6 37 80 26 67 74 34 6 37 80 26
67 74 34 7 34 6 37 80 26 67 74 34 6 37 80 26
67 74 34 6 7 34 6 37 80 26 67 74 34 6 37 80 26

62 9 47 59 82 95 48 62 9 47 59 82 95 48
62 9 47 59 82 95 48 62 9 19 9 47 59 82 95 48
62 9 47 59 82 95 48 62 9 47 19 9 47 59 82 95 48
62 9 47 59 82 95 48 62 9 47 19 47 59 82 95 48
62 9 47 59 82 95 48 62 9 47 59 19 47 59 82 95 48
62 9 19 9 47 59 82 95 48 62 9 47 59 82 95 48
62 9 47 19 9 47 59 82 95 48 62 9 47 59 82 95 48
62 9 47 19 47 59 82 95 48 62 9 47 59 82 95 48
62 9 47 59 19 47 59 82 95 48 62 9 47 59 82 95 48

67 25 46 95 6 36 38 67 25 46 95 6 36 38
67 25 46 95 6 36 38 67 25 15 25 46 95 6 36 38
67 25 46 95 6 36 38 67 25 46 15 25 46 95 6 36 38
67 25 46 95 6 36 38 67 25 46 15 46 95 6 36 38
67 25 46 95 6 36 38 67 25 46 95 15 46 95 6 36 38
67 25 15 25 46 95 6 36 38 67 25 46 95 6 36 38
67 25 46 15 25 46 95 6 36 38 67 25 46 95 6 36 38
67 25 46 15 46 95 6 36 38 67 25 46 95 6 36 38
67 25 46 95 15 46 95 6 36 38 67 25 46 95 6 36 38

