150
7
4
2

0
6
18
30
28
26
21
3
16
2
10
6
23
6
19
9
22
17
29
2
3
24
12
1
7
29
7
8
10
10
19
16
17
7
23
28
6
22
5
1
25
11
24
7
4
13
19
18
9
23
7
8
4
4
9
4
0
5
7
9
22
11
30
26
9
25
25
14
10
14
12
10
10
23
20
11
17
22
20
21
3
18
15
24
10
5
24
5
0
17
18
8
25
7
14
7
0
23
26
23
3
24
17
11
11
16
6
21
13
17
2
13
25
7
28
10
9
29
25
9
22
24
4
12
11
9
16
28
13
16
29
19
23
8
24
21
17
22
11
11
30
21
8
22
29
19
25
11
1
17

29 91 
39 31 
20 59 
54 28 
93 48 
17 91 
95 96 
68 68 
69 58 
72 27 
105 86 
60 54 
92 77 
49 86 
59 82 
57 117 
20 109 
33 40 
73 70 
110 36 
84 32 
25 62 
40 42 
82 70 
88 78 
51 80 
39 90 
41 107 
35 40 
49 92 
56 54 
85 86 
74 119 
109 37 
79 102 
91 27 
107 84 
78 87 
106 92 
63 56 
67 92 
105 77 
55 54 
82 103 
30 36 
63 36 
30 93 
39 86 
22 92 
90 52 
83 66 
44 67 
42 75 
71 76 
37 70 
111 49 
72 83 
23 58 
78 115 
50 63 
99 50 
83 26 
77 97 
35 90 
63 69 
72 47 
15 67 
40 93 
94 48 
33 92 
20 85 
107 92 
37 75 
61 52 
66 55 
108 86 
22 93 
29 96 
71 105 
19 84 
31 90 
96 98 
71 14 
45 29 
71 66 
46 26 
78 17 
30 54 
61 48 
106 101 
118 28 
22 105 
37 84 
96 40 
102 89 
55 53 
49 45 
95 28 
111 39 
66 71 
27 77 
25 11 
64 109 
53 32 
85 71 
60 40 
68 82 
87 71 
79 21 
104 35 
115 60 
60 45 
23 89 
42 33 
73 100 
17 59 
69 83 
15 100 
37 48 
96 53 
105 87 
53 56 
60 30 
37 38 
31 76 
115 76 
23 87 
23 87 
36 76 
109 70 
66 32 
25 67 
59 55 
59 78 
113 54 
94 75 
44 29 
50 65 
92 58 
60 50 
51 98 
114 20 
80 61 
105 112 
95 43 
42 96 
42 28 
73 68 
93 85 
101 66 

2004
1465
1854
1091
2058
1549
2295
2062
1618
871
2485
1809
1918
1949
2034
1933
1381
1655
1730
2062
2079
1041
1564
1620
2027
1849
1451
1338
1791
2097
2049
1541
2061
2076
2653
1490
2000
1683
1819
1528
2088
2246
1534
2064
1229
1314
2094
2232
1717
1721
1821
1874
1923
2131
1902
1681
2169
1477
1856
1340
2086
1633
1756
1865
2052
2258
1486
1783
1252
1774
1646
2088
1427
2123
1501
2327
1785
1851
1753
1360
1654
2381
1126
1422
1404
1216
1540
1911
1296
2251
2116
2040
1466
2109
2598
1900
1882
1585
2115
1206
965
1420
1980
1227
2184
1139
2040
2030
1931
2165
1614
1544
1914
2045
2111
1078
1838
1835
2100
1927
2268
2064
1815
1763
1708
2020
1994
1677
2258
2180
1225
1497
2198
1861
1958
2428
1454
1979
1787
1346
1814
2009
2094
2991
2273
2065
1671
1834
2270
2090

1 2 3 4 5 1 2 3 4 5 6 7
1 2 3 4 5 1 2 100 102 3 4 5 6 7
1 2 3 4 5 1 2 3 100 102 103 4 5 6 7
1 2 3 4 5 1 2 3 100 103 4 5 6 7
1 2 3 4 5 1 2 3 4 100 103 104 5 6 7
1 2 100 102 3 4 5 1 2 3 4 5 6 7
1 2 3 100 102 103 4 5 1 2 3 4 5 6 7
1 2 3 100 103 4 5 1 2 3 4 5 6 7
1 2 3 4 100 103 104 5 1 2 3 4 5 6 7

69 30 9 81 79 86 78 69 30 9 81 79 86 78
69 30 9 81 79 86 78 69 30 15 30 9 81 79 86 78
69 30 9 81 79 86 78 69 30 9 15 30 9 81 79 86 78
69 30 9 81 79 86 78 69 30 9 15 9 81 79 86 78
69 30 9 81 79 86 78 69 30 9 81 15 9 81 79 86 78
69 30 15 30 9 81 79 86 78 69 30 9 81 79 86 78
69 30 9 15 30 9 81 79 86 78 69 30 9 81 79 86 78
69 30 9 15 9 81 79 86 78 69 30 9 81 79 86 78
69 30 9 81 15 9 81 79 86 78 69 30 9 81 79 86 78

51 21 19 14 76 79 65 51 21 19 14 76 79 65
51 21 19 14 76 79 65 51 21 20 21 19 14 76 79 65
51 21 19 14 76 79 65 51 21 19 20 21 19 14 76 79 65
51 21 19 14 76 79 65 51 21 19 20 19 14 76 79 65
51 21 19 14 76 79 65 51 21 19 14 20 19 14 76 79 65
51 21 20 21 19 14 76 79 65 51 21 19 14 76 79 65
51 21 19 20 21 19 14 76 79 65 51 21 19 14 76 79 65
51 21 19 20 19 14 76 79 65 51 21 19 14 76 79 65
51 21 19 14 20 19 14 76 79 65 51 21 19 14 76 79 65

36 96 5 49 85 63 24 36 96 5 49 85 63 24
36 96 5 49 85 63 24 36 96 9 96 5 49 85 63 24
36 96 5 49 85 63 24 36 96 5 9 96 5 49 85 63 24
36 96 5 49 85 63 24 36 96 5 9 5 49 85 63 24
36 96 5 49 85 63 24 36 96 5 49 9 5 49 85 63 24
36 96 9 96 5 49 85 63 24 36 96 5 49 85 63 24
36 96 5 9 96 5 49 85 63 24 36 96 5 49 85 63 24
36 96 5 9 5 49 85 63 24 36 96 5 49 85 63 24
36 96 5 49 9 5 49 85 63 24 36 96 5 49 85 63 24

35 36 36 17 27 45 16 35 36 36 17 27 45 16
35 36 36 17 27 45 16 35 36 7 36 36 17 27 45 16
35 36 36 17 27 45 16 35 36 36 7 36 36 17 27 45 16
35 36 36 17 27 45 16 35 36 36 7 36 17 27 45 16
35 36 36 17 27 45 16 35 36 36 17 7 36 17 27 45 16
35 36 7 36 36 17 27 45 16 35 36 36 17 27 45 16
35 36 36 7 36 36 17 27 45 16 35 36 36 17 27 45 16
35 36 36 7 36 17 27 45 16 35 36 36 17 27 45 16
35 36 36 17 7 36 17 27 45 16 35 36 36 17 27 45 16

73 49 87 36 17 78 89 73 49 87 36 17 78 89
73 49 87 36 17 78 89 73 49 17 49 87 36 17 78 89
73 49 87 36 17 78 89 73 49 87 17 49 87 36 17 78 89
73 49 87 36 17 78 89 73 49 87 17 87 36 17 78 89
73 49 87 36 17 78 89 73 49 87 36 17 87 36 17 78 89
73 49 17 49 87 36 17 78 89 73 49 87 36 17 78 89
73 49 87 17 49 87 36 17 78 89 73 49 87 36 17 78 89
73 49 87 17 87 36 17 78 89 73 49 87 36 17 78 89
73 49 87 36 17 87 36 17 78 89 73 49 87 36 17 78 89

37 37 11 77 32 50 78 37 37 11 77 32 50 78
37 37 11 77 32 50 78 37 37 12 37 11 77 32 50 78
37 37 11 77 32 50 78 37 37 11 12 37 11 77 32 50 78
37 37 11 77 32 50 78 37 37 11 12 11 77 32 50 78
37 37 11 77 32 50 78 37 37 11 77 12 11 77 32 50 78
37 37 12 37 11 77 32 50 78 37 37 11 77 32 50 78
37 37 11 12 37 11 77 32 50 78 37 37 11 77 32 50 78
37 37 11 12 11 77 32 50 78 37 37 11 77 32 50 78
37 37 11 77 12 11 77 32 50 78 37 37 11 77 32 50 78

46 93 80 85 43 29 62 46 93 80 85 43 29 62
46 93 80 85 43 29 62 46 93 20 93 80 85 43 29 62
46 93 80 85 43 29 62 46 93 80 20 93 80 85 43 29 62
46 93 80 85 43 29 62 46 93 80 20 80 85 43 29 62
46 93 80 85 43 29 62 46 93 80 85 20 80 85 43 29 62
46 93 20 93 80 85 43 29 62 46 93 80 85 43 29 62
46 93 80 20 93 80 85 43 29 62 46 93 80 85 43 29 62
46 93 80 20 80 85 43 29 62 46 93 80 85 43 29 62
46 93 80 85 20 80 85 43 29 62 46 93 80 85 43 29 62

55 83 49 60 74 54 12 55 83 49 60 74 54 12
55 83 49 60 74 54 12 55 83 16 83 49 60 74 54 12
55 83 49 60 74 54 12 55 83 49 16 83 49 60 74 54 12
55 83 49 60 74 54 12 55 83 49 16 49 60 74 54 12
55 83 49 60 74 54 12 55 83 49 60 16 49 60 74 54 12
55 83 16 83 49 60 74 54 12 55 83 49 60 74 54 12
55 83 49 16 83 49 60 74 54 12 55 83 49 60 74 54 12
55 83 49 16 49 60 74 54 12 55 83 49 60 74 54 12
55 83 49 60 16 49 60 74 54 12 55 83 49 60 74 54 12

29 27 55 48 32 88 72 29 27 55 48 32 88 72
29 27 55 48 32 88 72 29 27 12 27 55 48 32 88 72
29 27 55 48 32 88 72 29 27 55 12 27 55 48 32 88 72
29 27 55 48 32 88 72 29 27 55 12 55 48 32 88 72
29 27 55 48 32 88 72 29 27 55 48 12 55 48 32 88 72
29 27 12 27 55 48 32 88 72 29 27 55 48 32 88 72
29 27 55 12 27 55 48 32 88 72 29 27 55 48 32 88 72
29 27 55 12 55 48 32 88 72 29 27 55 48 32 88 72
29 27 55 48 12 55 48 32 88 72 29 27 55 48 32 88 72

6 15 56 8 9 87 22 6 15 56 8 9 87 22
6 15 56 8 9 87 22 6 15 11 15 56 8 9 87 22
6 15 56 8 9 87 22 6 15 56 11 15 56 8 9 87 22
6 15 56 8 9 87 22 6 15 56 11 56 8 9 87 22
6 15 56 8 9 87 22 6 15 56 8 11 56 8 9 87 22
6 15 11 15 56 8 9 87 22 6 15 56 8 9 87 22
6 15 56 11 15 56 8 9 87 22 6 15 56 8 9 87 22
6 15 56 11 56 8 9 87 22 6 15 56 8 9 87 22
6 15 56 8 11 56 8 9 87 22 6 15 56 8 9 87 22

49 65 95 79 98 29 64 49 65 95 79 98 29 64
49 65 95 79 98 29 64 49 65 18 65 95 79 98 29 64
49 65 95 79 98 29 64 49 65 95 18 65 95 79 98 29 64
49 65 95 79 98 29 64 49 65 95 18 95 79 98 29 64
49 65 95 79 98 29 64 49 65 95 79 18 95 79 98 29 64
49 65 18 65 95 79 98 29 64 49 65 95 79 98 29 64
49 65 95 18 65 95 79 98 29 64 49 65 95 79 98 29 64
49 65 95 18 95 79 98 29 64 49 65 95 79 98 29 64
49 65 95 79 18 95 79 98 29 64 49 65 95 79 98 29 64

95 19 49 48 50 13 90 95 19 49 48 50 13 90
95 19 49 48 50 13 90 95 19 7 19 49 48 50 13 90
95 19 49 48 50 13 90 95 19 49 7 19 49 48 50 13 90
95 19 49 48 50 13 90 95 19 49 7 49 48 50 13 90
95 19 49 48 50 13 90 95 19 49 48 7 49 48 50 13 90
95 19 7 19 49 48 50 13 90 95 19 49 48 50 13 90
95 19 49 7 19 49 48 50 13 90 95 19 49 48 50 13 90
95 19 49 7 49 48 50 13 90 95 19 49 48 50 13 90
95 19 49 48 7 49 48 50 13 90 95 19 49 48 50 13 90

43 91 87 62 21 16 40 43 91 87 62 21 16 40
43 91 87 62 21 16 40 43 91 12 91 87 62 21 16 40
43 91 87 62 21 16 40 43 91 87 12 91 87 62 21 16 40
43 91 87 62 21 16 40 43 91 87 12 87 62 21 16 40
43 91 87 62 21 16 40 43 91 87 62 12 87 62 21 16 40
43 91 12 91 87 62 21 16 40 43 91 87 62 21 16 40
43 91 87 12 91 87 62 21 16 40 43 91 87 62 21 16 40
43 91 87 12 87 62 21 16 40 43 91 87 62 21 16 40
43 91 87 62 12 87 62 21 16 40 43 91 87 62 21 16 40

16 36 39 79 93 47 96 16 36 39 79 93 47 96
16 36 39 79 93 47 96 16 36 11 36 39 79 93 47 96
16 36 39 79 93 47 96 16 36 39 11 36 39 79 93 47 96
16 36 39 79 93 47 96 16 36 39 11 39 79 93 47 96
16 36 39 79 93 47 96 16 36 39 79 11 39 79 93 47 96
16 36 11 36 39 79 93 47 96 16 36 39 79 93 47 96
16 36 39 11 36 39 79 93 47 96 16 36 39 79 93 47 96
16 36 39 11 39 79 93 47 96 16 36 39 79 93 47 96
16 36 39 79 11 39 79 93 47 96 16 36 39 79 93 47 96

66 100 40 67 49 27 36 66 100 40 67 49 27 36
66 100 40 67 49 27 36 66 100 5 100 40 67 49 27 36
66 100 40 67 49 27 36 66 100 40 5 100 40 67 49 27 36
66 100 40 67 49 27 36 66 100 40 5 40 67 49 27 36
66 100 40 67 49 27 36 66 100 40 67 5 40 67 49 27 36
66 100 5 100 40 67 49 27 36 66 100 40 67 49 27 36
66 100 40 5 100 40 67 49 27 36 66 100 40 67 49 27 36
66 100 40 5 40 67 49 27 36 66 100 40 67 49 27 36
66 100 40 67 5 40 67 49 27 36 66 100 40 67 49 27 36

28 80 43 100 42 19 65 28 80 43 100 42 19 65
28 80 43 100 42 19 65 28 80 11 80 43 100 42 19 65
28 80 43 100 42 19 65 28 80 43 11 80 43 100 42 19 65
28 80 43 100 42 19 65 28 80 43 11 43 100 42 19 65
28 80 43 100 42 19 65 28 80 43 100 11 43 100 42 19 65
28 80 11 80 43 100 42 19 65 28 80 43 100 42 19 65
28 80 43 11 80 43 100 42 19 65 28 80 43 100 42 19 65
28 80 43 11 43 100 42 19 65 28 80 43 100 42 19 65
28 80 43 100 11 43 100 42 19 65 28 80 43 100 42 19 65

9 45 12 98 15 31 74 9 45 12 98 15 31 74
9 45 12 98 15 31 74 9 45 5 45 12 98 15 31 74
9 45 12 98 15 31 74 9 45 12 5 45 12 98 15 31 74
9 45 12 98 15 31 74 9 45 12 5 12 98 15 31 74
9 45 12 98 15 31 74 9 45 12 98 5 12 98 15 31 74
9 45 5 45 12 98 15 31 74 9 45 12 98 15 31 74
9 45 12 5 45 12 98 15 31 74 9 45 12 98 15 31 74
9 45 12 5 12 98 15 31 74 9 45 12 98 15 31 74
9 45 12 98 5 12 98 15 31 74 9 45 12 98 15 31 74

49 64 14 30 70 39 76 49 64 14 30 70 39 76
49 64 14 30 70 39 76 49 64 7 64 14 30 70 39 76
49 64 14 30 70 39 76 49 64 14 7 64 14 30 70 39 76
49 64 14 30 70 39 76 49 64 14 7 14 30 70 39 76
49 64 14 30 70 39 76 49 64 14 30 7 14 30 70 39 76
49 64 7 64 14 30 70 39 76 49 64 14 30 70 39 76
49 64 14 7 64 14 30 70 39 76 49 64 14 30 70 39 76
49 64 14 7 14 30 70 39 76 49 64 14 30 70 39 76
49 64 14 30 7 14 30 70 39 76 49 64 14 30 70 39 76

39 65 66 52 41 43 22 39 65 66 52 41 43 22
39 65 66 52 41 43 22 39 65 18 65 66 52 41 43 22
39 65 66 52 41 43 22 39 65 66 18 65 66 52 41 43 22
39 65 66 52 41 43 22 39 65 66 18 66 52 41 43 22
39 65 66 52 41 43 22 39 65 66 52 18 66 52 41 43 22
39 65 18 65 66 52 41 43 22 39 65 66 52 41 43 22
39 65 66 18 65 66 52 41 43 22 39 65 66 52 41 43 22
39 65 66 18 66 52 41 43 22 39 65 66 52 41 43 22
39 65 66 52 18 66 52 41 43 22 39 65 66 52 41 43 22

60 60 100 27 92 21 16 60 60 100 27 92 21 16
60 60 100 27 92 21 16 60 60 11 60 100 27 92 21 16
60 60 100 27 92 21 16 60 60 100 11 60 100 27 92 21 16
60 60 100 27 92 21 16 60 60 100 11 100 27 92 21 16
60 60 100 27 92 21 16 60 60 100 27 11 100 27 92 21 16
60 60 11 60 100 27 92 21 16 60 60 100 27 92 21 16
60 60 100 11 60 100 27 92 21 16 60 60 100 27 92 21 16
60 60 100 11 100 27 92 21 16 60 60 100 27 92 21 16
60 60 100 27 11 100 27 92 21 16 60 60 100 27 92 21 16

62 91 69 27 40 32 95 62 91 69 27 40 32 95
62 91 69 27 40 32 95 62 91 16 91 69 27 40 32 95
62 91 69 27 40 32 95 62 91 69 16 91 69 27 40 32 95
62 91 69 27 40 32 95 62 91 69 16 69 27 40 32 95
62 91 69 27 40 32 95 62 91 69 27 16 69 27 40 32 95
62 91 16 91 69 27 40 32 95 62 91 69 27 40 32 95
62 91 69 16 91 69 27 40 32 95 62 91 69 27 40 32 95
62 91 69 16 69 27 40 32 95 62 91 69 27 40 32 95
62 91 69 27 16 69 27 40 32 95 62 91 69 27 40 32 95

68 5 15 44 25 14 20 68 5 15 44 25 14 20
68 5 15 44 25 14 20 68 5 8 5 15 44 25 14 20
68 5 15 44 25 14 20 68 5 15 8 5 15 44 25 14 20
68 5 15 44 25 14 20 68 5 15 8 15 44 25 14 20
68 5 15 44 25 14 20 68 5 15 44 8 15 44 25 14 20
68 5 8 5 15 44 25 14 20 68 5 15 44 25 14 20
68 5 15 8 5 15 44 25 14 20 68 5 15 44 25 14 20
68 5 15 8 15 44 25 14 20 68 5 15 44 25 14 20
68 5 15 44 8 15 44 25 14 20 68 5 15 44 25 14 20

13 16 29 33 93 90 75 13 16 29 33 93 90 75
13 16 29 33 93 90 75 13 16 8 16 29 33 93 90 75
13 16 29 33 93 90 75 13 16 29 8 16 29 33 93 90 75
13 16 29 33 93 90 75 13 16 29 8 29 33 93 90 75
13 16 29 33 93 90 75 13 16 29 33 8 29 33 93 90 75
13 16 8 16 29 33 93 90 75 13 16 29 33 93 90 75
13 16 29 8 16 29 33 93 90 75 13 16 29 33 93 90 75
13 16 29 8 29 33 93 90 75 13 16 29 33 93 90 75
13 16 29 33 8 29 33 93 90 75 13 16 29 33 93 90 75

21 22 76 51 90 22 15 21 22 76 51 90 22 15
21 22 76 51 90 22 15 21 22 5 22 76 51 90 22 15
21 22 76 51 90 22 15 21 22 76 5 22 76 51 90 22 15
21 22 76 51 90 22 15 21 22 76 5 76 51 90 22 15
21 22 76 51 90 22 15 21 22 76 51 5 76 51 90 22 15
21 22 5 22 76 51 90 22 15 21 22 76 51 90 22 15
21 22 76 5 22 76 51 90 22 15 21 22 76 51 90 22 15
21 22 76 5 76 51 90 22 15 21 22 76 51 90 22 15
21 22 76 51 5 76 51 90 22 15 21 22 76 51 90 22 15

45 59 83 69 63 51 20 45 59 83 69 63 51 20
45 59 83 69 63 51 20 45 59 14 59 83 69 63 51 20
45 59 83 69 63 51 20 45 59 83 14 59 83 69 63 51 20
45 59 83 69 63 51 20 45 59 83 14 83 69 63 51 20
45 59 83 69 63 51 20 45 59 83 69 14 83 69 63 51 20
45 59 14 59 83 69 63 51 20 45 59 83 69 63 51 20
45 59 83 14 59 83 69 63 51 20 45 59 83 69 63 51 20
45 59 83 14 83 69 63 51 20 45 59 83 69 63 51 20
45 59 83 69 14 83 69 63 51 20 45 59 83 69 63 51 20

92 21 40 62 56 68 23 92 21 40 62 56 68 23
92 21 40 62 56 68 23 92 21 9 21 40 62 56 68 23
92 21 40 62 56 68 23 92 21 40 9 21 40 62 56 68 23
92 21 40 62 56 68 23 92 21 40 9 40 62 56 68 23
92 21 40 62 56 68 23 92 21 40 62 9 40 62 56 68 23
92 21 9 21 40 62 56 68 23 92 21 40 62 56 68 23
92 21 40 9 21 40 62 56 68 23 92 21 40 62 56 68 23
92 21 40 9 40 62 56 68 23 92 21 40 62 56 68 23
92 21 40 62 9 40 62 56 68 23 92 21 40 62 56 68 23

30 16 27 72 17 84 88 30 16 27 72 17 84 88
30 16 27 72 17 84 88 30 16 7 16 27 72 17 84 88
30 16 27 72 17 84 88 30 16 27 7 16 27 72 17 84 88
30 16 27 72 17 84 88 30 16 27 7 27 72 17 84 88
30 16 27 72 17 84 88 30 16 27 72 7 27 72 17 84 88
30 16 7 16 27 72 17 84 88 30 16 27 72 17 84 88
30 16 27 7 16 27 72 17 84 88 30 16 27 72 17 84 88
30 16 27 7 27 72 17 84 88 30 16 27 72 17 84 88
30 16 27 72 7 27 72 17 84 88 30 16 27 72 17 84 88

15 30 33 95 42 6 27 15 30 33 95 42 6 27
15 30 33 95 42 6 27 15 30 13 30 33 95 42 6 27
15 30 33 95 42 6 27 15 30 33 13 30 33 95 42 6 27
15 30 33 95 42 6 27 15 30 33 13 33 95 42 6 27
15 30 33 95 42 6 27 15 30 33 95 13 33 95 42 6 27
15 30 13 30 33 95 42 6 27 15 30 33 95 42 6 27
15 30 33 13 30 33 95 42 6 27 15 30 33 95 42 6 27
15 30 33 13 33 95 42 6 27 15 30 33 95 42 6 27
15 30 33 95 13 33 95 42 6 27 15 30 33 95 42 6 27

20 98 17 28 82 79 42 20 98 17 28 82 79 42
20 98 17 28 82 79 42 20 98 17 98 17 28 82 79 42
20 98 17 28 82 79 42 20 98 17 17 98 17 28 82 79 42
20 98 17 28 82 79 42 20 98 17 17 17 28 82 79 42
20 98 17 28 82 79 42 20 98 17 28 17 17 28 82 79 42
20 98 17 98 17 28 82 79 42 20 98 17 28 82 79 42
20 98 17 17 98 17 28 82 79 42 20 98 17 28 82 79 42
20 98 17 17 17 28 82 79 42 20 98 17 28 82 79 42
20 98 17 28 17 17 28 82 79 42 20 98 17 28 82 79 42

83 92 40 77 17 39 64 83 92 40 77 17 39 64
83 92 40 77 17 39 64 83 92 10 92 40 77 17 39 64
83 92 40 77 17 39 64 83 92 40 10 92 40 77 17 39 64
83 92 40 77 17 39 64 83 92 40 10 40 77 17 39 64
83 92 40 77 17 39 64 83 92 40 77 10 40 77 17 39 64
83 92 10 92 40 77 17 39 64 83 92 40 77 17 39 64
83 92 40 10 92 40 77 17 39 64 83 92 40 77 17 39 64
83 92 40 10 40 77 17 39 64 83 92 40 77 17 39 64
83 92 40 77 10 40 77 17 39 64 83 92 40 77 17 39 64

81 83 47 48 19 79 54 81 83 47 48 19 79 54
81 83 47 48 19 79 54 81 83 6 83 47 48 19 79 54
81 83 47 48 19 79 54 81 83 47 6 83 47 48 19 79 54
81 83 47 48 19 79 54 81 83 47 6 47 48 19 79 54
81 83 47 48 19 79 54 81 83 47 48 6 47 48 19 79 54
81 83 6 83 47 48 19 79 54 81 83 47 48 19 79 54
81 83 47 6 83 47 48 19 79 54 81 83 47 48 19 79 54
81 83 47 6 47 48 19 79 54 81 83 47 48 19 79 54
81 83 47 48 6 47 48 19 79 54 81 83 47 48 19 79 54

38 31 68 74 31 11 25 38 31 68 74 31 11 25
38 31 68 74 31 11 25 38 31 14 31 68 74 31 11 25
38 31 68 74 31 11 25 38 31 68 14 31 68 74 31 11 25
38 31 68 74 31 11 25 38 31 68 14 68 74 31 11 25
38 31 68 74 31 11 25 38 31 68 74 14 68 74 31 11 25
38 31 14 31 68 74 31 11 25 38 31 68 74 31 11 25
38 31 68 14 31 68 74 31 11 25 38 31 68 74 31 11 25
38 31 68 14 68 74 31 11 25 38 31 68 74 31 11 25
38 31 68 74 14 68 74 31 11 25 38 31 68 74 31 11 25

23 66 64 99 80 10 41 23 66 64 99 80 10 41
23 66 64 99 80 10 41 23 66 10 66 64 99 80 10 41
23 66 64 99 80 10 41 23 66 64 10 66 64 99 80 10 41
23 66 64 99 80 10 41 23 66 64 10 64 99 80 10 41
23 66 64 99 80 10 41 23 66 64 99 10 64 99 80 10 41
23 66 10 66 64 99 80 10 41 23 66 64 99 80 10 41
23 66 64 10 66 64 99 80 10 41 23 66 64 99 80 10 41
23 66 64 10 64 99 80 10 41 23 66 64 99 80 10 41
23 66 64 99 10 64 99 80 10 41 23 66 64 99 80 10 41

62 90 92 25 30 99 6 62 90 92 25 30 99 6
62 90 92 25 30 99 6 62 90 20 90 92 25 30 99 6
62 90 92 25 30 99 6 62 90 92 20 90 92 25 30 99 6
62 90 92 25 30 99 6 62 90 92 20 92 25 30 99 6
62 90 92 25 30 99 6 62 90 92 25 20 92 25 30 99 6
62 90 20 90 92 25 30 99 6 62 90 92 25 30 99 6
62 90 92 20 90 92 25 30 99 6 62 90 92 25 30 99 6
62 90 92 20 92 25 30 99 6 62 90 92 25 30 99 6
62 90 92 25 20 92 25 30 99 6 62 90 92 25 30 99 6

90 60 59 83 85 93 56 90 60 59 83 85 93 56
90 60 59 83 85 93 56 90 60 20 60 59 83 85 93 56
90 60 59 83 85 93 56 90 60 59 20 60 59 83 85 93 56
90 60 59 83 85 93 56 90 60 59 20 59 83 85 93 56
90 60 59 83 85 93 56 90 60 59 83 20 59 83 85 93 56
90 60 20 60 59 83 85 93 56 90 60 59 83 85 93 56
90 60 59 20 60 59 83 85 93 56 90 60 59 83 85 93 56
90 60 59 20 59 83 85 93 56 90 60 59 83 85 93 56
90 60 59 83 20 59 83 85 93 56 90 60 59 83 85 93 56

18 76 81 7 9 72 48 18 76 81 7 9 72 48
18 76 81 7 9 72 48 18 76 19 76 81 7 9 72 48
18 76 81 7 9 72 48 18 76 81 19 76 81 7 9 72 48
18 76 81 7 9 72 48 18 76 81 19 81 7 9 72 48
18 76 81 7 9 72 48 18 76 81 7 19 81 7 9 72 48
18 76 19 76 81 7 9 72 48 18 76 81 7 9 72 48
18 76 81 19 76 81 7 9 72 48 18 76 81 7 9 72 48
18 76 81 19 81 7 9 72 48 18 76 81 7 9 72 48
18 76 81 7 19 81 7 9 72 48 18 76 81 7 9 72 48

18 68 99 65 8 78 88 18 68 99 65 8 78 88
18 68 99 65 8 78 88 18 68 18 68 99 65 8 78 88
18 68 99 65 8 78 88 18 68 99 18 68 99 65 8 78 88
18 68 99 65 8 78 88 18 68 99 18 99 65 8 78 88
18 68 99 65 8 78 88 18 68 99 65 18 99 65 8 78 88
18 68 18 68 99 65 8 78 88 18 68 99 65 8 78 88
18 68 99 18 68 99 65 8 78 88 18 68 99 65 8 78 88
18 68 99 18 99 65 8 78 88 18 68 99 65 8 78 88
18 68 99 65 18 99 65 8 78 88 18 68 99 65 8 78 88

6 88 64 76 14 72 16 6 88 64 76 14 72 16
6 88 64 76 14 72 16 6 88 10 88 64 76 14 72 16
6 88 64 76 14 72 16 6 88 64 10 88 64 76 14 72 16
6 88 64 76 14 72 16 6 88 64 10 64 76 14 72 16
6 88 64 76 14 72 16 6 88 64 76 10 64 76 14 72 16
6 88 10 88 64 76 14 72 16 6 88 64 76 14 72 16
6 88 64 10 88 64 76 14 72 16 6 88 64 76 14 72 16
6 88 64 10 64 76 14 72 16 6 88 64 76 14 72 16
6 88 64 76 10 64 76 14 72 16 6 88 64 76 14 72 16

16 15 96 75 33 59 98 16 15 96 75 33 59 98
16 15 96 75 33 59 98 16 15 6 15 96 75 33 59 98
16 15 96 75 33 59 98 16 15 96 6 15 96 75 33 59 98
16 15 96 75 33 59 98 16 15 96 6 96 75 33 59 98
16 15 96 75 33 59 98 16 15 96 75 6 96 75 33 59 98
16 15 6 15 96 75 33 59 98 16 15 96 75 33 59 98
16 15 96 6 15 96 75 33 59 98 16 15 96 75 33 59 98
16 15 96 6 96 75 33 59 98 16 15 96 75 33 59 98
16 15 96 75 6 96 75 33 59 98 16 15 96 75 33 59 98

72 20 44 38 30 94 23 72 20 44 38 30 94 23
72 20 44 38 30 94 23 72 20 9 20 44 38 30 94 23
72 20 44 38 30 94 23 72 20 44 9 20 44 38 30 94 23
72 20 44 38 30 94 23 72 20 44 9 44 38 30 94 23
72 20 44 38 30 94 23 72 20 44 38 9 44 38 30 94 23
72 20 9 20 44 38 30 94 23 72 20 44 38 30 94 23
72 20 44 9 20 44 38 30 94 23 72 20 44 38 30 94 23
72 20 44 9 44 38 30 94 23 72 20 44 38 30 94 23
72 20 44 38 9 44 38 30 94 23 72 20 44 38 30 94 23

48 68 59 86 70 14 23 48 68 59 86 70 14 23
48 68 59 86 70 14 23 48 68 16 68 59 86 70 14 23
48 68 59 86 70 14 23 48 68 59 16 68 59 86 70 14 23
48 68 59 86 70 14 23 48 68 59 16 59 86 70 14 23
48 68 59 86 70 14 23 48 68 59 86 16 59 86 70 14 23
48 68 16 68 59 86 70 14 23 48 68 59 86 70 14 23
48 68 59 16 68 59 86 70 14 23 48 68 59 86 70 14 23
48 68 59 16 59 86 70 14 23 48 68 59 86 70 14 23
48 68 59 86 16 59 86 70 14 23 48 68 59 86 70 14 23

54 26 95 71 69 81 68 54 26 95 71 69 81 68
54 26 95 71 69 81 68 54 26 13 26 95 71 69 81 68
54 26 95 71 69 81 68 54 26 95 13 26 95 71 69 81 68
54 26 95 71 69 81 68 54 26 95 13 95 71 69 81 68
54 26 95 71 69 81 68 54 26 95 71 13 95 71 69 81 68
54 26 13 26 95 71 69 81 68 54 26 95 71 69 81 68
54 26 95 13 26 95 71 69 81 68 54 26 95 71 69 81 68
54 26 95 13 95 71 69 81 68 54 26 95 71 69 81 68
54 26 95 71 13 95 71 69 81 68 54 26 95 71 69 81 68

48 6 36 41 78 99 12 48 6 36 41 78 99 12
48 6 36 41 78 99 12 48 6 6 6 36 41 78 99 12
48 6 36 41 78 99 12 48 6 36 6 6 36 41 78 99 12
48 6 36 41 78 99 12 48 6 36 6 36 41 78 99 12
48 6 36 41 78 99 12 48 6 36 41 6 36 41 78 99 12
48 6 6 6 36 41 78 99 12 48 6 36 41 78 99 12
48 6 36 6 6 36 41 78 99 12 48 6 36 41 78 99 12
48 6 36 6 36 41 78 99 12 48 6 36 41 78 99 12
48 6 36 41 6 36 41 78 99 12 48 6 36 41 78 99 12

53 77 67 91 7 92 39 53 77 67 91 7 92 39
53 77 67 91 7 92 39 53 77 18 77 67 91 7 92 39
53 77 67 91 7 92 39 53 77 67 18 77 67 91 7 92 39
53 77 67 91 7 92 39 53 77 67 18 67 91 7 92 39
53 77 67 91 7 92 39 53 77 67 91 18 67 91 7 92 39
53 77 18 77 67 91 7 92 39 53 77 67 91 7 92 39
53 77 67 18 77 67 91 7 92 39 53 77 67 91 7 92 39
53 77 67 18 67 91 7 92 39 53 77 67 91 7 92 39
53 77 67 91 18 67 91 7 92 39 53 77 67 91 7 92 39

79 15 16 16 58 56 5 79 15 16 16 58 56 5
79 15 16 16 58 56 5 79 15 5 15 16 16 58 56 5
79 15 16 16 58 56 5 79 15 16 5 15 16 16 58 56 5
79 15 16 16 58 56 5 79 15 16 5 16 16 58 56 5
79 15 16 16 58 56 5 79 15 16 16 5 16 16 58 56 5
79 15 5 15 16 16 58 56 5 79 15 16 16 58 56 5
79 15 16 5 15 16 16 58 56 5 79 15 16 16 58 56 5
79 15 16 5 16 16 58 56 5 79 15 16 16 58 56 5
79 15 16 16 5 16 16 58 56 5 79 15 16 16 58 56 5

92 9 57 30 18 17 18 92 9 57 30 18 17 18
92 9 57 30 18 17 18 92 9 6 9 57 30 18 17 18
92 9 57 30 18 17 18 92 9 57 6 9 57 30 18 17 18
92 9 57 30 18 17 18 92 9 57 6 57 30 18 17 18
92 9 57 30 18 17 18 92 9 57 30 6 57 30 18 17 18
92 9 6 9 57 30 18 17 18 92 9 57 30 18 17 18
92 9 57 6 9 57 30 18 17 18 92 9 57 30 18 17 18
92 9 57 6 57 30 18 17 18 92 9 57 30 18 17 18
92 9 57 30 6 57 30 18 17 18 92 9 57 30 18 17 18

34 84 22 87 47 79 99 34 84 22 87 47 79 99
34 84 22 87 47 79 99 34 84 6 84 22 87 47 79 99
34 84 22 87 47 79 99 34 84 22 6 84 22 87 47 79 99
34 84 22 87 47 79 99 34 84 22 6 22 87 47 79 99
34 84 22 87 47 79 99 34 84 22 87 6 22 87 47 79 99
34 84 6 84 22 87 47 79 99 34 84 22 87 47 79 99
34 84 22 6 84 22 87 47 79 99 34 84 22 87 47 79 99
34 84 22 6 22 87 47 79 99 34 84 22 87 47 79 99
34 84 22 87 6 22 87 47 79 99 34 84 22 87 47 79 99

80 97 33 70 65 47 13 80 97 33 70 65 47 13
80 97 33 70 65 47 13 80 97 15 97 33 70 65 47 13
80 97 33 70 65 47 13 80 97 33 15 97 33 70 65 47 13
80 97 33 70 65 47 13 80 97 33 15 33 70 65 47 13
80 97 33 70 65 47 13 80 97 33 70 15 33 70 65 47 13
80 97 15 97 33 70 65 47 13 80 97 33 70 65 47 13
80 97 33 15 97 33 70 65 47 13 80 97 33 70 65 47 13
80 97 33 15 33 70 65 47 13 80 97 33 70 65 47 13
80 97 33 70 15 33 70 65 47 13 80 97 33 70 65 47 13

50 28 17 73 98 37 30 50 28 17 73 98 37 30
50 28 17 73 98 37 30 50 28 9 28 17 73 98 37 30
50 28 17 73 98 37 30 50 28 17 9 28 17 73 98 37 30
50 28 17 73 98 37 30 50 28 17 9 17 73 98 37 30
50 28 17 73 98 37 30 50 28 17 73 9 17 73 98 37 30
50 28 9 28 17 73 98 37 30 50 28 17 73 98 37 30
50 28 17 9 28 17 73 98 37 30 50 28 17 73 98 37 30
50 28 17 9 17 73 98 37 30 50 28 17 73 98 37 30
50 28 17 73 9 17 73 98 37 30 50 28 17 73 98 37 30

6 34 81 38 85 95 8 6 34 81 38 85 95 8
6 34 81 38 85 95 8 6 34 8 34 81 38 85 95 8
6 34 81 38 85 95 8 6 34 81 8 34 81 38 85 95 8
6 34 81 38 85 95 8 6 34 81 8 81 38 85 95 8
6 34 81 38 85 95 8 6 34 81 38 8 81 38 85 95 8
6 34 8 34 81 38 85 95 8 6 34 81 38 85 95 8
6 34 81 8 34 81 38 85 95 8 6 34 81 38 85 95 8
6 34 81 8 81 38 85 95 8 6 34 81 38 85 95 8
6 34 81 38 8 81 38 85 95 8 6 34 81 38 85 95 8

76 8 73 48 57 33 63 76 8 73 48 57 33 63
76 8 73 48 57 33 63 76 8 13 8 73 48 57 33 63
76 8 73 48 57 33 63 76 8 73 13 8 73 48 57 33 63
76 8 73 48 57 33 63 76 8 73 13 73 48 57 33 63
76 8 73 48 57 33 63 76 8 73 48 13 73 48 57 33 63
76 8 13 8 73 48 57 33 63 76 8 73 48 57 33 63
76 8 73 13 8 73 48 57 33 63 76 8 73 48 57 33 63
76 8 73 13 73 48 57 33 63 76 8 73 48 57 33 63
76 8 73 48 13 73 48 57 33 63 76 8 73 48 57 33 63

54 78 29 55 41 37 85 54 78 29 55 41 37 85
54 78 29 55 41 37 85 54 78 12 78 29 55 41 37 85
54 78 29 55 41 37 85 54 78 29 12 78 29 55 41 37 85
54 78 29 55 41 37 85 54 78 29 12 29 55 41 37 85
54 78 29 55 41 37 85 54 78 29 55 12 29 55 41 37 85
54 78 12 78 29 55 41 37 85 54 78 29 55 41 37 85
54 78 29 12 78 29 55 41 37 85 54 78 29 55 41 37 85
54 78 29 12 29 55 41 37 85 54 78 29 55 41 37 85
54 78 29 55 12 29 55 41 37 85 54 78 29 55 41 37 85

47 45 24 58 95 78 35 47 45 24 58 95 78 35
47 45 24 58 95 78 35 47 45 12 45 24 58 95 78 35
47 45 24 58 95 78 35 47 45 24 12 45 24 58 95 78 35
47 45 24 58 95 78 35 47 45 24 12 24 58 95 78 35
47 45 24 58 95 78 35 47 45 24 58 12 24 58 95 78 35
47 45 12 45 24 58 95 78 35 47 45 24 58 95 78 35
47 45 24 12 45 24 58 95 78 35 47 45 24 58 95 78 35
47 45 24 12 24 58 95 78 35 47 45 24 58 95 78 35
47 45 24 58 12 24 58 95 78 35 47 45 24 58 95 78 35

98 23 54 66 57 84 58 98 23 54 66 57 84 58
98 23 54 66 57 84 58 98 23 18 23 54 66 57 84 58
98 23 54 66 57 84 58 98 23 54 18 23 54 66 57 84 58
98 23 54 66 57 84 58 98 23 54 18 54 66 57 84 58
98 23 54 66 57 84 58 98 23 54 66 18 54 66 57 84 58
98 23 18 23 54 66 57 84 58 98 23 54 66 57 84 58
98 23 54 18 23 54 66 57 84 58 98 23 54 66 57 84 58
98 23 54 18 54 66 57 84 58 98 23 54 66 57 84 58
98 23 54 66 18 54 66 57 84 58 98 23 54 66 57 84 58

61 100 29 54 21 27 87 61 100 29 54 21 27 87
61 100 29 54 21 27 87 61 100 9 100 29 54 21 27 87
61 100 29 54 21 27 87 61 100 29 9 100 29 54 21 27 87
61 100 29 54 21 27 87 61 100 29 9 29 54 21 27 87
61 100 29 54 21 27 87 61 100 29 54 9 29 54 21 27 87
61 100 9 100 29 54 21 27 87 61 100 29 54 21 27 87
61 100 29 9 100 29 54 21 27 87 61 100 29 54 21 27 87
61 100 29 9 29 54 21 27 87 61 100 29 54 21 27 87
61 100 29 54 9 29 54 21 27 87 61 100 29 54 21 27 87

10 79 93 30 24 47 66 10 79 93 30 24 47 66
10 79 93 30 24 47 66 10 79 20 79 93 30 24 47 66
10 79 93 30 24 47 66 10 79 93 20 79 93 30 24 47 66
10 79 93 30 24 47 66 10 79 93 20 93 30 24 47 66
10 79 93 30 24 47 66 10 79 93 30 20 93 30 24 47 66
10 79 20 79 93 30 24 47 66 10 79 93 30 24 47 66
10 79 93 20 79 93 30 24 47 66 10 79 93 30 24 47 66
10 79 93 20 93 30 24 47 66 10 79 93 30 24 47 66
10 79 93 30 20 93 30 24 47 66 10 79 93 30 24 47 66

83 52 62 65 38 72 87 83 52 62 65 38 72 87
83 52 62 65 38 72 87 83 52 12 52 62 65 38 72 87
83 52 62 65 38 72 87 83 52 62 12 52 62 65 38 72 87
83 52 62 65 38 72 87 83 52 62 12 62 65 38 72 87
83 52 62 65 38 72 87 83 52 62 65 12 62 65 38 72 87
83 52 12 52 62 65 38 72 87 83 52 62 65 38 72 87
83 52 62 12 52 62 65 38 72 87 83 52 62 65 38 72 87
83 52 62 12 62 65 38 72 87 83 52 62 65 38 72 87
83 52 62 65 12 62 65 38 72 87 83 52 62 65 38 72 87

8 29 5 43 96 39 97 8 29 5 43 96 39 97
8 29 5 43 96 39 97 8 29 7 29 5 43 96 39 97
8 29 5 43 96 39 97 8 29 5 7 29 5 43 96 39 97
8 29 5 43 96 39 97 8 29 5 7 5 43 96 39 97
8 29 5 43 96 39 97 8 29 5 43 7 5 43 96 39 97
8 29 7 29 5 43 96 39 97 8 29 5 43 96 39 97
8 29 5 7 29 5 43 96 39 97 8 29 5 43 96 39 97
8 29 5 7 5 43 96 39 97 8 29 5 43 96 39 97
8 29 5 43 7 5 43 96 39 97 8 29 5 43 96 39 97

31 18 61 95 40 58 88 31 18 61 95 40 58 88
31 18 61 95 40 58 88 31 18 7 18 61 95 40 58 88
31 18 61 95 40 58 88 31 18 61 7 18 61 95 40 58 88
31 18 61 95 40 58 88 31 18 61 7 61 95 40 58 88
31 18 61 95 40 58 88 31 18 61 95 7 61 95 40 58 88
31 18 7 18 61 95 40 58 88 31 18 61 95 40 58 88
31 18 61 7 18 61 95 40 58 88 31 18 61 95 40 58 88
31 18 61 7 61 95 40 58 88 31 18 61 95 40 58 88
31 18 61 95 7 61 95 40 58 88 31 18 61 95 40 58 88

5 10 44 46 71 35 69 5 10 44 46 71 35 69
5 10 44 46 71 35 69 5 10 15 10 44 46 71 35 69
5 10 44 46 71 35 69 5 10 44 15 10 44 46 71 35 69
5 10 44 46 71 35 69 5 10 44 15 44 46 71 35 69
5 10 44 46 71 35 69 5 10 44 46 15 44 46 71 35 69
5 10 15 10 44 46 71 35 69 5 10 44 46 71 35 69
5 10 44 15 10 44 46 71 35 69 5 10 44 46 71 35 69
5 10 44 15 44 46 71 35 69 5 10 44 46 71 35 69
5 10 44 46 15 44 46 71 35 69 5 10 44 46 71 35 69

29 35 91 30 92 74 85 29 35 91 30 92 74 85
29 35 91 30 92 74 85 29 35 16 35 91 30 92 74 85
29 35 91 30 92 74 85 29 35 91 16 35 91 30 92 74 85
29 35 91 30 92 74 85 29 35 91 16 91 30 92 74 85
29 35 91 30 92 74 85 29 35 91 30 16 91 30 92 74 85
29 35 16 35 91 30 92 74 85 29 35 91 30 92 74 85
29 35 91 16 35 91 30 92 74 85 29 35 91 30 92 74 85
29 35 91 16 91 30 92 74 85 29 35 91 30 92 74 85
29 35 91 30 16 91 30 92 74 85 29 35 91 30 92 74 85

35 32 75 17 71 72 34 35 32 75 17 71 72 34
35 32 75 17 71 72 34 35 32 10 32 75 17 71 72 34
35 32 75 17 71 72 34 35 32 75 10 32 75 17 71 72 34
35 32 75 17 71 72 34 35 32 75 10 75 17 71 72 34
35 32 75 17 71 72 34 35 32 75 17 10 75 17 71 72 34
35 32 10 32 75 17 71 72 34 35 32 75 17 71 72 34
35 32 75 10 32 75 17 71 72 34 35 32 75 17 71 72 34
35 32 75 10 75 17 71 72 34 35 32 75 17 71 72 34
35 32 75 17 10 75 17 71 72 34 35 32 75 17 71 72 34

12 24 62 88 70 63 17 12 24 62 88 70 63 17
12 24 62 88 70 63 17 12 24 15 24 62 88 70 63 17
12 24 62 88 70 63 17 12 24 62 15 24 62 88 70 63 17
12 24 62 88 70 63 17 12 24 62 15 62 88 70 63 17
12 24 62 88 70 63 17 12 24 62 88 15 62 88 70 63 17
12 24 15 24 62 88 70 63 17 12 24 62 88 70 63 17
12 24 62 15 24 62 88 70 63 17 12 24 62 88 70 63 17
12 24 62 15 62 88 70 63 17 12 24 62 88 70 63 17
12 24 62 88 15 62 88 70 63 17 12 24 62 88 70 63 17

68 83 30 78 8 32 56 68 83 30 78 8 32 56
68 83 30 78 8 32 56 68 83 5 83 30 78 8 32 56
68 83 30 78 8 32 56 68 83 30 5 83 30 78 8 32 56
68 83 30 78 8 32 56 68 83 30 5 30 78 8 32 56
68 83 30 78 8 32 56 68 83 30 78 5 30 78 8 32 56
68 83 5 83 30 78 8 32 56 68 83 30 78 8 32 56
68 83 30 5 83 30 78 8 32 56 68 83 30 78 8 32 56
68 83 30 5 30 78 8 32 56 68 83 30 78 8 32 56
68 83 30 78 5 30 78 8 32 56 68 83 30 78 8 32 56

56 82 50 59 30 96 63 56 82 50 59 30 96 63
56 82 50 59 30 96 63 56 82 16 82 50 59 30 96 63
56 82 50 59 30 96 63 56 82 50 16 82 50 59 30 96 63
56 82 50 59 30 96 63 56 82 50 16 50 59 30 96 63
56 82 50 59 30 96 63 56 82 50 59 16 50 59 30 96 63
56 82 16 82 50 59 30 96 63 56 82 50 59 30 96 63
56 82 50 16 82 50 59 30 96 63 56 82 50 59 30 96 63
56 82 50 16 50 59 30 96 63 56 82 50 59 30 96 63
56 82 50 59 16 50 59 30 96 63 56 82 50 59 30 96 63

99 58 54 29 89 18 96 99 58 54 29 89 18 96
99 58 54 29 89 18 96 99 58 16 58 54 29 89 18 96
99 58 54 29 89 18 96 99 58 54 16 58 54 29 89 18 96
99 58 54 29 89 18 96 99 58 54 16 54 29 89 18 96
99 58 54 29 89 18 96 99 58 54 29 16 54 29 89 18 96
99 58 16 58 54 29 89 18 96 99 58 54 29 89 18 96
99 58 54 16 58 54 29 89 18 96 99 58 54 29 89 18 96
99 58 54 16 54 29 89 18 96 99 58 54 29 89 18 96
99 58 54 29 16 54 29 89 18 96 99 58 54 29 89 18 96

46 31 6 58 33 97 66 46 31 6 58 33 97 66
46 31 6 58 33 97 66 46 31 20 31 6 58 33 97 66
46 31 6 58 33 97 66 46 31 6 20 31 6 58 33 97 66
46 31 6 58 33 97 66 46 31 6 20 6 58 33 97 66
46 31 6 58 33 97 66 46 31 6 58 20 6 58 33 97 66
46 31 20 31 6 58 33 97 66 46 31 6 58 33 97 66
46 31 6 20 31 6 58 33 97 66 46 31 6 58 33 97 66
46 31 6 20 6 58 33 97 66 46 31 6 58 33 97 66
46 31 6 58 20 6 58 33 97 66 46 31 6 58 33 97 66

71 21 32 82 48 54 53 71 21 32 82 48 54 53
71 21 32 82 48 54 53 71 21 16 21 32 82 48 54 53
71 21 32 82 48 54 53 71 21 32 16 21 32 82 48 54 53
71 21 32 82 48 54 53 71 21 32 16 32 82 48 54 53
71 21 32 82 48 54 53 71 21 32 82 16 32 82 48 54 53
71 21 16 21 32 82 48 54 53 71 21 32 82 48 54 53
71 21 32 16 21 32 82 48 54 53 71 21 32 82 48 54 53
71 21 32 16 32 82 48 54 53 71 21 32 82 48 54 53
71 21 32 82 16 32 82 48 54 53 71 21 32 82 48 54 53

51 17 88 29 7 28 11 51 17 88 29 7 28 11
51 17 88 29 7 28 11 51 17 16 17 88 29 7 28 11
51 17 88 29 7 28 11 51 17 88 16 17 88 29 7 28 11
51 17 88 29 7 28 11 51 17 88 16 88 29 7 28 11
51 17 88 29 7 28 11 51 17 88 29 16 88 29 7 28 11
51 17 16 17 88 29 7 28 11 51 17 88 29 7 28 11
51 17 88 16 17 88 29 7 28 11 51 17 88 29 7 28 11
51 17 88 16 88 29 7 28 11 51 17 88 29 7 28 11
51 17 88 29 16 88 29 7 28 11 51 17 88 29 7 28 11

48 69 14 79 54 27 46 48 69 14 79 54 27 46
48 69 14 79 54 27 46 48 69 8 69 14 79 54 27 46
48 69 14 79 54 27 46 48 69 14 8 69 14 79 54 27 46
48 69 14 79 54 27 46 48 69 14 8 14 79 54 27 46
48 69 14 79 54 27 46 48 69 14 79 8 14 79 54 27 46
48 69 8 69 14 79 54 27 46 48 69 14 79 54 27 46
48 69 14 8 69 14 79 54 27 46 48 69 14 79 54 27 46
48 69 14 8 14 79 54 27 46 48 69 14 79 54 27 46
48 69 14 79 8 14 79 54 27 46 48 69 14 79 54 27 46

78 28 11 65 31 97 46 78 28 11 65 31 97 46
78 28 11 65 31 97 46 78 28 14 28 11 65 31 97 46
78 28 11 65 31 97 46 78 28 11 14 28 11 65 31 97 46
78 28 11 65 31 97 46 78 28 11 14 11 65 31 97 46
78 28 11 65 31 97 46 78 28 11 65 14 11 65 31 97 46
78 28 14 28 11 65 31 97 46 78 28 11 65 31 97 46
78 28 11 14 28 11 65 31 97 46 78 28 11 65 31 97 46
78 28 11 14 11 65 31 97 46 78 28 11 65 31 97 46
78 28 11 65 14 11 65 31 97 46 78 28 11 65 31 97 46

20 45 95 83 43 48 98 20 45 95 83 43 48 98
20 45 95 83 43 48 98 20 45 19 45 95 83 43 48 98
20 45 95 83 43 48 98 20 45 95 19 45 95 83 43 48 98
20 45 95 83 43 48 98 20 45 95 19 95 83 43 48 98
20 45 95 83 43 48 98 20 45 95 83 19 95 83 43 48 98
20 45 19 45 95 83 43 48 98 20 45 95 83 43 48 98
20 45 95 19 45 95 83 43 48 98 20 45 95 83 43 48 98
20 45 95 19 95 83 43 48 98 20 45 95 83 43 48 98
20 45 95 83 19 95 83 43 48 98 20 45 95 83 43 48 98

15 40 28 61 67 14 51 15 40 28 61 67 14 51
15 40 28 61 67 14 51 15 40 12 40 28 61 67 14 51
15 40 28 61 67 14 51 15 40 28 12 40 28 61 67 14 51
15 40 28 61 67 14 51 15 40 28 12 28 61 67 14 51
15 40 28 61 67 14 51 15 40 28 61 12 28 61 67 14 51
15 40 12 40 28 61 67 14 51 15 40 28 61 67 14 51
15 40 28 12 40 28 61 67 14 51 15 40 28 61 67 14 51
15 40 28 12 28 61 67 14 51 15 40 28 61 67 14 51
15 40 28 61 12 28 61 67 14 51 15 40 28 61 67 14 51

34 86 49 34 88 61 86 34 86 49 34 88 61 86
34 86 49 34 88 61 86 34 86 20 86 49 34 88 61 86
34 86 49 34 88 61 86 34 86 49 20 86 49 34 88 61 86
34 86 49 34 88 61 86 34 86 49 20 49 34 88 61 86
34 86 49 34 88 61 86 34 86 49 34 20 49 34 88 61 86
34 86 20 86 49 34 88 61 86 34 86 49 34 88 61 86
34 86 49 20 86 49 34 88 61 86 34 86 49 34 88 61 86
34 86 49 20 49 34 88 61 86 34 86 49 34 88 61 86
34 86 49 34 20 49 34 88 61 86 34 86 49 34 88 61 86

13 22 55 35 67 83 45 13 22 55 35 67 83 45
13 22 55 35 67 83 45 13 22 10 22 55 35 67 83 45
13 22 55 35 67 83 45 13 22 55 10 22 55 35 67 83 45
13 22 55 35 67 83 45 13 22 55 10 55 35 67 83 45
13 22 55 35 67 83 45 13 22 55 35 10 55 35 67 83 45
13 22 10 22 55 35 67 83 45 13 22 55 35 67 83 45
13 22 55 10 22 55 35 67 83 45 13 22 55 35 67 83 45
13 22 55 10 55 35 67 83 45 13 22 55 35 67 83 45
13 22 55 35 10 55 35 67 83 45 13 22 55 35 67 83 45

62 22 97 77 50 82 91 62 22 97 77 50 82 91
62 22 97 77 50 82 91 62 22 10 22 97 77 50 82 91
62 22 97 77 50 82 91 62 22 97 10 22 97 77 50 82 91
62 22 97 77 50 82 91 62 22 97 10 97 77 50 82 91
62 22 97 77 50 82 91 62 22 97 77 10 97 77 50 82 91
62 22 10 22 97 77 50 82 91 62 22 97 77 50 82 91
62 22 97 10 22 97 77 50 82 91 62 22 97 77 50 82 91
62 22 97 10 97 77 50 82 91 62 22 97 77 50 82 91
62 22 97 77 10 97 77 50 82 91 62 22 97 77 50 82 91

28 61 8 83 85 6 81 28 61 8 83 85 6 81
28 61 8 83 85 6 81 28 61 8 61 8 83 85 6 81
28 61 8 83 85 6 81 28 61 8 8 61 8 83 85 6 81
28 61 8 83 85 6 81 28 61 8 8 8 83 85 6 81
28 61 8 83 85 6 81 28 61 8 83 8 8 83 85 6 81
28 61 8 61 8 83 85 6 81 28 61 8 83 85 6 81
28 61 8 8 61 8 83 85 6 81 28 61 8 83 85 6 81
28 61 8 8 8 83 85 6 81 28 61 8 83 85 6 81
28 61 8 83 8 8 83 85 6 81 28 61 8 83 85 6 81

94 33 17 84 59 22 41 94 33 17 84 59 22 41
94 33 17 84 59 22 41 94 33 5 33 17 84 59 22 41
94 33 17 84 59 22 41 94 33 17 5 33 17 84 59 22 41
94 33 17 84 59 22 41 94 33 17 5 17 84 59 22 41
94 33 17 84 59 22 41 94 33 17 84 5 17 84 59 22 41
94 33 5 33 17 84 59 22 41 94 33 17 84 59 22 41
94 33 17 5 33 17 84 59 22 41 94 33 17 84 59 22 41
94 33 17 5 17 84 59 22 41 94 33 17 84 59 22 41
94 33 17 84 5 17 84 59 22 41 94 33 17 84 59 22 41

52 23 57 88 33 61 40 52 23 57 88 33 61 40
52 23 57 88 33 61 40 52 23 8 23 57 88 33 61 40
52 23 57 88 33 61 40 52 23 57 8 23 57 88 33 61 40
52 23 57 88 33 61 40 52 23 57 8 57 88 33 61 40
52 23 57 88 33 61 40 52 23 57 88 8 57 88 33 61 40
52 23 8 23 57 88 33 61 40 52 23 57 88 33 61 40
52 23 57 8 23 57 88 33 61 40 52 23 57 88 33 61 40
52 23 57 8 57 88 33 61 40 52 23 57 88 33 61 40
52 23 57 88 8 57 88 33 61 40 52 23 57 88 33 61 40

36 55 5 75 23 41 39 36 55 5 75 23 41 39
36 55 5 75 23 41 39 36 55 9 55 5 75 23 41 39
36 55 5 75 23 41 39 36 55 5 9 55 5 75 23 41 39
36 55 5 75 23 41 39 36 55 5 9 5 75 23 41 39
36 55 5 75 23 41 39 36 55 5 75 9 5 75 23 41 39
36 55 9 55 5 75 23 41 39 36 55 5 75 23 41 39
36 55 5 9 55 5 75 23 41 39 36 55 5 75 23 41 39
36 55 5 9 5 75 23 41 39 36 55 5 75 23 41 39
36 55 5 75 9 5 75 23 41 39 36 55 5 75 23 41 39

23 65 19 78 33 45 96 23 65 19 78 33 45 96
23 65 19 78 33 45 96 23 65 15 65 19 78 33 45 96
23 65 19 78 33 45 96 23 65 19 15 65 19 78 33 45 96
23 65 19 78 33 45 96 23 65 19 15 19 78 33 45 96
23 65 19 78 33 45 96 23 65 19 78 15 19 78 33 45 96
23 65 15 65 19 78 33 45 96 23 65 19 78 33 45 96
23 65 19 15 65 19 78 33 45 96 23 65 19 78 33 45 96
23 65 19 15 19 78 33 45 96 23 65 19 78 33 45 96
23 65 19 78 15 19 78 33 45 96 23 65 19 78 33 45 96

63 18 87 78 86 77 82 63 18 87 78 86 77 82
63 18 87 78 86 77 82 63 18 14 18 87 78 86 77 82
63 18 87 78 86 77 82 63 18 87 14 18 87 78 86 77 82
63 18 87 78 86 77 82 63 18 87 14 87 78 86 77 82
63 18 87 78 86 77 82 63 18 87 78 14 87 78 86 77 82
63 18 14 18 87 78 86 77 82 63 18 87 78 86 77 82
63 18 87 14 18 87 78 86 77 82 63 18 87 78 86 77 82
63 18 87 14 87 78 86 77 82 63 18 87 78 86 77 82
63 18 87 78 14 87 78 86 77 82 63 18 87 78 86 77 82

10 53 57 6 12 59 54 10 53 57 6 12 59 54
10 53 57 6 12 59 54 10 53 8 53 57 6 12 59 54
10 53 57 6 12 59 54 10 53 57 8 53 57 6 12 59 54
10 53 57 6 12 59 54 10 53 57 8 57 6 12 59 54
10 53 57 6 12 59 54 10 53 57 6 8 57 6 12 59 54
10 53 8 53 57 6 12 59 54 10 53 57 6 12 59 54
10 53 57 8 53 57 6 12 59 54 10 53 57 6 12 59 54
10 53 57 8 57 6 12 59 54 10 53 57 6 12 59 54
10 53 57 6 8 57 6 12 59 54 10 53 57 6 12 59 54

44 27 38 22 78 15 43 44 27 38 22 78 15 43
44 27 38 22 78 15 43 44 27 7 27 38 22 78 15 43
44 27 38 22 78 15 43 44 27 38 7 27 38 22 78 15 43
44 27 38 22 78 15 43 44 27 38 7 38 22 78 15 43
44 27 38 22 78 15 43 44 27 38 22 7 38 22 78 15 43
44 27 7 27 38 22 78 15 43 44 27 38 22 78 15 43
44 27 38 7 27 38 22 78 15 43 44 27 38 22 78 15 43
44 27 38 7 38 22 78 15 43 44 27 38 22 78 15 43
44 27 38 22 7 38 22 78 15 43 44 27 38 22 78 15 43

15 24 63 55 62 26 18 15 24 63 55 62 26 18
15 24 63 55 62 26 18 15 24 19 24 63 55 62 26 18
15 24 63 55 62 26 18 15 24 63 19 24 63 55 62 26 18
15 24 63 55 62 26 18 15 24 63 19 63 55 62 26 18
15 24 63 55 62 26 18 15 24 63 55 19 63 55 62 26 18
15 24 19 24 63 55 62 26 18 15 24 63 55 62 26 18
15 24 63 19 24 63 55 62 26 18 15 24 63 55 62 26 18
15 24 63 19 63 55 62 26 18 15 24 63 55 62 26 18
15 24 63 55 19 63 55 62 26 18 15 24 63 55 62 26 18

24 99 36 10 22 30 9 24 99 36 10 22 30 9
24 99 36 10 22 30 9 24 99 8 99 36 10 22 30 9
24 99 36 10 22 30 9 24 99 36 8 99 36 10 22 30 9
24 99 36 10 22 30 9 24 99 36 8 36 10 22 30 9
24 99 36 10 22 30 9 24 99 36 10 8 36 10 22 30 9
24 99 8 99 36 10 22 30 9 24 99 36 10 22 30 9
24 99 36 8 99 36 10 22 30 9 24 99 36 10 22 30 9
24 99 36 8 36 10 22 30 9 24 99 36 10 22 30 9
24 99 36 10 8 36 10 22 30 9 24 99 36 10 22 30 9

39 81 59 11 5 89 38 39 81 59 11 5 89 38
39 81 59 11 5 89 38 39 81 8 81 59 11 5 89 38
39 81 59 11 5 89 38 39 81 59 8 81 59 11 5 89 38
39 81 59 11 5 89 38 39 81 59 8 59 11 5 89 38
39 81 59 11 5 89 38 39 81 59 11 8 59 11 5 89 38
39 81 8 81 59 11 5 89 38 39 81 59 11 5 89 38
39 81 59 8 81 59 11 5 89 38 39 81 59 11 5 89 38
39 81 59 8 59 11 5 89 38 39 81 59 11 5 89 38
39 81 59 11 8 59 11 5 89 38 39 81 59 11 5 89 38

82 88 13 34 61 26 67 82 88 13 34 61 26 67
82 88 13 34 61 26 67 82 88 20 88 13 34 61 26 67
82 88 13 34 61 26 67 82 88 13 20 88 13 34 61 26 67
82 88 13 34 61 26 67 82 88 13 20 13 34 61 26 67
82 88 13 34 61 26 67 82 88 13 34 20 13 34 61 26 67
82 88 20 88 13 34 61 26 67 82 88 13 34 61 26 67
82 88 13 20 88 13 34 61 26 67 82 88 13 34 61 26 67
82 88 13 20 13 34 61 26 67 82 88 13 34 61 26 67
82 88 13 34 20 13 34 61 26 67 82 88 13 34 61 26 67

18 60 46 43 21 28 43 18 60 46 43 21 28 43
18 60 46 43 21 28 43 18 60 13 60 46 43 21 28 43
18 60 46 43 21 28 43 18 60 46 13 60 46 43 21 28 43
18 60 46 43 21 28 43 18 60 46 13 46 43 21 28 43
18 60 46 43 21 28 43 18 60 46 43 13 46 43 21 28 43
18 60 13 60 46 43 21 28 43 18 60 46 43 21 28 43
18 60 46 13 60 46 43 21 28 43 18 60 46 43 21 28 43
18 60 46 13 46 43 21 28 43 18 60 46 43 21 28 43
18 60 46 43 13 46 43 21 28 43 18 60 46 43 21 28 43

28 81 91 95 17 54 92 28 81 91 95 17 54 92
28 81 91 95 17 54 92 28 81 13 81 91 95 17 54 92
28 81 91 95 17 54 92 28 81 91 13 81 91 95 17 54 92
28 81 91 95 17 54 92 28 81 91 13 91 95 17 54 92
28 81 91 95 17 54 92 28 81 91 95 13 91 95 17 54 92
28 81 13 81 91 95 17 54 92 28 81 91 95 17 54 92
28 81 91 13 81 91 95 17 54 92 28 81 91 95 17 54 92
28 81 91 13 91 95 17 54 92 28 81 91 95 17 54 92
28 81 91 95 13 91 95 17 54 92 28 81 91 95 17 54 92

77 50 99 14 56 99 39 77 50 99 14 56 99 39
77 50 99 14 56 99 39 77 50 6 50 99 14 56 99 39
77 50 99 14 56 99 39 77 50 99 6 50 99 14 56 99 39
77 50 99 14 56 99 39 77 50 99 6 99 14 56 99 39
77 50 99 14 56 99 39 77 50 99 14 6 99 14 56 99 39
77 50 6 50 99 14 56 99 39 77 50 99 14 56 99 39
77 50 99 6 50 99 14 56 99 39 77 50 99 14 56 99 39
77 50 99 6 99 14 56 99 39 77 50 99 14 56 99 39
77 50 99 14 6 99 14 56 99 39 77 50 99 14 56 99 39

27 77 15 87 95 50 35 27 77 15 87 95 50 35
27 77 15 87 95 50 35 27 77 20 77 15 87 95 50 35
27 77 15 87 95 50 35 27 77 15 20 77 15 87 95 50 35
27 77 15 87 95 50 35 27 77 15 20 15 87 95 50 35
27 77 15 87 95 50 35 27 77 15 87 20 15 87 95 50 35
27 77 20 77 15 87 95 50 35 27 77 15 87 95 50 35
27 77 15 20 77 15 87 95 50 35 27 77 15 87 95 50 35
27 77 15 20 15 87 95 50 35 27 77 15 87 95 50 35
27 77 15 87 20 15 87 95 50 35 27 77 15 87 95 50 35

20 40 24 64 47 53 49 20 40 24 64 47 53 49
20 40 24 64 47 53 49 20 40 6 40 24 64 47 53 49
20 40 24 64 47 53 49 20 40 24 6 40 24 64 47 53 49
20 40 24 64 47 53 49 20 40 24 6 24 64 47 53 49
20 40 24 64 47 53 49 20 40 24 64 6 24 64 47 53 49
20 40 6 40 24 64 47 53 49 20 40 24 64 47 53 49
20 40 24 6 40 24 64 47 53 49 20 40 24 64 47 53 49
20 40 24 6 24 64 47 53 49 20 40 24 64 47 53 49
20 40 24 64 6 24 64 47 53 49 20 40 24 64 47 53 49

52 54 76 35 66 100 48 52 54 76 35 66 100 48
52 54 76 35 66 100 48 52 54 10 54 76 35 66 100 48
52 54 76 35 66 100 48 52 54 76 10 54 76 35 66 100 48
52 54 76 35 66 100 48 52 54 76 10 76 35 66 100 48
52 54 76 35 66 100 48 52 54 76 35 10 76 35 66 100 48
52 54 10 54 76 35 66 100 48 52 54 76 35 66 100 48
52 54 76 10 54 76 35 66 100 48 52 54 76 35 66 100 48
52 54 76 10 76 35 66 100 48 52 54 76 35 66 100 48
52 54 76 35 10 76 35 66 100 48 52 54 76 35 66 100 48

99 37 97 78 80 58 62 99 37 97 78 80 58 62
99 37 97 78 80 58 62 99 37 8 37 97 78 80 58 62
99 37 97 78 80 58 62 99 37 97 8 37 97 78 80 58 62
99 37 97 78 80 58 62 99 37 97 8 97 78 80 58 62
99 37 97 78 80 58 62 99 37 97 78 8 97 78 80 58 62
99 37 8 37 97 78 80 58 62 99 37 97 78 80 58 62
99 37 97 8 37 97 78 80 58 62 99 37 97 78 80 58 62
99 37 97 8 97 78 80 58 62 99 37 97 78 80 58 62
99 37 97 78 8 97 78 80 58 62 99 37 97 78 80 58 62

70 95 45 43 52 27 22 70 95 45 43 52 27 22
70 95 45 43 52 27 22 70 95 10 95 45 43 52 27 22
70 95 45 43 52 27 22 70 95 45 10 95 45 43 52 27 22
70 95 45 43 52 27 22 70 95 45 10 45 43 52 27 22
70 95 45 43 52 27 22 70 95 45 43 10 45 43 52 27 22
70 95 10 95 45 43 52 27 22 70 95 45 43 52 27 22
70 95 45 10 95 45 43 52 27 22 70 95 45 43 52 27 22
70 95 45 10 45 43 52 27 22 70 95 45 43 52 27 22
70 95 45 43 10 45 43 52 27 22 70 95 45 43 52 27 22

49 67 39 39 66 73 53 49 67 39 39 66 73 53
49 67 39 39 66 73 53 49 67 5 67 39 39 66 73 53
49 67 39 39 66 73 53 49 67 39 5 67 39 39 66 73 53
49 67 39 39 66 73 53 49 67 39 5 39 39 66 73 53
49 67 39 39 66 73 53 49 67 39 39 5 39 39 66 73 53
49 67 5 67 39 39 66 73 53 49 67 39 39 66 73 53
49 67 39 5 67 39 39 66 73 53 49 67 39 39 66 73 53
49 67 39 5 39 39 66 73 53 49 67 39 39 66 73 53
49 67 39 39 5 39 39 66 73 53 49 67 39 39 66 73 53

47 6 80 17 45 63 79 47 6 80 17 45 63 79
47 6 80 17 45 63 79 47 6 13 6 80 17 45 63 79
47 6 80 17 45 63 79 47 6 80 13 6 80 17 45 63 79
47 6 80 17 45 63 79 47 6 80 13 80 17 45 63 79
47 6 80 17 45 63 79 47 6 80 17 13 80 17 45 63 79
47 6 13 6 80 17 45 63 79 47 6 80 17 45 63 79
47 6 80 13 6 80 17 45 63 79 47 6 80 17 45 63 79
47 6 80 13 80 17 45 63 79 47 6 80 17 45 63 79
47 6 80 17 13 80 17 45 63 79 47 6 80 17 45 63 79

90 61 96 25 24 68 67 90 61 96 25 24 68 67
90 61 96 25 24 68 67 90 61 7 61 96 25 24 68 67
90 61 96 25 24 68 67 90 61 96 7 61 96 25 24 68 67
90 61 96 25 24 68 67 90 61 96 7 96 25 24 68 67
90 61 96 25 24 68 67 90 61 96 25 7 96 25 24 68 67
90 61 7 61 96 25 24 68 67 90 61 96 25 24 68 67
90 61 96 7 61 96 25 24 68 67 90 61 96 25 24 68 67
90 61 96 7 96 25 24 68 67 90 61 96 25 24 68 67
90 61 96 25 7 96 25 24 68 67 90 61 96 25 24 68 67

35 17 47 53 25 26 28 35 17 47 53 25 26 28
35 17 47 53 25 26 28 35 17 9 17 47 53 25 26 28
35 17 47 53 25 26 28 35 17 47 9 17 47 53 25 26 28
35 17 47 53 25 26 28 35 17 47 9 47 53 25 26 28
35 17 47 53 25 26 28 35 17 47 53 9 47 53 25 26 28
35 17 9 17 47 53 25 26 28 35 17 47 53 25 26 28
35 17 47 9 17 47 53 25 26 28 35 17 47 53 25 26 28
35 17 47 9 47 53 25 26 28 35 17 47 53 25 26 28
35 17 47 53 9 47 53 25 26 28 35 17 47 53 25 26 28

6 26 7 57 35 19 57 6 26 7 57 35 19 57
6 26 7 57 35 19 57 6 26 8 26 7 57 35 19 57
6 26 7 57 35 19 57 6 26 7 8 26 7 57 35 19 57
6 26 7 57 35 19 57 6 26 7 8 7 57 35 19 57
6 26 7 57 35 19 57 6 26 7 57 8 7 57 35 19 57
6 26 8 26 7 57 35 19 57 6 26 7 57 35 19 57
6 26 7 8 26 7 57 35 19 57 6 26 7 57 35 19 57
6 26 7 8 7 57 35 19 57 6 26 7 57 35 19 57
6 26 7 57 8 7 57 35 19 57 6 26 7 57 35 19 57

96 50 20 5 23 92 10 96 50 20 5 23 92 10
96 50 20 5 23 92 10 96 50 6 50 20 5 23 92 10
96 50 20 5 23 92 10 96 50 20 6 50 20 5 23 92 10
96 50 20 5 23 92 10 96 50 20 6 20 5 23 92 10
96 50 20 5 23 92 10 96 50 20 5 6 20 5 23 92 10
96 50 6 50 20 5 23 92 10 96 50 20 5 23 92 10
96 50 20 6 50 20 5 23 92 10 96 50 20 5 23 92 10
96 50 20 6 20 5 23 92 10 96 50 20 5 23 92 10
96 50 20 5 6 20 5 23 92 10 96 50 20 5 23 92 10

22 31 58 91 77 88 42 22 31 58 91 77 88 42
22 31 58 91 77 88 42 22 31 15 31 58 91 77 88 42
22 31 58 91 77 88 42 22 31 58 15 31 58 91 77 88 42
22 31 58 91 77 88 42 22 31 58 15 58 91 77 88 42
22 31 58 91 77 88 42 22 31 58 91 15 58 91 77 88 42
22 31 15 31 58 91 77 88 42 22 31 58 91 77 88 42
22 31 58 15 31 58 91 77 88 42 22 31 58 91 77 88 42
22 31 58 15 58 91 77 88 42 22 31 58 91 77 88 42
22 31 58 91 15 58 91 77 88 42 22 31 58 91 77 88 42

12 48 44 25 13 39 97 12 48 44 25 13 39 97
12 48 44 25 13 39 97 12 48 13 48 44 25 13 39 97
12 48 44 25 13 39 97 12 48 44 13 48 44 25 13 39 97
12 48 44 25 13 39 97 12 48 44 13 44 25 13 39 97
12 48 44 25 13 39 97 12 48 44 25 13 44 25 13 39 97
12 48 13 48 44 25 13 39 97 12 48 44 25 13 39 97
12 48 44 13 48 44 25 13 39 97 12 48 44 25 13 39 97
12 48 44 13 44 25 13 39 97 12 48 44 25 13 39 97
12 48 44 25 13 44 25 13 39 97 12 48 44 25 13 39 97

62 77 71 58 50 84 33 62 77 71 58 50 84 33
62 77 71 58 50 84 33 62 77 10 77 71 58 50 84 33
62 77 71 58 50 84 33 62 77 71 10 77 71 58 50 84 33
62 77 71 58 50 84 33 62 77 71 10 71 58 50 84 33
62 77 71 58 50 84 33 62 77 71 58 10 71 58 50 84 33
62 77 10 77 71 58 50 84 33 62 77 71 58 50 84 33
62 77 71 10 77 71 58 50 84 33 62 77 71 58 50 84 33
62 77 71 10 71 58 50 84 33 62 77 71 58 50 84 33
62 77 71 58 10 71 58 50 84 33 62 77 71 58 50 84 33

13 24 52 30 27 93 8 13 24 52 30 27 93 8
13 24 52 30 27 93 8 13 24 7 24 52 30 27 93 8
13 24 52 30 27 93 8 13 24 52 7 24 52 30 27 93 8
13 24 52 30 27 93 8 13 24 52 7 52 30 27 93 8
13 24 52 30 27 93 8 13 24 52 30 7 52 30 27 93 8
13 24 7 24 52 30 27 93 8 13 24 52 30 27 93 8
13 24 52 7 24 52 30 27 93 8 13 24 52 30 27 93 8
13 24 52 7 52 30 27 93 8 13 24 52 30 27 93 8
13 24 52 30 7 52 30 27 93 8 13 24 52 30 27 93 8

9 67 60 68 89 84 30 9 67 60 68 89 84 30
9 67 60 68 89 84 30 9 67 17 67 60 68 89 84 30
9 67 60 68 89 84 30 9 67 60 17 67 60 68 89 84 30
9 67 60 68 89 84 30 9 67 60 17 60 68 89 84 30
9 67 60 68 89 84 30 9 67 60 68 17 60 68 89 84 30
9 67 17 67 60 68 89 84 30 9 67 60 68 89 84 30
9 67 60 17 67 60 68 89 84 30 9 67 60 68 89 84 30
9 67 60 17 60 68 89 84 30 9 67 60 68 89 84 30
9 67 60 68 17 60 68 89 84 30 9 67 60 68 89 84 30

27 31 81 59 60 84 87 27 31 81 59 60 84 87
27 31 81 59 60 84 87 27 31 9 31 81 59 60 84 87
27 31 81 59 60 84 87 27 31 81 9 31 81 59 60 84 87
27 31 81 59 60 84 87 27 31 81 9 81 59 60 84 87
27 31 81 59 60 84 87 27 31 81 59 9 81 59 60 84 87
27 31 9 31 81 59 60 84 87 27 31 81 59 60 84 87
27 31 81 9 31 81 59 60 84 87 27 31 81 59 60 84 87
27 31 81 9 81 59 60 84 87 27 31 81 59 60 84 87
27 31 81 59 9 81 59 60 84 87 27 31 81 59 60 84 87

78 22 67 6 62 85 97 78 22 67 6 62 85 97
78 22 67 6 62 85 97 78 22 5 22 67 6 62 85 97
78 22 67 6 62 85 97 78 22 67 5 22 67 6 62 85 97
78 22 67 6 62 85 97 78 22 67 5 67 6 62 85 97
78 22 67 6 62 85 97 78 22 67 6 5 67 6 62 85 97
78 22 5 22 67 6 62 85 97 78 22 67 6 62 85 97
78 22 67 5 22 67 6 62 85 97 78 22 67 6 62 85 97
78 22 67 5 67 6 62 85 97 78 22 67 6 62 85 97
78 22 67 6 5 67 6 62 85 97 78 22 67 6 62 85 97

22 61 88 22 93 100 79 22 61 88 22 93 100 79
22 61 88 22 93 100 79 22 61 16 61 88 22 93 100 79
22 61 88 22 93 100 79 22 61 88 16 61 88 22 93 100 79
22 61 88 22 93 100 79 22 61 88 16 88 22 93 100 79
22 61 88 22 93 100 79 22 61 88 22 16 88 22 93 100 79
22 61 16 61 88 22 93 100 79 22 61 88 22 93 100 79
22 61 88 16 61 88 22 93 100 79 22 61 88 22 93 100 79
22 61 88 16 88 22 93 100 79 22 61 88 22 93 100 79
22 61 88 22 16 88 22 93 100 79 22 61 88 22 93 100 79

16 32 96 49 47 54 31 16 32 96 49 47 54 31
16 32 96 49 47 54 31 16 32 15 32 96 49 47 54 31
16 32 96 49 47 54 31 16 32 96 15 32 96 49 47 54 31
16 32 96 49 47 54 31 16 32 96 15 96 49 47 54 31
16 32 96 49 47 54 31 16 32 96 49 15 96 49 47 54 31
16 32 15 32 96 49 47 54 31 16 32 96 49 47 54 31
16 32 96 15 32 96 49 47 54 31 16 32 96 49 47 54 31
16 32 96 15 96 49 47 54 31 16 32 96 49 47 54 31
16 32 96 49 15 96 49 47 54 31 16 32 96 49 47 54 31

72 17 49 39 60 6 51 72 17 49 39 60 6 51
72 17 49 39 60 6 51 72 17 5 17 49 39 60 6 51
72 17 49 39 60 6 51 72 17 49 5 17 49 39 60 6 51
72 17 49 39 60 6 51 72 17 49 5 49 39 60 6 51
72 17 49 39 60 6 51 72 17 49 39 5 49 39 60 6 51
72 17 5 17 49 39 60 6 51 72 17 49 39 60 6 51
72 17 49 5 17 49 39 60 6 51 72 17 49 39 60 6 51
72 17 49 5 49 39 60 6 51 72 17 49 39 60 6 51
72 17 49 39 5 49 39 60 6 51 72 17 49 39 60 6 51

56 86 14 82 38 30 71 56 86 14 82 38 30 71
56 86 14 82 38 30 71 56 86 5 86 14 82 38 30 71
56 86 14 82 38 30 71 56 86 14 5 86 14 82 38 30 71
56 86 14 82 38 30 71 56 86 14 5 14 82 38 30 71
56 86 14 82 38 30 71 56 86 14 82 5 14 82 38 30 71
56 86 5 86 14 82 38 30 71 56 86 14 82 38 30 71
56 86 14 5 86 14 82 38 30 71 56 86 14 82 38 30 71
56 86 14 5 14 82 38 30 71 56 86 14 82 38 30 71
56 86 14 82 5 14 82 38 30 71 56 86 14 82 38 30 71

95 80 31 15 96 60 8 95 80 31 15 96 60 8
95 80 31 15 96 60 8 95 80 6 80 31 15 96 60 8
95 80 31 15 96 60 8 95 80 31 6 80 31 15 96 60 8
95 80 31 15 96 60 8 95 80 31 6 31 15 96 60 8
95 80 31 15 96 60 8 95 80 31 15 6 31 15 96 60 8
95 80 6 80 31 15 96 60 8 95 80 31 15 96 60 8
95 80 31 6 80 31 15 96 60 8 95 80 31 15 96 60 8
95 80 31 6 31 15 96 60 8 95 80 31 15 96 60 8
95 80 31 15 6 31 15 96 60 8 95 80 31 15 96 60 8

20 63 59 86 82 7 82 20 63 59 86 82 7 82
20 63 59 86 82 7 82 20 63 5 63 59 86 82 7 82
20 63 59 86 82 7 82 20 63 59 5 63 59 86 82 7 82
20 63 59 86 82 7 82 20 63 59 5 59 86 82 7 82
20 63 59 86 82 7 82 20 63 59 86 5 59 86 82 7 82
20 63 5 63 59 86 82 7 82 20 63 59 86 82 7 82
20 63 59 5 63 59 86 82 7 82 20 63 59 86 82 7 82
20 63 59 5 59 86 82 7 82 20 63 59 86 82 7 82
20 63 59 86 5 59 86 82 7 82 20 63 59 86 82 7 82

12 21 7 54 38 85 18 12 21 7 54 38 85 18
12 21 7 54 38 85 18 12 21 5 21 7 54 38 85 18
12 21 7 54 38 85 18 12 21 7 5 21 7 54 38 85 18
12 21 7 54 38 85 18 12 21 7 5 7 54 38 85 18
12 21 7 54 38 85 18 12 21 7 54 5 7 54 38 85 18
12 21 5 21 7 54 38 85 18 12 21 7 54 38 85 18
12 21 7 5 21 7 54 38 85 18 12 21 7 54 38 85 18
12 21 7 5 7 54 38 85 18 12 21 7 54 38 85 18
12 21 7 54 5 7 54 38 85 18 12 21 7 54 38 85 18

5 25 64 68 87 53 76 5 25 64 68 87 53 76
5 25 64 68 87 53 76 5 25 18 25 64 68 87 53 76
5 25 64 68 87 53 76 5 25 64 18 25 64 68 87 53 76
5 25 64 68 87 53 76 5 25 64 18 64 68 87 53 76
5 25 64 68 87 53 76 5 25 64 68 18 64 68 87 53 76
5 25 18 25 64 68 87 53 76 5 25 64 68 87 53 76
5 25 64 18 25 64 68 87 53 76 5 25 64 68 87 53 76
5 25 64 18 64 68 87 53 76 5 25 64 68 87 53 76
5 25 64 68 18 64 68 87 53 76 5 25 64 68 87 53 76

97 32 9 80 55 33 35 97 32 9 80 55 33 35
97 32 9 80 55 33 35 97 32 5 32 9 80 55 33 35
97 32 9 80 55 33 35 97 32 9 5 32 9 80 55 33 35
97 32 9 80 55 33 35 97 32 9 5 9 80 55 33 35
97 32 9 80 55 33 35 97 32 9 80 5 9 80 55 33 35
97 32 5 32 9 80 55 33 35 97 32 9 80 55 33 35
97 32 9 5 32 9 80 55 33 35 97 32 9 80 55 33 35
97 32 9 5 9 80 55 33 35 97 32 9 80 55 33 35
97 32 9 80 5 9 80 55 33 35 97 32 9 80 55 33 35

64 99 28 41 83 34 66 64 99 28 41 83 34 66
64 99 28 41 83 34 66 64 99 19 99 28 41 83 34 66
64 99 28 41 83 34 66 64 99 28 19 99 28 41 83 34 66
64 99 28 41 83 34 66 64 99 28 19 28 41 83 34 66
64 99 28 41 83 34 66 64 99 28 41 19 28 41 83 34 66
64 99 19 99 28 41 83 34 66 64 99 28 41 83 34 66
64 99 28 19 99 28 41 83 34 66 64 99 28 41 83 34 66
64 99 28 19 28 41 83 34 66 64 99 28 41 83 34 66
64 99 28 41 19 28 41 83 34 66 64 99 28 41 83 34 66

51 35 77 44 32 100 89 51 35 77 44 32 100 89
51 35 77 44 32 100 89 51 35 10 35 77 44 32 100 89
51 35 77 44 32 100 89 51 35 77 10 35 77 44 32 100 89
51 35 77 44 32 100 89 51 35 77 10 77 44 32 100 89
51 35 77 44 32 100 89 51 35 77 44 10 77 44 32 100 89
51 35 10 35 77 44 32 100 89 51 35 77 44 32 100 89
51 35 77 10 35 77 44 32 100 89 51 35 77 44 32 100 89
51 35 77 10 77 44 32 100 89 51 35 77 44 32 100 89
51 35 77 44 10 77 44 32 100 89 51 35 77 44 32 100 89

33 30 88 82 100 63 45 33 30 88 82 100 63 45
33 30 88 82 100 63 45 33 30 10 30 88 82 100 63 45
33 30 88 82 100 63 45 33 30 88 10 30 88 82 100 63 45
33 30 88 82 100 63 45 33 30 88 10 88 82 100 63 45
33 30 88 82 100 63 45 33 30 88 82 10 88 82 100 63 45
33 30 10 30 88 82 100 63 45 33 30 88 82 100 63 45
33 30 88 10 30 88 82 100 63 45 33 30 88 82 100 63 45
33 30 88 10 88 82 100 63 45 33 30 88 82 100 63 45
33 30 88 82 10 88 82 100 63 45 33 30 88 82 100 63 45

95 86 36 42 63 61 12 95 86 36 42 63 61 12
95 86 36 42 63 61 12 95 86 19 86 36 42 63 61 12
95 86 36 42 63 61 12 95 86 36 19 86 36 42 63 61 12
95 86 36 42 63 61 12 95 86 36 19 36 42 63 61 12
95 86 36 42 63 61 12 95 86 36 42 19 36 42 63 61 12
95 86 19 86 36 42 63 61 12 95 86 36 42 63 61 12
95 86 36 19 86 36 42 63 61 12 95 86 36 42 63 61 12
95 86 36 19 36 42 63 61 12 95 86 36 42 63 61 12
95 86 36 42 19 36 42 63 61 12 95 86 36 42 63 61 12

82 49 44 17 68 82 35 82 49 44 17 68 82 35
82 49 44 17 68 82 35 82 49 19 49 44 17 68 82 35
82 49 44 17 68 82 35 82 49 44 19 49 44 17 68 82 35
82 49 44 17 68 82 35 82 49 44 19 44 17 68 82 35
82 49 44 17 68 82 35 82 49 44 17 19 44 17 68 82 35
82 49 19 49 44 17 68 82 35 82 49 44 17 68 82 35
82 49 44 19 49 44 17 68 82 35 82 49 44 17 68 82 35
82 49 44 19 44 17 68 82 35 82 49 44 17 68 82 35
82 49 44 17 19 44 17 68 82 35 82 49 44 17 68 82 35

61 80 26 33 50 21 88 61 80 26 33 50 21 88
61 80 26 33 50 21 88 61 80 8 80 26 33 50 21 88
61 80 26 33 50 21 88 61 80 26 8 80 26 33 50 21 88
61 80 26 33 50 21 88 61 80 26 8 26 33 50 21 88
61 80 26 33 50 21 88 61 80 26 33 8 26 33 50 21 88
61 80 8 80 26 33 50 21 88 61 80 26 33 50 21 88
61 80 26 8 80 26 33 50 21 88 61 80 26 33 50 21 88
61 80 26 8 26 33 50 21 88 61 80 26 33 50 21 88
61 80 26 33 8 26 33 50 21 88 61 80 26 33 50 21 88

15 84 20 70 54 19 72 15 84 20 70 54 19 72
15 84 20 70 54 19 72 15 84 9 84 20 70 54 19 72
15 84 20 70 54 19 72 15 84 20 9 84 20 70 54 19 72
15 84 20 70 54 19 72 15 84 20 9 20 70 54 19 72
15 84 20 70 54 19 72 15 84 20 70 9 20 70 54 19 72
15 84 9 84 20 70 54 19 72 15 84 20 70 54 19 72
15 84 20 9 84 20 70 54 19 72 15 84 20 70 54 19 72
15 84 20 9 20 70 54 19 72 15 84 20 70 54 19 72
15 84 20 70 9 20 70 54 19 72 15 84 20 70 54 19 72

11 53 95 60 42 90 72 11 53 95 60 42 90 72
11 53 95 60 42 90 72 11 53 19 53 95 60 42 90 72
11 53 95 60 42 90 72 11 53 95 19 53 95 60 42 90 72
11 53 95 60 42 90 72 11 53 95 19 95 60 42 90 72
11 53 95 60 42 90 72 11 53 95 60 19 95 60 42 90 72
11 53 19 53 95 60 42 90 72 11 53 95 60 42 90 72
11 53 95 19 53 95 60 42 90 72 11 53 95 60 42 90 72
11 53 95 19 95 60 42 90 72 11 53 95 60 42 90 72
11 53 95 60 19 95 60 42 90 72 11 53 95 60 42 90 72

58 52 7 73 91 27 94 58 52 7 73 91 27 94
58 52 7 73 91 27 94 58 52 15 52 7 73 91 27 94
58 52 7 73 91 27 94 58 52 7 15 52 7 73 91 27 94
58 52 7 73 91 27 94 58 52 7 15 7 73 91 27 94
58 52 7 73 91 27 94 58 52 7 73 15 7 73 91 27 94
58 52 15 52 7 73 91 27 94 58 52 7 73 91 27 94
58 52 7 15 52 7 73 91 27 94 58 52 7 73 91 27 94
58 52 7 15 7 73 91 27 94 58 52 7 73 91 27 94
58 52 7 73 15 7 73 91 27 94 58 52 7 73 91 27 94

23 77 17 68 31 86 60 23 77 17 68 31 86 60
23 77 17 68 31 86 60 23 77 5 77 17 68 31 86 60
23 77 17 68 31 86 60 23 77 17 5 77 17 68 31 86 60
23 77 17 68 31 86 60 23 77 17 5 17 68 31 86 60
23 77 17 68 31 86 60 23 77 17 68 5 17 68 31 86 60
23 77 5 77 17 68 31 86 60 23 77 17 68 31 86 60
23 77 17 5 77 17 68 31 86 60 23 77 17 68 31 86 60
23 77 17 5 17 68 31 86 60 23 77 17 68 31 86 60
23 77 17 68 5 17 68 31 86 60 23 77 17 68 31 86 60

97 22 28 60 96 89 76 97 22 28 60 96 89 76
97 22 28 60 96 89 76 97 22 10 22 28 60 96 89 76
97 22 28 60 96 89 76 97 22 28 10 22 28 60 96 89 76
97 22 28 60 96 89 76 97 22 28 10 28 60 96 89 76
97 22 28 60 96 89 76 97 22 28 60 10 28 60 96 89 76
97 22 10 22 28 60 96 89 76 97 22 28 60 96 89 76
97 22 28 10 22 28 60 96 89 76 97 22 28 60 96 89 76
97 22 28 10 28 60 96 89 76 97 22 28 60 96 89 76
97 22 28 60 10 28 60 96 89 76 97 22 28 60 96 89 76

69 15 94 57 69 62 65 69 15 94 57 69 62 65
69 15 94 57 69 62 65 69 15 18 15 94 57 69 62 65
69 15 94 57 69 62 65 69 15 94 18 15 94 57 69 62 65
69 15 94 57 69 62 65 69 15 94 18 94 57 69 62 65
69 15 94 57 69 62 65 69 15 94 57 18 94 57 69 62 65
69 15 18 15 94 57 69 62 65 69 15 94 57 69 62 65
69 15 94 18 15 94 57 69 62 65 69 15 94 57 69 62 65
69 15 94 18 94 57 69 62 65 69 15 94 57 69 62 65
69 15 94 57 18 94 57 69 62 65 69 15 94 57 69 62 65

11 75 54 21 16 37 28 11 75 54 21 16 37 28
11 75 54 21 16 37 28 11 75 15 75 54 21 16 37 28
11 75 54 21 16 37 28 11 75 54 15 75 54 21 16 37 28
11 75 54 21 16 37 28 11 75 54 15 54 21 16 37 28
11 75 54 21 16 37 28 11 75 54 21 15 54 21 16 37 28
11 75 15 75 54 21 16 37 28 11 75 54 21 16 37 28
11 75 54 15 75 54 21 16 37 28 11 75 54 21 16 37 28
11 75 54 15 54 21 16 37 28 11 75 54 21 16 37 28
11 75 54 21 15 54 21 16 37 28 11 75 54 21 16 37 28

19 21 17 59 66 85 63 19 21 17 59 66 85 63
19 21 17 59 66 85 63 19 21 13 21 17 59 66 85 63
19 21 17 59 66 85 63 19 21 17 13 21 17 59 66 85 63
19 21 17 59 66 85 63 19 21 17 13 17 59 66 85 63
19 21 17 59 66 85 63 19 21 17 59 13 17 59 66 85 63
19 21 13 21 17 59 66 85 63 19 21 17 59 66 85 63
19 21 17 13 21 17 59 66 85 63 19 21 17 59 66 85 63
19 21 17 13 17 59 66 85 63 19 21 17 59 66 85 63
19 21 17 59 13 17 59 66 85 63 19 21 17 59 66 85 63

48 64 52 47 98 44 99 48 64 52 47 98 44 99
48 64 52 47 98 44 99 48 64 18 64 52 47 98 44 99
48 64 52 47 98 44 99 48 64 52 18 64 52 47 98 44 99
48 64 52 47 98 44 99 48 64 52 18 52 47 98 44 99
48 64 52 47 98 44 99 48 64 52 47 18 52 47 98 44 99
48 64 18 64 52 47 98 44 99 48 64 52 47 98 44 99
48 64 52 18 64 52 47 98 44 99 48 64 52 47 98 44 99
48 64 52 18 52 47 98 44 99 48 64 52 47 98 44 99
48 64 52 47 18 52 47 98 44 99 48 64 52 47 98 44 99

47 81 47 58 33 33 73 47 81 47 58 33 33 73
47 81 47 58 33 33 73 47 81 8 81 47 58 33 33 73
47 81 47 58 33 33 73 47 81 47 8 81 47 58 33 33 73
47 81 47 58 33 33 73 47 81 47 8 47 58 33 33 73
47 81 47 58 33 33 73 47 81 47 58 8 47 58 33 33 73
47 81 8 81 47 58 33 33 73 47 81 47 58 33 33 73
47 81 47 8 81 47 58 33 33 73 47 81 47 58 33 33 73
47 81 47 8 47 58 33 33 73 47 81 47 58 33 33 73
47 81 47 58 8 47 58 33 33 73 47 81 47 58 33 33 73

15 93 97 41 58 35 31 15 93 97 41 58 35 31
15 93 97 41 58 35 31 15 93 9 93 97 41 58 35 31
15 93 97 41 58 35 31 15 93 97 9 93 97 41 58 35 31
15 93 97 41 58 35 31 15 93 97 9 97 41 58 35 31
15 93 97 41 58 35 31 15 93 97 41 9 97 41 58 35 31
15 93 9 93 97 41 58 35 31 15 93 97 41 58 35 31
15 93 97 9 93 97 41 58 35 31 15 93 97 41 58 35 31
15 93 97 9 97 41 58 35 31 15 93 97 41 58 35 31
15 93 97 41 9 97 41 58 35 31 15 93 97 41 58 35 31

46 56 79 55 88 94 97 46 56 79 55 88 94 97
46 56 79 55 88 94 97 46 56 12 56 79 55 88 94 97
46 56 79 55 88 94 97 46 56 79 12 56 79 55 88 94 97
46 56 79 55 88 94 97 46 56 79 12 79 55 88 94 97
46 56 79 55 88 94 97 46 56 79 55 12 79 55 88 94 97
46 56 12 56 79 55 88 94 97 46 56 79 55 88 94 97
46 56 79 12 56 79 55 88 94 97 46 56 79 55 88 94 97
46 56 79 12 79 55 88 94 97 46 56 79 55 88 94 97
46 56 79 55 12 79 55 88 94 97 46 56 79 55 88 94 97

26 68 31 18 58 6 93 26 68 31 18 58 6 93
26 68 31 18 58 6 93 26 68 9 68 31 18 58 6 93
26 68 31 18 58 6 93 26 68 31 9 68 31 18 58 6 93
26 68 31 18 58 6 93 26 68 31 9 31 18 58 6 93
26 68 31 18 58 6 93 26 68 31 18 9 31 18 58 6 93
26 68 9 68 31 18 58 6 93 26 68 31 18 58 6 93
26 68 31 9 68 31 18 58 6 93 26 68 31 18 58 6 93
26 68 31 9 31 18 58 6 93 26 68 31 18 58 6 93
26 68 31 18 9 31 18 58 6 93 26 68 31 18 58 6 93

54 86 40 50 56 52 54 54 86 40 50 56 52 54
54 86 40 50 56 52 54 54 86 16 86 40 50 56 52 54
54 86 40 50 56 52 54 54 86 40 16 86 40 50 56 52 54
54 86 40 50 56 52 54 54 86 40 16 40 50 56 52 54
54 86 40 50 56 52 54 54 86 40 50 16 40 50 56 52 54
54 86 16 86 40 50 56 52 54 54 86 40 50 56 52 54
54 86 40 16 86 40 50 56 52 54 54 86 40 50 56 52 54
54 86 40 16 40 50 56 52 54 54 86 40 50 56 52 54
54 86 40 50 16 40 50 56 52 54 54 86 40 50 56 52 54

54 50 76 44 21 48 72 54 50 76 44 21 48 72
54 50 76 44 21 48 72 54 50 14 50 76 44 21 48 72
54 50 76 44 21 48 72 54 50 76 14 50 76 44 21 48 72
54 50 76 44 21 48 72 54 50 76 14 76 44 21 48 72
54 50 76 44 21 48 72 54 50 76 44 14 76 44 21 48 72
54 50 14 50 76 44 21 48 72 54 50 76 44 21 48 72
54 50 76 14 50 76 44 21 48 72 54 50 76 44 21 48 72
54 50 76 14 76 44 21 48 72 54 50 76 44 21 48 72
54 50 76 44 14 76 44 21 48 72 54 50 76 44 21 48 72

6 41 48 34 88 21 12 6 41 48 34 88 21 12
6 41 48 34 88 21 12 6 41 12 41 48 34 88 21 12
6 41 48 34 88 21 12 6 41 48 12 41 48 34 88 21 12
6 41 48 34 88 21 12 6 41 48 12 48 34 88 21 12
6 41 48 34 88 21 12 6 41 48 34 12 48 34 88 21 12
6 41 12 41 48 34 88 21 12 6 41 48 34 88 21 12
6 41 48 12 41 48 34 88 21 12 6 41 48 34 88 21 12
6 41 48 12 48 34 88 21 12 6 41 48 34 88 21 12
6 41 48 34 12 48 34 88 21 12 6 41 48 34 88 21 12

35 33 43 80 65 64 30 35 33 43 80 65 64 30
35 33 43 80 65 64 30 35 33 20 33 43 80 65 64 30
35 33 43 80 65 64 30 35 33 43 20 33 43 80 65 64 30
35 33 43 80 65 64 30 35 33 43 20 43 80 65 64 30
35 33 43 80 65 64 30 35 33 43 80 20 43 80 65 64 30
35 33 20 33 43 80 65 64 30 35 33 43 80 65 64 30
35 33 43 20 33 43 80 65 64 30 35 33 43 80 65 64 30
35 33 43 20 43 80 65 64 30 35 33 43 80 65 64 30
35 33 43 80 20 43 80 65 64 30 35 33 43 80 65 64 30

47 30 94 13 91 56 80 47 30 94 13 91 56 80
47 30 94 13 91 56 80 47 30 16 30 94 13 91 56 80
47 30 94 13 91 56 80 47 30 94 16 30 94 13 91 56 80
47 30 94 13 91 56 80 47 30 94 16 94 13 91 56 80
47 30 94 13 91 56 80 47 30 94 13 16 94 13 91 56 80
47 30 16 30 94 13 91 56 80 47 30 94 13 91 56 80
47 30 94 16 30 94 13 91 56 80 47 30 94 13 91 56 80
47 30 94 16 94 13 91 56 80 47 30 94 13 91 56 80
47 30 94 13 16 94 13 91 56 80 47 30 94 13 91 56 80

28 68 72 41 97 19 85 28 68 72 41 97 19 85
28 68 72 41 97 19 85 28 68 15 68 72 41 97 19 85
28 68 72 41 97 19 85 28 68 72 15 68 72 41 97 19 85
28 68 72 41 97 19 85 28 68 72 15 72 41 97 19 85
28 68 72 41 97 19 85 28 68 72 41 15 72 41 97 19 85
28 68 15 68 72 41 97 19 85 28 68 72 41 97 19 85
28 68 72 15 68 72 41 97 19 85 28 68 72 41 97 19 85
28 68 72 15 72 41 97 19 85 28 68 72 41 97 19 85
28 68 72 41 15 72 41 97 19 85 28 68 72 41 97 19 85

73 100 96 97 91 26 81 73 100 96 97 91 26 81
73 100 96 97 91 26 81 73 100 18 100 96 97 91 26 81
73 100 96 97 91 26 81 73 100 96 18 100 96 97 91 26 81
73 100 96 97 91 26 81 73 100 96 18 96 97 91 26 81
73 100 96 97 91 26 81 73 100 96 97 18 96 97 91 26 81
73 100 18 100 96 97 91 26 81 73 100 96 97 91 26 81
73 100 96 18 100 96 97 91 26 81 73 100 96 97 91 26 81
73 100 96 18 96 97 91 26 81 73 100 96 97 91 26 81
73 100 96 97 18 96 97 91 26 81 73 100 96 97 91 26 81

96 46 84 26 100 8 53 96 46 84 26 100 8 53
96 46 84 26 100 8 53 96 46 17 46 84 26 100 8 53
96 46 84 26 100 8 53 96 46 84 17 46 84 26 100 8 53
96 46 84 26 100 8 53 96 46 84 17 84 26 100 8 53
96 46 84 26 100 8 53 96 46 84 26 17 84 26 100 8 53
96 46 17 46 84 26 100 8 53 96 46 84 26 100 8 53
96 46 84 17 46 84 26 100 8 53 96 46 84 26 100 8 53
96 46 84 17 84 26 100 8 53 96 46 84 26 100 8 53
96 46 84 26 17 84 26 100 8 53 96 46 84 26 100 8 53

62 90 37 85 26 94 7 62 90 37 85 26 94 7
62 90 37 85 26 94 7 62 90 5 90 37 85 26 94 7
62 90 37 85 26 94 7 62 90 37 5 90 37 85 26 94 7
62 90 37 85 26 94 7 62 90 37 5 37 85 26 94 7
62 90 37 85 26 94 7 62 90 37 85 5 37 85 26 94 7
62 90 5 90 37 85 26 94 7 62 90 37 85 26 94 7
62 90 37 5 90 37 85 26 94 7 62 90 37 85 26 94 7
62 90 37 5 37 85 26 94 7 62 90 37 85 26 94 7
62 90 37 85 5 37 85 26 94 7 62 90 37 85 26 94 7

72 40 23 10 68 84 47 72 40 23 10 68 84 47
72 40 23 10 68 84 47 72 40 19 40 23 10 68 84 47
72 40 23 10 68 84 47 72 40 23 19 40 23 10 68 84 47
72 40 23 10 68 84 47 72 40 23 19 23 10 68 84 47
72 40 23 10 68 84 47 72 40 23 10 19 23 10 68 84 47
72 40 19 40 23 10 68 84 47 72 40 23 10 68 84 47
72 40 23 19 40 23 10 68 84 47 72 40 23 10 68 84 47
72 40 23 19 23 10 68 84 47 72 40 23 10 68 84 47
72 40 23 10 19 23 10 68 84 47 72 40 23 10 68 84 47

6 92 64 57 47 68 18 6 92 64 57 47 68 18
6 92 64 57 47 68 18 6 92 18 92 64 57 47 68 18
6 92 64 57 47 68 18 6 92 64 18 92 64 57 47 68 18
6 92 64 57 47 68 18 6 92 64 18 64 57 47 68 18
6 92 64 57 47 68 18 6 92 64 57 18 64 57 47 68 18
6 92 18 92 64 57 47 68 18 6 92 64 57 47 68 18
6 92 64 18 92 64 57 47 68 18 6 92 64 57 47 68 18
6 92 64 18 64 57 47 68 18 6 92 64 57 47 68 18
6 92 64 57 18 64 57 47 68 18 6 92 64 57 47 68 18

72 31 73 76 69 81 48 72 31 73 76 69 81 48
72 31 73 76 69 81 48 72 31 9 31 73 76 69 81 48
72 31 73 76 69 81 48 72 31 73 9 31 73 76 69 81 48
72 31 73 76 69 81 48 72 31 73 9 73 76 69 81 48
72 31 73 76 69 81 48 72 31 73 76 9 73 76 69 81 48
72 31 9 31 73 76 69 81 48 72 31 73 76 69 81 48
72 31 73 9 31 73 76 69 81 48 72 31 73 76 69 81 48
72 31 73 9 73 76 69 81 48 72 31 73 76 69 81 48
72 31 73 76 9 73 76 69 81 48 72 31 73 76 69 81 48

32 68 88 47 48 81 63 32 68 88 47 48 81 63
32 68 88 47 48 81 63 32 68 8 68 88 47 48 81 63
32 68 88 47 48 81 63 32 68 88 8 68 88 47 48 81 63
32 68 88 47 48 81 63 32 68 88 8 88 47 48 81 63
32 68 88 47 48 81 63 32 68 88 47 8 88 47 48 81 63
32 68 8 68 88 47 48 81 63 32 68 88 47 48 81 63
32 68 88 8 68 88 47 48 81 63 32 68 88 47 48 81 63
32 68 88 8 88 47 48 81 63 32 68 88 47 48 81 63
32 68 88 47 8 88 47 48 81 63 32 68 88 47 48 81 63

