150
7
4
2

14
16
1
3
8
8
14
1
30
22
20
9
5
4
9
22
5
3
15
24
1
17
28
28
14
26
4
17
19
29
8
17
21
15
3
12
16
9
10
29
18
21
14
15
10
22
9
0
10
15
8
30
5
14
18
28
18
28
8
21
0
18
13
29
3
11
2
27
26
17
12
11
21
18
17
11
5
28
13
11
13
29
10
9
24
17
3
4
0
3
21
12
6
10
29
18
12
16
21
14
16
27
12
3
18
4
10
10
11
11
9
12
15
0
0
22
22
24
18
6
12
27
21
27
17
15
26
19
28
18
27
28
14
26
0
11
21
13
4
1
26
10
12
15
22
3
24
8
6
0

26 87 
13 68 
86 50 
29 23 
57 40 
25 91 
39 92 
80 70 
85 20 
92 31 
58 73 
90 62 
42 35 
90 38 
16 65 
111 58 
89 51 
87 41 
104 59 
94 30 
59 60 
58 58 
51 89 
40 75 
27 115 
72 16 
70 72 
68 103 
61 105 
91 74 
80 108 
52 113 
47 18 
36 30 
102 38 
21 43 
62 31 
38 24 
59 97 
81 45 
108 42 
15 19 
87 100 
38 51 
63 31 
88 82 
99 51 
21 42 
49 99 
71 60 
55 94 
66 87 
13 85 
21 45 
57 23 
93 32 
16 71 
64 66 
76 60 
58 98 
55 30 
87 100 
32 45 
118 89 
54 19 
55 69 
85 55 
87 105 
39 45 
61 37 
28 44 
95 89 
106 68 
39 77 
19 18 
64 51 
58 33 
34 63 
24 94 
102 31 
68 72 
40 88 
59 114 
51 53 
98 21 
106 32 
53 90 
24 69 
99 61 
107 91 
82 15 
109 88 
56 29 
63 99 
102 44 
95 63 
110 74 
58 40 
90 61 
52 93 
55 102 
69 31 
101 80 
24 18 
43 23 
77 91 
26 104 
21 113 
83 104 
90 96 
24 92 
71 94 
88 79 
42 111 
99 52 
96 72 
52 35 
90 96 
57 39 
114 99 
94 73 
17 18 
27 88 
74 79 
38 37 
61 79 
59 44 
106 105 
43 77 
90 31 
78 12 
32 98 
44 38 
62 32 
92 53 
44 107 
17 118 
88 95 
38 111 
41 94 
76 45 
81 70 
98 41 
95 56 
104 87 
26 85 
57 91 
50 57 
60 116 
106 66 

1714
1413
1695
1690
1762
1497
1676
1977
1336
1416
2155
1686
1870
1889
1841
2016
2502
2147
2394
1531
2020
1784
2152
1565
1277
1777
2247
2100
1852
2152
2059
2712
1549
1928
1798
1538
1990
1669
2137
2230
2093
1358
2179
1418
1441
1667
2328
1719
1800
1663
1983
2148
1647
1374
1774
1840
1748
1768
1729
1431
1766
2138
2048
2258
1723
1071
2006
2512
1699
1338
1823
2004
2037
1969
939
2242
1637
1484
1907
2009
1376
1429
1927
1617
1977
1721
1548
1709
1803
2213
2253
2620
1692
1933
2683
2195
2492
1469
2015
1940
2020
1147
2385
1382
1305
1773
1849
1912
2331
1912
1564
2090
2617
2257
1861
2596
1207
2343
1954
2709
2114
715
1871
1573
1840
1764
1234
2332
1678
1859
1467
1429
1184
1250
1878
1873
1809
2367
1708
2022
1737
2130
2033
1233
2012
2134
1859
1671
1818
1904

1 2 3 4 5 1 2 3 4 5 6 7
1 2 3 4 5 1 2 100 102 3 4 5 6 7
1 2 3 4 5 1 2 3 100 102 103 4 5 6 7
1 2 3 4 5 1 2 3 100 103 4 5 6 7
1 2 3 4 5 1 2 3 4 100 103 104 5 6 7
1 2 100 102 3 4 5 1 2 3 4 5 6 7
1 2 3 100 102 103 4 5 1 2 3 4 5 6 7
1 2 3 100 103 4 5 1 2 3 4 5 6 7
1 2 3 4 100 103 104 5 1 2 3 4 5 6 7

89 57 21 69 26 40 26 89 57 21 69 26 40 26
89 57 21 69 26 40 26 89 57 15 57 21 69 26 40 26
89 57 21 69 26 40 26 89 57 21 15 57 21 69 26 40 26
89 57 21 69 26 40 26 89 57 21 15 21 69 26 40 26
89 57 21 69 26 40 26 89 57 21 69 15 21 69 26 40 26
89 57 15 57 21 69 26 40 26 89 57 21 69 26 40 26
89 57 21 15 57 21 69 26 40 26 89 57 21 69 26 40 26
89 57 21 15 21 69 26 40 26 89 57 21 69 26 40 26
89 57 21 69 15 21 69 26 40 26 89 57 21 69 26 40 26

97 39 8 53 32 19 7 97 39 8 53 32 19 7
97 39 8 53 32 19 7 97 39 20 39 8 53 32 19 7
97 39 8 53 32 19 7 97 39 8 20 39 8 53 32 19 7
97 39 8 53 32 19 7 97 39 8 20 8 53 32 19 7
97 39 8 53 32 19 7 97 39 8 53 20 8 53 32 19 7
97 39 20 39 8 53 32 19 7 97 39 8 53 32 19 7
97 39 8 20 39 8 53 32 19 7 97 39 8 53 32 19 7
97 39 8 20 8 53 32 19 7 97 39 8 53 32 19 7
97 39 8 53 20 8 53 32 19 7 97 39 8 53 32 19 7

56 25 71 37 54 21 88 56 25 71 37 54 21 88
56 25 71 37 54 21 88 56 25 5 25 71 37 54 21 88
56 25 71 37 54 21 88 56 25 71 5 25 71 37 54 21 88
56 25 71 37 54 21 88 56 25 71 5 71 37 54 21 88
56 25 71 37 54 21 88 56 25 71 37 5 71 37 54 21 88
56 25 5 25 71 37 54 21 88 56 25 71 37 54 21 88
56 25 71 5 25 71 37 54 21 88 56 25 71 37 54 21 88
56 25 71 5 71 37 54 21 88 56 25 71 37 54 21 88
56 25 71 37 5 71 37 54 21 88 56 25 71 37 54 21 88

73 53 22 13 73 41 72 73 53 22 13 73 41 72
73 53 22 13 73 41 72 73 53 6 53 22 13 73 41 72
73 53 22 13 73 41 72 73 53 22 6 53 22 13 73 41 72
73 53 22 13 73 41 72 73 53 22 6 22 13 73 41 72
73 53 22 13 73 41 72 73 53 22 13 6 22 13 73 41 72
73 53 6 53 22 13 73 41 72 73 53 22 13 73 41 72
73 53 22 6 53 22 13 73 41 72 73 53 22 13 73 41 72
73 53 22 6 22 13 73 41 72 73 53 22 13 73 41 72
73 53 22 13 6 22 13 73 41 72 73 53 22 13 73 41 72

64 89 46 32 17 38 65 64 89 46 32 17 38 65
64 89 46 32 17 38 65 64 89 18 89 46 32 17 38 65
64 89 46 32 17 38 65 64 89 46 18 89 46 32 17 38 65
64 89 46 32 17 38 65 64 89 46 18 46 32 17 38 65
64 89 46 32 17 38 65 64 89 46 32 18 46 32 17 38 65
64 89 18 89 46 32 17 38 65 64 89 46 32 17 38 65
64 89 46 18 89 46 32 17 38 65 64 89 46 32 17 38 65
64 89 46 18 46 32 17 38 65 64 89 46 32 17 38 65
64 89 46 32 18 46 32 17 38 65 64 89 46 32 17 38 65

28 54 5 85 36 74 29 28 54 5 85 36 74 29
28 54 5 85 36 74 29 28 54 5 54 5 85 36 74 29
28 54 5 85 36 74 29 28 54 5 5 54 5 85 36 74 29
28 54 5 85 36 74 29 28 54 5 5 5 85 36 74 29
28 54 5 85 36 74 29 28 54 5 85 5 5 85 36 74 29
28 54 5 54 5 85 36 74 29 28 54 5 85 36 74 29
28 54 5 5 54 5 85 36 74 29 28 54 5 85 36 74 29
28 54 5 5 5 85 36 74 29 28 54 5 85 36 74 29
28 54 5 85 5 5 85 36 74 29 28 54 5 85 36 74 29

5 37 22 73 77 58 85 5 37 22 73 77 58 85
5 37 22 73 77 58 85 5 37 16 37 22 73 77 58 85
5 37 22 73 77 58 85 5 37 22 16 37 22 73 77 58 85
5 37 22 73 77 58 85 5 37 22 16 22 73 77 58 85
5 37 22 73 77 58 85 5 37 22 73 16 22 73 77 58 85
5 37 16 37 22 73 77 58 85 5 37 22 73 77 58 85
5 37 22 16 37 22 73 77 58 85 5 37 22 73 77 58 85
5 37 22 16 22 73 77 58 85 5 37 22 73 77 58 85
5 37 22 73 16 22 73 77 58 85 5 37 22 73 77 58 85

25 96 73 58 57 52 15 25 96 73 58 57 52 15
25 96 73 58 57 52 15 25 96 9 96 73 58 57 52 15
25 96 73 58 57 52 15 25 96 73 9 96 73 58 57 52 15
25 96 73 58 57 52 15 25 96 73 9 73 58 57 52 15
25 96 73 58 57 52 15 25 96 73 58 9 73 58 57 52 15
25 96 9 96 73 58 57 52 15 25 96 73 58 57 52 15
25 96 73 9 96 73 58 57 52 15 25 96 73 58 57 52 15
25 96 73 9 73 58 57 52 15 25 96 73 58 57 52 15
25 96 73 58 9 73 58 57 52 15 25 96 73 58 57 52 15

16 49 65 15 25 77 41 16 49 65 15 25 77 41
16 49 65 15 25 77 41 16 49 18 49 65 15 25 77 41
16 49 65 15 25 77 41 16 49 65 18 49 65 15 25 77 41
16 49 65 15 25 77 41 16 49 65 18 65 15 25 77 41
16 49 65 15 25 77 41 16 49 65 15 18 65 15 25 77 41
16 49 18 49 65 15 25 77 41 16 49 65 15 25 77 41
16 49 65 18 49 65 15 25 77 41 16 49 65 15 25 77 41
16 49 65 18 65 15 25 77 41 16 49 65 15 25 77 41
16 49 65 15 18 65 15 25 77 41 16 49 65 15 25 77 41

66 38 87 21 8 22 10 66 38 87 21 8 22 10
66 38 87 21 8 22 10 66 38 18 38 87 21 8 22 10
66 38 87 21 8 22 10 66 38 87 18 38 87 21 8 22 10
66 38 87 21 8 22 10 66 38 87 18 87 21 8 22 10
66 38 87 21 8 22 10 66 38 87 21 18 87 21 8 22 10
66 38 18 38 87 21 8 22 10 66 38 87 21 8 22 10
66 38 87 18 38 87 21 8 22 10 66 38 87 21 8 22 10
66 38 87 18 87 21 8 22 10 66 38 87 21 8 22 10
66 38 87 21 18 87 21 8 22 10 66 38 87 21 8 22 10

79 83 42 59 86 19 19 79 83 42 59 86 19 19
79 83 42 59 86 19 19 79 83 12 83 42 59 86 19 19
79 83 42 59 86 19 19 79 83 42 12 83 42 59 86 19 19
79 83 42 59 86 19 19 79 83 42 12 42 59 86 19 19
79 83 42 59 86 19 19 79 83 42 59 12 42 59 86 19 19
79 83 12 83 42 59 86 19 19 79 83 42 59 86 19 19
79 83 42 12 83 42 59 86 19 19 79 83 42 59 86 19 19
79 83 42 12 42 59 86 19 19 79 83 42 59 86 19 19
79 83 42 59 12 42 59 86 19 19 79 83 42 59 86 19 19

13 65 82 47 46 63 15 13 65 82 47 46 63 15
13 65 82 47 46 63 15 13 65 6 65 82 47 46 63 15
13 65 82 47 46 63 15 13 65 82 6 65 82 47 46 63 15
13 65 82 47 46 63 15 13 65 82 6 82 47 46 63 15
13 65 82 47 46 63 15 13 65 82 47 6 82 47 46 63 15
13 65 6 65 82 47 46 63 15 13 65 82 47 46 63 15
13 65 82 6 65 82 47 46 63 15 13 65 82 47 46 63 15
13 65 82 6 82 47 46 63 15 13 65 82 47 46 63 15
13 65 82 47 6 82 47 46 63 15 13 65 82 47 46 63 15

38 56 32 22 93 92 63 38 56 32 22 93 92 63
38 56 32 22 93 92 63 38 56 15 56 32 22 93 92 63
38 56 32 22 93 92 63 38 56 32 15 56 32 22 93 92 63
38 56 32 22 93 92 63 38 56 32 15 32 22 93 92 63
38 56 32 22 93 92 63 38 56 32 22 15 32 22 93 92 63
38 56 15 56 32 22 93 92 63 38 56 32 22 93 92 63
38 56 32 15 56 32 22 93 92 63 38 56 32 22 93 92 63
38 56 32 15 32 22 93 92 63 38 56 32 22 93 92 63
38 56 32 22 15 32 22 93 92 63 38 56 32 22 93 92 63

86 82 71 27 40 22 14 86 82 71 27 40 22 14
86 82 71 27 40 22 14 86 82 20 82 71 27 40 22 14
86 82 71 27 40 22 14 86 82 71 20 82 71 27 40 22 14
86 82 71 27 40 22 14 86 82 71 20 71 27 40 22 14
86 82 71 27 40 22 14 86 82 71 27 20 71 27 40 22 14
86 82 20 82 71 27 40 22 14 86 82 71 27 40 22 14
86 82 71 20 82 71 27 40 22 14 86 82 71 27 40 22 14
86 82 71 20 71 27 40 22 14 86 82 71 27 40 22 14
86 82 71 27 20 71 27 40 22 14 86 82 71 27 40 22 14

70 65 8 51 56 77 49 70 65 8 51 56 77 49
70 65 8 51 56 77 49 70 65 7 65 8 51 56 77 49
70 65 8 51 56 77 49 70 65 8 7 65 8 51 56 77 49
70 65 8 51 56 77 49 70 65 8 7 8 51 56 77 49
70 65 8 51 56 77 49 70 65 8 51 7 8 51 56 77 49
70 65 7 65 8 51 56 77 49 70 65 8 51 56 77 49
70 65 8 7 65 8 51 56 77 49 70 65 8 51 56 77 49
70 65 8 7 8 51 56 77 49 70 65 8 51 56 77 49
70 65 8 51 7 8 51 56 77 49 70 65 8 51 56 77 49

79 92 93 40 23 25 22 79 92 93 40 23 25 22
79 92 93 40 23 25 22 79 92 15 92 93 40 23 25 22
79 92 93 40 23 25 22 79 92 93 15 92 93 40 23 25 22
79 92 93 40 23 25 22 79 92 93 15 93 40 23 25 22
79 92 93 40 23 25 22 79 92 93 40 15 93 40 23 25 22
79 92 15 92 93 40 23 25 22 79 92 93 40 23 25 22
79 92 93 15 92 93 40 23 25 22 79 92 93 40 23 25 22
79 92 93 15 93 40 23 25 22 79 92 93 40 23 25 22
79 92 93 40 15 93 40 23 25 22 79 92 93 40 23 25 22

84 98 79 39 71 73 34 84 98 79 39 71 73 34
84 98 79 39 71 73 34 84 98 19 98 79 39 71 73 34
84 98 79 39 71 73 34 84 98 79 19 98 79 39 71 73 34
84 98 79 39 71 73 34 84 98 79 19 79 39 71 73 34
84 98 79 39 71 73 34 84 98 79 39 19 79 39 71 73 34
84 98 19 98 79 39 71 73 34 84 98 79 39 71 73 34
84 98 79 19 98 79 39 71 73 34 84 98 79 39 71 73 34
84 98 79 19 79 39 71 73 34 84 98 79 39 71 73 34
84 98 79 39 19 79 39 71 73 34 84 98 79 39 71 73 34

79 59 74 33 52 89 60 79 59 74 33 52 89 60
79 59 74 33 52 89 60 79 59 14 59 74 33 52 89 60
79 59 74 33 52 89 60 79 59 74 14 59 74 33 52 89 60
79 59 74 33 52 89 60 79 59 74 14 74 33 52 89 60
79 59 74 33 52 89 60 79 59 74 33 14 74 33 52 89 60
79 59 14 59 74 33 52 89 60 79 59 74 33 52 89 60
79 59 74 14 59 74 33 52 89 60 79 59 74 33 52 89 60
79 59 74 14 74 33 52 89 60 79 59 74 33 52 89 60
79 59 74 33 14 74 33 52 89 60 79 59 74 33 52 89 60

59 93 98 52 26 83 69 59 93 98 52 26 83 69
59 93 98 52 26 83 69 59 93 5 93 98 52 26 83 69
59 93 98 52 26 83 69 59 93 98 5 93 98 52 26 83 69
59 93 98 52 26 83 69 59 93 98 5 98 52 26 83 69
59 93 98 52 26 83 69 59 93 98 52 5 98 52 26 83 69
59 93 5 93 98 52 26 83 69 59 93 98 52 26 83 69
59 93 98 5 93 98 52 26 83 69 59 93 98 52 26 83 69
59 93 98 5 98 52 26 83 69 59 93 98 52 26 83 69
59 93 98 52 5 98 52 26 83 69 59 93 98 52 26 83 69

26 43 87 12 36 42 77 26 43 87 12 36 42 77
26 43 87 12 36 42 77 26 43 9 43 87 12 36 42 77
26 43 87 12 36 42 77 26 43 87 9 43 87 12 36 42 77
26 43 87 12 36 42 77 26 43 87 9 87 12 36 42 77
26 43 87 12 36 42 77 26 43 87 12 9 87 12 36 42 77
26 43 9 43 87 12 36 42 77 26 43 87 12 36 42 77
26 43 87 9 43 87 12 36 42 77 26 43 87 12 36 42 77
26 43 87 9 87 12 36 42 77 26 43 87 12 36 42 77
26 43 87 12 9 87 12 36 42 77 26 43 87 12 36 42 77

87 41 54 52 62 66 26 87 41 54 52 62 66 26
87 41 54 52 62 66 26 87 41 14 41 54 52 62 66 26
87 41 54 52 62 66 26 87 41 54 14 41 54 52 62 66 26
87 41 54 52 62 66 26 87 41 54 14 54 52 62 66 26
87 41 54 52 62 66 26 87 41 54 52 14 54 52 62 66 26
87 41 14 41 54 52 62 66 26 87 41 54 52 62 66 26
87 41 54 14 41 54 52 62 66 26 87 41 54 52 62 66 26
87 41 54 14 54 52 62 66 26 87 41 54 52 62 66 26
87 41 54 52 14 54 52 62 66 26 87 41 54 52 62 66 26

33 74 43 44 86 50 8 33 74 43 44 86 50 8
33 74 43 44 86 50 8 33 74 12 74 43 44 86 50 8
33 74 43 44 86 50 8 33 74 43 12 74 43 44 86 50 8
33 74 43 44 86 50 8 33 74 43 12 43 44 86 50 8
33 74 43 44 86 50 8 33 74 43 44 12 43 44 86 50 8
33 74 12 74 43 44 86 50 8 33 74 43 44 86 50 8
33 74 43 12 74 43 44 86 50 8 33 74 43 44 86 50 8
33 74 43 12 43 44 86 50 8 33 74 43 44 86 50 8
33 74 43 44 12 43 44 86 50 8 33 74 43 44 86 50 8

78 96 35 74 39 41 53 78 96 35 74 39 41 53
78 96 35 74 39 41 53 78 96 16 96 35 74 39 41 53
78 96 35 74 39 41 53 78 96 35 16 96 35 74 39 41 53
78 96 35 74 39 41 53 78 96 35 16 35 74 39 41 53
78 96 35 74 39 41 53 78 96 35 74 16 35 74 39 41 53
78 96 16 96 35 74 39 41 53 78 96 35 74 39 41 53
78 96 35 16 96 35 74 39 41 53 78 96 35 74 39 41 53
78 96 35 16 35 74 39 41 53 78 96 35 74 39 41 53
78 96 35 74 16 35 74 39 41 53 78 96 35 74 39 41 53

88 6 22 61 15 62 93 88 6 22 61 15 62 93
88 6 22 61 15 62 93 88 6 9 6 22 61 15 62 93
88 6 22 61 15 62 93 88 6 22 9 6 22 61 15 62 93
88 6 22 61 15 62 93 88 6 22 9 22 61 15 62 93
88 6 22 61 15 62 93 88 6 22 61 9 22 61 15 62 93
88 6 9 6 22 61 15 62 93 88 6 22 61 15 62 93
88 6 22 9 6 22 61 15 62 93 88 6 22 61 15 62 93
88 6 22 9 22 61 15 62 93 88 6 22 61 15 62 93
88 6 22 61 9 22 61 15 62 93 88 6 22 61 15 62 93

20 23 19 97 24 14 60 20 23 19 97 24 14 60
20 23 19 97 24 14 60 20 23 7 23 19 97 24 14 60
20 23 19 97 24 14 60 20 23 19 7 23 19 97 24 14 60
20 23 19 97 24 14 60 20 23 19 7 19 97 24 14 60
20 23 19 97 24 14 60 20 23 19 97 7 19 97 24 14 60
20 23 7 23 19 97 24 14 60 20 23 19 97 24 14 60
20 23 19 7 23 19 97 24 14 60 20 23 19 97 24 14 60
20 23 19 7 19 97 24 14 60 20 23 19 97 24 14 60
20 23 19 97 7 19 97 24 14 60 20 23 19 97 24 14 60

29 73 55 11 75 30 96 29 73 55 11 75 30 96
29 73 55 11 75 30 96 29 73 5 73 55 11 75 30 96
29 73 55 11 75 30 96 29 73 55 5 73 55 11 75 30 96
29 73 55 11 75 30 96 29 73 55 5 55 11 75 30 96
29 73 55 11 75 30 96 29 73 55 11 5 55 11 75 30 96
29 73 5 73 55 11 75 30 96 29 73 55 11 75 30 96
29 73 55 5 73 55 11 75 30 96 29 73 55 11 75 30 96
29 73 55 5 55 11 75 30 96 29 73 55 11 75 30 96
29 73 55 11 5 55 11 75 30 96 29 73 55 11 75 30 96

90 42 56 66 65 99 40 90 42 56 66 65 99 40
90 42 56 66 65 99 40 90 42 8 42 56 66 65 99 40
90 42 56 66 65 99 40 90 42 56 8 42 56 66 65 99 40
90 42 56 66 65 99 40 90 42 56 8 56 66 65 99 40
90 42 56 66 65 99 40 90 42 56 66 8 56 66 65 99 40
90 42 8 42 56 66 65 99 40 90 42 56 66 65 99 40
90 42 56 8 42 56 66 65 99 40 90 42 56 66 65 99 40
90 42 56 8 56 66 65 99 40 90 42 56 66 65 99 40
90 42 56 66 8 56 66 65 99 40 90 42 56 66 65 99 40

66 13 49 94 87 49 54 66 13 49 94 87 49 54
66 13 49 94 87 49 54 66 13 15 13 49 94 87 49 54
66 13 49 94 87 49 54 66 13 49 15 13 49 94 87 49 54
66 13 49 94 87 49 54 66 13 49 15 49 94 87 49 54
66 13 49 94 87 49 54 66 13 49 94 15 49 94 87 49 54
66 13 15 13 49 94 87 49 54 66 13 49 94 87 49 54
66 13 49 15 13 49 94 87 49 54 66 13 49 94 87 49 54
66 13 49 15 49 94 87 49 54 66 13 49 94 87 49 54
66 13 49 94 15 49 94 87 49 54 66 13 49 94 87 49 54

29 79 41 86 24 36 75 29 79 41 86 24 36 75
29 79 41 86 24 36 75 29 79 15 79 41 86 24 36 75
29 79 41 86 24 36 75 29 79 41 15 79 41 86 24 36 75
29 79 41 86 24 36 75 29 79 41 15 41 86 24 36 75
29 79 41 86 24 36 75 29 79 41 86 15 41 86 24 36 75
29 79 15 79 41 86 24 36 75 29 79 41 86 24 36 75
29 79 41 15 79 41 86 24 36 75 29 79 41 86 24 36 75
29 79 41 15 41 86 24 36 75 29 79 41 86 24 36 75
29 79 41 86 15 41 86 24 36 75 29 79 41 86 24 36 75

75 78 71 69 6 69 66 75 78 71 69 6 69 66
75 78 71 69 6 69 66 75 78 13 78 71 69 6 69 66
75 78 71 69 6 69 66 75 78 71 13 78 71 69 6 69 66
75 78 71 69 6 69 66 75 78 71 13 71 69 6 69 66
75 78 71 69 6 69 66 75 78 71 69 13 71 69 6 69 66
75 78 13 78 71 69 6 69 66 75 78 71 69 6 69 66
75 78 71 13 78 71 69 6 69 66 75 78 71 69 6 69 66
75 78 71 13 71 69 6 69 66 75 78 71 69 6 69 66
75 78 71 69 13 71 69 6 69 66 75 78 71 69 6 69 66

26 53 66 91 56 54 76 26 53 66 91 56 54 76
26 53 66 91 56 54 76 26 53 5 53 66 91 56 54 76
26 53 66 91 56 54 76 26 53 66 5 53 66 91 56 54 76
26 53 66 91 56 54 76 26 53 66 5 66 91 56 54 76
26 53 66 91 56 54 76 26 53 66 91 5 66 91 56 54 76
26 53 5 53 66 91 56 54 76 26 53 66 91 56 54 76
26 53 66 5 53 66 91 56 54 76 26 53 66 91 56 54 76
26 53 66 5 66 91 56 54 76 26 53 66 91 56 54 76
26 53 66 91 5 66 91 56 54 76 26 53 66 91 56 54 76

74 96 36 94 91 53 81 74 96 36 94 91 53 81
74 96 36 94 91 53 81 74 96 5 96 36 94 91 53 81
74 96 36 94 91 53 81 74 96 36 5 96 36 94 91 53 81
74 96 36 94 91 53 81 74 96 36 5 36 94 91 53 81
74 96 36 94 91 53 81 74 96 36 94 5 36 94 91 53 81
74 96 5 96 36 94 91 53 81 74 96 36 94 91 53 81
74 96 36 5 96 36 94 91 53 81 74 96 36 94 91 53 81
74 96 36 5 36 94 91 53 81 74 96 36 94 91 53 81
74 96 36 94 5 36 94 91 53 81 74 96 36 94 91 53 81

47 75 33 8 55 55 28 47 75 33 8 55 55 28
47 75 33 8 55 55 28 47 75 5 75 33 8 55 55 28
47 75 33 8 55 55 28 47 75 33 5 75 33 8 55 55 28
47 75 33 8 55 55 28 47 75 33 5 33 8 55 55 28
47 75 33 8 55 55 28 47 75 33 8 5 33 8 55 55 28
47 75 5 75 33 8 55 55 28 47 75 33 8 55 55 28
47 75 33 5 75 33 8 55 55 28 47 75 33 8 55 55 28
47 75 33 5 33 8 55 55 28 47 75 33 8 55 55 28
47 75 33 8 5 33 8 55 55 28 47 75 33 8 55 55 28

97 39 27 13 100 34 64 97 39 27 13 100 34 64
97 39 27 13 100 34 64 97 39 9 39 27 13 100 34 64
97 39 27 13 100 34 64 97 39 27 9 39 27 13 100 34 64
97 39 27 13 100 34 64 97 39 27 9 27 13 100 34 64
97 39 27 13 100 34 64 97 39 27 13 9 27 13 100 34 64
97 39 9 39 27 13 100 34 64 97 39 27 13 100 34 64
97 39 27 9 39 27 13 100 34 64 97 39 27 13 100 34 64
97 39 27 9 27 13 100 34 64 97 39 27 13 100 34 64
97 39 27 13 9 27 13 100 34 64 97 39 27 13 100 34 64

37 98 92 27 8 37 51 37 98 92 27 8 37 51
37 98 92 27 8 37 51 37 98 19 98 92 27 8 37 51
37 98 92 27 8 37 51 37 98 92 19 98 92 27 8 37 51
37 98 92 27 8 37 51 37 98 92 19 92 27 8 37 51
37 98 92 27 8 37 51 37 98 92 27 19 92 27 8 37 51
37 98 19 98 92 27 8 37 51 37 98 92 27 8 37 51
37 98 92 19 98 92 27 8 37 51 37 98 92 27 8 37 51
37 98 92 19 92 27 8 37 51 37 98 92 27 8 37 51
37 98 92 27 19 92 27 8 37 51 37 98 92 27 8 37 51

37 18 10 34 96 98 44 37 18 10 34 96 98 44
37 18 10 34 96 98 44 37 18 13 18 10 34 96 98 44
37 18 10 34 96 98 44 37 18 10 13 18 10 34 96 98 44
37 18 10 34 96 98 44 37 18 10 13 10 34 96 98 44
37 18 10 34 96 98 44 37 18 10 34 13 10 34 96 98 44
37 18 13 18 10 34 96 98 44 37 18 10 34 96 98 44
37 18 10 13 18 10 34 96 98 44 37 18 10 34 96 98 44
37 18 10 13 10 34 96 98 44 37 18 10 34 96 98 44
37 18 10 34 13 10 34 96 98 44 37 18 10 34 96 98 44

65 25 57 25 100 83 61 65 25 57 25 100 83 61
65 25 57 25 100 83 61 65 25 20 25 57 25 100 83 61
65 25 57 25 100 83 61 65 25 57 20 25 57 25 100 83 61
65 25 57 25 100 83 61 65 25 57 20 57 25 100 83 61
65 25 57 25 100 83 61 65 25 57 25 20 57 25 100 83 61
65 25 20 25 57 25 100 83 61 65 25 57 25 100 83 61
65 25 57 20 25 57 25 100 83 61 65 25 57 25 100 83 61
65 25 57 20 57 25 100 83 61 65 25 57 25 100 83 61
65 25 57 25 20 57 25 100 83 61 65 25 57 25 100 83 61

99 50 23 6 74 40 32 99 50 23 6 74 40 32
99 50 23 6 74 40 32 99 50 5 50 23 6 74 40 32
99 50 23 6 74 40 32 99 50 23 5 50 23 6 74 40 32
99 50 23 6 74 40 32 99 50 23 5 23 6 74 40 32
99 50 23 6 74 40 32 99 50 23 6 5 23 6 74 40 32
99 50 5 50 23 6 74 40 32 99 50 23 6 74 40 32
99 50 23 5 50 23 6 74 40 32 99 50 23 6 74 40 32
99 50 23 5 23 6 74 40 32 99 50 23 6 74 40 32
99 50 23 6 5 23 6 74 40 32 99 50 23 6 74 40 32

99 31 49 79 46 27 93 99 31 49 79 46 27 93
99 31 49 79 46 27 93 99 31 6 31 49 79 46 27 93
99 31 49 79 46 27 93 99 31 49 6 31 49 79 46 27 93
99 31 49 79 46 27 93 99 31 49 6 49 79 46 27 93
99 31 49 79 46 27 93 99 31 49 79 6 49 79 46 27 93
99 31 6 31 49 79 46 27 93 99 31 49 79 46 27 93
99 31 49 6 31 49 79 46 27 93 99 31 49 79 46 27 93
99 31 49 6 49 79 46 27 93 99 31 49 79 46 27 93
99 31 49 79 6 49 79 46 27 93 99 31 49 79 46 27 93

93 29 76 27 85 84 70 93 29 76 27 85 84 70
93 29 76 27 85 84 70 93 29 19 29 76 27 85 84 70
93 29 76 27 85 84 70 93 29 76 19 29 76 27 85 84 70
93 29 76 27 85 84 70 93 29 76 19 76 27 85 84 70
93 29 76 27 85 84 70 93 29 76 27 19 76 27 85 84 70
93 29 19 29 76 27 85 84 70 93 29 76 27 85 84 70
93 29 76 19 29 76 27 85 84 70 93 29 76 27 85 84 70
93 29 76 19 76 27 85 84 70 93 29 76 27 85 84 70
93 29 76 27 19 76 27 85 84 70 93 29 76 27 85 84 70

41 62 98 37 72 43 43 41 62 98 37 72 43 43
41 62 98 37 72 43 43 41 62 11 62 98 37 72 43 43
41 62 98 37 72 43 43 41 62 98 11 62 98 37 72 43 43
41 62 98 37 72 43 43 41 62 98 11 98 37 72 43 43
41 62 98 37 72 43 43 41 62 98 37 11 98 37 72 43 43
41 62 11 62 98 37 72 43 43 41 62 98 37 72 43 43
41 62 98 11 62 98 37 72 43 43 41 62 98 37 72 43 43
41 62 98 11 98 37 72 43 43 41 62 98 37 72 43 43
41 62 98 37 11 98 37 72 43 43 41 62 98 37 72 43 43

66 15 9 13 90 65 18 66 15 9 13 90 65 18
66 15 9 13 90 65 18 66 15 14 15 9 13 90 65 18
66 15 9 13 90 65 18 66 15 9 14 15 9 13 90 65 18
66 15 9 13 90 65 18 66 15 9 14 9 13 90 65 18
66 15 9 13 90 65 18 66 15 9 13 14 9 13 90 65 18
66 15 14 15 9 13 90 65 18 66 15 9 13 90 65 18
66 15 9 14 15 9 13 90 65 18 66 15 9 13 90 65 18
66 15 9 14 9 13 90 65 18 66 15 9 13 90 65 18
66 15 9 13 14 9 13 90 65 18 66 15 9 13 90 65 18

40 90 77 94 21 21 68 40 90 77 94 21 21 68
40 90 77 94 21 21 68 40 90 18 90 77 94 21 21 68
40 90 77 94 21 21 68 40 90 77 18 90 77 94 21 21 68
40 90 77 94 21 21 68 40 90 77 18 77 94 21 21 68
40 90 77 94 21 21 68 40 90 77 94 18 77 94 21 21 68
40 90 18 90 77 94 21 21 68 40 90 77 94 21 21 68
40 90 77 18 90 77 94 21 21 68 40 90 77 94 21 21 68
40 90 77 18 77 94 21 21 68 40 90 77 94 21 21 68
40 90 77 94 18 77 94 21 21 68 40 90 77 94 21 21 68

22 47 18 43 66 40 61 22 47 18 43 66 40 61
22 47 18 43 66 40 61 22 47 10 47 18 43 66 40 61
22 47 18 43 66 40 61 22 47 18 10 47 18 43 66 40 61
22 47 18 43 66 40 61 22 47 18 10 18 43 66 40 61
22 47 18 43 66 40 61 22 47 18 43 10 18 43 66 40 61
22 47 10 47 18 43 66 40 61 22 47 18 43 66 40 61
22 47 18 10 47 18 43 66 40 61 22 47 18 43 66 40 61
22 47 18 10 18 43 66 40 61 22 47 18 43 66 40 61
22 47 18 43 10 18 43 66 40 61 22 47 18 43 66 40 61

29 77 43 18 37 33 56 29 77 43 18 37 33 56
29 77 43 18 37 33 56 29 77 16 77 43 18 37 33 56
29 77 43 18 37 33 56 29 77 43 16 77 43 18 37 33 56
29 77 43 18 37 33 56 29 77 43 16 43 18 37 33 56
29 77 43 18 37 33 56 29 77 43 18 16 43 18 37 33 56
29 77 16 77 43 18 37 33 56 29 77 43 18 37 33 56
29 77 43 16 77 43 18 37 33 56 29 77 43 18 37 33 56
29 77 43 16 43 18 37 33 56 29 77 43 18 37 33 56
29 77 43 18 16 43 18 37 33 56 29 77 43 18 37 33 56

6 73 71 71 31 33 37 6 73 71 71 31 33 37
6 73 71 71 31 33 37 6 73 7 73 71 71 31 33 37
6 73 71 71 31 33 37 6 73 71 7 73 71 71 31 33 37
6 73 71 71 31 33 37 6 73 71 7 71 71 31 33 37
6 73 71 71 31 33 37 6 73 71 71 7 71 71 31 33 37
6 73 7 73 71 71 31 33 37 6 73 71 71 31 33 37
6 73 71 7 73 71 71 31 33 37 6 73 71 71 31 33 37
6 73 71 7 71 71 31 33 37 6 73 71 71 31 33 37
6 73 71 71 7 71 71 31 33 37 6 73 71 71 31 33 37

70 84 80 37 61 36 88 70 84 80 37 61 36 88
70 84 80 37 61 36 88 70 84 15 84 80 37 61 36 88
70 84 80 37 61 36 88 70 84 80 15 84 80 37 61 36 88
70 84 80 37 61 36 88 70 84 80 15 80 37 61 36 88
70 84 80 37 61 36 88 70 84 80 37 15 80 37 61 36 88
70 84 15 84 80 37 61 36 88 70 84 80 37 61 36 88
70 84 80 15 84 80 37 61 36 88 70 84 80 37 61 36 88
70 84 80 15 80 37 61 36 88 70 84 80 37 61 36 88
70 84 80 37 15 80 37 61 36 88 70 84 80 37 61 36 88

50 52 14 27 85 81 45 50 52 14 27 85 81 45
50 52 14 27 85 81 45 50 52 8 52 14 27 85 81 45
50 52 14 27 85 81 45 50 52 14 8 52 14 27 85 81 45
50 52 14 27 85 81 45 50 52 14 8 14 27 85 81 45
50 52 14 27 85 81 45 50 52 14 27 8 14 27 85 81 45
50 52 8 52 14 27 85 81 45 50 52 14 27 85 81 45
50 52 14 8 52 14 27 85 81 45 50 52 14 27 85 81 45
50 52 14 8 14 27 85 81 45 50 52 14 27 85 81 45
50 52 14 27 8 14 27 85 81 45 50 52 14 27 85 81 45

51 70 29 84 29 33 60 51 70 29 84 29 33 60
51 70 29 84 29 33 60 51 70 11 70 29 84 29 33 60
51 70 29 84 29 33 60 51 70 29 11 70 29 84 29 33 60
51 70 29 84 29 33 60 51 70 29 11 29 84 29 33 60
51 70 29 84 29 33 60 51 70 29 84 11 29 84 29 33 60
51 70 11 70 29 84 29 33 60 51 70 29 84 29 33 60
51 70 29 11 70 29 84 29 33 60 51 70 29 84 29 33 60
51 70 29 11 29 84 29 33 60 51 70 29 84 29 33 60
51 70 29 84 11 29 84 29 33 60 51 70 29 84 29 33 60

56 62 62 48 6 22 82 56 62 62 48 6 22 82
56 62 62 48 6 22 82 56 62 9 62 62 48 6 22 82
56 62 62 48 6 22 82 56 62 62 9 62 62 48 6 22 82
56 62 62 48 6 22 82 56 62 62 9 62 48 6 22 82
56 62 62 48 6 22 82 56 62 62 48 9 62 48 6 22 82
56 62 9 62 62 48 6 22 82 56 62 62 48 6 22 82
56 62 62 9 62 62 48 6 22 82 56 62 62 48 6 22 82
56 62 62 9 62 48 6 22 82 56 62 62 48 6 22 82
56 62 62 48 9 62 48 6 22 82 56 62 62 48 6 22 82

80 59 49 86 7 72 40 80 59 49 86 7 72 40
80 59 49 86 7 72 40 80 59 18 59 49 86 7 72 40
80 59 49 86 7 72 40 80 59 49 18 59 49 86 7 72 40
80 59 49 86 7 72 40 80 59 49 18 49 86 7 72 40
80 59 49 86 7 72 40 80 59 49 86 18 49 86 7 72 40
80 59 18 59 49 86 7 72 40 80 59 49 86 7 72 40
80 59 49 18 59 49 86 7 72 40 80 59 49 86 7 72 40
80 59 49 18 49 86 7 72 40 80 59 49 86 7 72 40
80 59 49 86 18 49 86 7 72 40 80 59 49 86 7 72 40

64 88 49 82 44 38 51 64 88 49 82 44 38 51
64 88 49 82 44 38 51 64 88 12 88 49 82 44 38 51
64 88 49 82 44 38 51 64 88 49 12 88 49 82 44 38 51
64 88 49 82 44 38 51 64 88 49 12 49 82 44 38 51
64 88 49 82 44 38 51 64 88 49 82 12 49 82 44 38 51
64 88 12 88 49 82 44 38 51 64 88 49 82 44 38 51
64 88 49 12 88 49 82 44 38 51 64 88 49 82 44 38 51
64 88 49 12 49 82 44 38 51 64 88 49 82 44 38 51
64 88 49 82 12 49 82 44 38 51 64 88 49 82 44 38 51

68 68 6 79 52 11 11 68 68 6 79 52 11 11
68 68 6 79 52 11 11 68 68 10 68 6 79 52 11 11
68 68 6 79 52 11 11 68 68 6 10 68 6 79 52 11 11
68 68 6 79 52 11 11 68 68 6 10 6 79 52 11 11
68 68 6 79 52 11 11 68 68 6 79 10 6 79 52 11 11
68 68 10 68 6 79 52 11 11 68 68 6 79 52 11 11
68 68 6 10 68 6 79 52 11 11 68 68 6 79 52 11 11
68 68 6 10 6 79 52 11 11 68 68 6 79 52 11 11
68 68 6 79 10 6 79 52 11 11 68 68 6 79 52 11 11

47 70 5 35 23 77 31 47 70 5 35 23 77 31
47 70 5 35 23 77 31 47 70 15 70 5 35 23 77 31
47 70 5 35 23 77 31 47 70 5 15 70 5 35 23 77 31
47 70 5 35 23 77 31 47 70 5 15 5 35 23 77 31
47 70 5 35 23 77 31 47 70 5 35 15 5 35 23 77 31
47 70 15 70 5 35 23 77 31 47 70 5 35 23 77 31
47 70 5 15 70 5 35 23 77 31 47 70 5 35 23 77 31
47 70 5 15 5 35 23 77 31 47 70 5 35 23 77 31
47 70 5 35 15 5 35 23 77 31 47 70 5 35 23 77 31

76 55 43 16 56 35 84 76 55 43 16 56 35 84
76 55 43 16 56 35 84 76 55 20 55 43 16 56 35 84
76 55 43 16 56 35 84 76 55 43 20 55 43 16 56 35 84
76 55 43 16 56 35 84 76 55 43 20 43 16 56 35 84
76 55 43 16 56 35 84 76 55 43 16 20 43 16 56 35 84
76 55 20 55 43 16 56 35 84 76 55 43 16 56 35 84
76 55 43 20 55 43 16 56 35 84 76 55 43 16 56 35 84
76 55 43 20 43 16 56 35 84 76 55 43 16 56 35 84
76 55 43 16 20 43 16 56 35 84 76 55 43 16 56 35 84

36 29 83 26 98 44 45 36 29 83 26 98 44 45
36 29 83 26 98 44 45 36 29 14 29 83 26 98 44 45
36 29 83 26 98 44 45 36 29 83 14 29 83 26 98 44 45
36 29 83 26 98 44 45 36 29 83 14 83 26 98 44 45
36 29 83 26 98 44 45 36 29 83 26 14 83 26 98 44 45
36 29 14 29 83 26 98 44 45 36 29 83 26 98 44 45
36 29 83 14 29 83 26 98 44 45 36 29 83 26 98 44 45
36 29 83 14 83 26 98 44 45 36 29 83 26 98 44 45
36 29 83 26 14 83 26 98 44 45 36 29 83 26 98 44 45

81 82 8 51 38 24 57 81 82 8 51 38 24 57
81 82 8 51 38 24 57 81 82 6 82 8 51 38 24 57
81 82 8 51 38 24 57 81 82 8 6 82 8 51 38 24 57
81 82 8 51 38 24 57 81 82 8 6 8 51 38 24 57
81 82 8 51 38 24 57 81 82 8 51 6 8 51 38 24 57
81 82 6 82 8 51 38 24 57 81 82 8 51 38 24 57
81 82 8 6 82 8 51 38 24 57 81 82 8 51 38 24 57
81 82 8 6 8 51 38 24 57 81 82 8 51 38 24 57
81 82 8 51 6 8 51 38 24 57 81 82 8 51 38 24 57

91 20 53 60 44 43 17 91 20 53 60 44 43 17
91 20 53 60 44 43 17 91 20 19 20 53 60 44 43 17
91 20 53 60 44 43 17 91 20 53 19 20 53 60 44 43 17
91 20 53 60 44 43 17 91 20 53 19 53 60 44 43 17
91 20 53 60 44 43 17 91 20 53 60 19 53 60 44 43 17
91 20 19 20 53 60 44 43 17 91 20 53 60 44 43 17
91 20 53 19 20 53 60 44 43 17 91 20 53 60 44 43 17
91 20 53 19 53 60 44 43 17 91 20 53 60 44 43 17
91 20 53 60 19 53 60 44 43 17 91 20 53 60 44 43 17

24 8 64 53 90 67 59 24 8 64 53 90 67 59
24 8 64 53 90 67 59 24 8 5 8 64 53 90 67 59
24 8 64 53 90 67 59 24 8 64 5 8 64 53 90 67 59
24 8 64 53 90 67 59 24 8 64 5 64 53 90 67 59
24 8 64 53 90 67 59 24 8 64 53 5 64 53 90 67 59
24 8 5 8 64 53 90 67 59 24 8 64 53 90 67 59
24 8 64 5 8 64 53 90 67 59 24 8 64 53 90 67 59
24 8 64 5 64 53 90 67 59 24 8 64 53 90 67 59
24 8 64 53 5 64 53 90 67 59 24 8 64 53 90 67 59

12 53 44 82 24 46 19 12 53 44 82 24 46 19
12 53 44 82 24 46 19 12 53 15 53 44 82 24 46 19
12 53 44 82 24 46 19 12 53 44 15 53 44 82 24 46 19
12 53 44 82 24 46 19 12 53 44 15 44 82 24 46 19
12 53 44 82 24 46 19 12 53 44 82 15 44 82 24 46 19
12 53 15 53 44 82 24 46 19 12 53 44 82 24 46 19
12 53 44 15 53 44 82 24 46 19 12 53 44 82 24 46 19
12 53 44 15 44 82 24 46 19 12 53 44 82 24 46 19
12 53 44 82 15 44 82 24 46 19 12 53 44 82 24 46 19

31 87 43 21 88 30 42 31 87 43 21 88 30 42
31 87 43 21 88 30 42 31 87 10 87 43 21 88 30 42
31 87 43 21 88 30 42 31 87 43 10 87 43 21 88 30 42
31 87 43 21 88 30 42 31 87 43 10 43 21 88 30 42
31 87 43 21 88 30 42 31 87 43 21 10 43 21 88 30 42
31 87 10 87 43 21 88 30 42 31 87 43 21 88 30 42
31 87 43 10 87 43 21 88 30 42 31 87 43 21 88 30 42
31 87 43 10 43 21 88 30 42 31 87 43 21 88 30 42
31 87 43 21 10 43 21 88 30 42 31 87 43 21 88 30 42

74 25 67 82 54 71 69 74 25 67 82 54 71 69
74 25 67 82 54 71 69 74 25 19 25 67 82 54 71 69
74 25 67 82 54 71 69 74 25 67 19 25 67 82 54 71 69
74 25 67 82 54 71 69 74 25 67 19 67 82 54 71 69
74 25 67 82 54 71 69 74 25 67 82 19 67 82 54 71 69
74 25 19 25 67 82 54 71 69 74 25 67 82 54 71 69
74 25 67 19 25 67 82 54 71 69 74 25 67 82 54 71 69
74 25 67 19 67 82 54 71 69 74 25 67 82 54 71 69
74 25 67 82 19 67 82 54 71 69 74 25 67 82 54 71 69

94 46 16 40 95 42 90 94 46 16 40 95 42 90
94 46 16 40 95 42 90 94 46 13 46 16 40 95 42 90
94 46 16 40 95 42 90 94 46 16 13 46 16 40 95 42 90
94 46 16 40 95 42 90 94 46 16 13 16 40 95 42 90
94 46 16 40 95 42 90 94 46 16 40 13 16 40 95 42 90
94 46 13 46 16 40 95 42 90 94 46 16 40 95 42 90
94 46 16 13 46 16 40 95 42 90 94 46 16 40 95 42 90
94 46 16 13 16 40 95 42 90 94 46 16 40 95 42 90
94 46 16 40 13 16 40 95 42 90 94 46 16 40 95 42 90

33 86 98 79 5 76 77 33 86 98 79 5 76 77
33 86 98 79 5 76 77 33 86 19 86 98 79 5 76 77
33 86 98 79 5 76 77 33 86 98 19 86 98 79 5 76 77
33 86 98 79 5 76 77 33 86 98 19 98 79 5 76 77
33 86 98 79 5 76 77 33 86 98 79 19 98 79 5 76 77
33 86 19 86 98 79 5 76 77 33 86 98 79 5 76 77
33 86 98 19 86 98 79 5 76 77 33 86 98 79 5 76 77
33 86 98 19 98 79 5 76 77 33 86 98 79 5 76 77
33 86 98 79 19 98 79 5 76 77 33 86 98 79 5 76 77

52 83 42 13 53 26 92 52 83 42 13 53 26 92
52 83 42 13 53 26 92 52 83 9 83 42 13 53 26 92
52 83 42 13 53 26 92 52 83 42 9 83 42 13 53 26 92
52 83 42 13 53 26 92 52 83 42 9 42 13 53 26 92
52 83 42 13 53 26 92 52 83 42 13 9 42 13 53 26 92
52 83 9 83 42 13 53 26 92 52 83 42 13 53 26 92
52 83 42 9 83 42 13 53 26 92 52 83 42 13 53 26 92
52 83 42 9 42 13 53 26 92 52 83 42 13 53 26 92
52 83 42 13 9 42 13 53 26 92 52 83 42 13 53 26 92

5 58 39 56 13 11 19 5 58 39 56 13 11 19
5 58 39 56 13 11 19 5 58 18 58 39 56 13 11 19
5 58 39 56 13 11 19 5 58 39 18 58 39 56 13 11 19
5 58 39 56 13 11 19 5 58 39 18 39 56 13 11 19
5 58 39 56 13 11 19 5 58 39 56 18 39 56 13 11 19
5 58 18 58 39 56 13 11 19 5 58 39 56 13 11 19
5 58 39 18 58 39 56 13 11 19 5 58 39 56 13 11 19
5 58 39 18 39 56 13 11 19 5 58 39 56 13 11 19
5 58 39 56 18 39 56 13 11 19 5 58 39 56 13 11 19

41 46 69 36 88 63 75 41 46 69 36 88 63 75
41 46 69 36 88 63 75 41 46 20 46 69 36 88 63 75
41 46 69 36 88 63 75 41 46 69 20 46 69 36 88 63 75
41 46 69 36 88 63 75 41 46 69 20 69 36 88 63 75
41 46 69 36 88 63 75 41 46 69 36 20 69 36 88 63 75
41 46 20 46 69 36 88 63 75 41 46 69 36 88 63 75
41 46 69 20 46 69 36 88 63 75 41 46 69 36 88 63 75
41 46 69 20 69 36 88 63 75 41 46 69 36 88 63 75
41 46 69 36 20 69 36 88 63 75 41 46 69 36 88 63 75

91 31 67 92 88 10 97 91 31 67 92 88 10 97
91 31 67 92 88 10 97 91 31 20 31 67 92 88 10 97
91 31 67 92 88 10 97 91 31 67 20 31 67 92 88 10 97
91 31 67 92 88 10 97 91 31 67 20 67 92 88 10 97
91 31 67 92 88 10 97 91 31 67 92 20 67 92 88 10 97
91 31 20 31 67 92 88 10 97 91 31 67 92 88 10 97
91 31 67 20 31 67 92 88 10 97 91 31 67 92 88 10 97
91 31 67 20 67 92 88 10 97 91 31 67 92 88 10 97
91 31 67 92 20 67 92 88 10 97 91 31 67 92 88 10 97

39 100 31 40 47 14 53 39 100 31 40 47 14 53
39 100 31 40 47 14 53 39 100 13 100 31 40 47 14 53
39 100 31 40 47 14 53 39 100 31 13 100 31 40 47 14 53
39 100 31 40 47 14 53 39 100 31 13 31 40 47 14 53
39 100 31 40 47 14 53 39 100 31 40 13 31 40 47 14 53
39 100 13 100 31 40 47 14 53 39 100 31 40 47 14 53
39 100 31 13 100 31 40 47 14 53 39 100 31 40 47 14 53
39 100 31 13 31 40 47 14 53 39 100 31 40 47 14 53
39 100 31 40 13 31 40 47 14 53 39 100 31 40 47 14 53

9 23 52 25 81 16 59 9 23 52 25 81 16 59
9 23 52 25 81 16 59 9 23 15 23 52 25 81 16 59
9 23 52 25 81 16 59 9 23 52 15 23 52 25 81 16 59
9 23 52 25 81 16 59 9 23 52 15 52 25 81 16 59
9 23 52 25 81 16 59 9 23 52 25 15 52 25 81 16 59
9 23 15 23 52 25 81 16 59 9 23 52 25 81 16 59
9 23 52 15 23 52 25 81 16 59 9 23 52 25 81 16 59
9 23 52 15 52 25 81 16 59 9 23 52 25 81 16 59
9 23 52 25 15 52 25 81 16 59 9 23 52 25 81 16 59

83 32 8 28 67 97 92 83 32 8 28 67 97 92
83 32 8 28 67 97 92 83 32 16 32 8 28 67 97 92
83 32 8 28 67 97 92 83 32 8 16 32 8 28 67 97 92
83 32 8 28 67 97 92 83 32 8 16 8 28 67 97 92
83 32 8 28 67 97 92 83 32 8 28 16 8 28 67 97 92
83 32 16 32 8 28 67 97 92 83 32 8 28 67 97 92
83 32 8 16 32 8 28 67 97 92 83 32 8 28 67 97 92
83 32 8 16 8 28 67 97 92 83 32 8 28 67 97 92
83 32 8 28 16 8 28 67 97 92 83 32 8 28 67 97 92

22 52 75 75 54 78 48 22 52 75 75 54 78 48
22 52 75 75 54 78 48 22 52 5 52 75 75 54 78 48
22 52 75 75 54 78 48 22 52 75 5 52 75 75 54 78 48
22 52 75 75 54 78 48 22 52 75 5 75 75 54 78 48
22 52 75 75 54 78 48 22 52 75 75 5 75 75 54 78 48
22 52 5 52 75 75 54 78 48 22 52 75 75 54 78 48
22 52 75 5 52 75 75 54 78 48 22 52 75 75 54 78 48
22 52 75 5 75 75 54 78 48 22 52 75 75 54 78 48
22 52 75 75 5 75 75 54 78 48 22 52 75 75 54 78 48

57 48 97 61 32 61 56 57 48 97 61 32 61 56
57 48 97 61 32 61 56 57 48 13 48 97 61 32 61 56
57 48 97 61 32 61 56 57 48 97 13 48 97 61 32 61 56
57 48 97 61 32 61 56 57 48 97 13 97 61 32 61 56
57 48 97 61 32 61 56 57 48 97 61 13 97 61 32 61 56
57 48 13 48 97 61 32 61 56 57 48 97 61 32 61 56
57 48 97 13 48 97 61 32 61 56 57 48 97 61 32 61 56
57 48 97 13 97 61 32 61 56 57 48 97 61 32 61 56
57 48 97 61 13 97 61 32 61 56 57 48 97 61 32 61 56

16 96 32 69 95 8 58 16 96 32 69 95 8 58
16 96 32 69 95 8 58 16 96 17 96 32 69 95 8 58
16 96 32 69 95 8 58 16 96 32 17 96 32 69 95 8 58
16 96 32 69 95 8 58 16 96 32 17 32 69 95 8 58
16 96 32 69 95 8 58 16 96 32 69 17 32 69 95 8 58
16 96 17 96 32 69 95 8 58 16 96 32 69 95 8 58
16 96 32 17 96 32 69 95 8 58 16 96 32 69 95 8 58
16 96 32 17 32 69 95 8 58 16 96 32 69 95 8 58
16 96 32 69 17 32 69 95 8 58 16 96 32 69 95 8 58

30 44 9 5 38 11 54 30 44 9 5 38 11 54
30 44 9 5 38 11 54 30 44 9 44 9 5 38 11 54
30 44 9 5 38 11 54 30 44 9 9 44 9 5 38 11 54
30 44 9 5 38 11 54 30 44 9 9 9 5 38 11 54
30 44 9 5 38 11 54 30 44 9 5 9 9 5 38 11 54
30 44 9 44 9 5 38 11 54 30 44 9 5 38 11 54
30 44 9 9 44 9 5 38 11 54 30 44 9 5 38 11 54
30 44 9 9 9 5 38 11 54 30 44 9 5 38 11 54
30 44 9 5 9 9 5 38 11 54 30 44 9 5 38 11 54

88 35 54 38 83 80 81 88 35 54 38 83 80 81
88 35 54 38 83 80 81 88 35 7 35 54 38 83 80 81
88 35 54 38 83 80 81 88 35 54 7 35 54 38 83 80 81
88 35 54 38 83 80 81 88 35 54 7 54 38 83 80 81
88 35 54 38 83 80 81 88 35 54 38 7 54 38 83 80 81
88 35 7 35 54 38 83 80 81 88 35 54 38 83 80 81
88 35 54 7 35 54 38 83 80 81 88 35 54 38 83 80 81
88 35 54 7 54 38 83 80 81 88 35 54 38 83 80 81
88 35 54 38 7 54 38 83 80 81 88 35 54 38 83 80 81

62 36 52 23 18 79 94 62 36 52 23 18 79 94
62 36 52 23 18 79 94 62 36 12 36 52 23 18 79 94
62 36 52 23 18 79 94 62 36 52 12 36 52 23 18 79 94
62 36 52 23 18 79 94 62 36 52 12 52 23 18 79 94
62 36 52 23 18 79 94 62 36 52 23 12 52 23 18 79 94
62 36 12 36 52 23 18 79 94 62 36 52 23 18 79 94
62 36 52 12 36 52 23 18 79 94 62 36 52 23 18 79 94
62 36 52 12 52 23 18 79 94 62 36 52 23 18 79 94
62 36 52 23 12 52 23 18 79 94 62 36 52 23 18 79 94

89 15 14 56 51 47 10 89 15 14 56 51 47 10
89 15 14 56 51 47 10 89 15 14 15 14 56 51 47 10
89 15 14 56 51 47 10 89 15 14 14 15 14 56 51 47 10
89 15 14 56 51 47 10 89 15 14 14 14 56 51 47 10
89 15 14 56 51 47 10 89 15 14 56 14 14 56 51 47 10
89 15 14 15 14 56 51 47 10 89 15 14 56 51 47 10
89 15 14 14 15 14 56 51 47 10 89 15 14 56 51 47 10
89 15 14 14 14 56 51 47 10 89 15 14 56 51 47 10
89 15 14 56 14 14 56 51 47 10 89 15 14 56 51 47 10

49 48 18 83 78 82 16 49 48 18 83 78 82 16
49 48 18 83 78 82 16 49 48 17 48 18 83 78 82 16
49 48 18 83 78 82 16 49 48 18 17 48 18 83 78 82 16
49 48 18 83 78 82 16 49 48 18 17 18 83 78 82 16
49 48 18 83 78 82 16 49 48 18 83 17 18 83 78 82 16
49 48 17 48 18 83 78 82 16 49 48 18 83 78 82 16
49 48 18 17 48 18 83 78 82 16 49 48 18 83 78 82 16
49 48 18 17 18 83 78 82 16 49 48 18 83 78 82 16
49 48 18 83 17 18 83 78 82 16 49 48 18 83 78 82 16

49 60 83 20 84 57 31 49 60 83 20 84 57 31
49 60 83 20 84 57 31 49 60 15 60 83 20 84 57 31
49 60 83 20 84 57 31 49 60 83 15 60 83 20 84 57 31
49 60 83 20 84 57 31 49 60 83 15 83 20 84 57 31
49 60 83 20 84 57 31 49 60 83 20 15 83 20 84 57 31
49 60 15 60 83 20 84 57 31 49 60 83 20 84 57 31
49 60 83 15 60 83 20 84 57 31 49 60 83 20 84 57 31
49 60 83 15 83 20 84 57 31 49 60 83 20 84 57 31
49 60 83 20 15 83 20 84 57 31 49 60 83 20 84 57 31

17 49 63 66 36 7 6 17 49 63 66 36 7 6
17 49 63 66 36 7 6 17 49 12 49 63 66 36 7 6
17 49 63 66 36 7 6 17 49 63 12 49 63 66 36 7 6
17 49 63 66 36 7 6 17 49 63 12 63 66 36 7 6
17 49 63 66 36 7 6 17 49 63 66 12 63 66 36 7 6
17 49 12 49 63 66 36 7 6 17 49 63 66 36 7 6
17 49 63 12 49 63 66 36 7 6 17 49 63 66 36 7 6
17 49 63 12 63 66 36 7 6 17 49 63 66 36 7 6
17 49 63 66 12 63 66 36 7 6 17 49 63 66 36 7 6

25 10 23 70 60 25 84 25 10 23 70 60 25 84
25 10 23 70 60 25 84 25 10 6 10 23 70 60 25 84
25 10 23 70 60 25 84 25 10 23 6 10 23 70 60 25 84
25 10 23 70 60 25 84 25 10 23 6 23 70 60 25 84
25 10 23 70 60 25 84 25 10 23 70 6 23 70 60 25 84
25 10 6 10 23 70 60 25 84 25 10 23 70 60 25 84
25 10 23 6 10 23 70 60 25 84 25 10 23 70 60 25 84
25 10 23 6 23 70 60 25 84 25 10 23 70 60 25 84
25 10 23 70 6 23 70 60 25 84 25 10 23 70 60 25 84

51 44 40 96 30 79 63 51 44 40 96 30 79 63
51 44 40 96 30 79 63 51 44 5 44 40 96 30 79 63
51 44 40 96 30 79 63 51 44 40 5 44 40 96 30 79 63
51 44 40 96 30 79 63 51 44 40 5 40 96 30 79 63
51 44 40 96 30 79 63 51 44 40 96 5 40 96 30 79 63
51 44 5 44 40 96 30 79 63 51 44 40 96 30 79 63
51 44 40 5 44 40 96 30 79 63 51 44 40 96 30 79 63
51 44 40 5 40 96 30 79 63 51 44 40 96 30 79 63
51 44 40 96 5 40 96 30 79 63 51 44 40 96 30 79 63

76 16 37 36 99 17 19 76 16 37 36 99 17 19
76 16 37 36 99 17 19 76 16 13 16 37 36 99 17 19
76 16 37 36 99 17 19 76 16 37 13 16 37 36 99 17 19
76 16 37 36 99 17 19 76 16 37 13 37 36 99 17 19
76 16 37 36 99 17 19 76 16 37 36 13 37 36 99 17 19
76 16 13 16 37 36 99 17 19 76 16 37 36 99 17 19
76 16 37 13 16 37 36 99 17 19 76 16 37 36 99 17 19
76 16 37 13 37 36 99 17 19 76 16 37 36 99 17 19
76 16 37 36 13 37 36 99 17 19 76 16 37 36 99 17 19

99 58 83 8 52 38 45 99 58 83 8 52 38 45
99 58 83 8 52 38 45 99 58 18 58 83 8 52 38 45
99 58 83 8 52 38 45 99 58 83 18 58 83 8 52 38 45
99 58 83 8 52 38 45 99 58 83 18 83 8 52 38 45
99 58 83 8 52 38 45 99 58 83 8 18 83 8 52 38 45
99 58 18 58 83 8 52 38 45 99 58 83 8 52 38 45
99 58 83 18 58 83 8 52 38 45 99 58 83 8 52 38 45
99 58 83 18 83 8 52 38 45 99 58 83 8 52 38 45
99 58 83 8 18 83 8 52 38 45 99 58 83 8 52 38 45

19 92 100 13 35 15 66 19 92 100 13 35 15 66
19 92 100 13 35 15 66 19 92 10 92 100 13 35 15 66
19 92 100 13 35 15 66 19 92 100 10 92 100 13 35 15 66
19 92 100 13 35 15 66 19 92 100 10 100 13 35 15 66
19 92 100 13 35 15 66 19 92 100 13 10 100 13 35 15 66
19 92 10 92 100 13 35 15 66 19 92 100 13 35 15 66
19 92 100 10 92 100 13 35 15 66 19 92 100 13 35 15 66
19 92 100 10 100 13 35 15 66 19 92 100 13 35 15 66
19 92 100 13 10 100 13 35 15 66 19 92 100 13 35 15 66

15 83 34 83 34 14 19 15 83 34 83 34 14 19
15 83 34 83 34 14 19 15 83 10 83 34 83 34 14 19
15 83 34 83 34 14 19 15 83 34 10 83 34 83 34 14 19
15 83 34 83 34 14 19 15 83 34 10 34 83 34 14 19
15 83 34 83 34 14 19 15 83 34 83 10 34 83 34 14 19
15 83 10 83 34 83 34 14 19 15 83 34 83 34 14 19
15 83 34 10 83 34 83 34 14 19 15 83 34 83 34 14 19
15 83 34 10 34 83 34 14 19 15 83 34 83 34 14 19
15 83 34 83 10 34 83 34 14 19 15 83 34 83 34 14 19

10 47 16 63 85 73 63 10 47 16 63 85 73 63
10 47 16 63 85 73 63 10 47 20 47 16 63 85 73 63
10 47 16 63 85 73 63 10 47 16 20 47 16 63 85 73 63
10 47 16 63 85 73 63 10 47 16 20 16 63 85 73 63
10 47 16 63 85 73 63 10 47 16 63 20 16 63 85 73 63
10 47 20 47 16 63 85 73 63 10 47 16 63 85 73 63
10 47 16 20 47 16 63 85 73 63 10 47 16 63 85 73 63
10 47 16 20 16 63 85 73 63 10 47 16 63 85 73 63
10 47 16 63 20 16 63 85 73 63 10 47 16 63 85 73 63

15 88 86 45 15 47 82 15 88 86 45 15 47 82
15 88 86 45 15 47 82 15 88 20 88 86 45 15 47 82
15 88 86 45 15 47 82 15 88 86 20 88 86 45 15 47 82
15 88 86 45 15 47 82 15 88 86 20 86 45 15 47 82
15 88 86 45 15 47 82 15 88 86 45 20 86 45 15 47 82
15 88 20 88 86 45 15 47 82 15 88 86 45 15 47 82
15 88 86 20 88 86 45 15 47 82 15 88 86 45 15 47 82
15 88 86 20 86 45 15 47 82 15 88 86 45 15 47 82
15 88 86 45 20 86 45 15 47 82 15 88 86 45 15 47 82

73 82 97 78 14 62 17 73 82 97 78 14 62 17
73 82 97 78 14 62 17 73 82 8 82 97 78 14 62 17
73 82 97 78 14 62 17 73 82 97 8 82 97 78 14 62 17
73 82 97 78 14 62 17 73 82 97 8 97 78 14 62 17
73 82 97 78 14 62 17 73 82 97 78 8 97 78 14 62 17
73 82 8 82 97 78 14 62 17 73 82 97 78 14 62 17
73 82 97 8 82 97 78 14 62 17 73 82 97 78 14 62 17
73 82 97 8 97 78 14 62 17 73 82 97 78 14 62 17
73 82 97 78 8 97 78 14 62 17 73 82 97 78 14 62 17

84 74 73 6 86 39 93 84 74 73 6 86 39 93
84 74 73 6 86 39 93 84 74 13 74 73 6 86 39 93
84 74 73 6 86 39 93 84 74 73 13 74 73 6 86 39 93
84 74 73 6 86 39 93 84 74 73 13 73 6 86 39 93
84 74 73 6 86 39 93 84 74 73 6 13 73 6 86 39 93
84 74 13 74 73 6 86 39 93 84 74 73 6 86 39 93
84 74 73 13 74 73 6 86 39 93 84 74 73 6 86 39 93
84 74 73 13 73 6 86 39 93 84 74 73 6 86 39 93
84 74 73 6 13 73 6 86 39 93 84 74 73 6 86 39 93

62 70 100 72 85 42 79 62 70 100 72 85 42 79
62 70 100 72 85 42 79 62 70 8 70 100 72 85 42 79
62 70 100 72 85 42 79 62 70 100 8 70 100 72 85 42 79
62 70 100 72 85 42 79 62 70 100 8 100 72 85 42 79
62 70 100 72 85 42 79 62 70 100 72 8 100 72 85 42 79
62 70 8 70 100 72 85 42 79 62 70 100 72 85 42 79
62 70 100 8 70 100 72 85 42 79 62 70 100 72 85 42 79
62 70 100 8 100 72 85 42 79 62 70 100 72 85 42 79
62 70 100 72 8 100 72 85 42 79 62 70 100 72 85 42 79

82 26 43 11 73 79 42 82 26 43 11 73 79 42
82 26 43 11 73 79 42 82 26 17 26 43 11 73 79 42
82 26 43 11 73 79 42 82 26 43 17 26 43 11 73 79 42
82 26 43 11 73 79 42 82 26 43 17 43 11 73 79 42
82 26 43 11 73 79 42 82 26 43 11 17 43 11 73 79 42
82 26 17 26 43 11 73 79 42 82 26 43 11 73 79 42
82 26 43 17 26 43 11 73 79 42 82 26 43 11 73 79 42
82 26 43 17 43 11 73 79 42 82 26 43 11 73 79 42
82 26 43 11 17 43 11 73 79 42 82 26 43 11 73 79 42

26 5 49 94 83 72 84 26 5 49 94 83 72 84
26 5 49 94 83 72 84 26 5 8 5 49 94 83 72 84
26 5 49 94 83 72 84 26 5 49 8 5 49 94 83 72 84
26 5 49 94 83 72 84 26 5 49 8 49 94 83 72 84
26 5 49 94 83 72 84 26 5 49 94 8 49 94 83 72 84
26 5 8 5 49 94 83 72 84 26 5 49 94 83 72 84
26 5 49 8 5 49 94 83 72 84 26 5 49 94 83 72 84
26 5 49 8 49 94 83 72 84 26 5 49 94 83 72 84
26 5 49 94 8 49 94 83 72 84 26 5 49 94 83 72 84

96 89 95 38 85 35 62 96 89 95 38 85 35 62
96 89 95 38 85 35 62 96 89 5 89 95 38 85 35 62
96 89 95 38 85 35 62 96 89 95 5 89 95 38 85 35 62
96 89 95 38 85 35 62 96 89 95 5 95 38 85 35 62
96 89 95 38 85 35 62 96 89 95 38 5 95 38 85 35 62
96 89 5 89 95 38 85 35 62 96 89 95 38 85 35 62
96 89 95 5 89 95 38 85 35 62 96 89 95 38 85 35 62
96 89 95 5 95 38 85 35 62 96 89 95 38 85 35 62
96 89 95 38 5 95 38 85 35 62 96 89 95 38 85 35 62

38 50 84 45 100 82 26 38 50 84 45 100 82 26
38 50 84 45 100 82 26 38 50 13 50 84 45 100 82 26
38 50 84 45 100 82 26 38 50 84 13 50 84 45 100 82 26
38 50 84 45 100 82 26 38 50 84 13 84 45 100 82 26
38 50 84 45 100 82 26 38 50 84 45 13 84 45 100 82 26
38 50 13 50 84 45 100 82 26 38 50 84 45 100 82 26
38 50 84 13 50 84 45 100 82 26 38 50 84 45 100 82 26
38 50 84 13 84 45 100 82 26 38 50 84 45 100 82 26
38 50 84 45 13 84 45 100 82 26 38 50 84 45 100 82 26

17 100 97 56 100 93 27 17 100 97 56 100 93 27
17 100 97 56 100 93 27 17 100 5 100 97 56 100 93 27
17 100 97 56 100 93 27 17 100 97 5 100 97 56 100 93 27
17 100 97 56 100 93 27 17 100 97 5 97 56 100 93 27
17 100 97 56 100 93 27 17 100 97 56 5 97 56 100 93 27
17 100 5 100 97 56 100 93 27 17 100 97 56 100 93 27
17 100 97 5 100 97 56 100 93 27 17 100 97 56 100 93 27
17 100 97 5 97 56 100 93 27 17 100 97 56 100 93 27
17 100 97 56 5 97 56 100 93 27 17 100 97 56 100 93 27

64 29 44 31 63 19 23 64 29 44 31 63 19 23
64 29 44 31 63 19 23 64 29 13 29 44 31 63 19 23
64 29 44 31 63 19 23 64 29 44 13 29 44 31 63 19 23
64 29 44 31 63 19 23 64 29 44 13 44 31 63 19 23
64 29 44 31 63 19 23 64 29 44 31 13 44 31 63 19 23
64 29 13 29 44 31 63 19 23 64 29 44 31 63 19 23
64 29 44 13 29 44 31 63 19 23 64 29 44 31 63 19 23
64 29 44 13 44 31 63 19 23 64 29 44 31 63 19 23
64 29 44 31 13 44 31 63 19 23 64 29 44 31 63 19 23

46 59 70 55 100 21 5 46 59 70 55 100 21 5
46 59 70 55 100 21 5 46 59 6 59 70 55 100 21 5
46 59 70 55 100 21 5 46 59 70 6 59 70 55 100 21 5
46 59 70 55 100 21 5 46 59 70 6 70 55 100 21 5
46 59 70 55 100 21 5 46 59 70 55 6 70 55 100 21 5
46 59 6 59 70 55 100 21 5 46 59 70 55 100 21 5
46 59 70 6 59 70 55 100 21 5 46 59 70 55 100 21 5
46 59 70 6 70 55 100 21 5 46 59 70 55 100 21 5
46 59 70 55 6 70 55 100 21 5 46 59 70 55 100 21 5

96 36 34 76 15 65 80 96 36 34 76 15 65 80
96 36 34 76 15 65 80 96 36 6 36 34 76 15 65 80
96 36 34 76 15 65 80 96 36 34 6 36 34 76 15 65 80
96 36 34 76 15 65 80 96 36 34 6 34 76 15 65 80
96 36 34 76 15 65 80 96 36 34 76 6 34 76 15 65 80
96 36 6 36 34 76 15 65 80 96 36 34 76 15 65 80
96 36 34 6 36 34 76 15 65 80 96 36 34 76 15 65 80
96 36 34 6 34 76 15 65 80 96 36 34 76 15 65 80
96 36 34 76 6 34 76 15 65 80 96 36 34 76 15 65 80

98 31 48 94 15 41 76 98 31 48 94 15 41 76
98 31 48 94 15 41 76 98 31 19 31 48 94 15 41 76
98 31 48 94 15 41 76 98 31 48 19 31 48 94 15 41 76
98 31 48 94 15 41 76 98 31 48 19 48 94 15 41 76
98 31 48 94 15 41 76 98 31 48 94 19 48 94 15 41 76
98 31 19 31 48 94 15 41 76 98 31 48 94 15 41 76
98 31 48 19 31 48 94 15 41 76 98 31 48 94 15 41 76
98 31 48 19 48 94 15 41 76 98 31 48 94 15 41 76
98 31 48 94 19 48 94 15 41 76 98 31 48 94 15 41 76

15 57 50 25 7 35 45 15 57 50 25 7 35 45
15 57 50 25 7 35 45 15 57 18 57 50 25 7 35 45
15 57 50 25 7 35 45 15 57 50 18 57 50 25 7 35 45
15 57 50 25 7 35 45 15 57 50 18 50 25 7 35 45
15 57 50 25 7 35 45 15 57 50 25 18 50 25 7 35 45
15 57 18 57 50 25 7 35 45 15 57 50 25 7 35 45
15 57 50 18 57 50 25 7 35 45 15 57 50 25 7 35 45
15 57 50 18 50 25 7 35 45 15 57 50 25 7 35 45
15 57 50 25 18 50 25 7 35 45 15 57 50 25 7 35 45

73 25 90 70 97 72 39 73 25 90 70 97 72 39
73 25 90 70 97 72 39 73 25 17 25 90 70 97 72 39
73 25 90 70 97 72 39 73 25 90 17 25 90 70 97 72 39
73 25 90 70 97 72 39 73 25 90 17 90 70 97 72 39
73 25 90 70 97 72 39 73 25 90 70 17 90 70 97 72 39
73 25 17 25 90 70 97 72 39 73 25 90 70 97 72 39
73 25 90 17 25 90 70 97 72 39 73 25 90 70 97 72 39
73 25 90 17 90 70 97 72 39 73 25 90 70 97 72 39
73 25 90 70 17 90 70 97 72 39 73 25 90 70 97 72 39

62 61 10 5 61 59 17 62 61 10 5 61 59 17
62 61 10 5 61 59 17 62 61 16 61 10 5 61 59 17
62 61 10 5 61 59 17 62 61 10 16 61 10 5 61 59 17
62 61 10 5 61 59 17 62 61 10 16 10 5 61 59 17
62 61 10 5 61 59 17 62 61 10 5 16 10 5 61 59 17
62 61 16 61 10 5 61 59 17 62 61 10 5 61 59 17
62 61 10 16 61 10 5 61 59 17 62 61 10 5 61 59 17
62 61 10 16 10 5 61 59 17 62 61 10 5 61 59 17
62 61 10 5 16 10 5 61 59 17 62 61 10 5 61 59 17

12 80 23 11 44 22 86 12 80 23 11 44 22 86
12 80 23 11 44 22 86 12 80 15 80 23 11 44 22 86
12 80 23 11 44 22 86 12 80 23 15 80 23 11 44 22 86
12 80 23 11 44 22 86 12 80 23 15 23 11 44 22 86
12 80 23 11 44 22 86 12 80 23 11 15 23 11 44 22 86
12 80 15 80 23 11 44 22 86 12 80 23 11 44 22 86
12 80 23 15 80 23 11 44 22 86 12 80 23 11 44 22 86
12 80 23 15 23 11 44 22 86 12 80 23 11 44 22 86
12 80 23 11 15 23 11 44 22 86 12 80 23 11 44 22 86

47 46 65 84 16 7 82 47 46 65 84 16 7 82
47 46 65 84 16 7 82 47 46 8 46 65 84 16 7 82
47 46 65 84 16 7 82 47 46 65 8 46 65 84 16 7 82
47 46 65 84 16 7 82 47 46 65 8 65 84 16 7 82
47 46 65 84 16 7 82 47 46 65 84 8 65 84 16 7 82
47 46 8 46 65 84 16 7 82 47 46 65 84 16 7 82
47 46 65 8 46 65 84 16 7 82 47 46 65 84 16 7 82
47 46 65 8 65 84 16 7 82 47 46 65 84 16 7 82
47 46 65 84 8 65 84 16 7 82 47 46 65 84 16 7 82

74 60 6 87 45 65 37 74 60 6 87 45 65 37
74 60 6 87 45 65 37 74 60 11 60 6 87 45 65 37
74 60 6 87 45 65 37 74 60 6 11 60 6 87 45 65 37
74 60 6 87 45 65 37 74 60 6 11 6 87 45 65 37
74 60 6 87 45 65 37 74 60 6 87 11 6 87 45 65 37
74 60 11 60 6 87 45 65 37 74 60 6 87 45 65 37
74 60 6 11 60 6 87 45 65 37 74 60 6 87 45 65 37
74 60 6 11 6 87 45 65 37 74 60 6 87 45 65 37
74 60 6 87 11 6 87 45 65 37 74 60 6 87 45 65 37

75 63 8 97 71 7 18 75 63 8 97 71 7 18
75 63 8 97 71 7 18 75 63 15 63 8 97 71 7 18
75 63 8 97 71 7 18 75 63 8 15 63 8 97 71 7 18
75 63 8 97 71 7 18 75 63 8 15 8 97 71 7 18
75 63 8 97 71 7 18 75 63 8 97 15 8 97 71 7 18
75 63 15 63 8 97 71 7 18 75 63 8 97 71 7 18
75 63 8 15 63 8 97 71 7 18 75 63 8 97 71 7 18
75 63 8 15 8 97 71 7 18 75 63 8 97 71 7 18
75 63 8 97 15 8 97 71 7 18 75 63 8 97 71 7 18

91 50 76 87 27 66 62 91 50 76 87 27 66 62
91 50 76 87 27 66 62 91 50 10 50 76 87 27 66 62
91 50 76 87 27 66 62 91 50 76 10 50 76 87 27 66 62
91 50 76 87 27 66 62 91 50 76 10 76 87 27 66 62
91 50 76 87 27 66 62 91 50 76 87 10 76 87 27 66 62
91 50 10 50 76 87 27 66 62 91 50 76 87 27 66 62
91 50 76 10 50 76 87 27 66 62 91 50 76 87 27 66 62
91 50 76 10 76 87 27 66 62 91 50 76 87 27 66 62
91 50 76 87 10 76 87 27 66 62 91 50 76 87 27 66 62

8 56 80 91 28 41 96 8 56 80 91 28 41 96
8 56 80 91 28 41 96 8 56 19 56 80 91 28 41 96
8 56 80 91 28 41 96 8 56 80 19 56 80 91 28 41 96
8 56 80 91 28 41 96 8 56 80 19 80 91 28 41 96
8 56 80 91 28 41 96 8 56 80 91 19 80 91 28 41 96
8 56 19 56 80 91 28 41 96 8 56 80 91 28 41 96
8 56 80 19 56 80 91 28 41 96 8 56 80 91 28 41 96
8 56 80 19 80 91 28 41 96 8 56 80 91 28 41 96
8 56 80 91 19 80 91 28 41 96 8 56 80 91 28 41 96

74 26 14 75 25 56 55 74 26 14 75 25 56 55
74 26 14 75 25 56 55 74 26 9 26 14 75 25 56 55
74 26 14 75 25 56 55 74 26 14 9 26 14 75 25 56 55
74 26 14 75 25 56 55 74 26 14 9 14 75 25 56 55
74 26 14 75 25 56 55 74 26 14 75 9 14 75 25 56 55
74 26 9 26 14 75 25 56 55 74 26 14 75 25 56 55
74 26 14 9 26 14 75 25 56 55 74 26 14 75 25 56 55
74 26 14 9 14 75 25 56 55 74 26 14 75 25 56 55
74 26 14 75 9 14 75 25 56 55 74 26 14 75 25 56 55

44 89 65 78 24 6 99 44 89 65 78 24 6 99
44 89 65 78 24 6 99 44 89 8 89 65 78 24 6 99
44 89 65 78 24 6 99 44 89 65 8 89 65 78 24 6 99
44 89 65 78 24 6 99 44 89 65 8 65 78 24 6 99
44 89 65 78 24 6 99 44 89 65 78 8 65 78 24 6 99
44 89 8 89 65 78 24 6 99 44 89 65 78 24 6 99
44 89 65 8 89 65 78 24 6 99 44 89 65 78 24 6 99
44 89 65 8 65 78 24 6 99 44 89 65 78 24 6 99
44 89 65 78 8 65 78 24 6 99 44 89 65 78 24 6 99

81 69 74 68 67 88 96 81 69 74 68 67 88 96
81 69 74 68 67 88 96 81 69 8 69 74 68 67 88 96
81 69 74 68 67 88 96 81 69 74 8 69 74 68 67 88 96
81 69 74 68 67 88 96 81 69 74 8 74 68 67 88 96
81 69 74 68 67 88 96 81 69 74 68 8 74 68 67 88 96
81 69 8 69 74 68 67 88 96 81 69 74 68 67 88 96
81 69 74 8 69 74 68 67 88 96 81 69 74 68 67 88 96
81 69 74 8 74 68 67 88 96 81 69 74 68 67 88 96
81 69 74 68 8 74 68 67 88 96 81 69 74 68 67 88 96

28 100 36 94 67 95 28 28 100 36 94 67 95 28
28 100 36 94 67 95 28 28 100 6 100 36 94 67 95 28
28 100 36 94 67 95 28 28 100 36 6 100 36 94 67 95 28
28 100 36 94 67 95 28 28 100 36 6 36 94 67 95 28
28 100 36 94 67 95 28 28 100 36 94 6 36 94 67 95 28
28 100 6 100 36 94 67 95 28 28 100 36 94 67 95 28
28 100 36 6 100 36 94 67 95 28 28 100 36 94 67 95 28
28 100 36 6 36 94 67 95 28 28 100 36 94 67 95 28
28 100 36 94 6 36 94 67 95 28 28 100 36 94 67 95 28

52 85 81 36 19 57 32 52 85 81 36 19 57 32
52 85 81 36 19 57 32 52 85 19 85 81 36 19 57 32
52 85 81 36 19 57 32 52 85 81 19 85 81 36 19 57 32
52 85 81 36 19 57 32 52 85 81 19 81 36 19 57 32
52 85 81 36 19 57 32 52 85 81 36 19 81 36 19 57 32
52 85 19 85 81 36 19 57 32 52 85 81 36 19 57 32
52 85 81 19 85 81 36 19 57 32 52 85 81 36 19 57 32
52 85 81 19 81 36 19 57 32 52 85 81 36 19 57 32
52 85 81 36 19 81 36 19 57 32 52 85 81 36 19 57 32

50 93 81 57 99 66 62 50 93 81 57 99 66 62
50 93 81 57 99 66 62 50 93 12 93 81 57 99 66 62
50 93 81 57 99 66 62 50 93 81 12 93 81 57 99 66 62
50 93 81 57 99 66 62 50 93 81 12 81 57 99 66 62
50 93 81 57 99 66 62 50 93 81 57 12 81 57 99 66 62
50 93 12 93 81 57 99 66 62 50 93 81 57 99 66 62
50 93 81 12 93 81 57 99 66 62 50 93 81 57 99 66 62
50 93 81 12 81 57 99 66 62 50 93 81 57 99 66 62
50 93 81 57 12 81 57 99 66 62 50 93 81 57 99 66 62

13 93 33 24 7 23 46 13 93 33 24 7 23 46
13 93 33 24 7 23 46 13 93 17 93 33 24 7 23 46
13 93 33 24 7 23 46 13 93 33 17 93 33 24 7 23 46
13 93 33 24 7 23 46 13 93 33 17 33 24 7 23 46
13 93 33 24 7 23 46 13 93 33 24 17 33 24 7 23 46
13 93 17 93 33 24 7 23 46 13 93 33 24 7 23 46
13 93 33 17 93 33 24 7 23 46 13 93 33 24 7 23 46
13 93 33 17 33 24 7 23 46 13 93 33 24 7 23 46
13 93 33 24 17 33 24 7 23 46 13 93 33 24 7 23 46

89 23 78 80 57 46 89 89 23 78 80 57 46 89
89 23 78 80 57 46 89 89 23 13 23 78 80 57 46 89
89 23 78 80 57 46 89 89 23 78 13 23 78 80 57 46 89
89 23 78 80 57 46 89 89 23 78 13 78 80 57 46 89
89 23 78 80 57 46 89 89 23 78 80 13 78 80 57 46 89
89 23 13 23 78 80 57 46 89 89 23 78 80 57 46 89
89 23 78 13 23 78 80 57 46 89 89 23 78 80 57 46 89
89 23 78 13 78 80 57 46 89 89 23 78 80 57 46 89
89 23 78 80 13 78 80 57 46 89 89 23 78 80 57 46 89

98 44 44 20 81 10 90 98 44 44 20 81 10 90
98 44 44 20 81 10 90 98 44 17 44 44 20 81 10 90
98 44 44 20 81 10 90 98 44 44 17 44 44 20 81 10 90
98 44 44 20 81 10 90 98 44 44 17 44 20 81 10 90
98 44 44 20 81 10 90 98 44 44 20 17 44 20 81 10 90
98 44 17 44 44 20 81 10 90 98 44 44 20 81 10 90
98 44 44 17 44 44 20 81 10 90 98 44 44 20 81 10 90
98 44 44 17 44 20 81 10 90 98 44 44 20 81 10 90
98 44 44 20 17 44 20 81 10 90 98 44 44 20 81 10 90

94 43 97 89 65 94 66 94 43 97 89 65 94 66
94 43 97 89 65 94 66 94 43 18 43 97 89 65 94 66
94 43 97 89 65 94 66 94 43 97 18 43 97 89 65 94 66
94 43 97 89 65 94 66 94 43 97 18 97 89 65 94 66
94 43 97 89 65 94 66 94 43 97 89 18 97 89 65 94 66
94 43 18 43 97 89 65 94 66 94 43 97 89 65 94 66
94 43 97 18 43 97 89 65 94 66 94 43 97 89 65 94 66
94 43 97 18 97 89 65 94 66 94 43 97 89 65 94 66
94 43 97 89 18 97 89 65 94 66 94 43 97 89 65 94 66

38 7 77 59 99 81 90 38 7 77 59 99 81 90
38 7 77 59 99 81 90 38 7 19 7 77 59 99 81 90
38 7 77 59 99 81 90 38 7 77 19 7 77 59 99 81 90
38 7 77 59 99 81 90 38 7 77 19 77 59 99 81 90
38 7 77 59 99 81 90 38 7 77 59 19 77 59 99 81 90
38 7 19 7 77 59 99 81 90 38 7 77 59 99 81 90
38 7 77 19 7 77 59 99 81 90 38 7 77 59 99 81 90
38 7 77 19 77 59 99 81 90 38 7 77 59 99 81 90
38 7 77 59 19 77 59 99 81 90 38 7 77 59 99 81 90

23 31 10 11 8 9 63 23 31 10 11 8 9 63
23 31 10 11 8 9 63 23 31 17 31 10 11 8 9 63
23 31 10 11 8 9 63 23 31 10 17 31 10 11 8 9 63
23 31 10 11 8 9 63 23 31 10 17 10 11 8 9 63
23 31 10 11 8 9 63 23 31 10 11 17 10 11 8 9 63
23 31 17 31 10 11 8 9 63 23 31 10 11 8 9 63
23 31 10 17 31 10 11 8 9 63 23 31 10 11 8 9 63
23 31 10 17 10 11 8 9 63 23 31 10 11 8 9 63
23 31 10 11 17 10 11 8 9 63 23 31 10 11 8 9 63

61 22 12 72 94 75 53 61 22 12 72 94 75 53
61 22 12 72 94 75 53 61 22 18 22 12 72 94 75 53
61 22 12 72 94 75 53 61 22 12 18 22 12 72 94 75 53
61 22 12 72 94 75 53 61 22 12 18 12 72 94 75 53
61 22 12 72 94 75 53 61 22 12 72 18 12 72 94 75 53
61 22 18 22 12 72 94 75 53 61 22 12 72 94 75 53
61 22 12 18 22 12 72 94 75 53 61 22 12 72 94 75 53
61 22 12 18 12 72 94 75 53 61 22 12 72 94 75 53
61 22 12 72 18 12 72 94 75 53 61 22 12 72 94 75 53

8 38 59 59 84 25 22 8 38 59 59 84 25 22
8 38 59 59 84 25 22 8 38 11 38 59 59 84 25 22
8 38 59 59 84 25 22 8 38 59 11 38 59 59 84 25 22
8 38 59 59 84 25 22 8 38 59 11 59 59 84 25 22
8 38 59 59 84 25 22 8 38 59 59 11 59 59 84 25 22
8 38 11 38 59 59 84 25 22 8 38 59 59 84 25 22
8 38 59 11 38 59 59 84 25 22 8 38 59 59 84 25 22
8 38 59 11 59 59 84 25 22 8 38 59 59 84 25 22
8 38 59 59 11 59 59 84 25 22 8 38 59 59 84 25 22

95 41 26 28 81 10 71 95 41 26 28 81 10 71
95 41 26 28 81 10 71 95 41 19 41 26 28 81 10 71
95 41 26 28 81 10 71 95 41 26 19 41 26 28 81 10 71
95 41 26 28 81 10 71 95 41 26 19 26 28 81 10 71
95 41 26 28 81 10 71 95 41 26 28 19 26 28 81 10 71
95 41 19 41 26 28 81 10 71 95 41 26 28 81 10 71
95 41 26 19 41 26 28 81 10 71 95 41 26 28 81 10 71
95 41 26 19 26 28 81 10 71 95 41 26 28 81 10 71
95 41 26 28 19 26 28 81 10 71 95 41 26 28 81 10 71

35 10 54 64 72 35 98 35 10 54 64 72 35 98
35 10 54 64 72 35 98 35 10 10 10 54 64 72 35 98
35 10 54 64 72 35 98 35 10 54 10 10 54 64 72 35 98
35 10 54 64 72 35 98 35 10 54 10 54 64 72 35 98
35 10 54 64 72 35 98 35 10 54 64 10 54 64 72 35 98
35 10 10 10 54 64 72 35 98 35 10 54 64 72 35 98
35 10 54 10 10 54 64 72 35 98 35 10 54 64 72 35 98
35 10 54 10 54 64 72 35 98 35 10 54 64 72 35 98
35 10 54 64 10 54 64 72 35 98 35 10 54 64 72 35 98

15 14 54 39 42 38 57 15 14 54 39 42 38 57
15 14 54 39 42 38 57 15 14 11 14 54 39 42 38 57
15 14 54 39 42 38 57 15 14 54 11 14 54 39 42 38 57
15 14 54 39 42 38 57 15 14 54 11 54 39 42 38 57
15 14 54 39 42 38 57 15 14 54 39 11 54 39 42 38 57
15 14 11 14 54 39 42 38 57 15 14 54 39 42 38 57
15 14 54 11 14 54 39 42 38 57 15 14 54 39 42 38 57
15 14 54 11 54 39 42 38 57 15 14 54 39 42 38 57
15 14 54 39 11 54 39 42 38 57 15 14 54 39 42 38 57

72 64 86 90 54 24 30 72 64 86 90 54 24 30
72 64 86 90 54 24 30 72 64 11 64 86 90 54 24 30
72 64 86 90 54 24 30 72 64 86 11 64 86 90 54 24 30
72 64 86 90 54 24 30 72 64 86 11 86 90 54 24 30
72 64 86 90 54 24 30 72 64 86 90 11 86 90 54 24 30
72 64 11 64 86 90 54 24 30 72 64 86 90 54 24 30
72 64 86 11 64 86 90 54 24 30 72 64 86 90 54 24 30
72 64 86 11 86 90 54 24 30 72 64 86 90 54 24 30
72 64 86 90 11 86 90 54 24 30 72 64 86 90 54 24 30

7 49 26 62 85 96 26 7 49 26 62 85 96 26
7 49 26 62 85 96 26 7 49 5 49 26 62 85 96 26
7 49 26 62 85 96 26 7 49 26 5 49 26 62 85 96 26
7 49 26 62 85 96 26 7 49 26 5 26 62 85 96 26
7 49 26 62 85 96 26 7 49 26 62 5 26 62 85 96 26
7 49 5 49 26 62 85 96 26 7 49 26 62 85 96 26
7 49 26 5 49 26 62 85 96 26 7 49 26 62 85 96 26
7 49 26 5 26 62 85 96 26 7 49 26 62 85 96 26
7 49 26 62 5 26 62 85 96 26 7 49 26 62 85 96 26

18 71 84 15 41 96 89 18 71 84 15 41 96 89
18 71 84 15 41 96 89 18 71 13 71 84 15 41 96 89
18 71 84 15 41 96 89 18 71 84 13 71 84 15 41 96 89
18 71 84 15 41 96 89 18 71 84 13 84 15 41 96 89
18 71 84 15 41 96 89 18 71 84 15 13 84 15 41 96 89
18 71 13 71 84 15 41 96 89 18 71 84 15 41 96 89
18 71 84 13 71 84 15 41 96 89 18 71 84 15 41 96 89
18 71 84 13 84 15 41 96 89 18 71 84 15 41 96 89
18 71 84 15 13 84 15 41 96 89 18 71 84 15 41 96 89

64 20 67 7 33 63 59 64 20 67 7 33 63 59
64 20 67 7 33 63 59 64 20 8 20 67 7 33 63 59
64 20 67 7 33 63 59 64 20 67 8 20 67 7 33 63 59
64 20 67 7 33 63 59 64 20 67 8 67 7 33 63 59
64 20 67 7 33 63 59 64 20 67 7 8 67 7 33 63 59
64 20 8 20 67 7 33 63 59 64 20 67 7 33 63 59
64 20 67 8 20 67 7 33 63 59 64 20 67 7 33 63 59
64 20 67 8 67 7 33 63 59 64 20 67 7 33 63 59
64 20 67 7 8 67 7 33 63 59 64 20 67 7 33 63 59

58 35 24 85 27 29 5 58 35 24 85 27 29 5
58 35 24 85 27 29 5 58 35 6 35 24 85 27 29 5
58 35 24 85 27 29 5 58 35 24 6 35 24 85 27 29 5
58 35 24 85 27 29 5 58 35 24 6 24 85 27 29 5
58 35 24 85 27 29 5 58 35 24 85 6 24 85 27 29 5
58 35 6 35 24 85 27 29 5 58 35 24 85 27 29 5
58 35 24 6 35 24 85 27 29 5 58 35 24 85 27 29 5
58 35 24 6 24 85 27 29 5 58 35 24 85 27 29 5
58 35 24 85 6 24 85 27 29 5 58 35 24 85 27 29 5

65 22 39 18 7 56 41 65 22 39 18 7 56 41
65 22 39 18 7 56 41 65 22 18 22 39 18 7 56 41
65 22 39 18 7 56 41 65 22 39 18 22 39 18 7 56 41
65 22 39 18 7 56 41 65 22 39 18 39 18 7 56 41
65 22 39 18 7 56 41 65 22 39 18 18 39 18 7 56 41
65 22 18 22 39 18 7 56 41 65 22 39 18 7 56 41
65 22 39 18 22 39 18 7 56 41 65 22 39 18 7 56 41
65 22 39 18 39 18 7 56 41 65 22 39 18 7 56 41
65 22 39 18 18 39 18 7 56 41 65 22 39 18 7 56 41

49 14 55 21 12 15 97 49 14 55 21 12 15 97
49 14 55 21 12 15 97 49 14 20 14 55 21 12 15 97
49 14 55 21 12 15 97 49 14 55 20 14 55 21 12 15 97
49 14 55 21 12 15 97 49 14 55 20 55 21 12 15 97
49 14 55 21 12 15 97 49 14 55 21 20 55 21 12 15 97
49 14 20 14 55 21 12 15 97 49 14 55 21 12 15 97
49 14 55 20 14 55 21 12 15 97 49 14 55 21 12 15 97
49 14 55 20 55 21 12 15 97 49 14 55 21 12 15 97
49 14 55 21 20 55 21 12 15 97 49 14 55 21 12 15 97

49 20 85 36 66 89 37 49 20 85 36 66 89 37
49 20 85 36 66 89 37 49 20 17 20 85 36 66 89 37
49 20 85 36 66 89 37 49 20 85 17 20 85 36 66 89 37
49 20 85 36 66 89 37 49 20 85 17 85 36 66 89 37
49 20 85 36 66 89 37 49 20 85 36 17 85 36 66 89 37
49 20 17 20 85 36 66 89 37 49 20 85 36 66 89 37
49 20 85 17 20 85 36 66 89 37 49 20 85 36 66 89 37
49 20 85 17 85 36 66 89 37 49 20 85 36 66 89 37
49 20 85 36 17 85 36 66 89 37 49 20 85 36 66 89 37

5 76 32 98 53 95 24 5 76 32 98 53 95 24
5 76 32 98 53 95 24 5 76 7 76 32 98 53 95 24
5 76 32 98 53 95 24 5 76 32 7 76 32 98 53 95 24
5 76 32 98 53 95 24 5 76 32 7 32 98 53 95 24
5 76 32 98 53 95 24 5 76 32 98 7 32 98 53 95 24
5 76 7 76 32 98 53 95 24 5 76 32 98 53 95 24
5 76 32 7 76 32 98 53 95 24 5 76 32 98 53 95 24
5 76 32 7 32 98 53 95 24 5 76 32 98 53 95 24
5 76 32 98 7 32 98 53 95 24 5 76 32 98 53 95 24

57 83 6 100 30 33 37 57 83 6 100 30 33 37
57 83 6 100 30 33 37 57 83 10 83 6 100 30 33 37
57 83 6 100 30 33 37 57 83 6 10 83 6 100 30 33 37
57 83 6 100 30 33 37 57 83 6 10 6 100 30 33 37
57 83 6 100 30 33 37 57 83 6 100 10 6 100 30 33 37
57 83 10 83 6 100 30 33 37 57 83 6 100 30 33 37
57 83 6 10 83 6 100 30 33 37 57 83 6 100 30 33 37
57 83 6 10 6 100 30 33 37 57 83 6 100 30 33 37
57 83 6 100 10 6 100 30 33 37 57 83 6 100 30 33 37

76 19 80 84 81 95 41 76 19 80 84 81 95 41
76 19 80 84 81 95 41 76 19 13 19 80 84 81 95 41
76 19 80 84 81 95 41 76 19 80 13 19 80 84 81 95 41
76 19 80 84 81 95 41 76 19 80 13 80 84 81 95 41
76 19 80 84 81 95 41 76 19 80 84 13 80 84 81 95 41
76 19 13 19 80 84 81 95 41 76 19 80 84 81 95 41
76 19 80 13 19 80 84 81 95 41 76 19 80 84 81 95 41
76 19 80 13 80 84 81 95 41 76 19 80 84 81 95 41
76 19 80 84 13 80 84 81 95 41 76 19 80 84 81 95 41

7 94 29 99 36 32 28 7 94 29 99 36 32 28
7 94 29 99 36 32 28 7 94 12 94 29 99 36 32 28
7 94 29 99 36 32 28 7 94 29 12 94 29 99 36 32 28
7 94 29 99 36 32 28 7 94 29 12 29 99 36 32 28
7 94 29 99 36 32 28 7 94 29 99 12 29 99 36 32 28
7 94 12 94 29 99 36 32 28 7 94 29 99 36 32 28
7 94 29 12 94 29 99 36 32 28 7 94 29 99 36 32 28
7 94 29 12 29 99 36 32 28 7 94 29 99 36 32 28
7 94 29 99 12 29 99 36 32 28 7 94 29 99 36 32 28

47 32 32 88 69 91 76 47 32 32 88 69 91 76
47 32 32 88 69 91 76 47 32 10 32 32 88 69 91 76
47 32 32 88 69 91 76 47 32 32 10 32 32 88 69 91 76
47 32 32 88 69 91 76 47 32 32 10 32 88 69 91 76
47 32 32 88 69 91 76 47 32 32 88 10 32 88 69 91 76
47 32 10 32 32 88 69 91 76 47 32 32 88 69 91 76
47 32 32 10 32 32 88 69 91 76 47 32 32 88 69 91 76
47 32 32 10 32 88 69 91 76 47 32 32 88 69 91 76
47 32 32 88 10 32 88 69 91 76 47 32 32 88 69 91 76

49 96 63 35 13 60 29 49 96 63 35 13 60 29
49 96 63 35 13 60 29 49 96 20 96 63 35 13 60 29
49 96 63 35 13 60 29 49 96 63 20 96 63 35 13 60 29
49 96 63 35 13 60 29 49 96 63 20 63 35 13 60 29
49 96 63 35 13 60 29 49 96 63 35 20 63 35 13 60 29
49 96 20 96 63 35 13 60 29 49 96 63 35 13 60 29
49 96 63 20 96 63 35 13 60 29 49 96 63 35 13 60 29
49 96 63 20 63 35 13 60 29 49 96 63 35 13 60 29
49 96 63 35 20 63 35 13 60 29 49 96 63 35 13 60 29

65 46 69 59 90 54 32 65 46 69 59 90 54 32
65 46 69 59 90 54 32 65 46 6 46 69 59 90 54 32
65 46 69 59 90 54 32 65 46 69 6 46 69 59 90 54 32
65 46 69 59 90 54 32 65 46 69 6 69 59 90 54 32
65 46 69 59 90 54 32 65 46 69 59 6 69 59 90 54 32
65 46 6 46 69 59 90 54 32 65 46 69 59 90 54 32
65 46 69 6 46 69 59 90 54 32 65 46 69 59 90 54 32
65 46 69 6 69 59 90 54 32 65 46 69 59 90 54 32
65 46 69 59 6 69 59 90 54 32 65 46 69 59 90 54 32

94 11 86 32 64 94 26 94 11 86 32 64 94 26
94 11 86 32 64 94 26 94 11 17 11 86 32 64 94 26
94 11 86 32 64 94 26 94 11 86 17 11 86 32 64 94 26
94 11 86 32 64 94 26 94 11 86 17 86 32 64 94 26
94 11 86 32 64 94 26 94 11 86 32 17 86 32 64 94 26
94 11 17 11 86 32 64 94 26 94 11 86 32 64 94 26
94 11 86 17 11 86 32 64 94 26 94 11 86 32 64 94 26
94 11 86 17 86 32 64 94 26 94 11 86 32 64 94 26
94 11 86 32 17 86 32 64 94 26 94 11 86 32 64 94 26

9 21 76 36 27 78 6 9 21 76 36 27 78 6
9 21 76 36 27 78 6 9 21 9 21 76 36 27 78 6
9 21 76 36 27 78 6 9 21 76 9 21 76 36 27 78 6
9 21 76 36 27 78 6 9 21 76 9 76 36 27 78 6
9 21 76 36 27 78 6 9 21 76 36 9 76 36 27 78 6
9 21 9 21 76 36 27 78 6 9 21 76 36 27 78 6
9 21 76 9 21 76 36 27 78 6 9 21 76 36 27 78 6
9 21 76 9 76 36 27 78 6 9 21 76 36 27 78 6
9 21 76 36 9 76 36 27 78 6 9 21 76 36 27 78 6

42 92 99 79 9 48 5 42 92 99 79 9 48 5
42 92 99 79 9 48 5 42 92 20 92 99 79 9 48 5
42 92 99 79 9 48 5 42 92 99 20 92 99 79 9 48 5
42 92 99 79 9 48 5 42 92 99 20 99 79 9 48 5
42 92 99 79 9 48 5 42 92 99 79 20 99 79 9 48 5
42 92 20 92 99 79 9 48 5 42 92 99 79 9 48 5
42 92 99 20 92 99 79 9 48 5 42 92 99 79 9 48 5
42 92 99 20 99 79 9 48 5 42 92 99 79 9 48 5
42 92 99 79 20 99 79 9 48 5 42 92 99 79 9 48 5

96 22 13 66 95 79 71 96 22 13 66 95 79 71
96 22 13 66 95 79 71 96 22 10 22 13 66 95 79 71
96 22 13 66 95 79 71 96 22 13 10 22 13 66 95 79 71
96 22 13 66 95 79 71 96 22 13 10 13 66 95 79 71
96 22 13 66 95 79 71 96 22 13 66 10 13 66 95 79 71
96 22 10 22 13 66 95 79 71 96 22 13 66 95 79 71
96 22 13 10 22 13 66 95 79 71 96 22 13 66 95 79 71
96 22 13 10 13 66 95 79 71 96 22 13 66 95 79 71
96 22 13 66 10 13 66 95 79 71 96 22 13 66 95 79 71

34 61 37 71 64 21 82 34 61 37 71 64 21 82
34 61 37 71 64 21 82 34 61 9 61 37 71 64 21 82
34 61 37 71 64 21 82 34 61 37 9 61 37 71 64 21 82
34 61 37 71 64 21 82 34 61 37 9 37 71 64 21 82
34 61 37 71 64 21 82 34 61 37 71 9 37 71 64 21 82
34 61 9 61 37 71 64 21 82 34 61 37 71 64 21 82
34 61 37 9 61 37 71 64 21 82 34 61 37 71 64 21 82
34 61 37 9 37 71 64 21 82 34 61 37 71 64 21 82
34 61 37 71 9 37 71 64 21 82 34 61 37 71 64 21 82

47 81 37 47 22 34 70 47 81 37 47 22 34 70
47 81 37 47 22 34 70 47 81 12 81 37 47 22 34 70
47 81 37 47 22 34 70 47 81 37 12 81 37 47 22 34 70
47 81 37 47 22 34 70 47 81 37 12 37 47 22 34 70
47 81 37 47 22 34 70 47 81 37 47 12 37 47 22 34 70
47 81 12 81 37 47 22 34 70 47 81 37 47 22 34 70
47 81 37 12 81 37 47 22 34 70 47 81 37 47 22 34 70
47 81 37 12 37 47 22 34 70 47 81 37 47 22 34 70
47 81 37 47 12 37 47 22 34 70 47 81 37 47 22 34 70

30 48 51 98 43 60 21 30 48 51 98 43 60 21
30 48 51 98 43 60 21 30 48 12 48 51 98 43 60 21
30 48 51 98 43 60 21 30 48 51 12 48 51 98 43 60 21
30 48 51 98 43 60 21 30 48 51 12 51 98 43 60 21
30 48 51 98 43 60 21 30 48 51 98 12 51 98 43 60 21
30 48 12 48 51 98 43 60 21 30 48 51 98 43 60 21
30 48 51 12 48 51 98 43 60 21 30 48 51 98 43 60 21
30 48 51 12 51 98 43 60 21 30 48 51 98 43 60 21
30 48 51 98 12 51 98 43 60 21 30 48 51 98 43 60 21

46 86 89 53 19 52 28 46 86 89 53 19 52 28
46 86 89 53 19 52 28 46 86 12 86 89 53 19 52 28
46 86 89 53 19 52 28 46 86 89 12 86 89 53 19 52 28
46 86 89 53 19 52 28 46 86 89 12 89 53 19 52 28
46 86 89 53 19 52 28 46 86 89 53 12 89 53 19 52 28
46 86 12 86 89 53 19 52 28 46 86 89 53 19 52 28
46 86 89 12 86 89 53 19 52 28 46 86 89 53 19 52 28
46 86 89 12 89 53 19 52 28 46 86 89 53 19 52 28
46 86 89 53 12 89 53 19 52 28 46 86 89 53 19 52 28

