150
7
4
2

24
23
23
1
22
27
27
30
7
15
22
7
10
13
7
23
5
15
1
2
22
9
12
14
4
29
3
22
1
13
14
9
29
22
26
16
30
15
11
29
17
6
3
24
29
26
20
1
14
11
6
0
0
25
3
5
26
29
2
11
3
17
27
11
7
3
29
23
7
9
12
13
14
29
15
7
11
1
27
1
2
30
4
15
4
23
18
10
12
0
19
0
30
7
18
1
1
1
12
12
7
18
16
25
14
13
18
11
30
28
24
25
12
7
25
0
4
16
19
17
8
2
10
11
21
4
28
13
8
20
23
12
29
5
30
5
10
18
24
8
30
21
0
11
6
14
25
11
3
21

81 77 
102 35 
34 60 
82 83 
66 76 
67 67 
31 46 
31 31 
69 25 
79 50 
44 37 
22 33 
69 97 
66 98 
48 44 
84 97 
77 34 
95 104 
65 103 
95 45 
87 100 
113 104 
40 91 
49 56 
83 97 
84 84 
64 94 
111 106 
100 20 
88 24 
62 83 
101 49 
89 95 
77 87 
84 101 
27 35 
49 47 
67 97 
92 35 
111 56 
40 99 
49 12 
54 61 
103 84 
88 116 
57 48 
23 81 
44 29 
95 95 
52 42 
12 55 
71 84 
51 54 
54 52 
33 107 
103 79 
40 106 
24 64 
26 64 
36 44 
51 31 
10 64 
21 65 
47 90 
41 89 
42 72 
44 35 
65 58 
19 40 
47 79 
50 42 
103 34 
13 111 
36 42 
14 30 
87 75 
55 90 
105 45 
109 84 
97 102 
44 114 
85 56 
86 92 
33 49 
114 79 
96 49 
72 39 
65 59 
71 74 
93 36 
76 44 
74 36 
87 89 
95 103 
86 93 
98 113 
76 117 
41 63 
25 70 
75 77 
79 97 
35 65 
42 84 
50 71 
97 30 
21 101 
43 87 
98 98 
88 43 
43 52 
96 100 
35 29 
78 98 
80 90 
58 43 
112 94 
30 95 
65 101 
70 111 
53 36 
39 17 
101 69 
78 33 
38 103 
74 95 
30 29 
46 52 
28 46 
32 116 
23 85 
26 67 
47 25 
51 32 
90 23 
28 106 
98 28 
88 71 
16 19 
60 113 
52 37 
60 84 
101 33 
19 19 
100 52 
91 105 
31 40 
72 68 
75 11 
73 16 
21 42 

1857
1504
1391
1629
1653
2514
1385
1493
2475
1716
1814
2089
2181
1983
1684
2305
2011
1965
1907
2063
2334
2389
1969
1355
1635
1654
1342
2058
1883
1469
2317
1790
1797
2276
2050
1144
1883
1703
1843
1455
2297
1111
1843
2200
2426
1734
1484
1736
2236
1828
1577
2359
1834
1764
2139
2129
2208
1494
1728
1734
1977
1177
1461
1689
1760
2321
1217
2173
1392
1864
1608
2062
2333
1304
897
1899
1982
1948
2387
2545
2208
2416
2249
1457
2526
1809
1985
2138
2000
1617
1987
1793
2270
2286
1832
2089
1642
1296
1577
1980
2392
1469
2293
2370
2544
1685
1526
2018
2270
2166
2233
1670
2439
2187
1487
2471
1580
2100
1622
1284
1674
1805
1928
1267
2226
1702
1515
1550
1703
2091
2088
1929
1788
1641
2327
1483
2180
1554
1916
1203
1924
1761
890
1726
1927
1134
1709
1847
1525
1797

1 2 3 4 5 1 2 3 4 5 6 7
1 2 3 4 5 1 2 100 102 3 4 5 6 7
1 2 3 4 5 1 2 3 100 102 103 4 5 6 7
1 2 3 4 5 1 2 3 100 103 4 5 6 7
1 2 3 4 5 1 2 3 4 100 103 104 5 6 7
1 2 100 102 3 4 5 1 2 3 4 5 6 7
1 2 3 100 102 103 4 5 1 2 3 4 5 6 7
1 2 3 100 103 4 5 1 2 3 4 5 6 7
1 2 3 4 100 103 104 5 1 2 3 4 5 6 7

70 49 66 64 37 26 43 70 49 66 64 37 26 43
70 49 66 64 37 26 43 70 49 20 49 66 64 37 26 43
70 49 66 64 37 26 43 70 49 66 20 49 66 64 37 26 43
70 49 66 64 37 26 43 70 49 66 20 66 64 37 26 43
70 49 66 64 37 26 43 70 49 66 64 20 66 64 37 26 43
70 49 20 49 66 64 37 26 43 70 49 66 64 37 26 43
70 49 66 20 49 66 64 37 26 43 70 49 66 64 37 26 43
70 49 66 20 66 64 37 26 43 70 49 66 64 37 26 43
70 49 66 64 20 66 64 37 26 43 70 49 66 64 37 26 43

45 20 91 26 49 48 7 45 20 91 26 49 48 7
45 20 91 26 49 48 7 45 20 17 20 91 26 49 48 7
45 20 91 26 49 48 7 45 20 91 17 20 91 26 49 48 7
45 20 91 26 49 48 7 45 20 91 17 91 26 49 48 7
45 20 91 26 49 48 7 45 20 91 26 17 91 26 49 48 7
45 20 17 20 91 26 49 48 7 45 20 91 26 49 48 7
45 20 91 17 20 91 26 49 48 7 45 20 91 26 49 48 7
45 20 91 17 91 26 49 48 7 45 20 91 26 49 48 7
45 20 91 26 17 91 26 49 48 7 45 20 91 26 49 48 7

45 6 22 50 77 14 60 45 6 22 50 77 14 60
45 6 22 50 77 14 60 45 6 8 6 22 50 77 14 60
45 6 22 50 77 14 60 45 6 22 8 6 22 50 77 14 60
45 6 22 50 77 14 60 45 6 22 8 22 50 77 14 60
45 6 22 50 77 14 60 45 6 22 50 8 22 50 77 14 60
45 6 8 6 22 50 77 14 60 45 6 22 50 77 14 60
45 6 22 8 6 22 50 77 14 60 45 6 22 50 77 14 60
45 6 22 8 22 50 77 14 60 45 6 22 50 77 14 60
45 6 22 50 8 22 50 77 14 60 45 6 22 50 77 14 60

19 29 67 73 63 47 21 19 29 67 73 63 47 21
19 29 67 73 63 47 21 19 29 7 29 67 73 63 47 21
19 29 67 73 63 47 21 19 29 67 7 29 67 73 63 47 21
19 29 67 73 63 47 21 19 29 67 7 67 73 63 47 21
19 29 67 73 63 47 21 19 29 67 73 7 67 73 63 47 21
19 29 7 29 67 73 63 47 21 19 29 67 73 63 47 21
19 29 67 7 29 67 73 63 47 21 19 29 67 73 63 47 21
19 29 67 7 67 73 63 47 21 19 29 67 73 63 47 21
19 29 67 73 7 67 73 63 47 21 19 29 67 73 63 47 21

26 28 48 69 48 33 85 26 28 48 69 48 33 85
26 28 48 69 48 33 85 26 28 5 28 48 69 48 33 85
26 28 48 69 48 33 85 26 28 48 5 28 48 69 48 33 85
26 28 48 69 48 33 85 26 28 48 5 48 69 48 33 85
26 28 48 69 48 33 85 26 28 48 69 5 48 69 48 33 85
26 28 5 28 48 69 48 33 85 26 28 48 69 48 33 85
26 28 48 5 28 48 69 48 33 85 26 28 48 69 48 33 85
26 28 48 5 48 69 48 33 85 26 28 48 69 48 33 85
26 28 48 69 5 48 69 48 33 85 26 28 48 69 48 33 85

85 61 53 52 100 86 55 85 61 53 52 100 86 55
85 61 53 52 100 86 55 85 61 19 61 53 52 100 86 55
85 61 53 52 100 86 55 85 61 53 19 61 53 52 100 86 55
85 61 53 52 100 86 55 85 61 53 19 53 52 100 86 55
85 61 53 52 100 86 55 85 61 53 52 19 53 52 100 86 55
85 61 19 61 53 52 100 86 55 85 61 53 52 100 86 55
85 61 53 19 61 53 52 100 86 55 85 61 53 52 100 86 55
85 61 53 19 53 52 100 86 55 85 61 53 52 100 86 55
85 61 53 52 19 53 52 100 86 55 85 61 53 52 100 86 55

69 18 22 39 16 99 39 69 18 22 39 16 99 39
69 18 22 39 16 99 39 69 18 12 18 22 39 16 99 39
69 18 22 39 16 99 39 69 18 22 12 18 22 39 16 99 39
69 18 22 39 16 99 39 69 18 22 12 22 39 16 99 39
69 18 22 39 16 99 39 69 18 22 39 12 22 39 16 99 39
69 18 12 18 22 39 16 99 39 69 18 22 39 16 99 39
69 18 22 12 18 22 39 16 99 39 69 18 22 39 16 99 39
69 18 22 12 22 39 16 99 39 69 18 22 39 16 99 39
69 18 22 39 12 22 39 16 99 39 69 18 22 39 16 99 39

77 44 26 16 55 58 9 77 44 26 16 55 58 9
77 44 26 16 55 58 9 77 44 5 44 26 16 55 58 9
77 44 26 16 55 58 9 77 44 26 5 44 26 16 55 58 9
77 44 26 16 55 58 9 77 44 26 5 26 16 55 58 9
77 44 26 16 55 58 9 77 44 26 16 5 26 16 55 58 9
77 44 5 44 26 16 55 58 9 77 44 26 16 55 58 9
77 44 26 5 44 26 16 55 58 9 77 44 26 16 55 58 9
77 44 26 5 26 16 55 58 9 77 44 26 16 55 58 9
77 44 26 16 5 26 16 55 58 9 77 44 26 16 55 58 9

95 88 63 5 95 59 95 95 88 63 5 95 59 95
95 88 63 5 95 59 95 95 88 9 88 63 5 95 59 95
95 88 63 5 95 59 95 95 88 63 9 88 63 5 95 59 95
95 88 63 5 95 59 95 95 88 63 9 63 5 95 59 95
95 88 63 5 95 59 95 95 88 63 5 9 63 5 95 59 95
95 88 9 88 63 5 95 59 95 95 88 63 5 95 59 95
95 88 63 9 88 63 5 95 59 95 95 88 63 5 95 59 95
95 88 63 9 63 5 95 59 95 95 88 63 5 95 59 95
95 88 63 5 9 63 5 95 59 95 95 88 63 5 95 59 95

26 59 69 34 76 7 56 26 59 69 34 76 7 56
26 59 69 34 76 7 56 26 59 6 59 69 34 76 7 56
26 59 69 34 76 7 56 26 59 69 6 59 69 34 76 7 56
26 59 69 34 76 7 56 26 59 69 6 69 34 76 7 56
26 59 69 34 76 7 56 26 59 69 34 6 69 34 76 7 56
26 59 6 59 69 34 76 7 56 26 59 69 34 76 7 56
26 59 69 6 59 69 34 76 7 56 26 59 69 34 76 7 56
26 59 69 6 69 34 76 7 56 26 59 69 34 76 7 56
26 59 69 34 6 69 34 76 7 56 26 59 69 34 76 7 56

98 45 30 32 46 90 31 98 45 30 32 46 90 31
98 45 30 32 46 90 31 98 45 12 45 30 32 46 90 31
98 45 30 32 46 90 31 98 45 30 12 45 30 32 46 90 31
98 45 30 32 46 90 31 98 45 30 12 30 32 46 90 31
98 45 30 32 46 90 31 98 45 30 32 12 30 32 46 90 31
98 45 12 45 30 32 46 90 31 98 45 30 32 46 90 31
98 45 30 12 45 30 32 46 90 31 98 45 30 32 46 90 31
98 45 30 12 30 32 46 90 31 98 45 30 32 46 90 31
98 45 30 32 12 30 32 46 90 31 98 45 30 32 46 90 31

98 77 11 16 71 82 82 98 77 11 16 71 82 82
98 77 11 16 71 82 82 98 77 13 77 11 16 71 82 82
98 77 11 16 71 82 82 98 77 11 13 77 11 16 71 82 82
98 77 11 16 71 82 82 98 77 11 13 11 16 71 82 82
98 77 11 16 71 82 82 98 77 11 16 13 11 16 71 82 82
98 77 13 77 11 16 71 82 82 98 77 11 16 71 82 82
98 77 11 13 77 11 16 71 82 82 98 77 11 16 71 82 82
98 77 11 13 11 16 71 82 82 98 77 11 16 71 82 82
98 77 11 16 13 11 16 71 82 82 98 77 11 16 71 82 82

46 62 53 87 41 76 89 46 62 53 87 41 76 89
46 62 53 87 41 76 89 46 62 13 62 53 87 41 76 89
46 62 53 87 41 76 89 46 62 53 13 62 53 87 41 76 89
46 62 53 87 41 76 89 46 62 53 13 53 87 41 76 89
46 62 53 87 41 76 89 46 62 53 87 13 53 87 41 76 89
46 62 13 62 53 87 41 76 89 46 62 53 87 41 76 89
46 62 53 13 62 53 87 41 76 89 46 62 53 87 41 76 89
46 62 53 13 53 87 41 76 89 46 62 53 87 41 76 89
46 62 53 87 13 53 87 41 76 89 46 62 53 87 41 76 89

11 90 52 81 62 28 48 11 90 52 81 62 28 48
11 90 52 81 62 28 48 11 90 7 90 52 81 62 28 48
11 90 52 81 62 28 48 11 90 52 7 90 52 81 62 28 48
11 90 52 81 62 28 48 11 90 52 7 52 81 62 28 48
11 90 52 81 62 28 48 11 90 52 81 7 52 81 62 28 48
11 90 7 90 52 81 62 28 48 11 90 52 81 62 28 48
11 90 52 7 90 52 81 62 28 48 11 90 52 81 62 28 48
11 90 52 7 52 81 62 28 48 11 90 52 81 62 28 48
11 90 52 81 7 52 81 62 28 48 11 90 52 81 62 28 48

22 79 29 27 77 91 18 22 79 29 27 77 91 18
22 79 29 27 77 91 18 22 79 15 79 29 27 77 91 18
22 79 29 27 77 91 18 22 79 29 15 79 29 27 77 91 18
22 79 29 27 77 91 18 22 79 29 15 29 27 77 91 18
22 79 29 27 77 91 18 22 79 29 27 15 29 27 77 91 18
22 79 15 79 29 27 77 91 18 22 79 29 27 77 91 18
22 79 29 15 79 29 27 77 91 18 22 79 29 27 77 91 18
22 79 29 15 29 27 77 91 18 22 79 29 27 77 91 18
22 79 29 27 15 29 27 77 91 18 22 79 29 27 77 91 18

84 19 78 88 70 86 13 84 19 78 88 70 86 13
84 19 78 88 70 86 13 84 19 9 19 78 88 70 86 13
84 19 78 88 70 86 13 84 19 78 9 19 78 88 70 86 13
84 19 78 88 70 86 13 84 19 78 9 78 88 70 86 13
84 19 78 88 70 86 13 84 19 78 88 9 78 88 70 86 13
84 19 9 19 78 88 70 86 13 84 19 78 88 70 86 13
84 19 78 9 19 78 88 70 86 13 84 19 78 88 70 86 13
84 19 78 9 78 88 70 86 13 84 19 78 88 70 86 13
84 19 78 88 9 78 88 70 86 13 84 19 78 88 70 86 13

88 74 69 25 7 94 85 88 74 69 25 7 94 85
88 74 69 25 7 94 85 88 74 6 74 69 25 7 94 85
88 74 69 25 7 94 85 88 74 69 6 74 69 25 7 94 85
88 74 69 25 7 94 85 88 74 69 6 69 25 7 94 85
88 74 69 25 7 94 85 88 74 69 25 6 69 25 7 94 85
88 74 6 74 69 25 7 94 85 88 74 69 25 7 94 85
88 74 69 6 74 69 25 7 94 85 88 74 69 25 7 94 85
88 74 69 6 69 25 7 94 85 88 74 69 25 7 94 85
88 74 69 25 6 69 25 7 94 85 88 74 69 25 7 94 85

13 50 90 90 38 26 92 13 50 90 90 38 26 92
13 50 90 90 38 26 92 13 50 13 50 90 90 38 26 92
13 50 90 90 38 26 92 13 50 90 13 50 90 90 38 26 92
13 50 90 90 38 26 92 13 50 90 13 90 90 38 26 92
13 50 90 90 38 26 92 13 50 90 90 13 90 90 38 26 92
13 50 13 50 90 90 38 26 92 13 50 90 90 38 26 92
13 50 90 13 50 90 90 38 26 92 13 50 90 90 38 26 92
13 50 90 13 90 90 38 26 92 13 50 90 90 38 26 92
13 50 90 90 13 90 90 38 26 92 13 50 90 90 38 26 92

38 45 56 97 49 26 57 38 45 56 97 49 26 57
38 45 56 97 49 26 57 38 45 10 45 56 97 49 26 57
38 45 56 97 49 26 57 38 45 56 10 45 56 97 49 26 57
38 45 56 97 49 26 57 38 45 56 10 56 97 49 26 57
38 45 56 97 49 26 57 38 45 56 97 10 56 97 49 26 57
38 45 10 45 56 97 49 26 57 38 45 56 97 49 26 57
38 45 56 10 45 56 97 49 26 57 38 45 56 97 49 26 57
38 45 56 10 56 97 49 26 57 38 45 56 97 49 26 57
38 45 56 97 10 56 97 49 26 57 38 45 56 97 49 26 57

66 56 83 26 31 92 88 66 56 83 26 31 92 88
66 56 83 26 31 92 88 66 56 10 56 83 26 31 92 88
66 56 83 26 31 92 88 66 56 83 10 56 83 26 31 92 88
66 56 83 26 31 92 88 66 56 83 10 83 26 31 92 88
66 56 83 26 31 92 88 66 56 83 26 10 83 26 31 92 88
66 56 10 56 83 26 31 92 88 66 56 83 26 31 92 88
66 56 83 10 56 83 26 31 92 88 66 56 83 26 31 92 88
66 56 83 10 83 26 31 92 88 66 56 83 26 31 92 88
66 56 83 26 10 83 26 31 92 88 66 56 83 26 31 92 88

24 76 79 88 80 74 37 24 76 79 88 80 74 37
24 76 79 88 80 74 37 24 76 14 76 79 88 80 74 37
24 76 79 88 80 74 37 24 76 79 14 76 79 88 80 74 37
24 76 79 88 80 74 37 24 76 79 14 79 88 80 74 37
24 76 79 88 80 74 37 24 76 79 88 14 79 88 80 74 37
24 76 14 76 79 88 80 74 37 24 76 79 88 80 74 37
24 76 79 14 76 79 88 80 74 37 24 76 79 88 80 74 37
24 76 79 14 79 88 80 74 37 24 76 79 88 80 74 37
24 76 79 88 14 79 88 80 74 37 24 76 79 88 80 74 37

27 82 100 99 52 68 21 27 82 100 99 52 68 21
27 82 100 99 52 68 21 27 82 6 82 100 99 52 68 21
27 82 100 99 52 68 21 27 82 100 6 82 100 99 52 68 21
27 82 100 99 52 68 21 27 82 100 6 100 99 52 68 21
27 82 100 99 52 68 21 27 82 100 99 6 100 99 52 68 21
27 82 6 82 100 99 52 68 21 27 82 100 99 52 68 21
27 82 100 6 82 100 99 52 68 21 27 82 100 99 52 68 21
27 82 100 6 100 99 52 68 21 27 82 100 99 52 68 21
27 82 100 99 6 100 99 52 68 21 27 82 100 99 52 68 21

63 53 21 81 86 64 6 63 53 21 81 86 64 6
63 53 21 81 86 64 6 63 53 5 53 21 81 86 64 6
63 53 21 81 86 64 6 63 53 21 5 53 21 81 86 64 6
63 53 21 81 86 64 6 63 53 21 5 21 81 86 64 6
63 53 21 81 86 64 6 63 53 21 81 5 21 81 86 64 6
63 53 5 53 21 81 86 64 6 63 53 21 81 86 64 6
63 53 21 5 53 21 81 86 64 6 63 53 21 81 86 64 6
63 53 21 5 21 81 86 64 6 63 53 21 81 86 64 6
63 53 21 81 5 21 81 86 64 6 63 53 21 81 86 64 6

36 13 40 48 50 75 12 36 13 40 48 50 75 12
36 13 40 48 50 75 12 36 13 14 13 40 48 50 75 12
36 13 40 48 50 75 12 36 13 40 14 13 40 48 50 75 12
36 13 40 48 50 75 12 36 13 40 14 40 48 50 75 12
36 13 40 48 50 75 12 36 13 40 48 14 40 48 50 75 12
36 13 14 13 40 48 50 75 12 36 13 40 48 50 75 12
36 13 40 14 13 40 48 50 75 12 36 13 40 48 50 75 12
36 13 40 14 40 48 50 75 12 36 13 40 48 50 75 12
36 13 40 48 14 40 48 50 75 12 36 13 40 48 50 75 12

16 37 66 78 26 22 90 16 37 66 78 26 22 90
16 37 66 78 26 22 90 16 37 17 37 66 78 26 22 90
16 37 66 78 26 22 90 16 37 66 17 37 66 78 26 22 90
16 37 66 78 26 22 90 16 37 66 17 66 78 26 22 90
16 37 66 78 26 22 90 16 37 66 78 17 66 78 26 22 90
16 37 17 37 66 78 26 22 90 16 37 66 78 26 22 90
16 37 66 17 37 66 78 26 22 90 16 37 66 78 26 22 90
16 37 66 17 66 78 26 22 90 16 37 66 78 26 22 90
16 37 66 78 17 66 78 26 22 90 16 37 66 78 26 22 90

21 72 79 76 6 28 22 21 72 79 76 6 28 22
21 72 79 76 6 28 22 21 72 18 72 79 76 6 28 22
21 72 79 76 6 28 22 21 72 79 18 72 79 76 6 28 22
21 72 79 76 6 28 22 21 72 79 18 79 76 6 28 22
21 72 79 76 6 28 22 21 72 79 76 18 79 76 6 28 22
21 72 18 72 79 76 6 28 22 21 72 79 76 6 28 22
21 72 79 18 72 79 76 6 28 22 21 72 79 76 6 28 22
21 72 79 18 79 76 6 28 22 21 72 79 76 6 28 22
21 72 79 76 18 79 76 6 28 22 21 72 79 76 6 28 22

15 32 49 88 7 23 54 15 32 49 88 7 23 54
15 32 49 88 7 23 54 15 32 14 32 49 88 7 23 54
15 32 49 88 7 23 54 15 32 49 14 32 49 88 7 23 54
15 32 49 88 7 23 54 15 32 49 14 49 88 7 23 54
15 32 49 88 7 23 54 15 32 49 88 14 49 88 7 23 54
15 32 14 32 49 88 7 23 54 15 32 49 88 7 23 54
15 32 49 14 32 49 88 7 23 54 15 32 49 88 7 23 54
15 32 49 14 49 88 7 23 54 15 32 49 88 7 23 54
15 32 49 88 14 49 88 7 23 54 15 32 49 88 7 23 54

31 25 100 96 24 99 40 31 25 100 96 24 99 40
31 25 100 96 24 99 40 31 25 13 25 100 96 24 99 40
31 25 100 96 24 99 40 31 25 100 13 25 100 96 24 99 40
31 25 100 96 24 99 40 31 25 100 13 100 96 24 99 40
31 25 100 96 24 99 40 31 25 100 96 13 100 96 24 99 40
31 25 13 25 100 96 24 99 40 31 25 100 96 24 99 40
31 25 100 13 25 100 96 24 99 40 31 25 100 96 24 99 40
31 25 100 13 100 96 24 99 40 31 25 100 96 24 99 40
31 25 100 96 13 100 96 24 99 40 31 25 100 96 24 99 40

83 29 83 14 17 87 98 83 29 83 14 17 87 98
83 29 83 14 17 87 98 83 29 6 29 83 14 17 87 98
83 29 83 14 17 87 98 83 29 83 6 29 83 14 17 87 98
83 29 83 14 17 87 98 83 29 83 6 83 14 17 87 98
83 29 83 14 17 87 98 83 29 83 14 6 83 14 17 87 98
83 29 6 29 83 14 17 87 98 83 29 83 14 17 87 98
83 29 83 6 29 83 14 17 87 98 83 29 83 14 17 87 98
83 29 83 6 83 14 17 87 98 83 29 83 14 17 87 98
83 29 83 14 6 83 14 17 87 98 83 29 83 14 17 87 98

29 36 80 8 65 5 57 29 36 80 8 65 5 57
29 36 80 8 65 5 57 29 36 11 36 80 8 65 5 57
29 36 80 8 65 5 57 29 36 80 11 36 80 8 65 5 57
29 36 80 8 65 5 57 29 36 80 11 80 8 65 5 57
29 36 80 8 65 5 57 29 36 80 8 11 80 8 65 5 57
29 36 11 36 80 8 65 5 57 29 36 80 8 65 5 57
29 36 80 11 36 80 8 65 5 57 29 36 80 8 65 5 57
29 36 80 11 80 8 65 5 57 29 36 80 8 65 5 57
29 36 80 8 11 80 8 65 5 57 29 36 80 8 65 5 57

38 83 48 64 92 62 73 38 83 48 64 92 62 73
38 83 48 64 92 62 73 38 83 20 83 48 64 92 62 73
38 83 48 64 92 62 73 38 83 48 20 83 48 64 92 62 73
38 83 48 64 92 62 73 38 83 48 20 48 64 92 62 73
38 83 48 64 92 62 73 38 83 48 64 20 48 64 92 62 73
38 83 20 83 48 64 92 62 73 38 83 48 64 92 62 73
38 83 48 20 83 48 64 92 62 73 38 83 48 64 92 62 73
38 83 48 20 48 64 92 62 73 38 83 48 64 92 62 73
38 83 48 64 20 48 64 92 62 73 38 83 48 64 92 62 73

13 66 83 43 24 81 77 13 66 83 43 24 81 77
13 66 83 43 24 81 77 13 66 15 66 83 43 24 81 77
13 66 83 43 24 81 77 13 66 83 15 66 83 43 24 81 77
13 66 83 43 24 81 77 13 66 83 15 83 43 24 81 77
13 66 83 43 24 81 77 13 66 83 43 15 83 43 24 81 77
13 66 15 66 83 43 24 81 77 13 66 83 43 24 81 77
13 66 83 15 66 83 43 24 81 77 13 66 83 43 24 81 77
13 66 83 15 83 43 24 81 77 13 66 83 43 24 81 77
13 66 83 43 15 83 43 24 81 77 13 66 83 43 24 81 77

13 56 74 76 51 54 17 13 56 74 76 51 54 17
13 56 74 76 51 54 17 13 56 11 56 74 76 51 54 17
13 56 74 76 51 54 17 13 56 74 11 56 74 76 51 54 17
13 56 74 76 51 54 17 13 56 74 11 74 76 51 54 17
13 56 74 76 51 54 17 13 56 74 76 11 74 76 51 54 17
13 56 11 56 74 76 51 54 17 13 56 74 76 51 54 17
13 56 74 11 56 74 76 51 54 17 13 56 74 76 51 54 17
13 56 74 11 74 76 51 54 17 13 56 74 76 51 54 17
13 56 74 76 11 74 76 51 54 17 13 56 74 76 51 54 17

41 68 62 79 99 44 30 41 68 62 79 99 44 30
41 68 62 79 99 44 30 41 68 6 68 62 79 99 44 30
41 68 62 79 99 44 30 41 68 62 6 68 62 79 99 44 30
41 68 62 79 99 44 30 41 68 62 6 62 79 99 44 30
41 68 62 79 99 44 30 41 68 62 79 6 62 79 99 44 30
41 68 6 68 62 79 99 44 30 41 68 62 79 99 44 30
41 68 62 6 68 62 79 99 44 30 41 68 62 79 99 44 30
41 68 62 6 62 79 99 44 30 41 68 62 79 99 44 30
41 68 62 79 6 62 79 99 44 30 41 68 62 79 99 44 30

70 57 77 93 13 28 61 70 57 77 93 13 28 61
70 57 77 93 13 28 61 70 57 15 57 77 93 13 28 61
70 57 77 93 13 28 61 70 57 77 15 57 77 93 13 28 61
70 57 77 93 13 28 61 70 57 77 15 77 93 13 28 61
70 57 77 93 13 28 61 70 57 77 93 15 77 93 13 28 61
70 57 15 57 77 93 13 28 61 70 57 77 93 13 28 61
70 57 77 15 57 77 93 13 28 61 70 57 77 93 13 28 61
70 57 77 15 77 93 13 28 61 70 57 77 93 13 28 61
70 57 77 93 15 77 93 13 28 61 70 57 77 93 13 28 61

76 14 14 30 8 73 28 76 14 14 30 8 73 28
76 14 14 30 8 73 28 76 14 20 14 14 30 8 73 28
76 14 14 30 8 73 28 76 14 14 20 14 14 30 8 73 28
76 14 14 30 8 73 28 76 14 14 20 14 30 8 73 28
76 14 14 30 8 73 28 76 14 14 30 20 14 30 8 73 28
76 14 20 14 14 30 8 73 28 76 14 14 30 8 73 28
76 14 14 20 14 14 30 8 73 28 76 14 14 30 8 73 28
76 14 14 20 14 30 8 73 28 76 14 14 30 8 73 28
76 14 14 30 20 14 30 8 73 28 76 14 14 30 8 73 28

85 77 31 33 68 34 25 85 77 31 33 68 34 25
85 77 31 33 68 34 25 85 77 14 77 31 33 68 34 25
85 77 31 33 68 34 25 85 77 31 14 77 31 33 68 34 25
85 77 31 33 68 34 25 85 77 31 14 31 33 68 34 25
85 77 31 33 68 34 25 85 77 31 33 14 31 33 68 34 25
85 77 14 77 31 33 68 34 25 85 77 31 33 68 34 25
85 77 31 14 77 31 33 68 34 25 85 77 31 33 68 34 25
85 77 31 14 31 33 68 34 25 85 77 31 33 68 34 25
85 77 31 33 14 31 33 68 34 25 85 77 31 33 68 34 25

61 30 49 85 10 10 99 61 30 49 85 10 10 99
61 30 49 85 10 10 99 61 30 19 30 49 85 10 10 99
61 30 49 85 10 10 99 61 30 49 19 30 49 85 10 10 99
61 30 49 85 10 10 99 61 30 49 19 49 85 10 10 99
61 30 49 85 10 10 99 61 30 49 85 19 49 85 10 10 99
61 30 19 30 49 85 10 10 99 61 30 49 85 10 10 99
61 30 49 19 30 49 85 10 10 99 61 30 49 85 10 10 99
61 30 49 19 49 85 10 10 99 61 30 49 85 10 10 99
61 30 49 85 19 49 85 10 10 99 61 30 49 85 10 10 99

72 65 73 18 40 33 68 72 65 73 18 40 33 68
72 65 73 18 40 33 68 72 65 14 65 73 18 40 33 68
72 65 73 18 40 33 68 72 65 73 14 65 73 18 40 33 68
72 65 73 18 40 33 68 72 65 73 14 73 18 40 33 68
72 65 73 18 40 33 68 72 65 73 18 14 73 18 40 33 68
72 65 14 65 73 18 40 33 68 72 65 73 18 40 33 68
72 65 73 14 65 73 18 40 33 68 72 65 73 18 40 33 68
72 65 73 14 73 18 40 33 68 72 65 73 18 40 33 68
72 65 73 18 14 73 18 40 33 68 72 65 73 18 40 33 68

14 10 98 43 22 37 82 14 10 98 43 22 37 82
14 10 98 43 22 37 82 14 10 17 10 98 43 22 37 82
14 10 98 43 22 37 82 14 10 98 17 10 98 43 22 37 82
14 10 98 43 22 37 82 14 10 98 17 98 43 22 37 82
14 10 98 43 22 37 82 14 10 98 43 17 98 43 22 37 82
14 10 17 10 98 43 22 37 82 14 10 98 43 22 37 82
14 10 98 17 10 98 43 22 37 82 14 10 98 43 22 37 82
14 10 98 17 98 43 22 37 82 14 10 98 43 22 37 82
14 10 98 43 17 98 43 22 37 82 14 10 98 43 22 37 82

74 92 30 93 60 75 15 74 92 30 93 60 75 15
74 92 30 93 60 75 15 74 92 18 92 30 93 60 75 15
74 92 30 93 60 75 15 74 92 30 18 92 30 93 60 75 15
74 92 30 93 60 75 15 74 92 30 18 30 93 60 75 15
74 92 30 93 60 75 15 74 92 30 93 18 30 93 60 75 15
74 92 18 92 30 93 60 75 15 74 92 30 93 60 75 15
74 92 30 18 92 30 93 60 75 15 74 92 30 93 60 75 15
74 92 30 18 30 93 60 75 15 74 92 30 93 60 75 15
74 92 30 93 18 30 93 60 75 15 74 92 30 93 60 75 15

6 88 33 6 16 5 81 6 88 33 6 16 5 81
6 88 33 6 16 5 81 6 88 5 88 33 6 16 5 81
6 88 33 6 16 5 81 6 88 33 5 88 33 6 16 5 81
6 88 33 6 16 5 81 6 88 33 5 33 6 16 5 81
6 88 33 6 16 5 81 6 88 33 6 5 33 6 16 5 81
6 88 5 88 33 6 16 5 81 6 88 33 6 16 5 81
6 88 33 5 88 33 6 16 5 81 6 88 33 6 16 5 81
6 88 33 5 33 6 16 5 81 6 88 33 6 16 5 81
6 88 33 6 5 33 6 16 5 81 6 88 33 6 16 5 81

68 81 38 52 19 48 71 68 81 38 52 19 48 71
68 81 38 52 19 48 71 68 81 6 81 38 52 19 48 71
68 81 38 52 19 48 71 68 81 38 6 81 38 52 19 48 71
68 81 38 52 19 48 71 68 81 38 6 38 52 19 48 71
68 81 38 52 19 48 71 68 81 38 52 6 38 52 19 48 71
68 81 6 81 38 52 19 48 71 68 81 38 52 19 48 71
68 81 38 6 81 38 52 19 48 71 68 81 38 52 19 48 71
68 81 38 6 38 52 19 48 71 68 81 38 52 19 48 71
68 81 38 52 6 38 52 19 48 71 68 81 38 52 19 48 71

69 29 95 72 76 8 50 69 29 95 72 76 8 50
69 29 95 72 76 8 50 69 29 16 29 95 72 76 8 50
69 29 95 72 76 8 50 69 29 95 16 29 95 72 76 8 50
69 29 95 72 76 8 50 69 29 95 16 95 72 76 8 50
69 29 95 72 76 8 50 69 29 95 72 16 95 72 76 8 50
69 29 16 29 95 72 76 8 50 69 29 95 72 76 8 50
69 29 95 16 29 95 72 76 8 50 69 29 95 72 76 8 50
69 29 95 16 95 72 76 8 50 69 29 95 72 76 8 50
69 29 95 72 16 95 72 76 8 50 69 29 95 72 76 8 50

45 53 68 97 69 74 90 45 53 68 97 69 74 90
45 53 68 97 69 74 90 45 53 12 53 68 97 69 74 90
45 53 68 97 69 74 90 45 53 68 12 53 68 97 69 74 90
45 53 68 97 69 74 90 45 53 68 12 68 97 69 74 90
45 53 68 97 69 74 90 45 53 68 97 12 68 97 69 74 90
45 53 12 53 68 97 69 74 90 45 53 68 97 69 74 90
45 53 68 12 53 68 97 69 74 90 45 53 68 97 69 74 90
45 53 68 12 68 97 69 74 90 45 53 68 97 69 74 90
45 53 68 97 12 68 97 69 74 90 45 53 68 97 69 74 90

60 92 47 28 19 50 51 60 92 47 28 19 50 51
60 92 47 28 19 50 51 60 92 8 92 47 28 19 50 51
60 92 47 28 19 50 51 60 92 47 8 92 47 28 19 50 51
60 92 47 28 19 50 51 60 92 47 8 47 28 19 50 51
60 92 47 28 19 50 51 60 92 47 28 8 47 28 19 50 51
60 92 8 92 47 28 19 50 51 60 92 47 28 19 50 51
60 92 47 8 92 47 28 19 50 51 60 92 47 28 19 50 51
60 92 47 8 47 28 19 50 51 60 92 47 28 19 50 51
60 92 47 28 8 47 28 19 50 51 60 92 47 28 19 50 51

6 61 18 62 52 19 97 6 61 18 62 52 19 97
6 61 18 62 52 19 97 6 61 6 61 18 62 52 19 97
6 61 18 62 52 19 97 6 61 18 6 61 18 62 52 19 97
6 61 18 62 52 19 97 6 61 18 6 18 62 52 19 97
6 61 18 62 52 19 97 6 61 18 62 6 18 62 52 19 97
6 61 6 61 18 62 52 19 97 6 61 18 62 52 19 97
6 61 18 6 61 18 62 52 19 97 6 61 18 62 52 19 97
6 61 18 6 18 62 52 19 97 6 61 18 62 52 19 97
6 61 18 62 6 18 62 52 19 97 6 61 18 62 52 19 97

80 71 38 9 42 36 72 80 71 38 9 42 36 72
80 71 38 9 42 36 72 80 71 11 71 38 9 42 36 72
80 71 38 9 42 36 72 80 71 38 11 71 38 9 42 36 72
80 71 38 9 42 36 72 80 71 38 11 38 9 42 36 72
80 71 38 9 42 36 72 80 71 38 9 11 38 9 42 36 72
80 71 11 71 38 9 42 36 72 80 71 38 9 42 36 72
80 71 38 11 71 38 9 42 36 72 80 71 38 9 42 36 72
80 71 38 11 38 9 42 36 72 80 71 38 9 42 36 72
80 71 38 9 11 38 9 42 36 72 80 71 38 9 42 36 72

80 26 80 85 30 95 78 80 26 80 85 30 95 78
80 26 80 85 30 95 78 80 26 19 26 80 85 30 95 78
80 26 80 85 30 95 78 80 26 80 19 26 80 85 30 95 78
80 26 80 85 30 95 78 80 26 80 19 80 85 30 95 78
80 26 80 85 30 95 78 80 26 80 85 19 80 85 30 95 78
80 26 19 26 80 85 30 95 78 80 26 80 85 30 95 78
80 26 80 19 26 80 85 30 95 78 80 26 80 85 30 95 78
80 26 80 19 80 85 30 95 78 80 26 80 85 30 95 78
80 26 80 85 19 80 85 30 95 78 80 26 80 85 30 95 78

81 47 42 25 62 90 34 81 47 42 25 62 90 34
81 47 42 25 62 90 34 81 47 6 47 42 25 62 90 34
81 47 42 25 62 90 34 81 47 42 6 47 42 25 62 90 34
81 47 42 25 62 90 34 81 47 42 6 42 25 62 90 34
81 47 42 25 62 90 34 81 47 42 25 6 42 25 62 90 34
81 47 6 47 42 25 62 90 34 81 47 42 25 62 90 34
81 47 42 6 47 42 25 62 90 34 81 47 42 25 62 90 34
81 47 42 6 42 25 62 90 34 81 47 42 25 62 90 34
81 47 42 25 6 42 25 62 90 34 81 47 42 25 62 90 34

77 77 5 49 37 42 17 77 77 5 49 37 42 17
77 77 5 49 37 42 17 77 77 20 77 5 49 37 42 17
77 77 5 49 37 42 17 77 77 5 20 77 5 49 37 42 17
77 77 5 49 37 42 17 77 77 5 20 5 49 37 42 17
77 77 5 49 37 42 17 77 77 5 49 20 5 49 37 42 17
77 77 20 77 5 49 37 42 17 77 77 5 49 37 42 17
77 77 5 20 77 5 49 37 42 17 77 77 5 49 37 42 17
77 77 5 20 5 49 37 42 17 77 77 5 49 37 42 17
77 77 5 49 20 5 49 37 42 17 77 77 5 49 37 42 17

85 72 52 73 70 93 23 85 72 52 73 70 93 23
85 72 52 73 70 93 23 85 72 13 72 52 73 70 93 23
85 72 52 73 70 93 23 85 72 52 13 72 52 73 70 93 23
85 72 52 73 70 93 23 85 72 52 13 52 73 70 93 23
85 72 52 73 70 93 23 85 72 52 73 13 52 73 70 93 23
85 72 13 72 52 73 70 93 23 85 72 52 73 70 93 23
85 72 52 13 72 52 73 70 93 23 85 72 52 73 70 93 23
85 72 52 13 52 73 70 93 23 85 72 52 73 70 93 23
85 72 52 73 13 52 73 70 93 23 85 72 52 73 70 93 23

86 33 33 47 69 41 63 86 33 33 47 69 41 63
86 33 33 47 69 41 63 86 33 10 33 33 47 69 41 63
86 33 33 47 69 41 63 86 33 33 10 33 33 47 69 41 63
86 33 33 47 69 41 63 86 33 33 10 33 47 69 41 63
86 33 33 47 69 41 63 86 33 33 47 10 33 47 69 41 63
86 33 10 33 33 47 69 41 63 86 33 33 47 69 41 63
86 33 33 10 33 33 47 69 41 63 86 33 33 47 69 41 63
86 33 33 10 33 47 69 41 63 86 33 33 47 69 41 63
86 33 33 47 10 33 47 69 41 63 86 33 33 47 69 41 63

29 65 36 34 65 82 48 29 65 36 34 65 82 48
29 65 36 34 65 82 48 29 65 7 65 36 34 65 82 48
29 65 36 34 65 82 48 29 65 36 7 65 36 34 65 82 48
29 65 36 34 65 82 48 29 65 36 7 36 34 65 82 48
29 65 36 34 65 82 48 29 65 36 34 7 36 34 65 82 48
29 65 7 65 36 34 65 82 48 29 65 36 34 65 82 48
29 65 36 7 65 36 34 65 82 48 29 65 36 34 65 82 48
29 65 36 7 36 34 65 82 48 29 65 36 34 65 82 48
29 65 36 34 7 36 34 65 82 48 29 65 36 34 65 82 48

42 96 19 89 87 26 41 42 96 19 89 87 26 41
42 96 19 89 87 26 41 42 96 11 96 19 89 87 26 41
42 96 19 89 87 26 41 42 96 19 11 96 19 89 87 26 41
42 96 19 89 87 26 41 42 96 19 11 19 89 87 26 41
42 96 19 89 87 26 41 42 96 19 89 11 19 89 87 26 41
42 96 11 96 19 89 87 26 41 42 96 19 89 87 26 41
42 96 19 11 96 19 89 87 26 41 42 96 19 89 87 26 41
42 96 19 11 19 89 87 26 41 42 96 19 89 87 26 41
42 96 19 89 11 19 89 87 26 41 42 96 19 89 87 26 41

38 94 95 73 34 5 48 38 94 95 73 34 5 48
38 94 95 73 34 5 48 38 94 15 94 95 73 34 5 48
38 94 95 73 34 5 48 38 94 95 15 94 95 73 34 5 48
38 94 95 73 34 5 48 38 94 95 15 95 73 34 5 48
38 94 95 73 34 5 48 38 94 95 73 15 95 73 34 5 48
38 94 15 94 95 73 34 5 48 38 94 95 73 34 5 48
38 94 95 15 94 95 73 34 5 48 38 94 95 73 34 5 48
38 94 95 15 95 73 34 5 48 38 94 95 73 34 5 48
38 94 95 73 15 95 73 34 5 48 38 94 95 73 34 5 48

73 87 24 91 45 53 45 73 87 24 91 45 53 45
73 87 24 91 45 53 45 73 87 13 87 24 91 45 53 45
73 87 24 91 45 53 45 73 87 24 13 87 24 91 45 53 45
73 87 24 91 45 53 45 73 87 24 13 24 91 45 53 45
73 87 24 91 45 53 45 73 87 24 91 13 24 91 45 53 45
73 87 13 87 24 91 45 53 45 73 87 24 91 45 53 45
73 87 24 13 87 24 91 45 53 45 73 87 24 91 45 53 45
73 87 24 13 24 91 45 53 45 73 87 24 91 45 53 45
73 87 24 91 13 24 91 45 53 45 73 87 24 91 45 53 45

60 27 8 52 24 77 93 60 27 8 52 24 77 93
60 27 8 52 24 77 93 60 27 9 27 8 52 24 77 93
60 27 8 52 24 77 93 60 27 8 9 27 8 52 24 77 93
60 27 8 52 24 77 93 60 27 8 9 8 52 24 77 93
60 27 8 52 24 77 93 60 27 8 52 9 8 52 24 77 93
60 27 9 27 8 52 24 77 93 60 27 8 52 24 77 93
60 27 8 9 27 8 52 24 77 93 60 27 8 52 24 77 93
60 27 8 9 8 52 24 77 93 60 27 8 52 24 77 93
60 27 8 52 9 8 52 24 77 93 60 27 8 52 24 77 93

28 94 11 56 42 29 94 28 94 11 56 42 29 94
28 94 11 56 42 29 94 28 94 9 94 11 56 42 29 94
28 94 11 56 42 29 94 28 94 11 9 94 11 56 42 29 94
28 94 11 56 42 29 94 28 94 11 9 11 56 42 29 94
28 94 11 56 42 29 94 28 94 11 56 9 11 56 42 29 94
28 94 9 94 11 56 42 29 94 28 94 11 56 42 29 94
28 94 11 9 94 11 56 42 29 94 28 94 11 56 42 29 94
28 94 11 9 11 56 42 29 94 28 94 11 56 42 29 94
28 94 11 56 9 11 56 42 29 94 28 94 11 56 42 29 94

66 39 26 34 98 46 31 66 39 26 34 98 46 31
66 39 26 34 98 46 31 66 39 13 39 26 34 98 46 31
66 39 26 34 98 46 31 66 39 26 13 39 26 34 98 46 31
66 39 26 34 98 46 31 66 39 26 13 26 34 98 46 31
66 39 26 34 98 46 31 66 39 26 34 13 26 34 98 46 31
66 39 13 39 26 34 98 46 31 66 39 26 34 98 46 31
66 39 26 13 39 26 34 98 46 31 66 39 26 34 98 46 31
66 39 26 13 26 34 98 46 31 66 39 26 34 98 46 31
66 39 26 34 13 26 34 98 46 31 66 39 26 34 98 46 31

54 71 37 26 89 90 27 54 71 37 26 89 90 27
54 71 37 26 89 90 27 54 71 20 71 37 26 89 90 27
54 71 37 26 89 90 27 54 71 37 20 71 37 26 89 90 27
54 71 37 26 89 90 27 54 71 37 20 37 26 89 90 27
54 71 37 26 89 90 27 54 71 37 26 20 37 26 89 90 27
54 71 20 71 37 26 89 90 27 54 71 37 26 89 90 27
54 71 37 20 71 37 26 89 90 27 54 71 37 26 89 90 27
54 71 37 20 37 26 89 90 27 54 71 37 26 89 90 27
54 71 37 26 20 37 26 89 90 27 54 71 37 26 89 90 27

13 53 5 52 8 60 79 13 53 5 52 8 60 79
13 53 5 52 8 60 79 13 53 14 53 5 52 8 60 79
13 53 5 52 8 60 79 13 53 5 14 53 5 52 8 60 79
13 53 5 52 8 60 79 13 53 5 14 5 52 8 60 79
13 53 5 52 8 60 79 13 53 5 52 14 5 52 8 60 79
13 53 14 53 5 52 8 60 79 13 53 5 52 8 60 79
13 53 5 14 53 5 52 8 60 79 13 53 5 52 8 60 79
13 53 5 14 5 52 8 60 79 13 53 5 52 8 60 79
13 53 5 52 14 5 52 8 60 79 13 53 5 52 8 60 79

22 98 16 53 10 81 16 22 98 16 53 10 81 16
22 98 16 53 10 81 16 22 98 12 98 16 53 10 81 16
22 98 16 53 10 81 16 22 98 16 12 98 16 53 10 81 16
22 98 16 53 10 81 16 22 98 16 12 16 53 10 81 16
22 98 16 53 10 81 16 22 98 16 53 12 16 53 10 81 16
22 98 12 98 16 53 10 81 16 22 98 16 53 10 81 16
22 98 16 12 98 16 53 10 81 16 22 98 16 53 10 81 16
22 98 16 12 16 53 10 81 16 22 98 16 53 10 81 16
22 98 16 53 12 16 53 10 81 16 22 98 16 53 10 81 16

7 81 31 76 34 63 61 7 81 31 76 34 63 61
7 81 31 76 34 63 61 7 81 19 81 31 76 34 63 61
7 81 31 76 34 63 61 7 81 31 19 81 31 76 34 63 61
7 81 31 76 34 63 61 7 81 31 19 31 76 34 63 61
7 81 31 76 34 63 61 7 81 31 76 19 31 76 34 63 61
7 81 19 81 31 76 34 63 61 7 81 31 76 34 63 61
7 81 31 19 81 31 76 34 63 61 7 81 31 76 34 63 61
7 81 31 19 31 76 34 63 61 7 81 31 76 34 63 61
7 81 31 76 19 31 76 34 63 61 7 81 31 76 34 63 61

35 29 34 76 89 23 49 35 29 34 76 89 23 49
35 29 34 76 89 23 49 35 29 7 29 34 76 89 23 49
35 29 34 76 89 23 49 35 29 34 7 29 34 76 89 23 49
35 29 34 76 89 23 49 35 29 34 7 34 76 89 23 49
35 29 34 76 89 23 49 35 29 34 76 7 34 76 89 23 49
35 29 7 29 34 76 89 23 49 35 29 34 76 89 23 49
35 29 34 7 29 34 76 89 23 49 35 29 34 76 89 23 49
35 29 34 7 34 76 89 23 49 35 29 34 76 89 23 49
35 29 34 76 7 34 76 89 23 49 35 29 34 76 89 23 49

79 65 37 55 97 56 63 79 65 37 55 97 56 63
79 65 37 55 97 56 63 79 65 5 65 37 55 97 56 63
79 65 37 55 97 56 63 79 65 37 5 65 37 55 97 56 63
79 65 37 55 97 56 63 79 65 37 5 37 55 97 56 63
79 65 37 55 97 56 63 79 65 37 55 5 37 55 97 56 63
79 65 5 65 37 55 97 56 63 79 65 37 55 97 56 63
79 65 37 5 65 37 55 97 56 63 79 65 37 55 97 56 63
79 65 37 5 37 55 97 56 63 79 65 37 55 97 56 63
79 65 37 55 5 37 55 97 56 63 79 65 37 55 97 56 63

40 36 36 20 26 29 68 40 36 36 20 26 29 68
40 36 36 20 26 29 68 40 36 12 36 36 20 26 29 68
40 36 36 20 26 29 68 40 36 36 12 36 36 20 26 29 68
40 36 36 20 26 29 68 40 36 36 12 36 20 26 29 68
40 36 36 20 26 29 68 40 36 36 20 12 36 20 26 29 68
40 36 12 36 36 20 26 29 68 40 36 36 20 26 29 68
40 36 36 12 36 36 20 26 29 68 40 36 36 20 26 29 68
40 36 36 12 36 20 26 29 68 40 36 36 20 26 29 68
40 36 36 20 12 36 20 26 29 68 40 36 36 20 26 29 68

36 86 59 46 82 66 62 36 86 59 46 82 66 62
36 86 59 46 82 66 62 36 86 6 86 59 46 82 66 62
36 86 59 46 82 66 62 36 86 59 6 86 59 46 82 66 62
36 86 59 46 82 66 62 36 86 59 6 59 46 82 66 62
36 86 59 46 82 66 62 36 86 59 46 6 59 46 82 66 62
36 86 6 86 59 46 82 66 62 36 86 59 46 82 66 62
36 86 59 6 86 59 46 82 66 62 36 86 59 46 82 66 62
36 86 59 6 59 46 82 66 62 36 86 59 46 82 66 62
36 86 59 46 6 59 46 82 66 62 36 86 59 46 82 66 62

12 94 7 27 83 6 33 12 94 7 27 83 6 33
12 94 7 27 83 6 33 12 94 15 94 7 27 83 6 33
12 94 7 27 83 6 33 12 94 7 15 94 7 27 83 6 33
12 94 7 27 83 6 33 12 94 7 15 7 27 83 6 33
12 94 7 27 83 6 33 12 94 7 27 15 7 27 83 6 33
12 94 15 94 7 27 83 6 33 12 94 7 27 83 6 33
12 94 7 15 94 7 27 83 6 33 12 94 7 27 83 6 33
12 94 7 15 7 27 83 6 33 12 94 7 27 83 6 33
12 94 7 27 15 7 27 83 6 33 12 94 7 27 83 6 33

70 83 38 68 8 45 57 70 83 38 68 8 45 57
70 83 38 68 8 45 57 70 83 12 83 38 68 8 45 57
70 83 38 68 8 45 57 70 83 38 12 83 38 68 8 45 57
70 83 38 68 8 45 57 70 83 38 12 38 68 8 45 57
70 83 38 68 8 45 57 70 83 38 68 12 38 68 8 45 57
70 83 12 83 38 68 8 45 57 70 83 38 68 8 45 57
70 83 38 12 83 38 68 8 45 57 70 83 38 68 8 45 57
70 83 38 12 38 68 8 45 57 70 83 38 68 8 45 57
70 83 38 68 12 38 68 8 45 57 70 83 38 68 8 45 57

76 57 40 31 21 48 58 76 57 40 31 21 48 58
76 57 40 31 21 48 58 76 57 12 57 40 31 21 48 58
76 57 40 31 21 48 58 76 57 40 12 57 40 31 21 48 58
76 57 40 31 21 48 58 76 57 40 12 40 31 21 48 58
76 57 40 31 21 48 58 76 57 40 31 12 40 31 21 48 58
76 57 12 57 40 31 21 48 58 76 57 40 31 21 48 58
76 57 40 12 57 40 31 21 48 58 76 57 40 31 21 48 58
76 57 40 12 40 31 21 48 58 76 57 40 31 21 48 58
76 57 40 31 12 40 31 21 48 58 76 57 40 31 21 48 58

81 9 98 25 91 45 53 81 9 98 25 91 45 53
81 9 98 25 91 45 53 81 9 7 9 98 25 91 45 53
81 9 98 25 91 45 53 81 9 98 7 9 98 25 91 45 53
81 9 98 25 91 45 53 81 9 98 7 98 25 91 45 53
81 9 98 25 91 45 53 81 9 98 25 7 98 25 91 45 53
81 9 7 9 98 25 91 45 53 81 9 98 25 91 45 53
81 9 98 7 9 98 25 91 45 53 81 9 98 25 91 45 53
81 9 98 7 98 25 91 45 53 81 9 98 25 91 45 53
81 9 98 25 7 98 25 91 45 53 81 9 98 25 91 45 53

92 44 7 95 84 97 55 92 44 7 95 84 97 55
92 44 7 95 84 97 55 92 44 15 44 7 95 84 97 55
92 44 7 95 84 97 55 92 44 7 15 44 7 95 84 97 55
92 44 7 95 84 97 55 92 44 7 15 7 95 84 97 55
92 44 7 95 84 97 55 92 44 7 95 15 7 95 84 97 55
92 44 15 44 7 95 84 97 55 92 44 7 95 84 97 55
92 44 7 15 44 7 95 84 97 55 92 44 7 95 84 97 55
92 44 7 15 7 95 84 97 55 92 44 7 95 84 97 55
92 44 7 95 15 7 95 84 97 55 92 44 7 95 84 97 55

13 63 20 33 35 79 38 13 63 20 33 35 79 38
13 63 20 33 35 79 38 13 63 13 63 20 33 35 79 38
13 63 20 33 35 79 38 13 63 20 13 63 20 33 35 79 38
13 63 20 33 35 79 38 13 63 20 13 20 33 35 79 38
13 63 20 33 35 79 38 13 63 20 33 13 20 33 35 79 38
13 63 13 63 20 33 35 79 38 13 63 20 33 35 79 38
13 63 20 13 63 20 33 35 79 38 13 63 20 33 35 79 38
13 63 20 13 20 33 35 79 38 13 63 20 33 35 79 38
13 63 20 33 13 20 33 35 79 38 13 63 20 33 35 79 38

32 35 7 10 29 46 30 32 35 7 10 29 46 30
32 35 7 10 29 46 30 32 35 16 35 7 10 29 46 30
32 35 7 10 29 46 30 32 35 7 16 35 7 10 29 46 30
32 35 7 10 29 46 30 32 35 7 16 7 10 29 46 30
32 35 7 10 29 46 30 32 35 7 10 16 7 10 29 46 30
32 35 16 35 7 10 29 46 30 32 35 7 10 29 46 30
32 35 7 16 35 7 10 29 46 30 32 35 7 10 29 46 30
32 35 7 16 7 10 29 46 30 32 35 7 10 29 46 30
32 35 7 10 16 7 10 29 46 30 32 35 7 10 29 46 30

18 72 69 68 34 42 100 18 72 69 68 34 42 100
18 72 69 68 34 42 100 18 72 19 72 69 68 34 42 100
18 72 69 68 34 42 100 18 72 69 19 72 69 68 34 42 100
18 72 69 68 34 42 100 18 72 69 19 69 68 34 42 100
18 72 69 68 34 42 100 18 72 69 68 19 69 68 34 42 100
18 72 19 72 69 68 34 42 100 18 72 69 68 34 42 100
18 72 69 19 72 69 68 34 42 100 18 72 69 68 34 42 100
18 72 69 19 69 68 34 42 100 18 72 69 68 34 42 100
18 72 69 68 19 69 68 34 42 100 18 72 69 68 34 42 100

27 97 35 71 94 22 17 27 97 35 71 94 22 17
27 97 35 71 94 22 17 27 97 18 97 35 71 94 22 17
27 97 35 71 94 22 17 27 97 35 18 97 35 71 94 22 17
27 97 35 71 94 22 17 27 97 35 18 35 71 94 22 17
27 97 35 71 94 22 17 27 97 35 71 18 35 71 94 22 17
27 97 18 97 35 71 94 22 17 27 97 35 71 94 22 17
27 97 35 18 97 35 71 94 22 17 27 97 35 71 94 22 17
27 97 35 18 35 71 94 22 17 27 97 35 71 94 22 17
27 97 35 71 18 35 71 94 22 17 27 97 35 71 94 22 17

53 29 92 37 68 72 38 53 29 92 37 68 72 38
53 29 92 37 68 72 38 53 29 19 29 92 37 68 72 38
53 29 92 37 68 72 38 53 29 92 19 29 92 37 68 72 38
53 29 92 37 68 72 38 53 29 92 19 92 37 68 72 38
53 29 92 37 68 72 38 53 29 92 37 19 92 37 68 72 38
53 29 19 29 92 37 68 72 38 53 29 92 37 68 72 38
53 29 92 19 29 92 37 68 72 38 53 29 92 37 68 72 38
53 29 92 19 92 37 68 72 38 53 29 92 37 68 72 38
53 29 92 37 19 92 37 68 72 38 53 29 92 37 68 72 38

68 86 98 70 10 61 92 68 86 98 70 10 61 92
68 86 98 70 10 61 92 68 86 6 86 98 70 10 61 92
68 86 98 70 10 61 92 68 86 98 6 86 98 70 10 61 92
68 86 98 70 10 61 92 68 86 98 6 98 70 10 61 92
68 86 98 70 10 61 92 68 86 98 70 6 98 70 10 61 92
68 86 6 86 98 70 10 61 92 68 86 98 70 10 61 92
68 86 98 6 86 98 70 10 61 92 68 86 98 70 10 61 92
68 86 98 6 98 70 10 61 92 68 86 98 70 10 61 92
68 86 98 70 6 98 70 10 61 92 68 86 98 70 10 61 92

99 15 81 87 64 82 99 99 15 81 87 64 82 99
99 15 81 87 64 82 99 99 15 9 15 81 87 64 82 99
99 15 81 87 64 82 99 99 15 81 9 15 81 87 64 82 99
99 15 81 87 64 82 99 99 15 81 9 81 87 64 82 99
99 15 81 87 64 82 99 99 15 81 87 9 81 87 64 82 99
99 15 9 15 81 87 64 82 99 99 15 81 87 64 82 99
99 15 81 9 15 81 87 64 82 99 99 15 81 87 64 82 99
99 15 81 9 81 87 64 82 99 99 15 81 87 64 82 99
99 15 81 87 9 81 87 64 82 99 99 15 81 87 64 82 99

72 34 34 98 84 50 79 72 34 34 98 84 50 79
72 34 34 98 84 50 79 72 34 7 34 34 98 84 50 79
72 34 34 98 84 50 79 72 34 34 7 34 34 98 84 50 79
72 34 34 98 84 50 79 72 34 34 7 34 98 84 50 79
72 34 34 98 84 50 79 72 34 34 98 7 34 98 84 50 79
72 34 7 34 34 98 84 50 79 72 34 34 98 84 50 79
72 34 34 7 34 34 98 84 50 79 72 34 34 98 84 50 79
72 34 34 7 34 98 84 50 79 72 34 34 98 84 50 79
72 34 34 98 7 34 98 84 50 79 72 34 34 98 84 50 79

57 97 80 38 87 92 7 57 97 80 38 87 92 7
57 97 80 38 87 92 7 57 97 19 97 80 38 87 92 7
57 97 80 38 87 92 7 57 97 80 19 97 80 38 87 92 7
57 97 80 38 87 92 7 57 97 80 19 80 38 87 92 7
57 97 80 38 87 92 7 57 97 80 38 19 80 38 87 92 7
57 97 19 97 80 38 87 92 7 57 97 80 38 87 92 7
57 97 80 19 97 80 38 87 92 7 57 97 80 38 87 92 7
57 97 80 19 80 38 87 92 7 57 97 80 38 87 92 7
57 97 80 38 19 80 38 87 92 7 57 97 80 38 87 92 7

54 98 68 75 84 11 14 54 98 68 75 84 11 14
54 98 68 75 84 11 14 54 98 5 98 68 75 84 11 14
54 98 68 75 84 11 14 54 98 68 5 98 68 75 84 11 14
54 98 68 75 84 11 14 54 98 68 5 68 75 84 11 14
54 98 68 75 84 11 14 54 98 68 75 5 68 75 84 11 14
54 98 5 98 68 75 84 11 14 54 98 68 75 84 11 14
54 98 68 5 98 68 75 84 11 14 54 98 68 75 84 11 14
54 98 68 5 68 75 84 11 14 54 98 68 75 84 11 14
54 98 68 75 5 68 75 84 11 14 54 98 68 75 84 11 14

40 64 23 40 51 16 40 40 64 23 40 51 16 40
40 64 23 40 51 16 40 40 64 5 64 23 40 51 16 40
40 64 23 40 51 16 40 40 64 23 5 64 23 40 51 16 40
40 64 23 40 51 16 40 40 64 23 5 23 40 51 16 40
40 64 23 40 51 16 40 40 64 23 40 5 23 40 51 16 40
40 64 5 64 23 40 51 16 40 40 64 23 40 51 16 40
40 64 23 5 64 23 40 51 16 40 40 64 23 40 51 16 40
40 64 23 5 23 40 51 16 40 40 64 23 40 51 16 40
40 64 23 40 5 23 40 51 16 40 40 64 23 40 51 16 40

99 38 94 65 96 13 68 99 38 94 65 96 13 68
99 38 94 65 96 13 68 99 38 9 38 94 65 96 13 68
99 38 94 65 96 13 68 99 38 94 9 38 94 65 96 13 68
99 38 94 65 96 13 68 99 38 94 9 94 65 96 13 68
99 38 94 65 96 13 68 99 38 94 65 9 94 65 96 13 68
99 38 9 38 94 65 96 13 68 99 38 94 65 96 13 68
99 38 94 9 38 94 65 96 13 68 99 38 94 65 96 13 68
99 38 94 9 94 65 96 13 68 99 38 94 65 96 13 68
99 38 94 65 9 94 65 96 13 68 99 38 94 65 96 13 68

71 44 81 44 47 24 24 71 44 81 44 47 24 24
71 44 81 44 47 24 24 71 44 15 44 81 44 47 24 24
71 44 81 44 47 24 24 71 44 81 15 44 81 44 47 24 24
71 44 81 44 47 24 24 71 44 81 15 81 44 47 24 24
71 44 81 44 47 24 24 71 44 81 44 15 81 44 47 24 24
71 44 15 44 81 44 47 24 24 71 44 81 44 47 24 24
71 44 81 15 44 81 44 47 24 24 71 44 81 44 47 24 24
71 44 81 15 81 44 47 24 24 71 44 81 44 47 24 24
71 44 81 44 15 81 44 47 24 24 71 44 81 44 47 24 24

78 69 55 32 50 22 100 78 69 55 32 50 22 100
78 69 55 32 50 22 100 78 69 18 69 55 32 50 22 100
78 69 55 32 50 22 100 78 69 55 18 69 55 32 50 22 100
78 69 55 32 50 22 100 78 69 55 18 55 32 50 22 100
78 69 55 32 50 22 100 78 69 55 32 18 55 32 50 22 100
78 69 18 69 55 32 50 22 100 78 69 55 32 50 22 100
78 69 55 18 69 55 32 50 22 100 78 69 55 32 50 22 100
78 69 55 18 55 32 50 22 100 78 69 55 32 50 22 100
78 69 55 32 18 55 32 50 22 100 78 69 55 32 50 22 100

92 16 50 53 85 60 83 92 16 50 53 85 60 83
92 16 50 53 85 60 83 92 16 15 16 50 53 85 60 83
92 16 50 53 85 60 83 92 16 50 15 16 50 53 85 60 83
92 16 50 53 85 60 83 92 16 50 15 50 53 85 60 83
92 16 50 53 85 60 83 92 16 50 53 15 50 53 85 60 83
92 16 15 16 50 53 85 60 83 92 16 50 53 85 60 83
92 16 50 15 16 50 53 85 60 83 92 16 50 53 85 60 83
92 16 50 15 50 53 85 60 83 92 16 50 53 85 60 83
92 16 50 53 15 50 53 85 60 83 92 16 50 53 85 60 83

58 43 58 68 97 12 35 58 43 58 68 97 12 35
58 43 58 68 97 12 35 58 43 9 43 58 68 97 12 35
58 43 58 68 97 12 35 58 43 58 9 43 58 68 97 12 35
58 43 58 68 97 12 35 58 43 58 9 58 68 97 12 35
58 43 58 68 97 12 35 58 43 58 68 9 58 68 97 12 35
58 43 9 43 58 68 97 12 35 58 43 58 68 97 12 35
58 43 58 9 43 58 68 97 12 35 58 43 58 68 97 12 35
58 43 58 9 58 68 97 12 35 58 43 58 68 97 12 35
58 43 58 68 9 58 68 97 12 35 58 43 58 68 97 12 35

40 20 84 31 30 55 82 40 20 84 31 30 55 82
40 20 84 31 30 55 82 40 20 11 20 84 31 30 55 82
40 20 84 31 30 55 82 40 20 84 11 20 84 31 30 55 82
40 20 84 31 30 55 82 40 20 84 11 84 31 30 55 82
40 20 84 31 30 55 82 40 20 84 31 11 84 31 30 55 82
40 20 11 20 84 31 30 55 82 40 20 84 31 30 55 82
40 20 84 11 20 84 31 30 55 82 40 20 84 31 30 55 82
40 20 84 11 84 31 30 55 82 40 20 84 31 30 55 82
40 20 84 31 11 84 31 30 55 82 40 20 84 31 30 55 82

41 79 56 24 90 70 41 41 79 56 24 90 70 41
41 79 56 24 90 70 41 41 79 20 79 56 24 90 70 41
41 79 56 24 90 70 41 41 79 56 20 79 56 24 90 70 41
41 79 56 24 90 70 41 41 79 56 20 56 24 90 70 41
41 79 56 24 90 70 41 41 79 56 24 20 56 24 90 70 41
41 79 20 79 56 24 90 70 41 41 79 56 24 90 70 41
41 79 56 20 79 56 24 90 70 41 41 79 56 24 90 70 41
41 79 56 20 56 24 90 70 41 41 79 56 24 90 70 41
41 79 56 24 20 56 24 90 70 41 41 79 56 24 90 70 41

36 79 61 24 48 68 58 36 79 61 24 48 68 58
36 79 61 24 48 68 58 36 79 7 79 61 24 48 68 58
36 79 61 24 48 68 58 36 79 61 7 79 61 24 48 68 58
36 79 61 24 48 68 58 36 79 61 7 61 24 48 68 58
36 79 61 24 48 68 58 36 79 61 24 7 61 24 48 68 58
36 79 7 79 61 24 48 68 58 36 79 61 24 48 68 58
36 79 61 7 79 61 24 48 68 58 36 79 61 24 48 68 58
36 79 61 7 61 24 48 68 58 36 79 61 24 48 68 58
36 79 61 24 7 61 24 48 68 58 36 79 61 24 48 68 58

8 74 68 75 78 73 94 8 74 68 75 78 73 94
8 74 68 75 78 73 94 8 74 5 74 68 75 78 73 94
8 74 68 75 78 73 94 8 74 68 5 74 68 75 78 73 94
8 74 68 75 78 73 94 8 74 68 5 68 75 78 73 94
8 74 68 75 78 73 94 8 74 68 75 5 68 75 78 73 94
8 74 5 74 68 75 78 73 94 8 74 68 75 78 73 94
8 74 68 5 74 68 75 78 73 94 8 74 68 75 78 73 94
8 74 68 5 68 75 78 73 94 8 74 68 75 78 73 94
8 74 68 75 5 68 75 78 73 94 8 74 68 75 78 73 94

54 46 83 90 37 64 98 54 46 83 90 37 64 98
54 46 83 90 37 64 98 54 46 12 46 83 90 37 64 98
54 46 83 90 37 64 98 54 46 83 12 46 83 90 37 64 98
54 46 83 90 37 64 98 54 46 83 12 83 90 37 64 98
54 46 83 90 37 64 98 54 46 83 90 12 83 90 37 64 98
54 46 12 46 83 90 37 64 98 54 46 83 90 37 64 98
54 46 83 12 46 83 90 37 64 98 54 46 83 90 37 64 98
54 46 83 12 83 90 37 64 98 54 46 83 90 37 64 98
54 46 83 90 12 83 90 37 64 98 54 46 83 90 37 64 98

19 63 79 75 23 14 90 19 63 79 75 23 14 90
19 63 79 75 23 14 90 19 63 12 63 79 75 23 14 90
19 63 79 75 23 14 90 19 63 79 12 63 79 75 23 14 90
19 63 79 75 23 14 90 19 63 79 12 79 75 23 14 90
19 63 79 75 23 14 90 19 63 79 75 12 79 75 23 14 90
19 63 12 63 79 75 23 14 90 19 63 79 75 23 14 90
19 63 79 12 63 79 75 23 14 90 19 63 79 75 23 14 90
19 63 79 12 79 75 23 14 90 19 63 79 75 23 14 90
19 63 79 75 12 79 75 23 14 90 19 63 79 75 23 14 90

20 36 89 97 65 15 82 20 36 89 97 65 15 82
20 36 89 97 65 15 82 20 36 5 36 89 97 65 15 82
20 36 89 97 65 15 82 20 36 89 5 36 89 97 65 15 82
20 36 89 97 65 15 82 20 36 89 5 89 97 65 15 82
20 36 89 97 65 15 82 20 36 89 97 5 89 97 65 15 82
20 36 5 36 89 97 65 15 82 20 36 89 97 65 15 82
20 36 89 5 36 89 97 65 15 82 20 36 89 97 65 15 82
20 36 89 5 89 97 65 15 82 20 36 89 97 65 15 82
20 36 89 97 5 89 97 65 15 82 20 36 89 97 65 15 82

14 28 58 99 31 37 64 14 28 58 99 31 37 64
14 28 58 99 31 37 64 14 28 16 28 58 99 31 37 64
14 28 58 99 31 37 64 14 28 58 16 28 58 99 31 37 64
14 28 58 99 31 37 64 14 28 58 16 58 99 31 37 64
14 28 58 99 31 37 64 14 28 58 99 16 58 99 31 37 64
14 28 16 28 58 99 31 37 64 14 28 58 99 31 37 64
14 28 58 16 28 58 99 31 37 64 14 28 58 99 31 37 64
14 28 58 16 58 99 31 37 64 14 28 58 99 31 37 64
14 28 58 99 16 58 99 31 37 64 14 28 58 99 31 37 64

19 17 24 51 76 5 67 19 17 24 51 76 5 67
19 17 24 51 76 5 67 19 17 6 17 24 51 76 5 67
19 17 24 51 76 5 67 19 17 24 6 17 24 51 76 5 67
19 17 24 51 76 5 67 19 17 24 6 24 51 76 5 67
19 17 24 51 76 5 67 19 17 24 51 6 24 51 76 5 67
19 17 6 17 24 51 76 5 67 19 17 24 51 76 5 67
19 17 24 6 17 24 51 76 5 67 19 17 24 51 76 5 67
19 17 24 6 24 51 76 5 67 19 17 24 51 76 5 67
19 17 24 51 6 24 51 76 5 67 19 17 24 51 76 5 67

69 10 14 64 52 43 72 69 10 14 64 52 43 72
69 10 14 64 52 43 72 69 10 5 10 14 64 52 43 72
69 10 14 64 52 43 72 69 10 14 5 10 14 64 52 43 72
69 10 14 64 52 43 72 69 10 14 5 14 64 52 43 72
69 10 14 64 52 43 72 69 10 14 64 5 14 64 52 43 72
69 10 5 10 14 64 52 43 72 69 10 14 64 52 43 72
69 10 14 5 10 14 64 52 43 72 69 10 14 64 52 43 72
69 10 14 5 14 64 52 43 72 69 10 14 64 52 43 72
69 10 14 64 5 14 64 52 43 72 69 10 14 64 52 43 72

22 77 62 60 79 22 50 22 77 62 60 79 22 50
22 77 62 60 79 22 50 22 77 16 77 62 60 79 22 50
22 77 62 60 79 22 50 22 77 62 16 77 62 60 79 22 50
22 77 62 60 79 22 50 22 77 62 16 62 60 79 22 50
22 77 62 60 79 22 50 22 77 62 60 16 62 60 79 22 50
22 77 16 77 62 60 79 22 50 22 77 62 60 79 22 50
22 77 62 16 77 62 60 79 22 50 22 77 62 60 79 22 50
22 77 62 16 62 60 79 22 50 22 77 62 60 79 22 50
22 77 62 60 16 62 60 79 22 50 22 77 62 60 79 22 50

65 23 66 79 91 88 98 65 23 66 79 91 88 98
65 23 66 79 91 88 98 65 23 13 23 66 79 91 88 98
65 23 66 79 91 88 98 65 23 66 13 23 66 79 91 88 98
65 23 66 79 91 88 98 65 23 66 13 66 79 91 88 98
65 23 66 79 91 88 98 65 23 66 79 13 66 79 91 88 98
65 23 13 23 66 79 91 88 98 65 23 66 79 91 88 98
65 23 66 13 23 66 79 91 88 98 65 23 66 79 91 88 98
65 23 66 13 66 79 91 88 98 65 23 66 79 91 88 98
65 23 66 79 13 66 79 91 88 98 65 23 66 79 91 88 98

56 7 30 49 58 71 26 56 7 30 49 58 71 26
56 7 30 49 58 71 26 56 7 7 7 30 49 58 71 26
56 7 30 49 58 71 26 56 7 30 7 7 30 49 58 71 26
56 7 30 49 58 71 26 56 7 30 7 30 49 58 71 26
56 7 30 49 58 71 26 56 7 30 49 7 30 49 58 71 26
56 7 7 7 30 49 58 71 26 56 7 30 49 58 71 26
56 7 30 7 7 30 49 58 71 26 56 7 30 49 58 71 26
56 7 30 7 30 49 58 71 26 56 7 30 49 58 71 26
56 7 30 49 7 30 49 58 71 26 56 7 30 49 58 71 26

96 54 26 74 99 59 34 96 54 26 74 99 59 34
96 54 26 74 99 59 34 96 54 15 54 26 74 99 59 34
96 54 26 74 99 59 34 96 54 26 15 54 26 74 99 59 34
96 54 26 74 99 59 34 96 54 26 15 26 74 99 59 34
96 54 26 74 99 59 34 96 54 26 74 15 26 74 99 59 34
96 54 15 54 26 74 99 59 34 96 54 26 74 99 59 34
96 54 26 15 54 26 74 99 59 34 96 54 26 74 99 59 34
96 54 26 15 26 74 99 59 34 96 54 26 74 99 59 34
96 54 26 74 15 26 74 99 59 34 96 54 26 74 99 59 34

71 95 38 54 98 44 38 71 95 38 54 98 44 38
71 95 38 54 98 44 38 71 95 12 95 38 54 98 44 38
71 95 38 54 98 44 38 71 95 38 12 95 38 54 98 44 38
71 95 38 54 98 44 38 71 95 38 12 38 54 98 44 38
71 95 38 54 98 44 38 71 95 38 54 12 38 54 98 44 38
71 95 12 95 38 54 98 44 38 71 95 38 54 98 44 38
71 95 38 12 95 38 54 98 44 38 71 95 38 54 98 44 38
71 95 38 12 38 54 98 44 38 71 95 38 54 98 44 38
71 95 38 54 12 38 54 98 44 38 71 95 38 54 98 44 38

90 66 92 22 96 65 86 90 66 92 22 96 65 86
90 66 92 22 96 65 86 90 66 19 66 92 22 96 65 86
90 66 92 22 96 65 86 90 66 92 19 66 92 22 96 65 86
90 66 92 22 96 65 86 90 66 92 19 92 22 96 65 86
90 66 92 22 96 65 86 90 66 92 22 19 92 22 96 65 86
90 66 19 66 92 22 96 65 86 90 66 92 22 96 65 86
90 66 92 19 66 92 22 96 65 86 90 66 92 22 96 65 86
90 66 92 19 92 22 96 65 86 90 66 92 22 96 65 86
90 66 92 22 19 92 22 96 65 86 90 66 92 22 96 65 86

21 57 12 88 39 76 75 21 57 12 88 39 76 75
21 57 12 88 39 76 75 21 57 12 57 12 88 39 76 75
21 57 12 88 39 76 75 21 57 12 12 57 12 88 39 76 75
21 57 12 88 39 76 75 21 57 12 12 12 88 39 76 75
21 57 12 88 39 76 75 21 57 12 88 12 12 88 39 76 75
21 57 12 57 12 88 39 76 75 21 57 12 88 39 76 75
21 57 12 12 57 12 88 39 76 75 21 57 12 88 39 76 75
21 57 12 12 12 88 39 76 75 21 57 12 88 39 76 75
21 57 12 88 12 12 88 39 76 75 21 57 12 88 39 76 75

74 17 29 69 32 70 9 74 17 29 69 32 70 9
74 17 29 69 32 70 9 74 17 14 17 29 69 32 70 9
74 17 29 69 32 70 9 74 17 29 14 17 29 69 32 70 9
74 17 29 69 32 70 9 74 17 29 14 29 69 32 70 9
74 17 29 69 32 70 9 74 17 29 69 14 29 69 32 70 9
74 17 14 17 29 69 32 70 9 74 17 29 69 32 70 9
74 17 29 14 17 29 69 32 70 9 74 17 29 69 32 70 9
74 17 29 14 29 69 32 70 9 74 17 29 69 32 70 9
74 17 29 69 14 29 69 32 70 9 74 17 29 69 32 70 9

99 24 90 82 16 39 26 99 24 90 82 16 39 26
99 24 90 82 16 39 26 99 24 17 24 90 82 16 39 26
99 24 90 82 16 39 26 99 24 90 17 24 90 82 16 39 26
99 24 90 82 16 39 26 99 24 90 17 90 82 16 39 26
99 24 90 82 16 39 26 99 24 90 82 17 90 82 16 39 26
99 24 17 24 90 82 16 39 26 99 24 90 82 16 39 26
99 24 90 17 24 90 82 16 39 26 99 24 90 82 16 39 26
99 24 90 17 90 82 16 39 26 99 24 90 82 16 39 26
99 24 90 82 17 90 82 16 39 26 99 24 90 82 16 39 26

73 50 82 33 58 85 93 73 50 82 33 58 85 93
73 50 82 33 58 85 93 73 50 8 50 82 33 58 85 93
73 50 82 33 58 85 93 73 50 82 8 50 82 33 58 85 93
73 50 82 33 58 85 93 73 50 82 8 82 33 58 85 93
73 50 82 33 58 85 93 73 50 82 33 8 82 33 58 85 93
73 50 8 50 82 33 58 85 93 73 50 82 33 58 85 93
73 50 82 8 50 82 33 58 85 93 73 50 82 33 58 85 93
73 50 82 8 82 33 58 85 93 73 50 82 33 58 85 93
73 50 82 33 8 82 33 58 85 93 73 50 82 33 58 85 93

74 75 32 35 92 35 92 74 75 32 35 92 35 92
74 75 32 35 92 35 92 74 75 15 75 32 35 92 35 92
74 75 32 35 92 35 92 74 75 32 15 75 32 35 92 35 92
74 75 32 35 92 35 92 74 75 32 15 32 35 92 35 92
74 75 32 35 92 35 92 74 75 32 35 15 32 35 92 35 92
74 75 15 75 32 35 92 35 92 74 75 32 35 92 35 92
74 75 32 15 75 32 35 92 35 92 74 75 32 35 92 35 92
74 75 32 15 32 35 92 35 92 74 75 32 35 92 35 92
74 75 32 35 15 32 35 92 35 92 74 75 32 35 92 35 92

32 61 80 83 53 65 79 32 61 80 83 53 65 79
32 61 80 83 53 65 79 32 61 18 61 80 83 53 65 79
32 61 80 83 53 65 79 32 61 80 18 61 80 83 53 65 79
32 61 80 83 53 65 79 32 61 80 18 80 83 53 65 79
32 61 80 83 53 65 79 32 61 80 83 18 80 83 53 65 79
32 61 18 61 80 83 53 65 79 32 61 80 83 53 65 79
32 61 80 18 61 80 83 53 65 79 32 61 80 83 53 65 79
32 61 80 18 80 83 53 65 79 32 61 80 83 53 65 79
32 61 80 83 18 80 83 53 65 79 32 61 80 83 53 65 79

41 70 17 24 65 30 96 41 70 17 24 65 30 96
41 70 17 24 65 30 96 41 70 19 70 17 24 65 30 96
41 70 17 24 65 30 96 41 70 17 19 70 17 24 65 30 96
41 70 17 24 65 30 96 41 70 17 19 17 24 65 30 96
41 70 17 24 65 30 96 41 70 17 24 19 17 24 65 30 96
41 70 19 70 17 24 65 30 96 41 70 17 24 65 30 96
41 70 17 19 70 17 24 65 30 96 41 70 17 24 65 30 96
41 70 17 19 17 24 65 30 96 41 70 17 24 65 30 96
41 70 17 24 19 17 24 65 30 96 41 70 17 24 65 30 96

42 88 72 93 51 78 66 42 88 72 93 51 78 66
42 88 72 93 51 78 66 42 88 15 88 72 93 51 78 66
42 88 72 93 51 78 66 42 88 72 15 88 72 93 51 78 66
42 88 72 93 51 78 66 42 88 72 15 72 93 51 78 66
42 88 72 93 51 78 66 42 88 72 93 15 72 93 51 78 66
42 88 15 88 72 93 51 78 66 42 88 72 93 51 78 66
42 88 72 15 88 72 93 51 78 66 42 88 72 93 51 78 66
42 88 72 15 72 93 51 78 66 42 88 72 93 51 78 66
42 88 72 93 15 72 93 51 78 66 42 88 72 93 51 78 66

78 11 61 71 90 31 100 78 11 61 71 90 31 100
78 11 61 71 90 31 100 78 11 6 11 61 71 90 31 100
78 11 61 71 90 31 100 78 11 61 6 11 61 71 90 31 100
78 11 61 71 90 31 100 78 11 61 6 61 71 90 31 100
78 11 61 71 90 31 100 78 11 61 71 6 61 71 90 31 100
78 11 6 11 61 71 90 31 100 78 11 61 71 90 31 100
78 11 61 6 11 61 71 90 31 100 78 11 61 71 90 31 100
78 11 61 6 61 71 90 31 100 78 11 61 71 90 31 100
78 11 61 71 6 61 71 90 31 100 78 11 61 71 90 31 100

35 49 47 36 18 84 54 35 49 47 36 18 84 54
35 49 47 36 18 84 54 35 49 18 49 47 36 18 84 54
35 49 47 36 18 84 54 35 49 47 18 49 47 36 18 84 54
35 49 47 36 18 84 54 35 49 47 18 47 36 18 84 54
35 49 47 36 18 84 54 35 49 47 36 18 47 36 18 84 54
35 49 18 49 47 36 18 84 54 35 49 47 36 18 84 54
35 49 47 18 49 47 36 18 84 54 35 49 47 36 18 84 54
35 49 47 18 47 36 18 84 54 35 49 47 36 18 84 54
35 49 47 36 18 47 36 18 84 54 35 49 47 36 18 84 54

82 91 96 89 28 38 57 82 91 96 89 28 38 57
82 91 96 89 28 38 57 82 91 8 91 96 89 28 38 57
82 91 96 89 28 38 57 82 91 96 8 91 96 89 28 38 57
82 91 96 89 28 38 57 82 91 96 8 96 89 28 38 57
82 91 96 89 28 38 57 82 91 96 89 8 96 89 28 38 57
82 91 8 91 96 89 28 38 57 82 91 96 89 28 38 57
82 91 96 8 91 96 89 28 38 57 82 91 96 89 28 38 57
82 91 96 8 96 89 28 38 57 82 91 96 89 28 38 57
82 91 96 89 8 96 89 28 38 57 82 91 96 89 28 38 57

18 30 12 85 100 39 19 18 30 12 85 100 39 19
18 30 12 85 100 39 19 18 30 15 30 12 85 100 39 19
18 30 12 85 100 39 19 18 30 12 15 30 12 85 100 39 19
18 30 12 85 100 39 19 18 30 12 15 12 85 100 39 19
18 30 12 85 100 39 19 18 30 12 85 15 12 85 100 39 19
18 30 15 30 12 85 100 39 19 18 30 12 85 100 39 19
18 30 12 15 30 12 85 100 39 19 18 30 12 85 100 39 19
18 30 12 15 12 85 100 39 19 18 30 12 85 100 39 19
18 30 12 85 15 12 85 100 39 19 18 30 12 85 100 39 19

42 78 51 85 55 6 94 42 78 51 85 55 6 94
42 78 51 85 55 6 94 42 78 18 78 51 85 55 6 94
42 78 51 85 55 6 94 42 78 51 18 78 51 85 55 6 94
42 78 51 85 55 6 94 42 78 51 18 51 85 55 6 94
42 78 51 85 55 6 94 42 78 51 85 18 51 85 55 6 94
42 78 18 78 51 85 55 6 94 42 78 51 85 55 6 94
42 78 51 18 78 51 85 55 6 94 42 78 51 85 55 6 94
42 78 51 18 51 85 55 6 94 42 78 51 85 55 6 94
42 78 51 85 18 51 85 55 6 94 42 78 51 85 55 6 94

8 47 64 93 15 17 72 8 47 64 93 15 17 72
8 47 64 93 15 17 72 8 47 15 47 64 93 15 17 72
8 47 64 93 15 17 72 8 47 64 15 47 64 93 15 17 72
8 47 64 93 15 17 72 8 47 64 15 64 93 15 17 72
8 47 64 93 15 17 72 8 47 64 93 15 64 93 15 17 72
8 47 15 47 64 93 15 17 72 8 47 64 93 15 17 72
8 47 64 15 47 64 93 15 17 72 8 47 64 93 15 17 72
8 47 64 15 64 93 15 17 72 8 47 64 93 15 17 72
8 47 64 93 15 64 93 15 17 72 8 47 64 93 15 17 72

56 15 45 28 10 75 62 56 15 45 28 10 75 62
56 15 45 28 10 75 62 56 15 17 15 45 28 10 75 62
56 15 45 28 10 75 62 56 15 45 17 15 45 28 10 75 62
56 15 45 28 10 75 62 56 15 45 17 45 28 10 75 62
56 15 45 28 10 75 62 56 15 45 28 17 45 28 10 75 62
56 15 17 15 45 28 10 75 62 56 15 45 28 10 75 62
56 15 45 17 15 45 28 10 75 62 56 15 45 28 10 75 62
56 15 45 17 45 28 10 75 62 56 15 45 28 10 75 62
56 15 45 28 17 45 28 10 75 62 56 15 45 28 10 75 62

84 45 32 6 86 14 55 84 45 32 6 86 14 55
84 45 32 6 86 14 55 84 45 5 45 32 6 86 14 55
84 45 32 6 86 14 55 84 45 32 5 45 32 6 86 14 55
84 45 32 6 86 14 55 84 45 32 5 32 6 86 14 55
84 45 32 6 86 14 55 84 45 32 6 5 32 6 86 14 55
84 45 5 45 32 6 86 14 55 84 45 32 6 86 14 55
84 45 32 5 45 32 6 86 14 55 84 45 32 6 86 14 55
84 45 32 5 32 6 86 14 55 84 45 32 6 86 14 55
84 45 32 6 5 32 6 86 14 55 84 45 32 6 86 14 55

82 8 87 51 34 41 58 82 8 87 51 34 41 58
82 8 87 51 34 41 58 82 8 9 8 87 51 34 41 58
82 8 87 51 34 41 58 82 8 87 9 8 87 51 34 41 58
82 8 87 51 34 41 58 82 8 87 9 87 51 34 41 58
82 8 87 51 34 41 58 82 8 87 51 9 87 51 34 41 58
82 8 9 8 87 51 34 41 58 82 8 87 51 34 41 58
82 8 87 9 8 87 51 34 41 58 82 8 87 51 34 41 58
82 8 87 9 87 51 34 41 58 82 8 87 51 34 41 58
82 8 87 51 9 87 51 34 41 58 82 8 87 51 34 41 58

81 43 61 15 78 26 92 81 43 61 15 78 26 92
81 43 61 15 78 26 92 81 43 16 43 61 15 78 26 92
81 43 61 15 78 26 92 81 43 61 16 43 61 15 78 26 92
81 43 61 15 78 26 92 81 43 61 16 61 15 78 26 92
81 43 61 15 78 26 92 81 43 61 15 16 61 15 78 26 92
81 43 16 43 61 15 78 26 92 81 43 61 15 78 26 92
81 43 61 16 43 61 15 78 26 92 81 43 61 15 78 26 92
81 43 61 16 61 15 78 26 92 81 43 61 15 78 26 92
81 43 61 15 16 61 15 78 26 92 81 43 61 15 78 26 92

42 10 22 85 33 28 23 42 10 22 85 33 28 23
42 10 22 85 33 28 23 42 10 19 10 22 85 33 28 23
42 10 22 85 33 28 23 42 10 22 19 10 22 85 33 28 23
42 10 22 85 33 28 23 42 10 22 19 22 85 33 28 23
42 10 22 85 33 28 23 42 10 22 85 19 22 85 33 28 23
42 10 19 10 22 85 33 28 23 42 10 22 85 33 28 23
42 10 22 19 10 22 85 33 28 23 42 10 22 85 33 28 23
42 10 22 19 22 85 33 28 23 42 10 22 85 33 28 23
42 10 22 85 19 22 85 33 28 23 42 10 22 85 33 28 23

96 5 59 86 77 26 82 96 5 59 86 77 26 82
96 5 59 86 77 26 82 96 5 10 5 59 86 77 26 82
96 5 59 86 77 26 82 96 5 59 10 5 59 86 77 26 82
96 5 59 86 77 26 82 96 5 59 10 59 86 77 26 82
96 5 59 86 77 26 82 96 5 59 86 10 59 86 77 26 82
96 5 10 5 59 86 77 26 82 96 5 59 86 77 26 82
96 5 59 10 5 59 86 77 26 82 96 5 59 86 77 26 82
96 5 59 10 59 86 77 26 82 96 5 59 86 77 26 82
96 5 59 86 10 59 86 77 26 82 96 5 59 86 77 26 82

79 33 17 19 67 73 89 79 33 17 19 67 73 89
79 33 17 19 67 73 89 79 33 7 33 17 19 67 73 89
79 33 17 19 67 73 89 79 33 17 7 33 17 19 67 73 89
79 33 17 19 67 73 89 79 33 17 7 17 19 67 73 89
79 33 17 19 67 73 89 79 33 17 19 7 17 19 67 73 89
79 33 7 33 17 19 67 73 89 79 33 17 19 67 73 89
79 33 17 7 33 17 19 67 73 89 79 33 17 19 67 73 89
79 33 17 7 17 19 67 73 89 79 33 17 19 67 73 89
79 33 17 19 7 17 19 67 73 89 79 33 17 19 67 73 89

55 12 35 47 83 22 31 55 12 35 47 83 22 31
55 12 35 47 83 22 31 55 12 14 12 35 47 83 22 31
55 12 35 47 83 22 31 55 12 35 14 12 35 47 83 22 31
55 12 35 47 83 22 31 55 12 35 14 35 47 83 22 31
55 12 35 47 83 22 31 55 12 35 47 14 35 47 83 22 31
55 12 14 12 35 47 83 22 31 55 12 35 47 83 22 31
55 12 35 14 12 35 47 83 22 31 55 12 35 47 83 22 31
55 12 35 14 35 47 83 22 31 55 12 35 47 83 22 31
55 12 35 47 14 35 47 83 22 31 55 12 35 47 83 22 31

92 37 16 31 52 39 37 92 37 16 31 52 39 37
92 37 16 31 52 39 37 92 37 16 37 16 31 52 39 37
92 37 16 31 52 39 37 92 37 16 16 37 16 31 52 39 37
92 37 16 31 52 39 37 92 37 16 16 16 31 52 39 37
92 37 16 31 52 39 37 92 37 16 31 16 16 31 52 39 37
92 37 16 37 16 31 52 39 37 92 37 16 31 52 39 37
92 37 16 16 37 16 31 52 39 37 92 37 16 31 52 39 37
92 37 16 16 16 31 52 39 37 92 37 16 31 52 39 37
92 37 16 31 16 16 31 52 39 37 92 37 16 31 52 39 37

52 64 24 96 10 50 34 52 64 24 96 10 50 34
52 64 24 96 10 50 34 52 64 7 64 24 96 10 50 34
52 64 24 96 10 50 34 52 64 24 7 64 24 96 10 50 34
52 64 24 96 10 50 34 52 64 24 7 24 96 10 50 34
52 64 24 96 10 50 34 52 64 24 96 7 24 96 10 50 34
52 64 7 64 24 96 10 50 34 52 64 24 96 10 50 34
52 64 24 7 64 24 96 10 50 34 52 64 24 96 10 50 34
52 64 24 7 24 96 10 50 34 52 64 24 96 10 50 34
52 64 24 96 7 24 96 10 50 34 52 64 24 96 10 50 34

98 72 10 70 36 91 59 98 72 10 70 36 91 59
98 72 10 70 36 91 59 98 72 20 72 10 70 36 91 59
98 72 10 70 36 91 59 98 72 10 20 72 10 70 36 91 59
98 72 10 70 36 91 59 98 72 10 20 10 70 36 91 59
98 72 10 70 36 91 59 98 72 10 70 20 10 70 36 91 59
98 72 20 72 10 70 36 91 59 98 72 10 70 36 91 59
98 72 10 20 72 10 70 36 91 59 98 72 10 70 36 91 59
98 72 10 20 10 70 36 91 59 98 72 10 70 36 91 59
98 72 10 70 20 10 70 36 91 59 98 72 10 70 36 91 59

68 45 17 51 100 56 84 68 45 17 51 100 56 84
68 45 17 51 100 56 84 68 45 17 45 17 51 100 56 84
68 45 17 51 100 56 84 68 45 17 17 45 17 51 100 56 84
68 45 17 51 100 56 84 68 45 17 17 17 51 100 56 84
68 45 17 51 100 56 84 68 45 17 51 17 17 51 100 56 84
68 45 17 45 17 51 100 56 84 68 45 17 51 100 56 84
68 45 17 17 45 17 51 100 56 84 68 45 17 51 100 56 84
68 45 17 17 17 51 100 56 84 68 45 17 51 100 56 84
68 45 17 51 17 17 51 100 56 84 68 45 17 51 100 56 84

99 82 35 16 75 32 26 99 82 35 16 75 32 26
99 82 35 16 75 32 26 99 82 8 82 35 16 75 32 26
99 82 35 16 75 32 26 99 82 35 8 82 35 16 75 32 26
99 82 35 16 75 32 26 99 82 35 8 35 16 75 32 26
99 82 35 16 75 32 26 99 82 35 16 8 35 16 75 32 26
99 82 8 82 35 16 75 32 26 99 82 35 16 75 32 26
99 82 35 8 82 35 16 75 32 26 99 82 35 16 75 32 26
99 82 35 8 35 16 75 32 26 99 82 35 16 75 32 26
99 82 35 16 8 35 16 75 32 26 99 82 35 16 75 32 26

28 78 36 25 61 57 83 28 78 36 25 61 57 83
28 78 36 25 61 57 83 28 78 7 78 36 25 61 57 83
28 78 36 25 61 57 83 28 78 36 7 78 36 25 61 57 83
28 78 36 25 61 57 83 28 78 36 7 36 25 61 57 83
28 78 36 25 61 57 83 28 78 36 25 7 36 25 61 57 83
28 78 7 78 36 25 61 57 83 28 78 36 25 61 57 83
28 78 36 7 78 36 25 61 57 83 28 78 36 25 61 57 83
28 78 36 7 36 25 61 57 83 28 78 36 25 61 57 83
28 78 36 25 7 36 25 61 57 83 28 78 36 25 61 57 83

13 64 84 13 27 67 87 13 64 84 13 27 67 87
13 64 84 13 27 67 87 13 64 11 64 84 13 27 67 87
13 64 84 13 27 67 87 13 64 84 11 64 84 13 27 67 87
13 64 84 13 27 67 87 13 64 84 11 84 13 27 67 87
13 64 84 13 27 67 87 13 64 84 13 11 84 13 27 67 87
13 64 11 64 84 13 27 67 87 13 64 84 13 27 67 87
13 64 84 11 64 84 13 27 67 87 13 64 84 13 27 67 87
13 64 84 11 84 13 27 67 87 13 64 84 13 27 67 87
13 64 84 13 11 84 13 27 67 87 13 64 84 13 27 67 87

92 28 20 99 85 52 84 92 28 20 99 85 52 84
92 28 20 99 85 52 84 92 28 17 28 20 99 85 52 84
92 28 20 99 85 52 84 92 28 20 17 28 20 99 85 52 84
92 28 20 99 85 52 84 92 28 20 17 20 99 85 52 84
92 28 20 99 85 52 84 92 28 20 99 17 20 99 85 52 84
92 28 17 28 20 99 85 52 84 92 28 20 99 85 52 84
92 28 20 17 28 20 99 85 52 84 92 28 20 99 85 52 84
92 28 20 17 20 99 85 52 84 92 28 20 99 85 52 84
92 28 20 99 17 20 99 85 52 84 92 28 20 99 85 52 84

22 18 79 15 83 51 16 22 18 79 15 83 51 16
22 18 79 15 83 51 16 22 18 6 18 79 15 83 51 16
22 18 79 15 83 51 16 22 18 79 6 18 79 15 83 51 16
22 18 79 15 83 51 16 22 18 79 6 79 15 83 51 16
22 18 79 15 83 51 16 22 18 79 15 6 79 15 83 51 16
22 18 6 18 79 15 83 51 16 22 18 79 15 83 51 16
22 18 79 6 18 79 15 83 51 16 22 18 79 15 83 51 16
22 18 79 6 79 15 83 51 16 22 18 79 15 83 51 16
22 18 79 15 6 79 15 83 51 16 22 18 79 15 83 51 16

80 56 72 61 60 20 72 80 56 72 61 60 20 72
80 56 72 61 60 20 72 80 56 6 56 72 61 60 20 72
80 56 72 61 60 20 72 80 56 72 6 56 72 61 60 20 72
80 56 72 61 60 20 72 80 56 72 6 72 61 60 20 72
80 56 72 61 60 20 72 80 56 72 61 6 72 61 60 20 72
80 56 6 56 72 61 60 20 72 80 56 72 61 60 20 72
80 56 72 6 56 72 61 60 20 72 80 56 72 61 60 20 72
80 56 72 6 72 61 60 20 72 80 56 72 61 60 20 72
80 56 72 61 6 72 61 60 20 72 80 56 72 61 60 20 72

60 100 5 10 44 70 21 60 100 5 10 44 70 21
60 100 5 10 44 70 21 60 100 10 100 5 10 44 70 21
60 100 5 10 44 70 21 60 100 5 10 100 5 10 44 70 21
60 100 5 10 44 70 21 60 100 5 10 5 10 44 70 21
60 100 5 10 44 70 21 60 100 5 10 10 5 10 44 70 21
60 100 10 100 5 10 44 70 21 60 100 5 10 44 70 21
60 100 5 10 100 5 10 44 70 21 60 100 5 10 44 70 21
60 100 5 10 5 10 44 70 21 60 100 5 10 44 70 21
60 100 5 10 10 5 10 44 70 21 60 100 5 10 44 70 21

49 9 40 95 55 64 83 49 9 40 95 55 64 83
49 9 40 95 55 64 83 49 9 5 9 40 95 55 64 83
49 9 40 95 55 64 83 49 9 40 5 9 40 95 55 64 83
49 9 40 95 55 64 83 49 9 40 5 40 95 55 64 83
49 9 40 95 55 64 83 49 9 40 95 5 40 95 55 64 83
49 9 5 9 40 95 55 64 83 49 9 40 95 55 64 83
49 9 40 5 9 40 95 55 64 83 49 9 40 95 55 64 83
49 9 40 5 40 95 55 64 83 49 9 40 95 55 64 83
49 9 40 95 5 40 95 55 64 83 49 9 40 95 55 64 83

60 10 42 19 10 46 88 60 10 42 19 10 46 88
60 10 42 19 10 46 88 60 10 19 10 42 19 10 46 88
60 10 42 19 10 46 88 60 10 42 19 10 42 19 10 46 88
60 10 42 19 10 46 88 60 10 42 19 42 19 10 46 88
60 10 42 19 10 46 88 60 10 42 19 19 42 19 10 46 88
60 10 19 10 42 19 10 46 88 60 10 42 19 10 46 88
60 10 42 19 10 42 19 10 46 88 60 10 42 19 10 46 88
60 10 42 19 42 19 10 46 88 60 10 42 19 10 46 88
60 10 42 19 19 42 19 10 46 88 60 10 42 19 10 46 88

11 97 55 73 24 88 43 11 97 55 73 24 88 43
11 97 55 73 24 88 43 11 97 10 97 55 73 24 88 43
11 97 55 73 24 88 43 11 97 55 10 97 55 73 24 88 43
11 97 55 73 24 88 43 11 97 55 10 55 73 24 88 43
11 97 55 73 24 88 43 11 97 55 73 10 55 73 24 88 43
11 97 10 97 55 73 24 88 43 11 97 55 73 24 88 43
11 97 55 10 97 55 73 24 88 43 11 97 55 73 24 88 43
11 97 55 10 55 73 24 88 43 11 97 55 73 24 88 43
11 97 55 73 10 55 73 24 88 43 11 97 55 73 24 88 43

21 31 93 21 81 91 27 21 31 93 21 81 91 27
21 31 93 21 81 91 27 21 31 12 31 93 21 81 91 27
21 31 93 21 81 91 27 21 31 93 12 31 93 21 81 91 27
21 31 93 21 81 91 27 21 31 93 12 93 21 81 91 27
21 31 93 21 81 91 27 21 31 93 21 12 93 21 81 91 27
21 31 12 31 93 21 81 91 27 21 31 93 21 81 91 27
21 31 93 12 31 93 21 81 91 27 21 31 93 21 81 91 27
21 31 93 12 93 21 81 91 27 21 31 93 21 81 91 27
21 31 93 21 12 93 21 81 91 27 21 31 93 21 81 91 27

8 76 10 5 7 8 92 8 76 10 5 7 8 92
8 76 10 5 7 8 92 8 76 15 76 10 5 7 8 92
8 76 10 5 7 8 92 8 76 10 15 76 10 5 7 8 92
8 76 10 5 7 8 92 8 76 10 15 10 5 7 8 92
8 76 10 5 7 8 92 8 76 10 5 15 10 5 7 8 92
8 76 15 76 10 5 7 8 92 8 76 10 5 7 8 92
8 76 10 15 76 10 5 7 8 92 8 76 10 5 7 8 92
8 76 10 15 10 5 7 8 92 8 76 10 5 7 8 92
8 76 10 5 15 10 5 7 8 92 8 76 10 5 7 8 92

54 34 90 32 16 72 69 54 34 90 32 16 72 69
54 34 90 32 16 72 69 54 34 12 34 90 32 16 72 69
54 34 90 32 16 72 69 54 34 90 12 34 90 32 16 72 69
54 34 90 32 16 72 69 54 34 90 12 90 32 16 72 69
54 34 90 32 16 72 69 54 34 90 32 12 90 32 16 72 69
54 34 12 34 90 32 16 72 69 54 34 90 32 16 72 69
54 34 90 12 34 90 32 16 72 69 54 34 90 32 16 72 69
54 34 90 12 90 32 16 72 69 54 34 90 32 16 72 69
54 34 90 32 12 90 32 16 72 69 54 34 90 32 16 72 69

49 9 72 88 63 34 59 49 9 72 88 63 34 59
49 9 72 88 63 34 59 49 9 20 9 72 88 63 34 59
49 9 72 88 63 34 59 49 9 72 20 9 72 88 63 34 59
49 9 72 88 63 34 59 49 9 72 20 72 88 63 34 59
49 9 72 88 63 34 59 49 9 72 88 20 72 88 63 34 59
49 9 20 9 72 88 63 34 59 49 9 72 88 63 34 59
49 9 72 20 9 72 88 63 34 59 49 9 72 88 63 34 59
49 9 72 20 72 88 63 34 59 49 9 72 88 63 34 59
49 9 72 88 20 72 88 63 34 59 49 9 72 88 63 34 59

16 61 11 31 7 46 87 16 61 11 31 7 46 87
16 61 11 31 7 46 87 16 61 11 61 11 31 7 46 87
16 61 11 31 7 46 87 16 61 11 11 61 11 31 7 46 87
16 61 11 31 7 46 87 16 61 11 11 11 31 7 46 87
16 61 11 31 7 46 87 16 61 11 31 11 11 31 7 46 87
16 61 11 61 11 31 7 46 87 16 61 11 31 7 46 87
16 61 11 11 61 11 31 7 46 87 16 61 11 31 7 46 87
16 61 11 11 11 31 7 46 87 16 61 11 31 7 46 87
16 61 11 31 11 11 31 7 46 87 16 61 11 31 7 46 87

16 51 60 59 57 25 66 16 51 60 59 57 25 66
16 51 60 59 57 25 66 16 51 18 51 60 59 57 25 66
16 51 60 59 57 25 66 16 51 60 18 51 60 59 57 25 66
16 51 60 59 57 25 66 16 51 60 18 60 59 57 25 66
16 51 60 59 57 25 66 16 51 60 59 18 60 59 57 25 66
16 51 18 51 60 59 57 25 66 16 51 60 59 57 25 66
16 51 60 18 51 60 59 57 25 66 16 51 60 59 57 25 66
16 51 60 18 60 59 57 25 66 16 51 60 59 57 25 66
16 51 60 59 18 60 59 57 25 66 16 51 60 59 57 25 66

53 93 56 6 57 59 38 53 93 56 6 57 59 38
53 93 56 6 57 59 38 53 93 14 93 56 6 57 59 38
53 93 56 6 57 59 38 53 93 56 14 93 56 6 57 59 38
53 93 56 6 57 59 38 53 93 56 14 56 6 57 59 38
53 93 56 6 57 59 38 53 93 56 6 14 56 6 57 59 38
53 93 14 93 56 6 57 59 38 53 93 56 6 57 59 38
53 93 56 14 93 56 6 57 59 38 53 93 56 6 57 59 38
53 93 56 14 56 6 57 59 38 53 93 56 6 57 59 38
53 93 56 6 14 56 6 57 59 38 53 93 56 6 57 59 38

57 18 63 11 94 27 21 57 18 63 11 94 27 21
57 18 63 11 94 27 21 57 18 11 18 63 11 94 27 21
57 18 63 11 94 27 21 57 18 63 11 18 63 11 94 27 21
57 18 63 11 94 27 21 57 18 63 11 63 11 94 27 21
57 18 63 11 94 27 21 57 18 63 11 11 63 11 94 27 21
57 18 11 18 63 11 94 27 21 57 18 63 11 94 27 21
57 18 63 11 18 63 11 94 27 21 57 18 63 11 94 27 21
57 18 63 11 63 11 94 27 21 57 18 63 11 94 27 21
57 18 63 11 11 63 11 94 27 21 57 18 63 11 94 27 21

51 42 13 36 72 99 84 51 42 13 36 72 99 84
51 42 13 36 72 99 84 51 42 10 42 13 36 72 99 84
51 42 13 36 72 99 84 51 42 13 10 42 13 36 72 99 84
51 42 13 36 72 99 84 51 42 13 10 13 36 72 99 84
51 42 13 36 72 99 84 51 42 13 36 10 13 36 72 99 84
51 42 10 42 13 36 72 99 84 51 42 13 36 72 99 84
51 42 13 10 42 13 36 72 99 84 51 42 13 36 72 99 84
51 42 13 10 13 36 72 99 84 51 42 13 36 72 99 84
51 42 13 36 10 13 36 72 99 84 51 42 13 36 72 99 84

