150
7
2
2

26
29
2
17
3
17
4
27
9
28
0
8
6
4
9
21
2
16
30
3
25
0
27
15
16
27
28
27
22
0
25
28
6
20
1
28
11
4
10
21
26
5
19
27
7
7
22
16
26
2
17
20
27
1
9
18
25
15
9
3
27
24
12
18
19
1
27
30
17
23
8
24
7
4
27
25
28
13
22
18
0
6
5
16
13
16
12
29
29
29
20
7
0
27
25
5
6
19
0
18
13
23
10
20
18
28
26
19
24
15
15
23
8
16
22
11
3
4
28
24
7
8
22
29
8
16
25
2
8
20
20
16
30
7
25
21
25
11
10
23
2
20
2
4
25
19
20
25
1
8

69 109 
74 52 
57 63 
35 82 
77 34 
16 58 
27 40 
63 96 
15 32 
75 29 
66 41 
22 69 
21 70 
68 65 
18 29 
19 89 
99 93 
49 94 
97 33 
63 89 
27 14 
58 86 
84 51 
82 92 
71 67 
83 64 
100 106 
92 53 
78 36 
69 39 
60 38 
113 70 
48 90 
101 39 
72 77 
67 84 
109 78 
110 19 
56 46 
81 61 
95 93 
56 111 
83 80 
41 93 
99 59 
68 28 
79 104 
87 55 
45 81 
32 89 
26 103 
90 22 
99 19 
109 88 
59 25 
69 81 
98 38 
43 72 
80 80 
45 80 
104 60 
54 71 
89 59 
111 112 
102 85 
24 104 
105 34 
99 95 
80 107 
72 73 
77 105 
79 32 
101 43 
77 79 
42 29 
87 22 
66 26 
27 77 
108 13 
72 61 
41 44 
105 45 
96 111 
52 46 
100 44 
114 32 
75 15 
24 94 
77 99 
43 62 
33 37 
117 53 
117 82 
94 83 
61 73 
80 29 
91 45 
25 83 
66 68 
36 78 
84 46 
21 49 
21 75 
36 96 
24 25 
102 58 
27 15 
33 85 
52 93 
104 103 
72 34 
62 23 
102 84 
102 63 
48 93 
110 114 
105 26 
99 62 
85 37 
30 58 
83 70 
26 106 
28 74 
59 39 
46 43 
59 85 
92 68 
54 37 
18 35 
25 45 
67 95 
117 58 
95 79 
87 82 
75 103 
68 73 
96 58 
116 98 
101 73 
44 46 
87 18 
22 29 
27 60 
24 83 
60 24 
107 107 
62 45 
102 50 
108 68 
59 95 

1984
2028
1126
2069
1391
1020
1600
2310
1593
1645
1675
1949
2066
2427
1060
1863
2491
1901
1364
1410
1394
2008
1843
2029
1804
1647
2554
2135
2088
2100
1871
2081
2146
1895
1669
2084
2182
1947
2135
1956
2293
1589
1815
1884
2419
1421
2051
2179
1185
2036
1883
1934
2069
2362
1501
1926
2050
1780
1756
1525
1783
1629
2427
2250
2145
1621
1886
2419
1688
1870
1609
1993
2068
1990
1650
1719
1689
1517
1808
1518
970
1202
2635
1866
1351
1936
1823
2129
2097
2453
1252
1927
2931
1736
2032
1683
2086
1433
1762
2204
2494
1464
1881
1657
2146
1935
1254
1974
2165
2084
1215
1337
2411
2146
2416
2583
2242
2005
1855
2152
2560
1754
1802
1619
2191
1895
1448
1975
1885
1392
2047
1465
2115
1952
1419
2130
2233
2722
2581
1746
1241
1200
1652
1919
1790
2338
1729
2164
2049
2431

1 2 3 4 5 1 2 3 4 5 6 7
1 2 3 4 5 1 2 100 102 3 4 5 6 7
1 2 3 4 5 1 2 3 100 102 103 4 5 6 7
1 2 3 4 5 1 2 3 100 103 4 5 6 7
1 2 3 4 5 1 2 3 4 100 103 104 5 6 7
1 2 100 102 3 4 5 1 2 3 4 5 6 7
1 2 3 100 102 103 4 5 1 2 3 4 5 6 7
1 2 3 100 103 4 5 1 2 3 4 5 6 7
1 2 3 4 100 103 104 5 1 2 3 4 5 6 7

59 33 50 99 52 28 72 59 33 50 99 52 28 72
59 33 50 99 52 28 72 59 33 15 33 50 99 52 28 72
59 33 50 99 52 28 72 59 33 50 15 33 50 99 52 28 72
59 33 50 99 52 28 72 59 33 50 15 50 99 52 28 72
59 33 50 99 52 28 72 59 33 50 99 15 50 99 52 28 72
59 33 15 33 50 99 52 28 72 59 33 50 99 52 28 72
59 33 50 15 33 50 99 52 28 72 59 33 50 99 52 28 72
59 33 50 15 50 99 52 28 72 59 33 50 99 52 28 72
59 33 50 99 15 50 99 52 28 72 59 33 50 99 52 28 72

87 59 55 39 53 70 34 87 59 55 39 53 70 34
87 59 55 39 53 70 34 87 59 15 59 55 39 53 70 34
87 59 55 39 53 70 34 87 59 55 15 59 55 39 53 70 34
87 59 55 39 53 70 34 87 59 55 15 55 39 53 70 34
87 59 55 39 53 70 34 87 59 55 39 15 55 39 53 70 34
87 59 15 59 55 39 53 70 34 87 59 55 39 53 70 34
87 59 55 15 59 55 39 53 70 34 87 59 55 39 53 70 34
87 59 55 15 55 39 53 70 34 87 59 55 39 53 70 34
87 59 55 39 15 55 39 53 70 34 87 59 55 39 53 70 34

14 12 49 45 52 13 26 14 12 49 45 52 13 26
14 12 49 45 52 13 26 14 12 17 12 49 45 52 13 26
14 12 49 45 52 13 26 14 12 49 17 12 49 45 52 13 26
14 12 49 45 52 13 26 14 12 49 17 49 45 52 13 26
14 12 49 45 52 13 26 14 12 49 45 17 49 45 52 13 26
14 12 17 12 49 45 52 13 26 14 12 49 45 52 13 26
14 12 49 17 12 49 45 52 13 26 14 12 49 45 52 13 26
14 12 49 17 49 45 52 13 26 14 12 49 45 52 13 26
14 12 49 45 17 49 45 52 13 26 14 12 49 45 52 13 26

62 59 21 64 87 63 67 62 59 21 64 87 63 67
62 59 21 64 87 63 67 62 59 14 59 21 64 87 63 67
62 59 21 64 87 63 67 62 59 21 14 59 21 64 87 63 67
62 59 21 64 87 63 67 62 59 21 14 21 64 87 63 67
62 59 21 64 87 63 67 62 59 21 64 14 21 64 87 63 67
62 59 14 59 21 64 87 63 67 62 59 21 64 87 63 67
62 59 21 14 59 21 64 87 63 67 62 59 21 64 87 63 67
62 59 21 14 21 64 87 63 67 62 59 21 64 87 63 67
62 59 21 64 14 21 64 87 63 67 62 59 21 64 87 63 67

57 30 72 15 12 12 93 57 30 72 15 12 12 93
57 30 72 15 12 12 93 57 30 5 30 72 15 12 12 93
57 30 72 15 12 12 93 57 30 72 5 30 72 15 12 12 93
57 30 72 15 12 12 93 57 30 72 5 72 15 12 12 93
57 30 72 15 12 12 93 57 30 72 15 5 72 15 12 12 93
57 30 5 30 72 15 12 12 93 57 30 72 15 12 12 93
57 30 72 5 30 72 15 12 12 93 57 30 72 15 12 12 93
57 30 72 5 72 15 12 12 93 57 30 72 15 12 12 93
57 30 72 15 5 72 15 12 12 93 57 30 72 15 12 12 93

73 9 7 40 25 23 19 73 9 7 40 25 23 19
73 9 7 40 25 23 19 73 9 10 9 7 40 25 23 19
73 9 7 40 25 23 19 73 9 7 10 9 7 40 25 23 19
73 9 7 40 25 23 19 73 9 7 10 7 40 25 23 19
73 9 7 40 25 23 19 73 9 7 40 10 7 40 25 23 19
73 9 10 9 7 40 25 23 19 73 9 7 40 25 23 19
73 9 7 10 9 7 40 25 23 19 73 9 7 40 25 23 19
73 9 7 10 7 40 25 23 19 73 9 7 40 25 23 19
73 9 7 40 10 7 40 25 23 19 73 9 7 40 25 23 19

97 24 13 25 27 95 84 97 24 13 25 27 95 84
97 24 13 25 27 95 84 97 24 15 24 13 25 27 95 84
97 24 13 25 27 95 84 97 24 13 15 24 13 25 27 95 84
97 24 13 25 27 95 84 97 24 13 15 13 25 27 95 84
97 24 13 25 27 95 84 97 24 13 25 15 13 25 27 95 84
97 24 15 24 13 25 27 95 84 97 24 13 25 27 95 84
97 24 13 15 24 13 25 27 95 84 97 24 13 25 27 95 84
97 24 13 15 13 25 27 95 84 97 24 13 25 27 95 84
97 24 13 25 15 13 25 27 95 84 97 24 13 25 27 95 84

96 83 50 81 29 35 64 96 83 50 81 29 35 64
96 83 50 81 29 35 64 96 83 6 83 50 81 29 35 64
96 83 50 81 29 35 64 96 83 50 6 83 50 81 29 35 64
96 83 50 81 29 35 64 96 83 50 6 50 81 29 35 64
96 83 50 81 29 35 64 96 83 50 81 6 50 81 29 35 64
96 83 6 83 50 81 29 35 64 96 83 50 81 29 35 64
96 83 50 6 83 50 81 29 35 64 96 83 50 81 29 35 64
96 83 50 6 50 81 29 35 64 96 83 50 81 29 35 64
96 83 50 81 6 50 81 29 35 64 96 83 50 81 29 35 64

85 52 5 26 68 33 34 85 52 5 26 68 33 34
85 52 5 26 68 33 34 85 52 14 52 5 26 68 33 34
85 52 5 26 68 33 34 85 52 5 14 52 5 26 68 33 34
85 52 5 26 68 33 34 85 52 5 14 5 26 68 33 34
85 52 5 26 68 33 34 85 52 5 26 14 5 26 68 33 34
85 52 14 52 5 26 68 33 34 85 52 5 26 68 33 34
85 52 5 14 52 5 26 68 33 34 85 52 5 26 68 33 34
85 52 5 14 5 26 68 33 34 85 52 5 26 68 33 34
85 52 5 26 14 5 26 68 33 34 85 52 5 26 68 33 34

67 34 67 17 41 68 31 67 34 67 17 41 68 31
67 34 67 17 41 68 31 67 34 13 34 67 17 41 68 31
67 34 67 17 41 68 31 67 34 67 13 34 67 17 41 68 31
67 34 67 17 41 68 31 67 34 67 13 67 17 41 68 31
67 34 67 17 41 68 31 67 34 67 17 13 67 17 41 68 31
67 34 13 34 67 17 41 68 31 67 34 67 17 41 68 31
67 34 67 13 34 67 17 41 68 31 67 34 67 17 41 68 31
67 34 67 13 67 17 41 68 31 67 34 67 17 41 68 31
67 34 67 17 13 67 17 41 68 31 67 34 67 17 41 68 31

44 30 60 32 39 90 80 44 30 60 32 39 90 80
44 30 60 32 39 90 80 44 30 11 30 60 32 39 90 80
44 30 60 32 39 90 80 44 30 60 11 30 60 32 39 90 80
44 30 60 32 39 90 80 44 30 60 11 60 32 39 90 80
44 30 60 32 39 90 80 44 30 60 32 11 60 32 39 90 80
44 30 11 30 60 32 39 90 80 44 30 60 32 39 90 80
44 30 60 11 30 60 32 39 90 80 44 30 60 32 39 90 80
44 30 60 11 60 32 39 90 80 44 30 60 32 39 90 80
44 30 60 32 11 60 32 39 90 80 44 30 60 32 39 90 80

72 48 15 64 93 59 29 72 48 15 64 93 59 29
72 48 15 64 93 59 29 72 48 17 48 15 64 93 59 29
72 48 15 64 93 59 29 72 48 15 17 48 15 64 93 59 29
72 48 15 64 93 59 29 72 48 15 17 15 64 93 59 29
72 48 15 64 93 59 29 72 48 15 64 17 15 64 93 59 29
72 48 17 48 15 64 93 59 29 72 48 15 64 93 59 29
72 48 15 17 48 15 64 93 59 29 72 48 15 64 93 59 29
72 48 15 17 15 64 93 59 29 72 48 15 64 93 59 29
72 48 15 64 17 15 64 93 59 29 72 48 15 64 93 59 29

80 55 11 65 93 33 73 80 55 11 65 93 33 73
80 55 11 65 93 33 73 80 55 17 55 11 65 93 33 73
80 55 11 65 93 33 73 80 55 11 17 55 11 65 93 33 73
80 55 11 65 93 33 73 80 55 11 17 11 65 93 33 73
80 55 11 65 93 33 73 80 55 11 65 17 11 65 93 33 73
80 55 17 55 11 65 93 33 73 80 55 11 65 93 33 73
80 55 11 17 55 11 65 93 33 73 80 55 11 65 93 33 73
80 55 11 17 11 65 93 33 73 80 55 11 65 93 33 73
80 55 11 65 17 11 65 93 33 73 80 55 11 65 93 33 73

53 100 61 60 86 18 94 53 100 61 60 86 18 94
53 100 61 60 86 18 94 53 100 20 100 61 60 86 18 94
53 100 61 60 86 18 94 53 100 61 20 100 61 60 86 18 94
53 100 61 60 86 18 94 53 100 61 20 61 60 86 18 94
53 100 61 60 86 18 94 53 100 61 60 20 61 60 86 18 94
53 100 20 100 61 60 86 18 94 53 100 61 60 86 18 94
53 100 61 20 100 61 60 86 18 94 53 100 61 60 86 18 94
53 100 61 20 61 60 86 18 94 53 100 61 60 86 18 94
53 100 61 60 20 61 60 86 18 94 53 100 61 60 86 18 94

68 23 7 13 36 59 7 68 23 7 13 36 59 7
68 23 7 13 36 59 7 68 23 18 23 7 13 36 59 7
68 23 7 13 36 59 7 68 23 7 18 23 7 13 36 59 7
68 23 7 13 36 59 7 68 23 7 18 7 13 36 59 7
68 23 7 13 36 59 7 68 23 7 13 18 7 13 36 59 7
68 23 18 23 7 13 36 59 7 68 23 7 13 36 59 7
68 23 7 18 23 7 13 36 59 7 68 23 7 13 36 59 7
68 23 7 18 7 13 36 59 7 68 23 7 13 36 59 7
68 23 7 13 18 7 13 36 59 7 68 23 7 13 36 59 7

69 19 12 74 78 42 84 69 19 12 74 78 42 84
69 19 12 74 78 42 84 69 19 10 19 12 74 78 42 84
69 19 12 74 78 42 84 69 19 12 10 19 12 74 78 42 84
69 19 12 74 78 42 84 69 19 12 10 12 74 78 42 84
69 19 12 74 78 42 84 69 19 12 74 10 12 74 78 42 84
69 19 10 19 12 74 78 42 84 69 19 12 74 78 42 84
69 19 12 10 19 12 74 78 42 84 69 19 12 74 78 42 84
69 19 12 10 12 74 78 42 84 69 19 12 74 78 42 84
69 19 12 74 10 12 74 78 42 84 69 19 12 74 78 42 84

87 65 86 77 59 82 38 87 65 86 77 59 82 38
87 65 86 77 59 82 38 87 65 9 65 86 77 59 82 38
87 65 86 77 59 82 38 87 65 86 9 65 86 77 59 82 38
87 65 86 77 59 82 38 87 65 86 9 86 77 59 82 38
87 65 86 77 59 82 38 87 65 86 77 9 86 77 59 82 38
87 65 9 65 86 77 59 82 38 87 65 86 77 59 82 38
87 65 86 9 65 86 77 59 82 38 87 65 86 77 59 82 38
87 65 86 9 86 77 59 82 38 87 65 86 77 59 82 38
87 65 86 77 9 86 77 59 82 38 87 65 86 77 59 82 38

59 45 40 77 68 19 44 59 45 40 77 68 19 44
59 45 40 77 68 19 44 59 45 13 45 40 77 68 19 44
59 45 40 77 68 19 44 59 45 40 13 45 40 77 68 19 44
59 45 40 77 68 19 44 59 45 40 13 40 77 68 19 44
59 45 40 77 68 19 44 59 45 40 77 13 40 77 68 19 44
59 45 13 45 40 77 68 19 44 59 45 40 77 68 19 44
59 45 40 13 45 40 77 68 19 44 59 45 40 77 68 19 44
59 45 40 13 40 77 68 19 44 59 45 40 77 68 19 44
59 45 40 77 13 40 77 68 19 44 59 45 40 77 68 19 44

18 19 80 17 78 29 12 18 19 80 17 78 29 12
18 19 80 17 78 29 12 18 19 12 19 80 17 78 29 12
18 19 80 17 78 29 12 18 19 80 12 19 80 17 78 29 12
18 19 80 17 78 29 12 18 19 80 12 80 17 78 29 12
18 19 80 17 78 29 12 18 19 80 17 12 80 17 78 29 12
18 19 12 19 80 17 78 29 12 18 19 80 17 78 29 12
18 19 80 12 19 80 17 78 29 12 18 19 80 17 78 29 12
18 19 80 12 80 17 78 29 12 18 19 80 17 78 29 12
18 19 80 17 12 80 17 78 29 12 18 19 80 17 78 29 12

53 17 43 75 22 12 50 53 17 43 75 22 12 50
53 17 43 75 22 12 50 53 17 5 17 43 75 22 12 50
53 17 43 75 22 12 50 53 17 43 5 17 43 75 22 12 50
53 17 43 75 22 12 50 53 17 43 5 43 75 22 12 50
53 17 43 75 22 12 50 53 17 43 75 5 43 75 22 12 50
53 17 5 17 43 75 22 12 50 53 17 43 75 22 12 50
53 17 43 5 17 43 75 22 12 50 53 17 43 75 22 12 50
53 17 43 5 43 75 22 12 50 53 17 43 75 22 12 50
53 17 43 75 5 43 75 22 12 50 53 17 43 75 22 12 50

5 86 22 8 41 81 75 5 86 22 8 41 81 75
5 86 22 8 41 81 75 5 86 13 86 22 8 41 81 75
5 86 22 8 41 81 75 5 86 22 13 86 22 8 41 81 75
5 86 22 8 41 81 75 5 86 22 13 22 8 41 81 75
5 86 22 8 41 81 75 5 86 22 8 13 22 8 41 81 75
5 86 13 86 22 8 41 81 75 5 86 22 8 41 81 75
5 86 22 13 86 22 8 41 81 75 5 86 22 8 41 81 75
5 86 22 13 22 8 41 81 75 5 86 22 8 41 81 75
5 86 22 8 13 22 8 41 81 75 5 86 22 8 41 81 75

88 26 43 78 44 40 87 88 26 43 78 44 40 87
88 26 43 78 44 40 87 88 26 18 26 43 78 44 40 87
88 26 43 78 44 40 87 88 26 43 18 26 43 78 44 40 87
88 26 43 78 44 40 87 88 26 43 18 43 78 44 40 87
88 26 43 78 44 40 87 88 26 43 78 18 43 78 44 40 87
88 26 18 26 43 78 44 40 87 88 26 43 78 44 40 87
88 26 43 18 26 43 78 44 40 87 88 26 43 78 44 40 87
88 26 43 18 43 78 44 40 87 88 26 43 78 44 40 87
88 26 43 78 18 43 78 44 40 87 88 26 43 78 44 40 87

66 32 79 34 73 39 12 66 32 79 34 73 39 12
66 32 79 34 73 39 12 66 32 15 32 79 34 73 39 12
66 32 79 34 73 39 12 66 32 79 15 32 79 34 73 39 12
66 32 79 34 73 39 12 66 32 79 15 79 34 73 39 12
66 32 79 34 73 39 12 66 32 79 34 15 79 34 73 39 12
66 32 15 32 79 34 73 39 12 66 32 79 34 73 39 12
66 32 79 15 32 79 34 73 39 12 66 32 79 34 73 39 12
66 32 79 15 79 34 73 39 12 66 32 79 34 73 39 12
66 32 79 34 15 79 34 73 39 12 66 32 79 34 73 39 12

10 96 74 79 19 39 88 10 96 74 79 19 39 88
10 96 74 79 19 39 88 10 96 7 96 74 79 19 39 88
10 96 74 79 19 39 88 10 96 74 7 96 74 79 19 39 88
10 96 74 79 19 39 88 10 96 74 7 74 79 19 39 88
10 96 74 79 19 39 88 10 96 74 79 7 74 79 19 39 88
10 96 7 96 74 79 19 39 88 10 96 74 79 19 39 88
10 96 74 7 96 74 79 19 39 88 10 96 74 79 19 39 88
10 96 74 7 74 79 19 39 88 10 96 74 79 19 39 88
10 96 74 79 7 74 79 19 39 88 10 96 74 79 19 39 88

47 22 55 52 59 71 83 47 22 55 52 59 71 83
47 22 55 52 59 71 83 47 22 20 22 55 52 59 71 83
47 22 55 52 59 71 83 47 22 55 20 22 55 52 59 71 83
47 22 55 52 59 71 83 47 22 55 20 55 52 59 71 83
47 22 55 52 59 71 83 47 22 55 52 20 55 52 59 71 83
47 22 20 22 55 52 59 71 83 47 22 55 52 59 71 83
47 22 55 20 22 55 52 59 71 83 47 22 55 52 59 71 83
47 22 55 20 55 52 59 71 83 47 22 55 52 59 71 83
47 22 55 52 20 55 52 59 71 83 47 22 55 52 59 71 83

19 25 74 48 52 78 50 19 25 74 48 52 78 50
19 25 74 48 52 78 50 19 25 16 25 74 48 52 78 50
19 25 74 48 52 78 50 19 25 74 16 25 74 48 52 78 50
19 25 74 48 52 78 50 19 25 74 16 74 48 52 78 50
19 25 74 48 52 78 50 19 25 74 48 16 74 48 52 78 50
19 25 16 25 74 48 52 78 50 19 25 74 48 52 78 50
19 25 74 16 25 74 48 52 78 50 19 25 74 48 52 78 50
19 25 74 16 74 48 52 78 50 19 25 74 48 52 78 50
19 25 74 48 16 74 48 52 78 50 19 25 74 48 52 78 50

30 88 84 100 71 79 33 30 88 84 100 71 79 33
30 88 84 100 71 79 33 30 88 16 88 84 100 71 79 33
30 88 84 100 71 79 33 30 88 84 16 88 84 100 71 79 33
30 88 84 100 71 79 33 30 88 84 16 84 100 71 79 33
30 88 84 100 71 79 33 30 88 84 100 16 84 100 71 79 33
30 88 16 88 84 100 71 79 33 30 88 84 100 71 79 33
30 88 84 16 88 84 100 71 79 33 30 88 84 100 71 79 33
30 88 84 16 84 100 71 79 33 30 88 84 100 71 79 33
30 88 84 100 16 84 100 71 79 33 30 88 84 100 71 79 33

18 97 78 41 97 70 7 18 97 78 41 97 70 7
18 97 78 41 97 70 7 18 97 16 97 78 41 97 70 7
18 97 78 41 97 70 7 18 97 78 16 97 78 41 97 70 7
18 97 78 41 97 70 7 18 97 78 16 78 41 97 70 7
18 97 78 41 97 70 7 18 97 78 41 16 78 41 97 70 7
18 97 16 97 78 41 97 70 7 18 97 78 41 97 70 7
18 97 78 16 97 78 41 97 70 7 18 97 78 41 97 70 7
18 97 78 16 78 41 97 70 7 18 97 78 41 97 70 7
18 97 78 41 16 78 41 97 70 7 18 97 78 41 97 70 7

79 47 64 29 63 73 69 79 47 64 29 63 73 69
79 47 64 29 63 73 69 79 47 17 47 64 29 63 73 69
79 47 64 29 63 73 69 79 47 64 17 47 64 29 63 73 69
79 47 64 29 63 73 69 79 47 64 17 64 29 63 73 69
79 47 64 29 63 73 69 79 47 64 29 17 64 29 63 73 69
79 47 17 47 64 29 63 73 69 79 47 64 29 63 73 69
79 47 64 17 47 64 29 63 73 69 79 47 64 29 63 73 69
79 47 64 17 64 29 63 73 69 79 47 64 29 63 73 69
79 47 64 29 17 64 29 63 73 69 79 47 64 29 63 73 69

45 90 62 31 65 73 68 45 90 62 31 65 73 68
45 90 62 31 65 73 68 45 90 19 90 62 31 65 73 68
45 90 62 31 65 73 68 45 90 62 19 90 62 31 65 73 68
45 90 62 31 65 73 68 45 90 62 19 62 31 65 73 68
45 90 62 31 65 73 68 45 90 62 31 19 62 31 65 73 68
45 90 19 90 62 31 65 73 68 45 90 62 31 65 73 68
45 90 62 19 90 62 31 65 73 68 45 90 62 31 65 73 68
45 90 62 19 62 31 65 73 68 45 90 62 31 65 73 68
45 90 62 31 19 62 31 65 73 68 45 90 62 31 65 73 68

70 77 45 19 37 69 72 70 77 45 19 37 69 72
70 77 45 19 37 69 72 70 77 5 77 45 19 37 69 72
70 77 45 19 37 69 72 70 77 45 5 77 45 19 37 69 72
70 77 45 19 37 69 72 70 77 45 5 45 19 37 69 72
70 77 45 19 37 69 72 70 77 45 19 5 45 19 37 69 72
70 77 5 77 45 19 37 69 72 70 77 45 19 37 69 72
70 77 45 5 77 45 19 37 69 72 70 77 45 19 37 69 72
70 77 45 5 45 19 37 69 72 70 77 45 19 37 69 72
70 77 45 19 5 45 19 37 69 72 70 77 45 19 37 69 72

74 77 97 62 10 19 46 74 77 97 62 10 19 46
74 77 97 62 10 19 46 74 77 6 77 97 62 10 19 46
74 77 97 62 10 19 46 74 77 97 6 77 97 62 10 19 46
74 77 97 62 10 19 46 74 77 97 6 97 62 10 19 46
74 77 97 62 10 19 46 74 77 97 62 6 97 62 10 19 46
74 77 6 77 97 62 10 19 46 74 77 97 62 10 19 46
74 77 97 6 77 97 62 10 19 46 74 77 97 62 10 19 46
74 77 97 6 97 62 10 19 46 74 77 97 62 10 19 46
74 77 97 62 6 97 62 10 19 46 74 77 97 62 10 19 46

9 86 32 75 84 93 64 9 86 32 75 84 93 64
9 86 32 75 84 93 64 9 86 12 86 32 75 84 93 64
9 86 32 75 84 93 64 9 86 32 12 86 32 75 84 93 64
9 86 32 75 84 93 64 9 86 32 12 32 75 84 93 64
9 86 32 75 84 93 64 9 86 32 75 12 32 75 84 93 64
9 86 12 86 32 75 84 93 64 9 86 32 75 84 93 64
9 86 32 12 86 32 75 84 93 64 9 86 32 75 84 93 64
9 86 32 12 32 75 84 93 64 9 86 32 75 84 93 64
9 86 32 75 12 32 75 84 93 64 9 86 32 75 84 93 64

58 47 94 26 44 37 82 58 47 94 26 44 37 82
58 47 94 26 44 37 82 58 47 17 47 94 26 44 37 82
58 47 94 26 44 37 82 58 47 94 17 47 94 26 44 37 82
58 47 94 26 44 37 82 58 47 94 17 94 26 44 37 82
58 47 94 26 44 37 82 58 47 94 26 17 94 26 44 37 82
58 47 17 47 94 26 44 37 82 58 47 94 26 44 37 82
58 47 94 17 47 94 26 44 37 82 58 47 94 26 44 37 82
58 47 94 17 94 26 44 37 82 58 47 94 26 44 37 82
58 47 94 26 17 94 26 44 37 82 58 47 94 26 44 37 82

71 13 64 69 15 18 85 71 13 64 69 15 18 85
71 13 64 69 15 18 85 71 13 15 13 64 69 15 18 85
71 13 64 69 15 18 85 71 13 64 15 13 64 69 15 18 85
71 13 64 69 15 18 85 71 13 64 15 64 69 15 18 85
71 13 64 69 15 18 85 71 13 64 69 15 64 69 15 18 85
71 13 15 13 64 69 15 18 85 71 13 64 69 15 18 85
71 13 64 15 13 64 69 15 18 85 71 13 64 69 15 18 85
71 13 64 15 64 69 15 18 85 71 13 64 69 15 18 85
71 13 64 69 15 64 69 15 18 85 71 13 64 69 15 18 85

86 25 53 64 97 30 38 86 25 53 64 97 30 38
86 25 53 64 97 30 38 86 25 11 25 53 64 97 30 38
86 25 53 64 97 30 38 86 25 53 11 25 53 64 97 30 38
86 25 53 64 97 30 38 86 25 53 11 53 64 97 30 38
86 25 53 64 97 30 38 86 25 53 64 11 53 64 97 30 38
86 25 11 25 53 64 97 30 38 86 25 53 64 97 30 38
86 25 53 11 25 53 64 97 30 38 86 25 53 64 97 30 38
86 25 53 11 53 64 97 30 38 86 25 53 64 97 30 38
86 25 53 64 11 53 64 97 30 38 86 25 53 64 97 30 38

60 97 94 72 8 7 68 60 97 94 72 8 7 68
60 97 94 72 8 7 68 60 97 16 97 94 72 8 7 68
60 97 94 72 8 7 68 60 97 94 16 97 94 72 8 7 68
60 97 94 72 8 7 68 60 97 94 16 94 72 8 7 68
60 97 94 72 8 7 68 60 97 94 72 16 94 72 8 7 68
60 97 16 97 94 72 8 7 68 60 97 94 72 8 7 68
60 97 94 16 97 94 72 8 7 68 60 97 94 72 8 7 68
60 97 94 16 94 72 8 7 68 60 97 94 72 8 7 68
60 97 94 72 16 94 72 8 7 68 60 97 94 72 8 7 68

88 19 91 5 89 40 49 88 19 91 5 89 40 49
88 19 91 5 89 40 49 88 19 15 19 91 5 89 40 49
88 19 91 5 89 40 49 88 19 91 15 19 91 5 89 40 49
88 19 91 5 89 40 49 88 19 91 15 91 5 89 40 49
88 19 91 5 89 40 49 88 19 91 5 15 91 5 89 40 49
88 19 15 19 91 5 89 40 49 88 19 91 5 89 40 49
88 19 91 15 19 91 5 89 40 49 88 19 91 5 89 40 49
88 19 91 15 91 5 89 40 49 88 19 91 5 89 40 49
88 19 91 5 15 91 5 89 40 49 88 19 91 5 89 40 49

83 53 43 30 76 75 81 83 53 43 30 76 75 81
83 53 43 30 76 75 81 83 53 18 53 43 30 76 75 81
83 53 43 30 76 75 81 83 53 43 18 53 43 30 76 75 81
83 53 43 30 76 75 81 83 53 43 18 43 30 76 75 81
83 53 43 30 76 75 81 83 53 43 30 18 43 30 76 75 81
83 53 18 53 43 30 76 75 81 83 53 43 30 76 75 81
83 53 43 18 53 43 30 76 75 81 83 53 43 30 76 75 81
83 53 43 18 43 30 76 75 81 83 53 43 30 76 75 81
83 53 43 30 18 43 30 76 75 81 83 53 43 30 76 75 81

56 83 74 41 46 12 59 56 83 74 41 46 12 59
56 83 74 41 46 12 59 56 83 12 83 74 41 46 12 59
56 83 74 41 46 12 59 56 83 74 12 83 74 41 46 12 59
56 83 74 41 46 12 59 56 83 74 12 74 41 46 12 59
56 83 74 41 46 12 59 56 83 74 41 12 74 41 46 12 59
56 83 12 83 74 41 46 12 59 56 83 74 41 46 12 59
56 83 74 12 83 74 41 46 12 59 56 83 74 41 46 12 59
56 83 74 12 74 41 46 12 59 56 83 74 41 46 12 59
56 83 74 41 12 74 41 46 12 59 56 83 74 41 46 12 59

5 88 81 81 79 20 100 5 88 81 81 79 20 100
5 88 81 81 79 20 100 5 88 15 88 81 81 79 20 100
5 88 81 81 79 20 100 5 88 81 15 88 81 81 79 20 100
5 88 81 81 79 20 100 5 88 81 15 81 81 79 20 100
5 88 81 81 79 20 100 5 88 81 81 15 81 81 79 20 100
5 88 15 88 81 81 79 20 100 5 88 81 81 79 20 100
5 88 81 15 88 81 81 79 20 100 5 88 81 81 79 20 100
5 88 81 15 81 81 79 20 100 5 88 81 81 79 20 100
5 88 81 81 15 81 81 79 20 100 5 88 81 81 79 20 100

21 42 45 100 36 12 53 21 42 45 100 36 12 53
21 42 45 100 36 12 53 21 42 20 42 45 100 36 12 53
21 42 45 100 36 12 53 21 42 45 20 42 45 100 36 12 53
21 42 45 100 36 12 53 21 42 45 20 45 100 36 12 53
21 42 45 100 36 12 53 21 42 45 100 20 45 100 36 12 53
21 42 20 42 45 100 36 12 53 21 42 45 100 36 12 53
21 42 45 20 42 45 100 36 12 53 21 42 45 100 36 12 53
21 42 45 20 45 100 36 12 53 21 42 45 100 36 12 53
21 42 45 100 20 45 100 36 12 53 21 42 45 100 36 12 53

20 11 69 65 90 23 83 20 11 69 65 90 23 83
20 11 69 65 90 23 83 20 11 10 11 69 65 90 23 83
20 11 69 65 90 23 83 20 11 69 10 11 69 65 90 23 83
20 11 69 65 90 23 83 20 11 69 10 69 65 90 23 83
20 11 69 65 90 23 83 20 11 69 65 10 69 65 90 23 83
20 11 10 11 69 65 90 23 83 20 11 69 65 90 23 83
20 11 69 10 11 69 65 90 23 83 20 11 69 65 90 23 83
20 11 69 10 69 65 90 23 83 20 11 69 65 90 23 83
20 11 69 65 10 69 65 90 23 83 20 11 69 65 90 23 83

48 32 35 79 53 41 99 48 32 35 79 53 41 99
48 32 35 79 53 41 99 48 32 9 32 35 79 53 41 99
48 32 35 79 53 41 99 48 32 35 9 32 35 79 53 41 99
48 32 35 79 53 41 99 48 32 35 9 35 79 53 41 99
48 32 35 79 53 41 99 48 32 35 79 9 35 79 53 41 99
48 32 9 32 35 79 53 41 99 48 32 35 79 53 41 99
48 32 35 9 32 35 79 53 41 99 48 32 35 79 53 41 99
48 32 35 9 35 79 53 41 99 48 32 35 79 53 41 99
48 32 35 79 9 35 79 53 41 99 48 32 35 79 53 41 99

67 79 92 49 54 61 78 67 79 92 49 54 61 78
67 79 92 49 54 61 78 67 79 7 79 92 49 54 61 78
67 79 92 49 54 61 78 67 79 92 7 79 92 49 54 61 78
67 79 92 49 54 61 78 67 79 92 7 92 49 54 61 78
67 79 92 49 54 61 78 67 79 92 49 7 92 49 54 61 78
67 79 7 79 92 49 54 61 78 67 79 92 49 54 61 78
67 79 92 7 79 92 49 54 61 78 67 79 92 49 54 61 78
67 79 92 7 92 49 54 61 78 67 79 92 49 54 61 78
67 79 92 49 7 92 49 54 61 78 67 79 92 49 54 61 78

7 64 58 15 62 15 57 7 64 58 15 62 15 57
7 64 58 15 62 15 57 7 64 20 64 58 15 62 15 57
7 64 58 15 62 15 57 7 64 58 20 64 58 15 62 15 57
7 64 58 15 62 15 57 7 64 58 20 58 15 62 15 57
7 64 58 15 62 15 57 7 64 58 15 20 58 15 62 15 57
7 64 20 64 58 15 62 15 57 7 64 58 15 62 15 57
7 64 58 20 64 58 15 62 15 57 7 64 58 15 62 15 57
7 64 58 20 58 15 62 15 57 7 64 58 15 62 15 57
7 64 58 15 20 58 15 62 15 57 7 64 58 15 62 15 57

47 35 70 92 81 53 9 47 35 70 92 81 53 9
47 35 70 92 81 53 9 47 35 10 35 70 92 81 53 9
47 35 70 92 81 53 9 47 35 70 10 35 70 92 81 53 9
47 35 70 92 81 53 9 47 35 70 10 70 92 81 53 9
47 35 70 92 81 53 9 47 35 70 92 10 70 92 81 53 9
47 35 10 35 70 92 81 53 9 47 35 70 92 81 53 9
47 35 70 10 35 70 92 81 53 9 47 35 70 92 81 53 9
47 35 70 10 70 92 81 53 9 47 35 70 92 81 53 9
47 35 70 92 10 70 92 81 53 9 47 35 70 92 81 53 9

79 54 73 38 65 90 30 79 54 73 38 65 90 30
79 54 73 38 65 90 30 79 54 5 54 73 38 65 90 30
79 54 73 38 65 90 30 79 54 73 5 54 73 38 65 90 30
79 54 73 38 65 90 30 79 54 73 5 73 38 65 90 30
79 54 73 38 65 90 30 79 54 73 38 5 73 38 65 90 30
79 54 5 54 73 38 65 90 30 79 54 73 38 65 90 30
79 54 73 5 54 73 38 65 90 30 79 54 73 38 65 90 30
79 54 73 5 73 38 65 90 30 79 54 73 38 65 90 30
79 54 73 38 5 73 38 65 90 30 79 54 73 38 65 90 30

10 40 37 67 5 59 18 10 40 37 67 5 59 18
10 40 37 67 5 59 18 10 40 16 40 37 67 5 59 18
10 40 37 67 5 59 18 10 40 37 16 40 37 67 5 59 18
10 40 37 67 5 59 18 10 40 37 16 37 67 5 59 18
10 40 37 67 5 59 18 10 40 37 67 16 37 67 5 59 18
10 40 16 40 37 67 5 59 18 10 40 37 67 5 59 18
10 40 37 16 40 37 67 5 59 18 10 40 37 67 5 59 18
10 40 37 16 37 67 5 59 18 10 40 37 67 5 59 18
10 40 37 67 16 37 67 5 59 18 10 40 37 67 5 59 18

92 48 27 84 45 19 83 92 48 27 84 45 19 83
92 48 27 84 45 19 83 92 48 9 48 27 84 45 19 83
92 48 27 84 45 19 83 92 48 27 9 48 27 84 45 19 83
92 48 27 84 45 19 83 92 48 27 9 27 84 45 19 83
92 48 27 84 45 19 83 92 48 27 84 9 27 84 45 19 83
92 48 9 48 27 84 45 19 83 92 48 27 84 45 19 83
92 48 27 9 48 27 84 45 19 83 92 48 27 84 45 19 83
92 48 27 9 27 84 45 19 83 92 48 27 84 45 19 83
92 48 27 84 9 27 84 45 19 83 92 48 27 84 45 19 83

87 7 10 91 50 67 87 87 7 10 91 50 67 87
87 7 10 91 50 67 87 87 7 19 7 10 91 50 67 87
87 7 10 91 50 67 87 87 7 10 19 7 10 91 50 67 87
87 7 10 91 50 67 87 87 7 10 19 10 91 50 67 87
87 7 10 91 50 67 87 87 7 10 91 19 10 91 50 67 87
87 7 19 7 10 91 50 67 87 87 7 10 91 50 67 87
87 7 10 19 7 10 91 50 67 87 87 7 10 91 50 67 87
87 7 10 19 10 91 50 67 87 87 7 10 91 50 67 87
87 7 10 91 19 10 91 50 67 87 87 7 10 91 50 67 87

69 88 82 9 13 43 88 69 88 82 9 13 43 88
69 88 82 9 13 43 88 69 88 10 88 82 9 13 43 88
69 88 82 9 13 43 88 69 88 82 10 88 82 9 13 43 88
69 88 82 9 13 43 88 69 88 82 10 82 9 13 43 88
69 88 82 9 13 43 88 69 88 82 9 10 82 9 13 43 88
69 88 10 88 82 9 13 43 88 69 88 82 9 13 43 88
69 88 82 10 88 82 9 13 43 88 69 88 82 9 13 43 88
69 88 82 10 82 9 13 43 88 69 88 82 9 13 43 88
69 88 82 9 10 82 9 13 43 88 69 88 82 9 13 43 88

88 27 85 9 96 20 82 88 27 85 9 96 20 82
88 27 85 9 96 20 82 88 27 19 27 85 9 96 20 82
88 27 85 9 96 20 82 88 27 85 19 27 85 9 96 20 82
88 27 85 9 96 20 82 88 27 85 19 85 9 96 20 82
88 27 85 9 96 20 82 88 27 85 9 19 85 9 96 20 82
88 27 19 27 85 9 96 20 82 88 27 85 9 96 20 82
88 27 85 19 27 85 9 96 20 82 88 27 85 9 96 20 82
88 27 85 19 85 9 96 20 82 88 27 85 9 96 20 82
88 27 85 9 19 85 9 96 20 82 88 27 85 9 96 20 82

72 16 98 82 68 82 50 72 16 98 82 68 82 50
72 16 98 82 68 82 50 72 16 9 16 98 82 68 82 50
72 16 98 82 68 82 50 72 16 98 9 16 98 82 68 82 50
72 16 98 82 68 82 50 72 16 98 9 98 82 68 82 50
72 16 98 82 68 82 50 72 16 98 82 9 98 82 68 82 50
72 16 9 16 98 82 68 82 50 72 16 98 82 68 82 50
72 16 98 9 16 98 82 68 82 50 72 16 98 82 68 82 50
72 16 98 9 98 82 68 82 50 72 16 98 82 68 82 50
72 16 98 82 9 98 82 68 82 50 72 16 98 82 68 82 50

47 5 48 13 68 93 50 47 5 48 13 68 93 50
47 5 48 13 68 93 50 47 5 20 5 48 13 68 93 50
47 5 48 13 68 93 50 47 5 48 20 5 48 13 68 93 50
47 5 48 13 68 93 50 47 5 48 20 48 13 68 93 50
47 5 48 13 68 93 50 47 5 48 13 20 48 13 68 93 50
47 5 20 5 48 13 68 93 50 47 5 48 13 68 93 50
47 5 48 20 5 48 13 68 93 50 47 5 48 13 68 93 50
47 5 48 20 48 13 68 93 50 47 5 48 13 68 93 50
47 5 48 13 20 48 13 68 93 50 47 5 48 13 68 93 50

41 44 51 66 50 60 83 41 44 51 66 50 60 83
41 44 51 66 50 60 83 41 44 18 44 51 66 50 60 83
41 44 51 66 50 60 83 41 44 51 18 44 51 66 50 60 83
41 44 51 66 50 60 83 41 44 51 18 51 66 50 60 83
41 44 51 66 50 60 83 41 44 51 66 18 51 66 50 60 83
41 44 18 44 51 66 50 60 83 41 44 51 66 50 60 83
41 44 51 18 44 51 66 50 60 83 41 44 51 66 50 60 83
41 44 51 18 51 66 50 60 83 41 44 51 66 50 60 83
41 44 51 66 18 51 66 50 60 83 41 44 51 66 50 60 83

24 35 86 24 97 90 82 24 35 86 24 97 90 82
24 35 86 24 97 90 82 24 35 15 35 86 24 97 90 82
24 35 86 24 97 90 82 24 35 86 15 35 86 24 97 90 82
24 35 86 24 97 90 82 24 35 86 15 86 24 97 90 82
24 35 86 24 97 90 82 24 35 86 24 15 86 24 97 90 82
24 35 15 35 86 24 97 90 82 24 35 86 24 97 90 82
24 35 86 15 35 86 24 97 90 82 24 35 86 24 97 90 82
24 35 86 15 86 24 97 90 82 24 35 86 24 97 90 82
24 35 86 24 15 86 24 97 90 82 24 35 86 24 97 90 82

45 66 23 63 23 77 93 45 66 23 63 23 77 93
45 66 23 63 23 77 93 45 66 6 66 23 63 23 77 93
45 66 23 63 23 77 93 45 66 23 6 66 23 63 23 77 93
45 66 23 63 23 77 93 45 66 23 6 23 63 23 77 93
45 66 23 63 23 77 93 45 66 23 63 6 23 63 23 77 93
45 66 6 66 23 63 23 77 93 45 66 23 63 23 77 93
45 66 23 6 66 23 63 23 77 93 45 66 23 63 23 77 93
45 66 23 6 23 63 23 77 93 45 66 23 63 23 77 93
45 66 23 63 6 23 63 23 77 93 45 66 23 63 23 77 93

68 22 74 75 7 10 92 68 22 74 75 7 10 92
68 22 74 75 7 10 92 68 22 11 22 74 75 7 10 92
68 22 74 75 7 10 92 68 22 74 11 22 74 75 7 10 92
68 22 74 75 7 10 92 68 22 74 11 74 75 7 10 92
68 22 74 75 7 10 92 68 22 74 75 11 74 75 7 10 92
68 22 11 22 74 75 7 10 92 68 22 74 75 7 10 92
68 22 74 11 22 74 75 7 10 92 68 22 74 75 7 10 92
68 22 74 11 74 75 7 10 92 68 22 74 75 7 10 92
68 22 74 75 11 74 75 7 10 92 68 22 74 75 7 10 92

51 7 32 69 30 61 90 51 7 32 69 30 61 90
51 7 32 69 30 61 90 51 7 13 7 32 69 30 61 90
51 7 32 69 30 61 90 51 7 32 13 7 32 69 30 61 90
51 7 32 69 30 61 90 51 7 32 13 32 69 30 61 90
51 7 32 69 30 61 90 51 7 32 69 13 32 69 30 61 90
51 7 13 7 32 69 30 61 90 51 7 32 69 30 61 90
51 7 32 13 7 32 69 30 61 90 51 7 32 69 30 61 90
51 7 32 13 32 69 30 61 90 51 7 32 69 30 61 90
51 7 32 69 13 32 69 30 61 90 51 7 32 69 30 61 90

64 11 84 47 21 85 56 64 11 84 47 21 85 56
64 11 84 47 21 85 56 64 11 16 11 84 47 21 85 56
64 11 84 47 21 85 56 64 11 84 16 11 84 47 21 85 56
64 11 84 47 21 85 56 64 11 84 16 84 47 21 85 56
64 11 84 47 21 85 56 64 11 84 47 16 84 47 21 85 56
64 11 16 11 84 47 21 85 56 64 11 84 47 21 85 56
64 11 84 16 11 84 47 21 85 56 64 11 84 47 21 85 56
64 11 84 16 84 47 21 85 56 64 11 84 47 21 85 56
64 11 84 47 16 84 47 21 85 56 64 11 84 47 21 85 56

19 78 37 65 50 9 54 19 78 37 65 50 9 54
19 78 37 65 50 9 54 19 78 16 78 37 65 50 9 54
19 78 37 65 50 9 54 19 78 37 16 78 37 65 50 9 54
19 78 37 65 50 9 54 19 78 37 16 37 65 50 9 54
19 78 37 65 50 9 54 19 78 37 65 16 37 65 50 9 54
19 78 16 78 37 65 50 9 54 19 78 37 65 50 9 54
19 78 37 16 78 37 65 50 9 54 19 78 37 65 50 9 54
19 78 37 16 37 65 50 9 54 19 78 37 65 50 9 54
19 78 37 65 16 37 65 50 9 54 19 78 37 65 50 9 54

81 97 74 45 77 66 5 81 97 74 45 77 66 5
81 97 74 45 77 66 5 81 97 12 97 74 45 77 66 5
81 97 74 45 77 66 5 81 97 74 12 97 74 45 77 66 5
81 97 74 45 77 66 5 81 97 74 12 74 45 77 66 5
81 97 74 45 77 66 5 81 97 74 45 12 74 45 77 66 5
81 97 12 97 74 45 77 66 5 81 97 74 45 77 66 5
81 97 74 12 97 74 45 77 66 5 81 97 74 45 77 66 5
81 97 74 12 74 45 77 66 5 81 97 74 45 77 66 5
81 97 74 45 12 74 45 77 66 5 81 97 74 45 77 66 5

43 16 97 92 91 11 93 43 16 97 92 91 11 93
43 16 97 92 91 11 93 43 16 12 16 97 92 91 11 93
43 16 97 92 91 11 93 43 16 97 12 16 97 92 91 11 93
43 16 97 92 91 11 93 43 16 97 12 97 92 91 11 93
43 16 97 92 91 11 93 43 16 97 92 12 97 92 91 11 93
43 16 12 16 97 92 91 11 93 43 16 97 92 91 11 93
43 16 97 12 16 97 92 91 11 93 43 16 97 92 91 11 93
43 16 97 12 97 92 91 11 93 43 16 97 92 91 11 93
43 16 97 92 12 97 92 91 11 93 43 16 97 92 91 11 93

43 43 87 76 70 23 86 43 43 87 76 70 23 86
43 43 87 76 70 23 86 43 43 11 43 87 76 70 23 86
43 43 87 76 70 23 86 43 43 87 11 43 87 76 70 23 86
43 43 87 76 70 23 86 43 43 87 11 87 76 70 23 86
43 43 87 76 70 23 86 43 43 87 76 11 87 76 70 23 86
43 43 11 43 87 76 70 23 86 43 43 87 76 70 23 86
43 43 87 11 43 87 76 70 23 86 43 43 87 76 70 23 86
43 43 87 11 87 76 70 23 86 43 43 87 76 70 23 86
43 43 87 76 11 87 76 70 23 86 43 43 87 76 70 23 86

12 67 9 96 37 28 92 12 67 9 96 37 28 92
12 67 9 96 37 28 92 12 67 10 67 9 96 37 28 92
12 67 9 96 37 28 92 12 67 9 10 67 9 96 37 28 92
12 67 9 96 37 28 92 12 67 9 10 9 96 37 28 92
12 67 9 96 37 28 92 12 67 9 96 10 9 96 37 28 92
12 67 10 67 9 96 37 28 92 12 67 9 96 37 28 92
12 67 9 10 67 9 96 37 28 92 12 67 9 96 37 28 92
12 67 9 10 9 96 37 28 92 12 67 9 96 37 28 92
12 67 9 96 10 9 96 37 28 92 12 67 9 96 37 28 92

54 53 99 25 13 89 52 54 53 99 25 13 89 52
54 53 99 25 13 89 52 54 53 5 53 99 25 13 89 52
54 53 99 25 13 89 52 54 53 99 5 53 99 25 13 89 52
54 53 99 25 13 89 52 54 53 99 5 99 25 13 89 52
54 53 99 25 13 89 52 54 53 99 25 5 99 25 13 89 52
54 53 5 53 99 25 13 89 52 54 53 99 25 13 89 52
54 53 99 5 53 99 25 13 89 52 54 53 99 25 13 89 52
54 53 99 5 99 25 13 89 52 54 53 99 25 13 89 52
54 53 99 25 5 99 25 13 89 52 54 53 99 25 13 89 52

62 51 92 83 86 19 48 62 51 92 83 86 19 48
62 51 92 83 86 19 48 62 51 11 51 92 83 86 19 48
62 51 92 83 86 19 48 62 51 92 11 51 92 83 86 19 48
62 51 92 83 86 19 48 62 51 92 11 92 83 86 19 48
62 51 92 83 86 19 48 62 51 92 83 11 92 83 86 19 48
62 51 11 51 92 83 86 19 48 62 51 92 83 86 19 48
62 51 92 11 51 92 83 86 19 48 62 51 92 83 86 19 48
62 51 92 11 92 83 86 19 48 62 51 92 83 86 19 48
62 51 92 83 11 92 83 86 19 48 62 51 92 83 86 19 48

19 24 71 99 13 49 75 19 24 71 99 13 49 75
19 24 71 99 13 49 75 19 24 5 24 71 99 13 49 75
19 24 71 99 13 49 75 19 24 71 5 24 71 99 13 49 75
19 24 71 99 13 49 75 19 24 71 5 71 99 13 49 75
19 24 71 99 13 49 75 19 24 71 99 5 71 99 13 49 75
19 24 5 24 71 99 13 49 75 19 24 71 99 13 49 75
19 24 71 5 24 71 99 13 49 75 19 24 71 99 13 49 75
19 24 71 5 71 99 13 49 75 19 24 71 99 13 49 75
19 24 71 99 5 71 99 13 49 75 19 24 71 99 13 49 75

83 54 53 61 59 16 8 83 54 53 61 59 16 8
83 54 53 61 59 16 8 83 54 12 54 53 61 59 16 8
83 54 53 61 59 16 8 83 54 53 12 54 53 61 59 16 8
83 54 53 61 59 16 8 83 54 53 12 53 61 59 16 8
83 54 53 61 59 16 8 83 54 53 61 12 53 61 59 16 8
83 54 12 54 53 61 59 16 8 83 54 53 61 59 16 8
83 54 53 12 54 53 61 59 16 8 83 54 53 61 59 16 8
83 54 53 12 53 61 59 16 8 83 54 53 61 59 16 8
83 54 53 61 12 53 61 59 16 8 83 54 53 61 59 16 8

16 13 71 99 38 36 36 16 13 71 99 38 36 36
16 13 71 99 38 36 36 16 13 6 13 71 99 38 36 36
16 13 71 99 38 36 36 16 13 71 6 13 71 99 38 36 36
16 13 71 99 38 36 36 16 13 71 6 71 99 38 36 36
16 13 71 99 38 36 36 16 13 71 99 6 71 99 38 36 36
16 13 6 13 71 99 38 36 36 16 13 71 99 38 36 36
16 13 71 6 13 71 99 38 36 36 16 13 71 99 38 36 36
16 13 71 6 71 99 38 36 36 16 13 71 99 38 36 36
16 13 71 99 6 71 99 38 36 36 16 13 71 99 38 36 36

73 38 69 16 80 34 82 73 38 69 16 80 34 82
73 38 69 16 80 34 82 73 38 7 38 69 16 80 34 82
73 38 69 16 80 34 82 73 38 69 7 38 69 16 80 34 82
73 38 69 16 80 34 82 73 38 69 7 69 16 80 34 82
73 38 69 16 80 34 82 73 38 69 16 7 69 16 80 34 82
73 38 7 38 69 16 80 34 82 73 38 69 16 80 34 82
73 38 69 7 38 69 16 80 34 82 73 38 69 16 80 34 82
73 38 69 7 69 16 80 34 82 73 38 69 16 80 34 82
73 38 69 16 7 69 16 80 34 82 73 38 69 16 80 34 82

84 73 89 25 16 86 49 84 73 89 25 16 86 49
84 73 89 25 16 86 49 84 73 6 73 89 25 16 86 49
84 73 89 25 16 86 49 84 73 89 6 73 89 25 16 86 49
84 73 89 25 16 86 49 84 73 89 6 89 25 16 86 49
84 73 89 25 16 86 49 84 73 89 25 6 89 25 16 86 49
84 73 6 73 89 25 16 86 49 84 73 89 25 16 86 49
84 73 89 6 73 89 25 16 86 49 84 73 89 25 16 86 49
84 73 89 6 89 25 16 86 49 84 73 89 25 16 86 49
84 73 89 25 6 89 25 16 86 49 84 73 89 25 16 86 49

87 47 58 60 68 22 26 87 47 58 60 68 22 26
87 47 58 60 68 22 26 87 47 13 47 58 60 68 22 26
87 47 58 60 68 22 26 87 47 58 13 47 58 60 68 22 26
87 47 58 60 68 22 26 87 47 58 13 58 60 68 22 26
87 47 58 60 68 22 26 87 47 58 60 13 58 60 68 22 26
87 47 13 47 58 60 68 22 26 87 47 58 60 68 22 26
87 47 58 13 47 58 60 68 22 26 87 47 58 60 68 22 26
87 47 58 13 58 60 68 22 26 87 47 58 60 68 22 26
87 47 58 60 13 58 60 68 22 26 87 47 58 60 68 22 26

11 58 35 13 96 48 93 11 58 35 13 96 48 93
11 58 35 13 96 48 93 11 58 16 58 35 13 96 48 93
11 58 35 13 96 48 93 11 58 35 16 58 35 13 96 48 93
11 58 35 13 96 48 93 11 58 35 16 35 13 96 48 93
11 58 35 13 96 48 93 11 58 35 13 16 35 13 96 48 93
11 58 16 58 35 13 96 48 93 11 58 35 13 96 48 93
11 58 35 16 58 35 13 96 48 93 11 58 35 13 96 48 93
11 58 35 16 35 13 96 48 93 11 58 35 13 96 48 93
11 58 35 13 16 35 13 96 48 93 11 58 35 13 96 48 93

45 69 79 6 22 50 100 45 69 79 6 22 50 100
45 69 79 6 22 50 100 45 69 17 69 79 6 22 50 100
45 69 79 6 22 50 100 45 69 79 17 69 79 6 22 50 100
45 69 79 6 22 50 100 45 69 79 17 79 6 22 50 100
45 69 79 6 22 50 100 45 69 79 6 17 79 6 22 50 100
45 69 17 69 79 6 22 50 100 45 69 79 6 22 50 100
45 69 79 17 69 79 6 22 50 100 45 69 79 6 22 50 100
45 69 79 17 79 6 22 50 100 45 69 79 6 22 50 100
45 69 79 6 17 79 6 22 50 100 45 69 79 6 22 50 100

84 36 48 13 50 35 75 84 36 48 13 50 35 75
84 36 48 13 50 35 75 84 36 9 36 48 13 50 35 75
84 36 48 13 50 35 75 84 36 48 9 36 48 13 50 35 75
84 36 48 13 50 35 75 84 36 48 9 48 13 50 35 75
84 36 48 13 50 35 75 84 36 48 13 9 48 13 50 35 75
84 36 9 36 48 13 50 35 75 84 36 48 13 50 35 75
84 36 48 9 36 48 13 50 35 75 84 36 48 13 50 35 75
84 36 48 9 48 13 50 35 75 84 36 48 13 50 35 75
84 36 48 13 9 48 13 50 35 75 84 36 48 13 50 35 75

79 17 14 61 83 7 9 79 17 14 61 83 7 9
79 17 14 61 83 7 9 79 17 5 17 14 61 83 7 9
79 17 14 61 83 7 9 79 17 14 5 17 14 61 83 7 9
79 17 14 61 83 7 9 79 17 14 5 14 61 83 7 9
79 17 14 61 83 7 9 79 17 14 61 5 14 61 83 7 9
79 17 5 17 14 61 83 7 9 79 17 14 61 83 7 9
79 17 14 5 17 14 61 83 7 9 79 17 14 61 83 7 9
79 17 14 5 14 61 83 7 9 79 17 14 61 83 7 9
79 17 14 61 5 14 61 83 7 9 79 17 14 61 83 7 9

71 50 88 7 39 43 64 71 50 88 7 39 43 64
71 50 88 7 39 43 64 71 50 7 50 88 7 39 43 64
71 50 88 7 39 43 64 71 50 88 7 50 88 7 39 43 64
71 50 88 7 39 43 64 71 50 88 7 88 7 39 43 64
71 50 88 7 39 43 64 71 50 88 7 7 88 7 39 43 64
71 50 7 50 88 7 39 43 64 71 50 88 7 39 43 64
71 50 88 7 50 88 7 39 43 64 71 50 88 7 39 43 64
71 50 88 7 88 7 39 43 64 71 50 88 7 39 43 64
71 50 88 7 7 88 7 39 43 64 71 50 88 7 39 43 64

41 15 64 47 23 96 43 41 15 64 47 23 96 43
41 15 64 47 23 96 43 41 15 12 15 64 47 23 96 43
41 15 64 47 23 96 43 41 15 64 12 15 64 47 23 96 43
41 15 64 47 23 96 43 41 15 64 12 64 47 23 96 43
41 15 64 47 23 96 43 41 15 64 47 12 64 47 23 96 43
41 15 12 15 64 47 23 96 43 41 15 64 47 23 96 43
41 15 64 12 15 64 47 23 96 43 41 15 64 47 23 96 43
41 15 64 12 64 47 23 96 43 41 15 64 47 23 96 43
41 15 64 47 12 64 47 23 96 43 41 15 64 47 23 96 43

23 26 25 28 15 7 89 23 26 25 28 15 7 89
23 26 25 28 15 7 89 23 26 15 26 25 28 15 7 89
23 26 25 28 15 7 89 23 26 25 15 26 25 28 15 7 89
23 26 25 28 15 7 89 23 26 25 15 25 28 15 7 89
23 26 25 28 15 7 89 23 26 25 28 15 25 28 15 7 89
23 26 15 26 25 28 15 7 89 23 26 25 28 15 7 89
23 26 25 15 26 25 28 15 7 89 23 26 25 28 15 7 89
23 26 25 15 25 28 15 7 89 23 26 25 28 15 7 89
23 26 25 28 15 25 28 15 7 89 23 26 25 28 15 7 89

13 8 94 27 43 37 13 13 8 94 27 43 37 13
13 8 94 27 43 37 13 13 8 19 8 94 27 43 37 13
13 8 94 27 43 37 13 13 8 94 19 8 94 27 43 37 13
13 8 94 27 43 37 13 13 8 94 19 94 27 43 37 13
13 8 94 27 43 37 13 13 8 94 27 19 94 27 43 37 13
13 8 19 8 94 27 43 37 13 13 8 94 27 43 37 13
13 8 94 19 8 94 27 43 37 13 13 8 94 27 43 37 13
13 8 94 19 94 27 43 37 13 13 8 94 27 43 37 13
13 8 94 27 19 94 27 43 37 13 13 8 94 27 43 37 13

86 93 78 98 46 70 52 86 93 78 98 46 70 52
86 93 78 98 46 70 52 86 93 20 93 78 98 46 70 52
86 93 78 98 46 70 52 86 93 78 20 93 78 98 46 70 52
86 93 78 98 46 70 52 86 93 78 20 78 98 46 70 52
86 93 78 98 46 70 52 86 93 78 98 20 78 98 46 70 52
86 93 20 93 78 98 46 70 52 86 93 78 98 46 70 52
86 93 78 20 93 78 98 46 70 52 86 93 78 98 46 70 52
86 93 78 20 78 98 46 70 52 86 93 78 98 46 70 52
86 93 78 98 20 78 98 46 70 52 86 93 78 98 46 70 52

93 14 45 26 55 86 92 93 14 45 26 55 86 92
93 14 45 26 55 86 92 93 14 8 14 45 26 55 86 92
93 14 45 26 55 86 92 93 14 45 8 14 45 26 55 86 92
93 14 45 26 55 86 92 93 14 45 8 45 26 55 86 92
93 14 45 26 55 86 92 93 14 45 26 8 45 26 55 86 92
93 14 8 14 45 26 55 86 92 93 14 45 26 55 86 92
93 14 45 8 14 45 26 55 86 92 93 14 45 26 55 86 92
93 14 45 8 45 26 55 86 92 93 14 45 26 55 86 92
93 14 45 26 8 45 26 55 86 92 93 14 45 26 55 86 92

23 16 91 30 14 89 25 23 16 91 30 14 89 25
23 16 91 30 14 89 25 23 16 13 16 91 30 14 89 25
23 16 91 30 14 89 25 23 16 91 13 16 91 30 14 89 25
23 16 91 30 14 89 25 23 16 91 13 91 30 14 89 25
23 16 91 30 14 89 25 23 16 91 30 13 91 30 14 89 25
23 16 13 16 91 30 14 89 25 23 16 91 30 14 89 25
23 16 91 13 16 91 30 14 89 25 23 16 91 30 14 89 25
23 16 91 13 91 30 14 89 25 23 16 91 30 14 89 25
23 16 91 30 13 91 30 14 89 25 23 16 91 30 14 89 25

22 47 97 21 81 72 54 22 47 97 21 81 72 54
22 47 97 21 81 72 54 22 47 9 47 97 21 81 72 54
22 47 97 21 81 72 54 22 47 97 9 47 97 21 81 72 54
22 47 97 21 81 72 54 22 47 97 9 97 21 81 72 54
22 47 97 21 81 72 54 22 47 97 21 9 97 21 81 72 54
22 47 9 47 97 21 81 72 54 22 47 97 21 81 72 54
22 47 97 9 47 97 21 81 72 54 22 47 97 21 81 72 54
22 47 97 9 97 21 81 72 54 22 47 97 21 81 72 54
22 47 97 21 9 97 21 81 72 54 22 47 97 21 81 72 54

63 51 58 10 64 46 83 63 51 58 10 64 46 83
63 51 58 10 64 46 83 63 51 9 51 58 10 64 46 83
63 51 58 10 64 46 83 63 51 58 9 51 58 10 64 46 83
63 51 58 10 64 46 83 63 51 58 9 58 10 64 46 83
63 51 58 10 64 46 83 63 51 58 10 9 58 10 64 46 83
63 51 9 51 58 10 64 46 83 63 51 58 10 64 46 83
63 51 58 9 51 58 10 64 46 83 63 51 58 10 64 46 83
63 51 58 9 58 10 64 46 83 63 51 58 10 64 46 83
63 51 58 10 9 58 10 64 46 83 63 51 58 10 64 46 83

97 28 19 81 76 32 85 97 28 19 81 76 32 85
97 28 19 81 76 32 85 97 28 12 28 19 81 76 32 85
97 28 19 81 76 32 85 97 28 19 12 28 19 81 76 32 85
97 28 19 81 76 32 85 97 28 19 12 19 81 76 32 85
97 28 19 81 76 32 85 97 28 19 81 12 19 81 76 32 85
97 28 12 28 19 81 76 32 85 97 28 19 81 76 32 85
97 28 19 12 28 19 81 76 32 85 97 28 19 81 76 32 85
97 28 19 12 19 81 76 32 85 97 28 19 81 76 32 85
97 28 19 81 12 19 81 76 32 85 97 28 19 81 76 32 85

94 60 67 86 8 40 44 94 60 67 86 8 40 44
94 60 67 86 8 40 44 94 60 20 60 67 86 8 40 44
94 60 67 86 8 40 44 94 60 67 20 60 67 86 8 40 44
94 60 67 86 8 40 44 94 60 67 20 67 86 8 40 44
94 60 67 86 8 40 44 94 60 67 86 20 67 86 8 40 44
94 60 20 60 67 86 8 40 44 94 60 67 86 8 40 44
94 60 67 20 60 67 86 8 40 44 94 60 67 86 8 40 44
94 60 67 20 67 86 8 40 44 94 60 67 86 8 40 44
94 60 67 86 20 67 86 8 40 44 94 60 67 86 8 40 44

99 80 34 50 65 90 93 99 80 34 50 65 90 93
99 80 34 50 65 90 93 99 80 15 80 34 50 65 90 93
99 80 34 50 65 90 93 99 80 34 15 80 34 50 65 90 93
99 80 34 50 65 90 93 99 80 34 15 34 50 65 90 93
99 80 34 50 65 90 93 99 80 34 50 15 34 50 65 90 93
99 80 15 80 34 50 65 90 93 99 80 34 50 65 90 93
99 80 34 15 80 34 50 65 90 93 99 80 34 50 65 90 93
99 80 34 15 34 50 65 90 93 99 80 34 50 65 90 93
99 80 34 50 15 34 50 65 90 93 99 80 34 50 65 90 93

79 7 28 31 44 35 8 79 7 28 31 44 35 8
79 7 28 31 44 35 8 79 7 17 7 28 31 44 35 8
79 7 28 31 44 35 8 79 7 28 17 7 28 31 44 35 8
79 7 28 31 44 35 8 79 7 28 17 28 31 44 35 8
79 7 28 31 44 35 8 79 7 28 31 17 28 31 44 35 8
79 7 17 7 28 31 44 35 8 79 7 28 31 44 35 8
79 7 28 17 7 28 31 44 35 8 79 7 28 31 44 35 8
79 7 28 17 28 31 44 35 8 79 7 28 31 44 35 8
79 7 28 31 17 28 31 44 35 8 79 7 28 31 44 35 8

8 88 97 40 45 36 78 8 88 97 40 45 36 78
8 88 97 40 45 36 78 8 88 15 88 97 40 45 36 78
8 88 97 40 45 36 78 8 88 97 15 88 97 40 45 36 78
8 88 97 40 45 36 78 8 88 97 15 97 40 45 36 78
8 88 97 40 45 36 78 8 88 97 40 15 97 40 45 36 78
8 88 15 88 97 40 45 36 78 8 88 97 40 45 36 78
8 88 97 15 88 97 40 45 36 78 8 88 97 40 45 36 78
8 88 97 15 97 40 45 36 78 8 88 97 40 45 36 78
8 88 97 40 15 97 40 45 36 78 8 88 97 40 45 36 78

88 91 100 70 68 60 100 88 91 100 70 68 60 100
88 91 100 70 68 60 100 88 91 16 91 100 70 68 60 100
88 91 100 70 68 60 100 88 91 100 16 91 100 70 68 60 100
88 91 100 70 68 60 100 88 91 100 16 100 70 68 60 100
88 91 100 70 68 60 100 88 91 100 70 16 100 70 68 60 100
88 91 16 91 100 70 68 60 100 88 91 100 70 68 60 100
88 91 100 16 91 100 70 68 60 100 88 91 100 70 68 60 100
88 91 100 16 100 70 68 60 100 88 91 100 70 68 60 100
88 91 100 70 16 100 70 68 60 100 88 91 100 70 68 60 100

20 67 86 78 29 12 15 20 67 86 78 29 12 15
20 67 86 78 29 12 15 20 67 12 67 86 78 29 12 15
20 67 86 78 29 12 15 20 67 86 12 67 86 78 29 12 15
20 67 86 78 29 12 15 20 67 86 12 86 78 29 12 15
20 67 86 78 29 12 15 20 67 86 78 12 86 78 29 12 15
20 67 12 67 86 78 29 12 15 20 67 86 78 29 12 15
20 67 86 12 67 86 78 29 12 15 20 67 86 78 29 12 15
20 67 86 12 86 78 29 12 15 20 67 86 78 29 12 15
20 67 86 78 12 86 78 29 12 15 20 67 86 78 29 12 15

94 57 46 67 36 42 56 94 57 46 67 36 42 56
94 57 46 67 36 42 56 94 57 5 57 46 67 36 42 56
94 57 46 67 36 42 56 94 57 46 5 57 46 67 36 42 56
94 57 46 67 36 42 56 94 57 46 5 46 67 36 42 56
94 57 46 67 36 42 56 94 57 46 67 5 46 67 36 42 56
94 57 5 57 46 67 36 42 56 94 57 46 67 36 42 56
94 57 46 5 57 46 67 36 42 56 94 57 46 67 36 42 56
94 57 46 5 46 67 36 42 56 94 57 46 67 36 42 56
94 57 46 67 5 46 67 36 42 56 94 57 46 67 36 42 56

33 7 67 9 88 77 91 33 7 67 9 88 77 91
33 7 67 9 88 77 91 33 7 16 7 67 9 88 77 91
33 7 67 9 88 77 91 33 7 67 16 7 67 9 88 77 91
33 7 67 9 88 77 91 33 7 67 16 67 9 88 77 91
33 7 67 9 88 77 91 33 7 67 9 16 67 9 88 77 91
33 7 16 7 67 9 88 77 91 33 7 67 9 88 77 91
33 7 67 16 7 67 9 88 77 91 33 7 67 9 88 77 91
33 7 67 16 67 9 88 77 91 33 7 67 9 88 77 91
33 7 67 9 16 67 9 88 77 91 33 7 67 9 88 77 91

79 62 73 33 72 31 51 79 62 73 33 72 31 51
79 62 73 33 72 31 51 79 62 9 62 73 33 72 31 51
79 62 73 33 72 31 51 79 62 73 9 62 73 33 72 31 51
79 62 73 33 72 31 51 79 62 73 9 73 33 72 31 51
79 62 73 33 72 31 51 79 62 73 33 9 73 33 72 31 51
79 62 9 62 73 33 72 31 51 79 62 73 33 72 31 51
79 62 73 9 62 73 33 72 31 51 79 62 73 33 72 31 51
79 62 73 9 73 33 72 31 51 79 62 73 33 72 31 51
79 62 73 33 9 73 33 72 31 51 79 62 73 33 72 31 51

60 15 19 72 23 98 11 60 15 19 72 23 98 11
60 15 19 72 23 98 11 60 15 19 15 19 72 23 98 11
60 15 19 72 23 98 11 60 15 19 19 15 19 72 23 98 11
60 15 19 72 23 98 11 60 15 19 19 19 72 23 98 11
60 15 19 72 23 98 11 60 15 19 72 19 19 72 23 98 11
60 15 19 15 19 72 23 98 11 60 15 19 72 23 98 11
60 15 19 19 15 19 72 23 98 11 60 15 19 72 23 98 11
60 15 19 19 19 72 23 98 11 60 15 19 72 23 98 11
60 15 19 72 19 19 72 23 98 11 60 15 19 72 23 98 11

33 19 46 62 92 46 50 33 19 46 62 92 46 50
33 19 46 62 92 46 50 33 19 14 19 46 62 92 46 50
33 19 46 62 92 46 50 33 19 46 14 19 46 62 92 46 50
33 19 46 62 92 46 50 33 19 46 14 46 62 92 46 50
33 19 46 62 92 46 50 33 19 46 62 14 46 62 92 46 50
33 19 14 19 46 62 92 46 50 33 19 46 62 92 46 50
33 19 46 14 19 46 62 92 46 50 33 19 46 62 92 46 50
33 19 46 14 46 62 92 46 50 33 19 46 62 92 46 50
33 19 46 62 14 46 62 92 46 50 33 19 46 62 92 46 50

83 39 24 70 89 51 97 83 39 24 70 89 51 97
83 39 24 70 89 51 97 83 39 17 39 24 70 89 51 97
83 39 24 70 89 51 97 83 39 24 17 39 24 70 89 51 97
83 39 24 70 89 51 97 83 39 24 17 24 70 89 51 97
83 39 24 70 89 51 97 83 39 24 70 17 24 70 89 51 97
83 39 17 39 24 70 89 51 97 83 39 24 70 89 51 97
83 39 24 17 39 24 70 89 51 97 83 39 24 70 89 51 97
83 39 24 17 24 70 89 51 97 83 39 24 70 89 51 97
83 39 24 70 17 24 70 89 51 97 83 39 24 70 89 51 97

94 51 66 31 92 83 99 94 51 66 31 92 83 99
94 51 66 31 92 83 99 94 51 9 51 66 31 92 83 99
94 51 66 31 92 83 99 94 51 66 9 51 66 31 92 83 99
94 51 66 31 92 83 99 94 51 66 9 66 31 92 83 99
94 51 66 31 92 83 99 94 51 66 31 9 66 31 92 83 99
94 51 9 51 66 31 92 83 99 94 51 66 31 92 83 99
94 51 66 9 51 66 31 92 83 99 94 51 66 31 92 83 99
94 51 66 9 66 31 92 83 99 94 51 66 31 92 83 99
94 51 66 31 9 66 31 92 83 99 94 51 66 31 92 83 99

42 56 5 38 35 85 61 42 56 5 38 35 85 61
42 56 5 38 35 85 61 42 56 14 56 5 38 35 85 61
42 56 5 38 35 85 61 42 56 5 14 56 5 38 35 85 61
42 56 5 38 35 85 61 42 56 5 14 5 38 35 85 61
42 56 5 38 35 85 61 42 56 5 38 14 5 38 35 85 61
42 56 14 56 5 38 35 85 61 42 56 5 38 35 85 61
42 56 5 14 56 5 38 35 85 61 42 56 5 38 35 85 61
42 56 5 14 5 38 35 85 61 42 56 5 38 35 85 61
42 56 5 38 14 5 38 35 85 61 42 56 5 38 35 85 61

67 89 7 70 74 10 9 67 89 7 70 74 10 9
67 89 7 70 74 10 9 67 89 6 89 7 70 74 10 9
67 89 7 70 74 10 9 67 89 7 6 89 7 70 74 10 9
67 89 7 70 74 10 9 67 89 7 6 7 70 74 10 9
67 89 7 70 74 10 9 67 89 7 70 6 7 70 74 10 9
67 89 6 89 7 70 74 10 9 67 89 7 70 74 10 9
67 89 7 6 89 7 70 74 10 9 67 89 7 70 74 10 9
67 89 7 6 7 70 74 10 9 67 89 7 70 74 10 9
67 89 7 70 6 7 70 74 10 9 67 89 7 70 74 10 9

45 31 16 83 23 98 63 45 31 16 83 23 98 63
45 31 16 83 23 98 63 45 31 16 31 16 83 23 98 63
45 31 16 83 23 98 63 45 31 16 16 31 16 83 23 98 63
45 31 16 83 23 98 63 45 31 16 16 16 83 23 98 63
45 31 16 83 23 98 63 45 31 16 83 16 16 83 23 98 63
45 31 16 31 16 83 23 98 63 45 31 16 83 23 98 63
45 31 16 16 31 16 83 23 98 63 45 31 16 83 23 98 63
45 31 16 16 16 83 23 98 63 45 31 16 83 23 98 63
45 31 16 83 16 16 83 23 98 63 45 31 16 83 23 98 63

91 89 11 18 90 74 62 91 89 11 18 90 74 62
91 89 11 18 90 74 62 91 89 20 89 11 18 90 74 62
91 89 11 18 90 74 62 91 89 11 20 89 11 18 90 74 62
91 89 11 18 90 74 62 91 89 11 20 11 18 90 74 62
91 89 11 18 90 74 62 91 89 11 18 20 11 18 90 74 62
91 89 20 89 11 18 90 74 62 91 89 11 18 90 74 62
91 89 11 20 89 11 18 90 74 62 91 89 11 18 90 74 62
91 89 11 20 11 18 90 74 62 91 89 11 18 90 74 62
91 89 11 18 20 11 18 90 74 62 91 89 11 18 90 74 62

53 21 95 52 66 61 33 53 21 95 52 66 61 33
53 21 95 52 66 61 33 53 21 19 21 95 52 66 61 33
53 21 95 52 66 61 33 53 21 95 19 21 95 52 66 61 33
53 21 95 52 66 61 33 53 21 95 19 95 52 66 61 33
53 21 95 52 66 61 33 53 21 95 52 19 95 52 66 61 33
53 21 19 21 95 52 66 61 33 53 21 95 52 66 61 33
53 21 95 19 21 95 52 66 61 33 53 21 95 52 66 61 33
53 21 95 19 95 52 66 61 33 53 21 95 52 66 61 33
53 21 95 52 19 95 52 66 61 33 53 21 95 52 66 61 33

10 65 18 5 84 12 53 10 65 18 5 84 12 53
10 65 18 5 84 12 53 10 65 5 65 18 5 84 12 53
10 65 18 5 84 12 53 10 65 18 5 65 18 5 84 12 53
10 65 18 5 84 12 53 10 65 18 5 18 5 84 12 53
10 65 18 5 84 12 53 10 65 18 5 5 18 5 84 12 53
10 65 5 65 18 5 84 12 53 10 65 18 5 84 12 53
10 65 18 5 65 18 5 84 12 53 10 65 18 5 84 12 53
10 65 18 5 18 5 84 12 53 10 65 18 5 84 12 53
10 65 18 5 5 18 5 84 12 53 10 65 18 5 84 12 53

34 86 19 77 67 30 90 34 86 19 77 67 30 90
34 86 19 77 67 30 90 34 86 13 86 19 77 67 30 90
34 86 19 77 67 30 90 34 86 19 13 86 19 77 67 30 90
34 86 19 77 67 30 90 34 86 19 13 19 77 67 30 90
34 86 19 77 67 30 90 34 86 19 77 13 19 77 67 30 90
34 86 13 86 19 77 67 30 90 34 86 19 77 67 30 90
34 86 19 13 86 19 77 67 30 90 34 86 19 77 67 30 90
34 86 19 13 19 77 67 30 90 34 86 19 77 67 30 90
34 86 19 77 13 19 77 67 30 90 34 86 19 77 67 30 90

48 84 39 73 97 7 38 48 84 39 73 97 7 38
48 84 39 73 97 7 38 48 84 5 84 39 73 97 7 38
48 84 39 73 97 7 38 48 84 39 5 84 39 73 97 7 38
48 84 39 73 97 7 38 48 84 39 5 39 73 97 7 38
48 84 39 73 97 7 38 48 84 39 73 5 39 73 97 7 38
48 84 5 84 39 73 97 7 38 48 84 39 73 97 7 38
48 84 39 5 84 39 73 97 7 38 48 84 39 73 97 7 38
48 84 39 5 39 73 97 7 38 48 84 39 73 97 7 38
48 84 39 73 5 39 73 97 7 38 48 84 39 73 97 7 38

93 65 88 91 6 15 26 93 65 88 91 6 15 26
93 65 88 91 6 15 26 93 65 6 65 88 91 6 15 26
93 65 88 91 6 15 26 93 65 88 6 65 88 91 6 15 26
93 65 88 91 6 15 26 93 65 88 6 88 91 6 15 26
93 65 88 91 6 15 26 93 65 88 91 6 88 91 6 15 26
93 65 6 65 88 91 6 15 26 93 65 88 91 6 15 26
93 65 88 6 65 88 91 6 15 26 93 65 88 91 6 15 26
93 65 88 6 88 91 6 15 26 93 65 88 91 6 15 26
93 65 88 91 6 88 91 6 15 26 93 65 88 91 6 15 26

27 20 67 24 51 9 33 27 20 67 24 51 9 33
27 20 67 24 51 9 33 27 20 11 20 67 24 51 9 33
27 20 67 24 51 9 33 27 20 67 11 20 67 24 51 9 33
27 20 67 24 51 9 33 27 20 67 11 67 24 51 9 33
27 20 67 24 51 9 33 27 20 67 24 11 67 24 51 9 33
27 20 11 20 67 24 51 9 33 27 20 67 24 51 9 33
27 20 67 11 20 67 24 51 9 33 27 20 67 24 51 9 33
27 20 67 11 67 24 51 9 33 27 20 67 24 51 9 33
27 20 67 24 11 67 24 51 9 33 27 20 67 24 51 9 33

40 12 47 14 68 56 32 40 12 47 14 68 56 32
40 12 47 14 68 56 32 40 12 6 12 47 14 68 56 32
40 12 47 14 68 56 32 40 12 47 6 12 47 14 68 56 32
40 12 47 14 68 56 32 40 12 47 6 47 14 68 56 32
40 12 47 14 68 56 32 40 12 47 14 6 47 14 68 56 32
40 12 6 12 47 14 68 56 32 40 12 47 14 68 56 32
40 12 47 6 12 47 14 68 56 32 40 12 47 14 68 56 32
40 12 47 6 47 14 68 56 32 40 12 47 14 68 56 32
40 12 47 14 6 47 14 68 56 32 40 12 47 14 68 56 32

99 76 84 73 57 46 15 99 76 84 73 57 46 15
99 76 84 73 57 46 15 99 76 14 76 84 73 57 46 15
99 76 84 73 57 46 15 99 76 84 14 76 84 73 57 46 15
99 76 84 73 57 46 15 99 76 84 14 84 73 57 46 15
99 76 84 73 57 46 15 99 76 84 73 14 84 73 57 46 15
99 76 14 76 84 73 57 46 15 99 76 84 73 57 46 15
99 76 84 14 76 84 73 57 46 15 99 76 84 73 57 46 15
99 76 84 14 84 73 57 46 15 99 76 84 73 57 46 15
99 76 84 73 14 84 73 57 46 15 99 76 84 73 57 46 15

77 53 85 47 69 14 60 77 53 85 47 69 14 60
77 53 85 47 69 14 60 77 53 6 53 85 47 69 14 60
77 53 85 47 69 14 60 77 53 85 6 53 85 47 69 14 60
77 53 85 47 69 14 60 77 53 85 6 85 47 69 14 60
77 53 85 47 69 14 60 77 53 85 47 6 85 47 69 14 60
77 53 6 53 85 47 69 14 60 77 53 85 47 69 14 60
77 53 85 6 53 85 47 69 14 60 77 53 85 47 69 14 60
77 53 85 6 85 47 69 14 60 77 53 85 47 69 14 60
77 53 85 47 6 85 47 69 14 60 77 53 85 47 69 14 60

100 87 29 82 65 34 68 100 87 29 82 65 34 68
100 87 29 82 65 34 68 100 87 19 87 29 82 65 34 68
100 87 29 82 65 34 68 100 87 29 19 87 29 82 65 34 68
100 87 29 82 65 34 68 100 87 29 19 29 82 65 34 68
100 87 29 82 65 34 68 100 87 29 82 19 29 82 65 34 68
100 87 19 87 29 82 65 34 68 100 87 29 82 65 34 68
100 87 29 19 87 29 82 65 34 68 100 87 29 82 65 34 68
100 87 29 19 29 82 65 34 68 100 87 29 82 65 34 68
100 87 29 82 19 29 82 65 34 68 100 87 29 82 65 34 68

100 41 96 99 32 37 98 100 41 96 99 32 37 98
100 41 96 99 32 37 98 100 41 16 41 96 99 32 37 98
100 41 96 99 32 37 98 100 41 96 16 41 96 99 32 37 98
100 41 96 99 32 37 98 100 41 96 16 96 99 32 37 98
100 41 96 99 32 37 98 100 41 96 99 16 96 99 32 37 98
100 41 16 41 96 99 32 37 98 100 41 96 99 32 37 98
100 41 96 16 41 96 99 32 37 98 100 41 96 99 32 37 98
100 41 96 16 96 99 32 37 98 100 41 96 99 32 37 98
100 41 96 99 16 96 99 32 37 98 100 41 96 99 32 37 98

92 99 90 20 26 79 48 92 99 90 20 26 79 48
92 99 90 20 26 79 48 92 99 12 99 90 20 26 79 48
92 99 90 20 26 79 48 92 99 90 12 99 90 20 26 79 48
92 99 90 20 26 79 48 92 99 90 12 90 20 26 79 48
92 99 90 20 26 79 48 92 99 90 20 12 90 20 26 79 48
92 99 12 99 90 20 26 79 48 92 99 90 20 26 79 48
92 99 90 12 99 90 20 26 79 48 92 99 90 20 26 79 48
92 99 90 12 90 20 26 79 48 92 99 90 20 26 79 48
92 99 90 20 12 90 20 26 79 48 92 99 90 20 26 79 48

52 31 85 43 46 89 76 52 31 85 43 46 89 76
52 31 85 43 46 89 76 52 31 6 31 85 43 46 89 76
52 31 85 43 46 89 76 52 31 85 6 31 85 43 46 89 76
52 31 85 43 46 89 76 52 31 85 6 85 43 46 89 76
52 31 85 43 46 89 76 52 31 85 43 6 85 43 46 89 76
52 31 6 31 85 43 46 89 76 52 31 85 43 46 89 76
52 31 85 6 31 85 43 46 89 76 52 31 85 43 46 89 76
52 31 85 6 85 43 46 89 76 52 31 85 43 46 89 76
52 31 85 43 6 85 43 46 89 76 52 31 85 43 46 89 76

75 10 78 22 57 62 84 75 10 78 22 57 62 84
75 10 78 22 57 62 84 75 10 8 10 78 22 57 62 84
75 10 78 22 57 62 84 75 10 78 8 10 78 22 57 62 84
75 10 78 22 57 62 84 75 10 78 8 78 22 57 62 84
75 10 78 22 57 62 84 75 10 78 22 8 78 22 57 62 84
75 10 8 10 78 22 57 62 84 75 10 78 22 57 62 84
75 10 78 8 10 78 22 57 62 84 75 10 78 22 57 62 84
75 10 78 8 78 22 57 62 84 75 10 78 22 57 62 84
75 10 78 22 8 78 22 57 62 84 75 10 78 22 57 62 84

96 72 20 52 80 17 69 96 72 20 52 80 17 69
96 72 20 52 80 17 69 96 72 7 72 20 52 80 17 69
96 72 20 52 80 17 69 96 72 20 7 72 20 52 80 17 69
96 72 20 52 80 17 69 96 72 20 7 20 52 80 17 69
96 72 20 52 80 17 69 96 72 20 52 7 20 52 80 17 69
96 72 7 72 20 52 80 17 69 96 72 20 52 80 17 69
96 72 20 7 72 20 52 80 17 69 96 72 20 52 80 17 69
96 72 20 7 20 52 80 17 69 96 72 20 52 80 17 69
96 72 20 52 7 20 52 80 17 69 96 72 20 52 80 17 69

70 84 69 60 91 36 100 70 84 69 60 91 36 100
70 84 69 60 91 36 100 70 84 20 84 69 60 91 36 100
70 84 69 60 91 36 100 70 84 69 20 84 69 60 91 36 100
70 84 69 60 91 36 100 70 84 69 20 69 60 91 36 100
70 84 69 60 91 36 100 70 84 69 60 20 69 60 91 36 100
70 84 20 84 69 60 91 36 100 70 84 69 60 91 36 100
70 84 69 20 84 69 60 91 36 100 70 84 69 60 91 36 100
70 84 69 20 69 60 91 36 100 70 84 69 60 91 36 100
70 84 69 60 20 69 60 91 36 100 70 84 69 60 91 36 100

10 61 10 88 77 37 67 10 61 10 88 77 37 67
10 61 10 88 77 37 67 10 61 12 61 10 88 77 37 67
10 61 10 88 77 37 67 10 61 10 12 61 10 88 77 37 67
10 61 10 88 77 37 67 10 61 10 12 10 88 77 37 67
10 61 10 88 77 37 67 10 61 10 88 12 10 88 77 37 67
10 61 12 61 10 88 77 37 67 10 61 10 88 77 37 67
10 61 10 12 61 10 88 77 37 67 10 61 10 88 77 37 67
10 61 10 12 10 88 77 37 67 10 61 10 88 77 37 67
10 61 10 88 12 10 88 77 37 67 10 61 10 88 77 37 67

28 53 17 65 99 40 54 28 53 17 65 99 40 54
28 53 17 65 99 40 54 28 53 10 53 17 65 99 40 54
28 53 17 65 99 40 54 28 53 17 10 53 17 65 99 40 54
28 53 17 65 99 40 54 28 53 17 10 17 65 99 40 54
28 53 17 65 99 40 54 28 53 17 65 10 17 65 99 40 54
28 53 10 53 17 65 99 40 54 28 53 17 65 99 40 54
28 53 17 10 53 17 65 99 40 54 28 53 17 65 99 40 54
28 53 17 10 17 65 99 40 54 28 53 17 65 99 40 54
28 53 17 65 10 17 65 99 40 54 28 53 17 65 99 40 54

58 69 47 24 28 77 16 58 69 47 24 28 77 16
58 69 47 24 28 77 16 58 69 14 69 47 24 28 77 16
58 69 47 24 28 77 16 58 69 47 14 69 47 24 28 77 16
58 69 47 24 28 77 16 58 69 47 14 47 24 28 77 16
58 69 47 24 28 77 16 58 69 47 24 14 47 24 28 77 16
58 69 14 69 47 24 28 77 16 58 69 47 24 28 77 16
58 69 47 14 69 47 24 28 77 16 58 69 47 24 28 77 16
58 69 47 14 47 24 28 77 16 58 69 47 24 28 77 16
58 69 47 24 14 47 24 28 77 16 58 69 47 24 28 77 16

50 87 27 32 91 90 97 50 87 27 32 91 90 97
50 87 27 32 91 90 97 50 87 16 87 27 32 91 90 97
50 87 27 32 91 90 97 50 87 27 16 87 27 32 91 90 97
50 87 27 32 91 90 97 50 87 27 16 27 32 91 90 97
50 87 27 32 91 90 97 50 87 27 32 16 27 32 91 90 97
50 87 16 87 27 32 91 90 97 50 87 27 32 91 90 97
50 87 27 16 87 27 32 91 90 97 50 87 27 32 91 90 97
50 87 27 16 27 32 91 90 97 50 87 27 32 91 90 97
50 87 27 32 16 27 32 91 90 97 50 87 27 32 91 90 97

68 63 48 70 27 30 68 68 63 48 70 27 30 68
68 63 48 70 27 30 68 68 63 19 63 48 70 27 30 68
68 63 48 70 27 30 68 68 63 48 19 63 48 70 27 30 68
68 63 48 70 27 30 68 68 63 48 19 48 70 27 30 68
68 63 48 70 27 30 68 68 63 48 70 19 48 70 27 30 68
68 63 19 63 48 70 27 30 68 68 63 48 70 27 30 68
68 63 48 19 63 48 70 27 30 68 68 63 48 70 27 30 68
68 63 48 19 48 70 27 30 68 68 63 48 70 27 30 68
68 63 48 70 19 48 70 27 30 68 68 63 48 70 27 30 68

22 20 85 50 23 33 66 22 20 85 50 23 33 66
22 20 85 50 23 33 66 22 20 8 20 85 50 23 33 66
22 20 85 50 23 33 66 22 20 85 8 20 85 50 23 33 66
22 20 85 50 23 33 66 22 20 85 8 85 50 23 33 66
22 20 85 50 23 33 66 22 20 85 50 8 85 50 23 33 66
22 20 8 20 85 50 23 33 66 22 20 85 50 23 33 66
22 20 85 8 20 85 50 23 33 66 22 20 85 50 23 33 66
22 20 85 8 85 50 23 33 66 22 20 85 50 23 33 66
22 20 85 50 8 85 50 23 33 66 22 20 85 50 23 33 66

44 47 46 32 96 96 67 44 47 46 32 96 96 67
44 47 46 32 96 96 67 44 47 17 47 46 32 96 96 67
44 47 46 32 96 96 67 44 47 46 17 47 46 32 96 96 67
44 47 46 32 96 96 67 44 47 46 17 46 32 96 96 67
44 47 46 32 96 96 67 44 47 46 32 17 46 32 96 96 67
44 47 17 47 46 32 96 96 67 44 47 46 32 96 96 67
44 47 46 17 47 46 32 96 96 67 44 47 46 32 96 96 67
44 47 46 17 46 32 96 96 67 44 47 46 32 96 96 67
44 47 46 32 17 46 32 96 96 67 44 47 46 32 96 96 67

41 98 6 23 84 61 80 41 98 6 23 84 61 80
41 98 6 23 84 61 80 41 98 16 98 6 23 84 61 80
41 98 6 23 84 61 80 41 98 6 16 98 6 23 84 61 80
41 98 6 23 84 61 80 41 98 6 16 6 23 84 61 80
41 98 6 23 84 61 80 41 98 6 23 16 6 23 84 61 80
41 98 16 98 6 23 84 61 80 41 98 6 23 84 61 80
41 98 6 16 98 6 23 84 61 80 41 98 6 23 84 61 80
41 98 6 16 6 23 84 61 80 41 98 6 23 84 61 80
41 98 6 23 16 6 23 84 61 80 41 98 6 23 84 61 80

68 39 17 36 64 13 7 68 39 17 36 64 13 7
68 39 17 36 64 13 7 68 39 9 39 17 36 64 13 7
68 39 17 36 64 13 7 68 39 17 9 39 17 36 64 13 7
68 39 17 36 64 13 7 68 39 17 9 17 36 64 13 7
68 39 17 36 64 13 7 68 39 17 36 9 17 36 64 13 7
68 39 9 39 17 36 64 13 7 68 39 17 36 64 13 7
68 39 17 9 39 17 36 64 13 7 68 39 17 36 64 13 7
68 39 17 9 17 36 64 13 7 68 39 17 36 64 13 7
68 39 17 36 9 17 36 64 13 7 68 39 17 36 64 13 7

96 38 56 90 37 57 12 96 38 56 90 37 57 12
96 38 56 90 37 57 12 96 38 17 38 56 90 37 57 12
96 38 56 90 37 57 12 96 38 56 17 38 56 90 37 57 12
96 38 56 90 37 57 12 96 38 56 17 56 90 37 57 12
96 38 56 90 37 57 12 96 38 56 90 17 56 90 37 57 12
96 38 17 38 56 90 37 57 12 96 38 56 90 37 57 12
96 38 56 17 38 56 90 37 57 12 96 38 56 90 37 57 12
96 38 56 17 56 90 37 57 12 96 38 56 90 37 57 12
96 38 56 90 17 56 90 37 57 12 96 38 56 90 37 57 12

11 16 100 44 34 72 13 11 16 100 44 34 72 13
11 16 100 44 34 72 13 11 16 7 16 100 44 34 72 13
11 16 100 44 34 72 13 11 16 100 7 16 100 44 34 72 13
11 16 100 44 34 72 13 11 16 100 7 100 44 34 72 13
11 16 100 44 34 72 13 11 16 100 44 7 100 44 34 72 13
11 16 7 16 100 44 34 72 13 11 16 100 44 34 72 13
11 16 100 7 16 100 44 34 72 13 11 16 100 44 34 72 13
11 16 100 7 100 44 34 72 13 11 16 100 44 34 72 13
11 16 100 44 7 100 44 34 72 13 11 16 100 44 34 72 13

41 80 83 70 30 79 29 41 80 83 70 30 79 29
41 80 83 70 30 79 29 41 80 10 80 83 70 30 79 29
41 80 83 70 30 79 29 41 80 83 10 80 83 70 30 79 29
41 80 83 70 30 79 29 41 80 83 10 83 70 30 79 29
41 80 83 70 30 79 29 41 80 83 70 10 83 70 30 79 29
41 80 10 80 83 70 30 79 29 41 80 83 70 30 79 29
41 80 83 10 80 83 70 30 79 29 41 80 83 70 30 79 29
41 80 83 10 83 70 30 79 29 41 80 83 70 30 79 29
41 80 83 70 10 83 70 30 79 29 41 80 83 70 30 79 29

30 38 75 73 78 27 62 30 38 75 73 78 27 62
30 38 75 73 78 27 62 30 38 10 38 75 73 78 27 62
30 38 75 73 78 27 62 30 38 75 10 38 75 73 78 27 62
30 38 75 73 78 27 62 30 38 75 10 75 73 78 27 62
30 38 75 73 78 27 62 30 38 75 73 10 75 73 78 27 62
30 38 10 38 75 73 78 27 62 30 38 75 73 78 27 62
30 38 75 10 38 75 73 78 27 62 30 38 75 73 78 27 62
30 38 75 10 75 73 78 27 62 30 38 75 73 78 27 62
30 38 75 73 10 75 73 78 27 62 30 38 75 73 78 27 62

10 7 64 85 34 12 74 10 7 64 85 34 12 74
10 7 64 85 34 12 74 10 7 19 7 64 85 34 12 74
10 7 64 85 34 12 74 10 7 64 19 7 64 85 34 12 74
10 7 64 85 34 12 74 10 7 64 19 64 85 34 12 74
10 7 64 85 34 12 74 10 7 64 85 19 64 85 34 12 74
10 7 19 7 64 85 34 12 74 10 7 64 85 34 12 74
10 7 64 19 7 64 85 34 12 74 10 7 64 85 34 12 74
10 7 64 19 64 85 34 12 74 10 7 64 85 34 12 74
10 7 64 85 19 64 85 34 12 74 10 7 64 85 34 12 74

99 52 58 61 14 87 78 99 52 58 61 14 87 78
99 52 58 61 14 87 78 99 52 9 52 58 61 14 87 78
99 52 58 61 14 87 78 99 52 58 9 52 58 61 14 87 78
99 52 58 61 14 87 78 99 52 58 9 58 61 14 87 78
99 52 58 61 14 87 78 99 52 58 61 9 58 61 14 87 78
99 52 9 52 58 61 14 87 78 99 52 58 61 14 87 78
99 52 58 9 52 58 61 14 87 78 99 52 58 61 14 87 78
99 52 58 9 58 61 14 87 78 99 52 58 61 14 87 78
99 52 58 61 9 58 61 14 87 78 99 52 58 61 14 87 78

58 78 87 38 67 24 76 58 78 87 38 67 24 76
58 78 87 38 67 24 76 58 78 6 78 87 38 67 24 76
58 78 87 38 67 24 76 58 78 87 6 78 87 38 67 24 76
58 78 87 38 67 24 76 58 78 87 6 87 38 67 24 76
58 78 87 38 67 24 76 58 78 87 38 6 87 38 67 24 76
58 78 6 78 87 38 67 24 76 58 78 87 38 67 24 76
58 78 87 6 78 87 38 67 24 76 58 78 87 38 67 24 76
58 78 87 6 87 38 67 24 76 58 78 87 38 67 24 76
58 78 87 38 6 87 38 67 24 76 58 78 87 38 67 24 76

99 93 98 89 19 100 53 99 93 98 89 19 100 53
99 93 98 89 19 100 53 99 93 10 93 98 89 19 100 53
99 93 98 89 19 100 53 99 93 98 10 93 98 89 19 100 53
99 93 98 89 19 100 53 99 93 98 10 98 89 19 100 53
99 93 98 89 19 100 53 99 93 98 89 10 98 89 19 100 53
99 93 10 93 98 89 19 100 53 99 93 98 89 19 100 53
99 93 98 10 93 98 89 19 100 53 99 93 98 89 19 100 53
99 93 98 10 98 89 19 100 53 99 93 98 89 19 100 53
99 93 98 89 10 98 89 19 100 53 99 93 98 89 19 100 53

91 95 84 63 52 28 91 91 95 84 63 52 28 91
91 95 84 63 52 28 91 91 95 9 95 84 63 52 28 91
91 95 84 63 52 28 91 91 95 84 9 95 84 63 52 28 91
91 95 84 63 52 28 91 91 95 84 9 84 63 52 28 91
91 95 84 63 52 28 91 91 95 84 63 9 84 63 52 28 91
91 95 9 95 84 63 52 28 91 91 95 84 63 52 28 91
91 95 84 9 95 84 63 52 28 91 91 95 84 63 52 28 91
91 95 84 9 84 63 52 28 91 91 95 84 63 52 28 91
91 95 84 63 9 84 63 52 28 91 91 95 84 63 52 28 91

60 22 37 30 91 90 21 60 22 37 30 91 90 21
60 22 37 30 91 90 21 60 22 18 22 37 30 91 90 21
60 22 37 30 91 90 21 60 22 37 18 22 37 30 91 90 21
60 22 37 30 91 90 21 60 22 37 18 37 30 91 90 21
60 22 37 30 91 90 21 60 22 37 30 18 37 30 91 90 21
60 22 18 22 37 30 91 90 21 60 22 37 30 91 90 21
60 22 37 18 22 37 30 91 90 21 60 22 37 30 91 90 21
60 22 37 18 37 30 91 90 21 60 22 37 30 91 90 21
60 22 37 30 18 37 30 91 90 21 60 22 37 30 91 90 21

47 11 73 7 22 94 9 47 11 73 7 22 94 9
47 11 73 7 22 94 9 47 11 13 11 73 7 22 94 9
47 11 73 7 22 94 9 47 11 73 13 11 73 7 22 94 9
47 11 73 7 22 94 9 47 11 73 13 73 7 22 94 9
47 11 73 7 22 94 9 47 11 73 7 13 73 7 22 94 9
47 11 13 11 73 7 22 94 9 47 11 73 7 22 94 9
47 11 73 13 11 73 7 22 94 9 47 11 73 7 22 94 9
47 11 73 13 73 7 22 94 9 47 11 73 7 22 94 9
47 11 73 7 13 73 7 22 94 9 47 11 73 7 22 94 9

75 10 13 19 33 58 57 75 10 13 19 33 58 57
75 10 13 19 33 58 57 75 10 13 10 13 19 33 58 57
75 10 13 19 33 58 57 75 10 13 13 10 13 19 33 58 57
75 10 13 19 33 58 57 75 10 13 13 13 19 33 58 57
75 10 13 19 33 58 57 75 10 13 19 13 13 19 33 58 57
75 10 13 10 13 19 33 58 57 75 10 13 19 33 58 57
75 10 13 13 10 13 19 33 58 57 75 10 13 19 33 58 57
75 10 13 13 13 19 33 58 57 75 10 13 19 33 58 57
75 10 13 19 13 13 19 33 58 57 75 10 13 19 33 58 57

82 11 22 55 68 11 91 82 11 22 55 68 11 91
82 11 22 55 68 11 91 82 11 13 11 22 55 68 11 91
82 11 22 55 68 11 91 82 11 22 13 11 22 55 68 11 91
82 11 22 55 68 11 91 82 11 22 13 22 55 68 11 91
82 11 22 55 68 11 91 82 11 22 55 13 22 55 68 11 91
82 11 13 11 22 55 68 11 91 82 11 22 55 68 11 91
82 11 22 13 11 22 55 68 11 91 82 11 22 55 68 11 91
82 11 22 13 22 55 68 11 91 82 11 22 55 68 11 91
82 11 22 55 13 22 55 68 11 91 82 11 22 55 68 11 91

77 58 11 65 71 50 44 77 58 11 65 71 50 44
77 58 11 65 71 50 44 77 58 13 58 11 65 71 50 44
77 58 11 65 71 50 44 77 58 11 13 58 11 65 71 50 44
77 58 11 65 71 50 44 77 58 11 13 11 65 71 50 44
77 58 11 65 71 50 44 77 58 11 65 13 11 65 71 50 44
77 58 13 58 11 65 71 50 44 77 58 11 65 71 50 44
77 58 11 13 58 11 65 71 50 44 77 58 11 65 71 50 44
77 58 11 13 11 65 71 50 44 77 58 11 65 71 50 44
77 58 11 65 13 11 65 71 50 44 77 58 11 65 71 50 44

89 88 53 17 18 56 18 89 88 53 17 18 56 18
89 88 53 17 18 56 18 89 88 10 88 53 17 18 56 18
89 88 53 17 18 56 18 89 88 53 10 88 53 17 18 56 18
89 88 53 17 18 56 18 89 88 53 10 53 17 18 56 18
89 88 53 17 18 56 18 89 88 53 17 10 53 17 18 56 18
89 88 10 88 53 17 18 56 18 89 88 53 17 18 56 18
89 88 53 10 88 53 17 18 56 18 89 88 53 17 18 56 18
89 88 53 10 53 17 18 56 18 89 88 53 17 18 56 18
89 88 53 17 10 53 17 18 56 18 89 88 53 17 18 56 18

41 62 97 99 71 15 45 41 62 97 99 71 15 45
41 62 97 99 71 15 45 41 62 10 62 97 99 71 15 45
41 62 97 99 71 15 45 41 62 97 10 62 97 99 71 15 45
41 62 97 99 71 15 45 41 62 97 10 97 99 71 15 45
41 62 97 99 71 15 45 41 62 97 99 10 97 99 71 15 45
41 62 10 62 97 99 71 15 45 41 62 97 99 71 15 45
41 62 97 10 62 97 99 71 15 45 41 62 97 99 71 15 45
41 62 97 10 97 99 71 15 45 41 62 97 99 71 15 45
41 62 97 99 10 97 99 71 15 45 41 62 97 99 71 15 45

59 56 50 33 75 9 26 59 56 50 33 75 9 26
59 56 50 33 75 9 26 59 56 12 56 50 33 75 9 26
59 56 50 33 75 9 26 59 56 50 12 56 50 33 75 9 26
59 56 50 33 75 9 26 59 56 50 12 50 33 75 9 26
59 56 50 33 75 9 26 59 56 50 33 12 50 33 75 9 26
59 56 12 56 50 33 75 9 26 59 56 50 33 75 9 26
59 56 50 12 56 50 33 75 9 26 59 56 50 33 75 9 26
59 56 50 12 50 33 75 9 26 59 56 50 33 75 9 26
59 56 50 33 12 50 33 75 9 26 59 56 50 33 75 9 26

98 12 89 34 76 39 71 98 12 89 34 76 39 71
98 12 89 34 76 39 71 98 12 16 12 89 34 76 39 71
98 12 89 34 76 39 71 98 12 89 16 12 89 34 76 39 71
98 12 89 34 76 39 71 98 12 89 16 89 34 76 39 71
98 12 89 34 76 39 71 98 12 89 34 16 89 34 76 39 71
98 12 16 12 89 34 76 39 71 98 12 89 34 76 39 71
98 12 89 16 12 89 34 76 39 71 98 12 89 34 76 39 71
98 12 89 16 89 34 76 39 71 98 12 89 34 76 39 71
98 12 89 34 16 89 34 76 39 71 98 12 89 34 76 39 71

35 39 94 50 48 100 61 35 39 94 50 48 100 61
35 39 94 50 48 100 61 35 39 5 39 94 50 48 100 61
35 39 94 50 48 100 61 35 39 94 5 39 94 50 48 100 61
35 39 94 50 48 100 61 35 39 94 5 94 50 48 100 61
35 39 94 50 48 100 61 35 39 94 50 5 94 50 48 100 61
35 39 5 39 94 50 48 100 61 35 39 94 50 48 100 61
35 39 94 5 39 94 50 48 100 61 35 39 94 50 48 100 61
35 39 94 5 94 50 48 100 61 35 39 94 50 48 100 61
35 39 94 50 5 94 50 48 100 61 35 39 94 50 48 100 61

35 90 43 89 96 26 90 35 90 43 89 96 26 90
35 90 43 89 96 26 90 35 90 20 90 43 89 96 26 90
35 90 43 89 96 26 90 35 90 43 20 90 43 89 96 26 90
35 90 43 89 96 26 90 35 90 43 20 43 89 96 26 90
35 90 43 89 96 26 90 35 90 43 89 20 43 89 96 26 90
35 90 20 90 43 89 96 26 90 35 90 43 89 96 26 90
35 90 43 20 90 43 89 96 26 90 35 90 43 89 96 26 90
35 90 43 20 43 89 96 26 90 35 90 43 89 96 26 90
35 90 43 89 20 43 89 96 26 90 35 90 43 89 96 26 90

