150
7
2
2

6
13
14
21
13
6
24
9
6
19
20
16
4
19
22
0
21
3
23
4
15
23
24
28
10
20
21
7
0
30
8
12
14
19
6
30
28
8
1
14
15
12
10
28
6
15
29
13
24
18
7
27
20
24
3
18
3
12
18
24
5
12
1
1
19
18
20
15
21
0
5
13
27
12
25
1
11
17
29
7
5
30
15
19
6
22
21
19
11
17
8
15
22
16
27
8
28
28
3
26
22
18
9
3
9
4
22
12
22
29
18
10
5
21
29
25
20
21
29
22
25
12
30
30
8
4
1
1
0
10
11
11
17
3
6
10
28
29
15
23
23
28
4
19
23
5
8
24
24
7

36 53 
108 30 
106 86 
48 45 
101 48 
109 105 
105 50 
44 65 
33 87 
52 34 
94 64 
106 77 
113 21 
31 34 
52 41 
24 83 
69 63 
73 33 
102 17 
41 112 
71 57 
48 51 
70 95 
27 61 
95 70 
55 107 
102 106 
68 87 
54 36 
70 78 
93 73 
82 91 
44 51 
116 106 
102 99 
45 45 
33 66 
66 72 
44 83 
97 56 
68 47 
95 61 
41 115 
94 12 
22 20 
93 33 
93 89 
51 76 
59 91 
80 100 
29 44 
89 27 
111 85 
75 88 
43 37 
108 69 
87 27 
85 39 
38 99 
49 26 
104 112 
95 60 
83 94 
102 42 
103 99 
81 92 
101 78 
47 68 
96 71 
92 67 
98 93 
36 97 
110 94 
48 117 
58 109 
79 95 
103 104 
62 77 
78 58 
25 47 
56 60 
39 100 
40 40 
52 43 
93 68 
34 73 
91 53 
83 34 
75 50 
86 46 
65 73 
86 30 
41 108 
74 26 
13 46 
100 18 
55 97 
48 66 
40 62 
88 106 
107 93 
72 27 
57 52 
43 92 
39 31 
71 31 
52 94 
96 50 
53 88 
111 39 
21 101 
57 97 
29 46 
32 79 
34 40 
85 88 
110 54 
29 55 
99 109 
17 91 
97 67 
58 66 
80 40 
43 80 
98 52 
119 110 
105 57 
114 82 
26 30 
36 24 
30 68 
48 103 
60 91 
27 17 
64 68 
58 100 
54 72 
57 68 
53 55 
77 101 
81 41 
40 82 
110 49 
36 46 
91 68 
38 68 
68 16 
94 67 
74 93 
72 101 

1651
2142
2664
1827
2241
2886
1941
1951
2010
1759
1395
1964
1574
1615
1752
1575
1624
1513
2229
2370
1995
1014
1889
1432
2180
1881
2466
1797
1166
2480
2280
2183
1980
2672
2350
1646
1554
1531
1681
2155
1883
1778
1475
1381
1506
2068
1629
1916
2322
2341
1241
1506
1793
1826
1930
2358
1537
1900
1867
1501
2493
2070
2821
1677
2228
1821
1963
1665
1750
2415
2266
2328
2101
1916
2025
1927
2223
1887
1836
1554
1806
2416
1674
1251
2264
1635
1934
1523
1272
1838
1650
1339
1643
1843
1682
2084
2132
2092
1352
2544
2238
1592
2411
2061
1550
1551
2131
2277
1186
1853
1408
2192
1739
1427
1620
1684
1801
1849
2544
1743
1792
2312
1669
2101
1974
2535
2152
2078
1152
1428
1861
1976
2247
1663
2072
2367
1292
1928
1350
2147
1078
2071
1896
1558
2242
1680
1692
1468
1784
2264

1 2 3 4 5 1 2 3 4 5 6 7
1 2 3 4 5 1 2 100 102 3 4 5 6 7
1 2 3 4 5 1 2 3 100 102 103 4 5 6 7
1 2 3 4 5 1 2 3 100 103 4 5 6 7
1 2 3 4 5 1 2 3 4 100 103 104 5 6 7
1 2 100 102 3 4 5 1 2 3 4 5 6 7
1 2 3 100 102 103 4 5 1 2 3 4 5 6 7
1 2 3 100 103 4 5 1 2 3 4 5 6 7
1 2 3 4 100 103 104 5 1 2 3 4 5 6 7

48 35 19 36 92 48 54 48 35 19 36 92 48 54
48 35 19 36 92 48 54 48 35 9 35 19 36 92 48 54
48 35 19 36 92 48 54 48 35 19 9 35 19 36 92 48 54
48 35 19 36 92 48 54 48 35 19 9 19 36 92 48 54
48 35 19 36 92 48 54 48 35 19 36 9 19 36 92 48 54
48 35 9 35 19 36 92 48 54 48 35 19 36 92 48 54
48 35 19 9 35 19 36 92 48 54 48 35 19 36 92 48 54
48 35 19 9 19 36 92 48 54 48 35 19 36 92 48 54
48 35 19 36 9 19 36 92 48 54 48 35 19 36 92 48 54

68 98 99 13 64 31 9 68 98 99 13 64 31 9
68 98 99 13 64 31 9 68 98 7 98 99 13 64 31 9
68 98 99 13 64 31 9 68 98 99 7 98 99 13 64 31 9
68 98 99 13 64 31 9 68 98 99 7 99 13 64 31 9
68 98 99 13 64 31 9 68 98 99 13 7 99 13 64 31 9
68 98 7 98 99 13 64 31 9 68 98 99 13 64 31 9
68 98 99 7 98 99 13 64 31 9 68 98 99 13 64 31 9
68 98 99 7 99 13 64 31 9 68 98 99 13 64 31 9
68 98 99 13 7 99 13 64 31 9 68 98 99 13 64 31 9

83 64 92 80 51 71 91 83 64 92 80 51 71 91
83 64 92 80 51 71 91 83 64 17 64 92 80 51 71 91
83 64 92 80 51 71 91 83 64 92 17 64 92 80 51 71 91
83 64 92 80 51 71 91 83 64 92 17 92 80 51 71 91
83 64 92 80 51 71 91 83 64 92 80 17 92 80 51 71 91
83 64 17 64 92 80 51 71 91 83 64 92 80 51 71 91
83 64 92 17 64 92 80 51 71 91 83 64 92 80 51 71 91
83 64 92 17 92 80 51 71 91 83 64 92 80 51 71 91
83 64 92 80 17 92 80 51 71 91 83 64 92 80 51 71 91

68 95 31 28 32 13 97 68 95 31 28 32 13 97
68 95 31 28 32 13 97 68 95 6 95 31 28 32 13 97
68 95 31 28 32 13 97 68 95 31 6 95 31 28 32 13 97
68 95 31 28 32 13 97 68 95 31 6 31 28 32 13 97
68 95 31 28 32 13 97 68 95 31 28 6 31 28 32 13 97
68 95 6 95 31 28 32 13 97 68 95 31 28 32 13 97
68 95 31 6 95 31 28 32 13 97 68 95 31 28 32 13 97
68 95 31 6 31 28 32 13 97 68 95 31 28 32 13 97
68 95 31 28 6 31 28 32 13 97 68 95 31 28 32 13 97

59 55 81 31 93 70 68 59 55 81 31 93 70 68
59 55 81 31 93 70 68 59 55 9 55 81 31 93 70 68
59 55 81 31 93 70 68 59 55 81 9 55 81 31 93 70 68
59 55 81 31 93 70 68 59 55 81 9 81 31 93 70 68
59 55 81 31 93 70 68 59 55 81 31 9 81 31 93 70 68
59 55 9 55 81 31 93 70 68 59 55 81 31 93 70 68
59 55 81 9 55 81 31 93 70 68 59 55 81 31 93 70 68
59 55 81 9 81 31 93 70 68 59 55 81 31 93 70 68
59 55 81 31 9 81 31 93 70 68 59 55 81 31 93 70 68

67 69 93 89 93 87 67 67 69 93 89 93 87 67
67 69 93 89 93 87 67 67 69 12 69 93 89 93 87 67
67 69 93 89 93 87 67 67 69 93 12 69 93 89 93 87 67
67 69 93 89 93 87 67 67 69 93 12 93 89 93 87 67
67 69 93 89 93 87 67 67 69 93 89 12 93 89 93 87 67
67 69 12 69 93 89 93 87 67 67 69 93 89 93 87 67
67 69 93 12 69 93 89 93 87 67 67 69 93 89 93 87 67
67 69 93 12 93 89 93 87 67 67 69 93 89 93 87 67
67 69 93 89 12 93 89 93 87 67 67 69 93 89 93 87 67

54 84 89 39 18 5 99 54 84 89 39 18 5 99
54 84 89 39 18 5 99 54 84 14 84 89 39 18 5 99
54 84 89 39 18 5 99 54 84 89 14 84 89 39 18 5 99
54 84 89 39 18 5 99 54 84 89 14 89 39 18 5 99
54 84 89 39 18 5 99 54 84 89 39 14 89 39 18 5 99
54 84 14 84 89 39 18 5 99 54 84 89 39 18 5 99
54 84 89 14 84 89 39 18 5 99 54 84 89 39 18 5 99
54 84 89 14 89 39 18 5 99 54 84 89 39 18 5 99
54 84 89 39 14 89 39 18 5 99 54 84 89 39 18 5 99

59 36 36 47 76 93 70 59 36 36 47 76 93 70
59 36 36 47 76 93 70 59 36 14 36 36 47 76 93 70
59 36 36 47 76 93 70 59 36 36 14 36 36 47 76 93 70
59 36 36 47 76 93 70 59 36 36 14 36 47 76 93 70
59 36 36 47 76 93 70 59 36 36 47 14 36 47 76 93 70
59 36 14 36 36 47 76 93 70 59 36 36 47 76 93 70
59 36 36 14 36 36 47 76 93 70 59 36 36 47 76 93 70
59 36 36 14 36 47 76 93 70 59 36 36 47 76 93 70
59 36 36 47 14 36 47 76 93 70 59 36 36 47 76 93 70

93 11 25 81 85 11 89 93 11 25 81 85 11 89
93 11 25 81 85 11 89 93 11 15 11 25 81 85 11 89
93 11 25 81 85 11 89 93 11 25 15 11 25 81 85 11 89
93 11 25 81 85 11 89 93 11 25 15 25 81 85 11 89
93 11 25 81 85 11 89 93 11 25 81 15 25 81 85 11 89
93 11 15 11 25 81 85 11 89 93 11 25 81 85 11 89
93 11 25 15 11 25 81 85 11 89 93 11 25 81 85 11 89
93 11 25 15 25 81 85 11 89 93 11 25 81 85 11 89
93 11 25 81 15 25 81 85 11 89 93 11 25 81 85 11 89

68 64 36 24 43 44 81 68 64 36 24 43 44 81
68 64 36 24 43 44 81 68 64 17 64 36 24 43 44 81
68 64 36 24 43 44 81 68 64 36 17 64 36 24 43 44 81
68 64 36 24 43 44 81 68 64 36 17 36 24 43 44 81
68 64 36 24 43 44 81 68 64 36 24 17 36 24 43 44 81
68 64 17 64 36 24 43 44 81 68 64 36 24 43 44 81
68 64 36 17 64 36 24 43 44 81 68 64 36 24 43 44 81
68 64 36 17 36 24 43 44 81 68 64 36 24 43 44 81
68 64 36 24 17 36 24 43 44 81 68 64 36 24 43 44 81

13 21 75 54 19 48 61 13 21 75 54 19 48 61
13 21 75 54 19 48 61 13 21 7 21 75 54 19 48 61
13 21 75 54 19 48 61 13 21 75 7 21 75 54 19 48 61
13 21 75 54 19 48 61 13 21 75 7 75 54 19 48 61
13 21 75 54 19 48 61 13 21 75 54 7 75 54 19 48 61
13 21 7 21 75 54 19 48 61 13 21 75 54 19 48 61
13 21 75 7 21 75 54 19 48 61 13 21 75 54 19 48 61
13 21 75 7 75 54 19 48 61 13 21 75 54 19 48 61
13 21 75 54 7 75 54 19 48 61 13 21 75 54 19 48 61

17 32 95 65 69 56 67 17 32 95 65 69 56 67
17 32 95 65 69 56 67 17 32 10 32 95 65 69 56 67
17 32 95 65 69 56 67 17 32 95 10 32 95 65 69 56 67
17 32 95 65 69 56 67 17 32 95 10 95 65 69 56 67
17 32 95 65 69 56 67 17 32 95 65 10 95 65 69 56 67
17 32 10 32 95 65 69 56 67 17 32 95 65 69 56 67
17 32 95 10 32 95 65 69 56 67 17 32 95 65 69 56 67
17 32 95 10 95 65 69 56 67 17 32 95 65 69 56 67
17 32 95 65 10 95 65 69 56 67 17 32 95 65 69 56 67

60 6 96 11 48 63 45 60 6 96 11 48 63 45
60 6 96 11 48 63 45 60 6 13 6 96 11 48 63 45
60 6 96 11 48 63 45 60 6 96 13 6 96 11 48 63 45
60 6 96 11 48 63 45 60 6 96 13 96 11 48 63 45
60 6 96 11 48 63 45 60 6 96 11 13 96 11 48 63 45
60 6 13 6 96 11 48 63 45 60 6 96 11 48 63 45
60 6 96 13 6 96 11 48 63 45 60 6 96 11 48 63 45
60 6 96 13 96 11 48 63 45 60 6 96 11 48 63 45
60 6 96 11 13 96 11 48 63 45 60 6 96 11 48 63 45

40 49 11 27 96 91 19 40 49 11 27 96 91 19
40 49 11 27 96 91 19 40 49 19 49 11 27 96 91 19
40 49 11 27 96 91 19 40 49 11 19 49 11 27 96 91 19
40 49 11 27 96 91 19 40 49 11 19 11 27 96 91 19
40 49 11 27 96 91 19 40 49 11 27 19 11 27 96 91 19
40 49 19 49 11 27 96 91 19 40 49 11 27 96 91 19
40 49 11 19 49 11 27 96 91 19 40 49 11 27 96 91 19
40 49 11 19 11 27 96 91 19 40 49 11 27 96 91 19
40 49 11 27 19 11 27 96 91 19 40 49 11 27 96 91 19

38 49 40 30 93 27 63 38 49 40 30 93 27 63
38 49 40 30 93 27 63 38 49 12 49 40 30 93 27 63
38 49 40 30 93 27 63 38 49 40 12 49 40 30 93 27 63
38 49 40 30 93 27 63 38 49 40 12 40 30 93 27 63
38 49 40 30 93 27 63 38 49 40 30 12 40 30 93 27 63
38 49 12 49 40 30 93 27 63 38 49 40 30 93 27 63
38 49 40 12 49 40 30 93 27 63 38 49 40 30 93 27 63
38 49 40 12 40 30 93 27 63 38 49 40 30 93 27 63
38 49 40 30 12 40 30 93 27 63 38 49 40 30 93 27 63

54 28 19 77 42 11 93 54 28 19 77 42 11 93
54 28 19 77 42 11 93 54 28 9 28 19 77 42 11 93
54 28 19 77 42 11 93 54 28 19 9 28 19 77 42 11 93
54 28 19 77 42 11 93 54 28 19 9 19 77 42 11 93
54 28 19 77 42 11 93 54 28 19 77 9 19 77 42 11 93
54 28 9 28 19 77 42 11 93 54 28 19 77 42 11 93
54 28 19 9 28 19 77 42 11 93 54 28 19 77 42 11 93
54 28 19 9 19 77 42 11 93 54 28 19 77 42 11 93
54 28 19 77 9 19 77 42 11 93 54 28 19 77 42 11 93

68 64 58 54 15 19 24 68 64 58 54 15 19 24
68 64 58 54 15 19 24 68 64 5 64 58 54 15 19 24
68 64 58 54 15 19 24 68 64 58 5 64 58 54 15 19 24
68 64 58 54 15 19 24 68 64 58 5 58 54 15 19 24
68 64 58 54 15 19 24 68 64 58 54 5 58 54 15 19 24
68 64 5 64 58 54 15 19 24 68 64 58 54 15 19 24
68 64 58 5 64 58 54 15 19 24 68 64 58 54 15 19 24
68 64 58 5 58 54 15 19 24 68 64 58 54 15 19 24
68 64 58 54 5 58 54 15 19 24 68 64 58 54 15 19 24

15 30 60 26 70 40 73 15 30 60 26 70 40 73
15 30 60 26 70 40 73 15 30 9 30 60 26 70 40 73
15 30 60 26 70 40 73 15 30 60 9 30 60 26 70 40 73
15 30 60 26 70 40 73 15 30 60 9 60 26 70 40 73
15 30 60 26 70 40 73 15 30 60 26 9 60 26 70 40 73
15 30 9 30 60 26 70 40 73 15 30 60 26 70 40 73
15 30 60 9 30 60 26 70 40 73 15 30 60 26 70 40 73
15 30 60 9 60 26 70 40 73 15 30 60 26 70 40 73
15 30 60 26 9 60 26 70 40 73 15 30 60 26 70 40 73

88 95 96 10 38 31 79 88 95 96 10 38 31 79
88 95 96 10 38 31 79 88 95 18 95 96 10 38 31 79
88 95 96 10 38 31 79 88 95 96 18 95 96 10 38 31 79
88 95 96 10 38 31 79 88 95 96 18 96 10 38 31 79
88 95 96 10 38 31 79 88 95 96 10 18 96 10 38 31 79
88 95 18 95 96 10 38 31 79 88 95 96 10 38 31 79
88 95 96 18 95 96 10 38 31 79 88 95 96 10 38 31 79
88 95 96 18 96 10 38 31 79 88 95 96 10 38 31 79
88 95 96 10 18 96 10 38 31 79 88 95 96 10 38 31 79

90 35 23 92 99 62 78 90 35 23 92 99 62 78
90 35 23 92 99 62 78 90 35 7 35 23 92 99 62 78
90 35 23 92 99 62 78 90 35 23 7 35 23 92 99 62 78
90 35 23 92 99 62 78 90 35 23 7 23 92 99 62 78
90 35 23 92 99 62 78 90 35 23 92 7 23 92 99 62 78
90 35 7 35 23 92 99 62 78 90 35 23 92 99 62 78
90 35 23 7 35 23 92 99 62 78 90 35 23 92 99 62 78
90 35 23 7 23 92 99 62 78 90 35 23 92 99 62 78
90 35 23 92 7 23 92 99 62 78 90 35 23 92 99 62 78

10 98 57 47 59 69 69 10 98 57 47 59 69 69
10 98 57 47 59 69 69 10 98 16 98 57 47 59 69 69
10 98 57 47 59 69 69 10 98 57 16 98 57 47 59 69 69
10 98 57 47 59 69 69 10 98 57 16 57 47 59 69 69
10 98 57 47 59 69 69 10 98 57 47 16 57 47 59 69 69
10 98 16 98 57 47 59 69 69 10 98 57 47 59 69 69
10 98 57 16 98 57 47 59 69 69 10 98 57 47 59 69 69
10 98 57 16 57 47 59 69 69 10 98 57 47 59 69 69
10 98 57 47 16 57 47 59 69 69 10 98 57 47 59 69 69

5 27 31 32 15 100 25 5 27 31 32 15 100 25
5 27 31 32 15 100 25 5 27 19 27 31 32 15 100 25
5 27 31 32 15 100 25 5 27 31 19 27 31 32 15 100 25
5 27 31 32 15 100 25 5 27 31 19 31 32 15 100 25
5 27 31 32 15 100 25 5 27 31 32 19 31 32 15 100 25
5 27 19 27 31 32 15 100 25 5 27 31 32 15 100 25
5 27 31 19 27 31 32 15 100 25 5 27 31 32 15 100 25
5 27 31 19 31 32 15 100 25 5 27 31 32 15 100 25
5 27 31 32 19 31 32 15 100 25 5 27 31 32 15 100 25

56 14 58 79 78 32 44 56 14 58 79 78 32 44
56 14 58 79 78 32 44 56 14 15 14 58 79 78 32 44
56 14 58 79 78 32 44 56 14 58 15 14 58 79 78 32 44
56 14 58 79 78 32 44 56 14 58 15 58 79 78 32 44
56 14 58 79 78 32 44 56 14 58 79 15 58 79 78 32 44
56 14 15 14 58 79 78 32 44 56 14 58 79 78 32 44
56 14 58 15 14 58 79 78 32 44 56 14 58 79 78 32 44
56 14 58 15 58 79 78 32 44 56 14 58 79 78 32 44
56 14 58 79 15 58 79 78 32 44 56 14 58 79 78 32 44

83 21 17 51 56 20 14 83 21 17 51 56 20 14
83 21 17 51 56 20 14 83 21 16 21 17 51 56 20 14
83 21 17 51 56 20 14 83 21 17 16 21 17 51 56 20 14
83 21 17 51 56 20 14 83 21 17 16 17 51 56 20 14
83 21 17 51 56 20 14 83 21 17 51 16 17 51 56 20 14
83 21 16 21 17 51 56 20 14 83 21 17 51 56 20 14
83 21 17 16 21 17 51 56 20 14 83 21 17 51 56 20 14
83 21 17 16 17 51 56 20 14 83 21 17 51 56 20 14
83 21 17 51 16 17 51 56 20 14 83 21 17 51 56 20 14

99 20 80 61 16 92 96 99 20 80 61 16 92 96
99 20 80 61 16 92 96 99 20 13 20 80 61 16 92 96
99 20 80 61 16 92 96 99 20 80 13 20 80 61 16 92 96
99 20 80 61 16 92 96 99 20 80 13 80 61 16 92 96
99 20 80 61 16 92 96 99 20 80 61 13 80 61 16 92 96
99 20 13 20 80 61 16 92 96 99 20 80 61 16 92 96
99 20 80 13 20 80 61 16 92 96 99 20 80 61 16 92 96
99 20 80 13 80 61 16 92 96 99 20 80 61 16 92 96
99 20 80 61 13 80 61 16 92 96 99 20 80 61 16 92 96

89 20 36 98 23 54 47 89 20 36 98 23 54 47
89 20 36 98 23 54 47 89 20 20 20 36 98 23 54 47
89 20 36 98 23 54 47 89 20 36 20 20 36 98 23 54 47
89 20 36 98 23 54 47 89 20 36 20 36 98 23 54 47
89 20 36 98 23 54 47 89 20 36 98 20 36 98 23 54 47
89 20 20 20 36 98 23 54 47 89 20 36 98 23 54 47
89 20 36 20 20 36 98 23 54 47 89 20 36 98 23 54 47
89 20 36 20 36 98 23 54 47 89 20 36 98 23 54 47
89 20 36 98 20 36 98 23 54 47 89 20 36 98 23 54 47

27 93 88 97 50 80 37 27 93 88 97 50 80 37
27 93 88 97 50 80 37 27 93 16 93 88 97 50 80 37
27 93 88 97 50 80 37 27 93 88 16 93 88 97 50 80 37
27 93 88 97 50 80 37 27 93 88 16 88 97 50 80 37
27 93 88 97 50 80 37 27 93 88 97 16 88 97 50 80 37
27 93 16 93 88 97 50 80 37 27 93 88 97 50 80 37
27 93 88 16 93 88 97 50 80 37 27 93 88 97 50 80 37
27 93 88 16 88 97 50 80 37 27 93 88 97 50 80 37
27 93 88 97 16 88 97 50 80 37 27 93 88 97 50 80 37

34 73 58 78 26 52 39 34 73 58 78 26 52 39
34 73 58 78 26 52 39 34 73 16 73 58 78 26 52 39
34 73 58 78 26 52 39 34 73 58 16 73 58 78 26 52 39
34 73 58 78 26 52 39 34 73 58 16 58 78 26 52 39
34 73 58 78 26 52 39 34 73 58 78 16 58 78 26 52 39
34 73 16 73 58 78 26 52 39 34 73 58 78 26 52 39
34 73 58 16 73 58 78 26 52 39 34 73 58 78 26 52 39
34 73 58 16 58 78 26 52 39 34 73 58 78 26 52 39
34 73 58 78 16 58 78 26 52 39 34 73 58 78 26 52 39

28 9 41 18 49 80 35 28 9 41 18 49 80 35
28 9 41 18 49 80 35 28 9 11 9 41 18 49 80 35
28 9 41 18 49 80 35 28 9 41 11 9 41 18 49 80 35
28 9 41 18 49 80 35 28 9 41 11 41 18 49 80 35
28 9 41 18 49 80 35 28 9 41 18 11 41 18 49 80 35
28 9 11 9 41 18 49 80 35 28 9 41 18 49 80 35
28 9 41 11 9 41 18 49 80 35 28 9 41 18 49 80 35
28 9 41 11 41 18 49 80 35 28 9 41 18 49 80 35
28 9 41 18 11 41 18 49 80 35 28 9 41 18 49 80 35

99 84 58 64 59 62 43 99 84 58 64 59 62 43
99 84 58 64 59 62 43 99 84 15 84 58 64 59 62 43
99 84 58 64 59 62 43 99 84 58 15 84 58 64 59 62 43
99 84 58 64 59 62 43 99 84 58 15 58 64 59 62 43
99 84 58 64 59 62 43 99 84 58 64 15 58 64 59 62 43
99 84 15 84 58 64 59 62 43 99 84 58 64 59 62 43
99 84 58 15 84 58 64 59 62 43 99 84 58 64 59 62 43
99 84 58 15 58 64 59 62 43 99 84 58 64 59 62 43
99 84 58 64 15 58 64 59 62 43 99 84 58 64 59 62 43

84 57 77 55 56 84 53 84 57 77 55 56 84 53
84 57 77 55 56 84 53 84 57 17 57 77 55 56 84 53
84 57 77 55 56 84 53 84 57 77 17 57 77 55 56 84 53
84 57 77 55 56 84 53 84 57 77 17 77 55 56 84 53
84 57 77 55 56 84 53 84 57 77 55 17 77 55 56 84 53
84 57 17 57 77 55 56 84 53 84 57 77 55 56 84 53
84 57 77 17 57 77 55 56 84 53 84 57 77 55 56 84 53
84 57 77 17 77 55 56 84 53 84 57 77 55 56 84 53
84 57 77 55 17 77 55 56 84 53 84 57 77 55 56 84 53

60 68 72 75 43 41 71 60 68 72 75 43 41 71
60 68 72 75 43 41 71 60 68 19 68 72 75 43 41 71
60 68 72 75 43 41 71 60 68 72 19 68 72 75 43 41 71
60 68 72 75 43 41 71 60 68 72 19 72 75 43 41 71
60 68 72 75 43 41 71 60 68 72 75 19 72 75 43 41 71
60 68 19 68 72 75 43 41 71 60 68 72 75 43 41 71
60 68 72 19 68 72 75 43 41 71 60 68 72 75 43 41 71
60 68 72 19 72 75 43 41 71 60 68 72 75 43 41 71
60 68 72 75 19 72 75 43 41 71 60 68 72 75 43 41 71

81 58 37 40 53 67 67 81 58 37 40 53 67 67
81 58 37 40 53 67 67 81 58 14 58 37 40 53 67 67
81 58 37 40 53 67 67 81 58 37 14 58 37 40 53 67 67
81 58 37 40 53 67 67 81 58 37 14 37 40 53 67 67
81 58 37 40 53 67 67 81 58 37 40 14 37 40 53 67 67
81 58 14 58 37 40 53 67 67 81 58 37 40 53 67 67
81 58 37 14 58 37 40 53 67 67 81 58 37 40 53 67 67
81 58 37 14 37 40 53 67 67 81 58 37 40 53 67 67
81 58 37 40 14 37 40 53 67 67 81 58 37 40 53 67 67

43 60 97 100 94 84 60 43 60 97 100 94 84 60
43 60 97 100 94 84 60 43 60 12 60 97 100 94 84 60
43 60 97 100 94 84 60 43 60 97 12 60 97 100 94 84 60
43 60 97 100 94 84 60 43 60 97 12 97 100 94 84 60
43 60 97 100 94 84 60 43 60 97 100 12 97 100 94 84 60
43 60 12 60 97 100 94 84 60 43 60 97 100 94 84 60
43 60 97 12 60 97 100 94 84 60 43 60 97 100 94 84 60
43 60 97 12 97 100 94 84 60 43 60 97 100 94 84 60
43 60 97 100 12 97 100 94 84 60 43 60 97 100 94 84 60

63 7 87 86 88 99 51 63 7 87 86 88 99 51
63 7 87 86 88 99 51 63 7 20 7 87 86 88 99 51
63 7 87 86 88 99 51 63 7 87 20 7 87 86 88 99 51
63 7 87 86 88 99 51 63 7 87 20 87 86 88 99 51
63 7 87 86 88 99 51 63 7 87 86 20 87 86 88 99 51
63 7 20 7 87 86 88 99 51 63 7 87 86 88 99 51
63 7 87 20 7 87 86 88 99 51 63 7 87 86 88 99 51
63 7 87 20 87 86 88 99 51 63 7 87 86 88 99 51
63 7 87 86 20 87 86 88 99 51 63 7 87 86 88 99 51

55 20 27 29 78 43 95 55 20 27 29 78 43 95
55 20 27 29 78 43 95 55 20 7 20 27 29 78 43 95
55 20 27 29 78 43 95 55 20 27 7 20 27 29 78 43 95
55 20 27 29 78 43 95 55 20 27 7 27 29 78 43 95
55 20 27 29 78 43 95 55 20 27 29 7 27 29 78 43 95
55 20 7 20 27 29 78 43 95 55 20 27 29 78 43 95
55 20 27 7 20 27 29 78 43 95 55 20 27 29 78 43 95
55 20 27 7 27 29 78 43 95 55 20 27 29 78 43 95
55 20 27 29 7 27 29 78 43 95 55 20 27 29 78 43 95

24 24 15 47 90 89 27 24 24 15 47 90 89 27
24 24 15 47 90 89 27 24 24 16 24 15 47 90 89 27
24 24 15 47 90 89 27 24 24 15 16 24 15 47 90 89 27
24 24 15 47 90 89 27 24 24 15 16 15 47 90 89 27
24 24 15 47 90 89 27 24 24 15 47 16 15 47 90 89 27
24 24 16 24 15 47 90 89 27 24 24 15 47 90 89 27
24 24 15 16 24 15 47 90 89 27 24 24 15 47 90 89 27
24 24 15 16 15 47 90 89 27 24 24 15 47 90 89 27
24 24 15 47 16 15 47 90 89 27 24 24 15 47 90 89 27

41 17 51 54 85 24 14 41 17 51 54 85 24 14
41 17 51 54 85 24 14 41 17 10 17 51 54 85 24 14
41 17 51 54 85 24 14 41 17 51 10 17 51 54 85 24 14
41 17 51 54 85 24 14 41 17 51 10 51 54 85 24 14
41 17 51 54 85 24 14 41 17 51 54 10 51 54 85 24 14
41 17 10 17 51 54 85 24 14 41 17 51 54 85 24 14
41 17 51 10 17 51 54 85 24 14 41 17 51 54 85 24 14
41 17 51 10 51 54 85 24 14 41 17 51 54 85 24 14
41 17 51 54 10 51 54 85 24 14 41 17 51 54 85 24 14

5 74 38 69 55 12 82 5 74 38 69 55 12 82
5 74 38 69 55 12 82 5 74 16 74 38 69 55 12 82
5 74 38 69 55 12 82 5 74 38 16 74 38 69 55 12 82
5 74 38 69 55 12 82 5 74 38 16 38 69 55 12 82
5 74 38 69 55 12 82 5 74 38 69 16 38 69 55 12 82
5 74 16 74 38 69 55 12 82 5 74 38 69 55 12 82
5 74 38 16 74 38 69 55 12 82 5 74 38 69 55 12 82
5 74 38 16 38 69 55 12 82 5 74 38 69 55 12 82
5 74 38 69 16 38 69 55 12 82 5 74 38 69 55 12 82

6 59 80 48 100 61 79 6 59 80 48 100 61 79
6 59 80 48 100 61 79 6 59 5 59 80 48 100 61 79
6 59 80 48 100 61 79 6 59 80 5 59 80 48 100 61 79
6 59 80 48 100 61 79 6 59 80 5 80 48 100 61 79
6 59 80 48 100 61 79 6 59 80 48 5 80 48 100 61 79
6 59 5 59 80 48 100 61 79 6 59 80 48 100 61 79
6 59 80 5 59 80 48 100 61 79 6 59 80 48 100 61 79
6 59 80 5 80 48 100 61 79 6 59 80 48 100 61 79
6 59 80 48 5 80 48 100 61 79 6 59 80 48 100 61 79

50 87 52 31 17 76 87 50 87 52 31 17 76 87
50 87 52 31 17 76 87 50 87 14 87 52 31 17 76 87
50 87 52 31 17 76 87 50 87 52 14 87 52 31 17 76 87
50 87 52 31 17 76 87 50 87 52 14 52 31 17 76 87
50 87 52 31 17 76 87 50 87 52 31 14 52 31 17 76 87
50 87 14 87 52 31 17 76 87 50 87 52 31 17 76 87
50 87 52 14 87 52 31 17 76 87 50 87 52 31 17 76 87
50 87 52 14 52 31 17 76 87 50 87 52 31 17 76 87
50 87 52 31 14 52 31 17 76 87 50 87 52 31 17 76 87

64 53 82 47 17 51 22 64 53 82 47 17 51 22
64 53 82 47 17 51 22 64 53 12 53 82 47 17 51 22
64 53 82 47 17 51 22 64 53 82 12 53 82 47 17 51 22
64 53 82 47 17 51 22 64 53 82 12 82 47 17 51 22
64 53 82 47 17 51 22 64 53 82 47 12 82 47 17 51 22
64 53 12 53 82 47 17 51 22 64 53 82 47 17 51 22
64 53 82 12 53 82 47 17 51 22 64 53 82 47 17 51 22
64 53 82 12 82 47 17 51 22 64 53 82 47 17 51 22
64 53 82 47 12 82 47 17 51 22 64 53 82 47 17 51 22

5 15 29 96 53 40 77 5 15 29 96 53 40 77
5 15 29 96 53 40 77 5 15 20 15 29 96 53 40 77
5 15 29 96 53 40 77 5 15 29 20 15 29 96 53 40 77
5 15 29 96 53 40 77 5 15 29 20 29 96 53 40 77
5 15 29 96 53 40 77 5 15 29 96 20 29 96 53 40 77
5 15 20 15 29 96 53 40 77 5 15 29 96 53 40 77
5 15 29 20 15 29 96 53 40 77 5 15 29 96 53 40 77
5 15 29 20 29 96 53 40 77 5 15 29 96 53 40 77
5 15 29 96 20 29 96 53 40 77 5 15 29 96 53 40 77

51 25 76 5 10 75 62 51 25 76 5 10 75 62
51 25 76 5 10 75 62 51 25 12 25 76 5 10 75 62
51 25 76 5 10 75 62 51 25 76 12 25 76 5 10 75 62
51 25 76 5 10 75 62 51 25 76 12 76 5 10 75 62
51 25 76 5 10 75 62 51 25 76 5 12 76 5 10 75 62
51 25 12 25 76 5 10 75 62 51 25 76 5 10 75 62
51 25 76 12 25 76 5 10 75 62 51 25 76 5 10 75 62
51 25 76 12 76 5 10 75 62 51 25 76 5 10 75 62
51 25 76 5 12 76 5 10 75 62 51 25 76 5 10 75 62

62 20 11 14 85 41 83 62 20 11 14 85 41 83
62 20 11 14 85 41 83 62 20 7 20 11 14 85 41 83
62 20 11 14 85 41 83 62 20 11 7 20 11 14 85 41 83
62 20 11 14 85 41 83 62 20 11 7 11 14 85 41 83
62 20 11 14 85 41 83 62 20 11 14 7 11 14 85 41 83
62 20 7 20 11 14 85 41 83 62 20 11 14 85 41 83
62 20 11 7 20 11 14 85 41 83 62 20 11 14 85 41 83
62 20 11 7 11 14 85 41 83 62 20 11 14 85 41 83
62 20 11 14 7 11 14 85 41 83 62 20 11 14 85 41 83

53 85 76 26 45 82 65 53 85 76 26 45 82 65
53 85 76 26 45 82 65 53 85 13 85 76 26 45 82 65
53 85 76 26 45 82 65 53 85 76 13 85 76 26 45 82 65
53 85 76 26 45 82 65 53 85 76 13 76 26 45 82 65
53 85 76 26 45 82 65 53 85 76 26 13 76 26 45 82 65
53 85 13 85 76 26 45 82 65 53 85 76 26 45 82 65
53 85 76 13 85 76 26 45 82 65 53 85 76 26 45 82 65
53 85 76 13 76 26 45 82 65 53 85 76 26 45 82 65
53 85 76 26 13 76 26 45 82 65 53 85 76 26 45 82 65

6 31 80 84 10 52 84 6 31 80 84 10 52 84
6 31 80 84 10 52 84 6 31 13 31 80 84 10 52 84
6 31 80 84 10 52 84 6 31 80 13 31 80 84 10 52 84
6 31 80 84 10 52 84 6 31 80 13 80 84 10 52 84
6 31 80 84 10 52 84 6 31 80 84 13 80 84 10 52 84
6 31 13 31 80 84 10 52 84 6 31 80 84 10 52 84
6 31 80 13 31 80 84 10 52 84 6 31 80 84 10 52 84
6 31 80 13 80 84 10 52 84 6 31 80 84 10 52 84
6 31 80 84 13 80 84 10 52 84 6 31 80 84 10 52 84

55 15 38 64 83 78 79 55 15 38 64 83 78 79
55 15 38 64 83 78 79 55 15 6 15 38 64 83 78 79
55 15 38 64 83 78 79 55 15 38 6 15 38 64 83 78 79
55 15 38 64 83 78 79 55 15 38 6 38 64 83 78 79
55 15 38 64 83 78 79 55 15 38 64 6 38 64 83 78 79
55 15 6 15 38 64 83 78 79 55 15 38 64 83 78 79
55 15 38 6 15 38 64 83 78 79 55 15 38 64 83 78 79
55 15 38 6 38 64 83 78 79 55 15 38 64 83 78 79
55 15 38 64 6 38 64 83 78 79 55 15 38 64 83 78 79

99 55 43 82 45 90 67 99 55 43 82 45 90 67
99 55 43 82 45 90 67 99 55 12 55 43 82 45 90 67
99 55 43 82 45 90 67 99 55 43 12 55 43 82 45 90 67
99 55 43 82 45 90 67 99 55 43 12 43 82 45 90 67
99 55 43 82 45 90 67 99 55 43 82 12 43 82 45 90 67
99 55 12 55 43 82 45 90 67 99 55 43 82 45 90 67
99 55 43 12 55 43 82 45 90 67 99 55 43 82 45 90 67
99 55 43 12 43 82 45 90 67 99 55 43 82 45 90 67
99 55 43 82 12 43 82 45 90 67 99 55 43 82 45 90 67

87 31 70 85 49 74 75 87 31 70 85 49 74 75
87 31 70 85 49 74 75 87 31 20 31 70 85 49 74 75
87 31 70 85 49 74 75 87 31 70 20 31 70 85 49 74 75
87 31 70 85 49 74 75 87 31 70 20 70 85 49 74 75
87 31 70 85 49 74 75 87 31 70 85 20 70 85 49 74 75
87 31 20 31 70 85 49 74 75 87 31 70 85 49 74 75
87 31 70 20 31 70 85 49 74 75 87 31 70 85 49 74 75
87 31 70 20 70 85 49 74 75 87 31 70 85 49 74 75
87 31 70 85 20 70 85 49 74 75 87 31 70 85 49 74 75

59 35 10 28 32 28 63 59 35 10 28 32 28 63
59 35 10 28 32 28 63 59 35 16 35 10 28 32 28 63
59 35 10 28 32 28 63 59 35 10 16 35 10 28 32 28 63
59 35 10 28 32 28 63 59 35 10 16 10 28 32 28 63
59 35 10 28 32 28 63 59 35 10 28 16 10 28 32 28 63
59 35 16 35 10 28 32 28 63 59 35 10 28 32 28 63
59 35 10 16 35 10 28 32 28 63 59 35 10 28 32 28 63
59 35 10 16 10 28 32 28 63 59 35 10 28 32 28 63
59 35 10 28 16 10 28 32 28 63 59 35 10 28 32 28 63

6 56 69 8 71 50 47 6 56 69 8 71 50 47
6 56 69 8 71 50 47 6 56 9 56 69 8 71 50 47
6 56 69 8 71 50 47 6 56 69 9 56 69 8 71 50 47
6 56 69 8 71 50 47 6 56 69 9 69 8 71 50 47
6 56 69 8 71 50 47 6 56 69 8 9 69 8 71 50 47
6 56 9 56 69 8 71 50 47 6 56 69 8 71 50 47
6 56 69 9 56 69 8 71 50 47 6 56 69 8 71 50 47
6 56 69 9 69 8 71 50 47 6 56 69 8 71 50 47
6 56 69 8 9 69 8 71 50 47 6 56 69 8 71 50 47

11 67 91 73 39 33 10 11 67 91 73 39 33 10
11 67 91 73 39 33 10 11 67 12 67 91 73 39 33 10
11 67 91 73 39 33 10 11 67 91 12 67 91 73 39 33 10
11 67 91 73 39 33 10 11 67 91 12 91 73 39 33 10
11 67 91 73 39 33 10 11 67 91 73 12 91 73 39 33 10
11 67 12 67 91 73 39 33 10 11 67 91 73 39 33 10
11 67 91 12 67 91 73 39 33 10 11 67 91 73 39 33 10
11 67 91 12 91 73 39 33 10 11 67 91 73 39 33 10
11 67 91 73 12 91 73 39 33 10 11 67 91 73 39 33 10

36 50 69 77 16 35 93 36 50 69 77 16 35 93
36 50 69 77 16 35 93 36 50 15 50 69 77 16 35 93
36 50 69 77 16 35 93 36 50 69 15 50 69 77 16 35 93
36 50 69 77 16 35 93 36 50 69 15 69 77 16 35 93
36 50 69 77 16 35 93 36 50 69 77 15 69 77 16 35 93
36 50 15 50 69 77 16 35 93 36 50 69 77 16 35 93
36 50 69 15 50 69 77 16 35 93 36 50 69 77 16 35 93
36 50 69 15 69 77 16 35 93 36 50 69 77 16 35 93
36 50 69 77 15 69 77 16 35 93 36 50 69 77 16 35 93

62 74 32 26 59 89 67 62 74 32 26 59 89 67
62 74 32 26 59 89 67 62 74 17 74 32 26 59 89 67
62 74 32 26 59 89 67 62 74 32 17 74 32 26 59 89 67
62 74 32 26 59 89 67 62 74 32 17 32 26 59 89 67
62 74 32 26 59 89 67 62 74 32 26 17 32 26 59 89 67
62 74 17 74 32 26 59 89 67 62 74 32 26 59 89 67
62 74 32 17 74 32 26 59 89 67 62 74 32 26 59 89 67
62 74 32 17 32 26 59 89 67 62 74 32 26 59 89 67
62 74 32 26 17 32 26 59 89 67 62 74 32 26 59 89 67

100 35 92 54 83 75 20 100 35 92 54 83 75 20
100 35 92 54 83 75 20 100 35 7 35 92 54 83 75 20
100 35 92 54 83 75 20 100 35 92 7 35 92 54 83 75 20
100 35 92 54 83 75 20 100 35 92 7 92 54 83 75 20
100 35 92 54 83 75 20 100 35 92 54 7 92 54 83 75 20
100 35 7 35 92 54 83 75 20 100 35 92 54 83 75 20
100 35 92 7 35 92 54 83 75 20 100 35 92 54 83 75 20
100 35 92 7 92 54 83 75 20 100 35 92 54 83 75 20
100 35 92 54 7 92 54 83 75 20 100 35 92 54 83 75 20

53 68 77 19 19 34 18 53 68 77 19 19 34 18
53 68 77 19 19 34 18 53 68 9 68 77 19 19 34 18
53 68 77 19 19 34 18 53 68 77 9 68 77 19 19 34 18
53 68 77 19 19 34 18 53 68 77 9 77 19 19 34 18
53 68 77 19 19 34 18 53 68 77 19 9 77 19 19 34 18
53 68 9 68 77 19 19 34 18 53 68 77 19 19 34 18
53 68 77 9 68 77 19 19 34 18 53 68 77 19 19 34 18
53 68 77 9 77 19 19 34 18 53 68 77 19 19 34 18
53 68 77 19 9 77 19 19 34 18 53 68 77 19 19 34 18

33 44 75 25 88 21 94 33 44 75 25 88 21 94
33 44 75 25 88 21 94 33 44 5 44 75 25 88 21 94
33 44 75 25 88 21 94 33 44 75 5 44 75 25 88 21 94
33 44 75 25 88 21 94 33 44 75 5 75 25 88 21 94
33 44 75 25 88 21 94 33 44 75 25 5 75 25 88 21 94
33 44 5 44 75 25 88 21 94 33 44 75 25 88 21 94
33 44 75 5 44 75 25 88 21 94 33 44 75 25 88 21 94
33 44 75 5 75 25 88 21 94 33 44 75 25 88 21 94
33 44 75 25 5 75 25 88 21 94 33 44 75 25 88 21 94

55 5 23 87 83 59 85 55 5 23 87 83 59 85
55 5 23 87 83 59 85 55 5 15 5 23 87 83 59 85
55 5 23 87 83 59 85 55 5 23 15 5 23 87 83 59 85
55 5 23 87 83 59 85 55 5 23 15 23 87 83 59 85
55 5 23 87 83 59 85 55 5 23 87 15 23 87 83 59 85
55 5 15 5 23 87 83 59 85 55 5 23 87 83 59 85
55 5 23 15 5 23 87 83 59 85 55 5 23 87 83 59 85
55 5 23 15 23 87 83 59 85 55 5 23 87 83 59 85
55 5 23 87 15 23 87 83 59 85 55 5 23 87 83 59 85

56 38 39 7 44 61 78 56 38 39 7 44 61 78
56 38 39 7 44 61 78 56 38 12 38 39 7 44 61 78
56 38 39 7 44 61 78 56 38 39 12 38 39 7 44 61 78
56 38 39 7 44 61 78 56 38 39 12 39 7 44 61 78
56 38 39 7 44 61 78 56 38 39 7 12 39 7 44 61 78
56 38 12 38 39 7 44 61 78 56 38 39 7 44 61 78
56 38 39 12 38 39 7 44 61 78 56 38 39 7 44 61 78
56 38 39 12 39 7 44 61 78 56 38 39 7 44 61 78
56 38 39 7 12 39 7 44 61 78 56 38 39 7 44 61 78

99 91 98 93 9 62 22 99 91 98 93 9 62 22
99 91 98 93 9 62 22 99 91 11 91 98 93 9 62 22
99 91 98 93 9 62 22 99 91 98 11 91 98 93 9 62 22
99 91 98 93 9 62 22 99 91 98 11 98 93 9 62 22
99 91 98 93 9 62 22 99 91 98 93 11 98 93 9 62 22
99 91 11 91 98 93 9 62 22 99 91 98 93 9 62 22
99 91 98 11 91 98 93 9 62 22 99 91 98 93 9 62 22
99 91 98 11 98 93 9 62 22 99 91 98 93 9 62 22
99 91 98 93 11 98 93 9 62 22 99 91 98 93 9 62 22

40 56 78 40 100 13 72 40 56 78 40 100 13 72
40 56 78 40 100 13 72 40 56 6 56 78 40 100 13 72
40 56 78 40 100 13 72 40 56 78 6 56 78 40 100 13 72
40 56 78 40 100 13 72 40 56 78 6 78 40 100 13 72
40 56 78 40 100 13 72 40 56 78 40 6 78 40 100 13 72
40 56 6 56 78 40 100 13 72 40 56 78 40 100 13 72
40 56 78 6 56 78 40 100 13 72 40 56 78 40 100 13 72
40 56 78 6 78 40 100 13 72 40 56 78 40 100 13 72
40 56 78 40 6 78 40 100 13 72 40 56 78 40 100 13 72

97 67 69 89 99 75 60 97 67 69 89 99 75 60
97 67 69 89 99 75 60 97 67 13 67 69 89 99 75 60
97 67 69 89 99 75 60 97 67 69 13 67 69 89 99 75 60
97 67 69 89 99 75 60 97 67 69 13 69 89 99 75 60
97 67 69 89 99 75 60 97 67 69 89 13 69 89 99 75 60
97 67 13 67 69 89 99 75 60 97 67 69 89 99 75 60
97 67 69 13 67 69 89 99 75 60 97 67 69 89 99 75 60
97 67 69 13 69 89 99 75 60 97 67 69 89 99 75 60
97 67 69 89 13 69 89 99 75 60 97 67 69 89 99 75 60

14 62 95 23 55 69 11 14 62 95 23 55 69 11
14 62 95 23 55 69 11 14 62 16 62 95 23 55 69 11
14 62 95 23 55 69 11 14 62 95 16 62 95 23 55 69 11
14 62 95 23 55 69 11 14 62 95 16 95 23 55 69 11
14 62 95 23 55 69 11 14 62 95 23 16 95 23 55 69 11
14 62 16 62 95 23 55 69 11 14 62 95 23 55 69 11
14 62 95 16 62 95 23 55 69 11 14 62 95 23 55 69 11
14 62 95 16 95 23 55 69 11 14 62 95 23 55 69 11
14 62 95 23 16 95 23 55 69 11 14 62 95 23 55 69 11

61 10 98 93 50 47 82 61 10 98 93 50 47 82
61 10 98 93 50 47 82 61 10 19 10 98 93 50 47 82
61 10 98 93 50 47 82 61 10 98 19 10 98 93 50 47 82
61 10 98 93 50 47 82 61 10 98 19 98 93 50 47 82
61 10 98 93 50 47 82 61 10 98 93 19 98 93 50 47 82
61 10 19 10 98 93 50 47 82 61 10 98 93 50 47 82
61 10 98 19 10 98 93 50 47 82 61 10 98 93 50 47 82
61 10 98 19 98 93 50 47 82 61 10 98 93 50 47 82
61 10 98 93 19 98 93 50 47 82 61 10 98 93 50 47 82

15 14 75 87 53 72 59 15 14 75 87 53 72 59
15 14 75 87 53 72 59 15 14 17 14 75 87 53 72 59
15 14 75 87 53 72 59 15 14 75 17 14 75 87 53 72 59
15 14 75 87 53 72 59 15 14 75 17 75 87 53 72 59
15 14 75 87 53 72 59 15 14 75 87 17 75 87 53 72 59
15 14 17 14 75 87 53 72 59 15 14 75 87 53 72 59
15 14 75 17 14 75 87 53 72 59 15 14 75 87 53 72 59
15 14 75 17 75 87 53 72 59 15 14 75 87 53 72 59
15 14 75 87 17 75 87 53 72 59 15 14 75 87 53 72 59

63 12 92 73 50 32 46 63 12 92 73 50 32 46
63 12 92 73 50 32 46 63 12 9 12 92 73 50 32 46
63 12 92 73 50 32 46 63 12 92 9 12 92 73 50 32 46
63 12 92 73 50 32 46 63 12 92 9 92 73 50 32 46
63 12 92 73 50 32 46 63 12 92 73 9 92 73 50 32 46
63 12 9 12 92 73 50 32 46 63 12 92 73 50 32 46
63 12 92 9 12 92 73 50 32 46 63 12 92 73 50 32 46
63 12 92 9 92 73 50 32 46 63 12 92 73 50 32 46
63 12 92 73 9 92 73 50 32 46 63 12 92 73 50 32 46

43 63 40 50 31 41 72 43 63 40 50 31 41 72
43 63 40 50 31 41 72 43 63 16 63 40 50 31 41 72
43 63 40 50 31 41 72 43 63 40 16 63 40 50 31 41 72
43 63 40 50 31 41 72 43 63 40 16 40 50 31 41 72
43 63 40 50 31 41 72 43 63 40 50 16 40 50 31 41 72
43 63 16 63 40 50 31 41 72 43 63 40 50 31 41 72
43 63 40 16 63 40 50 31 41 72 43 63 40 50 31 41 72
43 63 40 16 40 50 31 41 72 43 63 40 50 31 41 72
43 63 40 50 16 40 50 31 41 72 43 63 40 50 31 41 72

16 35 90 55 41 85 37 16 35 90 55 41 85 37
16 35 90 55 41 85 37 16 35 5 35 90 55 41 85 37
16 35 90 55 41 85 37 16 35 90 5 35 90 55 41 85 37
16 35 90 55 41 85 37 16 35 90 5 90 55 41 85 37
16 35 90 55 41 85 37 16 35 90 55 5 90 55 41 85 37
16 35 5 35 90 55 41 85 37 16 35 90 55 41 85 37
16 35 90 5 35 90 55 41 85 37 16 35 90 55 41 85 37
16 35 90 5 90 55 41 85 37 16 35 90 55 41 85 37
16 35 90 55 5 90 55 41 85 37 16 35 90 55 41 85 37

90 90 76 56 26 94 47 90 90 76 56 26 94 47
90 90 76 56 26 94 47 90 90 15 90 76 56 26 94 47
90 90 76 56 26 94 47 90 90 76 15 90 76 56 26 94 47
90 90 76 56 26 94 47 90 90 76 15 76 56 26 94 47
90 90 76 56 26 94 47 90 90 76 56 15 76 56 26 94 47
90 90 15 90 76 56 26 94 47 90 90 76 56 26 94 47
90 90 76 15 90 76 56 26 94 47 90 90 76 56 26 94 47
90 90 76 15 76 56 26 94 47 90 90 76 56 26 94 47
90 90 76 56 15 76 56 26 94 47 90 90 76 56 26 94 47

29 42 79 83 93 37 86 29 42 79 83 93 37 86
29 42 79 83 93 37 86 29 42 10 42 79 83 93 37 86
29 42 79 83 93 37 86 29 42 79 10 42 79 83 93 37 86
29 42 79 83 93 37 86 29 42 79 10 79 83 93 37 86
29 42 79 83 93 37 86 29 42 79 83 10 79 83 93 37 86
29 42 10 42 79 83 93 37 86 29 42 79 83 93 37 86
29 42 79 10 42 79 83 93 37 86 29 42 79 83 93 37 86
29 42 79 10 79 83 93 37 86 29 42 79 83 93 37 86
29 42 79 83 10 79 83 93 37 86 29 42 79 83 93 37 86

87 74 19 79 50 65 100 87 74 19 79 50 65 100
87 74 19 79 50 65 100 87 74 15 74 19 79 50 65 100
87 74 19 79 50 65 100 87 74 19 15 74 19 79 50 65 100
87 74 19 79 50 65 100 87 74 19 15 19 79 50 65 100
87 74 19 79 50 65 100 87 74 19 79 15 19 79 50 65 100
87 74 15 74 19 79 50 65 100 87 74 19 79 50 65 100
87 74 19 15 74 19 79 50 65 100 87 74 19 79 50 65 100
87 74 19 15 19 79 50 65 100 87 74 19 79 50 65 100
87 74 19 79 15 19 79 50 65 100 87 74 19 79 50 65 100

86 17 91 74 25 84 38 86 17 91 74 25 84 38
86 17 91 74 25 84 38 86 17 9 17 91 74 25 84 38
86 17 91 74 25 84 38 86 17 91 9 17 91 74 25 84 38
86 17 91 74 25 84 38 86 17 91 9 91 74 25 84 38
86 17 91 74 25 84 38 86 17 91 74 9 91 74 25 84 38
86 17 9 17 91 74 25 84 38 86 17 91 74 25 84 38
86 17 91 9 17 91 74 25 84 38 86 17 91 74 25 84 38
86 17 91 9 91 74 25 84 38 86 17 91 74 25 84 38
86 17 91 74 9 91 74 25 84 38 86 17 91 74 25 84 38

84 39 34 99 17 82 17 84 39 34 99 17 82 17
84 39 34 99 17 82 17 84 39 8 39 34 99 17 82 17
84 39 34 99 17 82 17 84 39 34 8 39 34 99 17 82 17
84 39 34 99 17 82 17 84 39 34 8 34 99 17 82 17
84 39 34 99 17 82 17 84 39 34 99 8 34 99 17 82 17
84 39 8 39 34 99 17 82 17 84 39 34 99 17 82 17
84 39 34 8 39 34 99 17 82 17 84 39 34 99 17 82 17
84 39 34 8 34 99 17 82 17 84 39 34 99 17 82 17
84 39 34 99 8 34 99 17 82 17 84 39 34 99 17 82 17

64 6 45 92 64 48 93 64 6 45 92 64 48 93
64 6 45 92 64 48 93 64 6 8 6 45 92 64 48 93
64 6 45 92 64 48 93 64 6 45 8 6 45 92 64 48 93
64 6 45 92 64 48 93 64 6 45 8 45 92 64 48 93
64 6 45 92 64 48 93 64 6 45 92 8 45 92 64 48 93
64 6 8 6 45 92 64 48 93 64 6 45 92 64 48 93
64 6 45 8 6 45 92 64 48 93 64 6 45 92 64 48 93
64 6 45 8 45 92 64 48 93 64 6 45 92 64 48 93
64 6 45 92 8 45 92 64 48 93 64 6 45 92 64 48 93

30 77 60 89 35 9 68 30 77 60 89 35 9 68
30 77 60 89 35 9 68 30 77 13 77 60 89 35 9 68
30 77 60 89 35 9 68 30 77 60 13 77 60 89 35 9 68
30 77 60 89 35 9 68 30 77 60 13 60 89 35 9 68
30 77 60 89 35 9 68 30 77 60 89 13 60 89 35 9 68
30 77 13 77 60 89 35 9 68 30 77 60 89 35 9 68
30 77 60 13 77 60 89 35 9 68 30 77 60 89 35 9 68
30 77 60 13 60 89 35 9 68 30 77 60 89 35 9 68
30 77 60 89 13 60 89 35 9 68 30 77 60 89 35 9 68

61 38 89 85 73 55 6 61 38 89 85 73 55 6
61 38 89 85 73 55 6 61 38 19 38 89 85 73 55 6
61 38 89 85 73 55 6 61 38 89 19 38 89 85 73 55 6
61 38 89 85 73 55 6 61 38 89 19 89 85 73 55 6
61 38 89 85 73 55 6 61 38 89 85 19 89 85 73 55 6
61 38 19 38 89 85 73 55 6 61 38 89 85 73 55 6
61 38 89 19 38 89 85 73 55 6 61 38 89 85 73 55 6
61 38 89 19 89 85 73 55 6 61 38 89 85 73 55 6
61 38 89 85 19 89 85 73 55 6 61 38 89 85 73 55 6

17 86 42 65 52 66 48 17 86 42 65 52 66 48
17 86 42 65 52 66 48 17 86 13 86 42 65 52 66 48
17 86 42 65 52 66 48 17 86 42 13 86 42 65 52 66 48
17 86 42 65 52 66 48 17 86 42 13 42 65 52 66 48
17 86 42 65 52 66 48 17 86 42 65 13 42 65 52 66 48
17 86 13 86 42 65 52 66 48 17 86 42 65 52 66 48
17 86 42 13 86 42 65 52 66 48 17 86 42 65 52 66 48
17 86 42 13 42 65 52 66 48 17 86 42 65 52 66 48
17 86 42 65 13 42 65 52 66 48 17 86 42 65 52 66 48

8 79 69 43 31 66 86 8 79 69 43 31 66 86
8 79 69 43 31 66 86 8 79 5 79 69 43 31 66 86
8 79 69 43 31 66 86 8 79 69 5 79 69 43 31 66 86
8 79 69 43 31 66 86 8 79 69 5 69 43 31 66 86
8 79 69 43 31 66 86 8 79 69 43 5 69 43 31 66 86
8 79 5 79 69 43 31 66 86 8 79 69 43 31 66 86
8 79 69 5 79 69 43 31 66 86 8 79 69 43 31 66 86
8 79 69 5 69 43 31 66 86 8 79 69 43 31 66 86
8 79 69 43 5 69 43 31 66 86 8 79 69 43 31 66 86

52 48 15 35 50 61 64 52 48 15 35 50 61 64
52 48 15 35 50 61 64 52 48 10 48 15 35 50 61 64
52 48 15 35 50 61 64 52 48 15 10 48 15 35 50 61 64
52 48 15 35 50 61 64 52 48 15 10 15 35 50 61 64
52 48 15 35 50 61 64 52 48 15 35 10 15 35 50 61 64
52 48 10 48 15 35 50 61 64 52 48 15 35 50 61 64
52 48 15 10 48 15 35 50 61 64 52 48 15 35 50 61 64
52 48 15 10 15 35 50 61 64 52 48 15 35 50 61 64
52 48 15 35 10 15 35 50 61 64 52 48 15 35 50 61 64

11 25 43 51 93 91 91 11 25 43 51 93 91 91
11 25 43 51 93 91 91 11 25 9 25 43 51 93 91 91
11 25 43 51 93 91 91 11 25 43 9 25 43 51 93 91 91
11 25 43 51 93 91 91 11 25 43 9 43 51 93 91 91
11 25 43 51 93 91 91 11 25 43 51 9 43 51 93 91 91
11 25 9 25 43 51 93 91 91 11 25 43 51 93 91 91
11 25 43 9 25 43 51 93 91 91 11 25 43 51 93 91 91
11 25 43 9 43 51 93 91 91 11 25 43 51 93 91 91
11 25 43 51 9 43 51 93 91 91 11 25 43 51 93 91 91

60 81 29 82 91 76 60 60 81 29 82 91 76 60
60 81 29 82 91 76 60 60 81 16 81 29 82 91 76 60
60 81 29 82 91 76 60 60 81 29 16 81 29 82 91 76 60
60 81 29 82 91 76 60 60 81 29 16 29 82 91 76 60
60 81 29 82 91 76 60 60 81 29 82 16 29 82 91 76 60
60 81 16 81 29 82 91 76 60 60 81 29 82 91 76 60
60 81 29 16 81 29 82 91 76 60 60 81 29 82 91 76 60
60 81 29 16 29 82 91 76 60 60 81 29 82 91 76 60
60 81 29 82 16 29 82 91 76 60 60 81 29 82 91 76 60

50 50 30 28 99 41 22 50 50 30 28 99 41 22
50 50 30 28 99 41 22 50 50 8 50 30 28 99 41 22
50 50 30 28 99 41 22 50 50 30 8 50 30 28 99 41 22
50 50 30 28 99 41 22 50 50 30 8 30 28 99 41 22
50 50 30 28 99 41 22 50 50 30 28 8 30 28 99 41 22
50 50 8 50 30 28 99 41 22 50 50 30 28 99 41 22
50 50 30 8 50 30 28 99 41 22 50 50 30 28 99 41 22
50 50 30 8 30 28 99 41 22 50 50 30 28 99 41 22
50 50 30 28 8 30 28 99 41 22 50 50 30 28 99 41 22

14 11 35 31 59 37 93 14 11 35 31 59 37 93
14 11 35 31 59 37 93 14 11 10 11 35 31 59 37 93
14 11 35 31 59 37 93 14 11 35 10 11 35 31 59 37 93
14 11 35 31 59 37 93 14 11 35 10 35 31 59 37 93
14 11 35 31 59 37 93 14 11 35 31 10 35 31 59 37 93
14 11 10 11 35 31 59 37 93 14 11 35 31 59 37 93
14 11 35 10 11 35 31 59 37 93 14 11 35 31 59 37 93
14 11 35 10 35 31 59 37 93 14 11 35 31 59 37 93
14 11 35 31 10 35 31 59 37 93 14 11 35 31 59 37 93

83 23 88 57 73 41 93 83 23 88 57 73 41 93
83 23 88 57 73 41 93 83 23 12 23 88 57 73 41 93
83 23 88 57 73 41 93 83 23 88 12 23 88 57 73 41 93
83 23 88 57 73 41 93 83 23 88 12 88 57 73 41 93
83 23 88 57 73 41 93 83 23 88 57 12 88 57 73 41 93
83 23 12 23 88 57 73 41 93 83 23 88 57 73 41 93
83 23 88 12 23 88 57 73 41 93 83 23 88 57 73 41 93
83 23 88 12 88 57 73 41 93 83 23 88 57 73 41 93
83 23 88 57 12 88 57 73 41 93 83 23 88 57 73 41 93

43 9 21 63 83 96 24 43 9 21 63 83 96 24
43 9 21 63 83 96 24 43 9 11 9 21 63 83 96 24
43 9 21 63 83 96 24 43 9 21 11 9 21 63 83 96 24
43 9 21 63 83 96 24 43 9 21 11 21 63 83 96 24
43 9 21 63 83 96 24 43 9 21 63 11 21 63 83 96 24
43 9 11 9 21 63 83 96 24 43 9 21 63 83 96 24
43 9 21 11 9 21 63 83 96 24 43 9 21 63 83 96 24
43 9 21 11 21 63 83 96 24 43 9 21 63 83 96 24
43 9 21 63 11 21 63 83 96 24 43 9 21 63 83 96 24

51 62 84 38 56 63 5 51 62 84 38 56 63 5
51 62 84 38 56 63 5 51 62 5 62 84 38 56 63 5
51 62 84 38 56 63 5 51 62 84 5 62 84 38 56 63 5
51 62 84 38 56 63 5 51 62 84 5 84 38 56 63 5
51 62 84 38 56 63 5 51 62 84 38 5 84 38 56 63 5
51 62 5 62 84 38 56 63 5 51 62 84 38 56 63 5
51 62 84 5 62 84 38 56 63 5 51 62 84 38 56 63 5
51 62 84 5 84 38 56 63 5 51 62 84 38 56 63 5
51 62 84 38 5 84 38 56 63 5 51 62 84 38 56 63 5

13 75 76 21 39 54 15 13 75 76 21 39 54 15
13 75 76 21 39 54 15 13 75 16 75 76 21 39 54 15
13 75 76 21 39 54 15 13 75 76 16 75 76 21 39 54 15
13 75 76 21 39 54 15 13 75 76 16 76 21 39 54 15
13 75 76 21 39 54 15 13 75 76 21 16 76 21 39 54 15
13 75 16 75 76 21 39 54 15 13 75 76 21 39 54 15
13 75 76 16 75 76 21 39 54 15 13 75 76 21 39 54 15
13 75 76 16 76 21 39 54 15 13 75 76 21 39 54 15
13 75 76 21 16 76 21 39 54 15 13 75 76 21 39 54 15

54 30 59 30 9 9 58 54 30 59 30 9 9 58
54 30 59 30 9 9 58 54 30 9 30 59 30 9 9 58
54 30 59 30 9 9 58 54 30 59 9 30 59 30 9 9 58
54 30 59 30 9 9 58 54 30 59 9 59 30 9 9 58
54 30 59 30 9 9 58 54 30 59 30 9 59 30 9 9 58
54 30 9 30 59 30 9 9 58 54 30 59 30 9 9 58
54 30 59 9 30 59 30 9 9 58 54 30 59 30 9 9 58
54 30 59 9 59 30 9 9 58 54 30 59 30 9 9 58
54 30 59 30 9 59 30 9 9 58 54 30 59 30 9 9 58

60 28 67 37 57 37 85 60 28 67 37 57 37 85
60 28 67 37 57 37 85 60 28 20 28 67 37 57 37 85
60 28 67 37 57 37 85 60 28 67 20 28 67 37 57 37 85
60 28 67 37 57 37 85 60 28 67 20 67 37 57 37 85
60 28 67 37 57 37 85 60 28 67 37 20 67 37 57 37 85
60 28 20 28 67 37 57 37 85 60 28 67 37 57 37 85
60 28 67 20 28 67 37 57 37 85 60 28 67 37 57 37 85
60 28 67 20 67 37 57 37 85 60 28 67 37 57 37 85
60 28 67 37 20 67 37 57 37 85 60 28 67 37 57 37 85

14 46 55 64 26 77 71 14 46 55 64 26 77 71
14 46 55 64 26 77 71 14 46 20 46 55 64 26 77 71
14 46 55 64 26 77 71 14 46 55 20 46 55 64 26 77 71
14 46 55 64 26 77 71 14 46 55 20 55 64 26 77 71
14 46 55 64 26 77 71 14 46 55 64 20 55 64 26 77 71
14 46 20 46 55 64 26 77 71 14 46 55 64 26 77 71
14 46 55 20 46 55 64 26 77 71 14 46 55 64 26 77 71
14 46 55 20 55 64 26 77 71 14 46 55 64 26 77 71
14 46 55 64 20 55 64 26 77 71 14 46 55 64 26 77 71

21 46 68 10 32 54 50 21 46 68 10 32 54 50
21 46 68 10 32 54 50 21 46 13 46 68 10 32 54 50
21 46 68 10 32 54 50 21 46 68 13 46 68 10 32 54 50
21 46 68 10 32 54 50 21 46 68 13 68 10 32 54 50
21 46 68 10 32 54 50 21 46 68 10 13 68 10 32 54 50
21 46 13 46 68 10 32 54 50 21 46 68 10 32 54 50
21 46 68 13 46 68 10 32 54 50 21 46 68 10 32 54 50
21 46 68 13 68 10 32 54 50 21 46 68 10 32 54 50
21 46 68 10 13 68 10 32 54 50 21 46 68 10 32 54 50

36 33 22 94 49 83 17 36 33 22 94 49 83 17
36 33 22 94 49 83 17 36 33 7 33 22 94 49 83 17
36 33 22 94 49 83 17 36 33 22 7 33 22 94 49 83 17
36 33 22 94 49 83 17 36 33 22 7 22 94 49 83 17
36 33 22 94 49 83 17 36 33 22 94 7 22 94 49 83 17
36 33 7 33 22 94 49 83 17 36 33 22 94 49 83 17
36 33 22 7 33 22 94 49 83 17 36 33 22 94 49 83 17
36 33 22 7 22 94 49 83 17 36 33 22 94 49 83 17
36 33 22 94 7 22 94 49 83 17 36 33 22 94 49 83 17

98 62 58 12 11 82 72 98 62 58 12 11 82 72
98 62 58 12 11 82 72 98 62 8 62 58 12 11 82 72
98 62 58 12 11 82 72 98 62 58 8 62 58 12 11 82 72
98 62 58 12 11 82 72 98 62 58 8 58 12 11 82 72
98 62 58 12 11 82 72 98 62 58 12 8 58 12 11 82 72
98 62 8 62 58 12 11 82 72 98 62 58 12 11 82 72
98 62 58 8 62 58 12 11 82 72 98 62 58 12 11 82 72
98 62 58 8 58 12 11 82 72 98 62 58 12 11 82 72
98 62 58 12 8 58 12 11 82 72 98 62 58 12 11 82 72

28 92 7 33 68 53 58 28 92 7 33 68 53 58
28 92 7 33 68 53 58 28 92 10 92 7 33 68 53 58
28 92 7 33 68 53 58 28 92 7 10 92 7 33 68 53 58
28 92 7 33 68 53 58 28 92 7 10 7 33 68 53 58
28 92 7 33 68 53 58 28 92 7 33 10 7 33 68 53 58
28 92 10 92 7 33 68 53 58 28 92 7 33 68 53 58
28 92 7 10 92 7 33 68 53 58 28 92 7 33 68 53 58
28 92 7 10 7 33 68 53 58 28 92 7 33 68 53 58
28 92 7 33 10 7 33 68 53 58 28 92 7 33 68 53 58

42 55 91 6 99 89 37 42 55 91 6 99 89 37
42 55 91 6 99 89 37 42 55 6 55 91 6 99 89 37
42 55 91 6 99 89 37 42 55 91 6 55 91 6 99 89 37
42 55 91 6 99 89 37 42 55 91 6 91 6 99 89 37
42 55 91 6 99 89 37 42 55 91 6 6 91 6 99 89 37
42 55 6 55 91 6 99 89 37 42 55 91 6 99 89 37
42 55 91 6 55 91 6 99 89 37 42 55 91 6 99 89 37
42 55 91 6 91 6 99 89 37 42 55 91 6 99 89 37
42 55 91 6 6 91 6 99 89 37 42 55 91 6 99 89 37

66 86 43 91 42 51 17 66 86 43 91 42 51 17
66 86 43 91 42 51 17 66 86 11 86 43 91 42 51 17
66 86 43 91 42 51 17 66 86 43 11 86 43 91 42 51 17
66 86 43 91 42 51 17 66 86 43 11 43 91 42 51 17
66 86 43 91 42 51 17 66 86 43 91 11 43 91 42 51 17
66 86 11 86 43 91 42 51 17 66 86 43 91 42 51 17
66 86 43 11 86 43 91 42 51 17 66 86 43 91 42 51 17
66 86 43 11 43 91 42 51 17 66 86 43 91 42 51 17
66 86 43 91 11 43 91 42 51 17 66 86 43 91 42 51 17

47 68 34 60 81 90 31 47 68 34 60 81 90 31
47 68 34 60 81 90 31 47 68 18 68 34 60 81 90 31
47 68 34 60 81 90 31 47 68 34 18 68 34 60 81 90 31
47 68 34 60 81 90 31 47 68 34 18 34 60 81 90 31
47 68 34 60 81 90 31 47 68 34 60 18 34 60 81 90 31
47 68 18 68 34 60 81 90 31 47 68 34 60 81 90 31
47 68 34 18 68 34 60 81 90 31 47 68 34 60 81 90 31
47 68 34 18 34 60 81 90 31 47 68 34 60 81 90 31
47 68 34 60 18 34 60 81 90 31 47 68 34 60 81 90 31

59 33 26 48 19 39 65 59 33 26 48 19 39 65
59 33 26 48 19 39 65 59 33 10 33 26 48 19 39 65
59 33 26 48 19 39 65 59 33 26 10 33 26 48 19 39 65
59 33 26 48 19 39 65 59 33 26 10 26 48 19 39 65
59 33 26 48 19 39 65 59 33 26 48 10 26 48 19 39 65
59 33 10 33 26 48 19 39 65 59 33 26 48 19 39 65
59 33 26 10 33 26 48 19 39 65 59 33 26 48 19 39 65
59 33 26 10 26 48 19 39 65 59 33 26 48 19 39 65
59 33 26 48 10 26 48 19 39 65 59 33 26 48 19 39 65

69 50 73 91 73 80 75 69 50 73 91 73 80 75
69 50 73 91 73 80 75 69 50 15 50 73 91 73 80 75
69 50 73 91 73 80 75 69 50 73 15 50 73 91 73 80 75
69 50 73 91 73 80 75 69 50 73 15 73 91 73 80 75
69 50 73 91 73 80 75 69 50 73 91 15 73 91 73 80 75
69 50 15 50 73 91 73 80 75 69 50 73 91 73 80 75
69 50 73 15 50 73 91 73 80 75 69 50 73 91 73 80 75
69 50 73 15 73 91 73 80 75 69 50 73 91 73 80 75
69 50 73 91 15 73 91 73 80 75 69 50 73 91 73 80 75

51 80 94 74 42 5 80 51 80 94 74 42 5 80
51 80 94 74 42 5 80 51 80 7 80 94 74 42 5 80
51 80 94 74 42 5 80 51 80 94 7 80 94 74 42 5 80
51 80 94 74 42 5 80 51 80 94 7 94 74 42 5 80
51 80 94 74 42 5 80 51 80 94 74 7 94 74 42 5 80
51 80 7 80 94 74 42 5 80 51 80 94 74 42 5 80
51 80 94 7 80 94 74 42 5 80 51 80 94 74 42 5 80
51 80 94 7 94 74 42 5 80 51 80 94 74 42 5 80
51 80 94 74 7 94 74 42 5 80 51 80 94 74 42 5 80

73 15 67 9 77 26 25 73 15 67 9 77 26 25
73 15 67 9 77 26 25 73 15 17 15 67 9 77 26 25
73 15 67 9 77 26 25 73 15 67 17 15 67 9 77 26 25
73 15 67 9 77 26 25 73 15 67 17 67 9 77 26 25
73 15 67 9 77 26 25 73 15 67 9 17 67 9 77 26 25
73 15 17 15 67 9 77 26 25 73 15 67 9 77 26 25
73 15 67 17 15 67 9 77 26 25 73 15 67 9 77 26 25
73 15 67 17 67 9 77 26 25 73 15 67 9 77 26 25
73 15 67 9 17 67 9 77 26 25 73 15 67 9 77 26 25

99 92 42 43 93 38 46 99 92 42 43 93 38 46
99 92 42 43 93 38 46 99 92 6 92 42 43 93 38 46
99 92 42 43 93 38 46 99 92 42 6 92 42 43 93 38 46
99 92 42 43 93 38 46 99 92 42 6 42 43 93 38 46
99 92 42 43 93 38 46 99 92 42 43 6 42 43 93 38 46
99 92 6 92 42 43 93 38 46 99 92 42 43 93 38 46
99 92 42 6 92 42 43 93 38 46 99 92 42 43 93 38 46
99 92 42 6 42 43 93 38 46 99 92 42 43 93 38 46
99 92 42 43 6 42 43 93 38 46 99 92 42 43 93 38 46

56 87 26 76 61 6 78 56 87 26 76 61 6 78
56 87 26 76 61 6 78 56 87 7 87 26 76 61 6 78
56 87 26 76 61 6 78 56 87 26 7 87 26 76 61 6 78
56 87 26 76 61 6 78 56 87 26 7 26 76 61 6 78
56 87 26 76 61 6 78 56 87 26 76 7 26 76 61 6 78
56 87 7 87 26 76 61 6 78 56 87 26 76 61 6 78
56 87 26 7 87 26 76 61 6 78 56 87 26 76 61 6 78
56 87 26 7 26 76 61 6 78 56 87 26 76 61 6 78
56 87 26 76 7 26 76 61 6 78 56 87 26 76 61 6 78

77 22 28 25 80 53 22 77 22 28 25 80 53 22
77 22 28 25 80 53 22 77 22 11 22 28 25 80 53 22
77 22 28 25 80 53 22 77 22 28 11 22 28 25 80 53 22
77 22 28 25 80 53 22 77 22 28 11 28 25 80 53 22
77 22 28 25 80 53 22 77 22 28 25 11 28 25 80 53 22
77 22 11 22 28 25 80 53 22 77 22 28 25 80 53 22
77 22 28 11 22 28 25 80 53 22 77 22 28 25 80 53 22
77 22 28 11 28 25 80 53 22 77 22 28 25 80 53 22
77 22 28 25 11 28 25 80 53 22 77 22 28 25 80 53 22

21 52 59 22 25 74 93 21 52 59 22 25 74 93
21 52 59 22 25 74 93 21 52 5 52 59 22 25 74 93
21 52 59 22 25 74 93 21 52 59 5 52 59 22 25 74 93
21 52 59 22 25 74 93 21 52 59 5 59 22 25 74 93
21 52 59 22 25 74 93 21 52 59 22 5 59 22 25 74 93
21 52 5 52 59 22 25 74 93 21 52 59 22 25 74 93
21 52 59 5 52 59 22 25 74 93 21 52 59 22 25 74 93
21 52 59 5 59 22 25 74 93 21 52 59 22 25 74 93
21 52 59 22 5 59 22 25 74 93 21 52 59 22 25 74 93

51 35 44 74 86 87 64 51 35 44 74 86 87 64
51 35 44 74 86 87 64 51 35 16 35 44 74 86 87 64
51 35 44 74 86 87 64 51 35 44 16 35 44 74 86 87 64
51 35 44 74 86 87 64 51 35 44 16 44 74 86 87 64
51 35 44 74 86 87 64 51 35 44 74 16 44 74 86 87 64
51 35 16 35 44 74 86 87 64 51 35 44 74 86 87 64
51 35 44 16 35 44 74 86 87 64 51 35 44 74 86 87 64
51 35 44 16 44 74 86 87 64 51 35 44 74 86 87 64
51 35 44 74 16 44 74 86 87 64 51 35 44 74 86 87 64

48 94 77 30 55 66 98 48 94 77 30 55 66 98
48 94 77 30 55 66 98 48 94 14 94 77 30 55 66 98
48 94 77 30 55 66 98 48 94 77 14 94 77 30 55 66 98
48 94 77 30 55 66 98 48 94 77 14 77 30 55 66 98
48 94 77 30 55 66 98 48 94 77 30 14 77 30 55 66 98
48 94 14 94 77 30 55 66 98 48 94 77 30 55 66 98
48 94 77 14 94 77 30 55 66 98 48 94 77 30 55 66 98
48 94 77 14 77 30 55 66 98 48 94 77 30 55 66 98
48 94 77 30 14 77 30 55 66 98 48 94 77 30 55 66 98

17 25 46 81 17 7 19 17 25 46 81 17 7 19
17 25 46 81 17 7 19 17 25 19 25 46 81 17 7 19
17 25 46 81 17 7 19 17 25 46 19 25 46 81 17 7 19
17 25 46 81 17 7 19 17 25 46 19 46 81 17 7 19
17 25 46 81 17 7 19 17 25 46 81 19 46 81 17 7 19
17 25 19 25 46 81 17 7 19 17 25 46 81 17 7 19
17 25 46 19 25 46 81 17 7 19 17 25 46 81 17 7 19
17 25 46 19 46 81 17 7 19 17 25 46 81 17 7 19
17 25 46 81 19 46 81 17 7 19 17 25 46 81 17 7 19

99 21 95 25 52 13 38 99 21 95 25 52 13 38
99 21 95 25 52 13 38 99 21 13 21 95 25 52 13 38
99 21 95 25 52 13 38 99 21 95 13 21 95 25 52 13 38
99 21 95 25 52 13 38 99 21 95 13 95 25 52 13 38
99 21 95 25 52 13 38 99 21 95 25 13 95 25 52 13 38
99 21 13 21 95 25 52 13 38 99 21 95 25 52 13 38
99 21 95 13 21 95 25 52 13 38 99 21 95 25 52 13 38
99 21 95 13 95 25 52 13 38 99 21 95 25 52 13 38
99 21 95 25 13 95 25 52 13 38 99 21 95 25 52 13 38

39 26 9 81 31 7 100 39 26 9 81 31 7 100
39 26 9 81 31 7 100 39 26 19 26 9 81 31 7 100
39 26 9 81 31 7 100 39 26 9 19 26 9 81 31 7 100
39 26 9 81 31 7 100 39 26 9 19 9 81 31 7 100
39 26 9 81 31 7 100 39 26 9 81 19 9 81 31 7 100
39 26 19 26 9 81 31 7 100 39 26 9 81 31 7 100
39 26 9 19 26 9 81 31 7 100 39 26 9 81 31 7 100
39 26 9 19 9 81 31 7 100 39 26 9 81 31 7 100
39 26 9 81 19 9 81 31 7 100 39 26 9 81 31 7 100

26 89 50 81 55 63 86 26 89 50 81 55 63 86
26 89 50 81 55 63 86 26 89 8 89 50 81 55 63 86
26 89 50 81 55 63 86 26 89 50 8 89 50 81 55 63 86
26 89 50 81 55 63 86 26 89 50 8 50 81 55 63 86
26 89 50 81 55 63 86 26 89 50 81 8 50 81 55 63 86
26 89 8 89 50 81 55 63 86 26 89 50 81 55 63 86
26 89 50 8 89 50 81 55 63 86 26 89 50 81 55 63 86
26 89 50 8 50 81 55 63 86 26 89 50 81 55 63 86
26 89 50 81 8 50 81 55 63 86 26 89 50 81 55 63 86

82 84 19 31 18 39 83 82 84 19 31 18 39 83
82 84 19 31 18 39 83 82 84 8 84 19 31 18 39 83
82 84 19 31 18 39 83 82 84 19 8 84 19 31 18 39 83
82 84 19 31 18 39 83 82 84 19 8 19 31 18 39 83
82 84 19 31 18 39 83 82 84 19 31 8 19 31 18 39 83
82 84 8 84 19 31 18 39 83 82 84 19 31 18 39 83
82 84 19 8 84 19 31 18 39 83 82 84 19 31 18 39 83
82 84 19 8 19 31 18 39 83 82 84 19 31 18 39 83
82 84 19 31 8 19 31 18 39 83 82 84 19 31 18 39 83

12 75 17 74 25 48 22 12 75 17 74 25 48 22
12 75 17 74 25 48 22 12 75 13 75 17 74 25 48 22
12 75 17 74 25 48 22 12 75 17 13 75 17 74 25 48 22
12 75 17 74 25 48 22 12 75 17 13 17 74 25 48 22
12 75 17 74 25 48 22 12 75 17 74 13 17 74 25 48 22
12 75 13 75 17 74 25 48 22 12 75 17 74 25 48 22
12 75 17 13 75 17 74 25 48 22 12 75 17 74 25 48 22
12 75 17 13 17 74 25 48 22 12 75 17 74 25 48 22
12 75 17 74 13 17 74 25 48 22 12 75 17 74 25 48 22

13 65 28 25 71 88 62 13 65 28 25 71 88 62
13 65 28 25 71 88 62 13 65 11 65 28 25 71 88 62
13 65 28 25 71 88 62 13 65 28 11 65 28 25 71 88 62
13 65 28 25 71 88 62 13 65 28 11 28 25 71 88 62
13 65 28 25 71 88 62 13 65 28 25 11 28 25 71 88 62
13 65 11 65 28 25 71 88 62 13 65 28 25 71 88 62
13 65 28 11 65 28 25 71 88 62 13 65 28 25 71 88 62
13 65 28 11 28 25 71 88 62 13 65 28 25 71 88 62
13 65 28 25 11 28 25 71 88 62 13 65 28 25 71 88 62

20 45 71 77 27 38 62 20 45 71 77 27 38 62
20 45 71 77 27 38 62 20 45 8 45 71 77 27 38 62
20 45 71 77 27 38 62 20 45 71 8 45 71 77 27 38 62
20 45 71 77 27 38 62 20 45 71 8 71 77 27 38 62
20 45 71 77 27 38 62 20 45 71 77 8 71 77 27 38 62
20 45 8 45 71 77 27 38 62 20 45 71 77 27 38 62
20 45 71 8 45 71 77 27 38 62 20 45 71 77 27 38 62
20 45 71 8 71 77 27 38 62 20 45 71 77 27 38 62
20 45 71 77 8 71 77 27 38 62 20 45 71 77 27 38 62

30 71 91 35 30 48 43 30 71 91 35 30 48 43
30 71 91 35 30 48 43 30 71 19 71 91 35 30 48 43
30 71 91 35 30 48 43 30 71 91 19 71 91 35 30 48 43
30 71 91 35 30 48 43 30 71 91 19 91 35 30 48 43
30 71 91 35 30 48 43 30 71 91 35 19 91 35 30 48 43
30 71 19 71 91 35 30 48 43 30 71 91 35 30 48 43
30 71 91 19 71 91 35 30 48 43 30 71 91 35 30 48 43
30 71 91 19 91 35 30 48 43 30 71 91 35 30 48 43
30 71 91 35 19 91 35 30 48 43 30 71 91 35 30 48 43

80 71 18 38 89 14 32 80 71 18 38 89 14 32
80 71 18 38 89 14 32 80 71 10 71 18 38 89 14 32
80 71 18 38 89 14 32 80 71 18 10 71 18 38 89 14 32
80 71 18 38 89 14 32 80 71 18 10 18 38 89 14 32
80 71 18 38 89 14 32 80 71 18 38 10 18 38 89 14 32
80 71 10 71 18 38 89 14 32 80 71 18 38 89 14 32
80 71 18 10 71 18 38 89 14 32 80 71 18 38 89 14 32
80 71 18 10 18 38 89 14 32 80 71 18 38 89 14 32
80 71 18 38 10 18 38 89 14 32 80 71 18 38 89 14 32

69 38 79 90 95 18 92 69 38 79 90 95 18 92
69 38 79 90 95 18 92 69 38 13 38 79 90 95 18 92
69 38 79 90 95 18 92 69 38 79 13 38 79 90 95 18 92
69 38 79 90 95 18 92 69 38 79 13 79 90 95 18 92
69 38 79 90 95 18 92 69 38 79 90 13 79 90 95 18 92
69 38 13 38 79 90 95 18 92 69 38 79 90 95 18 92
69 38 79 13 38 79 90 95 18 92 69 38 79 90 95 18 92
69 38 79 13 79 90 95 18 92 69 38 79 90 95 18 92
69 38 79 90 13 79 90 95 18 92 69 38 79 90 95 18 92

58 22 8 72 85 83 10 58 22 8 72 85 83 10
58 22 8 72 85 83 10 58 22 11 22 8 72 85 83 10
58 22 8 72 85 83 10 58 22 8 11 22 8 72 85 83 10
58 22 8 72 85 83 10 58 22 8 11 8 72 85 83 10
58 22 8 72 85 83 10 58 22 8 72 11 8 72 85 83 10
58 22 11 22 8 72 85 83 10 58 22 8 72 85 83 10
58 22 8 11 22 8 72 85 83 10 58 22 8 72 85 83 10
58 22 8 11 8 72 85 83 10 58 22 8 72 85 83 10
58 22 8 72 11 8 72 85 83 10 58 22 8 72 85 83 10

10 39 90 59 77 6 56 10 39 90 59 77 6 56
10 39 90 59 77 6 56 10 39 10 39 90 59 77 6 56
10 39 90 59 77 6 56 10 39 90 10 39 90 59 77 6 56
10 39 90 59 77 6 56 10 39 90 10 90 59 77 6 56
10 39 90 59 77 6 56 10 39 90 59 10 90 59 77 6 56
10 39 10 39 90 59 77 6 56 10 39 90 59 77 6 56
10 39 90 10 39 90 59 77 6 56 10 39 90 59 77 6 56
10 39 90 10 90 59 77 6 56 10 39 90 59 77 6 56
10 39 90 59 10 90 59 77 6 56 10 39 90 59 77 6 56

91 98 50 55 55 10 78 91 98 50 55 55 10 78
91 98 50 55 55 10 78 91 98 12 98 50 55 55 10 78
91 98 50 55 55 10 78 91 98 50 12 98 50 55 55 10 78
91 98 50 55 55 10 78 91 98 50 12 50 55 55 10 78
91 98 50 55 55 10 78 91 98 50 55 12 50 55 55 10 78
91 98 12 98 50 55 55 10 78 91 98 50 55 55 10 78
91 98 50 12 98 50 55 55 10 78 91 98 50 55 55 10 78
91 98 50 12 50 55 55 10 78 91 98 50 55 55 10 78
91 98 50 55 12 50 55 55 10 78 91 98 50 55 55 10 78

78 33 72 34 25 29 43 78 33 72 34 25 29 43
78 33 72 34 25 29 43 78 33 16 33 72 34 25 29 43
78 33 72 34 25 29 43 78 33 72 16 33 72 34 25 29 43
78 33 72 34 25 29 43 78 33 72 16 72 34 25 29 43
78 33 72 34 25 29 43 78 33 72 34 16 72 34 25 29 43
78 33 16 33 72 34 25 29 43 78 33 72 34 25 29 43
78 33 72 16 33 72 34 25 29 43 78 33 72 34 25 29 43
78 33 72 16 72 34 25 29 43 78 33 72 34 25 29 43
78 33 72 34 16 72 34 25 29 43 78 33 72 34 25 29 43

100 38 24 62 81 55 62 100 38 24 62 81 55 62
100 38 24 62 81 55 62 100 38 20 38 24 62 81 55 62
100 38 24 62 81 55 62 100 38 24 20 38 24 62 81 55 62
100 38 24 62 81 55 62 100 38 24 20 24 62 81 55 62
100 38 24 62 81 55 62 100 38 24 62 20 24 62 81 55 62
100 38 20 38 24 62 81 55 62 100 38 24 62 81 55 62
100 38 24 20 38 24 62 81 55 62 100 38 24 62 81 55 62
100 38 24 20 24 62 81 55 62 100 38 24 62 81 55 62
100 38 24 62 20 24 62 81 55 62 100 38 24 62 81 55 62

50 94 87 33 16 43 69 50 94 87 33 16 43 69
50 94 87 33 16 43 69 50 94 11 94 87 33 16 43 69
50 94 87 33 16 43 69 50 94 87 11 94 87 33 16 43 69
50 94 87 33 16 43 69 50 94 87 11 87 33 16 43 69
50 94 87 33 16 43 69 50 94 87 33 11 87 33 16 43 69
50 94 11 94 87 33 16 43 69 50 94 87 33 16 43 69
50 94 87 11 94 87 33 16 43 69 50 94 87 33 16 43 69
50 94 87 11 87 33 16 43 69 50 94 87 33 16 43 69
50 94 87 33 11 87 33 16 43 69 50 94 87 33 16 43 69

82 79 99 90 12 43 100 82 79 99 90 12 43 100
82 79 99 90 12 43 100 82 79 6 79 99 90 12 43 100
82 79 99 90 12 43 100 82 79 99 6 79 99 90 12 43 100
82 79 99 90 12 43 100 82 79 99 6 99 90 12 43 100
82 79 99 90 12 43 100 82 79 99 90 6 99 90 12 43 100
82 79 6 79 99 90 12 43 100 82 79 99 90 12 43 100
82 79 99 6 79 99 90 12 43 100 82 79 99 90 12 43 100
82 79 99 6 99 90 12 43 100 82 79 99 90 12 43 100
82 79 99 90 6 99 90 12 43 100 82 79 99 90 12 43 100

63 28 99 41 94 93 7 63 28 99 41 94 93 7
63 28 99 41 94 93 7 63 28 5 28 99 41 94 93 7
63 28 99 41 94 93 7 63 28 99 5 28 99 41 94 93 7
63 28 99 41 94 93 7 63 28 99 5 99 41 94 93 7
63 28 99 41 94 93 7 63 28 99 41 5 99 41 94 93 7
63 28 5 28 99 41 94 93 7 63 28 99 41 94 93 7
63 28 99 5 28 99 41 94 93 7 63 28 99 41 94 93 7
63 28 99 5 99 41 94 93 7 63 28 99 41 94 93 7
63 28 99 41 5 99 41 94 93 7 63 28 99 41 94 93 7

21 59 99 73 72 50 24 21 59 99 73 72 50 24
21 59 99 73 72 50 24 21 59 9 59 99 73 72 50 24
21 59 99 73 72 50 24 21 59 99 9 59 99 73 72 50 24
21 59 99 73 72 50 24 21 59 99 9 99 73 72 50 24
21 59 99 73 72 50 24 21 59 99 73 9 99 73 72 50 24
21 59 9 59 99 73 72 50 24 21 59 99 73 72 50 24
21 59 99 9 59 99 73 72 50 24 21 59 99 73 72 50 24
21 59 99 9 99 73 72 50 24 21 59 99 73 72 50 24
21 59 99 73 9 99 73 72 50 24 21 59 99 73 72 50 24

37 40 20 14 25 33 87 37 40 20 14 25 33 87
37 40 20 14 25 33 87 37 40 5 40 20 14 25 33 87
37 40 20 14 25 33 87 37 40 20 5 40 20 14 25 33 87
37 40 20 14 25 33 87 37 40 20 5 20 14 25 33 87
37 40 20 14 25 33 87 37 40 20 14 5 20 14 25 33 87
37 40 5 40 20 14 25 33 87 37 40 20 14 25 33 87
37 40 20 5 40 20 14 25 33 87 37 40 20 14 25 33 87
37 40 20 5 20 14 25 33 87 37 40 20 14 25 33 87
37 40 20 14 5 20 14 25 33 87 37 40 20 14 25 33 87

31 64 26 16 53 19 91 31 64 26 16 53 19 91
31 64 26 16 53 19 91 31 64 16 64 26 16 53 19 91
31 64 26 16 53 19 91 31 64 26 16 64 26 16 53 19 91
31 64 26 16 53 19 91 31 64 26 16 26 16 53 19 91
31 64 26 16 53 19 91 31 64 26 16 16 26 16 53 19 91
31 64 16 64 26 16 53 19 91 31 64 26 16 53 19 91
31 64 26 16 64 26 16 53 19 91 31 64 26 16 53 19 91
31 64 26 16 26 16 53 19 91 31 64 26 16 53 19 91
31 64 26 16 16 26 16 53 19 91 31 64 26 16 53 19 91

87 65 18 58 10 67 99 87 65 18 58 10 67 99
87 65 18 58 10 67 99 87 65 20 65 18 58 10 67 99
87 65 18 58 10 67 99 87 65 18 20 65 18 58 10 67 99
87 65 18 58 10 67 99 87 65 18 20 18 58 10 67 99
87 65 18 58 10 67 99 87 65 18 58 20 18 58 10 67 99
87 65 20 65 18 58 10 67 99 87 65 18 58 10 67 99
87 65 18 20 65 18 58 10 67 99 87 65 18 58 10 67 99
87 65 18 20 18 58 10 67 99 87 65 18 58 10 67 99
87 65 18 58 20 18 58 10 67 99 87 65 18 58 10 67 99

82 12 43 89 49 55 79 82 12 43 89 49 55 79
82 12 43 89 49 55 79 82 12 17 12 43 89 49 55 79
82 12 43 89 49 55 79 82 12 43 17 12 43 89 49 55 79
82 12 43 89 49 55 79 82 12 43 17 43 89 49 55 79
82 12 43 89 49 55 79 82 12 43 89 17 43 89 49 55 79
82 12 17 12 43 89 49 55 79 82 12 43 89 49 55 79
82 12 43 17 12 43 89 49 55 79 82 12 43 89 49 55 79
82 12 43 17 43 89 49 55 79 82 12 43 89 49 55 79
82 12 43 89 17 43 89 49 55 79 82 12 43 89 49 55 79

83 89 54 74 58 6 36 83 89 54 74 58 6 36
83 89 54 74 58 6 36 83 89 9 89 54 74 58 6 36
83 89 54 74 58 6 36 83 89 54 9 89 54 74 58 6 36
83 89 54 74 58 6 36 83 89 54 9 54 74 58 6 36
83 89 54 74 58 6 36 83 89 54 74 9 54 74 58 6 36
83 89 9 89 54 74 58 6 36 83 89 54 74 58 6 36
83 89 54 9 89 54 74 58 6 36 83 89 54 74 58 6 36
83 89 54 9 54 74 58 6 36 83 89 54 74 58 6 36
83 89 54 74 9 54 74 58 6 36 83 89 54 74 58 6 36

96 83 17 8 6 96 67 96 83 17 8 6 96 67
96 83 17 8 6 96 67 96 83 16 83 17 8 6 96 67
96 83 17 8 6 96 67 96 83 17 16 83 17 8 6 96 67
96 83 17 8 6 96 67 96 83 17 16 17 8 6 96 67
96 83 17 8 6 96 67 96 83 17 8 16 17 8 6 96 67
96 83 16 83 17 8 6 96 67 96 83 17 8 6 96 67
96 83 17 16 83 17 8 6 96 67 96 83 17 8 6 96 67
96 83 17 16 17 8 6 96 67 96 83 17 8 6 96 67
96 83 17 8 16 17 8 6 96 67 96 83 17 8 6 96 67

18 94 52 58 84 56 39 18 94 52 58 84 56 39
18 94 52 58 84 56 39 18 94 6 94 52 58 84 56 39
18 94 52 58 84 56 39 18 94 52 6 94 52 58 84 56 39
18 94 52 58 84 56 39 18 94 52 6 52 58 84 56 39
18 94 52 58 84 56 39 18 94 52 58 6 52 58 84 56 39
18 94 6 94 52 58 84 56 39 18 94 52 58 84 56 39
18 94 52 6 94 52 58 84 56 39 18 94 52 58 84 56 39
18 94 52 6 52 58 84 56 39 18 94 52 58 84 56 39
18 94 52 58 6 52 58 84 56 39 18 94 52 58 84 56 39

86 11 53 82 88 76 91 86 11 53 82 88 76 91
86 11 53 82 88 76 91 86 11 13 11 53 82 88 76 91
86 11 53 82 88 76 91 86 11 53 13 11 53 82 88 76 91
86 11 53 82 88 76 91 86 11 53 13 53 82 88 76 91
86 11 53 82 88 76 91 86 11 53 82 13 53 82 88 76 91
86 11 13 11 53 82 88 76 91 86 11 53 82 88 76 91
86 11 53 13 11 53 82 88 76 91 86 11 53 82 88 76 91
86 11 53 13 53 82 88 76 91 86 11 53 82 88 76 91
86 11 53 82 13 53 82 88 76 91 86 11 53 82 88 76 91

11 19 47 52 27 65 55 11 19 47 52 27 65 55
11 19 47 52 27 65 55 11 19 7 19 47 52 27 65 55
11 19 47 52 27 65 55 11 19 47 7 19 47 52 27 65 55
11 19 47 52 27 65 55 11 19 47 7 47 52 27 65 55
11 19 47 52 27 65 55 11 19 47 52 7 47 52 27 65 55
11 19 7 19 47 52 27 65 55 11 19 47 52 27 65 55
11 19 47 7 19 47 52 27 65 55 11 19 47 52 27 65 55
11 19 47 7 47 52 27 65 55 11 19 47 52 27 65 55
11 19 47 52 7 47 52 27 65 55 11 19 47 52 27 65 55

17 67 49 52 59 67 91 17 67 49 52 59 67 91
17 67 49 52 59 67 91 17 67 6 67 49 52 59 67 91
17 67 49 52 59 67 91 17 67 49 6 67 49 52 59 67 91
17 67 49 52 59 67 91 17 67 49 6 49 52 59 67 91
17 67 49 52 59 67 91 17 67 49 52 6 49 52 59 67 91
17 67 6 67 49 52 59 67 91 17 67 49 52 59 67 91
17 67 49 6 67 49 52 59 67 91 17 67 49 52 59 67 91
17 67 49 6 49 52 59 67 91 17 67 49 52 59 67 91
17 67 49 52 6 49 52 59 67 91 17 67 49 52 59 67 91

19 33 40 38 57 48 43 19 33 40 38 57 48 43
19 33 40 38 57 48 43 19 33 11 33 40 38 57 48 43
19 33 40 38 57 48 43 19 33 40 11 33 40 38 57 48 43
19 33 40 38 57 48 43 19 33 40 11 40 38 57 48 43
19 33 40 38 57 48 43 19 33 40 38 11 40 38 57 48 43
19 33 11 33 40 38 57 48 43 19 33 40 38 57 48 43
19 33 40 11 33 40 38 57 48 43 19 33 40 38 57 48 43
19 33 40 11 40 38 57 48 43 19 33 40 38 57 48 43
19 33 40 38 11 40 38 57 48 43 19 33 40 38 57 48 43

98 56 58 96 5 97 6 98 56 58 96 5 97 6
98 56 58 96 5 97 6 98 56 19 56 58 96 5 97 6
98 56 58 96 5 97 6 98 56 58 19 56 58 96 5 97 6
98 56 58 96 5 97 6 98 56 58 19 58 96 5 97 6
98 56 58 96 5 97 6 98 56 58 96 19 58 96 5 97 6
98 56 19 56 58 96 5 97 6 98 56 58 96 5 97 6
98 56 58 19 56 58 96 5 97 6 98 56 58 96 5 97 6
98 56 58 19 58 96 5 97 6 98 56 58 96 5 97 6
98 56 58 96 19 58 96 5 97 6 98 56 58 96 5 97 6

5 13 62 22 35 58 29 5 13 62 22 35 58 29
5 13 62 22 35 58 29 5 13 11 13 62 22 35 58 29
5 13 62 22 35 58 29 5 13 62 11 13 62 22 35 58 29
5 13 62 22 35 58 29 5 13 62 11 62 22 35 58 29
5 13 62 22 35 58 29 5 13 62 22 11 62 22 35 58 29
5 13 11 13 62 22 35 58 29 5 13 62 22 35 58 29
5 13 62 11 13 62 22 35 58 29 5 13 62 22 35 58 29
5 13 62 11 62 22 35 58 29 5 13 62 22 35 58 29
5 13 62 22 11 62 22 35 58 29 5 13 62 22 35 58 29

88 30 21 62 99 67 29 88 30 21 62 99 67 29
88 30 21 62 99 67 29 88 30 19 30 21 62 99 67 29
88 30 21 62 99 67 29 88 30 21 19 30 21 62 99 67 29
88 30 21 62 99 67 29 88 30 21 19 21 62 99 67 29
88 30 21 62 99 67 29 88 30 21 62 19 21 62 99 67 29
88 30 19 30 21 62 99 67 29 88 30 21 62 99 67 29
88 30 21 19 30 21 62 99 67 29 88 30 21 62 99 67 29
88 30 21 19 21 62 99 67 29 88 30 21 62 99 67 29
88 30 21 62 19 21 62 99 67 29 88 30 21 62 99 67 29

64 88 92 36 14 69 7 64 88 92 36 14 69 7
64 88 92 36 14 69 7 64 88 5 88 92 36 14 69 7
64 88 92 36 14 69 7 64 88 92 5 88 92 36 14 69 7
64 88 92 36 14 69 7 64 88 92 5 92 36 14 69 7
64 88 92 36 14 69 7 64 88 92 36 5 92 36 14 69 7
64 88 5 88 92 36 14 69 7 64 88 92 36 14 69 7
64 88 92 5 88 92 36 14 69 7 64 88 92 36 14 69 7
64 88 92 5 92 36 14 69 7 64 88 92 36 14 69 7
64 88 92 36 5 92 36 14 69 7 64 88 92 36 14 69 7

84 70 19 27 49 17 7 84 70 19 27 49 17 7
84 70 19 27 49 17 7 84 70 11 70 19 27 49 17 7
84 70 19 27 49 17 7 84 70 19 11 70 19 27 49 17 7
84 70 19 27 49 17 7 84 70 19 11 19 27 49 17 7
84 70 19 27 49 17 7 84 70 19 27 11 19 27 49 17 7
84 70 11 70 19 27 49 17 7 84 70 19 27 49 17 7
84 70 19 11 70 19 27 49 17 7 84 70 19 27 49 17 7
84 70 19 11 19 27 49 17 7 84 70 19 27 49 17 7
84 70 19 27 11 19 27 49 17 7 84 70 19 27 49 17 7

58 17 76 62 100 77 65 58 17 76 62 100 77 65
58 17 76 62 100 77 65 58 17 9 17 76 62 100 77 65
58 17 76 62 100 77 65 58 17 76 9 17 76 62 100 77 65
58 17 76 62 100 77 65 58 17 76 9 76 62 100 77 65
58 17 76 62 100 77 65 58 17 76 62 9 76 62 100 77 65
58 17 9 17 76 62 100 77 65 58 17 76 62 100 77 65
58 17 76 9 17 76 62 100 77 65 58 17 76 62 100 77 65
58 17 76 9 76 62 100 77 65 58 17 76 62 100 77 65
58 17 76 62 9 76 62 100 77 65 58 17 76 62 100 77 65

85 19 27 54 65 78 6 85 19 27 54 65 78 6
85 19 27 54 65 78 6 85 19 19 19 27 54 65 78 6
85 19 27 54 65 78 6 85 19 27 19 19 27 54 65 78 6
85 19 27 54 65 78 6 85 19 27 19 27 54 65 78 6
85 19 27 54 65 78 6 85 19 27 54 19 27 54 65 78 6
85 19 19 19 27 54 65 78 6 85 19 27 54 65 78 6
85 19 27 19 19 27 54 65 78 6 85 19 27 54 65 78 6
85 19 27 19 27 54 65 78 6 85 19 27 54 65 78 6
85 19 27 54 19 27 54 65 78 6 85 19 27 54 65 78 6

43 84 51 6 54 46 66 43 84 51 6 54 46 66
43 84 51 6 54 46 66 43 84 6 84 51 6 54 46 66
43 84 51 6 54 46 66 43 84 51 6 84 51 6 54 46 66
43 84 51 6 54 46 66 43 84 51 6 51 6 54 46 66
43 84 51 6 54 46 66 43 84 51 6 6 51 6 54 46 66
43 84 6 84 51 6 54 46 66 43 84 51 6 54 46 66
43 84 51 6 84 51 6 54 46 66 43 84 51 6 54 46 66
43 84 51 6 51 6 54 46 66 43 84 51 6 54 46 66
43 84 51 6 6 51 6 54 46 66 43 84 51 6 54 46 66

23 7 77 51 31 45 83 23 7 77 51 31 45 83
23 7 77 51 31 45 83 23 7 19 7 77 51 31 45 83
23 7 77 51 31 45 83 23 7 77 19 7 77 51 31 45 83
23 7 77 51 31 45 83 23 7 77 19 77 51 31 45 83
23 7 77 51 31 45 83 23 7 77 51 19 77 51 31 45 83
23 7 19 7 77 51 31 45 83 23 7 77 51 31 45 83
23 7 77 19 7 77 51 31 45 83 23 7 77 51 31 45 83
23 7 77 19 77 51 31 45 83 23 7 77 51 31 45 83
23 7 77 51 19 77 51 31 45 83 23 7 77 51 31 45 83

73 31 58 82 10 64 26 73 31 58 82 10 64 26
73 31 58 82 10 64 26 73 31 7 31 58 82 10 64 26
73 31 58 82 10 64 26 73 31 58 7 31 58 82 10 64 26
73 31 58 82 10 64 26 73 31 58 7 58 82 10 64 26
73 31 58 82 10 64 26 73 31 58 82 7 58 82 10 64 26
73 31 7 31 58 82 10 64 26 73 31 58 82 10 64 26
73 31 58 7 31 58 82 10 64 26 73 31 58 82 10 64 26
73 31 58 7 58 82 10 64 26 73 31 58 82 10 64 26
73 31 58 82 7 58 82 10 64 26 73 31 58 82 10 64 26

59 68 61 96 51 100 21 59 68 61 96 51 100 21
59 68 61 96 51 100 21 59 68 20 68 61 96 51 100 21
59 68 61 96 51 100 21 59 68 61 20 68 61 96 51 100 21
59 68 61 96 51 100 21 59 68 61 20 61 96 51 100 21
59 68 61 96 51 100 21 59 68 61 96 20 61 96 51 100 21
59 68 20 68 61 96 51 100 21 59 68 61 96 51 100 21
59 68 61 20 68 61 96 51 100 21 59 68 61 96 51 100 21
59 68 61 20 61 96 51 100 21 59 68 61 96 51 100 21
59 68 61 96 20 61 96 51 100 21 59 68 61 96 51 100 21

