200
7
2
2

11
23
23
16
19
16
8
7
20
13
4
4
27
25
15
9
17
5
0
14
1
15
19
19
21
12
16
0
5
0
16
26
13
5
11
23
30
7
26
16
30
16
6
25
21
0
21
21
22
19
27
13
1
20
5
11
12
13
0
2
12
25
20
15
7
28
7
20
1
11
21
20
28
10
20
9
30
15
5
8
23
16
7
15
7
5
25
5
14
8
25
10
25
14
15
1
30
8
20
0
24
14
27
13
30
21
21
20
27
18
17
7
12
20
27
21
16
28
4
23
3
24
5
4
25
10
27
27
24
23
21
8
30
10
10
20
0
25
30
8
11
17
9
27
16
22
5
0
17
22
5
18
19
6
15
14
26
25
16
4
23
6
27
12
4
11
27
7
12
18
7
17
28
29
4
10
22
9
22
1
15
14
28
18
10
2
2
27
17
24
19
15
13
29
12
21
22
5
14
27

20 78 
116 31 
89 79 
54 110 
21 34 
95 111 
105 104 
21 64 
64 85 
60 58 
108 28 
98 68 
114 112 
55 39 
66 36 
99 56 
91 94 
43 111 
46 110 
30 68 
85 47 
47 79 
120 93 
86 98 
76 115 
48 58 
110 98 
25 104 
73 56 
65 67 
37 80 
94 49 
88 40 
38 82 
78 81 
58 85 
103 54 
79 47 
107 26 
23 101 
39 64 
74 114 
40 46 
116 24 
110 32 
12 36 
75 106 
90 71 
95 79 
73 58 
21 42 
103 74 
86 80 
63 87 
86 66 
93 73 
91 53 
37 68 
94 100 
28 74 
76 41 
38 107 
66 63 
57 38 
52 47 
41 74 
35 105 
111 94 
99 87 
96 113 
26 53 
64 86 
115 66 
51 45 
61 54 
105 44 
37 70 
26 66 
62 22 
74 109 
33 108 
54 38 
59 97 
75 77 
58 91 
96 73 
92 71 
13 97 
47 82 
48 67 
88 84 
55 111 
77 44 
44 37 
79 74 
63 19 
59 34 
65 75 
74 63 
101 45 
96 86 
110 91 
88 87 
82 43 
98 105 
20 21 
57 78 
66 59 
76 23 
62 22 
93 24 
64 40 
81 96 
61 28 
99 87 
93 51 
46 89 
91 84 
98 54 
85 107 
113 28 
79 68 
96 99 
98 48 
56 75 
55 27 
60 37 
76 68 
61 108 
92 36 
82 68 
103 102 
77 102 
47 45 
108 15 
34 99 
29 114 
68 42 
13 30 
83 37 
51 58 
89 83 
72 62 
114 82 
110 66 
57 80 
102 47 
25 54 
75 60 
67 30 
80 43 
52 17 
107 112 
76 20 
86 43 
41 44 
53 35 
38 70 
20 45 
91 46 
63 94 
105 41 
25 105 
105 88 
66 25 
75 54 
28 66 
66 55 
37 86 
99 32 
25 62 
42 55 
45 86 
25 15 
64 83 
58 27 
73 51 
67 38 
90 116 
40 46 
80 85 
81 59 
105 113 
25 58 
74 54 
53 34 
112 29 
70 90 
103 53 
96 26 
51 62 
20 86 
18 68 
105 32 
64 108 
98 90 
63 42 
108 40 
79 80 
28 73 

1819
1753
2584
2181
1016
1882
2107
1816
2204
2425
1772
1804
2703
1427
1385
2104
2057
2269
1763
2182
1602
2229
2697
1481
1960
1890
2365
1329
1579
1990
2200
1760
1637
1528
1984
1955
1716
1435
1486
1502
1593
2481
2044
2048
1868
1366
2291
2378
1711
1890
1145
2027
1674
1983
2004
1976
1476
1560
2431
1564
2049
2035
1935
1442
1015
1906
1611
1971
2234
2225
1914
2007
2431
1123
1872
2254
1805
1864
1626
2279
1572
1260
1781
2275
2172
2124
2106
1844
2019
1528
2203
2150
1103
1583
2095
1570
2317
1527
1797
1607
1640
2033
1802
2445
2014
1658
1978
2193
1099
1421
1786
1827
2484
1689
1663
1972
1777
2244
2177
2250
1465
1517
2429
1556
1962
1560
1829
1665
1450
1966
1347
2166
2076
1077
2294
1375
1957
1536
1218
1993
1321
2044
1555
2323
2662
2498
2344
1570
2025
1819
1722
1390
2079
1796
1361
1471
1831
1538
1463
2052
2566
1693
1466
2364
1418
2154
1850
2223
2163
1432
1599
1116
1815
1067
2349
1606
1897
1590
1826
1152
1987
2315
2298
1804
2403
1667
2615
2123
1331
1548
1749
1557
1494
1806
2180
2004
1787
2232
2017
1691

1 2 3 4 5 1 2 3 4 5 6 7
1 2 3 4 5 1 2 100 102 3 4 5 6 7
1 2 3 4 5 1 2 3 100 102 103 4 5 6 7
1 2 3 4 5 1 2 3 100 103 4 5 6 7
1 2 3 4 5 1 2 3 4 100 103 104 5 6 7
1 2 100 102 3 4 5 1 2 3 4 5 6 7
1 2 3 100 102 103 4 5 1 2 3 4 5 6 7
1 2 3 100 103 4 5 1 2 3 4 5 6 7
1 2 3 4 100 103 104 5 1 2 3 4 5 6 7

80 42 7 62 93 28 27 80 42 7 62 93 28 27
80 42 7 62 93 28 27 80 42 8 42 7 62 93 28 27
80 42 7 62 93 28 27 80 42 7 8 42 7 62 93 28 27
80 42 7 62 93 28 27 80 42 7 8 7 62 93 28 27
80 42 7 62 93 28 27 80 42 7 62 8 7 62 93 28 27
80 42 8 42 7 62 93 28 27 80 42 7 62 93 28 27
80 42 7 8 42 7 62 93 28 27 80 42 7 62 93 28 27
80 42 7 8 7 62 93 28 27 80 42 7 62 93 28 27
80 42 7 62 8 7 62 93 28 27 80 42 7 62 93 28 27

59 54 96 26 9 28 77 59 54 96 26 9 28 77
59 54 96 26 9 28 77 59 54 13 54 96 26 9 28 77
59 54 96 26 9 28 77 59 54 96 13 54 96 26 9 28 77
59 54 96 26 9 28 77 59 54 96 13 96 26 9 28 77
59 54 96 26 9 28 77 59 54 96 26 13 96 26 9 28 77
59 54 13 54 96 26 9 28 77 59 54 96 26 9 28 77
59 54 96 13 54 96 26 9 28 77 59 54 96 26 9 28 77
59 54 96 13 96 26 9 28 77 59 54 96 26 9 28 77
59 54 96 26 13 96 26 9 28 77 59 54 96 26 9 28 77

87 95 70 69 33 84 92 87 95 70 69 33 84 92
87 95 70 69 33 84 92 87 95 15 95 70 69 33 84 92
87 95 70 69 33 84 92 87 95 70 15 95 70 69 33 84 92
87 95 70 69 33 84 92 87 95 70 15 70 69 33 84 92
87 95 70 69 33 84 92 87 95 70 69 15 70 69 33 84 92
87 95 15 95 70 69 33 84 92 87 95 70 69 33 84 92
87 95 70 15 95 70 69 33 84 92 87 95 70 69 33 84 92
87 95 70 15 70 69 33 84 92 87 95 70 69 33 84 92
87 95 70 69 15 70 69 33 84 92 87 95 70 69 33 84 92

75 76 36 100 46 46 23 75 76 36 100 46 46 23
75 76 36 100 46 46 23 75 76 7 76 36 100 46 46 23
75 76 36 100 46 46 23 75 76 36 7 76 36 100 46 46 23
75 76 36 100 46 46 23 75 76 36 7 36 100 46 46 23
75 76 36 100 46 46 23 75 76 36 100 7 36 100 46 46 23
75 76 7 76 36 100 46 46 23 75 76 36 100 46 46 23
75 76 36 7 76 36 100 46 46 23 75 76 36 100 46 46 23
75 76 36 7 36 100 46 46 23 75 76 36 100 46 46 23
75 76 36 100 7 36 100 46 46 23 75 76 36 100 46 46 23

29 54 9 18 14 18 77 29 54 9 18 14 18 77
29 54 9 18 14 18 77 29 54 6 54 9 18 14 18 77
29 54 9 18 14 18 77 29 54 9 6 54 9 18 14 18 77
29 54 9 18 14 18 77 29 54 9 6 9 18 14 18 77
29 54 9 18 14 18 77 29 54 9 18 6 9 18 14 18 77
29 54 6 54 9 18 14 18 77 29 54 9 18 14 18 77
29 54 9 6 54 9 18 14 18 77 29 54 9 18 14 18 77
29 54 9 6 9 18 14 18 77 29 54 9 18 14 18 77
29 54 9 18 6 9 18 14 18 77 29 54 9 18 14 18 77

5 60 90 91 22 67 30 5 60 90 91 22 67 30
5 60 90 91 22 67 30 5 60 8 60 90 91 22 67 30
5 60 90 91 22 67 30 5 60 90 8 60 90 91 22 67 30
5 60 90 91 22 67 30 5 60 90 8 90 91 22 67 30
5 60 90 91 22 67 30 5 60 90 91 8 90 91 22 67 30
5 60 8 60 90 91 22 67 30 5 60 90 91 22 67 30
5 60 90 8 60 90 91 22 67 30 5 60 90 91 22 67 30
5 60 90 8 90 91 22 67 30 5 60 90 91 22 67 30
5 60 90 91 8 90 91 22 67 30 5 60 90 91 22 67 30

7 37 94 94 71 77 30 7 37 94 94 71 77 30
7 37 94 94 71 77 30 7 37 13 37 94 94 71 77 30
7 37 94 94 71 77 30 7 37 94 13 37 94 94 71 77 30
7 37 94 94 71 77 30 7 37 94 13 94 94 71 77 30
7 37 94 94 71 77 30 7 37 94 94 13 94 94 71 77 30
7 37 13 37 94 94 71 77 30 7 37 94 94 71 77 30
7 37 94 13 37 94 94 71 77 30 7 37 94 94 71 77 30
7 37 94 13 94 94 71 77 30 7 37 94 94 71 77 30
7 37 94 94 13 94 94 71 77 30 7 37 94 94 71 77 30

42 92 16 50 52 22 87 42 92 16 50 52 22 87
42 92 16 50 52 22 87 42 92 20 92 16 50 52 22 87
42 92 16 50 52 22 87 42 92 16 20 92 16 50 52 22 87
42 92 16 50 52 22 87 42 92 16 20 16 50 52 22 87
42 92 16 50 52 22 87 42 92 16 50 20 16 50 52 22 87
42 92 20 92 16 50 52 22 87 42 92 16 50 52 22 87
42 92 16 20 92 16 50 52 22 87 42 92 16 50 52 22 87
42 92 16 20 16 50 52 22 87 42 92 16 50 52 22 87
42 92 16 50 20 16 50 52 22 87 42 92 16 50 52 22 87

70 80 45 70 62 26 84 70 80 45 70 62 26 84
70 80 45 70 62 26 84 70 80 12 80 45 70 62 26 84
70 80 45 70 62 26 84 70 80 45 12 80 45 70 62 26 84
70 80 45 70 62 26 84 70 80 45 12 45 70 62 26 84
70 80 45 70 62 26 84 70 80 45 70 12 45 70 62 26 84
70 80 12 80 45 70 62 26 84 70 80 45 70 62 26 84
70 80 45 12 80 45 70 62 26 84 70 80 45 70 62 26 84
70 80 45 12 45 70 62 26 84 70 80 45 70 62 26 84
70 80 45 70 12 45 70 62 26 84 70 80 45 70 62 26 84

63 64 52 46 96 86 89 63 64 52 46 96 86 89
63 64 52 46 96 86 89 63 64 7 64 52 46 96 86 89
63 64 52 46 96 86 89 63 64 52 7 64 52 46 96 86 89
63 64 52 46 96 86 89 63 64 52 7 52 46 96 86 89
63 64 52 46 96 86 89 63 64 52 46 7 52 46 96 86 89
63 64 7 64 52 46 96 86 89 63 64 52 46 96 86 89
63 64 52 7 64 52 46 96 86 89 63 64 52 46 96 86 89
63 64 52 7 52 46 96 86 89 63 64 52 46 96 86 89
63 64 52 46 7 52 46 96 86 89 63 64 52 46 96 86 89

71 15 98 22 24 67 89 71 15 98 22 24 67 89
71 15 98 22 24 67 89 71 15 7 15 98 22 24 67 89
71 15 98 22 24 67 89 71 15 98 7 15 98 22 24 67 89
71 15 98 22 24 67 89 71 15 98 7 98 22 24 67 89
71 15 98 22 24 67 89 71 15 98 22 7 98 22 24 67 89
71 15 7 15 98 22 24 67 89 71 15 98 22 24 67 89
71 15 98 7 15 98 22 24 67 89 71 15 98 22 24 67 89
71 15 98 7 98 22 24 67 89 71 15 98 22 24 67 89
71 15 98 22 7 98 22 24 67 89 71 15 98 22 24 67 89

37 54 88 56 20 90 15 37 54 88 56 20 90 15
37 54 88 56 20 90 15 37 54 17 54 88 56 20 90 15
37 54 88 56 20 90 15 37 54 88 17 54 88 56 20 90 15
37 54 88 56 20 90 15 37 54 88 17 88 56 20 90 15
37 54 88 56 20 90 15 37 54 88 56 17 88 56 20 90 15
37 54 17 54 88 56 20 90 15 37 54 88 56 20 90 15
37 54 88 17 54 88 56 20 90 15 37 54 88 56 20 90 15
37 54 88 17 88 56 20 90 15 37 54 88 56 20 90 15
37 54 88 56 17 88 56 20 90 15 37 54 88 56 20 90 15

72 32 100 95 79 71 90 72 32 100 95 79 71 90
72 32 100 95 79 71 90 72 32 10 32 100 95 79 71 90
72 32 100 95 79 71 90 72 32 100 10 32 100 95 79 71 90
72 32 100 95 79 71 90 72 32 100 10 100 95 79 71 90
72 32 100 95 79 71 90 72 32 100 95 10 100 95 79 71 90
72 32 10 32 100 95 79 71 90 72 32 100 95 79 71 90
72 32 100 10 32 100 95 79 71 90 72 32 100 95 79 71 90
72 32 100 10 100 95 79 71 90 72 32 100 95 79 71 90
72 32 100 95 10 100 95 79 71 90 72 32 100 95 79 71 90

23 72 39 19 58 36 16 23 72 39 19 58 36 16
23 72 39 19 58 36 16 23 72 9 72 39 19 58 36 16
23 72 39 19 58 36 16 23 72 39 9 72 39 19 58 36 16
23 72 39 19 58 36 16 23 72 39 9 39 19 58 36 16
23 72 39 19 58 36 16 23 72 39 19 9 39 19 58 36 16
23 72 9 72 39 19 58 36 16 23 72 39 19 58 36 16
23 72 39 9 72 39 19 58 36 16 23 72 39 19 58 36 16
23 72 39 9 39 19 58 36 16 23 72 39 19 58 36 16
23 72 39 19 9 39 19 58 36 16 23 72 39 19 58 36 16

63 19 60 19 17 78 41 63 19 60 19 17 78 41
63 19 60 19 17 78 41 63 19 14 19 60 19 17 78 41
63 19 60 19 17 78 41 63 19 60 14 19 60 19 17 78 41
63 19 60 19 17 78 41 63 19 60 14 60 19 17 78 41
63 19 60 19 17 78 41 63 19 60 19 14 60 19 17 78 41
63 19 14 19 60 19 17 78 41 63 19 60 19 17 78 41
63 19 60 14 19 60 19 17 78 41 63 19 60 19 17 78 41
63 19 60 14 60 19 17 78 41 63 19 60 19 17 78 41
63 19 60 19 14 60 19 17 78 41 63 19 60 19 17 78 41

9 92 80 46 95 25 62 9 92 80 46 95 25 62
9 92 80 46 95 25 62 9 92 20 92 80 46 95 25 62
9 92 80 46 95 25 62 9 92 80 20 92 80 46 95 25 62
9 92 80 46 95 25 62 9 92 80 20 80 46 95 25 62
9 92 80 46 95 25 62 9 92 80 46 20 80 46 95 25 62
9 92 20 92 80 46 95 25 62 9 92 80 46 95 25 62
9 92 80 20 92 80 46 95 25 62 9 92 80 46 95 25 62
9 92 80 20 80 46 95 25 62 9 92 80 46 95 25 62
9 92 80 46 20 80 46 95 25 62 9 92 80 46 95 25 62

12 19 79 85 93 95 36 12 19 79 85 93 95 36
12 19 79 85 93 95 36 12 19 9 19 79 85 93 95 36
12 19 79 85 93 95 36 12 19 79 9 19 79 85 93 95 36
12 19 79 85 93 95 36 12 19 79 9 79 85 93 95 36
12 19 79 85 93 95 36 12 19 79 85 9 79 85 93 95 36
12 19 9 19 79 85 93 95 36 12 19 79 85 93 95 36
12 19 79 9 19 79 85 93 95 36 12 19 79 85 93 95 36
12 19 79 9 79 85 93 95 36 12 19 79 85 93 95 36
12 19 79 85 9 79 85 93 95 36 12 19 79 85 93 95 36

38 99 25 96 58 73 86 38 99 25 96 58 73 86
38 99 25 96 58 73 86 38 99 16 99 25 96 58 73 86
38 99 25 96 58 73 86 38 99 25 16 99 25 96 58 73 86
38 99 25 96 58 73 86 38 99 25 16 25 96 58 73 86
38 99 25 96 58 73 86 38 99 25 96 16 25 96 58 73 86
38 99 16 99 25 96 58 73 86 38 99 25 96 58 73 86
38 99 25 16 99 25 96 58 73 86 38 99 25 96 58 73 86
38 99 25 16 25 96 58 73 86 38 99 25 96 58 73 86
38 99 25 96 16 25 96 58 73 86 38 99 25 96 58 73 86

34 70 29 96 15 37 82 34 70 29 96 15 37 82
34 70 29 96 15 37 82 34 70 9 70 29 96 15 37 82
34 70 29 96 15 37 82 34 70 29 9 70 29 96 15 37 82
34 70 29 96 15 37 82 34 70 29 9 29 96 15 37 82
34 70 29 96 15 37 82 34 70 29 96 9 29 96 15 37 82
34 70 9 70 29 96 15 37 82 34 70 29 96 15 37 82
34 70 29 9 70 29 96 15 37 82 34 70 29 96 15 37 82
34 70 29 9 29 96 15 37 82 34 70 29 96 15 37 82
34 70 29 96 9 29 96 15 37 82 34 70 29 96 15 37 82

55 68 23 53 79 80 100 55 68 23 53 79 80 100
55 68 23 53 79 80 100 55 68 9 68 23 53 79 80 100
55 68 23 53 79 80 100 55 68 23 9 68 23 53 79 80 100
55 68 23 53 79 80 100 55 68 23 9 23 53 79 80 100
55 68 23 53 79 80 100 55 68 23 53 9 23 53 79 80 100
55 68 9 68 23 53 79 80 100 55 68 23 53 79 80 100
55 68 23 9 68 23 53 79 80 100 55 68 23 53 79 80 100
55 68 23 9 23 53 79 80 100 55 68 23 53 79 80 100
55 68 23 53 9 23 53 79 80 100 55 68 23 53 79 80 100

76 7 80 40 13 71 50 76 7 80 40 13 71 50
76 7 80 40 13 71 50 76 7 16 7 80 40 13 71 50
76 7 80 40 13 71 50 76 7 80 16 7 80 40 13 71 50
76 7 80 40 13 71 50 76 7 80 16 80 40 13 71 50
76 7 80 40 13 71 50 76 7 80 40 16 80 40 13 71 50
76 7 16 7 80 40 13 71 50 76 7 80 40 13 71 50
76 7 80 16 7 80 40 13 71 50 76 7 80 40 13 71 50
76 7 80 16 80 40 13 71 50 76 7 80 40 13 71 50
76 7 80 40 16 80 40 13 71 50 76 7 80 40 13 71 50

68 92 40 72 7 97 100 68 92 40 72 7 97 100
68 92 40 72 7 97 100 68 92 10 92 40 72 7 97 100
68 92 40 72 7 97 100 68 92 40 10 92 40 72 7 97 100
68 92 40 72 7 97 100 68 92 40 10 40 72 7 97 100
68 92 40 72 7 97 100 68 92 40 72 10 40 72 7 97 100
68 92 10 92 40 72 7 97 100 68 92 40 72 7 97 100
68 92 40 10 92 40 72 7 97 100 68 92 40 72 7 97 100
68 92 40 10 40 72 7 97 100 68 92 40 72 7 97 100
68 92 40 72 10 40 72 7 97 100 68 92 40 72 7 97 100

64 68 100 81 98 65 43 64 68 100 81 98 65 43
64 68 100 81 98 65 43 64 68 7 68 100 81 98 65 43
64 68 100 81 98 65 43 64 68 100 7 68 100 81 98 65 43
64 68 100 81 98 65 43 64 68 100 7 100 81 98 65 43
64 68 100 81 98 65 43 64 68 100 81 7 100 81 98 65 43
64 68 7 68 100 81 98 65 43 64 68 100 81 98 65 43
64 68 100 7 68 100 81 98 65 43 64 68 100 81 98 65 43
64 68 100 7 100 81 98 65 43 64 68 100 81 98 65 43
64 68 100 81 7 100 81 98 65 43 64 68 100 81 98 65 43

54 17 74 90 5 5 18 54 17 74 90 5 5 18
54 17 74 90 5 5 18 54 17 5 17 74 90 5 5 18
54 17 74 90 5 5 18 54 17 74 5 17 74 90 5 5 18
54 17 74 90 5 5 18 54 17 74 5 74 90 5 5 18
54 17 74 90 5 5 18 54 17 74 90 5 74 90 5 5 18
54 17 5 17 74 90 5 5 18 54 17 74 90 5 5 18
54 17 74 5 17 74 90 5 5 18 54 17 74 90 5 5 18
54 17 74 5 74 90 5 5 18 54 17 74 90 5 5 18
54 17 74 90 5 74 90 5 5 18 54 17 74 90 5 5 18

12 67 65 98 11 71 79 12 67 65 98 11 71 79
12 67 65 98 11 71 79 12 67 12 67 65 98 11 71 79
12 67 65 98 11 71 79 12 67 65 12 67 65 98 11 71 79
12 67 65 98 11 71 79 12 67 65 12 65 98 11 71 79
12 67 65 98 11 71 79 12 67 65 98 12 65 98 11 71 79
12 67 12 67 65 98 11 71 79 12 67 65 98 11 71 79
12 67 65 12 67 65 98 11 71 79 12 67 65 98 11 71 79
12 67 65 12 65 98 11 71 79 12 67 65 98 11 71 79
12 67 65 98 12 65 98 11 71 79 12 67 65 98 11 71 79

64 86 32 53 45 42 57 64 86 32 53 45 42 57
64 86 32 53 45 42 57 64 86 12 86 32 53 45 42 57
64 86 32 53 45 42 57 64 86 32 12 86 32 53 45 42 57
64 86 32 53 45 42 57 64 86 32 12 32 53 45 42 57
64 86 32 53 45 42 57 64 86 32 53 12 32 53 45 42 57
64 86 12 86 32 53 45 42 57 64 86 32 53 45 42 57
64 86 32 12 86 32 53 45 42 57 64 86 32 53 45 42 57
64 86 32 12 32 53 45 42 57 64 86 32 53 45 42 57
64 86 32 53 12 32 53 45 42 57 64 86 32 53 45 42 57

65 20 93 92 59 64 80 65 20 93 92 59 64 80
65 20 93 92 59 64 80 65 20 6 20 93 92 59 64 80
65 20 93 92 59 64 80 65 20 93 6 20 93 92 59 64 80
65 20 93 92 59 64 80 65 20 93 6 93 92 59 64 80
65 20 93 92 59 64 80 65 20 93 92 6 93 92 59 64 80
65 20 6 20 93 92 59 64 80 65 20 93 92 59 64 80
65 20 93 6 20 93 92 59 64 80 65 20 93 92 59 64 80
65 20 93 6 93 92 59 64 80 65 20 93 92 59 64 80
65 20 93 92 6 93 92 59 64 80 65 20 93 92 59 64 80

41 25 17 95 17 36 30 41 25 17 95 17 36 30
41 25 17 95 17 36 30 41 25 20 25 17 95 17 36 30
41 25 17 95 17 36 30 41 25 17 20 25 17 95 17 36 30
41 25 17 95 17 36 30 41 25 17 20 17 95 17 36 30
41 25 17 95 17 36 30 41 25 17 95 20 17 95 17 36 30
41 25 20 25 17 95 17 36 30 41 25 17 95 17 36 30
41 25 17 20 25 17 95 17 36 30 41 25 17 95 17 36 30
41 25 17 20 17 95 17 36 30 41 25 17 95 17 36 30
41 25 17 95 20 17 95 17 36 30 41 25 17 95 17 36 30

51 23 56 43 28 60 90 51 23 56 43 28 60 90
51 23 56 43 28 60 90 51 23 14 23 56 43 28 60 90
51 23 56 43 28 60 90 51 23 56 14 23 56 43 28 60 90
51 23 56 43 28 60 90 51 23 56 14 56 43 28 60 90
51 23 56 43 28 60 90 51 23 56 43 14 56 43 28 60 90
51 23 14 23 56 43 28 60 90 51 23 56 43 28 60 90
51 23 56 14 23 56 43 28 60 90 51 23 56 43 28 60 90
51 23 56 14 56 43 28 60 90 51 23 56 43 28 60 90
51 23 56 43 14 56 43 28 60 90 51 23 56 43 28 60 90

83 28 48 47 96 82 12 83 28 48 47 96 82 12
83 28 48 47 96 82 12 83 28 12 28 48 47 96 82 12
83 28 48 47 96 82 12 83 28 48 12 28 48 47 96 82 12
83 28 48 47 96 82 12 83 28 48 12 48 47 96 82 12
83 28 48 47 96 82 12 83 28 48 47 12 48 47 96 82 12
83 28 12 28 48 47 96 82 12 83 28 48 47 96 82 12
83 28 48 12 28 48 47 96 82 12 83 28 48 47 96 82 12
83 28 48 12 48 47 96 82 12 83 28 48 47 96 82 12
83 28 48 47 12 48 47 96 82 12 83 28 48 47 96 82 12

47 76 27 73 98 97 26 47 76 27 73 98 97 26
47 76 27 73 98 97 26 47 76 16 76 27 73 98 97 26
47 76 27 73 98 97 26 47 76 27 16 76 27 73 98 97 26
47 76 27 73 98 97 26 47 76 27 16 27 73 98 97 26
47 76 27 73 98 97 26 47 76 27 73 16 27 73 98 97 26
47 76 16 76 27 73 98 97 26 47 76 27 73 98 97 26
47 76 27 16 76 27 73 98 97 26 47 76 27 73 98 97 26
47 76 27 16 27 73 98 97 26 47 76 27 73 98 97 26
47 76 27 73 16 27 73 98 97 26 47 76 27 73 98 97 26

27 41 88 40 31 67 85 27 41 88 40 31 67 85
27 41 88 40 31 67 85 27 41 19 41 88 40 31 67 85
27 41 88 40 31 67 85 27 41 88 19 41 88 40 31 67 85
27 41 88 40 31 67 85 27 41 88 19 88 40 31 67 85
27 41 88 40 31 67 85 27 41 88 40 19 88 40 31 67 85
27 41 19 41 88 40 31 67 85 27 41 88 40 31 67 85
27 41 88 19 41 88 40 31 67 85 27 41 88 40 31 67 85
27 41 88 19 88 40 31 67 85 27 41 88 40 31 67 85
27 41 88 40 19 88 40 31 67 85 27 41 88 40 31 67 85

74 14 82 20 17 59 80 74 14 82 20 17 59 80
74 14 82 20 17 59 80 74 14 17 14 82 20 17 59 80
74 14 82 20 17 59 80 74 14 82 17 14 82 20 17 59 80
74 14 82 20 17 59 80 74 14 82 17 82 20 17 59 80
74 14 82 20 17 59 80 74 14 82 20 17 82 20 17 59 80
74 14 17 14 82 20 17 59 80 74 14 82 20 17 59 80
74 14 82 17 14 82 20 17 59 80 74 14 82 20 17 59 80
74 14 82 17 82 20 17 59 80 74 14 82 20 17 59 80
74 14 82 20 17 82 20 17 59 80 74 14 82 20 17 59 80

10 24 24 69 97 49 20 10 24 24 69 97 49 20
10 24 24 69 97 49 20 10 24 10 24 24 69 97 49 20
10 24 24 69 97 49 20 10 24 24 10 24 24 69 97 49 20
10 24 24 69 97 49 20 10 24 24 10 24 69 97 49 20
10 24 24 69 97 49 20 10 24 24 69 10 24 69 97 49 20
10 24 10 24 24 69 97 49 20 10 24 24 69 97 49 20
10 24 24 10 24 24 69 97 49 20 10 24 24 69 97 49 20
10 24 24 10 24 69 97 49 20 10 24 24 69 97 49 20
10 24 24 69 10 24 69 97 49 20 10 24 24 69 97 49 20

77 90 59 67 31 22 20 77 90 59 67 31 22 20
77 90 59 67 31 22 20 77 90 12 90 59 67 31 22 20
77 90 59 67 31 22 20 77 90 59 12 90 59 67 31 22 20
77 90 59 67 31 22 20 77 90 59 12 59 67 31 22 20
77 90 59 67 31 22 20 77 90 59 67 12 59 67 31 22 20
77 90 12 90 59 67 31 22 20 77 90 59 67 31 22 20
77 90 59 12 90 59 67 31 22 20 77 90 59 67 31 22 20
77 90 59 12 59 67 31 22 20 77 90 59 67 31 22 20
77 90 59 67 12 59 67 31 22 20 77 90 59 67 31 22 20

68 66 47 74 58 15 21 68 66 47 74 58 15 21
68 66 47 74 58 15 21 68 66 10 66 47 74 58 15 21
68 66 47 74 58 15 21 68 66 47 10 66 47 74 58 15 21
68 66 47 74 58 15 21 68 66 47 10 47 74 58 15 21
68 66 47 74 58 15 21 68 66 47 74 10 47 74 58 15 21
68 66 10 66 47 74 58 15 21 68 66 47 74 58 15 21
68 66 47 10 66 47 74 58 15 21 68 66 47 74 58 15 21
68 66 47 10 47 74 58 15 21 68 66 47 74 58 15 21
68 66 47 74 10 47 74 58 15 21 68 66 47 74 58 15 21

46 8 95 39 53 93 9 46 8 95 39 53 93 9
46 8 95 39 53 93 9 46 8 11 8 95 39 53 93 9
46 8 95 39 53 93 9 46 8 95 11 8 95 39 53 93 9
46 8 95 39 53 93 9 46 8 95 11 95 39 53 93 9
46 8 95 39 53 93 9 46 8 95 39 11 95 39 53 93 9
46 8 11 8 95 39 53 93 9 46 8 95 39 53 93 9
46 8 95 11 8 95 39 53 93 9 46 8 95 39 53 93 9
46 8 95 11 95 39 53 93 9 46 8 95 39 53 93 9
46 8 95 39 11 95 39 53 93 9 46 8 95 39 53 93 9

54 15 70 39 53 21 14 54 15 70 39 53 21 14
54 15 70 39 53 21 14 54 15 15 15 70 39 53 21 14
54 15 70 39 53 21 14 54 15 70 15 15 70 39 53 21 14
54 15 70 39 53 21 14 54 15 70 15 70 39 53 21 14
54 15 70 39 53 21 14 54 15 70 39 15 70 39 53 21 14
54 15 15 15 70 39 53 21 14 54 15 70 39 53 21 14
54 15 70 15 15 70 39 53 21 14 54 15 70 39 53 21 14
54 15 70 15 70 39 53 21 14 54 15 70 39 53 21 14
54 15 70 39 15 70 39 53 21 14 54 15 70 39 53 21 14

52 7 93 18 41 70 11 52 7 93 18 41 70 11
52 7 93 18 41 70 11 52 7 5 7 93 18 41 70 11
52 7 93 18 41 70 11 52 7 93 5 7 93 18 41 70 11
52 7 93 18 41 70 11 52 7 93 5 93 18 41 70 11
52 7 93 18 41 70 11 52 7 93 18 5 93 18 41 70 11
52 7 5 7 93 18 41 70 11 52 7 93 18 41 70 11
52 7 93 5 7 93 18 41 70 11 52 7 93 18 41 70 11
52 7 93 5 93 18 41 70 11 52 7 93 18 41 70 11
52 7 93 18 5 93 18 41 70 11 52 7 93 18 41 70 11

8 8 7 81 93 83 37 8 8 7 81 93 83 37
8 8 7 81 93 83 37 8 8 5 8 7 81 93 83 37
8 8 7 81 93 83 37 8 8 7 5 8 7 81 93 83 37
8 8 7 81 93 83 37 8 8 7 5 7 81 93 83 37
8 8 7 81 93 83 37 8 8 7 81 5 7 81 93 83 37
8 8 5 8 7 81 93 83 37 8 8 7 81 93 83 37
8 8 7 5 8 7 81 93 83 37 8 8 7 81 93 83 37
8 8 7 5 7 81 93 83 37 8 8 7 81 93 83 37
8 8 7 81 5 7 81 93 83 37 8 8 7 81 93 83 37

53 44 25 51 56 71 12 53 44 25 51 56 71 12
53 44 25 51 56 71 12 53 44 6 44 25 51 56 71 12
53 44 25 51 56 71 12 53 44 25 6 44 25 51 56 71 12
53 44 25 51 56 71 12 53 44 25 6 25 51 56 71 12
53 44 25 51 56 71 12 53 44 25 51 6 25 51 56 71 12
53 44 6 44 25 51 56 71 12 53 44 25 51 56 71 12
53 44 25 6 44 25 51 56 71 12 53 44 25 51 56 71 12
53 44 25 6 25 51 56 71 12 53 44 25 51 56 71 12
53 44 25 51 6 25 51 56 71 12 53 44 25 51 56 71 12

45 60 67 96 93 84 60 45 60 67 96 93 84 60
45 60 67 96 93 84 60 45 60 11 60 67 96 93 84 60
45 60 67 96 93 84 60 45 60 67 11 60 67 96 93 84 60
45 60 67 96 93 84 60 45 60 67 11 67 96 93 84 60
45 60 67 96 93 84 60 45 60 67 96 11 67 96 93 84 60
45 60 11 60 67 96 93 84 60 45 60 67 96 93 84 60
45 60 67 11 60 67 96 93 84 60 45 60 67 96 93 84 60
45 60 67 11 67 96 93 84 60 45 60 67 96 93 84 60
45 60 67 96 11 67 96 93 84 60 45 60 67 96 93 84 60

76 79 32 27 75 25 98 76 79 32 27 75 25 98
76 79 32 27 75 25 98 76 79 15 79 32 27 75 25 98
76 79 32 27 75 25 98 76 79 32 15 79 32 27 75 25 98
76 79 32 27 75 25 98 76 79 32 15 32 27 75 25 98
76 79 32 27 75 25 98 76 79 32 27 15 32 27 75 25 98
76 79 15 79 32 27 75 25 98 76 79 32 27 75 25 98
76 79 32 15 79 32 27 75 25 98 76 79 32 27 75 25 98
76 79 32 15 32 27 75 25 98 76 79 32 27 75 25 98
76 79 32 27 15 32 27 75 25 98 76 79 32 27 75 25 98

59 94 96 9 59 44 33 59 94 96 9 59 44 33
59 94 96 9 59 44 33 59 94 12 94 96 9 59 44 33
59 94 96 9 59 44 33 59 94 96 12 94 96 9 59 44 33
59 94 96 9 59 44 33 59 94 96 12 96 9 59 44 33
59 94 96 9 59 44 33 59 94 96 9 12 96 9 59 44 33
59 94 12 94 96 9 59 44 33 59 94 96 9 59 44 33
59 94 96 12 94 96 9 59 44 33 59 94 96 9 59 44 33
59 94 96 12 96 9 59 44 33 59 94 96 9 59 44 33
59 94 96 9 12 96 9 59 44 33 59 94 96 9 59 44 33

22 60 97 21 90 53 14 22 60 97 21 90 53 14
22 60 97 21 90 53 14 22 60 7 60 97 21 90 53 14
22 60 97 21 90 53 14 22 60 97 7 60 97 21 90 53 14
22 60 97 21 90 53 14 22 60 97 7 97 21 90 53 14
22 60 97 21 90 53 14 22 60 97 21 7 97 21 90 53 14
22 60 7 60 97 21 90 53 14 22 60 97 21 90 53 14
22 60 97 7 60 97 21 90 53 14 22 60 97 21 90 53 14
22 60 97 7 97 21 90 53 14 22 60 97 21 90 53 14
22 60 97 21 7 97 21 90 53 14 22 60 97 21 90 53 14

58 39 6 17 68 11 86 58 39 6 17 68 11 86
58 39 6 17 68 11 86 58 39 7 39 6 17 68 11 86
58 39 6 17 68 11 86 58 39 6 7 39 6 17 68 11 86
58 39 6 17 68 11 86 58 39 6 7 6 17 68 11 86
58 39 6 17 68 11 86 58 39 6 17 7 6 17 68 11 86
58 39 7 39 6 17 68 11 86 58 39 6 17 68 11 86
58 39 6 7 39 6 17 68 11 86 58 39 6 17 68 11 86
58 39 6 7 6 17 68 11 86 58 39 6 17 68 11 86
58 39 6 17 7 6 17 68 11 86 58 39 6 17 68 11 86

85 44 60 99 51 84 10 85 44 60 99 51 84 10
85 44 60 99 51 84 10 85 44 19 44 60 99 51 84 10
85 44 60 99 51 84 10 85 44 60 19 44 60 99 51 84 10
85 44 60 99 51 84 10 85 44 60 19 60 99 51 84 10
85 44 60 99 51 84 10 85 44 60 99 19 60 99 51 84 10
85 44 19 44 60 99 51 84 10 85 44 60 99 51 84 10
85 44 60 19 44 60 99 51 84 10 85 44 60 99 51 84 10
85 44 60 19 60 99 51 84 10 85 44 60 99 51 84 10
85 44 60 99 19 60 99 51 84 10 85 44 60 99 51 84 10

31 92 84 53 72 67 88 31 92 84 53 72 67 88
31 92 84 53 72 67 88 31 92 12 92 84 53 72 67 88
31 92 84 53 72 67 88 31 92 84 12 92 84 53 72 67 88
31 92 84 53 72 67 88 31 92 84 12 84 53 72 67 88
31 92 84 53 72 67 88 31 92 84 53 12 84 53 72 67 88
31 92 12 92 84 53 72 67 88 31 92 84 53 72 67 88
31 92 84 12 92 84 53 72 67 88 31 92 84 53 72 67 88
31 92 84 12 84 53 72 67 88 31 92 84 53 72 67 88
31 92 84 53 12 84 53 72 67 88 31 92 84 53 72 67 88

37 13 75 60 58 31 77 37 13 75 60 58 31 77
37 13 75 60 58 31 77 37 13 8 13 75 60 58 31 77
37 13 75 60 58 31 77 37 13 75 8 13 75 60 58 31 77
37 13 75 60 58 31 77 37 13 75 8 75 60 58 31 77
37 13 75 60 58 31 77 37 13 75 60 8 75 60 58 31 77
37 13 8 13 75 60 58 31 77 37 13 75 60 58 31 77
37 13 75 8 13 75 60 58 31 77 37 13 75 60 58 31 77
37 13 75 8 75 60 58 31 77 37 13 75 60 58 31 77
37 13 75 60 8 75 60 58 31 77 37 13 75 60 58 31 77

48 69 62 53 49 16 60 48 69 62 53 49 16 60
48 69 62 53 49 16 60 48 69 18 69 62 53 49 16 60
48 69 62 53 49 16 60 48 69 62 18 69 62 53 49 16 60
48 69 62 53 49 16 60 48 69 62 18 62 53 49 16 60
48 69 62 53 49 16 60 48 69 62 53 18 62 53 49 16 60
48 69 18 69 62 53 49 16 60 48 69 62 53 49 16 60
48 69 62 18 69 62 53 49 16 60 48 69 62 53 49 16 60
48 69 62 18 62 53 49 16 60 48 69 62 53 49 16 60
48 69 62 53 18 62 53 49 16 60 48 69 62 53 49 16 60

8 62 7 36 41 48 34 8 62 7 36 41 48 34
8 62 7 36 41 48 34 8 62 19 62 7 36 41 48 34
8 62 7 36 41 48 34 8 62 7 19 62 7 36 41 48 34
8 62 7 36 41 48 34 8 62 7 19 7 36 41 48 34
8 62 7 36 41 48 34 8 62 7 36 19 7 36 41 48 34
8 62 19 62 7 36 41 48 34 8 62 7 36 41 48 34
8 62 7 19 62 7 36 41 48 34 8 62 7 36 41 48 34
8 62 7 19 7 36 41 48 34 8 62 7 36 41 48 34
8 62 7 36 19 7 36 41 48 34 8 62 7 36 41 48 34

44 31 95 69 32 86 68 44 31 95 69 32 86 68
44 31 95 69 32 86 68 44 31 6 31 95 69 32 86 68
44 31 95 69 32 86 68 44 31 95 6 31 95 69 32 86 68
44 31 95 69 32 86 68 44 31 95 6 95 69 32 86 68
44 31 95 69 32 86 68 44 31 95 69 6 95 69 32 86 68
44 31 6 31 95 69 32 86 68 44 31 95 69 32 86 68
44 31 95 6 31 95 69 32 86 68 44 31 95 69 32 86 68
44 31 95 6 95 69 32 86 68 44 31 95 69 32 86 68
44 31 95 69 6 95 69 32 86 68 44 31 95 69 32 86 68

19 91 70 65 5 51 23 19 91 70 65 5 51 23
19 91 70 65 5 51 23 19 91 14 91 70 65 5 51 23
19 91 70 65 5 51 23 19 91 70 14 91 70 65 5 51 23
19 91 70 65 5 51 23 19 91 70 14 70 65 5 51 23
19 91 70 65 5 51 23 19 91 70 65 14 70 65 5 51 23
19 91 14 91 70 65 5 51 23 19 91 70 65 5 51 23
19 91 70 14 91 70 65 5 51 23 19 91 70 65 5 51 23
19 91 70 14 70 65 5 51 23 19 91 70 65 5 51 23
19 91 70 65 14 70 65 5 51 23 19 91 70 65 5 51 23

69 73 55 72 47 21 19 69 73 55 72 47 21 19
69 73 55 72 47 21 19 69 73 13 73 55 72 47 21 19
69 73 55 72 47 21 19 69 73 55 13 73 55 72 47 21 19
69 73 55 72 47 21 19 69 73 55 13 55 72 47 21 19
69 73 55 72 47 21 19 69 73 55 72 13 55 72 47 21 19
69 73 13 73 55 72 47 21 19 69 73 55 72 47 21 19
69 73 55 13 73 55 72 47 21 19 69 73 55 72 47 21 19
69 73 55 13 55 72 47 21 19 69 73 55 72 47 21 19
69 73 55 72 13 55 72 47 21 19 69 73 55 72 47 21 19

42 70 76 61 52 63 31 42 70 76 61 52 63 31
42 70 76 61 52 63 31 42 70 10 70 76 61 52 63 31
42 70 76 61 52 63 31 42 70 76 10 70 76 61 52 63 31
42 70 76 61 52 63 31 42 70 76 10 76 61 52 63 31
42 70 76 61 52 63 31 42 70 76 61 10 76 61 52 63 31
42 70 10 70 76 61 52 63 31 42 70 76 61 52 63 31
42 70 76 10 70 76 61 52 63 31 42 70 76 61 52 63 31
42 70 76 10 76 61 52 63 31 42 70 76 61 52 63 31
42 70 76 61 10 76 61 52 63 31 42 70 76 61 52 63 31

42 44 76 66 88 16 31 42 44 76 66 88 16 31
42 44 76 66 88 16 31 42 44 14 44 76 66 88 16 31
42 44 76 66 88 16 31 42 44 76 14 44 76 66 88 16 31
42 44 76 66 88 16 31 42 44 76 14 76 66 88 16 31
42 44 76 66 88 16 31 42 44 76 66 14 76 66 88 16 31
42 44 14 44 76 66 88 16 31 42 44 76 66 88 16 31
42 44 76 14 44 76 66 88 16 31 42 44 76 66 88 16 31
42 44 76 14 76 66 88 16 31 42 44 76 66 88 16 31
42 44 76 66 14 76 66 88 16 31 42 44 76 66 88 16 31

16 21 84 35 45 15 95 16 21 84 35 45 15 95
16 21 84 35 45 15 95 16 21 6 21 84 35 45 15 95
16 21 84 35 45 15 95 16 21 84 6 21 84 35 45 15 95
16 21 84 35 45 15 95 16 21 84 6 84 35 45 15 95
16 21 84 35 45 15 95 16 21 84 35 6 84 35 45 15 95
16 21 6 21 84 35 45 15 95 16 21 84 35 45 15 95
16 21 84 6 21 84 35 45 15 95 16 21 84 35 45 15 95
16 21 84 6 84 35 45 15 95 16 21 84 35 45 15 95
16 21 84 35 6 84 35 45 15 95 16 21 84 35 45 15 95

6 99 31 51 41 52 24 6 99 31 51 41 52 24
6 99 31 51 41 52 24 6 99 14 99 31 51 41 52 24
6 99 31 51 41 52 24 6 99 31 14 99 31 51 41 52 24
6 99 31 51 41 52 24 6 99 31 14 31 51 41 52 24
6 99 31 51 41 52 24 6 99 31 51 14 31 51 41 52 24
6 99 14 99 31 51 41 52 24 6 99 31 51 41 52 24
6 99 31 14 99 31 51 41 52 24 6 99 31 51 41 52 24
6 99 31 14 31 51 41 52 24 6 99 31 51 41 52 24
6 99 31 51 14 31 51 41 52 24 6 99 31 51 41 52 24

67 64 87 85 51 30 88 67 64 87 85 51 30 88
67 64 87 85 51 30 88 67 64 12 64 87 85 51 30 88
67 64 87 85 51 30 88 67 64 87 12 64 87 85 51 30 88
67 64 87 85 51 30 88 67 64 87 12 87 85 51 30 88
67 64 87 85 51 30 88 67 64 87 85 12 87 85 51 30 88
67 64 12 64 87 85 51 30 88 67 64 87 85 51 30 88
67 64 87 12 64 87 85 51 30 88 67 64 87 85 51 30 88
67 64 87 12 87 85 51 30 88 67 64 87 85 51 30 88
67 64 87 85 12 87 85 51 30 88 67 64 87 85 51 30 88

90 26 22 57 34 5 80 90 26 22 57 34 5 80
90 26 22 57 34 5 80 90 26 10 26 22 57 34 5 80
90 26 22 57 34 5 80 90 26 22 10 26 22 57 34 5 80
90 26 22 57 34 5 80 90 26 22 10 22 57 34 5 80
90 26 22 57 34 5 80 90 26 22 57 10 22 57 34 5 80
90 26 10 26 22 57 34 5 80 90 26 22 57 34 5 80
90 26 22 10 26 22 57 34 5 80 90 26 22 57 34 5 80
90 26 22 10 22 57 34 5 80 90 26 22 57 34 5 80
90 26 22 57 10 22 57 34 5 80 90 26 22 57 34 5 80

75 80 69 25 83 37 14 75 80 69 25 83 37 14
75 80 69 25 83 37 14 75 80 11 80 69 25 83 37 14
75 80 69 25 83 37 14 75 80 69 11 80 69 25 83 37 14
75 80 69 25 83 37 14 75 80 69 11 69 25 83 37 14
75 80 69 25 83 37 14 75 80 69 25 11 69 25 83 37 14
75 80 11 80 69 25 83 37 14 75 80 69 25 83 37 14
75 80 69 11 80 69 25 83 37 14 75 80 69 25 83 37 14
75 80 69 11 69 25 83 37 14 75 80 69 25 83 37 14
75 80 69 25 11 69 25 83 37 14 75 80 69 25 83 37 14

71 32 25 87 97 35 37 71 32 25 87 97 35 37
71 32 25 87 97 35 37 71 32 18 32 25 87 97 35 37
71 32 25 87 97 35 37 71 32 25 18 32 25 87 97 35 37
71 32 25 87 97 35 37 71 32 25 18 25 87 97 35 37
71 32 25 87 97 35 37 71 32 25 87 18 25 87 97 35 37
71 32 18 32 25 87 97 35 37 71 32 25 87 97 35 37
71 32 25 18 32 25 87 97 35 37 71 32 25 87 97 35 37
71 32 25 18 25 87 97 35 37 71 32 25 87 97 35 37
71 32 25 87 18 25 87 97 35 37 71 32 25 87 97 35 37

51 69 57 50 48 53 51 51 69 57 50 48 53 51
51 69 57 50 48 53 51 51 69 20 69 57 50 48 53 51
51 69 57 50 48 53 51 51 69 57 20 69 57 50 48 53 51
51 69 57 50 48 53 51 51 69 57 20 57 50 48 53 51
51 69 57 50 48 53 51 51 69 57 50 20 57 50 48 53 51
51 69 20 69 57 50 48 53 51 51 69 57 50 48 53 51
51 69 57 20 69 57 50 48 53 51 51 69 57 50 48 53 51
51 69 57 20 57 50 48 53 51 51 69 57 50 48 53 51
51 69 57 50 20 57 50 48 53 51 51 69 57 50 48 53 51

64 28 49 22 33 11 95 64 28 49 22 33 11 95
64 28 49 22 33 11 95 64 28 16 28 49 22 33 11 95
64 28 49 22 33 11 95 64 28 49 16 28 49 22 33 11 95
64 28 49 22 33 11 95 64 28 49 16 49 22 33 11 95
64 28 49 22 33 11 95 64 28 49 22 16 49 22 33 11 95
64 28 16 28 49 22 33 11 95 64 28 49 22 33 11 95
64 28 49 16 28 49 22 33 11 95 64 28 49 22 33 11 95
64 28 49 16 49 22 33 11 95 64 28 49 22 33 11 95
64 28 49 22 16 49 22 33 11 95 64 28 49 22 33 11 95

38 7 34 27 23 71 21 38 7 34 27 23 71 21
38 7 34 27 23 71 21 38 7 19 7 34 27 23 71 21
38 7 34 27 23 71 21 38 7 34 19 7 34 27 23 71 21
38 7 34 27 23 71 21 38 7 34 19 34 27 23 71 21
38 7 34 27 23 71 21 38 7 34 27 19 34 27 23 71 21
38 7 19 7 34 27 23 71 21 38 7 34 27 23 71 21
38 7 34 19 7 34 27 23 71 21 38 7 34 27 23 71 21
38 7 34 19 34 27 23 71 21 38 7 34 27 23 71 21
38 7 34 27 19 34 27 23 71 21 38 7 34 27 23 71 21

16 66 34 62 79 99 22 16 66 34 62 79 99 22
16 66 34 62 79 99 22 16 66 12 66 34 62 79 99 22
16 66 34 62 79 99 22 16 66 34 12 66 34 62 79 99 22
16 66 34 62 79 99 22 16 66 34 12 34 62 79 99 22
16 66 34 62 79 99 22 16 66 34 62 12 34 62 79 99 22
16 66 12 66 34 62 79 99 22 16 66 34 62 79 99 22
16 66 34 12 66 34 62 79 99 22 16 66 34 62 79 99 22
16 66 34 12 34 62 79 99 22 16 66 34 62 79 99 22
16 66 34 62 12 34 62 79 99 22 16 66 34 62 79 99 22

88 5 15 88 35 41 54 88 5 15 88 35 41 54
88 5 15 88 35 41 54 88 5 10 5 15 88 35 41 54
88 5 15 88 35 41 54 88 5 15 10 5 15 88 35 41 54
88 5 15 88 35 41 54 88 5 15 10 15 88 35 41 54
88 5 15 88 35 41 54 88 5 15 88 10 15 88 35 41 54
88 5 10 5 15 88 35 41 54 88 5 15 88 35 41 54
88 5 15 10 5 15 88 35 41 54 88 5 15 88 35 41 54
88 5 15 10 15 88 35 41 54 88 5 15 88 35 41 54
88 5 15 88 10 15 88 35 41 54 88 5 15 88 35 41 54

44 6 99 75 52 33 76 44 6 99 75 52 33 76
44 6 99 75 52 33 76 44 6 15 6 99 75 52 33 76
44 6 99 75 52 33 76 44 6 99 15 6 99 75 52 33 76
44 6 99 75 52 33 76 44 6 99 15 99 75 52 33 76
44 6 99 75 52 33 76 44 6 99 75 15 99 75 52 33 76
44 6 15 6 99 75 52 33 76 44 6 99 75 52 33 76
44 6 99 15 6 99 75 52 33 76 44 6 99 75 52 33 76
44 6 99 15 99 75 52 33 76 44 6 99 75 52 33 76
44 6 99 75 15 99 75 52 33 76 44 6 99 75 52 33 76

68 79 82 73 42 88 8 68 79 82 73 42 88 8
68 79 82 73 42 88 8 68 79 20 79 82 73 42 88 8
68 79 82 73 42 88 8 68 79 82 20 79 82 73 42 88 8
68 79 82 73 42 88 8 68 79 82 20 82 73 42 88 8
68 79 82 73 42 88 8 68 79 82 73 20 82 73 42 88 8
68 79 20 79 82 73 42 88 8 68 79 82 73 42 88 8
68 79 82 20 79 82 73 42 88 8 68 79 82 73 42 88 8
68 79 82 20 82 73 42 88 8 68 79 82 73 42 88 8
68 79 82 73 20 82 73 42 88 8 68 79 82 73 42 88 8

96 41 88 96 14 27 53 96 41 88 96 14 27 53
96 41 88 96 14 27 53 96 41 6 41 88 96 14 27 53
96 41 88 96 14 27 53 96 41 88 6 41 88 96 14 27 53
96 41 88 96 14 27 53 96 41 88 6 88 96 14 27 53
96 41 88 96 14 27 53 96 41 88 96 6 88 96 14 27 53
96 41 6 41 88 96 14 27 53 96 41 88 96 14 27 53
96 41 88 6 41 88 96 14 27 53 96 41 88 96 14 27 53
96 41 88 6 88 96 14 27 53 96 41 88 96 14 27 53
96 41 88 96 6 88 96 14 27 53 96 41 88 96 14 27 53

90 93 17 37 48 49 46 90 93 17 37 48 49 46
90 93 17 37 48 49 46 90 93 16 93 17 37 48 49 46
90 93 17 37 48 49 46 90 93 17 16 93 17 37 48 49 46
90 93 17 37 48 49 46 90 93 17 16 17 37 48 49 46
90 93 17 37 48 49 46 90 93 17 37 16 17 37 48 49 46
90 93 16 93 17 37 48 49 46 90 93 17 37 48 49 46
90 93 17 16 93 17 37 48 49 46 90 93 17 37 48 49 46
90 93 17 16 17 37 48 49 46 90 93 17 37 48 49 46
90 93 17 37 16 17 37 48 49 46 90 93 17 37 48 49 46

19 89 47 75 27 87 98 19 89 47 75 27 87 98
19 89 47 75 27 87 98 19 89 18 89 47 75 27 87 98
19 89 47 75 27 87 98 19 89 47 18 89 47 75 27 87 98
19 89 47 75 27 87 98 19 89 47 18 47 75 27 87 98
19 89 47 75 27 87 98 19 89 47 75 18 47 75 27 87 98
19 89 18 89 47 75 27 87 98 19 89 47 75 27 87 98
19 89 47 18 89 47 75 27 87 98 19 89 47 75 27 87 98
19 89 47 18 47 75 27 87 98 19 89 47 75 27 87 98
19 89 47 75 18 47 75 27 87 98 19 89 47 75 27 87 98

73 58 98 47 86 76 35 73 58 98 47 86 76 35
73 58 98 47 86 76 35 73 58 11 58 98 47 86 76 35
73 58 98 47 86 76 35 73 58 98 11 58 98 47 86 76 35
73 58 98 47 86 76 35 73 58 98 11 98 47 86 76 35
73 58 98 47 86 76 35 73 58 98 47 11 98 47 86 76 35
73 58 11 58 98 47 86 76 35 73 58 98 47 86 76 35
73 58 98 11 58 98 47 86 76 35 73 58 98 47 86 76 35
73 58 98 11 98 47 86 76 35 73 58 98 47 86 76 35
73 58 98 47 11 98 47 86 76 35 73 58 98 47 86 76 35

5 57 44 36 6 20 69 5 57 44 36 6 20 69
5 57 44 36 6 20 69 5 57 13 57 44 36 6 20 69
5 57 44 36 6 20 69 5 57 44 13 57 44 36 6 20 69
5 57 44 36 6 20 69 5 57 44 13 44 36 6 20 69
5 57 44 36 6 20 69 5 57 44 36 13 44 36 6 20 69
5 57 13 57 44 36 6 20 69 5 57 44 36 6 20 69
5 57 44 13 57 44 36 6 20 69 5 57 44 36 6 20 69
5 57 44 13 44 36 6 20 69 5 57 44 36 6 20 69
5 57 44 36 13 44 36 6 20 69 5 57 44 36 6 20 69

84 43 49 39 55 42 56 84 43 49 39 55 42 56
84 43 49 39 55 42 56 84 43 20 43 49 39 55 42 56
84 43 49 39 55 42 56 84 43 49 20 43 49 39 55 42 56
84 43 49 39 55 42 56 84 43 49 20 49 39 55 42 56
84 43 49 39 55 42 56 84 43 49 39 20 49 39 55 42 56
84 43 20 43 49 39 55 42 56 84 43 49 39 55 42 56
84 43 49 20 43 49 39 55 42 56 84 43 49 39 55 42 56
84 43 49 20 49 39 55 42 56 84 43 49 39 55 42 56
84 43 49 39 20 49 39 55 42 56 84 43 49 39 55 42 56

77 100 89 35 10 71 76 77 100 89 35 10 71 76
77 100 89 35 10 71 76 77 100 14 100 89 35 10 71 76
77 100 89 35 10 71 76 77 100 89 14 100 89 35 10 71 76
77 100 89 35 10 71 76 77 100 89 14 89 35 10 71 76
77 100 89 35 10 71 76 77 100 89 35 14 89 35 10 71 76
77 100 14 100 89 35 10 71 76 77 100 89 35 10 71 76
77 100 89 14 100 89 35 10 71 76 77 100 89 35 10 71 76
77 100 89 14 89 35 10 71 76 77 100 89 35 10 71 76
77 100 89 35 14 89 35 10 71 76 77 100 89 35 10 71 76

23 100 18 63 48 11 89 23 100 18 63 48 11 89
23 100 18 63 48 11 89 23 100 7 100 18 63 48 11 89
23 100 18 63 48 11 89 23 100 18 7 100 18 63 48 11 89
23 100 18 63 48 11 89 23 100 18 7 18 63 48 11 89
23 100 18 63 48 11 89 23 100 18 63 7 18 63 48 11 89
23 100 7 100 18 63 48 11 89 23 100 18 63 48 11 89
23 100 18 7 100 18 63 48 11 89 23 100 18 63 48 11 89
23 100 18 7 18 63 48 11 89 23 100 18 63 48 11 89
23 100 18 63 7 18 63 48 11 89 23 100 18 63 48 11 89

96 61 15 46 45 15 93 96 61 15 46 45 15 93
96 61 15 46 45 15 93 96 61 10 61 15 46 45 15 93
96 61 15 46 45 15 93 96 61 15 10 61 15 46 45 15 93
96 61 15 46 45 15 93 96 61 15 10 15 46 45 15 93
96 61 15 46 45 15 93 96 61 15 46 10 15 46 45 15 93
96 61 10 61 15 46 45 15 93 96 61 15 46 45 15 93
96 61 15 10 61 15 46 45 15 93 96 61 15 46 45 15 93
96 61 15 10 15 46 45 15 93 96 61 15 46 45 15 93
96 61 15 46 10 15 46 45 15 93 96 61 15 46 45 15 93

75 100 46 7 5 49 43 75 100 46 7 5 49 43
75 100 46 7 5 49 43 75 100 9 100 46 7 5 49 43
75 100 46 7 5 49 43 75 100 46 9 100 46 7 5 49 43
75 100 46 7 5 49 43 75 100 46 9 46 7 5 49 43
75 100 46 7 5 49 43 75 100 46 7 9 46 7 5 49 43
75 100 9 100 46 7 5 49 43 75 100 46 7 5 49 43
75 100 46 9 100 46 7 5 49 43 75 100 46 7 5 49 43
75 100 46 9 46 7 5 49 43 75 100 46 7 5 49 43
75 100 46 7 9 46 7 5 49 43 75 100 46 7 5 49 43

10 50 67 94 95 95 41 10 50 67 94 95 95 41
10 50 67 94 95 95 41 10 50 16 50 67 94 95 95 41
10 50 67 94 95 95 41 10 50 67 16 50 67 94 95 95 41
10 50 67 94 95 95 41 10 50 67 16 67 94 95 95 41
10 50 67 94 95 95 41 10 50 67 94 16 67 94 95 95 41
10 50 16 50 67 94 95 95 41 10 50 67 94 95 95 41
10 50 67 16 50 67 94 95 95 41 10 50 67 94 95 95 41
10 50 67 16 67 94 95 95 41 10 50 67 94 95 95 41
10 50 67 94 16 67 94 95 95 41 10 50 67 94 95 95 41

64 18 19 96 12 86 20 64 18 19 96 12 86 20
64 18 19 96 12 86 20 64 18 14 18 19 96 12 86 20
64 18 19 96 12 86 20 64 18 19 14 18 19 96 12 86 20
64 18 19 96 12 86 20 64 18 19 14 19 96 12 86 20
64 18 19 96 12 86 20 64 18 19 96 14 19 96 12 86 20
64 18 14 18 19 96 12 86 20 64 18 19 96 12 86 20
64 18 19 14 18 19 96 12 86 20 64 18 19 96 12 86 20
64 18 19 14 19 96 12 86 20 64 18 19 96 12 86 20
64 18 19 96 14 19 96 12 86 20 64 18 19 96 12 86 20

43 41 40 30 34 29 25 43 41 40 30 34 29 25
43 41 40 30 34 29 25 43 41 19 41 40 30 34 29 25
43 41 40 30 34 29 25 43 41 40 19 41 40 30 34 29 25
43 41 40 30 34 29 25 43 41 40 19 40 30 34 29 25
43 41 40 30 34 29 25 43 41 40 30 19 40 30 34 29 25
43 41 19 41 40 30 34 29 25 43 41 40 30 34 29 25
43 41 40 19 41 40 30 34 29 25 43 41 40 30 34 29 25
43 41 40 19 40 30 34 29 25 43 41 40 30 34 29 25
43 41 40 30 19 40 30 34 29 25 43 41 40 30 34 29 25

50 58 41 80 40 30 35 50 58 41 80 40 30 35
50 58 41 80 40 30 35 50 58 14 58 41 80 40 30 35
50 58 41 80 40 30 35 50 58 41 14 58 41 80 40 30 35
50 58 41 80 40 30 35 50 58 41 14 41 80 40 30 35
50 58 41 80 40 30 35 50 58 41 80 14 41 80 40 30 35
50 58 14 58 41 80 40 30 35 50 58 41 80 40 30 35
50 58 41 14 58 41 80 40 30 35 50 58 41 80 40 30 35
50 58 41 14 41 80 40 30 35 50 58 41 80 40 30 35
50 58 41 80 14 41 80 40 30 35 50 58 41 80 40 30 35

92 40 58 68 56 68 70 92 40 58 68 56 68 70
92 40 58 68 56 68 70 92 40 5 40 58 68 56 68 70
92 40 58 68 56 68 70 92 40 58 5 40 58 68 56 68 70
92 40 58 68 56 68 70 92 40 58 5 58 68 56 68 70
92 40 58 68 56 68 70 92 40 58 68 5 58 68 56 68 70
92 40 5 40 58 68 56 68 70 92 40 58 68 56 68 70
92 40 58 5 40 58 68 56 68 70 92 40 58 68 56 68 70
92 40 58 5 58 68 56 68 70 92 40 58 68 56 68 70
92 40 58 68 5 58 68 56 68 70 92 40 58 68 56 68 70

9 92 38 83 98 40 52 9 92 38 83 98 40 52
9 92 38 83 98 40 52 9 92 15 92 38 83 98 40 52
9 92 38 83 98 40 52 9 92 38 15 92 38 83 98 40 52
9 92 38 83 98 40 52 9 92 38 15 38 83 98 40 52
9 92 38 83 98 40 52 9 92 38 83 15 38 83 98 40 52
9 92 15 92 38 83 98 40 52 9 92 38 83 98 40 52
9 92 38 15 92 38 83 98 40 52 9 92 38 83 98 40 52
9 92 38 15 38 83 98 40 52 9 92 38 83 98 40 52
9 92 38 83 15 38 83 98 40 52 9 92 38 83 98 40 52

6 88 78 62 91 16 75 6 88 78 62 91 16 75
6 88 78 62 91 16 75 6 88 16 88 78 62 91 16 75
6 88 78 62 91 16 75 6 88 78 16 88 78 62 91 16 75
6 88 78 62 91 16 75 6 88 78 16 78 62 91 16 75
6 88 78 62 91 16 75 6 88 78 62 16 78 62 91 16 75
6 88 16 88 78 62 91 16 75 6 88 78 62 91 16 75
6 88 78 16 88 78 62 91 16 75 6 88 78 62 91 16 75
6 88 78 16 78 62 91 16 75 6 88 78 62 91 16 75
6 88 78 62 16 78 62 91 16 75 6 88 78 62 91 16 75

45 90 72 66 5 51 99 45 90 72 66 5 51 99
45 90 72 66 5 51 99 45 90 19 90 72 66 5 51 99
45 90 72 66 5 51 99 45 90 72 19 90 72 66 5 51 99
45 90 72 66 5 51 99 45 90 72 19 72 66 5 51 99
45 90 72 66 5 51 99 45 90 72 66 19 72 66 5 51 99
45 90 19 90 72 66 5 51 99 45 90 72 66 5 51 99
45 90 72 19 90 72 66 5 51 99 45 90 72 66 5 51 99
45 90 72 19 72 66 5 51 99 45 90 72 66 5 51 99
45 90 72 66 19 72 66 5 51 99 45 90 72 66 5 51 99

71 33 6 86 42 58 89 71 33 6 86 42 58 89
71 33 6 86 42 58 89 71 33 14 33 6 86 42 58 89
71 33 6 86 42 58 89 71 33 6 14 33 6 86 42 58 89
71 33 6 86 42 58 89 71 33 6 14 6 86 42 58 89
71 33 6 86 42 58 89 71 33 6 86 14 6 86 42 58 89
71 33 14 33 6 86 42 58 89 71 33 6 86 42 58 89
71 33 6 14 33 6 86 42 58 89 71 33 6 86 42 58 89
71 33 6 14 6 86 42 58 89 71 33 6 86 42 58 89
71 33 6 86 14 6 86 42 58 89 71 33 6 86 42 58 89

74 82 38 63 35 18 85 74 82 38 63 35 18 85
74 82 38 63 35 18 85 74 82 15 82 38 63 35 18 85
74 82 38 63 35 18 85 74 82 38 15 82 38 63 35 18 85
74 82 38 63 35 18 85 74 82 38 15 38 63 35 18 85
74 82 38 63 35 18 85 74 82 38 63 15 38 63 35 18 85
74 82 15 82 38 63 35 18 85 74 82 38 63 35 18 85
74 82 38 15 82 38 63 35 18 85 74 82 38 63 35 18 85
74 82 38 15 38 63 35 18 85 74 82 38 63 35 18 85
74 82 38 63 15 38 63 35 18 85 74 82 38 63 35 18 85

36 8 41 52 38 74 100 36 8 41 52 38 74 100
36 8 41 52 38 74 100 36 8 17 8 41 52 38 74 100
36 8 41 52 38 74 100 36 8 41 17 8 41 52 38 74 100
36 8 41 52 38 74 100 36 8 41 17 41 52 38 74 100
36 8 41 52 38 74 100 36 8 41 52 17 41 52 38 74 100
36 8 17 8 41 52 38 74 100 36 8 41 52 38 74 100
36 8 41 17 8 41 52 38 74 100 36 8 41 52 38 74 100
36 8 41 17 41 52 38 74 100 36 8 41 52 38 74 100
36 8 41 52 17 41 52 38 74 100 36 8 41 52 38 74 100

53 57 82 64 69 65 29 53 57 82 64 69 65 29
53 57 82 64 69 65 29 53 57 18 57 82 64 69 65 29
53 57 82 64 69 65 29 53 57 82 18 57 82 64 69 65 29
53 57 82 64 69 65 29 53 57 82 18 82 64 69 65 29
53 57 82 64 69 65 29 53 57 82 64 18 82 64 69 65 29
53 57 18 57 82 64 69 65 29 53 57 82 64 69 65 29
53 57 82 18 57 82 64 69 65 29 53 57 82 64 69 65 29
53 57 82 18 82 64 69 65 29 53 57 82 64 69 65 29
53 57 82 64 18 82 64 69 65 29 53 57 82 64 69 65 29

18 49 40 100 85 73 71 18 49 40 100 85 73 71
18 49 40 100 85 73 71 18 49 18 49 40 100 85 73 71
18 49 40 100 85 73 71 18 49 40 18 49 40 100 85 73 71
18 49 40 100 85 73 71 18 49 40 18 40 100 85 73 71
18 49 40 100 85 73 71 18 49 40 100 18 40 100 85 73 71
18 49 18 49 40 100 85 73 71 18 49 40 100 85 73 71
18 49 40 18 49 40 100 85 73 71 18 49 40 100 85 73 71
18 49 40 18 40 100 85 73 71 18 49 40 100 85 73 71
18 49 40 100 18 40 100 85 73 71 18 49 40 100 85 73 71

24 30 65 35 10 23 15 24 30 65 35 10 23 15
24 30 65 35 10 23 15 24 30 20 30 65 35 10 23 15
24 30 65 35 10 23 15 24 30 65 20 30 65 35 10 23 15
24 30 65 35 10 23 15 24 30 65 20 65 35 10 23 15
24 30 65 35 10 23 15 24 30 65 35 20 65 35 10 23 15
24 30 20 30 65 35 10 23 15 24 30 65 35 10 23 15
24 30 65 20 30 65 35 10 23 15 24 30 65 35 10 23 15
24 30 65 20 65 35 10 23 15 24 30 65 35 10 23 15
24 30 65 35 20 65 35 10 23 15 24 30 65 35 10 23 15

66 64 29 29 27 82 37 66 64 29 29 27 82 37
66 64 29 29 27 82 37 66 64 18 64 29 29 27 82 37
66 64 29 29 27 82 37 66 64 29 18 64 29 29 27 82 37
66 64 29 29 27 82 37 66 64 29 18 29 29 27 82 37
66 64 29 29 27 82 37 66 64 29 29 18 29 29 27 82 37
66 64 18 64 29 29 27 82 37 66 64 29 29 27 82 37
66 64 29 18 64 29 29 27 82 37 66 64 29 29 27 82 37
66 64 29 18 29 29 27 82 37 66 64 29 29 27 82 37
66 64 29 29 18 29 29 27 82 37 66 64 29 29 27 82 37

21 33 67 64 92 67 93 21 33 67 64 92 67 93
21 33 67 64 92 67 93 21 33 14 33 67 64 92 67 93
21 33 67 64 92 67 93 21 33 67 14 33 67 64 92 67 93
21 33 67 64 92 67 93 21 33 67 14 67 64 92 67 93
21 33 67 64 92 67 93 21 33 67 64 14 67 64 92 67 93
21 33 14 33 67 64 92 67 93 21 33 67 64 92 67 93
21 33 67 14 33 67 64 92 67 93 21 33 67 64 92 67 93
21 33 67 14 67 64 92 67 93 21 33 67 64 92 67 93
21 33 67 64 14 67 64 92 67 93 21 33 67 64 92 67 93

67 56 43 7 56 51 27 67 56 43 7 56 51 27
67 56 43 7 56 51 27 67 56 7 56 43 7 56 51 27
67 56 43 7 56 51 27 67 56 43 7 56 43 7 56 51 27
67 56 43 7 56 51 27 67 56 43 7 43 7 56 51 27
67 56 43 7 56 51 27 67 56 43 7 7 43 7 56 51 27
67 56 7 56 43 7 56 51 27 67 56 43 7 56 51 27
67 56 43 7 56 43 7 56 51 27 67 56 43 7 56 51 27
67 56 43 7 43 7 56 51 27 67 56 43 7 56 51 27
67 56 43 7 7 43 7 56 51 27 67 56 43 7 56 51 27

98 100 42 14 82 69 39 98 100 42 14 82 69 39
98 100 42 14 82 69 39 98 100 18 100 42 14 82 69 39
98 100 42 14 82 69 39 98 100 42 18 100 42 14 82 69 39
98 100 42 14 82 69 39 98 100 42 18 42 14 82 69 39
98 100 42 14 82 69 39 98 100 42 14 18 42 14 82 69 39
98 100 18 100 42 14 82 69 39 98 100 42 14 82 69 39
98 100 42 18 100 42 14 82 69 39 98 100 42 14 82 69 39
98 100 42 18 42 14 82 69 39 98 100 42 14 82 69 39
98 100 42 14 18 42 14 82 69 39 98 100 42 14 82 69 39

16 29 46 64 58 44 57 16 29 46 64 58 44 57
16 29 46 64 58 44 57 16 29 11 29 46 64 58 44 57
16 29 46 64 58 44 57 16 29 46 11 29 46 64 58 44 57
16 29 46 64 58 44 57 16 29 46 11 46 64 58 44 57
16 29 46 64 58 44 57 16 29 46 64 11 46 64 58 44 57
16 29 11 29 46 64 58 44 57 16 29 46 64 58 44 57
16 29 46 11 29 46 64 58 44 57 16 29 46 64 58 44 57
16 29 46 11 46 64 58 44 57 16 29 46 64 58 44 57
16 29 46 64 11 46 64 58 44 57 16 29 46 64 58 44 57

61 31 61 51 62 38 48 61 31 61 51 62 38 48
61 31 61 51 62 38 48 61 31 14 31 61 51 62 38 48
61 31 61 51 62 38 48 61 31 61 14 31 61 51 62 38 48
61 31 61 51 62 38 48 61 31 61 14 61 51 62 38 48
61 31 61 51 62 38 48 61 31 61 51 14 61 51 62 38 48
61 31 14 31 61 51 62 38 48 61 31 61 51 62 38 48
61 31 61 14 31 61 51 62 38 48 61 31 61 51 62 38 48
61 31 61 14 61 51 62 38 48 61 31 61 51 62 38 48
61 31 61 51 14 61 51 62 38 48 61 31 61 51 62 38 48

20 63 92 29 23 56 36 20 63 92 29 23 56 36
20 63 92 29 23 56 36 20 63 8 63 92 29 23 56 36
20 63 92 29 23 56 36 20 63 92 8 63 92 29 23 56 36
20 63 92 29 23 56 36 20 63 92 8 92 29 23 56 36
20 63 92 29 23 56 36 20 63 92 29 8 92 29 23 56 36
20 63 8 63 92 29 23 56 36 20 63 92 29 23 56 36
20 63 92 8 63 92 29 23 56 36 20 63 92 29 23 56 36
20 63 92 8 92 29 23 56 36 20 63 92 29 23 56 36
20 63 92 29 8 92 29 23 56 36 20 63 92 29 23 56 36

27 13 88 79 22 43 60 27 13 88 79 22 43 60
27 13 88 79 22 43 60 27 13 10 13 88 79 22 43 60
27 13 88 79 22 43 60 27 13 88 10 13 88 79 22 43 60
27 13 88 79 22 43 60 27 13 88 10 88 79 22 43 60
27 13 88 79 22 43 60 27 13 88 79 10 88 79 22 43 60
27 13 10 13 88 79 22 43 60 27 13 88 79 22 43 60
27 13 88 10 13 88 79 22 43 60 27 13 88 79 22 43 60
27 13 88 10 88 79 22 43 60 27 13 88 79 22 43 60
27 13 88 79 10 88 79 22 43 60 27 13 88 79 22 43 60

23 78 94 82 13 91 29 23 78 94 82 13 91 29
23 78 94 82 13 91 29 23 78 6 78 94 82 13 91 29
23 78 94 82 13 91 29 23 78 94 6 78 94 82 13 91 29
23 78 94 82 13 91 29 23 78 94 6 94 82 13 91 29
23 78 94 82 13 91 29 23 78 94 82 6 94 82 13 91 29
23 78 6 78 94 82 13 91 29 23 78 94 82 13 91 29
23 78 94 6 78 94 82 13 91 29 23 78 94 82 13 91 29
23 78 94 6 94 82 13 91 29 23 78 94 82 13 91 29
23 78 94 82 6 94 82 13 91 29 23 78 94 82 13 91 29

33 30 78 82 39 34 66 33 30 78 82 39 34 66
33 30 78 82 39 34 66 33 30 6 30 78 82 39 34 66
33 30 78 82 39 34 66 33 30 78 6 30 78 82 39 34 66
33 30 78 82 39 34 66 33 30 78 6 78 82 39 34 66
33 30 78 82 39 34 66 33 30 78 82 6 78 82 39 34 66
33 30 6 30 78 82 39 34 66 33 30 78 82 39 34 66
33 30 78 6 30 78 82 39 34 66 33 30 78 82 39 34 66
33 30 78 6 78 82 39 34 66 33 30 78 82 39 34 66
33 30 78 82 6 78 82 39 34 66 33 30 78 82 39 34 66

98 41 77 37 79 80 82 98 41 77 37 79 80 82
98 41 77 37 79 80 82 98 41 16 41 77 37 79 80 82
98 41 77 37 79 80 82 98 41 77 16 41 77 37 79 80 82
98 41 77 37 79 80 82 98 41 77 16 77 37 79 80 82
98 41 77 37 79 80 82 98 41 77 37 16 77 37 79 80 82
98 41 16 41 77 37 79 80 82 98 41 77 37 79 80 82
98 41 77 16 41 77 37 79 80 82 98 41 77 37 79 80 82
98 41 77 16 77 37 79 80 82 98 41 77 37 79 80 82
98 41 77 37 16 77 37 79 80 82 98 41 77 37 79 80 82

76 45 87 98 25 19 14 76 45 87 98 25 19 14
76 45 87 98 25 19 14 76 45 8 45 87 98 25 19 14
76 45 87 98 25 19 14 76 45 87 8 45 87 98 25 19 14
76 45 87 98 25 19 14 76 45 87 8 87 98 25 19 14
76 45 87 98 25 19 14 76 45 87 98 8 87 98 25 19 14
76 45 8 45 87 98 25 19 14 76 45 87 98 25 19 14
76 45 87 8 45 87 98 25 19 14 76 45 87 98 25 19 14
76 45 87 8 87 98 25 19 14 76 45 87 98 25 19 14
76 45 87 98 8 87 98 25 19 14 76 45 87 98 25 19 14

16 88 6 9 96 90 52 16 88 6 9 96 90 52
16 88 6 9 96 90 52 16 88 20 88 6 9 96 90 52
16 88 6 9 96 90 52 16 88 6 20 88 6 9 96 90 52
16 88 6 9 96 90 52 16 88 6 20 6 9 96 90 52
16 88 6 9 96 90 52 16 88 6 9 20 6 9 96 90 52
16 88 20 88 6 9 96 90 52 16 88 6 9 96 90 52
16 88 6 20 88 6 9 96 90 52 16 88 6 9 96 90 52
16 88 6 20 6 9 96 90 52 16 88 6 9 96 90 52
16 88 6 9 20 6 9 96 90 52 16 88 6 9 96 90 52

71 37 44 58 39 87 86 71 37 44 58 39 87 86
71 37 44 58 39 87 86 71 37 16 37 44 58 39 87 86
71 37 44 58 39 87 86 71 37 44 16 37 44 58 39 87 86
71 37 44 58 39 87 86 71 37 44 16 44 58 39 87 86
71 37 44 58 39 87 86 71 37 44 58 16 44 58 39 87 86
71 37 16 37 44 58 39 87 86 71 37 44 58 39 87 86
71 37 44 16 37 44 58 39 87 86 71 37 44 58 39 87 86
71 37 44 16 44 58 39 87 86 71 37 44 58 39 87 86
71 37 44 58 16 44 58 39 87 86 71 37 44 58 39 87 86

52 81 58 52 79 52 67 52 81 58 52 79 52 67
52 81 58 52 79 52 67 52 81 14 81 58 52 79 52 67
52 81 58 52 79 52 67 52 81 58 14 81 58 52 79 52 67
52 81 58 52 79 52 67 52 81 58 14 58 52 79 52 67
52 81 58 52 79 52 67 52 81 58 52 14 58 52 79 52 67
52 81 14 81 58 52 79 52 67 52 81 58 52 79 52 67
52 81 58 14 81 58 52 79 52 67 52 81 58 52 79 52 67
52 81 58 14 58 52 79 52 67 52 81 58 52 79 52 67
52 81 58 52 14 58 52 79 52 67 52 81 58 52 79 52 67

12 5 66 11 24 64 70 12 5 66 11 24 64 70
12 5 66 11 24 64 70 12 5 19 5 66 11 24 64 70
12 5 66 11 24 64 70 12 5 66 19 5 66 11 24 64 70
12 5 66 11 24 64 70 12 5 66 19 66 11 24 64 70
12 5 66 11 24 64 70 12 5 66 11 19 66 11 24 64 70
12 5 19 5 66 11 24 64 70 12 5 66 11 24 64 70
12 5 66 19 5 66 11 24 64 70 12 5 66 11 24 64 70
12 5 66 19 66 11 24 64 70 12 5 66 11 24 64 70
12 5 66 11 19 66 11 24 64 70 12 5 66 11 24 64 70

7 74 54 7 17 73 96 7 74 54 7 17 73 96
7 74 54 7 17 73 96 7 74 5 74 54 7 17 73 96
7 74 54 7 17 73 96 7 74 54 5 74 54 7 17 73 96
7 74 54 7 17 73 96 7 74 54 5 54 7 17 73 96
7 74 54 7 17 73 96 7 74 54 7 5 54 7 17 73 96
7 74 5 74 54 7 17 73 96 7 74 54 7 17 73 96
7 74 54 5 74 54 7 17 73 96 7 74 54 7 17 73 96
7 74 54 5 54 7 17 73 96 7 74 54 7 17 73 96
7 74 54 7 5 54 7 17 73 96 7 74 54 7 17 73 96

36 38 88 14 63 62 61 36 38 88 14 63 62 61
36 38 88 14 63 62 61 36 38 20 38 88 14 63 62 61
36 38 88 14 63 62 61 36 38 88 20 38 88 14 63 62 61
36 38 88 14 63 62 61 36 38 88 20 88 14 63 62 61
36 38 88 14 63 62 61 36 38 88 14 20 88 14 63 62 61
36 38 20 38 88 14 63 62 61 36 38 88 14 63 62 61
36 38 88 20 38 88 14 63 62 61 36 38 88 14 63 62 61
36 38 88 20 88 14 63 62 61 36 38 88 14 63 62 61
36 38 88 14 20 88 14 63 62 61 36 38 88 14 63 62 61

38 67 49 21 72 31 95 38 67 49 21 72 31 95
38 67 49 21 72 31 95 38 67 5 67 49 21 72 31 95
38 67 49 21 72 31 95 38 67 49 5 67 49 21 72 31 95
38 67 49 21 72 31 95 38 67 49 5 49 21 72 31 95
38 67 49 21 72 31 95 38 67 49 21 5 49 21 72 31 95
38 67 5 67 49 21 72 31 95 38 67 49 21 72 31 95
38 67 49 5 67 49 21 72 31 95 38 67 49 21 72 31 95
38 67 49 5 49 21 72 31 95 38 67 49 21 72 31 95
38 67 49 21 5 49 21 72 31 95 38 67 49 21 72 31 95

89 34 67 81 87 41 79 89 34 67 81 87 41 79
89 34 67 81 87 41 79 89 34 13 34 67 81 87 41 79
89 34 67 81 87 41 79 89 34 67 13 34 67 81 87 41 79
89 34 67 81 87 41 79 89 34 67 13 67 81 87 41 79
89 34 67 81 87 41 79 89 34 67 81 13 67 81 87 41 79
89 34 13 34 67 81 87 41 79 89 34 67 81 87 41 79
89 34 67 13 34 67 81 87 41 79 89 34 67 81 87 41 79
89 34 67 13 67 81 87 41 79 89 34 67 81 87 41 79
89 34 67 81 13 67 81 87 41 79 89 34 67 81 87 41 79

85 58 43 23 10 50 81 85 58 43 23 10 50 81
85 58 43 23 10 50 81 85 58 20 58 43 23 10 50 81
85 58 43 23 10 50 81 85 58 43 20 58 43 23 10 50 81
85 58 43 23 10 50 81 85 58 43 20 43 23 10 50 81
85 58 43 23 10 50 81 85 58 43 23 20 43 23 10 50 81
85 58 20 58 43 23 10 50 81 85 58 43 23 10 50 81
85 58 43 20 58 43 23 10 50 81 85 58 43 23 10 50 81
85 58 43 20 43 23 10 50 81 85 58 43 23 10 50 81
85 58 43 23 20 43 23 10 50 81 85 58 43 23 10 50 81

45 15 81 74 10 52 70 45 15 81 74 10 52 70
45 15 81 74 10 52 70 45 15 13 15 81 74 10 52 70
45 15 81 74 10 52 70 45 15 81 13 15 81 74 10 52 70
45 15 81 74 10 52 70 45 15 81 13 81 74 10 52 70
45 15 81 74 10 52 70 45 15 81 74 13 81 74 10 52 70
45 15 13 15 81 74 10 52 70 45 15 81 74 10 52 70
45 15 81 13 15 81 74 10 52 70 45 15 81 74 10 52 70
45 15 81 13 81 74 10 52 70 45 15 81 74 10 52 70
45 15 81 74 13 81 74 10 52 70 45 15 81 74 10 52 70

97 27 83 46 20 58 68 97 27 83 46 20 58 68
97 27 83 46 20 58 68 97 27 11 27 83 46 20 58 68
97 27 83 46 20 58 68 97 27 83 11 27 83 46 20 58 68
97 27 83 46 20 58 68 97 27 83 11 83 46 20 58 68
97 27 83 46 20 58 68 97 27 83 46 11 83 46 20 58 68
97 27 11 27 83 46 20 58 68 97 27 83 46 20 58 68
97 27 83 11 27 83 46 20 58 68 97 27 83 46 20 58 68
97 27 83 11 83 46 20 58 68 97 27 83 46 20 58 68
97 27 83 46 11 83 46 20 58 68 97 27 83 46 20 58 68

84 15 34 74 39 43 72 84 15 34 74 39 43 72
84 15 34 74 39 43 72 84 15 12 15 34 74 39 43 72
84 15 34 74 39 43 72 84 15 34 12 15 34 74 39 43 72
84 15 34 74 39 43 72 84 15 34 12 34 74 39 43 72
84 15 34 74 39 43 72 84 15 34 74 12 34 74 39 43 72
84 15 12 15 34 74 39 43 72 84 15 34 74 39 43 72
84 15 34 12 15 34 74 39 43 72 84 15 34 74 39 43 72
84 15 34 12 34 74 39 43 72 84 15 34 74 39 43 72
84 15 34 74 12 34 74 39 43 72 84 15 34 74 39 43 72

36 69 77 65 43 90 91 36 69 77 65 43 90 91
36 69 77 65 43 90 91 36 69 20 69 77 65 43 90 91
36 69 77 65 43 90 91 36 69 77 20 69 77 65 43 90 91
36 69 77 65 43 90 91 36 69 77 20 77 65 43 90 91
36 69 77 65 43 90 91 36 69 77 65 20 77 65 43 90 91
36 69 20 69 77 65 43 90 91 36 69 77 65 43 90 91
36 69 77 20 69 77 65 43 90 91 36 69 77 65 43 90 91
36 69 77 20 77 65 43 90 91 36 69 77 65 43 90 91
36 69 77 65 20 77 65 43 90 91 36 69 77 65 43 90 91

74 88 88 46 37 37 38 74 88 88 46 37 37 38
74 88 88 46 37 37 38 74 88 10 88 88 46 37 37 38
74 88 88 46 37 37 38 74 88 88 10 88 88 46 37 37 38
74 88 88 46 37 37 38 74 88 88 10 88 46 37 37 38
74 88 88 46 37 37 38 74 88 88 46 10 88 46 37 37 38
74 88 10 88 88 46 37 37 38 74 88 88 46 37 37 38
74 88 88 10 88 88 46 37 37 38 74 88 88 46 37 37 38
74 88 88 10 88 46 37 37 38 74 88 88 46 37 37 38
74 88 88 46 10 88 46 37 37 38 74 88 88 46 37 37 38

9 82 76 100 35 94 82 9 82 76 100 35 94 82
9 82 76 100 35 94 82 9 82 9 82 76 100 35 94 82
9 82 76 100 35 94 82 9 82 76 9 82 76 100 35 94 82
9 82 76 100 35 94 82 9 82 76 9 76 100 35 94 82
9 82 76 100 35 94 82 9 82 76 100 9 76 100 35 94 82
9 82 9 82 76 100 35 94 82 9 82 76 100 35 94 82
9 82 76 9 82 76 100 35 94 82 9 82 76 100 35 94 82
9 82 76 9 76 100 35 94 82 9 82 76 100 35 94 82
9 82 76 100 9 76 100 35 94 82 9 82 76 100 35 94 82

16 15 94 11 92 31 8 16 15 94 11 92 31 8
16 15 94 11 92 31 8 16 15 14 15 94 11 92 31 8
16 15 94 11 92 31 8 16 15 94 14 15 94 11 92 31 8
16 15 94 11 92 31 8 16 15 94 14 94 11 92 31 8
16 15 94 11 92 31 8 16 15 94 11 14 94 11 92 31 8
16 15 14 15 94 11 92 31 8 16 15 94 11 92 31 8
16 15 94 14 15 94 11 92 31 8 16 15 94 11 92 31 8
16 15 94 14 94 11 92 31 8 16 15 94 11 92 31 8
16 15 94 11 14 94 11 92 31 8 16 15 94 11 92 31 8

27 18 59 61 24 67 72 27 18 59 61 24 67 72
27 18 59 61 24 67 72 27 18 11 18 59 61 24 67 72
27 18 59 61 24 67 72 27 18 59 11 18 59 61 24 67 72
27 18 59 61 24 67 72 27 18 59 11 59 61 24 67 72
27 18 59 61 24 67 72 27 18 59 61 11 59 61 24 67 72
27 18 11 18 59 61 24 67 72 27 18 59 61 24 67 72
27 18 59 11 18 59 61 24 67 72 27 18 59 61 24 67 72
27 18 59 11 59 61 24 67 72 27 18 59 61 24 67 72
27 18 59 61 11 59 61 24 67 72 27 18 59 61 24 67 72

69 38 89 92 99 13 53 69 38 89 92 99 13 53
69 38 89 92 99 13 53 69 38 6 38 89 92 99 13 53
69 38 89 92 99 13 53 69 38 89 6 38 89 92 99 13 53
69 38 89 92 99 13 53 69 38 89 6 89 92 99 13 53
69 38 89 92 99 13 53 69 38 89 92 6 89 92 99 13 53
69 38 6 38 89 92 99 13 53 69 38 89 92 99 13 53
69 38 89 6 38 89 92 99 13 53 69 38 89 92 99 13 53
69 38 89 6 89 92 99 13 53 69 38 89 92 99 13 53
69 38 89 92 6 89 92 99 13 53 69 38 89 92 99 13 53

29 23 89 37 54 12 64 29 23 89 37 54 12 64
29 23 89 37 54 12 64 29 23 8 23 89 37 54 12 64
29 23 89 37 54 12 64 29 23 89 8 23 89 37 54 12 64
29 23 89 37 54 12 64 29 23 89 8 89 37 54 12 64
29 23 89 37 54 12 64 29 23 89 37 8 89 37 54 12 64
29 23 8 23 89 37 54 12 64 29 23 89 37 54 12 64
29 23 89 8 23 89 37 54 12 64 29 23 89 37 54 12 64
29 23 89 8 89 37 54 12 64 29 23 89 37 54 12 64
29 23 89 37 8 89 37 54 12 64 29 23 89 37 54 12 64

66 50 47 56 53 47 83 66 50 47 56 53 47 83
66 50 47 56 53 47 83 66 50 20 50 47 56 53 47 83
66 50 47 56 53 47 83 66 50 47 20 50 47 56 53 47 83
66 50 47 56 53 47 83 66 50 47 20 47 56 53 47 83
66 50 47 56 53 47 83 66 50 47 56 20 47 56 53 47 83
66 50 20 50 47 56 53 47 83 66 50 47 56 53 47 83
66 50 47 20 50 47 56 53 47 83 66 50 47 56 53 47 83
66 50 47 20 47 56 53 47 83 66 50 47 56 53 47 83
66 50 47 56 20 47 56 53 47 83 66 50 47 56 53 47 83

88 100 47 10 6 32 11 88 100 47 10 6 32 11
88 100 47 10 6 32 11 88 100 15 100 47 10 6 32 11
88 100 47 10 6 32 11 88 100 47 15 100 47 10 6 32 11
88 100 47 10 6 32 11 88 100 47 15 47 10 6 32 11
88 100 47 10 6 32 11 88 100 47 10 15 47 10 6 32 11
88 100 15 100 47 10 6 32 11 88 100 47 10 6 32 11
88 100 47 15 100 47 10 6 32 11 88 100 47 10 6 32 11
88 100 47 15 47 10 6 32 11 88 100 47 10 6 32 11
88 100 47 10 15 47 10 6 32 11 88 100 47 10 6 32 11

97 75 45 17 46 33 19 97 75 45 17 46 33 19
97 75 45 17 46 33 19 97 75 15 75 45 17 46 33 19
97 75 45 17 46 33 19 97 75 45 15 75 45 17 46 33 19
97 75 45 17 46 33 19 97 75 45 15 45 17 46 33 19
97 75 45 17 46 33 19 97 75 45 17 15 45 17 46 33 19
97 75 15 75 45 17 46 33 19 97 75 45 17 46 33 19
97 75 45 15 75 45 17 46 33 19 97 75 45 17 46 33 19
97 75 45 15 45 17 46 33 19 97 75 45 17 46 33 19
97 75 45 17 15 45 17 46 33 19 97 75 45 17 46 33 19

13 20 65 59 52 78 80 13 20 65 59 52 78 80
13 20 65 59 52 78 80 13 20 10 20 65 59 52 78 80
13 20 65 59 52 78 80 13 20 65 10 20 65 59 52 78 80
13 20 65 59 52 78 80 13 20 65 10 65 59 52 78 80
13 20 65 59 52 78 80 13 20 65 59 10 65 59 52 78 80
13 20 10 20 65 59 52 78 80 13 20 65 59 52 78 80
13 20 65 10 20 65 59 52 78 80 13 20 65 59 52 78 80
13 20 65 10 65 59 52 78 80 13 20 65 59 52 78 80
13 20 65 59 10 65 59 52 78 80 13 20 65 59 52 78 80

52 29 42 96 6 39 6 52 29 42 96 6 39 6
52 29 42 96 6 39 6 52 29 8 29 42 96 6 39 6
52 29 42 96 6 39 6 52 29 42 8 29 42 96 6 39 6
52 29 42 96 6 39 6 52 29 42 8 42 96 6 39 6
52 29 42 96 6 39 6 52 29 42 96 8 42 96 6 39 6
52 29 8 29 42 96 6 39 6 52 29 42 96 6 39 6
52 29 42 8 29 42 96 6 39 6 52 29 42 96 6 39 6
52 29 42 8 42 96 6 39 6 52 29 42 96 6 39 6
52 29 42 96 8 42 96 6 39 6 52 29 42 96 6 39 6

83 94 72 26 22 26 45 83 94 72 26 22 26 45
83 94 72 26 22 26 45 83 94 11 94 72 26 22 26 45
83 94 72 26 22 26 45 83 94 72 11 94 72 26 22 26 45
83 94 72 26 22 26 45 83 94 72 11 72 26 22 26 45
83 94 72 26 22 26 45 83 94 72 26 11 72 26 22 26 45
83 94 11 94 72 26 22 26 45 83 94 72 26 22 26 45
83 94 72 11 94 72 26 22 26 45 83 94 72 26 22 26 45
83 94 72 11 72 26 22 26 45 83 94 72 26 22 26 45
83 94 72 26 11 72 26 22 26 45 83 94 72 26 22 26 45

10 57 62 49 17 44 22 10 57 62 49 17 44 22
10 57 62 49 17 44 22 10 57 7 57 62 49 17 44 22
10 57 62 49 17 44 22 10 57 62 7 57 62 49 17 44 22
10 57 62 49 17 44 22 10 57 62 7 62 49 17 44 22
10 57 62 49 17 44 22 10 57 62 49 7 62 49 17 44 22
10 57 7 57 62 49 17 44 22 10 57 62 49 17 44 22
10 57 62 7 57 62 49 17 44 22 10 57 62 49 17 44 22
10 57 62 7 62 49 17 44 22 10 57 62 49 17 44 22
10 57 62 49 7 62 49 17 44 22 10 57 62 49 17 44 22

77 59 94 88 22 30 39 77 59 94 88 22 30 39
77 59 94 88 22 30 39 77 59 11 59 94 88 22 30 39
77 59 94 88 22 30 39 77 59 94 11 59 94 88 22 30 39
77 59 94 88 22 30 39 77 59 94 11 94 88 22 30 39
77 59 94 88 22 30 39 77 59 94 88 11 94 88 22 30 39
77 59 11 59 94 88 22 30 39 77 59 94 88 22 30 39
77 59 94 11 59 94 88 22 30 39 77 59 94 88 22 30 39
77 59 94 11 94 88 22 30 39 77 59 94 88 22 30 39
77 59 94 88 11 94 88 22 30 39 77 59 94 88 22 30 39

5 77 58 91 62 13 96 5 77 58 91 62 13 96
5 77 58 91 62 13 96 5 77 11 77 58 91 62 13 96
5 77 58 91 62 13 96 5 77 58 11 77 58 91 62 13 96
5 77 58 91 62 13 96 5 77 58 11 58 91 62 13 96
5 77 58 91 62 13 96 5 77 58 91 11 58 91 62 13 96
5 77 11 77 58 91 62 13 96 5 77 58 91 62 13 96
5 77 58 11 77 58 91 62 13 96 5 77 58 91 62 13 96
5 77 58 11 58 91 62 13 96 5 77 58 91 62 13 96
5 77 58 91 11 58 91 62 13 96 5 77 58 91 62 13 96

30 13 34 34 68 6 8 30 13 34 34 68 6 8
30 13 34 34 68 6 8 30 13 16 13 34 34 68 6 8
30 13 34 34 68 6 8 30 13 34 16 13 34 34 68 6 8
30 13 34 34 68 6 8 30 13 34 16 34 34 68 6 8
30 13 34 34 68 6 8 30 13 34 34 16 34 34 68 6 8
30 13 16 13 34 34 68 6 8 30 13 34 34 68 6 8
30 13 34 16 13 34 34 68 6 8 30 13 34 34 68 6 8
30 13 34 16 34 34 68 6 8 30 13 34 34 68 6 8
30 13 34 34 16 34 34 68 6 8 30 13 34 34 68 6 8

32 85 91 5 93 88 87 32 85 91 5 93 88 87
32 85 91 5 93 88 87 32 85 15 85 91 5 93 88 87
32 85 91 5 93 88 87 32 85 91 15 85 91 5 93 88 87
32 85 91 5 93 88 87 32 85 91 15 91 5 93 88 87
32 85 91 5 93 88 87 32 85 91 5 15 91 5 93 88 87
32 85 15 85 91 5 93 88 87 32 85 91 5 93 88 87
32 85 91 15 85 91 5 93 88 87 32 85 91 5 93 88 87
32 85 91 15 91 5 93 88 87 32 85 91 5 93 88 87
32 85 91 5 15 91 5 93 88 87 32 85 91 5 93 88 87

11 36 23 81 44 33 47 11 36 23 81 44 33 47
11 36 23 81 44 33 47 11 36 20 36 23 81 44 33 47
11 36 23 81 44 33 47 11 36 23 20 36 23 81 44 33 47
11 36 23 81 44 33 47 11 36 23 20 23 81 44 33 47
11 36 23 81 44 33 47 11 36 23 81 20 23 81 44 33 47
11 36 20 36 23 81 44 33 47 11 36 23 81 44 33 47
11 36 23 20 36 23 81 44 33 47 11 36 23 81 44 33 47
11 36 23 20 23 81 44 33 47 11 36 23 81 44 33 47
11 36 23 81 20 23 81 44 33 47 11 36 23 81 44 33 47

81 34 11 100 20 90 89 81 34 11 100 20 90 89
81 34 11 100 20 90 89 81 34 9 34 11 100 20 90 89
81 34 11 100 20 90 89 81 34 11 9 34 11 100 20 90 89
81 34 11 100 20 90 89 81 34 11 9 11 100 20 90 89
81 34 11 100 20 90 89 81 34 11 100 9 11 100 20 90 89
81 34 9 34 11 100 20 90 89 81 34 11 100 20 90 89
81 34 11 9 34 11 100 20 90 89 81 34 11 100 20 90 89
81 34 11 9 11 100 20 90 89 81 34 11 100 20 90 89
81 34 11 100 9 11 100 20 90 89 81 34 11 100 20 90 89

37 64 55 30 65 10 6 37 64 55 30 65 10 6
37 64 55 30 65 10 6 37 64 6 64 55 30 65 10 6
37 64 55 30 65 10 6 37 64 55 6 64 55 30 65 10 6
37 64 55 30 65 10 6 37 64 55 6 55 30 65 10 6
37 64 55 30 65 10 6 37 64 55 30 6 55 30 65 10 6
37 64 6 64 55 30 65 10 6 37 64 55 30 65 10 6
37 64 55 6 64 55 30 65 10 6 37 64 55 30 65 10 6
37 64 55 6 55 30 65 10 6 37 64 55 30 65 10 6
37 64 55 30 6 55 30 65 10 6 37 64 55 30 65 10 6

66 55 7 23 41 16 13 66 55 7 23 41 16 13
66 55 7 23 41 16 13 66 55 11 55 7 23 41 16 13
66 55 7 23 41 16 13 66 55 7 11 55 7 23 41 16 13
66 55 7 23 41 16 13 66 55 7 11 7 23 41 16 13
66 55 7 23 41 16 13 66 55 7 23 11 7 23 41 16 13
66 55 11 55 7 23 41 16 13 66 55 7 23 41 16 13
66 55 7 11 55 7 23 41 16 13 66 55 7 23 41 16 13
66 55 7 11 7 23 41 16 13 66 55 7 23 41 16 13
66 55 7 23 11 7 23 41 16 13 66 55 7 23 41 16 13

67 60 72 18 81 60 16 67 60 72 18 81 60 16
67 60 72 18 81 60 16 67 60 7 60 72 18 81 60 16
67 60 72 18 81 60 16 67 60 72 7 60 72 18 81 60 16
67 60 72 18 81 60 16 67 60 72 7 72 18 81 60 16
67 60 72 18 81 60 16 67 60 72 18 7 72 18 81 60 16
67 60 7 60 72 18 81 60 16 67 60 72 18 81 60 16
67 60 72 7 60 72 18 81 60 16 67 60 72 18 81 60 16
67 60 72 7 72 18 81 60 16 67 60 72 18 81 60 16
67 60 72 18 7 72 18 81 60 16 67 60 72 18 81 60 16

71 19 42 45 6 17 77 71 19 42 45 6 17 77
71 19 42 45 6 17 77 71 19 18 19 42 45 6 17 77
71 19 42 45 6 17 77 71 19 42 18 19 42 45 6 17 77
71 19 42 45 6 17 77 71 19 42 18 42 45 6 17 77
71 19 42 45 6 17 77 71 19 42 45 18 42 45 6 17 77
71 19 18 19 42 45 6 17 77 71 19 42 45 6 17 77
71 19 42 18 19 42 45 6 17 77 71 19 42 45 6 17 77
71 19 42 18 42 45 6 17 77 71 19 42 45 6 17 77
71 19 42 45 18 42 45 6 17 77 71 19 42 45 6 17 77

81 41 80 73 28 36 52 81 41 80 73 28 36 52
81 41 80 73 28 36 52 81 41 7 41 80 73 28 36 52
81 41 80 73 28 36 52 81 41 80 7 41 80 73 28 36 52
81 41 80 73 28 36 52 81 41 80 7 80 73 28 36 52
81 41 80 73 28 36 52 81 41 80 73 7 80 73 28 36 52
81 41 7 41 80 73 28 36 52 81 41 80 73 28 36 52
81 41 80 7 41 80 73 28 36 52 81 41 80 73 28 36 52
81 41 80 7 80 73 28 36 52 81 41 80 73 28 36 52
81 41 80 73 7 80 73 28 36 52 81 41 80 73 28 36 52

11 24 57 49 69 26 95 11 24 57 49 69 26 95
11 24 57 49 69 26 95 11 24 10 24 57 49 69 26 95
11 24 57 49 69 26 95 11 24 57 10 24 57 49 69 26 95
11 24 57 49 69 26 95 11 24 57 10 57 49 69 26 95
11 24 57 49 69 26 95 11 24 57 49 10 57 49 69 26 95
11 24 10 24 57 49 69 26 95 11 24 57 49 69 26 95
11 24 57 10 24 57 49 69 26 95 11 24 57 49 69 26 95
11 24 57 10 57 49 69 26 95 11 24 57 49 69 26 95
11 24 57 49 10 57 49 69 26 95 11 24 57 49 69 26 95

54 97 97 73 33 11 73 54 97 97 73 33 11 73
54 97 97 73 33 11 73 54 97 8 97 97 73 33 11 73
54 97 97 73 33 11 73 54 97 97 8 97 97 73 33 11 73
54 97 97 73 33 11 73 54 97 97 8 97 73 33 11 73
54 97 97 73 33 11 73 54 97 97 73 8 97 73 33 11 73
54 97 8 97 97 73 33 11 73 54 97 97 73 33 11 73
54 97 97 8 97 97 73 33 11 73 54 97 97 73 33 11 73
54 97 97 8 97 73 33 11 73 54 97 97 73 33 11 73
54 97 97 73 8 97 73 33 11 73 54 97 97 73 33 11 73

70 95 93 46 99 49 69 70 95 93 46 99 49 69
70 95 93 46 99 49 69 70 95 19 95 93 46 99 49 69
70 95 93 46 99 49 69 70 95 93 19 95 93 46 99 49 69
70 95 93 46 99 49 69 70 95 93 19 93 46 99 49 69
70 95 93 46 99 49 69 70 95 93 46 19 93 46 99 49 69
70 95 19 95 93 46 99 49 69 70 95 93 46 99 49 69
70 95 93 19 95 93 46 99 49 69 70 95 93 46 99 49 69
70 95 93 19 93 46 99 49 69 70 95 93 46 99 49 69
70 95 93 46 19 93 46 99 49 69 70 95 93 46 99 49 69

79 77 40 75 93 99 33 79 77 40 75 93 99 33
79 77 40 75 93 99 33 79 77 14 77 40 75 93 99 33
79 77 40 75 93 99 33 79 77 40 14 77 40 75 93 99 33
79 77 40 75 93 99 33 79 77 40 14 40 75 93 99 33
79 77 40 75 93 99 33 79 77 40 75 14 40 75 93 99 33
79 77 14 77 40 75 93 99 33 79 77 40 75 93 99 33
79 77 40 14 77 40 75 93 99 33 79 77 40 75 93 99 33
79 77 40 14 40 75 93 99 33 79 77 40 75 93 99 33
79 77 40 75 14 40 75 93 99 33 79 77 40 75 93 99 33

90 52 90 34 92 7 93 90 52 90 34 92 7 93
90 52 90 34 92 7 93 90 52 18 52 90 34 92 7 93
90 52 90 34 92 7 93 90 52 90 18 52 90 34 92 7 93
90 52 90 34 92 7 93 90 52 90 18 90 34 92 7 93
90 52 90 34 92 7 93 90 52 90 34 18 90 34 92 7 93
90 52 18 52 90 34 92 7 93 90 52 90 34 92 7 93
90 52 90 18 52 90 34 92 7 93 90 52 90 34 92 7 93
90 52 90 18 90 34 92 7 93 90 52 90 34 92 7 93
90 52 90 34 18 90 34 92 7 93 90 52 90 34 92 7 93

76 31 8 36 47 50 86 76 31 8 36 47 50 86
76 31 8 36 47 50 86 76 31 9 31 8 36 47 50 86
76 31 8 36 47 50 86 76 31 8 9 31 8 36 47 50 86
76 31 8 36 47 50 86 76 31 8 9 8 36 47 50 86
76 31 8 36 47 50 86 76 31 8 36 9 8 36 47 50 86
76 31 9 31 8 36 47 50 86 76 31 8 36 47 50 86
76 31 8 9 31 8 36 47 50 86 76 31 8 36 47 50 86
76 31 8 9 8 36 47 50 86 76 31 8 36 47 50 86
76 31 8 36 9 8 36 47 50 86 76 31 8 36 47 50 86

24 79 56 45 73 91 36 24 79 56 45 73 91 36
24 79 56 45 73 91 36 24 79 18 79 56 45 73 91 36
24 79 56 45 73 91 36 24 79 56 18 79 56 45 73 91 36
24 79 56 45 73 91 36 24 79 56 18 56 45 73 91 36
24 79 56 45 73 91 36 24 79 56 45 18 56 45 73 91 36
24 79 18 79 56 45 73 91 36 24 79 56 45 73 91 36
24 79 56 18 79 56 45 73 91 36 24 79 56 45 73 91 36
24 79 56 18 56 45 73 91 36 24 79 56 45 73 91 36
24 79 56 45 18 56 45 73 91 36 24 79 56 45 73 91 36

11 87 59 13 100 29 57 11 87 59 13 100 29 57
11 87 59 13 100 29 57 11 87 16 87 59 13 100 29 57
11 87 59 13 100 29 57 11 87 59 16 87 59 13 100 29 57
11 87 59 13 100 29 57 11 87 59 16 59 13 100 29 57
11 87 59 13 100 29 57 11 87 59 13 16 59 13 100 29 57
11 87 16 87 59 13 100 29 57 11 87 59 13 100 29 57
11 87 59 16 87 59 13 100 29 57 11 87 59 13 100 29 57
11 87 59 16 59 13 100 29 57 11 87 59 13 100 29 57
11 87 59 13 16 59 13 100 29 57 11 87 59 13 100 29 57

68 83 68 36 17 25 15 68 83 68 36 17 25 15
68 83 68 36 17 25 15 68 83 12 83 68 36 17 25 15
68 83 68 36 17 25 15 68 83 68 12 83 68 36 17 25 15
68 83 68 36 17 25 15 68 83 68 12 68 36 17 25 15
68 83 68 36 17 25 15 68 83 68 36 12 68 36 17 25 15
68 83 12 83 68 36 17 25 15 68 83 68 36 17 25 15
68 83 68 12 83 68 36 17 25 15 68 83 68 36 17 25 15
68 83 68 12 68 36 17 25 15 68 83 68 36 17 25 15
68 83 68 36 12 68 36 17 25 15 68 83 68 36 17 25 15

14 58 43 6 73 53 32 14 58 43 6 73 53 32
14 58 43 6 73 53 32 14 58 11 58 43 6 73 53 32
14 58 43 6 73 53 32 14 58 43 11 58 43 6 73 53 32
14 58 43 6 73 53 32 14 58 43 11 43 6 73 53 32
14 58 43 6 73 53 32 14 58 43 6 11 43 6 73 53 32
14 58 11 58 43 6 73 53 32 14 58 43 6 73 53 32
14 58 43 11 58 43 6 73 53 32 14 58 43 6 73 53 32
14 58 43 11 43 6 73 53 32 14 58 43 6 73 53 32
14 58 43 6 11 43 6 73 53 32 14 58 43 6 73 53 32

38 10 89 100 39 81 75 38 10 89 100 39 81 75
38 10 89 100 39 81 75 38 10 13 10 89 100 39 81 75
38 10 89 100 39 81 75 38 10 89 13 10 89 100 39 81 75
38 10 89 100 39 81 75 38 10 89 13 89 100 39 81 75
38 10 89 100 39 81 75 38 10 89 100 13 89 100 39 81 75
38 10 13 10 89 100 39 81 75 38 10 89 100 39 81 75
38 10 89 13 10 89 100 39 81 75 38 10 89 100 39 81 75
38 10 89 13 89 100 39 81 75 38 10 89 100 39 81 75
38 10 89 100 13 89 100 39 81 75 38 10 89 100 39 81 75

80 29 71 10 79 60 10 80 29 71 10 79 60 10
80 29 71 10 79 60 10 80 29 19 29 71 10 79 60 10
80 29 71 10 79 60 10 80 29 71 19 29 71 10 79 60 10
80 29 71 10 79 60 10 80 29 71 19 71 10 79 60 10
80 29 71 10 79 60 10 80 29 71 10 19 71 10 79 60 10
80 29 19 29 71 10 79 60 10 80 29 71 10 79 60 10
80 29 71 19 29 71 10 79 60 10 80 29 71 10 79 60 10
80 29 71 19 71 10 79 60 10 80 29 71 10 79 60 10
80 29 71 10 19 71 10 79 60 10 80 29 71 10 79 60 10

18 20 66 31 50 14 78 18 20 66 31 50 14 78
18 20 66 31 50 14 78 18 20 13 20 66 31 50 14 78
18 20 66 31 50 14 78 18 20 66 13 20 66 31 50 14 78
18 20 66 31 50 14 78 18 20 66 13 66 31 50 14 78
18 20 66 31 50 14 78 18 20 66 31 13 66 31 50 14 78
18 20 13 20 66 31 50 14 78 18 20 66 31 50 14 78
18 20 66 13 20 66 31 50 14 78 18 20 66 31 50 14 78
18 20 66 13 66 31 50 14 78 18 20 66 31 50 14 78
18 20 66 31 13 66 31 50 14 78 18 20 66 31 50 14 78

62 38 24 34 66 33 14 62 38 24 34 66 33 14
62 38 24 34 66 33 14 62 38 20 38 24 34 66 33 14
62 38 24 34 66 33 14 62 38 24 20 38 24 34 66 33 14
62 38 24 34 66 33 14 62 38 24 20 24 34 66 33 14
62 38 24 34 66 33 14 62 38 24 34 20 24 34 66 33 14
62 38 20 38 24 34 66 33 14 62 38 24 34 66 33 14
62 38 24 20 38 24 34 66 33 14 62 38 24 34 66 33 14
62 38 24 20 24 34 66 33 14 62 38 24 34 66 33 14
62 38 24 34 20 24 34 66 33 14 62 38 24 34 66 33 14

52 86 44 29 31 67 67 52 86 44 29 31 67 67
52 86 44 29 31 67 67 52 86 9 86 44 29 31 67 67
52 86 44 29 31 67 67 52 86 44 9 86 44 29 31 67 67
52 86 44 29 31 67 67 52 86 44 9 44 29 31 67 67
52 86 44 29 31 67 67 52 86 44 29 9 44 29 31 67 67
52 86 9 86 44 29 31 67 67 52 86 44 29 31 67 67
52 86 44 9 86 44 29 31 67 67 52 86 44 29 31 67 67
52 86 44 9 44 29 31 67 67 52 86 44 29 31 67 67
52 86 44 29 9 44 29 31 67 67 52 86 44 29 31 67 67

47 48 32 60 14 29 95 47 48 32 60 14 29 95
47 48 32 60 14 29 95 47 48 5 48 32 60 14 29 95
47 48 32 60 14 29 95 47 48 32 5 48 32 60 14 29 95
47 48 32 60 14 29 95 47 48 32 5 32 60 14 29 95
47 48 32 60 14 29 95 47 48 32 60 5 32 60 14 29 95
47 48 5 48 32 60 14 29 95 47 48 32 60 14 29 95
47 48 32 5 48 32 60 14 29 95 47 48 32 60 14 29 95
47 48 32 5 32 60 14 29 95 47 48 32 60 14 29 95
47 48 32 60 5 32 60 14 29 95 47 48 32 60 14 29 95

58 84 12 26 32 37 30 58 84 12 26 32 37 30
58 84 12 26 32 37 30 58 84 19 84 12 26 32 37 30
58 84 12 26 32 37 30 58 84 12 19 84 12 26 32 37 30
58 84 12 26 32 37 30 58 84 12 19 12 26 32 37 30
58 84 12 26 32 37 30 58 84 12 26 19 12 26 32 37 30
58 84 19 84 12 26 32 37 30 58 84 12 26 32 37 30
58 84 12 19 84 12 26 32 37 30 58 84 12 26 32 37 30
58 84 12 19 12 26 32 37 30 58 84 12 26 32 37 30
58 84 12 26 19 12 26 32 37 30 58 84 12 26 32 37 30

27 62 86 38 80 83 47 27 62 86 38 80 83 47
27 62 86 38 80 83 47 27 62 8 62 86 38 80 83 47
27 62 86 38 80 83 47 27 62 86 8 62 86 38 80 83 47
27 62 86 38 80 83 47 27 62 86 8 86 38 80 83 47
27 62 86 38 80 83 47 27 62 86 38 8 86 38 80 83 47
27 62 8 62 86 38 80 83 47 27 62 86 38 80 83 47
27 62 86 8 62 86 38 80 83 47 27 62 86 38 80 83 47
27 62 86 8 86 38 80 83 47 27 62 86 38 80 83 47
27 62 86 38 8 86 38 80 83 47 27 62 86 38 80 83 47

90 58 54 87 74 90 64 90 58 54 87 74 90 64
90 58 54 87 74 90 64 90 58 6 58 54 87 74 90 64
90 58 54 87 74 90 64 90 58 54 6 58 54 87 74 90 64
90 58 54 87 74 90 64 90 58 54 6 54 87 74 90 64
90 58 54 87 74 90 64 90 58 54 87 6 54 87 74 90 64
90 58 6 58 54 87 74 90 64 90 58 54 87 74 90 64
90 58 54 6 58 54 87 74 90 64 90 58 54 87 74 90 64
90 58 54 6 54 87 74 90 64 90 58 54 87 74 90 64
90 58 54 87 6 54 87 74 90 64 90 58 54 87 74 90 64

23 96 98 22 22 63 8 23 96 98 22 22 63 8
23 96 98 22 22 63 8 23 96 16 96 98 22 22 63 8
23 96 98 22 22 63 8 23 96 98 16 96 98 22 22 63 8
23 96 98 22 22 63 8 23 96 98 16 98 22 22 63 8
23 96 98 22 22 63 8 23 96 98 22 16 98 22 22 63 8
23 96 16 96 98 22 22 63 8 23 96 98 22 22 63 8
23 96 98 16 96 98 22 22 63 8 23 96 98 22 22 63 8
23 96 98 16 98 22 22 63 8 23 96 98 22 22 63 8
23 96 98 22 16 98 22 22 63 8 23 96 98 22 22 63 8

35 37 17 94 12 35 74 35 37 17 94 12 35 74
35 37 17 94 12 35 74 35 37 9 37 17 94 12 35 74
35 37 17 94 12 35 74 35 37 17 9 37 17 94 12 35 74
35 37 17 94 12 35 74 35 37 17 9 17 94 12 35 74
35 37 17 94 12 35 74 35 37 17 94 9 17 94 12 35 74
35 37 9 37 17 94 12 35 74 35 37 17 94 12 35 74
35 37 17 9 37 17 94 12 35 74 35 37 17 94 12 35 74
35 37 17 9 17 94 12 35 74 35 37 17 94 12 35 74
35 37 17 94 9 17 94 12 35 74 35 37 17 94 12 35 74

49 76 89 75 99 9 18 49 76 89 75 99 9 18
49 76 89 75 99 9 18 49 76 15 76 89 75 99 9 18
49 76 89 75 99 9 18 49 76 89 15 76 89 75 99 9 18
49 76 89 75 99 9 18 49 76 89 15 89 75 99 9 18
49 76 89 75 99 9 18 49 76 89 75 15 89 75 99 9 18
49 76 15 76 89 75 99 9 18 49 76 89 75 99 9 18
49 76 89 15 76 89 75 99 9 18 49 76 89 75 99 9 18
49 76 89 15 89 75 99 9 18 49 76 89 75 99 9 18
49 76 89 75 15 89 75 99 9 18 49 76 89 75 99 9 18

45 64 50 14 29 21 63 45 64 50 14 29 21 63
45 64 50 14 29 21 63 45 64 9 64 50 14 29 21 63
45 64 50 14 29 21 63 45 64 50 9 64 50 14 29 21 63
45 64 50 14 29 21 63 45 64 50 9 50 14 29 21 63
45 64 50 14 29 21 63 45 64 50 14 9 50 14 29 21 63
45 64 9 64 50 14 29 21 63 45 64 50 14 29 21 63
45 64 50 9 64 50 14 29 21 63 45 64 50 14 29 21 63
45 64 50 9 50 14 29 21 63 45 64 50 14 29 21 63
45 64 50 14 9 50 14 29 21 63 45 64 50 14 29 21 63

94 22 69 47 87 20 89 94 22 69 47 87 20 89
94 22 69 47 87 20 89 94 22 15 22 69 47 87 20 89
94 22 69 47 87 20 89 94 22 69 15 22 69 47 87 20 89
94 22 69 47 87 20 89 94 22 69 15 69 47 87 20 89
94 22 69 47 87 20 89 94 22 69 47 15 69 47 87 20 89
94 22 15 22 69 47 87 20 89 94 22 69 47 87 20 89
94 22 69 15 22 69 47 87 20 89 94 22 69 47 87 20 89
94 22 69 15 69 47 87 20 89 94 22 69 47 87 20 89
94 22 69 47 15 69 47 87 20 89 94 22 69 47 87 20 89

65 95 21 59 18 49 75 65 95 21 59 18 49 75
65 95 21 59 18 49 75 65 95 18 95 21 59 18 49 75
65 95 21 59 18 49 75 65 95 21 18 95 21 59 18 49 75
65 95 21 59 18 49 75 65 95 21 18 21 59 18 49 75
65 95 21 59 18 49 75 65 95 21 59 18 21 59 18 49 75
65 95 18 95 21 59 18 49 75 65 95 21 59 18 49 75
65 95 21 18 95 21 59 18 49 75 65 95 21 59 18 49 75
65 95 21 18 21 59 18 49 75 65 95 21 59 18 49 75
65 95 21 59 18 21 59 18 49 75 65 95 21 59 18 49 75

95 99 58 40 51 22 49 95 99 58 40 51 22 49
95 99 58 40 51 22 49 95 99 15 99 58 40 51 22 49
95 99 58 40 51 22 49 95 99 58 15 99 58 40 51 22 49
95 99 58 40 51 22 49 95 99 58 15 58 40 51 22 49
95 99 58 40 51 22 49 95 99 58 40 15 58 40 51 22 49
95 99 15 99 58 40 51 22 49 95 99 58 40 51 22 49
95 99 58 15 99 58 40 51 22 49 95 99 58 40 51 22 49
95 99 58 15 58 40 51 22 49 95 99 58 40 51 22 49
95 99 58 40 15 58 40 51 22 49 95 99 58 40 51 22 49

89 65 20 70 67 43 75 89 65 20 70 67 43 75
89 65 20 70 67 43 75 89 65 12 65 20 70 67 43 75
89 65 20 70 67 43 75 89 65 20 12 65 20 70 67 43 75
89 65 20 70 67 43 75 89 65 20 12 20 70 67 43 75
89 65 20 70 67 43 75 89 65 20 70 12 20 70 67 43 75
89 65 12 65 20 70 67 43 75 89 65 20 70 67 43 75
89 65 20 12 65 20 70 67 43 75 89 65 20 70 67 43 75
89 65 20 12 20 70 67 43 75 89 65 20 70 67 43 75
89 65 20 70 12 20 70 67 43 75 89 65 20 70 67 43 75

14 10 87 21 50 77 47 14 10 87 21 50 77 47
14 10 87 21 50 77 47 14 10 12 10 87 21 50 77 47
14 10 87 21 50 77 47 14 10 87 12 10 87 21 50 77 47
14 10 87 21 50 77 47 14 10 87 12 87 21 50 77 47
14 10 87 21 50 77 47 14 10 87 21 12 87 21 50 77 47
14 10 12 10 87 21 50 77 47 14 10 87 21 50 77 47
14 10 87 12 10 87 21 50 77 47 14 10 87 21 50 77 47
14 10 87 12 87 21 50 77 47 14 10 87 21 50 77 47
14 10 87 21 12 87 21 50 77 47 14 10 87 21 50 77 47

43 46 8 56 79 71 22 43 46 8 56 79 71 22
43 46 8 56 79 71 22 43 46 9 46 8 56 79 71 22
43 46 8 56 79 71 22 43 46 8 9 46 8 56 79 71 22
43 46 8 56 79 71 22 43 46 8 9 8 56 79 71 22
43 46 8 56 79 71 22 43 46 8 56 9 8 56 79 71 22
43 46 9 46 8 56 79 71 22 43 46 8 56 79 71 22
43 46 8 9 46 8 56 79 71 22 43 46 8 56 79 71 22
43 46 8 9 8 56 79 71 22 43 46 8 56 79 71 22
43 46 8 56 9 8 56 79 71 22 43 46 8 56 79 71 22

27 14 33 46 31 20 60 27 14 33 46 31 20 60
27 14 33 46 31 20 60 27 14 6 14 33 46 31 20 60
27 14 33 46 31 20 60 27 14 33 6 14 33 46 31 20 60
27 14 33 46 31 20 60 27 14 33 6 33 46 31 20 60
27 14 33 46 31 20 60 27 14 33 46 6 33 46 31 20 60
27 14 6 14 33 46 31 20 60 27 14 33 46 31 20 60
27 14 33 6 14 33 46 31 20 60 27 14 33 46 31 20 60
27 14 33 6 33 46 31 20 60 27 14 33 46 31 20 60
27 14 33 46 6 33 46 31 20 60 27 14 33 46 31 20 60

20 56 36 74 97 15 38 20 56 36 74 97 15 38
20 56 36 74 97 15 38 20 56 13 56 36 74 97 15 38
20 56 36 74 97 15 38 20 56 36 13 56 36 74 97 15 38
20 56 36 74 97 15 38 20 56 36 13 36 74 97 15 38
20 56 36 74 97 15 38 20 56 36 74 13 36 74 97 15 38
20 56 13 56 36 74 97 15 38 20 56 36 74 97 15 38
20 56 36 13 56 36 74 97 15 38 20 56 36 74 97 15 38
20 56 36 13 36 74 97 15 38 20 56 36 74 97 15 38
20 56 36 74 13 36 74 97 15 38 20 56 36 74 97 15 38

78 53 20 8 15 9 5 78 53 20 8 15 9 5
78 53 20 8 15 9 5 78 53 11 53 20 8 15 9 5
78 53 20 8 15 9 5 78 53 20 11 53 20 8 15 9 5
78 53 20 8 15 9 5 78 53 20 11 20 8 15 9 5
78 53 20 8 15 9 5 78 53 20 8 11 20 8 15 9 5
78 53 11 53 20 8 15 9 5 78 53 20 8 15 9 5
78 53 20 11 53 20 8 15 9 5 78 53 20 8 15 9 5
78 53 20 11 20 8 15 9 5 78 53 20 8 15 9 5
78 53 20 8 11 20 8 15 9 5 78 53 20 8 15 9 5

55 92 57 73 92 30 36 55 92 57 73 92 30 36
55 92 57 73 92 30 36 55 92 20 92 57 73 92 30 36
55 92 57 73 92 30 36 55 92 57 20 92 57 73 92 30 36
55 92 57 73 92 30 36 55 92 57 20 57 73 92 30 36
55 92 57 73 92 30 36 55 92 57 73 20 57 73 92 30 36
55 92 20 92 57 73 92 30 36 55 92 57 73 92 30 36
55 92 57 20 92 57 73 92 30 36 55 92 57 73 92 30 36
55 92 57 20 57 73 92 30 36 55 92 57 73 92 30 36
55 92 57 73 20 57 73 92 30 36 55 92 57 73 92 30 36

94 73 40 13 39 28 9 94 73 40 13 39 28 9
94 73 40 13 39 28 9 94 73 10 73 40 13 39 28 9
94 73 40 13 39 28 9 94 73 40 10 73 40 13 39 28 9
94 73 40 13 39 28 9 94 73 40 10 40 13 39 28 9
94 73 40 13 39 28 9 94 73 40 13 10 40 13 39 28 9
94 73 10 73 40 13 39 28 9 94 73 40 13 39 28 9
94 73 40 10 73 40 13 39 28 9 94 73 40 13 39 28 9
94 73 40 10 40 13 39 28 9 94 73 40 13 39 28 9
94 73 40 13 10 40 13 39 28 9 94 73 40 13 39 28 9

45 61 53 34 75 42 77 45 61 53 34 75 42 77
45 61 53 34 75 42 77 45 61 13 61 53 34 75 42 77
45 61 53 34 75 42 77 45 61 53 13 61 53 34 75 42 77
45 61 53 34 75 42 77 45 61 53 13 53 34 75 42 77
45 61 53 34 75 42 77 45 61 53 34 13 53 34 75 42 77
45 61 13 61 53 34 75 42 77 45 61 53 34 75 42 77
45 61 53 13 61 53 34 75 42 77 45 61 53 34 75 42 77
45 61 53 13 53 34 75 42 77 45 61 53 34 75 42 77
45 61 53 34 13 53 34 75 42 77 45 61 53 34 75 42 77

20 11 54 25 97 46 83 20 11 54 25 97 46 83
20 11 54 25 97 46 83 20 11 8 11 54 25 97 46 83
20 11 54 25 97 46 83 20 11 54 8 11 54 25 97 46 83
20 11 54 25 97 46 83 20 11 54 8 54 25 97 46 83
20 11 54 25 97 46 83 20 11 54 25 8 54 25 97 46 83
20 11 8 11 54 25 97 46 83 20 11 54 25 97 46 83
20 11 54 8 11 54 25 97 46 83 20 11 54 25 97 46 83
20 11 54 8 54 25 97 46 83 20 11 54 25 97 46 83
20 11 54 25 8 54 25 97 46 83 20 11 54 25 97 46 83

71 28 72 99 17 27 17 71 28 72 99 17 27 17
71 28 72 99 17 27 17 71 28 14 28 72 99 17 27 17
71 28 72 99 17 27 17 71 28 72 14 28 72 99 17 27 17
71 28 72 99 17 27 17 71 28 72 14 72 99 17 27 17
71 28 72 99 17 27 17 71 28 72 99 14 72 99 17 27 17
71 28 14 28 72 99 17 27 17 71 28 72 99 17 27 17
71 28 72 14 28 72 99 17 27 17 71 28 72 99 17 27 17
71 28 72 14 72 99 17 27 17 71 28 72 99 17 27 17
71 28 72 99 14 72 99 17 27 17 71 28 72 99 17 27 17

42 24 26 30 37 41 43 42 24 26 30 37 41 43
42 24 26 30 37 41 43 42 24 18 24 26 30 37 41 43
42 24 26 30 37 41 43 42 24 26 18 24 26 30 37 41 43
42 24 26 30 37 41 43 42 24 26 18 26 30 37 41 43
42 24 26 30 37 41 43 42 24 26 30 18 26 30 37 41 43
42 24 18 24 26 30 37 41 43 42 24 26 30 37 41 43
42 24 26 18 24 26 30 37 41 43 42 24 26 30 37 41 43
42 24 26 18 26 30 37 41 43 42 24 26 30 37 41 43
42 24 26 30 18 26 30 37 41 43 42 24 26 30 37 41 43

10 60 72 71 54 86 53 10 60 72 71 54 86 53
10 60 72 71 54 86 53 10 60 6 60 72 71 54 86 53
10 60 72 71 54 86 53 10 60 72 6 60 72 71 54 86 53
10 60 72 71 54 86 53 10 60 72 6 72 71 54 86 53
10 60 72 71 54 86 53 10 60 72 71 6 72 71 54 86 53
10 60 6 60 72 71 54 86 53 10 60 72 71 54 86 53
10 60 72 6 60 72 71 54 86 53 10 60 72 71 54 86 53
10 60 72 6 72 71 54 86 53 10 60 72 71 54 86 53
10 60 72 71 6 72 71 54 86 53 10 60 72 71 54 86 53

63 60 65 52 95 75 54 63 60 65 52 95 75 54
63 60 65 52 95 75 54 63 60 15 60 65 52 95 75 54
63 60 65 52 95 75 54 63 60 65 15 60 65 52 95 75 54
63 60 65 52 95 75 54 63 60 65 15 65 52 95 75 54
63 60 65 52 95 75 54 63 60 65 52 15 65 52 95 75 54
63 60 15 60 65 52 95 75 54 63 60 65 52 95 75 54
63 60 65 15 60 65 52 95 75 54 63 60 65 52 95 75 54
63 60 65 15 65 52 95 75 54 63 60 65 52 95 75 54
63 60 65 52 15 65 52 95 75 54 63 60 65 52 95 75 54

26 60 92 95 80 48 39 26 60 92 95 80 48 39
26 60 92 95 80 48 39 26 60 17 60 92 95 80 48 39
26 60 92 95 80 48 39 26 60 92 17 60 92 95 80 48 39
26 60 92 95 80 48 39 26 60 92 17 92 95 80 48 39
26 60 92 95 80 48 39 26 60 92 95 17 92 95 80 48 39
26 60 17 60 92 95 80 48 39 26 60 92 95 80 48 39
26 60 92 17 60 92 95 80 48 39 26 60 92 95 80 48 39
26 60 92 17 92 95 80 48 39 26 60 92 95 80 48 39
26 60 92 95 17 92 95 80 48 39 26 60 92 95 80 48 39

88 34 20 40 67 82 25 88 34 20 40 67 82 25
88 34 20 40 67 82 25 88 34 10 34 20 40 67 82 25
88 34 20 40 67 82 25 88 34 20 10 34 20 40 67 82 25
88 34 20 40 67 82 25 88 34 20 10 20 40 67 82 25
88 34 20 40 67 82 25 88 34 20 40 10 20 40 67 82 25
88 34 10 34 20 40 67 82 25 88 34 20 40 67 82 25
88 34 20 10 34 20 40 67 82 25 88 34 20 40 67 82 25
88 34 20 10 20 40 67 82 25 88 34 20 40 67 82 25
88 34 20 40 10 20 40 67 82 25 88 34 20 40 67 82 25

51 77 67 43 94 68 87 51 77 67 43 94 68 87
51 77 67 43 94 68 87 51 77 15 77 67 43 94 68 87
51 77 67 43 94 68 87 51 77 67 15 77 67 43 94 68 87
51 77 67 43 94 68 87 51 77 67 15 67 43 94 68 87
51 77 67 43 94 68 87 51 77 67 43 15 67 43 94 68 87
51 77 15 77 67 43 94 68 87 51 77 67 43 94 68 87
51 77 67 15 77 67 43 94 68 87 51 77 67 43 94 68 87
51 77 67 15 67 43 94 68 87 51 77 67 43 94 68 87
51 77 67 43 15 67 43 94 68 87 51 77 67 43 94 68 87

36 84 40 23 69 61 16 36 84 40 23 69 61 16
36 84 40 23 69 61 16 36 84 18 84 40 23 69 61 16
36 84 40 23 69 61 16 36 84 40 18 84 40 23 69 61 16
36 84 40 23 69 61 16 36 84 40 18 40 23 69 61 16
36 84 40 23 69 61 16 36 84 40 23 18 40 23 69 61 16
36 84 18 84 40 23 69 61 16 36 84 40 23 69 61 16
36 84 40 18 84 40 23 69 61 16 36 84 40 23 69 61 16
36 84 40 18 40 23 69 61 16 36 84 40 23 69 61 16
36 84 40 23 18 40 23 69 61 16 36 84 40 23 69 61 16

83 90 96 20 87 99 33 83 90 96 20 87 99 33
83 90 96 20 87 99 33 83 90 7 90 96 20 87 99 33
83 90 96 20 87 99 33 83 90 96 7 90 96 20 87 99 33
83 90 96 20 87 99 33 83 90 96 7 96 20 87 99 33
83 90 96 20 87 99 33 83 90 96 20 7 96 20 87 99 33
83 90 7 90 96 20 87 99 33 83 90 96 20 87 99 33
83 90 96 7 90 96 20 87 99 33 83 90 96 20 87 99 33
83 90 96 7 96 20 87 99 33 83 90 96 20 87 99 33
83 90 96 20 7 96 20 87 99 33 83 90 96 20 87 99 33

83 54 54 74 49 89 7 83 54 54 74 49 89 7
83 54 54 74 49 89 7 83 54 20 54 54 74 49 89 7
83 54 54 74 49 89 7 83 54 54 20 54 54 74 49 89 7
83 54 54 74 49 89 7 83 54 54 20 54 74 49 89 7
83 54 54 74 49 89 7 83 54 54 74 20 54 74 49 89 7
83 54 20 54 54 74 49 89 7 83 54 54 74 49 89 7
83 54 54 20 54 54 74 49 89 7 83 54 54 74 49 89 7
83 54 54 20 54 74 49 89 7 83 54 54 74 49 89 7
83 54 54 74 20 54 74 49 89 7 83 54 54 74 49 89 7

21 52 92 34 19 14 12 21 52 92 34 19 14 12
21 52 92 34 19 14 12 21 52 14 52 92 34 19 14 12
21 52 92 34 19 14 12 21 52 92 14 52 92 34 19 14 12
21 52 92 34 19 14 12 21 52 92 14 92 34 19 14 12
21 52 92 34 19 14 12 21 52 92 34 14 92 34 19 14 12
21 52 14 52 92 34 19 14 12 21 52 92 34 19 14 12
21 52 92 14 52 92 34 19 14 12 21 52 92 34 19 14 12
21 52 92 14 92 34 19 14 12 21 52 92 34 19 14 12
21 52 92 34 14 92 34 19 14 12 21 52 92 34 19 14 12

94 7 78 13 15 35 76 94 7 78 13 15 35 76
94 7 78 13 15 35 76 94 7 12 7 78 13 15 35 76
94 7 78 13 15 35 76 94 7 78 12 7 78 13 15 35 76
94 7 78 13 15 35 76 94 7 78 12 78 13 15 35 76
94 7 78 13 15 35 76 94 7 78 13 12 78 13 15 35 76
94 7 12 7 78 13 15 35 76 94 7 78 13 15 35 76
94 7 78 12 7 78 13 15 35 76 94 7 78 13 15 35 76
94 7 78 12 78 13 15 35 76 94 7 78 13 15 35 76
94 7 78 13 12 78 13 15 35 76 94 7 78 13 15 35 76

56 84 36 53 50 34 6 56 84 36 53 50 34 6
56 84 36 53 50 34 6 56 84 5 84 36 53 50 34 6
56 84 36 53 50 34 6 56 84 36 5 84 36 53 50 34 6
56 84 36 53 50 34 6 56 84 36 5 36 53 50 34 6
56 84 36 53 50 34 6 56 84 36 53 5 36 53 50 34 6
56 84 5 84 36 53 50 34 6 56 84 36 53 50 34 6
56 84 36 5 84 36 53 50 34 6 56 84 36 53 50 34 6
56 84 36 5 36 53 50 34 6 56 84 36 53 50 34 6
56 84 36 53 5 36 53 50 34 6 56 84 36 53 50 34 6

13 31 10 76 76 78 47 13 31 10 76 76 78 47
13 31 10 76 76 78 47 13 31 10 31 10 76 76 78 47
13 31 10 76 76 78 47 13 31 10 10 31 10 76 76 78 47
13 31 10 76 76 78 47 13 31 10 10 10 76 76 78 47
13 31 10 76 76 78 47 13 31 10 76 10 10 76 76 78 47
13 31 10 31 10 76 76 78 47 13 31 10 76 76 78 47
13 31 10 10 31 10 76 76 78 47 13 31 10 76 76 78 47
13 31 10 10 10 76 76 78 47 13 31 10 76 76 78 47
13 31 10 76 10 10 76 76 78 47 13 31 10 76 76 78 47

13 55 10 63 51 79 55 13 55 10 63 51 79 55
13 55 10 63 51 79 55 13 55 19 55 10 63 51 79 55
13 55 10 63 51 79 55 13 55 10 19 55 10 63 51 79 55
13 55 10 63 51 79 55 13 55 10 19 10 63 51 79 55
13 55 10 63 51 79 55 13 55 10 63 19 10 63 51 79 55
13 55 19 55 10 63 51 79 55 13 55 10 63 51 79 55
13 55 10 19 55 10 63 51 79 55 13 55 10 63 51 79 55
13 55 10 19 10 63 51 79 55 13 55 10 63 51 79 55
13 55 10 63 19 10 63 51 79 55 13 55 10 63 51 79 55

39 62 91 17 83 26 8 39 62 91 17 83 26 8
39 62 91 17 83 26 8 39 62 13 62 91 17 83 26 8
39 62 91 17 83 26 8 39 62 91 13 62 91 17 83 26 8
39 62 91 17 83 26 8 39 62 91 13 91 17 83 26 8
39 62 91 17 83 26 8 39 62 91 17 13 91 17 83 26 8
39 62 13 62 91 17 83 26 8 39 62 91 17 83 26 8
39 62 91 13 62 91 17 83 26 8 39 62 91 17 83 26 8
39 62 91 13 91 17 83 26 8 39 62 91 17 83 26 8
39 62 91 17 13 91 17 83 26 8 39 62 91 17 83 26 8

11 82 59 96 95 42 24 11 82 59 96 95 42 24
11 82 59 96 95 42 24 11 82 6 82 59 96 95 42 24
11 82 59 96 95 42 24 11 82 59 6 82 59 96 95 42 24
11 82 59 96 95 42 24 11 82 59 6 59 96 95 42 24
11 82 59 96 95 42 24 11 82 59 96 6 59 96 95 42 24
11 82 6 82 59 96 95 42 24 11 82 59 96 95 42 24
11 82 59 6 82 59 96 95 42 24 11 82 59 96 95 42 24
11 82 59 6 59 96 95 42 24 11 82 59 96 95 42 24
11 82 59 96 6 59 96 95 42 24 11 82 59 96 95 42 24

97 43 83 81 13 39 9 97 43 83 81 13 39 9
97 43 83 81 13 39 9 97 43 13 43 83 81 13 39 9
97 43 83 81 13 39 9 97 43 83 13 43 83 81 13 39 9
97 43 83 81 13 39 9 97 43 83 13 83 81 13 39 9
97 43 83 81 13 39 9 97 43 83 81 13 83 81 13 39 9
97 43 13 43 83 81 13 39 9 97 43 83 81 13 39 9
97 43 83 13 43 83 81 13 39 9 97 43 83 81 13 39 9
97 43 83 13 83 81 13 39 9 97 43 83 81 13 39 9
97 43 83 81 13 83 81 13 39 9 97 43 83 81 13 39 9

60 77 50 23 49 25 77 60 77 50 23 49 25 77
60 77 50 23 49 25 77 60 77 20 77 50 23 49 25 77
60 77 50 23 49 25 77 60 77 50 20 77 50 23 49 25 77
60 77 50 23 49 25 77 60 77 50 20 50 23 49 25 77
60 77 50 23 49 25 77 60 77 50 23 20 50 23 49 25 77
60 77 20 77 50 23 49 25 77 60 77 50 23 49 25 77
60 77 50 20 77 50 23 49 25 77 60 77 50 23 49 25 77
60 77 50 20 50 23 49 25 77 60 77 50 23 49 25 77
60 77 50 23 20 50 23 49 25 77 60 77 50 23 49 25 77

56 64 91 27 76 82 51 56 64 91 27 76 82 51
56 64 91 27 76 82 51 56 64 9 64 91 27 76 82 51
56 64 91 27 76 82 51 56 64 91 9 64 91 27 76 82 51
56 64 91 27 76 82 51 56 64 91 9 91 27 76 82 51
56 64 91 27 76 82 51 56 64 91 27 9 91 27 76 82 51
56 64 9 64 91 27 76 82 51 56 64 91 27 76 82 51
56 64 91 9 64 91 27 76 82 51 56 64 91 27 76 82 51
56 64 91 9 91 27 76 82 51 56 64 91 27 76 82 51
56 64 91 27 9 91 27 76 82 51 56 64 91 27 76 82 51

44 89 72 61 60 10 38 44 89 72 61 60 10 38
44 89 72 61 60 10 38 44 89 14 89 72 61 60 10 38
44 89 72 61 60 10 38 44 89 72 14 89 72 61 60 10 38
44 89 72 61 60 10 38 44 89 72 14 72 61 60 10 38
44 89 72 61 60 10 38 44 89 72 61 14 72 61 60 10 38
44 89 14 89 72 61 60 10 38 44 89 72 61 60 10 38
44 89 72 14 89 72 61 60 10 38 44 89 72 61 60 10 38
44 89 72 14 72 61 60 10 38 44 89 72 61 60 10 38
44 89 72 61 14 72 61 60 10 38 44 89 72 61 60 10 38

61 38 18 61 17 88 96 61 38 18 61 17 88 96
61 38 18 61 17 88 96 61 38 15 38 18 61 17 88 96
61 38 18 61 17 88 96 61 38 18 15 38 18 61 17 88 96
61 38 18 61 17 88 96 61 38 18 15 18 61 17 88 96
61 38 18 61 17 88 96 61 38 18 61 15 18 61 17 88 96
61 38 15 38 18 61 17 88 96 61 38 18 61 17 88 96
61 38 18 15 38 18 61 17 88 96 61 38 18 61 17 88 96
61 38 18 15 18 61 17 88 96 61 38 18 61 17 88 96
61 38 18 61 15 18 61 17 88 96 61 38 18 61 17 88 96

