200
7
2
2

9
2
14
15
4
4
13
26
21
7
2
0
14
24
11
1
8
26
20
4
18
4
27
19
8
1
8
12
13
22
14
12
4
16
27
21
4
29
14
0
13
1
26
11
30
19
14
23
18
28
6
8
28
4
17
8
4
1
12
23
7
4
13
14
5
0
18
0
4
11
17
30
10
25
20
9
30
8
14
7
30
0
0
3
21
9
12
19
30
11
12
1
14
24
30
12
26
13
22
5
14
15
7
28
22
26
18
6
13
16
30
9
15
9
19
10
5
7
29
3
2
5
20
10
15
23
25
8
27
10
9
15
21
5
3
3
30
11
0
15
3
22
9
7
18
2
29
7
19
19
6
3
29
12
7
7
4
28
11
16
22
18
24
1
22
26
4
1
5
12
4
16
17
16
10
28
16
4
23
26
13
2
9
5
7
11
4
27
12
0
4
19
25
21
19
21
18
18
29
7

82 24 
69 57 
81 89 
29 102 
78 34 
39 45 
90 80 
11 99 
36 73 
82 65 
61 103 
38 18 
81 105 
40 103 
93 44 
54 34 
50 85 
92 104 
14 67 
57 41 
86 54 
83 34 
105 43 
106 67 
55 34 
104 86 
37 92 
25 29 
67 70 
101 80 
15 103 
31 89 
71 105 
88 67 
91 79 
35 72 
72 33 
62 67 
95 81 
46 85 
42 71 
89 63 
38 53 
50 108 
18 102 
61 89 
92 63 
93 92 
48 93 
81 44 
36 93 
69 46 
102 24 
79 72 
99 37 
109 68 
37 20 
52 31 
106 86 
91 39 
49 86 
84 109 
89 23 
56 96 
107 90 
80 60 
104 43 
68 36 
108 103 
50 17 
19 80 
23 64 
65 71 
31 90 
110 52 
77 29 
45 21 
76 63 
98 97 
56 44 
54 72 
41 66 
58 93 
76 109 
29 55 
34 79 
37 63 
58 104 
112 64 
43 61 
62 95 
52 102 
37 60 
21 104 
30 66 
45 61 
33 40 
45 58 
89 79 
69 85 
109 35 
104 42 
93 22 
35 61 
117 58 
93 24 
37 79 
33 32 
57 40 
27 44 
43 111 
102 25 
53 86 
66 25 
104 18 
28 61 
38 46 
53 66 
15 98 
63 24 
82 33 
35 83 
36 54 
78 48 
62 52 
69 29 
64 39 
76 63 
82 107 
75 26 
71 74 
56 100 
15 57 
102 54 
64 46 
101 111 
31 62 
114 53 
99 65 
77 102 
75 46 
40 115 
54 40 
32 103 
72 42 
85 83 
87 104 
96 32 
96 66 
103 64 
114 72 
69 104 
72 11 
90 84 
26 52 
65 71 
55 30 
54 25 
115 32 
36 64 
89 36 
34 41 
104 23 
79 42 
112 32 
46 49 
77 39 
51 105 
66 38 
96 105 
100 64 
75 81 
75 46 
78 114 
31 116 
65 27 
70 79 
25 79 
84 52 
108 56 
54 78 
83 32 
82 56 
27 30 
43 68 
106 57 
52 25 
46 76 
107 31 
52 115 
87 66 
20 90 
34 39 
64 17 
26 27 
13 88 
45 54 
18 36 
33 54 
82 43 

1820
2074
1892
1815
1728
1450
1974
1645
1579
2566
1983
1917
1729
1795
2054
1380
1692
1986
1589
2152
1911
1755
2605
2379
1256
2133
1968
1798
1685
2153
1872
2109
1655
1998
1713
2123
1363
2231
1823
1494
2046
1817
1591
2199
1824
1881
2524
2573
2284
1667
1479
1860
1960
2213
2252
2061
1429
2129
2299
1848
1411
2566
2408
1429
2281
1651
2112
2063
2253
1307
1712
1506
1876
1407
1934
1568
1656
2329
2177
1803
1401
2167
2046
2036
1717
1919
2069
1892
1969
1933
2457
2094
1164
1820
1526
1357
1484
1936
1865
1580
1595
1632
1839
1439
2104
2107
1531
1678
904
1742
1758
2205
2194
1449
1955
1848
2051
1297
1300
1308
1783
1569
1171
1682
1748
1237
1782
1926
2112
1640
1531
1910
1640
2102
1869
2436
1483
2132
1824
2618
1967
2426
1508
1632
1931
2132
2264
1638
1474
2122
1730
2092
1745
1883
1211
1882
1675
1171
2003
1353
1230
1369
2061
2142
1640
1948
1507
2466
1214
2278
2398
2327
2005
2004
2417
1544
2448
1482
1777
2087
1657
1646
2061
1259
2084
1888
1367
2361
1522
2218
2142
1584
1019
2138
1619
1578
1369
1378
1720
1336

1 2 3 4 5 1 2 3 4 5 6 7
1 2 3 4 5 1 2 100 102 3 4 5 6 7
1 2 3 4 5 1 2 3 100 102 103 4 5 6 7
1 2 3 4 5 1 2 3 100 103 4 5 6 7
1 2 3 4 5 1 2 3 4 100 103 104 5 6 7
1 2 100 102 3 4 5 1 2 3 4 5 6 7
1 2 3 100 102 103 4 5 1 2 3 4 5 6 7
1 2 3 100 103 4 5 1 2 3 4 5 6 7
1 2 3 4 100 103 104 5 1 2 3 4 5 6 7

77 43 67 15 68 38 44 77 43 67 15 68 38 44
77 43 67 15 68 38 44 77 43 10 43 67 15 68 38 44
77 43 67 15 68 38 44 77 43 67 10 43 67 15 68 38 44
77 43 67 15 68 38 44 77 43 67 10 67 15 68 38 44
77 43 67 15 68 38 44 77 43 67 15 10 67 15 68 38 44
77 43 10 43 67 15 68 38 44 77 43 67 15 68 38 44
77 43 67 10 43 67 15 68 38 44 77 43 67 15 68 38 44
77 43 67 10 67 15 68 38 44 77 43 67 15 68 38 44
77 43 67 15 10 67 15 68 38 44 77 43 67 15 68 38 44

37 75 62 48 79 11 95 37 75 62 48 79 11 95
37 75 62 48 79 11 95 37 75 14 75 62 48 79 11 95
37 75 62 48 79 11 95 37 75 62 14 75 62 48 79 11 95
37 75 62 48 79 11 95 37 75 62 14 62 48 79 11 95
37 75 62 48 79 11 95 37 75 62 48 14 62 48 79 11 95
37 75 14 75 62 48 79 11 95 37 75 62 48 79 11 95
37 75 62 14 75 62 48 79 11 95 37 75 62 48 79 11 95
37 75 62 14 62 48 79 11 95 37 75 62 48 79 11 95
37 75 62 48 14 62 48 79 11 95 37 75 62 48 79 11 95

27 14 70 77 85 56 56 27 14 70 77 85 56 56
27 14 70 77 85 56 56 27 14 17 14 70 77 85 56 56
27 14 70 77 85 56 56 27 14 70 17 14 70 77 85 56 56
27 14 70 77 85 56 56 27 14 70 17 70 77 85 56 56
27 14 70 77 85 56 56 27 14 70 77 17 70 77 85 56 56
27 14 17 14 70 77 85 56 56 27 14 70 77 85 56 56
27 14 70 17 14 70 77 85 56 56 27 14 70 77 85 56 56
27 14 70 17 70 77 85 56 56 27 14 70 77 85 56 56
27 14 70 77 17 70 77 85 56 56 27 14 70 77 85 56 56

6 71 17 87 56 47 90 6 71 17 87 56 47 90
6 71 17 87 56 47 90 6 71 20 71 17 87 56 47 90
6 71 17 87 56 47 90 6 71 17 20 71 17 87 56 47 90
6 71 17 87 56 47 90 6 71 17 20 17 87 56 47 90
6 71 17 87 56 47 90 6 71 17 87 20 17 87 56 47 90
6 71 20 71 17 87 56 47 90 6 71 17 87 56 47 90
6 71 17 20 71 17 87 56 47 90 6 71 17 87 56 47 90
6 71 17 20 17 87 56 47 90 6 71 17 87 56 47 90
6 71 17 87 20 17 87 56 47 90 6 71 17 87 56 47 90

17 92 73 29 34 54 60 17 92 73 29 34 54 60
17 92 73 29 34 54 60 17 92 20 92 73 29 34 54 60
17 92 73 29 34 54 60 17 92 73 20 92 73 29 34 54 60
17 92 73 29 34 54 60 17 92 73 20 73 29 34 54 60
17 92 73 29 34 54 60 17 92 73 29 20 73 29 34 54 60
17 92 20 92 73 29 34 54 60 17 92 73 29 34 54 60
17 92 73 20 92 73 29 34 54 60 17 92 73 29 34 54 60
17 92 73 20 73 29 34 54 60 17 92 73 29 34 54 60
17 92 73 29 20 73 29 34 54 60 17 92 73 29 34 54 60

83 67 22 29 26 30 14 83 67 22 29 26 30 14
83 67 22 29 26 30 14 83 67 14 67 22 29 26 30 14
83 67 22 29 26 30 14 83 67 22 14 67 22 29 26 30 14
83 67 22 29 26 30 14 83 67 22 14 22 29 26 30 14
83 67 22 29 26 30 14 83 67 22 29 14 22 29 26 30 14
83 67 14 67 22 29 26 30 14 83 67 22 29 26 30 14
83 67 22 14 67 22 29 26 30 14 83 67 22 29 26 30 14
83 67 22 14 22 29 26 30 14 83 67 22 29 26 30 14
83 67 22 29 14 22 29 26 30 14 83 67 22 29 26 30 14

54 21 78 71 65 59 31 54 21 78 71 65 59 31
54 21 78 71 65 59 31 54 21 14 21 78 71 65 59 31
54 21 78 71 65 59 31 54 21 78 14 21 78 71 65 59 31
54 21 78 71 65 59 31 54 21 78 14 78 71 65 59 31
54 21 78 71 65 59 31 54 21 78 71 14 78 71 65 59 31
54 21 14 21 78 71 65 59 31 54 21 78 71 65 59 31
54 21 78 14 21 78 71 65 59 31 54 21 78 71 65 59 31
54 21 78 14 78 71 65 59 31 54 21 78 71 65 59 31
54 21 78 71 14 78 71 65 59 31 54 21 78 71 65 59 31

38 51 5 80 69 37 40 38 51 5 80 69 37 40
38 51 5 80 69 37 40 38 51 19 51 5 80 69 37 40
38 51 5 80 69 37 40 38 51 5 19 51 5 80 69 37 40
38 51 5 80 69 37 40 38 51 5 19 5 80 69 37 40
38 51 5 80 69 37 40 38 51 5 80 19 5 80 69 37 40
38 51 19 51 5 80 69 37 40 38 51 5 80 69 37 40
38 51 5 19 51 5 80 69 37 40 38 51 5 80 69 37 40
38 51 5 19 5 80 69 37 40 38 51 5 80 69 37 40
38 51 5 80 19 5 80 69 37 40 38 51 5 80 69 37 40

44 10 30 65 68 42 60 44 10 30 65 68 42 60
44 10 30 65 68 42 60 44 10 16 10 30 65 68 42 60
44 10 30 65 68 42 60 44 10 30 16 10 30 65 68 42 60
44 10 30 65 68 42 60 44 10 30 16 30 65 68 42 60
44 10 30 65 68 42 60 44 10 30 65 16 30 65 68 42 60
44 10 16 10 30 65 68 42 60 44 10 30 65 68 42 60
44 10 30 16 10 30 65 68 42 60 44 10 30 65 68 42 60
44 10 30 16 30 65 68 42 60 44 10 30 65 68 42 60
44 10 30 65 16 30 65 68 42 60 44 10 30 65 68 42 60

92 100 65 55 88 40 49 92 100 65 55 88 40 49
92 100 65 55 88 40 49 92 100 18 100 65 55 88 40 49
92 100 65 55 88 40 49 92 100 65 18 100 65 55 88 40 49
92 100 65 55 88 40 49 92 100 65 18 65 55 88 40 49
92 100 65 55 88 40 49 92 100 65 55 18 65 55 88 40 49
92 100 18 100 65 55 88 40 49 92 100 65 55 88 40 49
92 100 65 18 100 65 55 88 40 49 92 100 65 55 88 40 49
92 100 65 18 65 55 88 40 49 92 100 65 55 88 40 49
92 100 65 55 18 65 55 88 40 49 92 100 65 55 88 40 49

35 50 44 87 76 40 69 35 50 44 87 76 40 69
35 50 44 87 76 40 69 35 50 19 50 44 87 76 40 69
35 50 44 87 76 40 69 35 50 44 19 50 44 87 76 40 69
35 50 44 87 76 40 69 35 50 44 19 44 87 76 40 69
35 50 44 87 76 40 69 35 50 44 87 19 44 87 76 40 69
35 50 19 50 44 87 76 40 69 35 50 44 87 76 40 69
35 50 44 19 50 44 87 76 40 69 35 50 44 87 76 40 69
35 50 44 19 44 87 76 40 69 35 50 44 87 76 40 69
35 50 44 87 19 44 87 76 40 69 35 50 44 87 76 40 69

74 41 23 11 91 89 80 74 41 23 11 91 89 80
74 41 23 11 91 89 80 74 41 12 41 23 11 91 89 80
74 41 23 11 91 89 80 74 41 23 12 41 23 11 91 89 80
74 41 23 11 91 89 80 74 41 23 12 23 11 91 89 80
74 41 23 11 91 89 80 74 41 23 11 12 23 11 91 89 80
74 41 12 41 23 11 91 89 80 74 41 23 11 91 89 80
74 41 23 12 41 23 11 91 89 80 74 41 23 11 91 89 80
74 41 23 12 23 11 91 89 80 74 41 23 11 91 89 80
74 41 23 11 12 23 11 91 89 80 74 41 23 11 91 89 80

11 35 75 100 21 68 28 11 35 75 100 21 68 28
11 35 75 100 21 68 28 11 35 11 35 75 100 21 68 28
11 35 75 100 21 68 28 11 35 75 11 35 75 100 21 68 28
11 35 75 100 21 68 28 11 35 75 11 75 100 21 68 28
11 35 75 100 21 68 28 11 35 75 100 11 75 100 21 68 28
11 35 11 35 75 100 21 68 28 11 35 75 100 21 68 28
11 35 75 11 35 75 100 21 68 28 11 35 75 100 21 68 28
11 35 75 11 75 100 21 68 28 11 35 75 100 21 68 28
11 35 75 100 11 75 100 21 68 28 11 35 75 100 21 68 28

46 62 25 90 33 29 62 46 62 25 90 33 29 62
46 62 25 90 33 29 62 46 62 14 62 25 90 33 29 62
46 62 25 90 33 29 62 46 62 25 14 62 25 90 33 29 62
46 62 25 90 33 29 62 46 62 25 14 25 90 33 29 62
46 62 25 90 33 29 62 46 62 25 90 14 25 90 33 29 62
46 62 14 62 25 90 33 29 62 46 62 25 90 33 29 62
46 62 25 14 62 25 90 33 29 62 46 62 25 90 33 29 62
46 62 25 14 25 90 33 29 62 46 62 25 90 33 29 62
46 62 25 90 14 25 90 33 29 62 46 62 25 90 33 29 62

98 73 81 29 50 31 19 98 73 81 29 50 31 19
98 73 81 29 50 31 19 98 73 6 73 81 29 50 31 19
98 73 81 29 50 31 19 98 73 81 6 73 81 29 50 31 19
98 73 81 29 50 31 19 98 73 81 6 81 29 50 31 19
98 73 81 29 50 31 19 98 73 81 29 6 81 29 50 31 19
98 73 6 73 81 29 50 31 19 98 73 81 29 50 31 19
98 73 81 6 73 81 29 50 31 19 98 73 81 29 50 31 19
98 73 81 6 81 29 50 31 19 98 73 81 29 50 31 19
98 73 81 29 6 81 29 50 31 19 98 73 81 29 50 31 19

56 77 34 23 25 42 8 56 77 34 23 25 42 8
56 77 34 23 25 42 8 56 77 14 77 34 23 25 42 8
56 77 34 23 25 42 8 56 77 34 14 77 34 23 25 42 8
56 77 34 23 25 42 8 56 77 34 14 34 23 25 42 8
56 77 34 23 25 42 8 56 77 34 23 14 34 23 25 42 8
56 77 14 77 34 23 25 42 8 56 77 34 23 25 42 8
56 77 34 14 77 34 23 25 42 8 56 77 34 23 25 42 8
56 77 34 14 34 23 25 42 8 56 77 34 23 25 42 8
56 77 34 23 14 34 23 25 42 8 56 77 34 23 25 42 8

77 40 33 69 8 44 90 77 40 33 69 8 44 90
77 40 33 69 8 44 90 77 40 7 40 33 69 8 44 90
77 40 33 69 8 44 90 77 40 33 7 40 33 69 8 44 90
77 40 33 69 8 44 90 77 40 33 7 33 69 8 44 90
77 40 33 69 8 44 90 77 40 33 69 7 33 69 8 44 90
77 40 7 40 33 69 8 44 90 77 40 33 69 8 44 90
77 40 33 7 40 33 69 8 44 90 77 40 33 69 8 44 90
77 40 33 7 33 69 8 44 90 77 40 33 69 8 44 90
77 40 33 69 7 33 69 8 44 90 77 40 33 69 8 44 90

28 22 79 86 64 50 74 28 22 79 86 64 50 74
28 22 79 86 64 50 74 28 22 13 22 79 86 64 50 74
28 22 79 86 64 50 74 28 22 79 13 22 79 86 64 50 74
28 22 79 86 64 50 74 28 22 79 13 79 86 64 50 74
28 22 79 86 64 50 74 28 22 79 86 13 79 86 64 50 74
28 22 13 22 79 86 64 50 74 28 22 79 86 64 50 74
28 22 79 13 22 79 86 64 50 74 28 22 79 86 64 50 74
28 22 79 13 79 86 64 50 74 28 22 79 86 64 50 74
28 22 79 86 13 79 86 64 50 74 28 22 79 86 64 50 74

36 68 7 61 20 95 72 36 68 7 61 20 95 72
36 68 7 61 20 95 72 36 68 6 68 7 61 20 95 72
36 68 7 61 20 95 72 36 68 7 6 68 7 61 20 95 72
36 68 7 61 20 95 72 36 68 7 6 7 61 20 95 72
36 68 7 61 20 95 72 36 68 7 61 6 7 61 20 95 72
36 68 6 68 7 61 20 95 72 36 68 7 61 20 95 72
36 68 7 6 68 7 61 20 95 72 36 68 7 61 20 95 72
36 68 7 6 7 61 20 95 72 36 68 7 61 20 95 72
36 68 7 61 6 7 61 20 95 72 36 68 7 61 20 95 72

98 57 45 33 94 14 81 98 57 45 33 94 14 81
98 57 45 33 94 14 81 98 57 11 57 45 33 94 14 81
98 57 45 33 94 14 81 98 57 45 11 57 45 33 94 14 81
98 57 45 33 94 14 81 98 57 45 11 45 33 94 14 81
98 57 45 33 94 14 81 98 57 45 33 11 45 33 94 14 81
98 57 11 57 45 33 94 14 81 98 57 45 33 94 14 81
98 57 45 11 57 45 33 94 14 81 98 57 45 33 94 14 81
98 57 45 11 45 33 94 14 81 98 57 45 33 94 14 81
98 57 45 33 11 45 33 94 14 81 98 57 45 33 94 14 81

7 51 78 48 73 68 64 7 51 78 48 73 68 64
7 51 78 48 73 68 64 7 51 15 51 78 48 73 68 64
7 51 78 48 73 68 64 7 51 78 15 51 78 48 73 68 64
7 51 78 48 73 68 64 7 51 78 15 78 48 73 68 64
7 51 78 48 73 68 64 7 51 78 48 15 78 48 73 68 64
7 51 15 51 78 48 73 68 64 7 51 78 48 73 68 64
7 51 78 15 51 78 48 73 68 64 7 51 78 48 73 68 64
7 51 78 15 78 48 73 68 64 7 51 78 48 73 68 64
7 51 78 48 15 78 48 73 68 64 7 51 78 48 73 68 64

60 73 77 16 42 46 10 60 73 77 16 42 46 10
60 73 77 16 42 46 10 60 73 12 73 77 16 42 46 10
60 73 77 16 42 46 10 60 73 77 12 73 77 16 42 46 10
60 73 77 16 42 46 10 60 73 77 12 77 16 42 46 10
60 73 77 16 42 46 10 60 73 77 16 12 77 16 42 46 10
60 73 12 73 77 16 42 46 10 60 73 77 16 42 46 10
60 73 77 12 73 77 16 42 46 10 60 73 77 16 42 46 10
60 73 77 12 77 16 42 46 10 60 73 77 16 42 46 10
60 73 77 16 12 77 16 42 46 10 60 73 77 16 42 46 10

98 80 92 37 55 58 91 98 80 92 37 55 58 91
98 80 92 37 55 58 91 98 80 11 80 92 37 55 58 91
98 80 92 37 55 58 91 98 80 92 11 80 92 37 55 58 91
98 80 92 37 55 58 91 98 80 92 11 92 37 55 58 91
98 80 92 37 55 58 91 98 80 92 37 11 92 37 55 58 91
98 80 11 80 92 37 55 58 91 98 80 92 37 55 58 91
98 80 92 11 80 92 37 55 58 91 98 80 92 37 55 58 91
98 80 92 11 92 37 55 58 91 98 80 92 37 55 58 91
98 80 92 37 11 92 37 55 58 91 98 80 92 37 55 58 91

72 18 97 60 78 63 97 72 18 97 60 78 63 97
72 18 97 60 78 63 97 72 18 5 18 97 60 78 63 97
72 18 97 60 78 63 97 72 18 97 5 18 97 60 78 63 97
72 18 97 60 78 63 97 72 18 97 5 97 60 78 63 97
72 18 97 60 78 63 97 72 18 97 60 5 97 60 78 63 97
72 18 5 18 97 60 78 63 97 72 18 97 60 78 63 97
72 18 97 5 18 97 60 78 63 97 72 18 97 60 78 63 97
72 18 97 5 97 60 78 63 97 72 18 97 60 78 63 97
72 18 97 60 5 97 60 78 63 97 72 18 97 60 78 63 97

32 18 35 19 44 64 62 32 18 35 19 44 64 62
32 18 35 19 44 64 62 32 18 10 18 35 19 44 64 62
32 18 35 19 44 64 62 32 18 35 10 18 35 19 44 64 62
32 18 35 19 44 64 62 32 18 35 10 35 19 44 64 62
32 18 35 19 44 64 62 32 18 35 19 10 35 19 44 64 62
32 18 10 18 35 19 44 64 62 32 18 35 19 44 64 62
32 18 35 10 18 35 19 44 64 62 32 18 35 19 44 64 62
32 18 35 10 35 19 44 64 62 32 18 35 19 44 64 62
32 18 35 19 10 35 19 44 64 62 32 18 35 19 44 64 62

69 37 96 80 37 88 5 69 37 96 80 37 88 5
69 37 96 80 37 88 5 69 37 14 37 96 80 37 88 5
69 37 96 80 37 88 5 69 37 96 14 37 96 80 37 88 5
69 37 96 80 37 88 5 69 37 96 14 96 80 37 88 5
69 37 96 80 37 88 5 69 37 96 80 14 96 80 37 88 5
69 37 14 37 96 80 37 88 5 69 37 96 80 37 88 5
69 37 96 14 37 96 80 37 88 5 69 37 96 80 37 88 5
69 37 96 14 96 80 37 88 5 69 37 96 80 37 88 5
69 37 96 80 14 96 80 37 88 5 69 37 96 80 37 88 5

96 19 22 84 52 92 39 96 19 22 84 52 92 39
96 19 22 84 52 92 39 96 19 20 19 22 84 52 92 39
96 19 22 84 52 92 39 96 19 22 20 19 22 84 52 92 39
96 19 22 84 52 92 39 96 19 22 20 22 84 52 92 39
96 19 22 84 52 92 39 96 19 22 84 20 22 84 52 92 39
96 19 20 19 22 84 52 92 39 96 19 22 84 52 92 39
96 19 22 20 19 22 84 52 92 39 96 19 22 84 52 92 39
96 19 22 20 22 84 52 92 39 96 19 22 84 52 92 39
96 19 22 84 20 22 84 52 92 39 96 19 22 84 52 92 39

78 68 13 16 87 42 58 78 68 13 16 87 42 58
78 68 13 16 87 42 58 78 68 13 68 13 16 87 42 58
78 68 13 16 87 42 58 78 68 13 13 68 13 16 87 42 58
78 68 13 16 87 42 58 78 68 13 13 13 16 87 42 58
78 68 13 16 87 42 58 78 68 13 16 13 13 16 87 42 58
78 68 13 68 13 16 87 42 58 78 68 13 16 87 42 58
78 68 13 13 68 13 16 87 42 58 78 68 13 16 87 42 58
78 68 13 13 13 16 87 42 58 78 68 13 16 87 42 58
78 68 13 16 13 13 16 87 42 58 78 68 13 16 87 42 58

7 70 52 51 44 59 71 7 70 52 51 44 59 71
7 70 52 51 44 59 71 7 70 17 70 52 51 44 59 71
7 70 52 51 44 59 71 7 70 52 17 70 52 51 44 59 71
7 70 52 51 44 59 71 7 70 52 17 52 51 44 59 71
7 70 52 51 44 59 71 7 70 52 51 17 52 51 44 59 71
7 70 17 70 52 51 44 59 71 7 70 52 51 44 59 71
7 70 52 17 70 52 51 44 59 71 7 70 52 51 44 59 71
7 70 52 17 52 51 44 59 71 7 70 52 51 44 59 71
7 70 52 51 17 52 51 44 59 71 7 70 52 51 44 59 71

96 12 95 74 78 25 12 96 12 95 74 78 25 12
96 12 95 74 78 25 12 96 12 7 12 95 74 78 25 12
96 12 95 74 78 25 12 96 12 95 7 12 95 74 78 25 12
96 12 95 74 78 25 12 96 12 95 7 95 74 78 25 12
96 12 95 74 78 25 12 96 12 95 74 7 95 74 78 25 12
96 12 7 12 95 74 78 25 12 96 12 95 74 78 25 12
96 12 95 7 12 95 74 78 25 12 96 12 95 74 78 25 12
96 12 95 7 95 74 78 25 12 96 12 95 74 78 25 12
96 12 95 74 7 95 74 78 25 12 96 12 95 74 78 25 12

47 80 8 84 46 15 98 47 80 8 84 46 15 98
47 80 8 84 46 15 98 47 80 14 80 8 84 46 15 98
47 80 8 84 46 15 98 47 80 8 14 80 8 84 46 15 98
47 80 8 84 46 15 98 47 80 8 14 8 84 46 15 98
47 80 8 84 46 15 98 47 80 8 84 14 8 84 46 15 98
47 80 14 80 8 84 46 15 98 47 80 8 84 46 15 98
47 80 8 14 80 8 84 46 15 98 47 80 8 84 46 15 98
47 80 8 14 8 84 46 15 98 47 80 8 84 46 15 98
47 80 8 84 14 8 84 46 15 98 47 80 8 84 46 15 98

86 67 11 78 92 43 17 86 67 11 78 92 43 17
86 67 11 78 92 43 17 86 67 9 67 11 78 92 43 17
86 67 11 78 92 43 17 86 67 11 9 67 11 78 92 43 17
86 67 11 78 92 43 17 86 67 11 9 11 78 92 43 17
86 67 11 78 92 43 17 86 67 11 78 9 11 78 92 43 17
86 67 9 67 11 78 92 43 17 86 67 11 78 92 43 17
86 67 11 9 67 11 78 92 43 17 86 67 11 78 92 43 17
86 67 11 9 11 78 92 43 17 86 67 11 78 92 43 17
86 67 11 78 9 11 78 92 43 17 86 67 11 78 92 43 17

30 51 58 95 5 22 77 30 51 58 95 5 22 77
30 51 58 95 5 22 77 30 51 7 51 58 95 5 22 77
30 51 58 95 5 22 77 30 51 58 7 51 58 95 5 22 77
30 51 58 95 5 22 77 30 51 58 7 58 95 5 22 77
30 51 58 95 5 22 77 30 51 58 95 7 58 95 5 22 77
30 51 7 51 58 95 5 22 77 30 51 58 95 5 22 77
30 51 58 7 51 58 95 5 22 77 30 51 58 95 5 22 77
30 51 58 7 58 95 5 22 77 30 51 58 95 5 22 77
30 51 58 95 7 58 95 5 22 77 30 51 58 95 5 22 77

45 31 82 50 35 93 93 45 31 82 50 35 93 93
45 31 82 50 35 93 93 45 31 18 31 82 50 35 93 93
45 31 82 50 35 93 93 45 31 82 18 31 82 50 35 93 93
45 31 82 50 35 93 93 45 31 82 18 82 50 35 93 93
45 31 82 50 35 93 93 45 31 82 50 18 82 50 35 93 93
45 31 18 31 82 50 35 93 93 45 31 82 50 35 93 93
45 31 82 18 31 82 50 35 93 93 45 31 82 50 35 93 93
45 31 82 18 82 50 35 93 93 45 31 82 50 35 93 93
45 31 82 50 18 82 50 35 93 93 45 31 82 50 35 93 93

23 24 86 74 49 25 42 23 24 86 74 49 25 42
23 24 86 74 49 25 42 23 24 12 24 86 74 49 25 42
23 24 86 74 49 25 42 23 24 86 12 24 86 74 49 25 42
23 24 86 74 49 25 42 23 24 86 12 86 74 49 25 42
23 24 86 74 49 25 42 23 24 86 74 12 86 74 49 25 42
23 24 12 24 86 74 49 25 42 23 24 86 74 49 25 42
23 24 86 12 24 86 74 49 25 42 23 24 86 74 49 25 42
23 24 86 12 86 74 49 25 42 23 24 86 74 49 25 42
23 24 86 74 12 86 74 49 25 42 23 24 86 74 49 25 42

37 74 24 64 84 71 94 37 74 24 64 84 71 94
37 74 24 64 84 71 94 37 74 6 74 24 64 84 71 94
37 74 24 64 84 71 94 37 74 24 6 74 24 64 84 71 94
37 74 24 64 84 71 94 37 74 24 6 24 64 84 71 94
37 74 24 64 84 71 94 37 74 24 64 6 24 64 84 71 94
37 74 6 74 24 64 84 71 94 37 74 24 64 84 71 94
37 74 24 6 74 24 64 84 71 94 37 74 24 64 84 71 94
37 74 24 6 24 64 84 71 94 37 74 24 64 84 71 94
37 74 24 64 6 24 64 84 71 94 37 74 24 64 84 71 94

26 17 60 15 74 29 56 26 17 60 15 74 29 56
26 17 60 15 74 29 56 26 17 15 17 60 15 74 29 56
26 17 60 15 74 29 56 26 17 60 15 17 60 15 74 29 56
26 17 60 15 74 29 56 26 17 60 15 60 15 74 29 56
26 17 60 15 74 29 56 26 17 60 15 15 60 15 74 29 56
26 17 15 17 60 15 74 29 56 26 17 60 15 74 29 56
26 17 60 15 17 60 15 74 29 56 26 17 60 15 74 29 56
26 17 60 15 60 15 74 29 56 26 17 60 15 74 29 56
26 17 60 15 15 60 15 74 29 56 26 17 60 15 74 29 56

58 83 48 52 85 32 62 58 83 48 52 85 32 62
58 83 48 52 85 32 62 58 83 12 83 48 52 85 32 62
58 83 48 52 85 32 62 58 83 48 12 83 48 52 85 32 62
58 83 48 52 85 32 62 58 83 48 12 48 52 85 32 62
58 83 48 52 85 32 62 58 83 48 52 12 48 52 85 32 62
58 83 12 83 48 52 85 32 62 58 83 48 52 85 32 62
58 83 48 12 83 48 52 85 32 62 58 83 48 52 85 32 62
58 83 48 12 48 52 85 32 62 58 83 48 52 85 32 62
58 83 48 52 12 48 52 85 32 62 58 83 48 52 85 32 62

9 36 76 64 54 75 79 9 36 76 64 54 75 79
9 36 76 64 54 75 79 9 36 18 36 76 64 54 75 79
9 36 76 64 54 75 79 9 36 76 18 36 76 64 54 75 79
9 36 76 64 54 75 79 9 36 76 18 76 64 54 75 79
9 36 76 64 54 75 79 9 36 76 64 18 76 64 54 75 79
9 36 18 36 76 64 54 75 79 9 36 76 64 54 75 79
9 36 76 18 36 76 64 54 75 79 9 36 76 64 54 75 79
9 36 76 18 76 64 54 75 79 9 36 76 64 54 75 79
9 36 76 64 18 76 64 54 75 79 9 36 76 64 54 75 79

70 27 29 79 19 52 10 70 27 29 79 19 52 10
70 27 29 79 19 52 10 70 27 16 27 29 79 19 52 10
70 27 29 79 19 52 10 70 27 29 16 27 29 79 19 52 10
70 27 29 79 19 52 10 70 27 29 16 29 79 19 52 10
70 27 29 79 19 52 10 70 27 29 79 16 29 79 19 52 10
70 27 16 27 29 79 19 52 10 70 27 29 79 19 52 10
70 27 29 16 27 29 79 19 52 10 70 27 29 79 19 52 10
70 27 29 16 29 79 19 52 10 70 27 29 79 19 52 10
70 27 29 79 16 29 79 19 52 10 70 27 29 79 19 52 10

80 74 26 61 45 72 57 80 74 26 61 45 72 57
80 74 26 61 45 72 57 80 74 18 74 26 61 45 72 57
80 74 26 61 45 72 57 80 74 26 18 74 26 61 45 72 57
80 74 26 61 45 72 57 80 74 26 18 26 61 45 72 57
80 74 26 61 45 72 57 80 74 26 61 18 26 61 45 72 57
80 74 18 74 26 61 45 72 57 80 74 26 61 45 72 57
80 74 26 18 74 26 61 45 72 57 80 74 26 61 45 72 57
80 74 26 18 26 61 45 72 57 80 74 26 61 45 72 57
80 74 26 61 18 26 61 45 72 57 80 74 26 61 45 72 57

33 54 76 53 15 69 97 33 54 76 53 15 69 97
33 54 76 53 15 69 97 33 54 10 54 76 53 15 69 97
33 54 76 53 15 69 97 33 54 76 10 54 76 53 15 69 97
33 54 76 53 15 69 97 33 54 76 10 76 53 15 69 97
33 54 76 53 15 69 97 33 54 76 53 10 76 53 15 69 97
33 54 10 54 76 53 15 69 97 33 54 76 53 15 69 97
33 54 76 10 54 76 53 15 69 97 33 54 76 53 15 69 97
33 54 76 10 76 53 15 69 97 33 54 76 53 15 69 97
33 54 76 53 10 76 53 15 69 97 33 54 76 53 15 69 97

50 87 18 34 10 79 53 50 87 18 34 10 79 53
50 87 18 34 10 79 53 50 87 6 87 18 34 10 79 53
50 87 18 34 10 79 53 50 87 18 6 87 18 34 10 79 53
50 87 18 34 10 79 53 50 87 18 6 18 34 10 79 53
50 87 18 34 10 79 53 50 87 18 34 6 18 34 10 79 53
50 87 6 87 18 34 10 79 53 50 87 18 34 10 79 53
50 87 18 6 87 18 34 10 79 53 50 87 18 34 10 79 53
50 87 18 6 18 34 10 79 53 50 87 18 34 10 79 53
50 87 18 34 6 18 34 10 79 53 50 87 18 34 10 79 53

68 83 35 94 54 59 42 68 83 35 94 54 59 42
68 83 35 94 54 59 42 68 83 18 83 35 94 54 59 42
68 83 35 94 54 59 42 68 83 35 18 83 35 94 54 59 42
68 83 35 94 54 59 42 68 83 35 18 35 94 54 59 42
68 83 35 94 54 59 42 68 83 35 94 18 35 94 54 59 42
68 83 18 83 35 94 54 59 42 68 83 35 94 54 59 42
68 83 35 18 83 35 94 54 59 42 68 83 35 94 54 59 42
68 83 35 18 35 94 54 59 42 68 83 35 94 54 59 42
68 83 35 94 18 35 94 54 59 42 68 83 35 94 54 59 42

16 39 10 87 98 82 31 16 39 10 87 98 82 31
16 39 10 87 98 82 31 16 39 13 39 10 87 98 82 31
16 39 10 87 98 82 31 16 39 10 13 39 10 87 98 82 31
16 39 10 87 98 82 31 16 39 10 13 10 87 98 82 31
16 39 10 87 98 82 31 16 39 10 87 13 10 87 98 82 31
16 39 13 39 10 87 98 82 31 16 39 10 87 98 82 31
16 39 10 13 39 10 87 98 82 31 16 39 10 87 98 82 31
16 39 10 13 10 87 98 82 31 16 39 10 87 98 82 31
16 39 10 87 13 10 87 98 82 31 16 39 10 87 98 82 31

22 38 49 69 71 70 76 22 38 49 69 71 70 76
22 38 49 69 71 70 76 22 38 12 38 49 69 71 70 76
22 38 49 69 71 70 76 22 38 49 12 38 49 69 71 70 76
22 38 49 69 71 70 76 22 38 49 12 49 69 71 70 76
22 38 49 69 71 70 76 22 38 49 69 12 49 69 71 70 76
22 38 12 38 49 69 71 70 76 22 38 49 69 71 70 76
22 38 49 12 38 49 69 71 70 76 22 38 49 69 71 70 76
22 38 49 12 49 69 71 70 76 22 38 49 69 71 70 76
22 38 49 69 12 49 69 71 70 76 22 38 49 69 71 70 76

82 59 78 43 99 70 71 82 59 78 43 99 70 71
82 59 78 43 99 70 71 82 59 20 59 78 43 99 70 71
82 59 78 43 99 70 71 82 59 78 20 59 78 43 99 70 71
82 59 78 43 99 70 71 82 59 78 20 78 43 99 70 71
82 59 78 43 99 70 71 82 59 78 43 20 78 43 99 70 71
82 59 20 59 78 43 99 70 71 82 59 78 43 99 70 71
82 59 78 20 59 78 43 99 70 71 82 59 78 43 99 70 71
82 59 78 20 78 43 99 70 71 82 59 78 43 99 70 71
82 59 78 43 20 78 43 99 70 71 82 59 78 43 99 70 71

98 79 78 87 56 60 18 98 79 78 87 56 60 18
98 79 78 87 56 60 18 98 79 20 79 78 87 56 60 18
98 79 78 87 56 60 18 98 79 78 20 79 78 87 56 60 18
98 79 78 87 56 60 18 98 79 78 20 78 87 56 60 18
98 79 78 87 56 60 18 98 79 78 87 20 78 87 56 60 18
98 79 20 79 78 87 56 60 18 98 79 78 87 56 60 18
98 79 78 20 79 78 87 56 60 18 98 79 78 87 56 60 18
98 79 78 20 78 87 56 60 18 98 79 78 87 56 60 18
98 79 78 87 20 78 87 56 60 18 98 79 78 87 56 60 18

35 76 43 83 98 54 65 35 76 43 83 98 54 65
35 76 43 83 98 54 65 35 76 12 76 43 83 98 54 65
35 76 43 83 98 54 65 35 76 43 12 76 43 83 98 54 65
35 76 43 83 98 54 65 35 76 43 12 43 83 98 54 65
35 76 43 83 98 54 65 35 76 43 83 12 43 83 98 54 65
35 76 12 76 43 83 98 54 65 35 76 43 83 98 54 65
35 76 43 12 76 43 83 98 54 65 35 76 43 83 98 54 65
35 76 43 12 43 83 98 54 65 35 76 43 83 98 54 65
35 76 43 83 12 43 83 98 54 65 35 76 43 83 98 54 65

13 83 65 26 40 78 33 13 83 65 26 40 78 33
13 83 65 26 40 78 33 13 83 12 83 65 26 40 78 33
13 83 65 26 40 78 33 13 83 65 12 83 65 26 40 78 33
13 83 65 26 40 78 33 13 83 65 12 65 26 40 78 33
13 83 65 26 40 78 33 13 83 65 26 12 65 26 40 78 33
13 83 12 83 65 26 40 78 33 13 83 65 26 40 78 33
13 83 65 12 83 65 26 40 78 33 13 83 65 26 40 78 33
13 83 65 12 65 26 40 78 33 13 83 65 26 40 78 33
13 83 65 26 12 65 26 40 78 33 13 83 65 26 40 78 33

19 81 24 86 8 73 9 19 81 24 86 8 73 9
19 81 24 86 8 73 9 19 81 5 81 24 86 8 73 9
19 81 24 86 8 73 9 19 81 24 5 81 24 86 8 73 9
19 81 24 86 8 73 9 19 81 24 5 24 86 8 73 9
19 81 24 86 8 73 9 19 81 24 86 5 24 86 8 73 9
19 81 5 81 24 86 8 73 9 19 81 24 86 8 73 9
19 81 24 5 81 24 86 8 73 9 19 81 24 86 8 73 9
19 81 24 5 24 86 8 73 9 19 81 24 86 8 73 9
19 81 24 86 5 24 86 8 73 9 19 81 24 86 8 73 9

44 83 50 30 57 51 55 44 83 50 30 57 51 55
44 83 50 30 57 51 55 44 83 9 83 50 30 57 51 55
44 83 50 30 57 51 55 44 83 50 9 83 50 30 57 51 55
44 83 50 30 57 51 55 44 83 50 9 50 30 57 51 55
44 83 50 30 57 51 55 44 83 50 30 9 50 30 57 51 55
44 83 9 83 50 30 57 51 55 44 83 50 30 57 51 55
44 83 50 9 83 50 30 57 51 55 44 83 50 30 57 51 55
44 83 50 9 50 30 57 51 55 44 83 50 30 57 51 55
44 83 50 30 9 50 30 57 51 55 44 83 50 30 57 51 55

65 68 90 13 30 59 84 65 68 90 13 30 59 84
65 68 90 13 30 59 84 65 68 17 68 90 13 30 59 84
65 68 90 13 30 59 84 65 68 90 17 68 90 13 30 59 84
65 68 90 13 30 59 84 65 68 90 17 90 13 30 59 84
65 68 90 13 30 59 84 65 68 90 13 17 90 13 30 59 84
65 68 17 68 90 13 30 59 84 65 68 90 13 30 59 84
65 68 90 17 68 90 13 30 59 84 65 68 90 13 30 59 84
65 68 90 17 90 13 30 59 84 65 68 90 13 30 59 84
65 68 90 13 17 90 13 30 59 84 65 68 90 13 30 59 84

85 87 64 55 46 51 36 85 87 64 55 46 51 36
85 87 64 55 46 51 36 85 87 14 87 64 55 46 51 36
85 87 64 55 46 51 36 85 87 64 14 87 64 55 46 51 36
85 87 64 55 46 51 36 85 87 64 14 64 55 46 51 36
85 87 64 55 46 51 36 85 87 64 55 14 64 55 46 51 36
85 87 14 87 64 55 46 51 36 85 87 64 55 46 51 36
85 87 64 14 87 64 55 46 51 36 85 87 64 55 46 51 36
85 87 64 14 64 55 46 51 36 85 87 64 55 46 51 36
85 87 64 55 14 64 55 46 51 36 85 87 64 55 46 51 36

94 29 86 26 85 82 39 94 29 86 26 85 82 39
94 29 86 26 85 82 39 94 29 18 29 86 26 85 82 39
94 29 86 26 85 82 39 94 29 86 18 29 86 26 85 82 39
94 29 86 26 85 82 39 94 29 86 18 86 26 85 82 39
94 29 86 26 85 82 39 94 29 86 26 18 86 26 85 82 39
94 29 18 29 86 26 85 82 39 94 29 86 26 85 82 39
94 29 86 18 29 86 26 85 82 39 94 29 86 26 85 82 39
94 29 86 18 86 26 85 82 39 94 29 86 26 85 82 39
94 29 86 26 18 86 26 85 82 39 94 29 86 26 85 82 39

54 6 89 57 83 36 83 54 6 89 57 83 36 83
54 6 89 57 83 36 83 54 6 17 6 89 57 83 36 83
54 6 89 57 83 36 83 54 6 89 17 6 89 57 83 36 83
54 6 89 57 83 36 83 54 6 89 17 89 57 83 36 83
54 6 89 57 83 36 83 54 6 89 57 17 89 57 83 36 83
54 6 17 6 89 57 83 36 83 54 6 89 57 83 36 83
54 6 89 17 6 89 57 83 36 83 54 6 89 57 83 36 83
54 6 89 17 89 57 83 36 83 54 6 89 57 83 36 83
54 6 89 57 17 89 57 83 36 83 54 6 89 57 83 36 83

59 60 31 5 58 29 42 59 60 31 5 58 29 42
59 60 31 5 58 29 42 59 60 18 60 31 5 58 29 42
59 60 31 5 58 29 42 59 60 31 18 60 31 5 58 29 42
59 60 31 5 58 29 42 59 60 31 18 31 5 58 29 42
59 60 31 5 58 29 42 59 60 31 5 18 31 5 58 29 42
59 60 18 60 31 5 58 29 42 59 60 31 5 58 29 42
59 60 31 18 60 31 5 58 29 42 59 60 31 5 58 29 42
59 60 31 18 31 5 58 29 42 59 60 31 5 58 29 42
59 60 31 5 18 31 5 58 29 42 59 60 31 5 58 29 42

77 94 35 22 76 40 76 77 94 35 22 76 40 76
77 94 35 22 76 40 76 77 94 11 94 35 22 76 40 76
77 94 35 22 76 40 76 77 94 35 11 94 35 22 76 40 76
77 94 35 22 76 40 76 77 94 35 11 35 22 76 40 76
77 94 35 22 76 40 76 77 94 35 22 11 35 22 76 40 76
77 94 11 94 35 22 76 40 76 77 94 35 22 76 40 76
77 94 35 11 94 35 22 76 40 76 77 94 35 22 76 40 76
77 94 35 11 35 22 76 40 76 77 94 35 22 76 40 76
77 94 35 22 11 35 22 76 40 76 77 94 35 22 76 40 76

99 14 90 79 38 86 77 99 14 90 79 38 86 77
99 14 90 79 38 86 77 99 14 5 14 90 79 38 86 77
99 14 90 79 38 86 77 99 14 90 5 14 90 79 38 86 77
99 14 90 79 38 86 77 99 14 90 5 90 79 38 86 77
99 14 90 79 38 86 77 99 14 90 79 5 90 79 38 86 77
99 14 5 14 90 79 38 86 77 99 14 90 79 38 86 77
99 14 90 5 14 90 79 38 86 77 99 14 90 79 38 86 77
99 14 90 5 90 79 38 86 77 99 14 90 79 38 86 77
99 14 90 79 5 90 79 38 86 77 99 14 90 79 38 86 77

69 76 76 22 32 57 18 69 76 76 22 32 57 18
69 76 76 22 32 57 18 69 76 7 76 76 22 32 57 18
69 76 76 22 32 57 18 69 76 76 7 76 76 22 32 57 18
69 76 76 22 32 57 18 69 76 76 7 76 22 32 57 18
69 76 76 22 32 57 18 69 76 76 22 7 76 22 32 57 18
69 76 7 76 76 22 32 57 18 69 76 76 22 32 57 18
69 76 76 7 76 76 22 32 57 18 69 76 76 22 32 57 18
69 76 76 7 76 22 32 57 18 69 76 76 22 32 57 18
69 76 76 22 7 76 22 32 57 18 69 76 76 22 32 57 18

27 22 30 69 42 15 85 27 22 30 69 42 15 85
27 22 30 69 42 15 85 27 22 17 22 30 69 42 15 85
27 22 30 69 42 15 85 27 22 30 17 22 30 69 42 15 85
27 22 30 69 42 15 85 27 22 30 17 30 69 42 15 85
27 22 30 69 42 15 85 27 22 30 69 17 30 69 42 15 85
27 22 17 22 30 69 42 15 85 27 22 30 69 42 15 85
27 22 30 17 22 30 69 42 15 85 27 22 30 69 42 15 85
27 22 30 17 30 69 42 15 85 27 22 30 69 42 15 85
27 22 30 69 17 30 69 42 15 85 27 22 30 69 42 15 85

49 50 73 95 78 98 96 49 50 73 95 78 98 96
49 50 73 95 78 98 96 49 50 18 50 73 95 78 98 96
49 50 73 95 78 98 96 49 50 73 18 50 73 95 78 98 96
49 50 73 95 78 98 96 49 50 73 18 73 95 78 98 96
49 50 73 95 78 98 96 49 50 73 95 18 73 95 78 98 96
49 50 18 50 73 95 78 98 96 49 50 73 95 78 98 96
49 50 73 18 50 73 95 78 98 96 49 50 73 95 78 98 96
49 50 73 18 73 95 78 98 96 49 50 73 95 78 98 96
49 50 73 95 18 73 95 78 98 96 49 50 73 95 78 98 96

99 59 81 11 97 62 72 99 59 81 11 97 62 72
99 59 81 11 97 62 72 99 59 5 59 81 11 97 62 72
99 59 81 11 97 62 72 99 59 81 5 59 81 11 97 62 72
99 59 81 11 97 62 72 99 59 81 5 81 11 97 62 72
99 59 81 11 97 62 72 99 59 81 11 5 81 11 97 62 72
99 59 5 59 81 11 97 62 72 99 59 81 11 97 62 72
99 59 81 5 59 81 11 97 62 72 99 59 81 11 97 62 72
99 59 81 5 81 11 97 62 72 99 59 81 11 97 62 72
99 59 81 11 5 81 11 97 62 72 99 59 81 11 97 62 72

13 36 37 79 28 49 58 13 36 37 79 28 49 58
13 36 37 79 28 49 58 13 36 16 36 37 79 28 49 58
13 36 37 79 28 49 58 13 36 37 16 36 37 79 28 49 58
13 36 37 79 28 49 58 13 36 37 16 37 79 28 49 58
13 36 37 79 28 49 58 13 36 37 79 16 37 79 28 49 58
13 36 16 36 37 79 28 49 58 13 36 37 79 28 49 58
13 36 37 16 36 37 79 28 49 58 13 36 37 79 28 49 58
13 36 37 16 37 79 28 49 58 13 36 37 79 28 49 58
13 36 37 79 16 37 79 28 49 58 13 36 37 79 28 49 58

45 69 98 85 30 77 42 45 69 98 85 30 77 42
45 69 98 85 30 77 42 45 69 5 69 98 85 30 77 42
45 69 98 85 30 77 42 45 69 98 5 69 98 85 30 77 42
45 69 98 85 30 77 42 45 69 98 5 98 85 30 77 42
45 69 98 85 30 77 42 45 69 98 85 5 98 85 30 77 42
45 69 5 69 98 85 30 77 42 45 69 98 85 30 77 42
45 69 98 5 69 98 85 30 77 42 45 69 98 85 30 77 42
45 69 98 5 98 85 30 77 42 45 69 98 85 30 77 42
45 69 98 85 5 98 85 30 77 42 45 69 98 85 30 77 42

58 60 73 43 44 14 5 58 60 73 43 44 14 5
58 60 73 43 44 14 5 58 60 15 60 73 43 44 14 5
58 60 73 43 44 14 5 58 60 73 15 60 73 43 44 14 5
58 60 73 43 44 14 5 58 60 73 15 73 43 44 14 5
58 60 73 43 44 14 5 58 60 73 43 15 73 43 44 14 5
58 60 15 60 73 43 44 14 5 58 60 73 43 44 14 5
58 60 73 15 60 73 43 44 14 5 58 60 73 43 44 14 5
58 60 73 15 73 43 44 14 5 58 60 73 43 44 14 5
58 60 73 43 15 73 43 44 14 5 58 60 73 43 44 14 5

59 33 85 25 80 70 96 59 33 85 25 80 70 96
59 33 85 25 80 70 96 59 33 8 33 85 25 80 70 96
59 33 85 25 80 70 96 59 33 85 8 33 85 25 80 70 96
59 33 85 25 80 70 96 59 33 85 8 85 25 80 70 96
59 33 85 25 80 70 96 59 33 85 25 8 85 25 80 70 96
59 33 8 33 85 25 80 70 96 59 33 85 25 80 70 96
59 33 85 8 33 85 25 80 70 96 59 33 85 25 80 70 96
59 33 85 8 85 25 80 70 96 59 33 85 25 80 70 96
59 33 85 25 8 85 25 80 70 96 59 33 85 25 80 70 96

88 80 51 17 65 30 68 88 80 51 17 65 30 68
88 80 51 17 65 30 68 88 80 17 80 51 17 65 30 68
88 80 51 17 65 30 68 88 80 51 17 80 51 17 65 30 68
88 80 51 17 65 30 68 88 80 51 17 51 17 65 30 68
88 80 51 17 65 30 68 88 80 51 17 17 51 17 65 30 68
88 80 17 80 51 17 65 30 68 88 80 51 17 65 30 68
88 80 51 17 80 51 17 65 30 68 88 80 51 17 65 30 68
88 80 51 17 51 17 65 30 68 88 80 51 17 65 30 68
88 80 51 17 17 51 17 65 30 68 88 80 51 17 65 30 68

50 61 91 96 35 42 80 50 61 91 96 35 42 80
50 61 91 96 35 42 80 50 61 16 61 91 96 35 42 80
50 61 91 96 35 42 80 50 61 91 16 61 91 96 35 42 80
50 61 91 96 35 42 80 50 61 91 16 91 96 35 42 80
50 61 91 96 35 42 80 50 61 91 96 16 91 96 35 42 80
50 61 16 61 91 96 35 42 80 50 61 91 96 35 42 80
50 61 91 16 61 91 96 35 42 80 50 61 91 96 35 42 80
50 61 91 16 91 96 35 42 80 50 61 91 96 35 42 80
50 61 91 96 16 91 96 35 42 80 50 61 91 96 35 42 80

36 57 33 10 13 61 90 36 57 33 10 13 61 90
36 57 33 10 13 61 90 36 57 14 57 33 10 13 61 90
36 57 33 10 13 61 90 36 57 33 14 57 33 10 13 61 90
36 57 33 10 13 61 90 36 57 33 14 33 10 13 61 90
36 57 33 10 13 61 90 36 57 33 10 14 33 10 13 61 90
36 57 14 57 33 10 13 61 90 36 57 33 10 13 61 90
36 57 33 14 57 33 10 13 61 90 36 57 33 10 13 61 90
36 57 33 14 33 10 13 61 90 36 57 33 10 13 61 90
36 57 33 10 14 33 10 13 61 90 36 57 33 10 13 61 90

66 13 13 67 63 68 71 66 13 13 67 63 68 71
66 13 13 67 63 68 71 66 13 8 13 13 67 63 68 71
66 13 13 67 63 68 71 66 13 13 8 13 13 67 63 68 71
66 13 13 67 63 68 71 66 13 13 8 13 67 63 68 71
66 13 13 67 63 68 71 66 13 13 67 8 13 67 63 68 71
66 13 8 13 13 67 63 68 71 66 13 13 67 63 68 71
66 13 13 8 13 13 67 63 68 71 66 13 13 67 63 68 71
66 13 13 8 13 67 63 68 71 66 13 13 67 63 68 71
66 13 13 67 8 13 67 63 68 71 66 13 13 67 63 68 71

50 64 18 59 38 29 13 50 64 18 59 38 29 13
50 64 18 59 38 29 13 50 64 19 64 18 59 38 29 13
50 64 18 59 38 29 13 50 64 18 19 64 18 59 38 29 13
50 64 18 59 38 29 13 50 64 18 19 18 59 38 29 13
50 64 18 59 38 29 13 50 64 18 59 19 18 59 38 29 13
50 64 19 64 18 59 38 29 13 50 64 18 59 38 29 13
50 64 18 19 64 18 59 38 29 13 50 64 18 59 38 29 13
50 64 18 19 18 59 38 29 13 50 64 18 59 38 29 13
50 64 18 59 19 18 59 38 29 13 50 64 18 59 38 29 13

20 57 60 52 57 64 80 20 57 60 52 57 64 80
20 57 60 52 57 64 80 20 57 18 57 60 52 57 64 80
20 57 60 52 57 64 80 20 57 60 18 57 60 52 57 64 80
20 57 60 52 57 64 80 20 57 60 18 60 52 57 64 80
20 57 60 52 57 64 80 20 57 60 52 18 60 52 57 64 80
20 57 18 57 60 52 57 64 80 20 57 60 52 57 64 80
20 57 60 18 57 60 52 57 64 80 20 57 60 52 57 64 80
20 57 60 18 60 52 57 64 80 20 57 60 52 57 64 80
20 57 60 52 18 60 52 57 64 80 20 57 60 52 57 64 80

29 19 13 77 18 74 99 29 19 13 77 18 74 99
29 19 13 77 18 74 99 29 19 18 19 13 77 18 74 99
29 19 13 77 18 74 99 29 19 13 18 19 13 77 18 74 99
29 19 13 77 18 74 99 29 19 13 18 13 77 18 74 99
29 19 13 77 18 74 99 29 19 13 77 18 13 77 18 74 99
29 19 18 19 13 77 18 74 99 29 19 13 77 18 74 99
29 19 13 18 19 13 77 18 74 99 29 19 13 77 18 74 99
29 19 13 18 13 77 18 74 99 29 19 13 77 18 74 99
29 19 13 77 18 13 77 18 74 99 29 19 13 77 18 74 99

40 84 97 38 40 52 19 40 84 97 38 40 52 19
40 84 97 38 40 52 19 40 84 5 84 97 38 40 52 19
40 84 97 38 40 52 19 40 84 97 5 84 97 38 40 52 19
40 84 97 38 40 52 19 40 84 97 5 97 38 40 52 19
40 84 97 38 40 52 19 40 84 97 38 5 97 38 40 52 19
40 84 5 84 97 38 40 52 19 40 84 97 38 40 52 19
40 84 97 5 84 97 38 40 52 19 40 84 97 38 40 52 19
40 84 97 5 97 38 40 52 19 40 84 97 38 40 52 19
40 84 97 38 5 97 38 40 52 19 40 84 97 38 40 52 19

5 45 65 24 93 40 24 5 45 65 24 93 40 24
5 45 65 24 93 40 24 5 45 13 45 65 24 93 40 24
5 45 65 24 93 40 24 5 45 65 13 45 65 24 93 40 24
5 45 65 24 93 40 24 5 45 65 13 65 24 93 40 24
5 45 65 24 93 40 24 5 45 65 24 13 65 24 93 40 24
5 45 13 45 65 24 93 40 24 5 45 65 24 93 40 24
5 45 65 13 45 65 24 93 40 24 5 45 65 24 93 40 24
5 45 65 13 65 24 93 40 24 5 45 65 24 93 40 24
5 45 65 24 13 65 24 93 40 24 5 45 65 24 93 40 24

72 73 35 16 31 42 72 72 73 35 16 31 42 72
72 73 35 16 31 42 72 72 73 17 73 35 16 31 42 72
72 73 35 16 31 42 72 72 73 35 17 73 35 16 31 42 72
72 73 35 16 31 42 72 72 73 35 17 35 16 31 42 72
72 73 35 16 31 42 72 72 73 35 16 17 35 16 31 42 72
72 73 17 73 35 16 31 42 72 72 73 35 16 31 42 72
72 73 35 17 73 35 16 31 42 72 72 73 35 16 31 42 72
72 73 35 17 35 16 31 42 72 72 73 35 16 31 42 72
72 73 35 16 17 35 16 31 42 72 72 73 35 16 31 42 72

85 60 67 49 72 100 50 85 60 67 49 72 100 50
85 60 67 49 72 100 50 85 60 6 60 67 49 72 100 50
85 60 67 49 72 100 50 85 60 67 6 60 67 49 72 100 50
85 60 67 49 72 100 50 85 60 67 6 67 49 72 100 50
85 60 67 49 72 100 50 85 60 67 49 6 67 49 72 100 50
85 60 6 60 67 49 72 100 50 85 60 67 49 72 100 50
85 60 67 6 60 67 49 72 100 50 85 60 67 49 72 100 50
85 60 67 6 67 49 72 100 50 85 60 67 49 72 100 50
85 60 67 49 6 67 49 72 100 50 85 60 67 49 72 100 50

82 52 87 80 44 37 23 82 52 87 80 44 37 23
82 52 87 80 44 37 23 82 52 7 52 87 80 44 37 23
82 52 87 80 44 37 23 82 52 87 7 52 87 80 44 37 23
82 52 87 80 44 37 23 82 52 87 7 87 80 44 37 23
82 52 87 80 44 37 23 82 52 87 80 7 87 80 44 37 23
82 52 7 52 87 80 44 37 23 82 52 87 80 44 37 23
82 52 87 7 52 87 80 44 37 23 82 52 87 80 44 37 23
82 52 87 7 87 80 44 37 23 82 52 87 80 44 37 23
82 52 87 80 7 87 80 44 37 23 82 52 87 80 44 37 23

69 54 37 37 23 84 87 69 54 37 37 23 84 87
69 54 37 37 23 84 87 69 54 13 54 37 37 23 84 87
69 54 37 37 23 84 87 69 54 37 13 54 37 37 23 84 87
69 54 37 37 23 84 87 69 54 37 13 37 37 23 84 87
69 54 37 37 23 84 87 69 54 37 37 13 37 37 23 84 87
69 54 13 54 37 37 23 84 87 69 54 37 37 23 84 87
69 54 37 13 54 37 37 23 84 87 69 54 37 37 23 84 87
69 54 37 13 37 37 23 84 87 69 54 37 37 23 84 87
69 54 37 37 13 37 37 23 84 87 69 54 37 37 23 84 87

25 59 42 55 37 29 12 25 59 42 55 37 29 12
25 59 42 55 37 29 12 25 59 13 59 42 55 37 29 12
25 59 42 55 37 29 12 25 59 42 13 59 42 55 37 29 12
25 59 42 55 37 29 12 25 59 42 13 42 55 37 29 12
25 59 42 55 37 29 12 25 59 42 55 13 42 55 37 29 12
25 59 13 59 42 55 37 29 12 25 59 42 55 37 29 12
25 59 42 13 59 42 55 37 29 12 25 59 42 55 37 29 12
25 59 42 13 42 55 37 29 12 25 59 42 55 37 29 12
25 59 42 55 13 42 55 37 29 12 25 59 42 55 37 29 12

96 72 22 48 84 55 41 96 72 22 48 84 55 41
96 72 22 48 84 55 41 96 72 9 72 22 48 84 55 41
96 72 22 48 84 55 41 96 72 22 9 72 22 48 84 55 41
96 72 22 48 84 55 41 96 72 22 9 22 48 84 55 41
96 72 22 48 84 55 41 96 72 22 48 9 22 48 84 55 41
96 72 9 72 22 48 84 55 41 96 72 22 48 84 55 41
96 72 22 9 72 22 48 84 55 41 96 72 22 48 84 55 41
96 72 22 9 22 48 84 55 41 96 72 22 48 84 55 41
96 72 22 48 9 22 48 84 55 41 96 72 22 48 84 55 41

76 26 41 76 49 64 95 76 26 41 76 49 64 95
76 26 41 76 49 64 95 76 26 6 26 41 76 49 64 95
76 26 41 76 49 64 95 76 26 41 6 26 41 76 49 64 95
76 26 41 76 49 64 95 76 26 41 6 41 76 49 64 95
76 26 41 76 49 64 95 76 26 41 76 6 41 76 49 64 95
76 26 6 26 41 76 49 64 95 76 26 41 76 49 64 95
76 26 41 6 26 41 76 49 64 95 76 26 41 76 49 64 95
76 26 41 6 41 76 49 64 95 76 26 41 76 49 64 95
76 26 41 76 6 41 76 49 64 95 76 26 41 76 49 64 95

66 29 66 93 47 74 33 66 29 66 93 47 74 33
66 29 66 93 47 74 33 66 29 18 29 66 93 47 74 33
66 29 66 93 47 74 33 66 29 66 18 29 66 93 47 74 33
66 29 66 93 47 74 33 66 29 66 18 66 93 47 74 33
66 29 66 93 47 74 33 66 29 66 93 18 66 93 47 74 33
66 29 18 29 66 93 47 74 33 66 29 66 93 47 74 33
66 29 66 18 29 66 93 47 74 33 66 29 66 93 47 74 33
66 29 66 18 66 93 47 74 33 66 29 66 93 47 74 33
66 29 66 93 18 66 93 47 74 33 66 29 66 93 47 74 33

94 15 14 46 69 55 48 94 15 14 46 69 55 48
94 15 14 46 69 55 48 94 15 11 15 14 46 69 55 48
94 15 14 46 69 55 48 94 15 14 11 15 14 46 69 55 48
94 15 14 46 69 55 48 94 15 14 11 14 46 69 55 48
94 15 14 46 69 55 48 94 15 14 46 11 14 46 69 55 48
94 15 11 15 14 46 69 55 48 94 15 14 46 69 55 48
94 15 14 11 15 14 46 69 55 48 94 15 14 46 69 55 48
94 15 14 11 14 46 69 55 48 94 15 14 46 69 55 48
94 15 14 46 11 14 46 69 55 48 94 15 14 46 69 55 48

53 84 16 60 96 17 21 53 84 16 60 96 17 21
53 84 16 60 96 17 21 53 84 19 84 16 60 96 17 21
53 84 16 60 96 17 21 53 84 16 19 84 16 60 96 17 21
53 84 16 60 96 17 21 53 84 16 19 16 60 96 17 21
53 84 16 60 96 17 21 53 84 16 60 19 16 60 96 17 21
53 84 19 84 16 60 96 17 21 53 84 16 60 96 17 21
53 84 16 19 84 16 60 96 17 21 53 84 16 60 96 17 21
53 84 16 19 16 60 96 17 21 53 84 16 60 96 17 21
53 84 16 60 19 16 60 96 17 21 53 84 16 60 96 17 21

92 27 31 53 94 22 84 92 27 31 53 94 22 84
92 27 31 53 94 22 84 92 27 8 27 31 53 94 22 84
92 27 31 53 94 22 84 92 27 31 8 27 31 53 94 22 84
92 27 31 53 94 22 84 92 27 31 8 31 53 94 22 84
92 27 31 53 94 22 84 92 27 31 53 8 31 53 94 22 84
92 27 8 27 31 53 94 22 84 92 27 31 53 94 22 84
92 27 31 8 27 31 53 94 22 84 92 27 31 53 94 22 84
92 27 31 8 31 53 94 22 84 92 27 31 53 94 22 84
92 27 31 53 8 31 53 94 22 84 92 27 31 53 94 22 84

39 62 51 93 5 92 57 39 62 51 93 5 92 57
39 62 51 93 5 92 57 39 62 8 62 51 93 5 92 57
39 62 51 93 5 92 57 39 62 51 8 62 51 93 5 92 57
39 62 51 93 5 92 57 39 62 51 8 51 93 5 92 57
39 62 51 93 5 92 57 39 62 51 93 8 51 93 5 92 57
39 62 8 62 51 93 5 92 57 39 62 51 93 5 92 57
39 62 51 8 62 51 93 5 92 57 39 62 51 93 5 92 57
39 62 51 8 51 93 5 92 57 39 62 51 93 5 92 57
39 62 51 93 8 51 93 5 92 57 39 62 51 93 5 92 57

66 11 94 58 48 98 18 66 11 94 58 48 98 18
66 11 94 58 48 98 18 66 11 20 11 94 58 48 98 18
66 11 94 58 48 98 18 66 11 94 20 11 94 58 48 98 18
66 11 94 58 48 98 18 66 11 94 20 94 58 48 98 18
66 11 94 58 48 98 18 66 11 94 58 20 94 58 48 98 18
66 11 20 11 94 58 48 98 18 66 11 94 58 48 98 18
66 11 94 20 11 94 58 48 98 18 66 11 94 58 48 98 18
66 11 94 20 94 58 48 98 18 66 11 94 58 48 98 18
66 11 94 58 20 94 58 48 98 18 66 11 94 58 48 98 18

80 43 29 45 58 82 71 80 43 29 45 58 82 71
80 43 29 45 58 82 71 80 43 9 43 29 45 58 82 71
80 43 29 45 58 82 71 80 43 29 9 43 29 45 58 82 71
80 43 29 45 58 82 71 80 43 29 9 29 45 58 82 71
80 43 29 45 58 82 71 80 43 29 45 9 29 45 58 82 71
80 43 9 43 29 45 58 82 71 80 43 29 45 58 82 71
80 43 29 9 43 29 45 58 82 71 80 43 29 45 58 82 71
80 43 29 9 29 45 58 82 71 80 43 29 45 58 82 71
80 43 29 45 9 29 45 58 82 71 80 43 29 45 58 82 71

93 20 54 87 88 63 89 93 20 54 87 88 63 89
93 20 54 87 88 63 89 93 20 6 20 54 87 88 63 89
93 20 54 87 88 63 89 93 20 54 6 20 54 87 88 63 89
93 20 54 87 88 63 89 93 20 54 6 54 87 88 63 89
93 20 54 87 88 63 89 93 20 54 87 6 54 87 88 63 89
93 20 6 20 54 87 88 63 89 93 20 54 87 88 63 89
93 20 54 6 20 54 87 88 63 89 93 20 54 87 88 63 89
93 20 54 6 54 87 88 63 89 93 20 54 87 88 63 89
93 20 54 87 6 54 87 88 63 89 93 20 54 87 88 63 89

75 29 42 83 65 68 74 75 29 42 83 65 68 74
75 29 42 83 65 68 74 75 29 10 29 42 83 65 68 74
75 29 42 83 65 68 74 75 29 42 10 29 42 83 65 68 74
75 29 42 83 65 68 74 75 29 42 10 42 83 65 68 74
75 29 42 83 65 68 74 75 29 42 83 10 42 83 65 68 74
75 29 10 29 42 83 65 68 74 75 29 42 83 65 68 74
75 29 42 10 29 42 83 65 68 74 75 29 42 83 65 68 74
75 29 42 10 42 83 65 68 74 75 29 42 83 65 68 74
75 29 42 83 10 42 83 65 68 74 75 29 42 83 65 68 74

56 17 20 54 34 9 29 56 17 20 54 34 9 29
56 17 20 54 34 9 29 56 17 14 17 20 54 34 9 29
56 17 20 54 34 9 29 56 17 20 14 17 20 54 34 9 29
56 17 20 54 34 9 29 56 17 20 14 20 54 34 9 29
56 17 20 54 34 9 29 56 17 20 54 14 20 54 34 9 29
56 17 14 17 20 54 34 9 29 56 17 20 54 34 9 29
56 17 20 14 17 20 54 34 9 29 56 17 20 54 34 9 29
56 17 20 14 20 54 34 9 29 56 17 20 54 34 9 29
56 17 20 54 14 20 54 34 9 29 56 17 20 54 34 9 29

44 26 7 93 75 43 88 44 26 7 93 75 43 88
44 26 7 93 75 43 88 44 26 9 26 7 93 75 43 88
44 26 7 93 75 43 88 44 26 7 9 26 7 93 75 43 88
44 26 7 93 75 43 88 44 26 7 9 7 93 75 43 88
44 26 7 93 75 43 88 44 26 7 93 9 7 93 75 43 88
44 26 9 26 7 93 75 43 88 44 26 7 93 75 43 88
44 26 7 9 26 7 93 75 43 88 44 26 7 93 75 43 88
44 26 7 9 7 93 75 43 88 44 26 7 93 75 43 88
44 26 7 93 9 7 93 75 43 88 44 26 7 93 75 43 88

41 8 23 50 64 65 78 41 8 23 50 64 65 78
41 8 23 50 64 65 78 41 8 14 8 23 50 64 65 78
41 8 23 50 64 65 78 41 8 23 14 8 23 50 64 65 78
41 8 23 50 64 65 78 41 8 23 14 23 50 64 65 78
41 8 23 50 64 65 78 41 8 23 50 14 23 50 64 65 78
41 8 14 8 23 50 64 65 78 41 8 23 50 64 65 78
41 8 23 14 8 23 50 64 65 78 41 8 23 50 64 65 78
41 8 23 14 23 50 64 65 78 41 8 23 50 64 65 78
41 8 23 50 14 23 50 64 65 78 41 8 23 50 64 65 78

8 89 27 44 33 52 9 8 89 27 44 33 52 9
8 89 27 44 33 52 9 8 89 15 89 27 44 33 52 9
8 89 27 44 33 52 9 8 89 27 15 89 27 44 33 52 9
8 89 27 44 33 52 9 8 89 27 15 27 44 33 52 9
8 89 27 44 33 52 9 8 89 27 44 15 27 44 33 52 9
8 89 15 89 27 44 33 52 9 8 89 27 44 33 52 9
8 89 27 15 89 27 44 33 52 9 8 89 27 44 33 52 9
8 89 27 15 27 44 33 52 9 8 89 27 44 33 52 9
8 89 27 44 15 27 44 33 52 9 8 89 27 44 33 52 9

79 71 20 20 14 48 57 79 71 20 20 14 48 57
79 71 20 20 14 48 57 79 71 14 71 20 20 14 48 57
79 71 20 20 14 48 57 79 71 20 14 71 20 20 14 48 57
79 71 20 20 14 48 57 79 71 20 14 20 20 14 48 57
79 71 20 20 14 48 57 79 71 20 20 14 20 20 14 48 57
79 71 14 71 20 20 14 48 57 79 71 20 20 14 48 57
79 71 20 14 71 20 20 14 48 57 79 71 20 20 14 48 57
79 71 20 14 20 20 14 48 57 79 71 20 20 14 48 57
79 71 20 20 14 20 20 14 48 57 79 71 20 20 14 48 57

49 85 34 40 79 5 81 49 85 34 40 79 5 81
49 85 34 40 79 5 81 49 85 7 85 34 40 79 5 81
49 85 34 40 79 5 81 49 85 34 7 85 34 40 79 5 81
49 85 34 40 79 5 81 49 85 34 7 34 40 79 5 81
49 85 34 40 79 5 81 49 85 34 40 7 34 40 79 5 81
49 85 7 85 34 40 79 5 81 49 85 34 40 79 5 81
49 85 34 7 85 34 40 79 5 81 49 85 34 40 79 5 81
49 85 34 7 34 40 79 5 81 49 85 34 40 79 5 81
49 85 34 40 7 34 40 79 5 81 49 85 34 40 79 5 81

56 57 70 73 12 6 94 56 57 70 73 12 6 94
56 57 70 73 12 6 94 56 57 10 57 70 73 12 6 94
56 57 70 73 12 6 94 56 57 70 10 57 70 73 12 6 94
56 57 70 73 12 6 94 56 57 70 10 70 73 12 6 94
56 57 70 73 12 6 94 56 57 70 73 10 70 73 12 6 94
56 57 10 57 70 73 12 6 94 56 57 70 73 12 6 94
56 57 70 10 57 70 73 12 6 94 56 57 70 73 12 6 94
56 57 70 10 70 73 12 6 94 56 57 70 73 12 6 94
56 57 70 73 10 70 73 12 6 94 56 57 70 73 12 6 94

28 20 52 70 74 20 33 28 20 52 70 74 20 33
28 20 52 70 74 20 33 28 20 6 20 52 70 74 20 33
28 20 52 70 74 20 33 28 20 52 6 20 52 70 74 20 33
28 20 52 70 74 20 33 28 20 52 6 52 70 74 20 33
28 20 52 70 74 20 33 28 20 52 70 6 52 70 74 20 33
28 20 6 20 52 70 74 20 33 28 20 52 70 74 20 33
28 20 52 6 20 52 70 74 20 33 28 20 52 70 74 20 33
28 20 52 6 52 70 74 20 33 28 20 52 70 74 20 33
28 20 52 70 6 52 70 74 20 33 28 20 52 70 74 20 33

39 31 98 28 51 17 35 39 31 98 28 51 17 35
39 31 98 28 51 17 35 39 31 17 31 98 28 51 17 35
39 31 98 28 51 17 35 39 31 98 17 31 98 28 51 17 35
39 31 98 28 51 17 35 39 31 98 17 98 28 51 17 35
39 31 98 28 51 17 35 39 31 98 28 17 98 28 51 17 35
39 31 17 31 98 28 51 17 35 39 31 98 28 51 17 35
39 31 98 17 31 98 28 51 17 35 39 31 98 28 51 17 35
39 31 98 17 98 28 51 17 35 39 31 98 28 51 17 35
39 31 98 28 17 98 28 51 17 35 39 31 98 28 51 17 35

26 52 96 23 23 95 21 26 52 96 23 23 95 21
26 52 96 23 23 95 21 26 52 9 52 96 23 23 95 21
26 52 96 23 23 95 21 26 52 96 9 52 96 23 23 95 21
26 52 96 23 23 95 21 26 52 96 9 96 23 23 95 21
26 52 96 23 23 95 21 26 52 96 23 9 96 23 23 95 21
26 52 9 52 96 23 23 95 21 26 52 96 23 23 95 21
26 52 96 9 52 96 23 23 95 21 26 52 96 23 23 95 21
26 52 96 9 96 23 23 95 21 26 52 96 23 23 95 21
26 52 96 23 9 96 23 23 95 21 26 52 96 23 23 95 21

89 19 80 10 77 15 71 89 19 80 10 77 15 71
89 19 80 10 77 15 71 89 19 7 19 80 10 77 15 71
89 19 80 10 77 15 71 89 19 80 7 19 80 10 77 15 71
89 19 80 10 77 15 71 89 19 80 7 80 10 77 15 71
89 19 80 10 77 15 71 89 19 80 10 7 80 10 77 15 71
89 19 7 19 80 10 77 15 71 89 19 80 10 77 15 71
89 19 80 7 19 80 10 77 15 71 89 19 80 10 77 15 71
89 19 80 7 80 10 77 15 71 89 19 80 10 77 15 71
89 19 80 10 7 80 10 77 15 71 89 19 80 10 77 15 71

60 12 30 56 31 74 39 60 12 30 56 31 74 39
60 12 30 56 31 74 39 60 12 9 12 30 56 31 74 39
60 12 30 56 31 74 39 60 12 30 9 12 30 56 31 74 39
60 12 30 56 31 74 39 60 12 30 9 30 56 31 74 39
60 12 30 56 31 74 39 60 12 30 56 9 30 56 31 74 39
60 12 9 12 30 56 31 74 39 60 12 30 56 31 74 39
60 12 30 9 12 30 56 31 74 39 60 12 30 56 31 74 39
60 12 30 9 30 56 31 74 39 60 12 30 56 31 74 39
60 12 30 56 9 30 56 31 74 39 60 12 30 56 31 74 39

80 50 98 45 15 31 97 80 50 98 45 15 31 97
80 50 98 45 15 31 97 80 50 17 50 98 45 15 31 97
80 50 98 45 15 31 97 80 50 98 17 50 98 45 15 31 97
80 50 98 45 15 31 97 80 50 98 17 98 45 15 31 97
80 50 98 45 15 31 97 80 50 98 45 17 98 45 15 31 97
80 50 17 50 98 45 15 31 97 80 50 98 45 15 31 97
80 50 98 17 50 98 45 15 31 97 80 50 98 45 15 31 97
80 50 98 17 98 45 15 31 97 80 50 98 45 15 31 97
80 50 98 45 17 98 45 15 31 97 80 50 98 45 15 31 97

100 60 78 12 46 41 81 100 60 78 12 46 41 81
100 60 78 12 46 41 81 100 60 13 60 78 12 46 41 81
100 60 78 12 46 41 81 100 60 78 13 60 78 12 46 41 81
100 60 78 12 46 41 81 100 60 78 13 78 12 46 41 81
100 60 78 12 46 41 81 100 60 78 12 13 78 12 46 41 81
100 60 13 60 78 12 46 41 81 100 60 78 12 46 41 81
100 60 78 13 60 78 12 46 41 81 100 60 78 12 46 41 81
100 60 78 13 78 12 46 41 81 100 60 78 12 46 41 81
100 60 78 12 13 78 12 46 41 81 100 60 78 12 46 41 81

18 89 28 72 11 62 33 18 89 28 72 11 62 33
18 89 28 72 11 62 33 18 89 9 89 28 72 11 62 33
18 89 28 72 11 62 33 18 89 28 9 89 28 72 11 62 33
18 89 28 72 11 62 33 18 89 28 9 28 72 11 62 33
18 89 28 72 11 62 33 18 89 28 72 9 28 72 11 62 33
18 89 9 89 28 72 11 62 33 18 89 28 72 11 62 33
18 89 28 9 89 28 72 11 62 33 18 89 28 72 11 62 33
18 89 28 9 28 72 11 62 33 18 89 28 72 11 62 33
18 89 28 72 9 28 72 11 62 33 18 89 28 72 11 62 33

76 87 14 18 23 75 72 76 87 14 18 23 75 72
76 87 14 18 23 75 72 76 87 19 87 14 18 23 75 72
76 87 14 18 23 75 72 76 87 14 19 87 14 18 23 75 72
76 87 14 18 23 75 72 76 87 14 19 14 18 23 75 72
76 87 14 18 23 75 72 76 87 14 18 19 14 18 23 75 72
76 87 19 87 14 18 23 75 72 76 87 14 18 23 75 72
76 87 14 19 87 14 18 23 75 72 76 87 14 18 23 75 72
76 87 14 19 14 18 23 75 72 76 87 14 18 23 75 72
76 87 14 18 19 14 18 23 75 72 76 87 14 18 23 75 72

6 13 40 34 33 34 24 6 13 40 34 33 34 24
6 13 40 34 33 34 24 6 13 12 13 40 34 33 34 24
6 13 40 34 33 34 24 6 13 40 12 13 40 34 33 34 24
6 13 40 34 33 34 24 6 13 40 12 40 34 33 34 24
6 13 40 34 33 34 24 6 13 40 34 12 40 34 33 34 24
6 13 12 13 40 34 33 34 24 6 13 40 34 33 34 24
6 13 40 12 13 40 34 33 34 24 6 13 40 34 33 34 24
6 13 40 12 40 34 33 34 24 6 13 40 34 33 34 24
6 13 40 34 12 40 34 33 34 24 6 13 40 34 33 34 24

39 31 22 34 84 78 96 39 31 22 34 84 78 96
39 31 22 34 84 78 96 39 31 12 31 22 34 84 78 96
39 31 22 34 84 78 96 39 31 22 12 31 22 34 84 78 96
39 31 22 34 84 78 96 39 31 22 12 22 34 84 78 96
39 31 22 34 84 78 96 39 31 22 34 12 22 34 84 78 96
39 31 12 31 22 34 84 78 96 39 31 22 34 84 78 96
39 31 22 12 31 22 34 84 78 96 39 31 22 34 84 78 96
39 31 22 12 22 34 84 78 96 39 31 22 34 84 78 96
39 31 22 34 12 22 34 84 78 96 39 31 22 34 84 78 96

15 89 28 91 8 53 75 15 89 28 91 8 53 75
15 89 28 91 8 53 75 15 89 8 89 28 91 8 53 75
15 89 28 91 8 53 75 15 89 28 8 89 28 91 8 53 75
15 89 28 91 8 53 75 15 89 28 8 28 91 8 53 75
15 89 28 91 8 53 75 15 89 28 91 8 28 91 8 53 75
15 89 8 89 28 91 8 53 75 15 89 28 91 8 53 75
15 89 28 8 89 28 91 8 53 75 15 89 28 91 8 53 75
15 89 28 8 28 91 8 53 75 15 89 28 91 8 53 75
15 89 28 91 8 28 91 8 53 75 15 89 28 91 8 53 75

46 78 97 15 83 74 39 46 78 97 15 83 74 39
46 78 97 15 83 74 39 46 78 14 78 97 15 83 74 39
46 78 97 15 83 74 39 46 78 97 14 78 97 15 83 74 39
46 78 97 15 83 74 39 46 78 97 14 97 15 83 74 39
46 78 97 15 83 74 39 46 78 97 15 14 97 15 83 74 39
46 78 14 78 97 15 83 74 39 46 78 97 15 83 74 39
46 78 97 14 78 97 15 83 74 39 46 78 97 15 83 74 39
46 78 97 14 97 15 83 74 39 46 78 97 15 83 74 39
46 78 97 15 14 97 15 83 74 39 46 78 97 15 83 74 39

56 87 39 69 67 32 71 56 87 39 69 67 32 71
56 87 39 69 67 32 71 56 87 16 87 39 69 67 32 71
56 87 39 69 67 32 71 56 87 39 16 87 39 69 67 32 71
56 87 39 69 67 32 71 56 87 39 16 39 69 67 32 71
56 87 39 69 67 32 71 56 87 39 69 16 39 69 67 32 71
56 87 16 87 39 69 67 32 71 56 87 39 69 67 32 71
56 87 39 16 87 39 69 67 32 71 56 87 39 69 67 32 71
56 87 39 16 39 69 67 32 71 56 87 39 69 67 32 71
56 87 39 69 16 39 69 67 32 71 56 87 39 69 67 32 71

21 6 59 15 88 40 80 21 6 59 15 88 40 80
21 6 59 15 88 40 80 21 6 10 6 59 15 88 40 80
21 6 59 15 88 40 80 21 6 59 10 6 59 15 88 40 80
21 6 59 15 88 40 80 21 6 59 10 59 15 88 40 80
21 6 59 15 88 40 80 21 6 59 15 10 59 15 88 40 80
21 6 10 6 59 15 88 40 80 21 6 59 15 88 40 80
21 6 59 10 6 59 15 88 40 80 21 6 59 15 88 40 80
21 6 59 10 59 15 88 40 80 21 6 59 15 88 40 80
21 6 59 15 10 59 15 88 40 80 21 6 59 15 88 40 80

90 61 88 9 24 33 85 90 61 88 9 24 33 85
90 61 88 9 24 33 85 90 61 20 61 88 9 24 33 85
90 61 88 9 24 33 85 90 61 88 20 61 88 9 24 33 85
90 61 88 9 24 33 85 90 61 88 20 88 9 24 33 85
90 61 88 9 24 33 85 90 61 88 9 20 88 9 24 33 85
90 61 20 61 88 9 24 33 85 90 61 88 9 24 33 85
90 61 88 20 61 88 9 24 33 85 90 61 88 9 24 33 85
90 61 88 20 88 9 24 33 85 90 61 88 9 24 33 85
90 61 88 9 20 88 9 24 33 85 90 61 88 9 24 33 85

27 85 19 51 99 55 24 27 85 19 51 99 55 24
27 85 19 51 99 55 24 27 85 12 85 19 51 99 55 24
27 85 19 51 99 55 24 27 85 19 12 85 19 51 99 55 24
27 85 19 51 99 55 24 27 85 19 12 19 51 99 55 24
27 85 19 51 99 55 24 27 85 19 51 12 19 51 99 55 24
27 85 12 85 19 51 99 55 24 27 85 19 51 99 55 24
27 85 19 12 85 19 51 99 55 24 27 85 19 51 99 55 24
27 85 19 12 19 51 99 55 24 27 85 19 51 99 55 24
27 85 19 51 12 19 51 99 55 24 27 85 19 51 99 55 24

77 86 27 29 77 67 42 77 86 27 29 77 67 42
77 86 27 29 77 67 42 77 86 5 86 27 29 77 67 42
77 86 27 29 77 67 42 77 86 27 5 86 27 29 77 67 42
77 86 27 29 77 67 42 77 86 27 5 27 29 77 67 42
77 86 27 29 77 67 42 77 86 27 29 5 27 29 77 67 42
77 86 5 86 27 29 77 67 42 77 86 27 29 77 67 42
77 86 27 5 86 27 29 77 67 42 77 86 27 29 77 67 42
77 86 27 5 27 29 77 67 42 77 86 27 29 77 67 42
77 86 27 29 5 27 29 77 67 42 77 86 27 29 77 67 42

26 18 34 61 72 7 9 26 18 34 61 72 7 9
26 18 34 61 72 7 9 26 18 6 18 34 61 72 7 9
26 18 34 61 72 7 9 26 18 34 6 18 34 61 72 7 9
26 18 34 61 72 7 9 26 18 34 6 34 61 72 7 9
26 18 34 61 72 7 9 26 18 34 61 6 34 61 72 7 9
26 18 6 18 34 61 72 7 9 26 18 34 61 72 7 9
26 18 34 6 18 34 61 72 7 9 26 18 34 61 72 7 9
26 18 34 6 34 61 72 7 9 26 18 34 61 72 7 9
26 18 34 61 6 34 61 72 7 9 26 18 34 61 72 7 9

64 6 5 93 31 13 28 64 6 5 93 31 13 28
64 6 5 93 31 13 28 64 6 7 6 5 93 31 13 28
64 6 5 93 31 13 28 64 6 5 7 6 5 93 31 13 28
64 6 5 93 31 13 28 64 6 5 7 5 93 31 13 28
64 6 5 93 31 13 28 64 6 5 93 7 5 93 31 13 28
64 6 7 6 5 93 31 13 28 64 6 5 93 31 13 28
64 6 5 7 6 5 93 31 13 28 64 6 5 93 31 13 28
64 6 5 7 5 93 31 13 28 64 6 5 93 31 13 28
64 6 5 93 7 5 93 31 13 28 64 6 5 93 31 13 28

70 8 57 18 15 65 56 70 8 57 18 15 65 56
70 8 57 18 15 65 56 70 8 18 8 57 18 15 65 56
70 8 57 18 15 65 56 70 8 57 18 8 57 18 15 65 56
70 8 57 18 15 65 56 70 8 57 18 57 18 15 65 56
70 8 57 18 15 65 56 70 8 57 18 18 57 18 15 65 56
70 8 18 8 57 18 15 65 56 70 8 57 18 15 65 56
70 8 57 18 8 57 18 15 65 56 70 8 57 18 15 65 56
70 8 57 18 57 18 15 65 56 70 8 57 18 15 65 56
70 8 57 18 18 57 18 15 65 56 70 8 57 18 15 65 56

26 97 71 15 37 59 70 26 97 71 15 37 59 70
26 97 71 15 37 59 70 26 97 9 97 71 15 37 59 70
26 97 71 15 37 59 70 26 97 71 9 97 71 15 37 59 70
26 97 71 15 37 59 70 26 97 71 9 71 15 37 59 70
26 97 71 15 37 59 70 26 97 71 15 9 71 15 37 59 70
26 97 9 97 71 15 37 59 70 26 97 71 15 37 59 70
26 97 71 9 97 71 15 37 59 70 26 97 71 15 37 59 70
26 97 71 9 71 15 37 59 70 26 97 71 15 37 59 70
26 97 71 15 9 71 15 37 59 70 26 97 71 15 37 59 70

31 39 27 65 68 58 24 31 39 27 65 68 58 24
31 39 27 65 68 58 24 31 39 18 39 27 65 68 58 24
31 39 27 65 68 58 24 31 39 27 18 39 27 65 68 58 24
31 39 27 65 68 58 24 31 39 27 18 27 65 68 58 24
31 39 27 65 68 58 24 31 39 27 65 18 27 65 68 58 24
31 39 18 39 27 65 68 58 24 31 39 27 65 68 58 24
31 39 27 18 39 27 65 68 58 24 31 39 27 65 68 58 24
31 39 27 18 27 65 68 58 24 31 39 27 65 68 58 24
31 39 27 65 18 27 65 68 58 24 31 39 27 65 68 58 24

10 16 30 42 37 98 23 10 16 30 42 37 98 23
10 16 30 42 37 98 23 10 16 16 16 30 42 37 98 23
10 16 30 42 37 98 23 10 16 30 16 16 30 42 37 98 23
10 16 30 42 37 98 23 10 16 30 16 30 42 37 98 23
10 16 30 42 37 98 23 10 16 30 42 16 30 42 37 98 23
10 16 16 16 30 42 37 98 23 10 16 30 42 37 98 23
10 16 30 16 16 30 42 37 98 23 10 16 30 42 37 98 23
10 16 30 16 30 42 37 98 23 10 16 30 42 37 98 23
10 16 30 42 16 30 42 37 98 23 10 16 30 42 37 98 23

100 41 67 32 20 5 60 100 41 67 32 20 5 60
100 41 67 32 20 5 60 100 41 20 41 67 32 20 5 60
100 41 67 32 20 5 60 100 41 67 20 41 67 32 20 5 60
100 41 67 32 20 5 60 100 41 67 20 67 32 20 5 60
100 41 67 32 20 5 60 100 41 67 32 20 67 32 20 5 60
100 41 20 41 67 32 20 5 60 100 41 67 32 20 5 60
100 41 67 20 41 67 32 20 5 60 100 41 67 32 20 5 60
100 41 67 20 67 32 20 5 60 100 41 67 32 20 5 60
100 41 67 32 20 67 32 20 5 60 100 41 67 32 20 5 60

62 35 53 33 44 56 88 62 35 53 33 44 56 88
62 35 53 33 44 56 88 62 35 11 35 53 33 44 56 88
62 35 53 33 44 56 88 62 35 53 11 35 53 33 44 56 88
62 35 53 33 44 56 88 62 35 53 11 53 33 44 56 88
62 35 53 33 44 56 88 62 35 53 33 11 53 33 44 56 88
62 35 11 35 53 33 44 56 88 62 35 53 33 44 56 88
62 35 53 11 35 53 33 44 56 88 62 35 53 33 44 56 88
62 35 53 11 53 33 44 56 88 62 35 53 33 44 56 88
62 35 53 33 11 53 33 44 56 88 62 35 53 33 44 56 88

44 34 56 21 24 36 17 44 34 56 21 24 36 17
44 34 56 21 24 36 17 44 34 10 34 56 21 24 36 17
44 34 56 21 24 36 17 44 34 56 10 34 56 21 24 36 17
44 34 56 21 24 36 17 44 34 56 10 56 21 24 36 17
44 34 56 21 24 36 17 44 34 56 21 10 56 21 24 36 17
44 34 10 34 56 21 24 36 17 44 34 56 21 24 36 17
44 34 56 10 34 56 21 24 36 17 44 34 56 21 24 36 17
44 34 56 10 56 21 24 36 17 44 34 56 21 24 36 17
44 34 56 21 10 56 21 24 36 17 44 34 56 21 24 36 17

51 96 56 25 51 16 43 51 96 56 25 51 16 43
51 96 56 25 51 16 43 51 96 11 96 56 25 51 16 43
51 96 56 25 51 16 43 51 96 56 11 96 56 25 51 16 43
51 96 56 25 51 16 43 51 96 56 11 56 25 51 16 43
51 96 56 25 51 16 43 51 96 56 25 11 56 25 51 16 43
51 96 11 96 56 25 51 16 43 51 96 56 25 51 16 43
51 96 56 11 96 56 25 51 16 43 51 96 56 25 51 16 43
51 96 56 11 56 25 51 16 43 51 96 56 25 51 16 43
51 96 56 25 11 56 25 51 16 43 51 96 56 25 51 16 43

95 33 71 48 17 86 49 95 33 71 48 17 86 49
95 33 71 48 17 86 49 95 33 13 33 71 48 17 86 49
95 33 71 48 17 86 49 95 33 71 13 33 71 48 17 86 49
95 33 71 48 17 86 49 95 33 71 13 71 48 17 86 49
95 33 71 48 17 86 49 95 33 71 48 13 71 48 17 86 49
95 33 13 33 71 48 17 86 49 95 33 71 48 17 86 49
95 33 71 13 33 71 48 17 86 49 95 33 71 48 17 86 49
95 33 71 13 71 48 17 86 49 95 33 71 48 17 86 49
95 33 71 48 13 71 48 17 86 49 95 33 71 48 17 86 49

37 91 76 91 29 5 76 37 91 76 91 29 5 76
37 91 76 91 29 5 76 37 91 19 91 76 91 29 5 76
37 91 76 91 29 5 76 37 91 76 19 91 76 91 29 5 76
37 91 76 91 29 5 76 37 91 76 19 76 91 29 5 76
37 91 76 91 29 5 76 37 91 76 91 19 76 91 29 5 76
37 91 19 91 76 91 29 5 76 37 91 76 91 29 5 76
37 91 76 19 91 76 91 29 5 76 37 91 76 91 29 5 76
37 91 76 19 76 91 29 5 76 37 91 76 91 29 5 76
37 91 76 91 19 76 91 29 5 76 37 91 76 91 29 5 76

15 67 63 12 76 63 26 15 67 63 12 76 63 26
15 67 63 12 76 63 26 15 67 18 67 63 12 76 63 26
15 67 63 12 76 63 26 15 67 63 18 67 63 12 76 63 26
15 67 63 12 76 63 26 15 67 63 18 63 12 76 63 26
15 67 63 12 76 63 26 15 67 63 12 18 63 12 76 63 26
15 67 18 67 63 12 76 63 26 15 67 63 12 76 63 26
15 67 63 18 67 63 12 76 63 26 15 67 63 12 76 63 26
15 67 63 18 63 12 76 63 26 15 67 63 12 76 63 26
15 67 63 12 18 63 12 76 63 26 15 67 63 12 76 63 26

58 24 65 56 32 42 10 58 24 65 56 32 42 10
58 24 65 56 32 42 10 58 24 7 24 65 56 32 42 10
58 24 65 56 32 42 10 58 24 65 7 24 65 56 32 42 10
58 24 65 56 32 42 10 58 24 65 7 65 56 32 42 10
58 24 65 56 32 42 10 58 24 65 56 7 65 56 32 42 10
58 24 7 24 65 56 32 42 10 58 24 65 56 32 42 10
58 24 65 7 24 65 56 32 42 10 58 24 65 56 32 42 10
58 24 65 7 65 56 32 42 10 58 24 65 56 32 42 10
58 24 65 56 7 65 56 32 42 10 58 24 65 56 32 42 10

21 100 44 86 5 86 50 21 100 44 86 5 86 50
21 100 44 86 5 86 50 21 100 12 100 44 86 5 86 50
21 100 44 86 5 86 50 21 100 44 12 100 44 86 5 86 50
21 100 44 86 5 86 50 21 100 44 12 44 86 5 86 50
21 100 44 86 5 86 50 21 100 44 86 12 44 86 5 86 50
21 100 12 100 44 86 5 86 50 21 100 44 86 5 86 50
21 100 44 12 100 44 86 5 86 50 21 100 44 86 5 86 50
21 100 44 12 44 86 5 86 50 21 100 44 86 5 86 50
21 100 44 86 12 44 86 5 86 50 21 100 44 86 5 86 50

12 72 6 44 76 84 52 12 72 6 44 76 84 52
12 72 6 44 76 84 52 12 72 8 72 6 44 76 84 52
12 72 6 44 76 84 52 12 72 6 8 72 6 44 76 84 52
12 72 6 44 76 84 52 12 72 6 8 6 44 76 84 52
12 72 6 44 76 84 52 12 72 6 44 8 6 44 76 84 52
12 72 8 72 6 44 76 84 52 12 72 6 44 76 84 52
12 72 6 8 72 6 44 76 84 52 12 72 6 44 76 84 52
12 72 6 8 6 44 76 84 52 12 72 6 44 76 84 52
12 72 6 44 8 6 44 76 84 52 12 72 6 44 76 84 52

24 89 89 34 75 48 44 24 89 89 34 75 48 44
24 89 89 34 75 48 44 24 89 14 89 89 34 75 48 44
24 89 89 34 75 48 44 24 89 89 14 89 89 34 75 48 44
24 89 89 34 75 48 44 24 89 89 14 89 34 75 48 44
24 89 89 34 75 48 44 24 89 89 34 14 89 34 75 48 44
24 89 14 89 89 34 75 48 44 24 89 89 34 75 48 44
24 89 89 14 89 89 34 75 48 44 24 89 89 34 75 48 44
24 89 89 14 89 34 75 48 44 24 89 89 34 75 48 44
24 89 89 34 14 89 34 75 48 44 24 89 89 34 75 48 44

28 66 59 26 90 62 56 28 66 59 26 90 62 56
28 66 59 26 90 62 56 28 66 18 66 59 26 90 62 56
28 66 59 26 90 62 56 28 66 59 18 66 59 26 90 62 56
28 66 59 26 90 62 56 28 66 59 18 59 26 90 62 56
28 66 59 26 90 62 56 28 66 59 26 18 59 26 90 62 56
28 66 18 66 59 26 90 62 56 28 66 59 26 90 62 56
28 66 59 18 66 59 26 90 62 56 28 66 59 26 90 62 56
28 66 59 18 59 26 90 62 56 28 66 59 26 90 62 56
28 66 59 26 18 59 26 90 62 56 28 66 59 26 90 62 56

25 99 83 92 55 49 99 25 99 83 92 55 49 99
25 99 83 92 55 49 99 25 99 15 99 83 92 55 49 99
25 99 83 92 55 49 99 25 99 83 15 99 83 92 55 49 99
25 99 83 92 55 49 99 25 99 83 15 83 92 55 49 99
25 99 83 92 55 49 99 25 99 83 92 15 83 92 55 49 99
25 99 15 99 83 92 55 49 99 25 99 83 92 55 49 99
25 99 83 15 99 83 92 55 49 99 25 99 83 92 55 49 99
25 99 83 15 83 92 55 49 99 25 99 83 92 55 49 99
25 99 83 92 15 83 92 55 49 99 25 99 83 92 55 49 99

69 96 11 42 10 28 23 69 96 11 42 10 28 23
69 96 11 42 10 28 23 69 96 11 96 11 42 10 28 23
69 96 11 42 10 28 23 69 96 11 11 96 11 42 10 28 23
69 96 11 42 10 28 23 69 96 11 11 11 42 10 28 23
69 96 11 42 10 28 23 69 96 11 42 11 11 42 10 28 23
69 96 11 96 11 42 10 28 23 69 96 11 42 10 28 23
69 96 11 11 96 11 42 10 28 23 69 96 11 42 10 28 23
69 96 11 11 11 42 10 28 23 69 96 11 42 10 28 23
69 96 11 42 11 11 42 10 28 23 69 96 11 42 10 28 23

33 32 96 34 86 88 84 33 32 96 34 86 88 84
33 32 96 34 86 88 84 33 32 19 32 96 34 86 88 84
33 32 96 34 86 88 84 33 32 96 19 32 96 34 86 88 84
33 32 96 34 86 88 84 33 32 96 19 96 34 86 88 84
33 32 96 34 86 88 84 33 32 96 34 19 96 34 86 88 84
33 32 19 32 96 34 86 88 84 33 32 96 34 86 88 84
33 32 96 19 32 96 34 86 88 84 33 32 96 34 86 88 84
33 32 96 19 96 34 86 88 84 33 32 96 34 86 88 84
33 32 96 34 19 96 34 86 88 84 33 32 96 34 86 88 84

39 48 84 59 28 73 40 39 48 84 59 28 73 40
39 48 84 59 28 73 40 39 48 16 48 84 59 28 73 40
39 48 84 59 28 73 40 39 48 84 16 48 84 59 28 73 40
39 48 84 59 28 73 40 39 48 84 16 84 59 28 73 40
39 48 84 59 28 73 40 39 48 84 59 16 84 59 28 73 40
39 48 16 48 84 59 28 73 40 39 48 84 59 28 73 40
39 48 84 16 48 84 59 28 73 40 39 48 84 59 28 73 40
39 48 84 16 84 59 28 73 40 39 48 84 59 28 73 40
39 48 84 59 16 84 59 28 73 40 39 48 84 59 28 73 40

85 89 65 94 73 13 81 85 89 65 94 73 13 81
85 89 65 94 73 13 81 85 89 20 89 65 94 73 13 81
85 89 65 94 73 13 81 85 89 65 20 89 65 94 73 13 81
85 89 65 94 73 13 81 85 89 65 20 65 94 73 13 81
85 89 65 94 73 13 81 85 89 65 94 20 65 94 73 13 81
85 89 20 89 65 94 73 13 81 85 89 65 94 73 13 81
85 89 65 20 89 65 94 73 13 81 85 89 65 94 73 13 81
85 89 65 20 65 94 73 13 81 85 89 65 94 73 13 81
85 89 65 94 20 65 94 73 13 81 85 89 65 94 73 13 81

59 70 63 33 61 23 91 59 70 63 33 61 23 91
59 70 63 33 61 23 91 59 70 13 70 63 33 61 23 91
59 70 63 33 61 23 91 59 70 63 13 70 63 33 61 23 91
59 70 63 33 61 23 91 59 70 63 13 63 33 61 23 91
59 70 63 33 61 23 91 59 70 63 33 13 63 33 61 23 91
59 70 13 70 63 33 61 23 91 59 70 63 33 61 23 91
59 70 63 13 70 63 33 61 23 91 59 70 63 33 61 23 91
59 70 63 13 63 33 61 23 91 59 70 63 33 61 23 91
59 70 63 33 13 63 33 61 23 91 59 70 63 33 61 23 91

57 90 30 97 91 40 68 57 90 30 97 91 40 68
57 90 30 97 91 40 68 57 90 19 90 30 97 91 40 68
57 90 30 97 91 40 68 57 90 30 19 90 30 97 91 40 68
57 90 30 97 91 40 68 57 90 30 19 30 97 91 40 68
57 90 30 97 91 40 68 57 90 30 97 19 30 97 91 40 68
57 90 19 90 30 97 91 40 68 57 90 30 97 91 40 68
57 90 30 19 90 30 97 91 40 68 57 90 30 97 91 40 68
57 90 30 19 30 97 91 40 68 57 90 30 97 91 40 68
57 90 30 97 19 30 97 91 40 68 57 90 30 97 91 40 68

49 63 46 23 10 87 38 49 63 46 23 10 87 38
49 63 46 23 10 87 38 49 63 18 63 46 23 10 87 38
49 63 46 23 10 87 38 49 63 46 18 63 46 23 10 87 38
49 63 46 23 10 87 38 49 63 46 18 46 23 10 87 38
49 63 46 23 10 87 38 49 63 46 23 18 46 23 10 87 38
49 63 18 63 46 23 10 87 38 49 63 46 23 10 87 38
49 63 46 18 63 46 23 10 87 38 49 63 46 23 10 87 38
49 63 46 18 46 23 10 87 38 49 63 46 23 10 87 38
49 63 46 23 18 46 23 10 87 38 49 63 46 23 10 87 38

23 88 16 89 20 52 33 23 88 16 89 20 52 33
23 88 16 89 20 52 33 23 88 20 88 16 89 20 52 33
23 88 16 89 20 52 33 23 88 16 20 88 16 89 20 52 33
23 88 16 89 20 52 33 23 88 16 20 16 89 20 52 33
23 88 16 89 20 52 33 23 88 16 89 20 16 89 20 52 33
23 88 20 88 16 89 20 52 33 23 88 16 89 20 52 33
23 88 16 20 88 16 89 20 52 33 23 88 16 89 20 52 33
23 88 16 20 16 89 20 52 33 23 88 16 89 20 52 33
23 88 16 89 20 16 89 20 52 33 23 88 16 89 20 52 33

45 98 65 34 13 44 99 45 98 65 34 13 44 99
45 98 65 34 13 44 99 45 98 14 98 65 34 13 44 99
45 98 65 34 13 44 99 45 98 65 14 98 65 34 13 44 99
45 98 65 34 13 44 99 45 98 65 14 65 34 13 44 99
45 98 65 34 13 44 99 45 98 65 34 14 65 34 13 44 99
45 98 14 98 65 34 13 44 99 45 98 65 34 13 44 99
45 98 65 14 98 65 34 13 44 99 45 98 65 34 13 44 99
45 98 65 14 65 34 13 44 99 45 98 65 34 13 44 99
45 98 65 34 14 65 34 13 44 99 45 98 65 34 13 44 99

88 18 72 63 48 64 82 88 18 72 63 48 64 82
88 18 72 63 48 64 82 88 18 10 18 72 63 48 64 82
88 18 72 63 48 64 82 88 18 72 10 18 72 63 48 64 82
88 18 72 63 48 64 82 88 18 72 10 72 63 48 64 82
88 18 72 63 48 64 82 88 18 72 63 10 72 63 48 64 82
88 18 10 18 72 63 48 64 82 88 18 72 63 48 64 82
88 18 72 10 18 72 63 48 64 82 88 18 72 63 48 64 82
88 18 72 10 72 63 48 64 82 88 18 72 63 48 64 82
88 18 72 63 10 72 63 48 64 82 88 18 72 63 48 64 82

86 61 69 99 26 60 16 86 61 69 99 26 60 16
86 61 69 99 26 60 16 86 61 10 61 69 99 26 60 16
86 61 69 99 26 60 16 86 61 69 10 61 69 99 26 60 16
86 61 69 99 26 60 16 86 61 69 10 69 99 26 60 16
86 61 69 99 26 60 16 86 61 69 99 10 69 99 26 60 16
86 61 10 61 69 99 26 60 16 86 61 69 99 26 60 16
86 61 69 10 61 69 99 26 60 16 86 61 69 99 26 60 16
86 61 69 10 69 99 26 60 16 86 61 69 99 26 60 16
86 61 69 99 10 69 99 26 60 16 86 61 69 99 26 60 16

94 25 88 16 5 62 36 94 25 88 16 5 62 36
94 25 88 16 5 62 36 94 25 18 25 88 16 5 62 36
94 25 88 16 5 62 36 94 25 88 18 25 88 16 5 62 36
94 25 88 16 5 62 36 94 25 88 18 88 16 5 62 36
94 25 88 16 5 62 36 94 25 88 16 18 88 16 5 62 36
94 25 18 25 88 16 5 62 36 94 25 88 16 5 62 36
94 25 88 18 25 88 16 5 62 36 94 25 88 16 5 62 36
94 25 88 18 88 16 5 62 36 94 25 88 16 5 62 36
94 25 88 16 18 88 16 5 62 36 94 25 88 16 5 62 36

25 6 90 46 49 32 31 25 6 90 46 49 32 31
25 6 90 46 49 32 31 25 6 20 6 90 46 49 32 31
25 6 90 46 49 32 31 25 6 90 20 6 90 46 49 32 31
25 6 90 46 49 32 31 25 6 90 20 90 46 49 32 31
25 6 90 46 49 32 31 25 6 90 46 20 90 46 49 32 31
25 6 20 6 90 46 49 32 31 25 6 90 46 49 32 31
25 6 90 20 6 90 46 49 32 31 25 6 90 46 49 32 31
25 6 90 20 90 46 49 32 31 25 6 90 46 49 32 31
25 6 90 46 20 90 46 49 32 31 25 6 90 46 49 32 31

64 60 98 50 12 86 59 64 60 98 50 12 86 59
64 60 98 50 12 86 59 64 60 16 60 98 50 12 86 59
64 60 98 50 12 86 59 64 60 98 16 60 98 50 12 86 59
64 60 98 50 12 86 59 64 60 98 16 98 50 12 86 59
64 60 98 50 12 86 59 64 60 98 50 16 98 50 12 86 59
64 60 16 60 98 50 12 86 59 64 60 98 50 12 86 59
64 60 98 16 60 98 50 12 86 59 64 60 98 50 12 86 59
64 60 98 16 98 50 12 86 59 64 60 98 50 12 86 59
64 60 98 50 16 98 50 12 86 59 64 60 98 50 12 86 59

20 73 98 59 40 7 17 20 73 98 59 40 7 17
20 73 98 59 40 7 17 20 73 18 73 98 59 40 7 17
20 73 98 59 40 7 17 20 73 98 18 73 98 59 40 7 17
20 73 98 59 40 7 17 20 73 98 18 98 59 40 7 17
20 73 98 59 40 7 17 20 73 98 59 18 98 59 40 7 17
20 73 18 73 98 59 40 7 17 20 73 98 59 40 7 17
20 73 98 18 73 98 59 40 7 17 20 73 98 59 40 7 17
20 73 98 18 98 59 40 7 17 20 73 98 59 40 7 17
20 73 98 59 18 98 59 40 7 17 20 73 98 59 40 7 17

82 7 55 88 56 100 39 82 7 55 88 56 100 39
82 7 55 88 56 100 39 82 7 10 7 55 88 56 100 39
82 7 55 88 56 100 39 82 7 55 10 7 55 88 56 100 39
82 7 55 88 56 100 39 82 7 55 10 55 88 56 100 39
82 7 55 88 56 100 39 82 7 55 88 10 55 88 56 100 39
82 7 10 7 55 88 56 100 39 82 7 55 88 56 100 39
82 7 55 10 7 55 88 56 100 39 82 7 55 88 56 100 39
82 7 55 10 55 88 56 100 39 82 7 55 88 56 100 39
82 7 55 88 10 55 88 56 100 39 82 7 55 88 56 100 39

26 63 60 5 56 83 78 26 63 60 5 56 83 78
26 63 60 5 56 83 78 26 63 14 63 60 5 56 83 78
26 63 60 5 56 83 78 26 63 60 14 63 60 5 56 83 78
26 63 60 5 56 83 78 26 63 60 14 60 5 56 83 78
26 63 60 5 56 83 78 26 63 60 5 14 60 5 56 83 78
26 63 14 63 60 5 56 83 78 26 63 60 5 56 83 78
26 63 60 14 63 60 5 56 83 78 26 63 60 5 56 83 78
26 63 60 14 60 5 56 83 78 26 63 60 5 56 83 78
26 63 60 5 14 60 5 56 83 78 26 63 60 5 56 83 78

5 25 80 77 79 37 66 5 25 80 77 79 37 66
5 25 80 77 79 37 66 5 25 15 25 80 77 79 37 66
5 25 80 77 79 37 66 5 25 80 15 25 80 77 79 37 66
5 25 80 77 79 37 66 5 25 80 15 80 77 79 37 66
5 25 80 77 79 37 66 5 25 80 77 15 80 77 79 37 66
5 25 15 25 80 77 79 37 66 5 25 80 77 79 37 66
5 25 80 15 25 80 77 79 37 66 5 25 80 77 79 37 66
5 25 80 15 80 77 79 37 66 5 25 80 77 79 37 66
5 25 80 77 15 80 77 79 37 66 5 25 80 77 79 37 66

54 19 6 35 41 30 81 54 19 6 35 41 30 81
54 19 6 35 41 30 81 54 19 6 19 6 35 41 30 81
54 19 6 35 41 30 81 54 19 6 6 19 6 35 41 30 81
54 19 6 35 41 30 81 54 19 6 6 6 35 41 30 81
54 19 6 35 41 30 81 54 19 6 35 6 6 35 41 30 81
54 19 6 19 6 35 41 30 81 54 19 6 35 41 30 81
54 19 6 6 19 6 35 41 30 81 54 19 6 35 41 30 81
54 19 6 6 6 35 41 30 81 54 19 6 35 41 30 81
54 19 6 35 6 6 35 41 30 81 54 19 6 35 41 30 81

11 12 52 59 99 92 87 11 12 52 59 99 92 87
11 12 52 59 99 92 87 11 12 18 12 52 59 99 92 87
11 12 52 59 99 92 87 11 12 52 18 12 52 59 99 92 87
11 12 52 59 99 92 87 11 12 52 18 52 59 99 92 87
11 12 52 59 99 92 87 11 12 52 59 18 52 59 99 92 87
11 12 18 12 52 59 99 92 87 11 12 52 59 99 92 87
11 12 52 18 12 52 59 99 92 87 11 12 52 59 99 92 87
11 12 52 18 52 59 99 92 87 11 12 52 59 99 92 87
11 12 52 59 18 52 59 99 92 87 11 12 52 59 99 92 87

34 79 48 19 31 71 89 34 79 48 19 31 71 89
34 79 48 19 31 71 89 34 79 9 79 48 19 31 71 89
34 79 48 19 31 71 89 34 79 48 9 79 48 19 31 71 89
34 79 48 19 31 71 89 34 79 48 9 48 19 31 71 89
34 79 48 19 31 71 89 34 79 48 19 9 48 19 31 71 89
34 79 9 79 48 19 31 71 89 34 79 48 19 31 71 89
34 79 48 9 79 48 19 31 71 89 34 79 48 19 31 71 89
34 79 48 9 48 19 31 71 89 34 79 48 19 31 71 89
34 79 48 19 9 48 19 31 71 89 34 79 48 19 31 71 89

15 38 40 16 34 51 57 15 38 40 16 34 51 57
15 38 40 16 34 51 57 15 38 19 38 40 16 34 51 57
15 38 40 16 34 51 57 15 38 40 19 38 40 16 34 51 57
15 38 40 16 34 51 57 15 38 40 19 40 16 34 51 57
15 38 40 16 34 51 57 15 38 40 16 19 40 16 34 51 57
15 38 19 38 40 16 34 51 57 15 38 40 16 34 51 57
15 38 40 19 38 40 16 34 51 57 15 38 40 16 34 51 57
15 38 40 19 40 16 34 51 57 15 38 40 16 34 51 57
15 38 40 16 19 40 16 34 51 57 15 38 40 16 34 51 57

66 98 97 25 26 25 36 66 98 97 25 26 25 36
66 98 97 25 26 25 36 66 98 20 98 97 25 26 25 36
66 98 97 25 26 25 36 66 98 97 20 98 97 25 26 25 36
66 98 97 25 26 25 36 66 98 97 20 97 25 26 25 36
66 98 97 25 26 25 36 66 98 97 25 20 97 25 26 25 36
66 98 20 98 97 25 26 25 36 66 98 97 25 26 25 36
66 98 97 20 98 97 25 26 25 36 66 98 97 25 26 25 36
66 98 97 20 97 25 26 25 36 66 98 97 25 26 25 36
66 98 97 25 20 97 25 26 25 36 66 98 97 25 26 25 36

47 30 23 44 68 11 35 47 30 23 44 68 11 35
47 30 23 44 68 11 35 47 30 11 30 23 44 68 11 35
47 30 23 44 68 11 35 47 30 23 11 30 23 44 68 11 35
47 30 23 44 68 11 35 47 30 23 11 23 44 68 11 35
47 30 23 44 68 11 35 47 30 23 44 11 23 44 68 11 35
47 30 11 30 23 44 68 11 35 47 30 23 44 68 11 35
47 30 23 11 30 23 44 68 11 35 47 30 23 44 68 11 35
47 30 23 11 23 44 68 11 35 47 30 23 44 68 11 35
47 30 23 44 11 23 44 68 11 35 47 30 23 44 68 11 35

46 12 79 16 5 62 47 46 12 79 16 5 62 47
46 12 79 16 5 62 47 46 12 20 12 79 16 5 62 47
46 12 79 16 5 62 47 46 12 79 20 12 79 16 5 62 47
46 12 79 16 5 62 47 46 12 79 20 79 16 5 62 47
46 12 79 16 5 62 47 46 12 79 16 20 79 16 5 62 47
46 12 20 12 79 16 5 62 47 46 12 79 16 5 62 47
46 12 79 20 12 79 16 5 62 47 46 12 79 16 5 62 47
46 12 79 20 79 16 5 62 47 46 12 79 16 5 62 47
46 12 79 16 20 79 16 5 62 47 46 12 79 16 5 62 47

79 26 15 33 19 27 97 79 26 15 33 19 27 97
79 26 15 33 19 27 97 79 26 13 26 15 33 19 27 97
79 26 15 33 19 27 97 79 26 15 13 26 15 33 19 27 97
79 26 15 33 19 27 97 79 26 15 13 15 33 19 27 97
79 26 15 33 19 27 97 79 26 15 33 13 15 33 19 27 97
79 26 13 26 15 33 19 27 97 79 26 15 33 19 27 97
79 26 15 13 26 15 33 19 27 97 79 26 15 33 19 27 97
79 26 15 13 15 33 19 27 97 79 26 15 33 19 27 97
79 26 15 33 13 15 33 19 27 97 79 26 15 33 19 27 97

95 58 97 15 28 55 65 95 58 97 15 28 55 65
95 58 97 15 28 55 65 95 58 19 58 97 15 28 55 65
95 58 97 15 28 55 65 95 58 97 19 58 97 15 28 55 65
95 58 97 15 28 55 65 95 58 97 19 97 15 28 55 65
95 58 97 15 28 55 65 95 58 97 15 19 97 15 28 55 65
95 58 19 58 97 15 28 55 65 95 58 97 15 28 55 65
95 58 97 19 58 97 15 28 55 65 95 58 97 15 28 55 65
95 58 97 19 97 15 28 55 65 95 58 97 15 28 55 65
95 58 97 15 19 97 15 28 55 65 95 58 97 15 28 55 65

71 70 69 24 56 76 97 71 70 69 24 56 76 97
71 70 69 24 56 76 97 71 70 10 70 69 24 56 76 97
71 70 69 24 56 76 97 71 70 69 10 70 69 24 56 76 97
71 70 69 24 56 76 97 71 70 69 10 69 24 56 76 97
71 70 69 24 56 76 97 71 70 69 24 10 69 24 56 76 97
71 70 10 70 69 24 56 76 97 71 70 69 24 56 76 97
71 70 69 10 70 69 24 56 76 97 71 70 69 24 56 76 97
71 70 69 10 69 24 56 76 97 71 70 69 24 56 76 97
71 70 69 24 10 69 24 56 76 97 71 70 69 24 56 76 97

26 15 92 24 63 73 40 26 15 92 24 63 73 40
26 15 92 24 63 73 40 26 15 14 15 92 24 63 73 40
26 15 92 24 63 73 40 26 15 92 14 15 92 24 63 73 40
26 15 92 24 63 73 40 26 15 92 14 92 24 63 73 40
26 15 92 24 63 73 40 26 15 92 24 14 92 24 63 73 40
26 15 14 15 92 24 63 73 40 26 15 92 24 63 73 40
26 15 92 14 15 92 24 63 73 40 26 15 92 24 63 73 40
26 15 92 14 92 24 63 73 40 26 15 92 24 63 73 40
26 15 92 24 14 92 24 63 73 40 26 15 92 24 63 73 40

81 40 29 30 87 81 59 81 40 29 30 87 81 59
81 40 29 30 87 81 59 81 40 7 40 29 30 87 81 59
81 40 29 30 87 81 59 81 40 29 7 40 29 30 87 81 59
81 40 29 30 87 81 59 81 40 29 7 29 30 87 81 59
81 40 29 30 87 81 59 81 40 29 30 7 29 30 87 81 59
81 40 7 40 29 30 87 81 59 81 40 29 30 87 81 59
81 40 29 7 40 29 30 87 81 59 81 40 29 30 87 81 59
81 40 29 7 29 30 87 81 59 81 40 29 30 87 81 59
81 40 29 30 7 29 30 87 81 59 81 40 29 30 87 81 59

33 53 63 21 16 93 46 33 53 63 21 16 93 46
33 53 63 21 16 93 46 33 53 20 53 63 21 16 93 46
33 53 63 21 16 93 46 33 53 63 20 53 63 21 16 93 46
33 53 63 21 16 93 46 33 53 63 20 63 21 16 93 46
33 53 63 21 16 93 46 33 53 63 21 20 63 21 16 93 46
33 53 20 53 63 21 16 93 46 33 53 63 21 16 93 46
33 53 63 20 53 63 21 16 93 46 33 53 63 21 16 93 46
33 53 63 20 63 21 16 93 46 33 53 63 21 16 93 46
33 53 63 21 20 63 21 16 93 46 33 53 63 21 16 93 46

68 96 36 99 50 97 67 68 96 36 99 50 97 67
68 96 36 99 50 97 67 68 96 17 96 36 99 50 97 67
68 96 36 99 50 97 67 68 96 36 17 96 36 99 50 97 67
68 96 36 99 50 97 67 68 96 36 17 36 99 50 97 67
68 96 36 99 50 97 67 68 96 36 99 17 36 99 50 97 67
68 96 17 96 36 99 50 97 67 68 96 36 99 50 97 67
68 96 36 17 96 36 99 50 97 67 68 96 36 99 50 97 67
68 96 36 17 36 99 50 97 67 68 96 36 99 50 97 67
68 96 36 99 17 36 99 50 97 67 68 96 36 99 50 97 67

13 21 48 33 32 90 27 13 21 48 33 32 90 27
13 21 48 33 32 90 27 13 21 5 21 48 33 32 90 27
13 21 48 33 32 90 27 13 21 48 5 21 48 33 32 90 27
13 21 48 33 32 90 27 13 21 48 5 48 33 32 90 27
13 21 48 33 32 90 27 13 21 48 33 5 48 33 32 90 27
13 21 5 21 48 33 32 90 27 13 21 48 33 32 90 27
13 21 48 5 21 48 33 32 90 27 13 21 48 33 32 90 27
13 21 48 5 48 33 32 90 27 13 21 48 33 32 90 27
13 21 48 33 5 48 33 32 90 27 13 21 48 33 32 90 27

29 83 79 96 50 10 100 29 83 79 96 50 10 100
29 83 79 96 50 10 100 29 83 5 83 79 96 50 10 100
29 83 79 96 50 10 100 29 83 79 5 83 79 96 50 10 100
29 83 79 96 50 10 100 29 83 79 5 79 96 50 10 100
29 83 79 96 50 10 100 29 83 79 96 5 79 96 50 10 100
29 83 5 83 79 96 50 10 100 29 83 79 96 50 10 100
29 83 79 5 83 79 96 50 10 100 29 83 79 96 50 10 100
29 83 79 5 79 96 50 10 100 29 83 79 96 50 10 100
29 83 79 96 5 79 96 50 10 100 29 83 79 96 50 10 100

55 66 95 50 78 70 52 55 66 95 50 78 70 52
55 66 95 50 78 70 52 55 66 19 66 95 50 78 70 52
55 66 95 50 78 70 52 55 66 95 19 66 95 50 78 70 52
55 66 95 50 78 70 52 55 66 95 19 95 50 78 70 52
55 66 95 50 78 70 52 55 66 95 50 19 95 50 78 70 52
55 66 19 66 95 50 78 70 52 55 66 95 50 78 70 52
55 66 95 19 66 95 50 78 70 52 55 66 95 50 78 70 52
55 66 95 19 95 50 78 70 52 55 66 95 50 78 70 52
55 66 95 50 19 95 50 78 70 52 55 66 95 50 78 70 52

17 88 59 75 83 84 67 17 88 59 75 83 84 67
17 88 59 75 83 84 67 17 88 16 88 59 75 83 84 67
17 88 59 75 83 84 67 17 88 59 16 88 59 75 83 84 67
17 88 59 75 83 84 67 17 88 59 16 59 75 83 84 67
17 88 59 75 83 84 67 17 88 59 75 16 59 75 83 84 67
17 88 16 88 59 75 83 84 67 17 88 59 75 83 84 67
17 88 59 16 88 59 75 83 84 67 17 88 59 75 83 84 67
17 88 59 16 59 75 83 84 67 17 88 59 75 83 84 67
17 88 59 75 16 59 75 83 84 67 17 88 59 75 83 84 67

33 95 66 39 23 65 99 33 95 66 39 23 65 99
33 95 66 39 23 65 99 33 95 9 95 66 39 23 65 99
33 95 66 39 23 65 99 33 95 66 9 95 66 39 23 65 99
33 95 66 39 23 65 99 33 95 66 9 66 39 23 65 99
33 95 66 39 23 65 99 33 95 66 39 9 66 39 23 65 99
33 95 9 95 66 39 23 65 99 33 95 66 39 23 65 99
33 95 66 9 95 66 39 23 65 99 33 95 66 39 23 65 99
33 95 66 9 66 39 23 65 99 33 95 66 39 23 65 99
33 95 66 39 9 66 39 23 65 99 33 95 66 39 23 65 99

58 59 69 97 7 55 57 58 59 69 97 7 55 57
58 59 69 97 7 55 57 58 59 13 59 69 97 7 55 57
58 59 69 97 7 55 57 58 59 69 13 59 69 97 7 55 57
58 59 69 97 7 55 57 58 59 69 13 69 97 7 55 57
58 59 69 97 7 55 57 58 59 69 97 13 69 97 7 55 57
58 59 13 59 69 97 7 55 57 58 59 69 97 7 55 57
58 59 69 13 59 69 97 7 55 57 58 59 69 97 7 55 57
58 59 69 13 69 97 7 55 57 58 59 69 97 7 55 57
58 59 69 97 13 69 97 7 55 57 58 59 69 97 7 55 57

90 46 20 96 75 90 81 90 46 20 96 75 90 81
90 46 20 96 75 90 81 90 46 10 46 20 96 75 90 81
90 46 20 96 75 90 81 90 46 20 10 46 20 96 75 90 81
90 46 20 96 75 90 81 90 46 20 10 20 96 75 90 81
90 46 20 96 75 90 81 90 46 20 96 10 20 96 75 90 81
90 46 10 46 20 96 75 90 81 90 46 20 96 75 90 81
90 46 20 10 46 20 96 75 90 81 90 46 20 96 75 90 81
90 46 20 10 20 96 75 90 81 90 46 20 96 75 90 81
90 46 20 96 10 20 96 75 90 81 90 46 20 96 75 90 81

58 25 60 7 44 46 93 58 25 60 7 44 46 93
58 25 60 7 44 46 93 58 25 8 25 60 7 44 46 93
58 25 60 7 44 46 93 58 25 60 8 25 60 7 44 46 93
58 25 60 7 44 46 93 58 25 60 8 60 7 44 46 93
58 25 60 7 44 46 93 58 25 60 7 8 60 7 44 46 93
58 25 8 25 60 7 44 46 93 58 25 60 7 44 46 93
58 25 60 8 25 60 7 44 46 93 58 25 60 7 44 46 93
58 25 60 8 60 7 44 46 93 58 25 60 7 44 46 93
58 25 60 7 8 60 7 44 46 93 58 25 60 7 44 46 93

81 95 55 74 47 32 98 81 95 55 74 47 32 98
81 95 55 74 47 32 98 81 95 6 95 55 74 47 32 98
81 95 55 74 47 32 98 81 95 55 6 95 55 74 47 32 98
81 95 55 74 47 32 98 81 95 55 6 55 74 47 32 98
81 95 55 74 47 32 98 81 95 55 74 6 55 74 47 32 98
81 95 6 95 55 74 47 32 98 81 95 55 74 47 32 98
81 95 55 6 95 55 74 47 32 98 81 95 55 74 47 32 98
81 95 55 6 55 74 47 32 98 81 95 55 74 47 32 98
81 95 55 74 6 55 74 47 32 98 81 95 55 74 47 32 98

35 62 5 64 31 64 57 35 62 5 64 31 64 57
35 62 5 64 31 64 57 35 62 13 62 5 64 31 64 57
35 62 5 64 31 64 57 35 62 5 13 62 5 64 31 64 57
35 62 5 64 31 64 57 35 62 5 13 5 64 31 64 57
35 62 5 64 31 64 57 35 62 5 64 13 5 64 31 64 57
35 62 13 62 5 64 31 64 57 35 62 5 64 31 64 57
35 62 5 13 62 5 64 31 64 57 35 62 5 64 31 64 57
35 62 5 13 5 64 31 64 57 35 62 5 64 31 64 57
35 62 5 64 13 5 64 31 64 57 35 62 5 64 31 64 57

14 65 78 45 82 27 8 14 65 78 45 82 27 8
14 65 78 45 82 27 8 14 65 11 65 78 45 82 27 8
14 65 78 45 82 27 8 14 65 78 11 65 78 45 82 27 8
14 65 78 45 82 27 8 14 65 78 11 78 45 82 27 8
14 65 78 45 82 27 8 14 65 78 45 11 78 45 82 27 8
14 65 11 65 78 45 82 27 8 14 65 78 45 82 27 8
14 65 78 11 65 78 45 82 27 8 14 65 78 45 82 27 8
14 65 78 11 78 45 82 27 8 14 65 78 45 82 27 8
14 65 78 45 11 78 45 82 27 8 14 65 78 45 82 27 8

32 45 89 47 86 62 57 32 45 89 47 86 62 57
32 45 89 47 86 62 57 32 45 19 45 89 47 86 62 57
32 45 89 47 86 62 57 32 45 89 19 45 89 47 86 62 57
32 45 89 47 86 62 57 32 45 89 19 89 47 86 62 57
32 45 89 47 86 62 57 32 45 89 47 19 89 47 86 62 57
32 45 19 45 89 47 86 62 57 32 45 89 47 86 62 57
32 45 89 19 45 89 47 86 62 57 32 45 89 47 86 62 57
32 45 89 19 89 47 86 62 57 32 45 89 47 86 62 57
32 45 89 47 19 89 47 86 62 57 32 45 89 47 86 62 57

23 88 40 59 42 51 21 23 88 40 59 42 51 21
23 88 40 59 42 51 21 23 88 14 88 40 59 42 51 21
23 88 40 59 42 51 21 23 88 40 14 88 40 59 42 51 21
23 88 40 59 42 51 21 23 88 40 14 40 59 42 51 21
23 88 40 59 42 51 21 23 88 40 59 14 40 59 42 51 21
23 88 14 88 40 59 42 51 21 23 88 40 59 42 51 21
23 88 40 14 88 40 59 42 51 21 23 88 40 59 42 51 21
23 88 40 14 40 59 42 51 21 23 88 40 59 42 51 21
23 88 40 59 14 40 59 42 51 21 23 88 40 59 42 51 21

16 89 67 15 76 28 21 16 89 67 15 76 28 21
16 89 67 15 76 28 21 16 89 7 89 67 15 76 28 21
16 89 67 15 76 28 21 16 89 67 7 89 67 15 76 28 21
16 89 67 15 76 28 21 16 89 67 7 67 15 76 28 21
16 89 67 15 76 28 21 16 89 67 15 7 67 15 76 28 21
16 89 7 89 67 15 76 28 21 16 89 67 15 76 28 21
16 89 67 7 89 67 15 76 28 21 16 89 67 15 76 28 21
16 89 67 7 67 15 76 28 21 16 89 67 15 76 28 21
16 89 67 15 7 67 15 76 28 21 16 89 67 15 76 28 21

17 49 67 46 89 99 86 17 49 67 46 89 99 86
17 49 67 46 89 99 86 17 49 12 49 67 46 89 99 86
17 49 67 46 89 99 86 17 49 67 12 49 67 46 89 99 86
17 49 67 46 89 99 86 17 49 67 12 67 46 89 99 86
17 49 67 46 89 99 86 17 49 67 46 12 67 46 89 99 86
17 49 12 49 67 46 89 99 86 17 49 67 46 89 99 86
17 49 67 12 49 67 46 89 99 86 17 49 67 46 89 99 86
17 49 67 12 67 46 89 99 86 17 49 67 46 89 99 86
17 49 67 46 12 67 46 89 99 86 17 49 67 46 89 99 86

70 57 19 14 16 68 12 70 57 19 14 16 68 12
70 57 19 14 16 68 12 70 57 14 57 19 14 16 68 12
70 57 19 14 16 68 12 70 57 19 14 57 19 14 16 68 12
70 57 19 14 16 68 12 70 57 19 14 19 14 16 68 12
70 57 19 14 16 68 12 70 57 19 14 14 19 14 16 68 12
70 57 14 57 19 14 16 68 12 70 57 19 14 16 68 12
70 57 19 14 57 19 14 16 68 12 70 57 19 14 16 68 12
70 57 19 14 19 14 16 68 12 70 57 19 14 16 68 12
70 57 19 14 14 19 14 16 68 12 70 57 19 14 16 68 12

74 93 27 56 31 47 94 74 93 27 56 31 47 94
74 93 27 56 31 47 94 74 93 18 93 27 56 31 47 94
74 93 27 56 31 47 94 74 93 27 18 93 27 56 31 47 94
74 93 27 56 31 47 94 74 93 27 18 27 56 31 47 94
74 93 27 56 31 47 94 74 93 27 56 18 27 56 31 47 94
74 93 18 93 27 56 31 47 94 74 93 27 56 31 47 94
74 93 27 18 93 27 56 31 47 94 74 93 27 56 31 47 94
74 93 27 18 27 56 31 47 94 74 93 27 56 31 47 94
74 93 27 56 18 27 56 31 47 94 74 93 27 56 31 47 94

7 50 97 42 42 85 80 7 50 97 42 42 85 80
7 50 97 42 42 85 80 7 50 17 50 97 42 42 85 80
7 50 97 42 42 85 80 7 50 97 17 50 97 42 42 85 80
7 50 97 42 42 85 80 7 50 97 17 97 42 42 85 80
7 50 97 42 42 85 80 7 50 97 42 17 97 42 42 85 80
7 50 17 50 97 42 42 85 80 7 50 97 42 42 85 80
7 50 97 17 50 97 42 42 85 80 7 50 97 42 42 85 80
7 50 97 17 97 42 42 85 80 7 50 97 42 42 85 80
7 50 97 42 17 97 42 42 85 80 7 50 97 42 42 85 80

31 53 38 7 37 96 33 31 53 38 7 37 96 33
31 53 38 7 37 96 33 31 53 5 53 38 7 37 96 33
31 53 38 7 37 96 33 31 53 38 5 53 38 7 37 96 33
31 53 38 7 37 96 33 31 53 38 5 38 7 37 96 33
31 53 38 7 37 96 33 31 53 38 7 5 38 7 37 96 33
31 53 5 53 38 7 37 96 33 31 53 38 7 37 96 33
31 53 38 5 53 38 7 37 96 33 31 53 38 7 37 96 33
31 53 38 5 38 7 37 96 33 31 53 38 7 37 96 33
31 53 38 7 5 38 7 37 96 33 31 53 38 7 37 96 33

74 80 38 62 78 80 60 74 80 38 62 78 80 60
74 80 38 62 78 80 60 74 80 7 80 38 62 78 80 60
74 80 38 62 78 80 60 74 80 38 7 80 38 62 78 80 60
74 80 38 62 78 80 60 74 80 38 7 38 62 78 80 60
74 80 38 62 78 80 60 74 80 38 62 7 38 62 78 80 60
74 80 7 80 38 62 78 80 60 74 80 38 62 78 80 60
74 80 38 7 80 38 62 78 80 60 74 80 38 62 78 80 60
74 80 38 7 38 62 78 80 60 74 80 38 62 78 80 60
74 80 38 62 7 38 62 78 80 60 74 80 38 62 78 80 60

8 61 93 22 59 17 15 8 61 93 22 59 17 15
8 61 93 22 59 17 15 8 61 6 61 93 22 59 17 15
8 61 93 22 59 17 15 8 61 93 6 61 93 22 59 17 15
8 61 93 22 59 17 15 8 61 93 6 93 22 59 17 15
8 61 93 22 59 17 15 8 61 93 22 6 93 22 59 17 15
8 61 6 61 93 22 59 17 15 8 61 93 22 59 17 15
8 61 93 6 61 93 22 59 17 15 8 61 93 22 59 17 15
8 61 93 6 93 22 59 17 15 8 61 93 22 59 17 15
8 61 93 22 6 93 22 59 17 15 8 61 93 22 59 17 15

70 24 35 97 71 74 99 70 24 35 97 71 74 99
70 24 35 97 71 74 99 70 24 7 24 35 97 71 74 99
70 24 35 97 71 74 99 70 24 35 7 24 35 97 71 74 99
70 24 35 97 71 74 99 70 24 35 7 35 97 71 74 99
70 24 35 97 71 74 99 70 24 35 97 7 35 97 71 74 99
70 24 7 24 35 97 71 74 99 70 24 35 97 71 74 99
70 24 35 7 24 35 97 71 74 99 70 24 35 97 71 74 99
70 24 35 7 35 97 71 74 99 70 24 35 97 71 74 99
70 24 35 97 7 35 97 71 74 99 70 24 35 97 71 74 99

58 38 73 48 73 85 66 58 38 73 48 73 85 66
58 38 73 48 73 85 66 58 38 9 38 73 48 73 85 66
58 38 73 48 73 85 66 58 38 73 9 38 73 48 73 85 66
58 38 73 48 73 85 66 58 38 73 9 73 48 73 85 66
58 38 73 48 73 85 66 58 38 73 48 9 73 48 73 85 66
58 38 9 38 73 48 73 85 66 58 38 73 48 73 85 66
58 38 73 9 38 73 48 73 85 66 58 38 73 48 73 85 66
58 38 73 9 73 48 73 85 66 58 38 73 48 73 85 66
58 38 73 48 9 73 48 73 85 66 58 38 73 48 73 85 66

61 86 6 81 9 13 46 61 86 6 81 9 13 46
61 86 6 81 9 13 46 61 86 11 86 6 81 9 13 46
61 86 6 81 9 13 46 61 86 6 11 86 6 81 9 13 46
61 86 6 81 9 13 46 61 86 6 11 6 81 9 13 46
61 86 6 81 9 13 46 61 86 6 81 11 6 81 9 13 46
61 86 11 86 6 81 9 13 46 61 86 6 81 9 13 46
61 86 6 11 86 6 81 9 13 46 61 86 6 81 9 13 46
61 86 6 11 6 81 9 13 46 61 86 6 81 9 13 46
61 86 6 81 11 6 81 9 13 46 61 86 6 81 9 13 46

79 12 26 29 18 6 14 79 12 26 29 18 6 14
79 12 26 29 18 6 14 79 12 20 12 26 29 18 6 14
79 12 26 29 18 6 14 79 12 26 20 12 26 29 18 6 14
79 12 26 29 18 6 14 79 12 26 20 26 29 18 6 14
79 12 26 29 18 6 14 79 12 26 29 20 26 29 18 6 14
79 12 20 12 26 29 18 6 14 79 12 26 29 18 6 14
79 12 26 20 12 26 29 18 6 14 79 12 26 29 18 6 14
79 12 26 20 26 29 18 6 14 79 12 26 29 18 6 14
79 12 26 29 20 26 29 18 6 14 79 12 26 29 18 6 14

92 53 52 10 99 55 74 92 53 52 10 99 55 74
92 53 52 10 99 55 74 92 53 20 53 52 10 99 55 74
92 53 52 10 99 55 74 92 53 52 20 53 52 10 99 55 74
92 53 52 10 99 55 74 92 53 52 20 52 10 99 55 74
92 53 52 10 99 55 74 92 53 52 10 20 52 10 99 55 74
92 53 20 53 52 10 99 55 74 92 53 52 10 99 55 74
92 53 52 20 53 52 10 99 55 74 92 53 52 10 99 55 74
92 53 52 20 52 10 99 55 74 92 53 52 10 99 55 74
92 53 52 10 20 52 10 99 55 74 92 53 52 10 99 55 74

76 82 7 21 19 55 96 76 82 7 21 19 55 96
76 82 7 21 19 55 96 76 82 19 82 7 21 19 55 96
76 82 7 21 19 55 96 76 82 7 19 82 7 21 19 55 96
76 82 7 21 19 55 96 76 82 7 19 7 21 19 55 96
76 82 7 21 19 55 96 76 82 7 21 19 7 21 19 55 96
76 82 19 82 7 21 19 55 96 76 82 7 21 19 55 96
76 82 7 19 82 7 21 19 55 96 76 82 7 21 19 55 96
76 82 7 19 7 21 19 55 96 76 82 7 21 19 55 96
76 82 7 21 19 7 21 19 55 96 76 82 7 21 19 55 96

24 7 6 75 100 92 28 24 7 6 75 100 92 28
24 7 6 75 100 92 28 24 7 15 7 6 75 100 92 28
24 7 6 75 100 92 28 24 7 6 15 7 6 75 100 92 28
24 7 6 75 100 92 28 24 7 6 15 6 75 100 92 28
24 7 6 75 100 92 28 24 7 6 75 15 6 75 100 92 28
24 7 15 7 6 75 100 92 28 24 7 6 75 100 92 28
24 7 6 15 7 6 75 100 92 28 24 7 6 75 100 92 28
24 7 6 15 6 75 100 92 28 24 7 6 75 100 92 28
24 7 6 75 15 6 75 100 92 28 24 7 6 75 100 92 28

24 18 37 42 65 44 51 24 18 37 42 65 44 51
24 18 37 42 65 44 51 24 18 12 18 37 42 65 44 51
24 18 37 42 65 44 51 24 18 37 12 18 37 42 65 44 51
24 18 37 42 65 44 51 24 18 37 12 37 42 65 44 51
24 18 37 42 65 44 51 24 18 37 42 12 37 42 65 44 51
24 18 12 18 37 42 65 44 51 24 18 37 42 65 44 51
24 18 37 12 18 37 42 65 44 51 24 18 37 42 65 44 51
24 18 37 12 37 42 65 44 51 24 18 37 42 65 44 51
24 18 37 42 12 37 42 65 44 51 24 18 37 42 65 44 51

68 11 9 29 40 68 92 68 11 9 29 40 68 92
68 11 9 29 40 68 92 68 11 9 11 9 29 40 68 92
68 11 9 29 40 68 92 68 11 9 9 11 9 29 40 68 92
68 11 9 29 40 68 92 68 11 9 9 9 29 40 68 92
68 11 9 29 40 68 92 68 11 9 29 9 9 29 40 68 92
68 11 9 11 9 29 40 68 92 68 11 9 29 40 68 92
68 11 9 9 11 9 29 40 68 92 68 11 9 29 40 68 92
68 11 9 9 9 29 40 68 92 68 11 9 29 40 68 92
68 11 9 29 9 9 29 40 68 92 68 11 9 29 40 68 92

90 79 24 34 11 13 88 90 79 24 34 11 13 88
90 79 24 34 11 13 88 90 79 19 79 24 34 11 13 88
90 79 24 34 11 13 88 90 79 24 19 79 24 34 11 13 88
90 79 24 34 11 13 88 90 79 24 19 24 34 11 13 88
90 79 24 34 11 13 88 90 79 24 34 19 24 34 11 13 88
90 79 19 79 24 34 11 13 88 90 79 24 34 11 13 88
90 79 24 19 79 24 34 11 13 88 90 79 24 34 11 13 88
90 79 24 19 24 34 11 13 88 90 79 24 34 11 13 88
90 79 24 34 19 24 34 11 13 88 90 79 24 34 11 13 88

19 41 67 37 39 13 35 19 41 67 37 39 13 35
19 41 67 37 39 13 35 19 41 10 41 67 37 39 13 35
19 41 67 37 39 13 35 19 41 67 10 41 67 37 39 13 35
19 41 67 37 39 13 35 19 41 67 10 67 37 39 13 35
19 41 67 37 39 13 35 19 41 67 37 10 67 37 39 13 35
19 41 10 41 67 37 39 13 35 19 41 67 37 39 13 35
19 41 67 10 41 67 37 39 13 35 19 41 67 37 39 13 35
19 41 67 10 67 37 39 13 35 19 41 67 37 39 13 35
19 41 67 37 10 67 37 39 13 35 19 41 67 37 39 13 35

