200
7
4
2

10
22
19
13
5
1
12
0
1
30
20
16
30
17
30
17
24
16
10
26
7
3
26
3
4
18
12
24
16
4
5
22
24
17
0
5
9
8
14
19
8
1
7
8
19
4
0
29
22
11
13
7
16
19
3
1
7
6
4
29
22
3
23
17
5
30
7
30
14
6
14
23
6
13
20
1
30
10
30
8
26
24
2
13
15
6
6
9
3
20
14
28
15
8
8
8
13
9
25
16
15
23
14
12
1
17
6
28
0
27
25
4
27
24
28
3
3
11
1
1
2
24
26
27
12
16
16
25
0
20
6
25
7
8
9
21
21
6
19
3
22
19
20
10
1
25
13
0
20
27
19
29
6
9
28
2
19
6
4
23
14
10
24
15
21
1
19
13
21
11
17
5
14
9
12
16
5
7
25
15
12
27
4
0
11
3
13
25
23
4
8
9
17
14
17
8
6
17
13
18

60 24 
79 18 
19 92 
36 97 
79 106 
89 35 
83 106 
45 40 
83 97 
59 34 
21 55 
74 112 
68 58 
75 53 
67 62 
41 92 
83 64 
50 65 
57 27 
34 94 
61 76 
93 88 
96 25 
63 65 
60 44 
48 71 
31 94 
54 34 
110 40 
28 103 
86 80 
61 90 
44 64 
17 103 
23 46 
24 48 
95 82 
69 56 
96 65 
44 74 
38 107 
93 37 
48 84 
108 39 
64 114 
38 95 
89 60 
106 65 
19 96 
35 24 
41 39 
41 108 
33 31 
87 96 
47 29 
70 47 
31 72 
100 30 
53 115 
65 77 
69 34 
99 34 
28 60 
23 51 
44 46 
108 113 
56 69 
46 41 
85 110 
105 107 
54 52 
81 26 
72 24 
55 83 
115 109 
84 43 
103 61 
60 40 
117 40 
90 95 
101 25 
29 78 
79 61 
47 58 
102 101 
51 91 
87 101 
42 85 
106 71 
86 71 
42 37 
46 66 
67 43 
105 36 
105 69 
106 78 
37 96 
117 85 
53 55 
47 60 
92 46 
63 78 
63 15 
94 59 
49 99 
27 56 
38 30 
21 29 
46 16 
75 82 
83 115 
46 73 
41 104 
45 80 
78 76 
46 91 
110 111 
108 31 
115 92 
52 95 
38 98 
24 104 
55 78 
28 90 
66 68 
74 19 
12 51 
24 13 
58 83 
37 84 
99 94 
16 113 
110 108 
90 17 
32 32 
20 23 
72 44 
44 57 
23 43 
89 95 
103 81 
40 104 
26 34 
90 33 
68 86 
87 62 
81 106 
88 102 
28 108 
111 41 
88 40 
78 65 
31 42 
86 53 
27 23 
104 60 
66 56 
43 30 
105 30 
98 28 
87 31 
25 43 
92 84 
107 20 
48 54 
46 66 
112 37 
108 103 
39 100 
98 24 
71 37 
102 60 
113 44 
76 119 
39 71 
81 108 
100 20 
74 35 
101 49 
105 18 
46 18 
80 56 
33 58 
111 73 
52 37 
91 85 
61 86 
58 77 
114 58 
88 15 
117 76 
76 43 
55 52 
102 97 
99 71 
94 51 
58 87 
84 98 
34 75 
35 114 

1259
1482
1762
1553
2239
2489
2672
1183
2633
1838
1554
2363
1923
1304
1493
1815
1652
1676
1152
1704
1712
2155
1525
1698
1529
2000
2245
1097
2063
2459
1666
2400
1149
2607
1669
1298
2365
2041
2537
1515
1784
1921
2202
1459
2152
1614
1680
2267
2193
1743
1625
2294
1405
2062
1541
2004
1391
1903
1669
1881
1747
2286
1924
1353
2189
2484
1222
1411
2454
2140
2025
1863
1169
1494
2493
2050
1818
1863
1732
2122
1742
1828
1893
2105
2731
1989
1493
2260
2352
1966
1292
1155
1457
1989
2548
2238
2264
2234
1264
2189
2242
1717
1280
2007
2384
1718
773
1450
1503
1765
2688
1736
2246
2025
2325
1729
2076
1602
2164
2305
2363
1874
1854
2352
2046
1033
1508
1337
2051
1648
2676
1918
2101
1794
949
1444
1742
1795
1450
2204
2467
2259
1286
2279
1676
1919
2256
2000
1881
2204
1562
2879
1111
1494
1668
2345
2359
1451
2016
2046
1501
1278
2034
1340
1049
1418
1524
2725
1580
1538
1612
1805
2221
2267
1818
2561
2314
1641
1858
2001
1369
1830
1509
2395
1636
2154
1923
1931
2029
1985
2584
1988
2092
2305
2173
1924
2168
2595
2000
2050

1 2 3 4 5 1 2 3 4 5 6 7
1 2 3 4 5 1 2 100 102 3 4 5 6 7
1 2 3 4 5 1 2 3 100 102 103 4 5 6 7
1 2 3 4 5 1 2 3 100 103 4 5 6 7
1 2 3 4 5 1 2 3 4 100 103 104 5 6 7
1 2 100 102 3 4 5 1 2 3 4 5 6 7
1 2 3 100 102 103 4 5 1 2 3 4 5 6 7
1 2 3 100 103 4 5 1 2 3 4 5 6 7
1 2 3 4 100 103 104 5 1 2 3 4 5 6 7

19 49 43 13 56 10 65 19 49 43 13 56 10 65
19 49 43 13 56 10 65 19 49 9 49 43 13 56 10 65
19 49 43 13 56 10 65 19 49 43 9 49 43 13 56 10 65
19 49 43 13 56 10 65 19 49 43 9 43 13 56 10 65
19 49 43 13 56 10 65 19 49 43 13 9 43 13 56 10 65
19 49 9 49 43 13 56 10 65 19 49 43 13 56 10 65
19 49 43 9 49 43 13 56 10 65 19 49 43 13 56 10 65
19 49 43 9 43 13 56 10 65 19 49 43 13 56 10 65
19 49 43 13 9 43 13 56 10 65 19 49 43 13 56 10 65

15 27 62 8 76 47 90 15 27 62 8 76 47 90
15 27 62 8 76 47 90 15 27 11 27 62 8 76 47 90
15 27 62 8 76 47 90 15 27 62 11 27 62 8 76 47 90
15 27 62 8 76 47 90 15 27 62 11 62 8 76 47 90
15 27 62 8 76 47 90 15 27 62 8 11 62 8 76 47 90
15 27 11 27 62 8 76 47 90 15 27 62 8 76 47 90
15 27 62 11 27 62 8 76 47 90 15 27 62 8 76 47 90
15 27 62 11 62 8 76 47 90 15 27 62 8 76 47 90
15 27 62 8 11 62 8 76 47 90 15 27 62 8 76 47 90

44 97 7 73 9 41 92 44 97 7 73 9 41 92
44 97 7 73 9 41 92 44 97 14 97 7 73 9 41 92
44 97 7 73 9 41 92 44 97 7 14 97 7 73 9 41 92
44 97 7 73 9 41 92 44 97 7 14 7 73 9 41 92
44 97 7 73 9 41 92 44 97 7 73 14 7 73 9 41 92
44 97 14 97 7 73 9 41 92 44 97 7 73 9 41 92
44 97 7 14 97 7 73 9 41 92 44 97 7 73 9 41 92
44 97 7 14 7 73 9 41 92 44 97 7 73 9 41 92
44 97 7 73 14 7 73 9 41 92 44 97 7 73 9 41 92

19 80 22 86 51 5 16 19 80 22 86 51 5 16
19 80 22 86 51 5 16 19 80 11 80 22 86 51 5 16
19 80 22 86 51 5 16 19 80 22 11 80 22 86 51 5 16
19 80 22 86 51 5 16 19 80 22 11 22 86 51 5 16
19 80 22 86 51 5 16 19 80 22 86 11 22 86 51 5 16
19 80 11 80 22 86 51 5 16 19 80 22 86 51 5 16
19 80 22 11 80 22 86 51 5 16 19 80 22 86 51 5 16
19 80 22 11 22 86 51 5 16 19 80 22 86 51 5 16
19 80 22 86 11 22 86 51 5 16 19 80 22 86 51 5 16

62 61 69 94 68 60 6 62 61 69 94 68 60 6
62 61 69 94 68 60 6 62 61 15 61 69 94 68 60 6
62 61 69 94 68 60 6 62 61 69 15 61 69 94 68 60 6
62 61 69 94 68 60 6 62 61 69 15 69 94 68 60 6
62 61 69 94 68 60 6 62 61 69 94 15 69 94 68 60 6
62 61 15 61 69 94 68 60 6 62 61 69 94 68 60 6
62 61 69 15 61 69 94 68 60 6 62 61 69 94 68 60 6
62 61 69 15 69 94 68 60 6 62 61 69 94 68 60 6
62 61 69 94 15 69 94 68 60 6 62 61 69 94 68 60 6

62 99 72 30 89 100 52 62 99 72 30 89 100 52
62 99 72 30 89 100 52 62 99 11 99 72 30 89 100 52
62 99 72 30 89 100 52 62 99 72 11 99 72 30 89 100 52
62 99 72 30 89 100 52 62 99 72 11 72 30 89 100 52
62 99 72 30 89 100 52 62 99 72 30 11 72 30 89 100 52
62 99 11 99 72 30 89 100 52 62 99 72 30 89 100 52
62 99 72 11 99 72 30 89 100 52 62 99 72 30 89 100 52
62 99 72 11 72 30 89 100 52 62 99 72 30 89 100 52
62 99 72 30 11 72 30 89 100 52 62 99 72 30 89 100 52

84 97 76 91 32 97 59 84 97 76 91 32 97 59
84 97 76 91 32 97 59 84 97 12 97 76 91 32 97 59
84 97 76 91 32 97 59 84 97 76 12 97 76 91 32 97 59
84 97 76 91 32 97 59 84 97 76 12 76 91 32 97 59
84 97 76 91 32 97 59 84 97 76 91 12 76 91 32 97 59
84 97 12 97 76 91 32 97 59 84 97 76 91 32 97 59
84 97 76 12 97 76 91 32 97 59 84 97 76 91 32 97 59
84 97 76 12 76 91 32 97 59 84 97 76 91 32 97 59
84 97 76 91 12 76 91 32 97 59 84 97 76 91 32 97 59

29 83 25 26 32 12 8 29 83 25 26 32 12 8
29 83 25 26 32 12 8 29 83 8 83 25 26 32 12 8
29 83 25 26 32 12 8 29 83 25 8 83 25 26 32 12 8
29 83 25 26 32 12 8 29 83 25 8 25 26 32 12 8
29 83 25 26 32 12 8 29 83 25 26 8 25 26 32 12 8
29 83 8 83 25 26 32 12 8 29 83 25 26 32 12 8
29 83 25 8 83 25 26 32 12 8 29 83 25 26 32 12 8
29 83 25 8 25 26 32 12 8 29 83 25 26 32 12 8
29 83 25 26 8 25 26 32 12 8 29 83 25 26 32 12 8

90 49 71 85 100 63 46 90 49 71 85 100 63 46
90 49 71 85 100 63 46 90 49 9 49 71 85 100 63 46
90 49 71 85 100 63 46 90 49 71 9 49 71 85 100 63 46
90 49 71 85 100 63 46 90 49 71 9 71 85 100 63 46
90 49 71 85 100 63 46 90 49 71 85 9 71 85 100 63 46
90 49 9 49 71 85 100 63 46 90 49 71 85 100 63 46
90 49 71 9 49 71 85 100 63 46 90 49 71 85 100 63 46
90 49 71 9 71 85 100 63 46 90 49 71 85 100 63 46
90 49 71 85 9 71 85 100 63 46 90 49 71 85 100 63 46

83 34 44 24 50 90 68 83 34 44 24 50 90 68
83 34 44 24 50 90 68 83 34 18 34 44 24 50 90 68
83 34 44 24 50 90 68 83 34 44 18 34 44 24 50 90 68
83 34 44 24 50 90 68 83 34 44 18 44 24 50 90 68
83 34 44 24 50 90 68 83 34 44 24 18 44 24 50 90 68
83 34 18 34 44 24 50 90 68 83 34 44 24 50 90 68
83 34 44 18 34 44 24 50 90 68 83 34 44 24 50 90 68
83 34 44 18 44 24 50 90 68 83 34 44 24 50 90 68
83 34 44 24 18 44 24 50 90 68 83 34 44 24 50 90 68

74 87 10 49 34 10 6 74 87 10 49 34 10 6
74 87 10 49 34 10 6 74 87 6 87 10 49 34 10 6
74 87 10 49 34 10 6 74 87 10 6 87 10 49 34 10 6
74 87 10 49 34 10 6 74 87 10 6 10 49 34 10 6
74 87 10 49 34 10 6 74 87 10 49 6 10 49 34 10 6
74 87 6 87 10 49 34 10 6 74 87 10 49 34 10 6
74 87 10 6 87 10 49 34 10 6 74 87 10 49 34 10 6
74 87 10 6 10 49 34 10 6 74 87 10 49 34 10 6
74 87 10 49 6 10 49 34 10 6 74 87 10 49 34 10 6

61 65 56 100 20 99 100 61 65 56 100 20 99 100
61 65 56 100 20 99 100 61 65 6 65 56 100 20 99 100
61 65 56 100 20 99 100 61 65 56 6 65 56 100 20 99 100
61 65 56 100 20 99 100 61 65 56 6 56 100 20 99 100
61 65 56 100 20 99 100 61 65 56 100 6 56 100 20 99 100
61 65 6 65 56 100 20 99 100 61 65 56 100 20 99 100
61 65 56 6 65 56 100 20 99 100 61 65 56 100 20 99 100
61 65 56 6 56 100 20 99 100 61 65 56 100 20 99 100
61 65 56 100 6 56 100 20 99 100 61 65 56 100 20 99 100

32 96 54 45 10 95 87 32 96 54 45 10 95 87
32 96 54 45 10 95 87 32 96 14 96 54 45 10 95 87
32 96 54 45 10 95 87 32 96 54 14 96 54 45 10 95 87
32 96 54 45 10 95 87 32 96 54 14 54 45 10 95 87
32 96 54 45 10 95 87 32 96 54 45 14 54 45 10 95 87
32 96 14 96 54 45 10 95 87 32 96 54 45 10 95 87
32 96 54 14 96 54 45 10 95 87 32 96 54 45 10 95 87
32 96 54 14 54 45 10 95 87 32 96 54 45 10 95 87
32 96 54 45 14 54 45 10 95 87 32 96 54 45 10 95 87

13 32 66 37 46 37 22 13 32 66 37 46 37 22
13 32 66 37 46 37 22 13 32 14 32 66 37 46 37 22
13 32 66 37 46 37 22 13 32 66 14 32 66 37 46 37 22
13 32 66 37 46 37 22 13 32 66 14 66 37 46 37 22
13 32 66 37 46 37 22 13 32 66 37 14 66 37 46 37 22
13 32 14 32 66 37 46 37 22 13 32 66 37 46 37 22
13 32 66 14 32 66 37 46 37 22 13 32 66 37 46 37 22
13 32 66 14 66 37 46 37 22 13 32 66 37 46 37 22
13 32 66 37 14 66 37 46 37 22 13 32 66 37 46 37 22

49 40 58 57 8 53 34 49 40 58 57 8 53 34
49 40 58 57 8 53 34 49 40 12 40 58 57 8 53 34
49 40 58 57 8 53 34 49 40 58 12 40 58 57 8 53 34
49 40 58 57 8 53 34 49 40 58 12 58 57 8 53 34
49 40 58 57 8 53 34 49 40 58 57 12 58 57 8 53 34
49 40 12 40 58 57 8 53 34 49 40 58 57 8 53 34
49 40 58 12 40 58 57 8 53 34 49 40 58 57 8 53 34
49 40 58 12 58 57 8 53 34 49 40 58 57 8 53 34
49 40 58 57 12 58 57 8 53 34 49 40 58 57 8 53 34

54 8 35 72 89 57 54 54 8 35 72 89 57 54
54 8 35 72 89 57 54 54 8 18 8 35 72 89 57 54
54 8 35 72 89 57 54 54 8 35 18 8 35 72 89 57 54
54 8 35 72 89 57 54 54 8 35 18 35 72 89 57 54
54 8 35 72 89 57 54 54 8 35 72 18 35 72 89 57 54
54 8 18 8 35 72 89 57 54 54 8 35 72 89 57 54
54 8 35 18 8 35 72 89 57 54 54 8 35 72 89 57 54
54 8 35 18 35 72 89 57 54 54 8 35 72 89 57 54
54 8 35 72 18 35 72 89 57 54 54 8 35 72 89 57 54

61 33 63 47 36 45 46 61 33 63 47 36 45 46
61 33 63 47 36 45 46 61 33 6 33 63 47 36 45 46
61 33 63 47 36 45 46 61 33 63 6 33 63 47 36 45 46
61 33 63 47 36 45 46 61 33 63 6 63 47 36 45 46
61 33 63 47 36 45 46 61 33 63 47 6 63 47 36 45 46
61 33 6 33 63 47 36 45 46 61 33 63 47 36 45 46
61 33 63 6 33 63 47 36 45 46 61 33 63 47 36 45 46
61 33 63 6 63 47 36 45 46 61 33 63 47 36 45 46
61 33 63 47 6 63 47 36 45 46 61 33 63 47 36 45 46

85 38 38 58 23 91 5 85 38 38 58 23 91 5
85 38 38 58 23 91 5 85 38 15 38 38 58 23 91 5
85 38 38 58 23 91 5 85 38 38 15 38 38 58 23 91 5
85 38 38 58 23 91 5 85 38 38 15 38 58 23 91 5
85 38 38 58 23 91 5 85 38 38 58 15 38 58 23 91 5
85 38 15 38 38 58 23 91 5 85 38 38 58 23 91 5
85 38 38 15 38 38 58 23 91 5 85 38 38 58 23 91 5
85 38 38 15 38 58 23 91 5 85 38 38 58 23 91 5
85 38 38 58 15 38 58 23 91 5 85 38 38 58 23 91 5

12 8 40 9 62 40 97 12 8 40 9 62 40 97
12 8 40 9 62 40 97 12 8 9 8 40 9 62 40 97
12 8 40 9 62 40 97 12 8 40 9 8 40 9 62 40 97
12 8 40 9 62 40 97 12 8 40 9 40 9 62 40 97
12 8 40 9 62 40 97 12 8 40 9 9 40 9 62 40 97
12 8 9 8 40 9 62 40 97 12 8 40 9 62 40 97
12 8 40 9 8 40 9 62 40 97 12 8 40 9 62 40 97
12 8 40 9 40 9 62 40 97 12 8 40 9 62 40 97
12 8 40 9 9 40 9 62 40 97 12 8 40 9 62 40 97

43 60 25 81 44 31 49 43 60 25 81 44 31 49
43 60 25 81 44 31 49 43 60 14 60 25 81 44 31 49
43 60 25 81 44 31 49 43 60 25 14 60 25 81 44 31 49
43 60 25 81 44 31 49 43 60 25 14 25 81 44 31 49
43 60 25 81 44 31 49 43 60 25 81 14 25 81 44 31 49
43 60 14 60 25 81 44 31 49 43 60 25 81 44 31 49
43 60 25 14 60 25 81 44 31 49 43 60 25 81 44 31 49
43 60 25 14 25 81 44 31 49 43 60 25 81 44 31 49
43 60 25 81 14 25 81 44 31 49 43 60 25 81 44 31 49

90 20 42 62 57 31 12 90 20 42 62 57 31 12
90 20 42 62 57 31 12 90 20 12 20 42 62 57 31 12
90 20 42 62 57 31 12 90 20 42 12 20 42 62 57 31 12
90 20 42 62 57 31 12 90 20 42 12 42 62 57 31 12
90 20 42 62 57 31 12 90 20 42 62 12 42 62 57 31 12
90 20 12 20 42 62 57 31 12 90 20 42 62 57 31 12
90 20 42 12 20 42 62 57 31 12 90 20 42 62 57 31 12
90 20 42 12 42 62 57 31 12 90 20 42 62 57 31 12
90 20 42 62 12 42 62 57 31 12 90 20 42 62 57 31 12

35 46 81 77 77 39 67 35 46 81 77 77 39 67
35 46 81 77 77 39 67 35 46 10 46 81 77 77 39 67
35 46 81 77 77 39 67 35 46 81 10 46 81 77 77 39 67
35 46 81 77 77 39 67 35 46 81 10 81 77 77 39 67
35 46 81 77 77 39 67 35 46 81 77 10 81 77 77 39 67
35 46 10 46 81 77 77 39 67 35 46 81 77 77 39 67
35 46 81 10 46 81 77 77 39 67 35 46 81 77 77 39 67
35 46 81 10 81 77 77 39 67 35 46 81 77 77 39 67
35 46 81 77 10 81 77 77 39 67 35 46 81 77 77 39 67

16 46 82 6 34 47 94 16 46 82 6 34 47 94
16 46 82 6 34 47 94 16 46 7 46 82 6 34 47 94
16 46 82 6 34 47 94 16 46 82 7 46 82 6 34 47 94
16 46 82 6 34 47 94 16 46 82 7 82 6 34 47 94
16 46 82 6 34 47 94 16 46 82 6 7 82 6 34 47 94
16 46 7 46 82 6 34 47 94 16 46 82 6 34 47 94
16 46 82 7 46 82 6 34 47 94 16 46 82 6 34 47 94
16 46 82 7 82 6 34 47 94 16 46 82 6 34 47 94
16 46 82 6 7 82 6 34 47 94 16 46 82 6 34 47 94

15 72 58 60 41 52 47 15 72 58 60 41 52 47
15 72 58 60 41 52 47 15 72 12 72 58 60 41 52 47
15 72 58 60 41 52 47 15 72 58 12 72 58 60 41 52 47
15 72 58 60 41 52 47 15 72 58 12 58 60 41 52 47
15 72 58 60 41 52 47 15 72 58 60 12 58 60 41 52 47
15 72 12 72 58 60 41 52 47 15 72 58 60 41 52 47
15 72 58 12 72 58 60 41 52 47 15 72 58 60 41 52 47
15 72 58 12 58 60 41 52 47 15 72 58 60 41 52 47
15 72 58 60 12 58 60 41 52 47 15 72 58 60 41 52 47

49 22 44 28 84 46 25 49 22 44 28 84 46 25
49 22 44 28 84 46 25 49 22 10 22 44 28 84 46 25
49 22 44 28 84 46 25 49 22 44 10 22 44 28 84 46 25
49 22 44 28 84 46 25 49 22 44 10 44 28 84 46 25
49 22 44 28 84 46 25 49 22 44 28 10 44 28 84 46 25
49 22 10 22 44 28 84 46 25 49 22 44 28 84 46 25
49 22 44 10 22 44 28 84 46 25 49 22 44 28 84 46 25
49 22 44 10 44 28 84 46 25 49 22 44 28 84 46 25
49 22 44 28 10 44 28 84 46 25 49 22 44 28 84 46 25

22 98 37 56 77 49 57 22 98 37 56 77 49 57
22 98 37 56 77 49 57 22 98 10 98 37 56 77 49 57
22 98 37 56 77 49 57 22 98 37 10 98 37 56 77 49 57
22 98 37 56 77 49 57 22 98 37 10 37 56 77 49 57
22 98 37 56 77 49 57 22 98 37 56 10 37 56 77 49 57
22 98 10 98 37 56 77 49 57 22 98 37 56 77 49 57
22 98 37 10 98 37 56 77 49 57 22 98 37 56 77 49 57
22 98 37 10 37 56 77 49 57 22 98 37 56 77 49 57
22 98 37 56 10 37 56 77 49 57 22 98 37 56 77 49 57

60 94 15 87 81 32 77 60 94 15 87 81 32 77
60 94 15 87 81 32 77 60 94 14 94 15 87 81 32 77
60 94 15 87 81 32 77 60 94 15 14 94 15 87 81 32 77
60 94 15 87 81 32 77 60 94 15 14 15 87 81 32 77
60 94 15 87 81 32 77 60 94 15 87 14 15 87 81 32 77
60 94 14 94 15 87 81 32 77 60 94 15 87 81 32 77
60 94 15 14 94 15 87 81 32 77 60 94 15 87 81 32 77
60 94 15 14 15 87 81 32 77 60 94 15 87 81 32 77
60 94 15 87 14 15 87 81 32 77 60 94 15 87 81 32 77

6 50 39 22 56 10 19 6 50 39 22 56 10 19
6 50 39 22 56 10 19 6 50 12 50 39 22 56 10 19
6 50 39 22 56 10 19 6 50 39 12 50 39 22 56 10 19
6 50 39 22 56 10 19 6 50 39 12 39 22 56 10 19
6 50 39 22 56 10 19 6 50 39 22 12 39 22 56 10 19
6 50 12 50 39 22 56 10 19 6 50 39 22 56 10 19
6 50 39 12 50 39 22 56 10 19 6 50 39 22 56 10 19
6 50 39 12 39 22 56 10 19 6 50 39 22 56 10 19
6 50 39 22 12 39 22 56 10 19 6 50 39 22 56 10 19

56 36 94 26 81 86 26 56 36 94 26 81 86 26
56 36 94 26 81 86 26 56 36 11 36 94 26 81 86 26
56 36 94 26 81 86 26 56 36 94 11 36 94 26 81 86 26
56 36 94 26 81 86 26 56 36 94 11 94 26 81 86 26
56 36 94 26 81 86 26 56 36 94 26 11 94 26 81 86 26
56 36 11 36 94 26 81 86 26 56 36 94 26 81 86 26
56 36 94 11 36 94 26 81 86 26 56 36 94 26 81 86 26
56 36 94 11 94 26 81 86 26 56 36 94 26 81 86 26
56 36 94 26 11 94 26 81 86 26 56 36 94 26 81 86 26

100 84 11 87 63 49 92 100 84 11 87 63 49 92
100 84 11 87 63 49 92 100 84 5 84 11 87 63 49 92
100 84 11 87 63 49 92 100 84 11 5 84 11 87 63 49 92
100 84 11 87 63 49 92 100 84 11 5 11 87 63 49 92
100 84 11 87 63 49 92 100 84 11 87 5 11 87 63 49 92
100 84 5 84 11 87 63 49 92 100 84 11 87 63 49 92
100 84 11 5 84 11 87 63 49 92 100 84 11 87 63 49 92
100 84 11 5 11 87 63 49 92 100 84 11 87 63 49 92
100 84 11 87 5 11 87 63 49 92 100 84 11 87 63 49 92

27 36 68 68 33 27 76 27 36 68 68 33 27 76
27 36 68 68 33 27 76 27 36 18 36 68 68 33 27 76
27 36 68 68 33 27 76 27 36 68 18 36 68 68 33 27 76
27 36 68 68 33 27 76 27 36 68 18 68 68 33 27 76
27 36 68 68 33 27 76 27 36 68 68 18 68 68 33 27 76
27 36 18 36 68 68 33 27 76 27 36 68 68 33 27 76
27 36 68 18 36 68 68 33 27 76 27 36 68 68 33 27 76
27 36 68 18 68 68 33 27 76 27 36 68 68 33 27 76
27 36 68 68 18 68 68 33 27 76 27 36 68 68 33 27 76

52 72 50 85 91 70 35 52 72 50 85 91 70 35
52 72 50 85 91 70 35 52 72 7 72 50 85 91 70 35
52 72 50 85 91 70 35 52 72 50 7 72 50 85 91 70 35
52 72 50 85 91 70 35 52 72 50 7 50 85 91 70 35
52 72 50 85 91 70 35 52 72 50 85 7 50 85 91 70 35
52 72 7 72 50 85 91 70 35 52 72 50 85 91 70 35
52 72 50 7 72 50 85 91 70 35 52 72 50 85 91 70 35
52 72 50 7 50 85 91 70 35 52 72 50 85 91 70 35
52 72 50 85 7 50 85 91 70 35 52 72 50 85 91 70 35

26 41 34 48 12 21 44 26 41 34 48 12 21 44
26 41 34 48 12 21 44 26 41 10 41 34 48 12 21 44
26 41 34 48 12 21 44 26 41 34 10 41 34 48 12 21 44
26 41 34 48 12 21 44 26 41 34 10 34 48 12 21 44
26 41 34 48 12 21 44 26 41 34 48 10 34 48 12 21 44
26 41 10 41 34 48 12 21 44 26 41 34 48 12 21 44
26 41 34 10 41 34 48 12 21 44 26 41 34 48 12 21 44
26 41 34 10 34 48 12 21 44 26 41 34 48 12 21 44
26 41 34 48 10 34 48 12 21 44 26 41 34 48 12 21 44

95 97 6 96 95 79 52 95 97 6 96 95 79 52
95 97 6 96 95 79 52 95 97 5 97 6 96 95 79 52
95 97 6 96 95 79 52 95 97 6 5 97 6 96 95 79 52
95 97 6 96 95 79 52 95 97 6 5 6 96 95 79 52
95 97 6 96 95 79 52 95 97 6 96 5 6 96 95 79 52
95 97 5 97 6 96 95 79 52 95 97 6 96 95 79 52
95 97 6 5 97 6 96 95 79 52 95 97 6 96 95 79 52
95 97 6 5 6 96 95 79 52 95 97 6 96 95 79 52
95 97 6 96 5 6 96 95 79 52 95 97 6 96 95 79 52

84 27 10 28 67 72 69 84 27 10 28 67 72 69
84 27 10 28 67 72 69 84 27 16 27 10 28 67 72 69
84 27 10 28 67 72 69 84 27 10 16 27 10 28 67 72 69
84 27 10 28 67 72 69 84 27 10 16 10 28 67 72 69
84 27 10 28 67 72 69 84 27 10 28 16 10 28 67 72 69
84 27 16 27 10 28 67 72 69 84 27 10 28 67 72 69
84 27 10 16 27 10 28 67 72 69 84 27 10 28 67 72 69
84 27 10 16 10 28 67 72 69 84 27 10 28 67 72 69
84 27 10 28 16 10 28 67 72 69 84 27 10 28 67 72 69

69 22 7 40 56 41 15 69 22 7 40 56 41 15
69 22 7 40 56 41 15 69 22 19 22 7 40 56 41 15
69 22 7 40 56 41 15 69 22 7 19 22 7 40 56 41 15
69 22 7 40 56 41 15 69 22 7 19 7 40 56 41 15
69 22 7 40 56 41 15 69 22 7 40 19 7 40 56 41 15
69 22 19 22 7 40 56 41 15 69 22 7 40 56 41 15
69 22 7 19 22 7 40 56 41 15 69 22 7 40 56 41 15
69 22 7 19 7 40 56 41 15 69 22 7 40 56 41 15
69 22 7 40 19 7 40 56 41 15 69 22 7 40 56 41 15

89 87 89 69 32 32 46 89 87 89 69 32 32 46
89 87 89 69 32 32 46 89 87 15 87 89 69 32 32 46
89 87 89 69 32 32 46 89 87 89 15 87 89 69 32 32 46
89 87 89 69 32 32 46 89 87 89 15 89 69 32 32 46
89 87 89 69 32 32 46 89 87 89 69 15 89 69 32 32 46
89 87 15 87 89 69 32 32 46 89 87 89 69 32 32 46
89 87 89 15 87 89 69 32 32 46 89 87 89 69 32 32 46
89 87 89 15 89 69 32 32 46 89 87 89 69 32 32 46
89 87 89 69 15 89 69 32 32 46 89 87 89 69 32 32 46

99 57 56 44 50 27 59 99 57 56 44 50 27 59
99 57 56 44 50 27 59 99 57 20 57 56 44 50 27 59
99 57 56 44 50 27 59 99 57 56 20 57 56 44 50 27 59
99 57 56 44 50 27 59 99 57 56 20 56 44 50 27 59
99 57 56 44 50 27 59 99 57 56 44 20 56 44 50 27 59
99 57 20 57 56 44 50 27 59 99 57 56 44 50 27 59
99 57 56 20 57 56 44 50 27 59 99 57 56 44 50 27 59
99 57 56 20 56 44 50 27 59 99 57 56 44 50 27 59
99 57 56 44 20 56 44 50 27 59 99 57 56 44 50 27 59

70 86 87 54 88 92 14 70 86 87 54 88 92 14
70 86 87 54 88 92 14 70 86 11 86 87 54 88 92 14
70 86 87 54 88 92 14 70 86 87 11 86 87 54 88 92 14
70 86 87 54 88 92 14 70 86 87 11 87 54 88 92 14
70 86 87 54 88 92 14 70 86 87 54 11 87 54 88 92 14
70 86 11 86 87 54 88 92 14 70 86 87 54 88 92 14
70 86 87 11 86 87 54 88 92 14 70 86 87 54 88 92 14
70 86 87 11 87 54 88 92 14 70 86 87 54 88 92 14
70 86 87 54 11 87 54 88 92 14 70 86 87 54 88 92 14

18 32 37 59 74 21 60 18 32 37 59 74 21 60
18 32 37 59 74 21 60 18 32 18 32 37 59 74 21 60
18 32 37 59 74 21 60 18 32 37 18 32 37 59 74 21 60
18 32 37 59 74 21 60 18 32 37 18 37 59 74 21 60
18 32 37 59 74 21 60 18 32 37 59 18 37 59 74 21 60
18 32 18 32 37 59 74 21 60 18 32 37 59 74 21 60
18 32 37 18 32 37 59 74 21 60 18 32 37 59 74 21 60
18 32 37 18 37 59 74 21 60 18 32 37 59 74 21 60
18 32 37 59 18 37 59 74 21 60 18 32 37 59 74 21 60

12 11 25 99 100 29 86 12 11 25 99 100 29 86
12 11 25 99 100 29 86 12 11 9 11 25 99 100 29 86
12 11 25 99 100 29 86 12 11 25 9 11 25 99 100 29 86
12 11 25 99 100 29 86 12 11 25 9 25 99 100 29 86
12 11 25 99 100 29 86 12 11 25 99 9 25 99 100 29 86
12 11 9 11 25 99 100 29 86 12 11 25 99 100 29 86
12 11 25 9 11 25 99 100 29 86 12 11 25 99 100 29 86
12 11 25 9 25 99 100 29 86 12 11 25 99 100 29 86
12 11 25 99 9 25 99 100 29 86 12 11 25 99 100 29 86

93 88 73 17 13 57 37 93 88 73 17 13 57 37
93 88 73 17 13 57 37 93 88 12 88 73 17 13 57 37
93 88 73 17 13 57 37 93 88 73 12 88 73 17 13 57 37
93 88 73 17 13 57 37 93 88 73 12 73 17 13 57 37
93 88 73 17 13 57 37 93 88 73 17 12 73 17 13 57 37
93 88 12 88 73 17 13 57 37 93 88 73 17 13 57 37
93 88 73 12 88 73 17 13 57 37 93 88 73 17 13 57 37
93 88 73 12 73 17 13 57 37 93 88 73 17 13 57 37
93 88 73 17 12 73 17 13 57 37 93 88 73 17 13 57 37

73 90 28 67 66 26 89 73 90 28 67 66 26 89
73 90 28 67 66 26 89 73 90 9 90 28 67 66 26 89
73 90 28 67 66 26 89 73 90 28 9 90 28 67 66 26 89
73 90 28 67 66 26 89 73 90 28 9 28 67 66 26 89
73 90 28 67 66 26 89 73 90 28 67 9 28 67 66 26 89
73 90 9 90 28 67 66 26 89 73 90 28 67 66 26 89
73 90 28 9 90 28 67 66 26 89 73 90 28 67 66 26 89
73 90 28 9 28 67 66 26 89 73 90 28 67 66 26 89
73 90 28 67 9 28 67 66 26 89 73 90 28 67 66 26 89

31 48 91 23 16 20 59 31 48 91 23 16 20 59
31 48 91 23 16 20 59 31 48 16 48 91 23 16 20 59
31 48 91 23 16 20 59 31 48 91 16 48 91 23 16 20 59
31 48 91 23 16 20 59 31 48 91 16 91 23 16 20 59
31 48 91 23 16 20 59 31 48 91 23 16 91 23 16 20 59
31 48 16 48 91 23 16 20 59 31 48 91 23 16 20 59
31 48 91 16 48 91 23 16 20 59 31 48 91 23 16 20 59
31 48 91 16 91 23 16 20 59 31 48 91 23 16 20 59
31 48 91 23 16 91 23 16 20 59 31 48 91 23 16 20 59

92 93 47 98 8 26 44 92 93 47 98 8 26 44
92 93 47 98 8 26 44 92 93 14 93 47 98 8 26 44
92 93 47 98 8 26 44 92 93 47 14 93 47 98 8 26 44
92 93 47 98 8 26 44 92 93 47 14 47 98 8 26 44
92 93 47 98 8 26 44 92 93 47 98 14 47 98 8 26 44
92 93 14 93 47 98 8 26 44 92 93 47 98 8 26 44
92 93 47 14 93 47 98 8 26 44 92 93 47 98 8 26 44
92 93 47 14 47 98 8 26 44 92 93 47 98 8 26 44
92 93 47 98 14 47 98 8 26 44 92 93 47 98 8 26 44

96 19 31 87 10 48 13 96 19 31 87 10 48 13
96 19 31 87 10 48 13 96 19 15 19 31 87 10 48 13
96 19 31 87 10 48 13 96 19 31 15 19 31 87 10 48 13
96 19 31 87 10 48 13 96 19 31 15 31 87 10 48 13
96 19 31 87 10 48 13 96 19 31 87 15 31 87 10 48 13
96 19 15 19 31 87 10 48 13 96 19 31 87 10 48 13
96 19 31 15 19 31 87 10 48 13 96 19 31 87 10 48 13
96 19 31 15 31 87 10 48 13 96 19 31 87 10 48 13
96 19 31 87 15 31 87 10 48 13 96 19 31 87 10 48 13

16 62 74 50 32 48 60 16 62 74 50 32 48 60
16 62 74 50 32 48 60 16 62 5 62 74 50 32 48 60
16 62 74 50 32 48 60 16 62 74 5 62 74 50 32 48 60
16 62 74 50 32 48 60 16 62 74 5 74 50 32 48 60
16 62 74 50 32 48 60 16 62 74 50 5 74 50 32 48 60
16 62 5 62 74 50 32 48 60 16 62 74 50 32 48 60
16 62 74 5 62 74 50 32 48 60 16 62 74 50 32 48 60
16 62 74 5 74 50 32 48 60 16 62 74 50 32 48 60
16 62 74 50 5 74 50 32 48 60 16 62 74 50 32 48 60

40 86 88 51 47 99 42 40 86 88 51 47 99 42
40 86 88 51 47 99 42 40 86 16 86 88 51 47 99 42
40 86 88 51 47 99 42 40 86 88 16 86 88 51 47 99 42
40 86 88 51 47 99 42 40 86 88 16 88 51 47 99 42
40 86 88 51 47 99 42 40 86 88 51 16 88 51 47 99 42
40 86 16 86 88 51 47 99 42 40 86 88 51 47 99 42
40 86 88 16 86 88 51 47 99 42 40 86 88 51 47 99 42
40 86 88 16 88 51 47 99 42 40 86 88 51 47 99 42
40 86 88 51 16 88 51 47 99 42 40 86 88 51 47 99 42

68 64 6 79 94 91 44 68 64 6 79 94 91 44
68 64 6 79 94 91 44 68 64 13 64 6 79 94 91 44
68 64 6 79 94 91 44 68 64 6 13 64 6 79 94 91 44
68 64 6 79 94 91 44 68 64 6 13 6 79 94 91 44
68 64 6 79 94 91 44 68 64 6 79 13 6 79 94 91 44
68 64 13 64 6 79 94 91 44 68 64 6 79 94 91 44
68 64 6 13 64 6 79 94 91 44 68 64 6 79 94 91 44
68 64 6 13 6 79 94 91 44 68 64 6 79 94 91 44
68 64 6 79 13 6 79 94 91 44 68 64 6 79 94 91 44

92 64 19 13 16 96 92 92 64 19 13 16 96 92
92 64 19 13 16 96 92 92 64 7 64 19 13 16 96 92
92 64 19 13 16 96 92 92 64 19 7 64 19 13 16 96 92
92 64 19 13 16 96 92 92 64 19 7 19 13 16 96 92
92 64 19 13 16 96 92 92 64 19 13 7 19 13 16 96 92
92 64 7 64 19 13 16 96 92 92 64 19 13 16 96 92
92 64 19 7 64 19 13 16 96 92 92 64 19 13 16 96 92
92 64 19 7 19 13 16 96 92 92 64 19 13 16 96 92
92 64 19 13 7 19 13 16 96 92 92 64 19 13 16 96 92

98 34 21 22 38 63 61 98 34 21 22 38 63 61
98 34 21 22 38 63 61 98 34 11 34 21 22 38 63 61
98 34 21 22 38 63 61 98 34 21 11 34 21 22 38 63 61
98 34 21 22 38 63 61 98 34 21 11 21 22 38 63 61
98 34 21 22 38 63 61 98 34 21 22 11 21 22 38 63 61
98 34 11 34 21 22 38 63 61 98 34 21 22 38 63 61
98 34 21 11 34 21 22 38 63 61 98 34 21 22 38 63 61
98 34 21 11 21 22 38 63 61 98 34 21 22 38 63 61
98 34 21 22 11 21 22 38 63 61 98 34 21 22 38 63 61

50 68 36 89 95 81 45 50 68 36 89 95 81 45
50 68 36 89 95 81 45 50 68 14 68 36 89 95 81 45
50 68 36 89 95 81 45 50 68 36 14 68 36 89 95 81 45
50 68 36 89 95 81 45 50 68 36 14 36 89 95 81 45
50 68 36 89 95 81 45 50 68 36 89 14 36 89 95 81 45
50 68 14 68 36 89 95 81 45 50 68 36 89 95 81 45
50 68 36 14 68 36 89 95 81 45 50 68 36 89 95 81 45
50 68 36 14 36 89 95 81 45 50 68 36 89 95 81 45
50 68 36 89 14 36 89 95 81 45 50 68 36 89 95 81 45

89 36 26 12 17 40 73 89 36 26 12 17 40 73
89 36 26 12 17 40 73 89 36 17 36 26 12 17 40 73
89 36 26 12 17 40 73 89 36 26 17 36 26 12 17 40 73
89 36 26 12 17 40 73 89 36 26 17 26 12 17 40 73
89 36 26 12 17 40 73 89 36 26 12 17 26 12 17 40 73
89 36 17 36 26 12 17 40 73 89 36 26 12 17 40 73
89 36 26 17 36 26 12 17 40 73 89 36 26 12 17 40 73
89 36 26 17 26 12 17 40 73 89 36 26 12 17 40 73
89 36 26 12 17 26 12 17 40 73 89 36 26 12 17 40 73

72 72 74 83 11 20 53 72 72 74 83 11 20 53
72 72 74 83 11 20 53 72 72 20 72 74 83 11 20 53
72 72 74 83 11 20 53 72 72 74 20 72 74 83 11 20 53
72 72 74 83 11 20 53 72 72 74 20 74 83 11 20 53
72 72 74 83 11 20 53 72 72 74 83 20 74 83 11 20 53
72 72 20 72 74 83 11 20 53 72 72 74 83 11 20 53
72 72 74 20 72 74 83 11 20 53 72 72 74 83 11 20 53
72 72 74 20 74 83 11 20 53 72 72 74 83 11 20 53
72 72 74 83 20 74 83 11 20 53 72 72 74 83 11 20 53

60 54 27 15 68 25 66 60 54 27 15 68 25 66
60 54 27 15 68 25 66 60 54 8 54 27 15 68 25 66
60 54 27 15 68 25 66 60 54 27 8 54 27 15 68 25 66
60 54 27 15 68 25 66 60 54 27 8 27 15 68 25 66
60 54 27 15 68 25 66 60 54 27 15 8 27 15 68 25 66
60 54 8 54 27 15 68 25 66 60 54 27 15 68 25 66
60 54 27 8 54 27 15 68 25 66 60 54 27 15 68 25 66
60 54 27 8 27 15 68 25 66 60 54 27 15 68 25 66
60 54 27 15 8 27 15 68 25 66 60 54 27 15 68 25 66

95 67 61 30 37 25 93 95 67 61 30 37 25 93
95 67 61 30 37 25 93 95 67 16 67 61 30 37 25 93
95 67 61 30 37 25 93 95 67 61 16 67 61 30 37 25 93
95 67 61 30 37 25 93 95 67 61 16 61 30 37 25 93
95 67 61 30 37 25 93 95 67 61 30 16 61 30 37 25 93
95 67 16 67 61 30 37 25 93 95 67 61 30 37 25 93
95 67 61 16 67 61 30 37 25 93 95 67 61 30 37 25 93
95 67 61 16 61 30 37 25 93 95 67 61 30 37 25 93
95 67 61 30 16 61 30 37 25 93 95 67 61 30 37 25 93

85 38 15 56 22 9 40 85 38 15 56 22 9 40
85 38 15 56 22 9 40 85 38 11 38 15 56 22 9 40
85 38 15 56 22 9 40 85 38 15 11 38 15 56 22 9 40
85 38 15 56 22 9 40 85 38 15 11 15 56 22 9 40
85 38 15 56 22 9 40 85 38 15 56 11 15 56 22 9 40
85 38 11 38 15 56 22 9 40 85 38 15 56 22 9 40
85 38 15 11 38 15 56 22 9 40 85 38 15 56 22 9 40
85 38 15 11 15 56 22 9 40 85 38 15 56 22 9 40
85 38 15 56 11 15 56 22 9 40 85 38 15 56 22 9 40

86 53 84 23 28 45 64 86 53 84 23 28 45 64
86 53 84 23 28 45 64 86 53 16 53 84 23 28 45 64
86 53 84 23 28 45 64 86 53 84 16 53 84 23 28 45 64
86 53 84 23 28 45 64 86 53 84 16 84 23 28 45 64
86 53 84 23 28 45 64 86 53 84 23 16 84 23 28 45 64
86 53 16 53 84 23 28 45 64 86 53 84 23 28 45 64
86 53 84 16 53 84 23 28 45 64 86 53 84 23 28 45 64
86 53 84 16 84 23 28 45 64 86 53 84 23 28 45 64
86 53 84 23 16 84 23 28 45 64 86 53 84 23 28 45 64

29 31 40 96 53 71 8 29 31 40 96 53 71 8
29 31 40 96 53 71 8 29 31 12 31 40 96 53 71 8
29 31 40 96 53 71 8 29 31 40 12 31 40 96 53 71 8
29 31 40 96 53 71 8 29 31 40 12 40 96 53 71 8
29 31 40 96 53 71 8 29 31 40 96 12 40 96 53 71 8
29 31 12 31 40 96 53 71 8 29 31 40 96 53 71 8
29 31 40 12 31 40 96 53 71 8 29 31 40 96 53 71 8
29 31 40 12 40 96 53 71 8 29 31 40 96 53 71 8
29 31 40 96 12 40 96 53 71 8 29 31 40 96 53 71 8

10 67 57 69 93 34 21 10 67 57 69 93 34 21
10 67 57 69 93 34 21 10 67 7 67 57 69 93 34 21
10 67 57 69 93 34 21 10 67 57 7 67 57 69 93 34 21
10 67 57 69 93 34 21 10 67 57 7 57 69 93 34 21
10 67 57 69 93 34 21 10 67 57 69 7 57 69 93 34 21
10 67 7 67 57 69 93 34 21 10 67 57 69 93 34 21
10 67 57 7 67 57 69 93 34 21 10 67 57 69 93 34 21
10 67 57 7 57 69 93 34 21 10 67 57 69 93 34 21
10 67 57 69 7 57 69 93 34 21 10 67 57 69 93 34 21

6 78 62 28 91 19 48 6 78 62 28 91 19 48
6 78 62 28 91 19 48 6 78 20 78 62 28 91 19 48
6 78 62 28 91 19 48 6 78 62 20 78 62 28 91 19 48
6 78 62 28 91 19 48 6 78 62 20 62 28 91 19 48
6 78 62 28 91 19 48 6 78 62 28 20 62 28 91 19 48
6 78 20 78 62 28 91 19 48 6 78 62 28 91 19 48
6 78 62 20 78 62 28 91 19 48 6 78 62 28 91 19 48
6 78 62 20 62 28 91 19 48 6 78 62 28 91 19 48
6 78 62 28 20 62 28 91 19 48 6 78 62 28 91 19 48

95 41 94 15 93 99 21 95 41 94 15 93 99 21
95 41 94 15 93 99 21 95 41 8 41 94 15 93 99 21
95 41 94 15 93 99 21 95 41 94 8 41 94 15 93 99 21
95 41 94 15 93 99 21 95 41 94 8 94 15 93 99 21
95 41 94 15 93 99 21 95 41 94 15 8 94 15 93 99 21
95 41 8 41 94 15 93 99 21 95 41 94 15 93 99 21
95 41 94 8 41 94 15 93 99 21 95 41 94 15 93 99 21
95 41 94 8 94 15 93 99 21 95 41 94 15 93 99 21
95 41 94 15 8 94 15 93 99 21 95 41 94 15 93 99 21

60 87 22 49 94 13 13 60 87 22 49 94 13 13
60 87 22 49 94 13 13 60 87 5 87 22 49 94 13 13
60 87 22 49 94 13 13 60 87 22 5 87 22 49 94 13 13
60 87 22 49 94 13 13 60 87 22 5 22 49 94 13 13
60 87 22 49 94 13 13 60 87 22 49 5 22 49 94 13 13
60 87 5 87 22 49 94 13 13 60 87 22 49 94 13 13
60 87 22 5 87 22 49 94 13 13 60 87 22 49 94 13 13
60 87 22 5 22 49 94 13 13 60 87 22 49 94 13 13
60 87 22 49 5 22 49 94 13 13 60 87 22 49 94 13 13

16 78 16 34 39 62 34 16 78 16 34 39 62 34
16 78 16 34 39 62 34 16 78 12 78 16 34 39 62 34
16 78 16 34 39 62 34 16 78 16 12 78 16 34 39 62 34
16 78 16 34 39 62 34 16 78 16 12 16 34 39 62 34
16 78 16 34 39 62 34 16 78 16 34 12 16 34 39 62 34
16 78 12 78 16 34 39 62 34 16 78 16 34 39 62 34
16 78 16 12 78 16 34 39 62 34 16 78 16 34 39 62 34
16 78 16 12 16 34 39 62 34 16 78 16 34 39 62 34
16 78 16 34 12 16 34 39 62 34 16 78 16 34 39 62 34

98 84 31 41 43 81 80 98 84 31 41 43 81 80
98 84 31 41 43 81 80 98 84 16 84 31 41 43 81 80
98 84 31 41 43 81 80 98 84 31 16 84 31 41 43 81 80
98 84 31 41 43 81 80 98 84 31 16 31 41 43 81 80
98 84 31 41 43 81 80 98 84 31 41 16 31 41 43 81 80
98 84 16 84 31 41 43 81 80 98 84 31 41 43 81 80
98 84 31 16 84 31 41 43 81 80 98 84 31 41 43 81 80
98 84 31 16 31 41 43 81 80 98 84 31 41 43 81 80
98 84 31 41 16 31 41 43 81 80 98 84 31 41 43 81 80

23 89 92 93 94 21 42 23 89 92 93 94 21 42
23 89 92 93 94 21 42 23 89 8 89 92 93 94 21 42
23 89 92 93 94 21 42 23 89 92 8 89 92 93 94 21 42
23 89 92 93 94 21 42 23 89 92 8 92 93 94 21 42
23 89 92 93 94 21 42 23 89 92 93 8 92 93 94 21 42
23 89 8 89 92 93 94 21 42 23 89 92 93 94 21 42
23 89 92 8 89 92 93 94 21 42 23 89 92 93 94 21 42
23 89 92 8 92 93 94 21 42 23 89 92 93 94 21 42
23 89 92 93 8 92 93 94 21 42 23 89 92 93 94 21 42

51 11 51 52 24 8 26 51 11 51 52 24 8 26
51 11 51 52 24 8 26 51 11 18 11 51 52 24 8 26
51 11 51 52 24 8 26 51 11 51 18 11 51 52 24 8 26
51 11 51 52 24 8 26 51 11 51 18 51 52 24 8 26
51 11 51 52 24 8 26 51 11 51 52 18 51 52 24 8 26
51 11 18 11 51 52 24 8 26 51 11 51 52 24 8 26
51 11 51 18 11 51 52 24 8 26 51 11 51 52 24 8 26
51 11 51 18 51 52 24 8 26 51 11 51 52 24 8 26
51 11 51 52 18 51 52 24 8 26 51 11 51 52 24 8 26

9 91 30 30 30 83 11 9 91 30 30 30 83 11
9 91 30 30 30 83 11 9 91 9 91 30 30 30 83 11
9 91 30 30 30 83 11 9 91 30 9 91 30 30 30 83 11
9 91 30 30 30 83 11 9 91 30 9 30 30 30 83 11
9 91 30 30 30 83 11 9 91 30 30 9 30 30 30 83 11
9 91 9 91 30 30 30 83 11 9 91 30 30 30 83 11
9 91 30 9 91 30 30 30 83 11 9 91 30 30 30 83 11
9 91 30 9 30 30 30 83 11 9 91 30 30 30 83 11
9 91 30 30 9 30 30 30 83 11 9 91 30 30 30 83 11

17 79 76 100 100 25 71 17 79 76 100 100 25 71
17 79 76 100 100 25 71 17 79 5 79 76 100 100 25 71
17 79 76 100 100 25 71 17 79 76 5 79 76 100 100 25 71
17 79 76 100 100 25 71 17 79 76 5 76 100 100 25 71
17 79 76 100 100 25 71 17 79 76 100 5 76 100 100 25 71
17 79 5 79 76 100 100 25 71 17 79 76 100 100 25 71
17 79 76 5 79 76 100 100 25 71 17 79 76 100 100 25 71
17 79 76 5 76 100 100 25 71 17 79 76 100 100 25 71
17 79 76 100 5 76 100 100 25 71 17 79 76 100 100 25 71

81 21 85 93 29 20 92 81 21 85 93 29 20 92
81 21 85 93 29 20 92 81 21 13 21 85 93 29 20 92
81 21 85 93 29 20 92 81 21 85 13 21 85 93 29 20 92
81 21 85 93 29 20 92 81 21 85 13 85 93 29 20 92
81 21 85 93 29 20 92 81 21 85 93 13 85 93 29 20 92
81 21 13 21 85 93 29 20 92 81 21 85 93 29 20 92
81 21 85 13 21 85 93 29 20 92 81 21 85 93 29 20 92
81 21 85 13 85 93 29 20 92 81 21 85 93 29 20 92
81 21 85 93 13 85 93 29 20 92 81 21 85 93 29 20 92

26 99 40 47 95 18 50 26 99 40 47 95 18 50
26 99 40 47 95 18 50 26 99 12 99 40 47 95 18 50
26 99 40 47 95 18 50 26 99 40 12 99 40 47 95 18 50
26 99 40 47 95 18 50 26 99 40 12 40 47 95 18 50
26 99 40 47 95 18 50 26 99 40 47 12 40 47 95 18 50
26 99 12 99 40 47 95 18 50 26 99 40 47 95 18 50
26 99 40 12 99 40 47 95 18 50 26 99 40 47 95 18 50
26 99 40 12 40 47 95 18 50 26 99 40 47 95 18 50
26 99 40 47 12 40 47 95 18 50 26 99 40 47 95 18 50

65 7 68 13 89 78 61 65 7 68 13 89 78 61
65 7 68 13 89 78 61 65 7 17 7 68 13 89 78 61
65 7 68 13 89 78 61 65 7 68 17 7 68 13 89 78 61
65 7 68 13 89 78 61 65 7 68 17 68 13 89 78 61
65 7 68 13 89 78 61 65 7 68 13 17 68 13 89 78 61
65 7 17 7 68 13 89 78 61 65 7 68 13 89 78 61
65 7 68 17 7 68 13 89 78 61 65 7 68 13 89 78 61
65 7 68 17 68 13 89 78 61 65 7 68 13 89 78 61
65 7 68 13 17 68 13 89 78 61 65 7 68 13 89 78 61

24 24 63 8 33 17 86 24 24 63 8 33 17 86
24 24 63 8 33 17 86 24 24 5 24 63 8 33 17 86
24 24 63 8 33 17 86 24 24 63 5 24 63 8 33 17 86
24 24 63 8 33 17 86 24 24 63 5 63 8 33 17 86
24 24 63 8 33 17 86 24 24 63 8 5 63 8 33 17 86
24 24 5 24 63 8 33 17 86 24 24 63 8 33 17 86
24 24 63 5 24 63 8 33 17 86 24 24 63 8 33 17 86
24 24 63 5 63 8 33 17 86 24 24 63 8 33 17 86
24 24 63 8 5 63 8 33 17 86 24 24 63 8 33 17 86

52 5 47 69 13 58 83 52 5 47 69 13 58 83
52 5 47 69 13 58 83 52 5 10 5 47 69 13 58 83
52 5 47 69 13 58 83 52 5 47 10 5 47 69 13 58 83
52 5 47 69 13 58 83 52 5 47 10 47 69 13 58 83
52 5 47 69 13 58 83 52 5 47 69 10 47 69 13 58 83
52 5 10 5 47 69 13 58 83 52 5 47 69 13 58 83
52 5 47 10 5 47 69 13 58 83 52 5 47 69 13 58 83
52 5 47 10 47 69 13 58 83 52 5 47 69 13 58 83
52 5 47 69 10 47 69 13 58 83 52 5 47 69 13 58 83

56 65 96 89 91 66 6 56 65 96 89 91 66 6
56 65 96 89 91 66 6 56 65 5 65 96 89 91 66 6
56 65 96 89 91 66 6 56 65 96 5 65 96 89 91 66 6
56 65 96 89 91 66 6 56 65 96 5 96 89 91 66 6
56 65 96 89 91 66 6 56 65 96 89 5 96 89 91 66 6
56 65 5 65 96 89 91 66 6 56 65 96 89 91 66 6
56 65 96 5 65 96 89 91 66 6 56 65 96 89 91 66 6
56 65 96 5 96 89 91 66 6 56 65 96 89 91 66 6
56 65 96 89 5 96 89 91 66 6 56 65 96 89 91 66 6

53 95 67 33 34 72 78 53 95 67 33 34 72 78
53 95 67 33 34 72 78 53 95 8 95 67 33 34 72 78
53 95 67 33 34 72 78 53 95 67 8 95 67 33 34 72 78
53 95 67 33 34 72 78 53 95 67 8 67 33 34 72 78
53 95 67 33 34 72 78 53 95 67 33 8 67 33 34 72 78
53 95 8 95 67 33 34 72 78 53 95 67 33 34 72 78
53 95 67 8 95 67 33 34 72 78 53 95 67 33 34 72 78
53 95 67 8 67 33 34 72 78 53 95 67 33 34 72 78
53 95 67 33 8 67 33 34 72 78 53 95 67 33 34 72 78

7 53 83 50 54 38 77 7 53 83 50 54 38 77
7 53 83 50 54 38 77 7 53 18 53 83 50 54 38 77
7 53 83 50 54 38 77 7 53 83 18 53 83 50 54 38 77
7 53 83 50 54 38 77 7 53 83 18 83 50 54 38 77
7 53 83 50 54 38 77 7 53 83 50 18 83 50 54 38 77
7 53 18 53 83 50 54 38 77 7 53 83 50 54 38 77
7 53 83 18 53 83 50 54 38 77 7 53 83 50 54 38 77
7 53 83 18 83 50 54 38 77 7 53 83 50 54 38 77
7 53 83 50 18 83 50 54 38 77 7 53 83 50 54 38 77

95 85 51 31 12 47 48 95 85 51 31 12 47 48
95 85 51 31 12 47 48 95 85 6 85 51 31 12 47 48
95 85 51 31 12 47 48 95 85 51 6 85 51 31 12 47 48
95 85 51 31 12 47 48 95 85 51 6 51 31 12 47 48
95 85 51 31 12 47 48 95 85 51 31 6 51 31 12 47 48
95 85 6 85 51 31 12 47 48 95 85 51 31 12 47 48
95 85 51 6 85 51 31 12 47 48 95 85 51 31 12 47 48
95 85 51 6 51 31 12 47 48 95 85 51 31 12 47 48
95 85 51 31 6 51 31 12 47 48 95 85 51 31 12 47 48

31 38 97 23 40 39 97 31 38 97 23 40 39 97
31 38 97 23 40 39 97 31 38 14 38 97 23 40 39 97
31 38 97 23 40 39 97 31 38 97 14 38 97 23 40 39 97
31 38 97 23 40 39 97 31 38 97 14 97 23 40 39 97
31 38 97 23 40 39 97 31 38 97 23 14 97 23 40 39 97
31 38 14 38 97 23 40 39 97 31 38 97 23 40 39 97
31 38 97 14 38 97 23 40 39 97 31 38 97 23 40 39 97
31 38 97 14 97 23 40 39 97 31 38 97 23 40 39 97
31 38 97 23 14 97 23 40 39 97 31 38 97 23 40 39 97

90 12 83 79 30 84 70 90 12 83 79 30 84 70
90 12 83 79 30 84 70 90 12 14 12 83 79 30 84 70
90 12 83 79 30 84 70 90 12 83 14 12 83 79 30 84 70
90 12 83 79 30 84 70 90 12 83 14 83 79 30 84 70
90 12 83 79 30 84 70 90 12 83 79 14 83 79 30 84 70
90 12 14 12 83 79 30 84 70 90 12 83 79 30 84 70
90 12 83 14 12 83 79 30 84 70 90 12 83 79 30 84 70
90 12 83 14 83 79 30 84 70 90 12 83 79 30 84 70
90 12 83 79 14 83 79 30 84 70 90 12 83 79 30 84 70

94 32 88 8 23 70 43 94 32 88 8 23 70 43
94 32 88 8 23 70 43 94 32 5 32 88 8 23 70 43
94 32 88 8 23 70 43 94 32 88 5 32 88 8 23 70 43
94 32 88 8 23 70 43 94 32 88 5 88 8 23 70 43
94 32 88 8 23 70 43 94 32 88 8 5 88 8 23 70 43
94 32 5 32 88 8 23 70 43 94 32 88 8 23 70 43
94 32 88 5 32 88 8 23 70 43 94 32 88 8 23 70 43
94 32 88 5 88 8 23 70 43 94 32 88 8 23 70 43
94 32 88 8 5 88 8 23 70 43 94 32 88 8 23 70 43

79 18 16 63 58 79 70 79 18 16 63 58 79 70
79 18 16 63 58 79 70 79 18 7 18 16 63 58 79 70
79 18 16 63 58 79 70 79 18 16 7 18 16 63 58 79 70
79 18 16 63 58 79 70 79 18 16 7 16 63 58 79 70
79 18 16 63 58 79 70 79 18 16 63 7 16 63 58 79 70
79 18 7 18 16 63 58 79 70 79 18 16 63 58 79 70
79 18 16 7 18 16 63 58 79 70 79 18 16 63 58 79 70
79 18 16 7 16 63 58 79 70 79 18 16 63 58 79 70
79 18 16 63 7 16 63 58 79 70 79 18 16 63 58 79 70

59 79 59 53 17 75 37 59 79 59 53 17 75 37
59 79 59 53 17 75 37 59 79 14 79 59 53 17 75 37
59 79 59 53 17 75 37 59 79 59 14 79 59 53 17 75 37
59 79 59 53 17 75 37 59 79 59 14 59 53 17 75 37
59 79 59 53 17 75 37 59 79 59 53 14 59 53 17 75 37
59 79 14 79 59 53 17 75 37 59 79 59 53 17 75 37
59 79 59 14 79 59 53 17 75 37 59 79 59 53 17 75 37
59 79 59 14 59 53 17 75 37 59 79 59 53 17 75 37
59 79 59 53 14 59 53 17 75 37 59 79 59 53 17 75 37

69 83 42 39 70 60 53 69 83 42 39 70 60 53
69 83 42 39 70 60 53 69 83 5 83 42 39 70 60 53
69 83 42 39 70 60 53 69 83 42 5 83 42 39 70 60 53
69 83 42 39 70 60 53 69 83 42 5 42 39 70 60 53
69 83 42 39 70 60 53 69 83 42 39 5 42 39 70 60 53
69 83 5 83 42 39 70 60 53 69 83 42 39 70 60 53
69 83 42 5 83 42 39 70 60 53 69 83 42 39 70 60 53
69 83 42 5 42 39 70 60 53 69 83 42 39 70 60 53
69 83 42 39 5 42 39 70 60 53 69 83 42 39 70 60 53

97 55 84 84 90 84 26 97 55 84 84 90 84 26
97 55 84 84 90 84 26 97 55 18 55 84 84 90 84 26
97 55 84 84 90 84 26 97 55 84 18 55 84 84 90 84 26
97 55 84 84 90 84 26 97 55 84 18 84 84 90 84 26
97 55 84 84 90 84 26 97 55 84 84 18 84 84 90 84 26
97 55 18 55 84 84 90 84 26 97 55 84 84 90 84 26
97 55 84 18 55 84 84 90 84 26 97 55 84 84 90 84 26
97 55 84 18 84 84 90 84 26 97 55 84 84 90 84 26
97 55 84 84 18 84 84 90 84 26 97 55 84 84 90 84 26

86 26 34 76 92 22 44 86 26 34 76 92 22 44
86 26 34 76 92 22 44 86 26 7 26 34 76 92 22 44
86 26 34 76 92 22 44 86 26 34 7 26 34 76 92 22 44
86 26 34 76 92 22 44 86 26 34 7 34 76 92 22 44
86 26 34 76 92 22 44 86 26 34 76 7 34 76 92 22 44
86 26 7 26 34 76 92 22 44 86 26 34 76 92 22 44
86 26 34 7 26 34 76 92 22 44 86 26 34 76 92 22 44
86 26 34 7 34 76 92 22 44 86 26 34 76 92 22 44
86 26 34 76 7 34 76 92 22 44 86 26 34 76 92 22 44

53 8 71 87 12 22 32 53 8 71 87 12 22 32
53 8 71 87 12 22 32 53 8 16 8 71 87 12 22 32
53 8 71 87 12 22 32 53 8 71 16 8 71 87 12 22 32
53 8 71 87 12 22 32 53 8 71 16 71 87 12 22 32
53 8 71 87 12 22 32 53 8 71 87 16 71 87 12 22 32
53 8 16 8 71 87 12 22 32 53 8 71 87 12 22 32
53 8 71 16 8 71 87 12 22 32 53 8 71 87 12 22 32
53 8 71 16 71 87 12 22 32 53 8 71 87 12 22 32
53 8 71 87 16 71 87 12 22 32 53 8 71 87 12 22 32

75 92 29 72 55 30 95 75 92 29 72 55 30 95
75 92 29 72 55 30 95 75 92 10 92 29 72 55 30 95
75 92 29 72 55 30 95 75 92 29 10 92 29 72 55 30 95
75 92 29 72 55 30 95 75 92 29 10 29 72 55 30 95
75 92 29 72 55 30 95 75 92 29 72 10 29 72 55 30 95
75 92 10 92 29 72 55 30 95 75 92 29 72 55 30 95
75 92 29 10 92 29 72 55 30 95 75 92 29 72 55 30 95
75 92 29 10 29 72 55 30 95 75 92 29 72 55 30 95
75 92 29 72 10 29 72 55 30 95 75 92 29 72 55 30 95

37 74 90 62 90 45 56 37 74 90 62 90 45 56
37 74 90 62 90 45 56 37 74 19 74 90 62 90 45 56
37 74 90 62 90 45 56 37 74 90 19 74 90 62 90 45 56
37 74 90 62 90 45 56 37 74 90 19 90 62 90 45 56
37 74 90 62 90 45 56 37 74 90 62 19 90 62 90 45 56
37 74 19 74 90 62 90 45 56 37 74 90 62 90 45 56
37 74 90 19 74 90 62 90 45 56 37 74 90 62 90 45 56
37 74 90 19 90 62 90 45 56 37 74 90 62 90 45 56
37 74 90 62 19 90 62 90 45 56 37 74 90 62 90 45 56

33 19 76 53 89 31 98 33 19 76 53 89 31 98
33 19 76 53 89 31 98 33 19 17 19 76 53 89 31 98
33 19 76 53 89 31 98 33 19 76 17 19 76 53 89 31 98
33 19 76 53 89 31 98 33 19 76 17 76 53 89 31 98
33 19 76 53 89 31 98 33 19 76 53 17 76 53 89 31 98
33 19 17 19 76 53 89 31 98 33 19 76 53 89 31 98
33 19 76 17 19 76 53 89 31 98 33 19 76 53 89 31 98
33 19 76 17 76 53 89 31 98 33 19 76 53 89 31 98
33 19 76 53 17 76 53 89 31 98 33 19 76 53 89 31 98

31 64 35 28 12 35 60 31 64 35 28 12 35 60
31 64 35 28 12 35 60 31 64 14 64 35 28 12 35 60
31 64 35 28 12 35 60 31 64 35 14 64 35 28 12 35 60
31 64 35 28 12 35 60 31 64 35 14 35 28 12 35 60
31 64 35 28 12 35 60 31 64 35 28 14 35 28 12 35 60
31 64 14 64 35 28 12 35 60 31 64 35 28 12 35 60
31 64 35 14 64 35 28 12 35 60 31 64 35 28 12 35 60
31 64 35 14 35 28 12 35 60 31 64 35 28 12 35 60
31 64 35 28 14 35 28 12 35 60 31 64 35 28 12 35 60

12 25 36 51 15 46 72 12 25 36 51 15 46 72
12 25 36 51 15 46 72 12 25 11 25 36 51 15 46 72
12 25 36 51 15 46 72 12 25 36 11 25 36 51 15 46 72
12 25 36 51 15 46 72 12 25 36 11 36 51 15 46 72
12 25 36 51 15 46 72 12 25 36 51 11 36 51 15 46 72
12 25 11 25 36 51 15 46 72 12 25 36 51 15 46 72
12 25 36 11 25 36 51 15 46 72 12 25 36 51 15 46 72
12 25 36 11 36 51 15 46 72 12 25 36 51 15 46 72
12 25 36 51 11 36 51 15 46 72 12 25 36 51 15 46 72

28 62 47 27 33 19 91 28 62 47 27 33 19 91
28 62 47 27 33 19 91 28 62 10 62 47 27 33 19 91
28 62 47 27 33 19 91 28 62 47 10 62 47 27 33 19 91
28 62 47 27 33 19 91 28 62 47 10 47 27 33 19 91
28 62 47 27 33 19 91 28 62 47 27 10 47 27 33 19 91
28 62 10 62 47 27 33 19 91 28 62 47 27 33 19 91
28 62 47 10 62 47 27 33 19 91 28 62 47 27 33 19 91
28 62 47 10 47 27 33 19 91 28 62 47 27 33 19 91
28 62 47 27 10 47 27 33 19 91 28 62 47 27 33 19 91

43 65 97 25 44 50 83 43 65 97 25 44 50 83
43 65 97 25 44 50 83 43 65 19 65 97 25 44 50 83
43 65 97 25 44 50 83 43 65 97 19 65 97 25 44 50 83
43 65 97 25 44 50 83 43 65 97 19 97 25 44 50 83
43 65 97 25 44 50 83 43 65 97 25 19 97 25 44 50 83
43 65 19 65 97 25 44 50 83 43 65 97 25 44 50 83
43 65 97 19 65 97 25 44 50 83 43 65 97 25 44 50 83
43 65 97 19 97 25 44 50 83 43 65 97 25 44 50 83
43 65 97 25 19 97 25 44 50 83 43 65 97 25 44 50 83

84 39 96 58 81 94 82 84 39 96 58 81 94 82
84 39 96 58 81 94 82 84 39 20 39 96 58 81 94 82
84 39 96 58 81 94 82 84 39 96 20 39 96 58 81 94 82
84 39 96 58 81 94 82 84 39 96 20 96 58 81 94 82
84 39 96 58 81 94 82 84 39 96 58 20 96 58 81 94 82
84 39 20 39 96 58 81 94 82 84 39 96 58 81 94 82
84 39 96 20 39 96 58 81 94 82 84 39 96 58 81 94 82
84 39 96 20 96 58 81 94 82 84 39 96 58 81 94 82
84 39 96 58 20 96 58 81 94 82 84 39 96 58 81 94 82

37 60 90 59 83 23 95 37 60 90 59 83 23 95
37 60 90 59 83 23 95 37 60 7 60 90 59 83 23 95
37 60 90 59 83 23 95 37 60 90 7 60 90 59 83 23 95
37 60 90 59 83 23 95 37 60 90 7 90 59 83 23 95
37 60 90 59 83 23 95 37 60 90 59 7 90 59 83 23 95
37 60 7 60 90 59 83 23 95 37 60 90 59 83 23 95
37 60 90 7 60 90 59 83 23 95 37 60 90 59 83 23 95
37 60 90 7 90 59 83 23 95 37 60 90 59 83 23 95
37 60 90 59 7 90 59 83 23 95 37 60 90 59 83 23 95

51 41 30 88 92 84 78 51 41 30 88 92 84 78
51 41 30 88 92 84 78 51 41 13 41 30 88 92 84 78
51 41 30 88 92 84 78 51 41 30 13 41 30 88 92 84 78
51 41 30 88 92 84 78 51 41 30 13 30 88 92 84 78
51 41 30 88 92 84 78 51 41 30 88 13 30 88 92 84 78
51 41 13 41 30 88 92 84 78 51 41 30 88 92 84 78
51 41 30 13 41 30 88 92 84 78 51 41 30 88 92 84 78
51 41 30 13 30 88 92 84 78 51 41 30 88 92 84 78
51 41 30 88 13 30 88 92 84 78 51 41 30 88 92 84 78

90 30 100 80 33 73 30 90 30 100 80 33 73 30
90 30 100 80 33 73 30 90 30 16 30 100 80 33 73 30
90 30 100 80 33 73 30 90 30 100 16 30 100 80 33 73 30
90 30 100 80 33 73 30 90 30 100 16 100 80 33 73 30
90 30 100 80 33 73 30 90 30 100 80 16 100 80 33 73 30
90 30 16 30 100 80 33 73 30 90 30 100 80 33 73 30
90 30 100 16 30 100 80 33 73 30 90 30 100 80 33 73 30
90 30 100 16 100 80 33 73 30 90 30 100 80 33 73 30
90 30 100 80 16 100 80 33 73 30 90 30 100 80 33 73 30

47 6 40 37 54 26 31 47 6 40 37 54 26 31
47 6 40 37 54 26 31 47 6 17 6 40 37 54 26 31
47 6 40 37 54 26 31 47 6 40 17 6 40 37 54 26 31
47 6 40 37 54 26 31 47 6 40 17 40 37 54 26 31
47 6 40 37 54 26 31 47 6 40 37 17 40 37 54 26 31
47 6 17 6 40 37 54 26 31 47 6 40 37 54 26 31
47 6 40 17 6 40 37 54 26 31 47 6 40 37 54 26 31
47 6 40 17 40 37 54 26 31 47 6 40 37 54 26 31
47 6 40 37 17 40 37 54 26 31 47 6 40 37 54 26 31

83 79 37 52 61 57 59 83 79 37 52 61 57 59
83 79 37 52 61 57 59 83 79 18 79 37 52 61 57 59
83 79 37 52 61 57 59 83 79 37 18 79 37 52 61 57 59
83 79 37 52 61 57 59 83 79 37 18 37 52 61 57 59
83 79 37 52 61 57 59 83 79 37 52 18 37 52 61 57 59
83 79 18 79 37 52 61 57 59 83 79 37 52 61 57 59
83 79 37 18 79 37 52 61 57 59 83 79 37 52 61 57 59
83 79 37 18 37 52 61 57 59 83 79 37 52 61 57 59
83 79 37 52 18 37 52 61 57 59 83 79 37 52 61 57 59

44 94 77 29 95 65 20 44 94 77 29 95 65 20
44 94 77 29 95 65 20 44 94 7 94 77 29 95 65 20
44 94 77 29 95 65 20 44 94 77 7 94 77 29 95 65 20
44 94 77 29 95 65 20 44 94 77 7 77 29 95 65 20
44 94 77 29 95 65 20 44 94 77 29 7 77 29 95 65 20
44 94 7 94 77 29 95 65 20 44 94 77 29 95 65 20
44 94 77 7 94 77 29 95 65 20 44 94 77 29 95 65 20
44 94 77 7 77 29 95 65 20 44 94 77 29 95 65 20
44 94 77 29 7 77 29 95 65 20 44 94 77 29 95 65 20

39 43 50 68 23 64 81 39 43 50 68 23 64 81
39 43 50 68 23 64 81 39 43 14 43 50 68 23 64 81
39 43 50 68 23 64 81 39 43 50 14 43 50 68 23 64 81
39 43 50 68 23 64 81 39 43 50 14 50 68 23 64 81
39 43 50 68 23 64 81 39 43 50 68 14 50 68 23 64 81
39 43 14 43 50 68 23 64 81 39 43 50 68 23 64 81
39 43 50 14 43 50 68 23 64 81 39 43 50 68 23 64 81
39 43 50 14 50 68 23 64 81 39 43 50 68 23 64 81
39 43 50 68 14 50 68 23 64 81 39 43 50 68 23 64 81

17 30 45 9 97 32 7 17 30 45 9 97 32 7
17 30 45 9 97 32 7 17 30 16 30 45 9 97 32 7
17 30 45 9 97 32 7 17 30 45 16 30 45 9 97 32 7
17 30 45 9 97 32 7 17 30 45 16 45 9 97 32 7
17 30 45 9 97 32 7 17 30 45 9 16 45 9 97 32 7
17 30 16 30 45 9 97 32 7 17 30 45 9 97 32 7
17 30 45 16 30 45 9 97 32 7 17 30 45 9 97 32 7
17 30 45 16 45 9 97 32 7 17 30 45 9 97 32 7
17 30 45 9 16 45 9 97 32 7 17 30 45 9 97 32 7

59 21 76 46 68 92 43 59 21 76 46 68 92 43
59 21 76 46 68 92 43 59 21 6 21 76 46 68 92 43
59 21 76 46 68 92 43 59 21 76 6 21 76 46 68 92 43
59 21 76 46 68 92 43 59 21 76 6 76 46 68 92 43
59 21 76 46 68 92 43 59 21 76 46 6 76 46 68 92 43
59 21 6 21 76 46 68 92 43 59 21 76 46 68 92 43
59 21 76 6 21 76 46 68 92 43 59 21 76 46 68 92 43
59 21 76 6 76 46 68 92 43 59 21 76 46 68 92 43
59 21 76 46 6 76 46 68 92 43 59 21 76 46 68 92 43

62 100 33 90 81 11 76 62 100 33 90 81 11 76
62 100 33 90 81 11 76 62 100 15 100 33 90 81 11 76
62 100 33 90 81 11 76 62 100 33 15 100 33 90 81 11 76
62 100 33 90 81 11 76 62 100 33 15 33 90 81 11 76
62 100 33 90 81 11 76 62 100 33 90 15 33 90 81 11 76
62 100 15 100 33 90 81 11 76 62 100 33 90 81 11 76
62 100 33 15 100 33 90 81 11 76 62 100 33 90 81 11 76
62 100 33 15 33 90 81 11 76 62 100 33 90 81 11 76
62 100 33 90 15 33 90 81 11 76 62 100 33 90 81 11 76

68 57 19 50 47 30 73 68 57 19 50 47 30 73
68 57 19 50 47 30 73 68 57 13 57 19 50 47 30 73
68 57 19 50 47 30 73 68 57 19 13 57 19 50 47 30 73
68 57 19 50 47 30 73 68 57 19 13 19 50 47 30 73
68 57 19 50 47 30 73 68 57 19 50 13 19 50 47 30 73
68 57 13 57 19 50 47 30 73 68 57 19 50 47 30 73
68 57 19 13 57 19 50 47 30 73 68 57 19 50 47 30 73
68 57 19 13 19 50 47 30 73 68 57 19 50 47 30 73
68 57 19 50 13 19 50 47 30 73 68 57 19 50 47 30 73

11 7 28 21 50 21 14 11 7 28 21 50 21 14
11 7 28 21 50 21 14 11 7 11 7 28 21 50 21 14
11 7 28 21 50 21 14 11 7 28 11 7 28 21 50 21 14
11 7 28 21 50 21 14 11 7 28 11 28 21 50 21 14
11 7 28 21 50 21 14 11 7 28 21 11 28 21 50 21 14
11 7 11 7 28 21 50 21 14 11 7 28 21 50 21 14
11 7 28 11 7 28 21 50 21 14 11 7 28 21 50 21 14
11 7 28 11 28 21 50 21 14 11 7 28 21 50 21 14
11 7 28 21 11 28 21 50 21 14 11 7 28 21 50 21 14

19 59 14 16 79 41 73 19 59 14 16 79 41 73
19 59 14 16 79 41 73 19 59 8 59 14 16 79 41 73
19 59 14 16 79 41 73 19 59 14 8 59 14 16 79 41 73
19 59 14 16 79 41 73 19 59 14 8 14 16 79 41 73
19 59 14 16 79 41 73 19 59 14 16 8 14 16 79 41 73
19 59 8 59 14 16 79 41 73 19 59 14 16 79 41 73
19 59 14 8 59 14 16 79 41 73 19 59 14 16 79 41 73
19 59 14 8 14 16 79 41 73 19 59 14 16 79 41 73
19 59 14 16 8 14 16 79 41 73 19 59 14 16 79 41 73

98 47 30 7 39 56 19 98 47 30 7 39 56 19
98 47 30 7 39 56 19 98 47 10 47 30 7 39 56 19
98 47 30 7 39 56 19 98 47 30 10 47 30 7 39 56 19
98 47 30 7 39 56 19 98 47 30 10 30 7 39 56 19
98 47 30 7 39 56 19 98 47 30 7 10 30 7 39 56 19
98 47 10 47 30 7 39 56 19 98 47 30 7 39 56 19
98 47 30 10 47 30 7 39 56 19 98 47 30 7 39 56 19
98 47 30 10 30 7 39 56 19 98 47 30 7 39 56 19
98 47 30 7 10 30 7 39 56 19 98 47 30 7 39 56 19

62 11 61 75 36 32 70 62 11 61 75 36 32 70
62 11 61 75 36 32 70 62 11 11 11 61 75 36 32 70
62 11 61 75 36 32 70 62 11 61 11 11 61 75 36 32 70
62 11 61 75 36 32 70 62 11 61 11 61 75 36 32 70
62 11 61 75 36 32 70 62 11 61 75 11 61 75 36 32 70
62 11 11 11 61 75 36 32 70 62 11 61 75 36 32 70
62 11 61 11 11 61 75 36 32 70 62 11 61 75 36 32 70
62 11 61 11 61 75 36 32 70 62 11 61 75 36 32 70
62 11 61 75 11 61 75 36 32 70 62 11 61 75 36 32 70

95 90 71 97 24 71 96 95 90 71 97 24 71 96
95 90 71 97 24 71 96 95 90 7 90 71 97 24 71 96
95 90 71 97 24 71 96 95 90 71 7 90 71 97 24 71 96
95 90 71 97 24 71 96 95 90 71 7 71 97 24 71 96
95 90 71 97 24 71 96 95 90 71 97 7 71 97 24 71 96
95 90 7 90 71 97 24 71 96 95 90 71 97 24 71 96
95 90 71 7 90 71 97 24 71 96 95 90 71 97 24 71 96
95 90 71 7 71 97 24 71 96 95 90 71 97 24 71 96
95 90 71 97 7 71 97 24 71 96 95 90 71 97 24 71 96

59 43 35 65 86 19 11 59 43 35 65 86 19 11
59 43 35 65 86 19 11 59 43 12 43 35 65 86 19 11
59 43 35 65 86 19 11 59 43 35 12 43 35 65 86 19 11
59 43 35 65 86 19 11 59 43 35 12 35 65 86 19 11
59 43 35 65 86 19 11 59 43 35 65 12 35 65 86 19 11
59 43 12 43 35 65 86 19 11 59 43 35 65 86 19 11
59 43 35 12 43 35 65 86 19 11 59 43 35 65 86 19 11
59 43 35 12 35 65 86 19 11 59 43 35 65 86 19 11
59 43 35 65 12 35 65 86 19 11 59 43 35 65 86 19 11

100 21 22 94 63 85 86 100 21 22 94 63 85 86
100 21 22 94 63 85 86 100 21 5 21 22 94 63 85 86
100 21 22 94 63 85 86 100 21 22 5 21 22 94 63 85 86
100 21 22 94 63 85 86 100 21 22 5 22 94 63 85 86
100 21 22 94 63 85 86 100 21 22 94 5 22 94 63 85 86
100 21 5 21 22 94 63 85 86 100 21 22 94 63 85 86
100 21 22 5 21 22 94 63 85 86 100 21 22 94 63 85 86
100 21 22 5 22 94 63 85 86 100 21 22 94 63 85 86
100 21 22 94 5 22 94 63 85 86 100 21 22 94 63 85 86

68 96 25 61 37 7 99 68 96 25 61 37 7 99
68 96 25 61 37 7 99 68 96 20 96 25 61 37 7 99
68 96 25 61 37 7 99 68 96 25 20 96 25 61 37 7 99
68 96 25 61 37 7 99 68 96 25 20 25 61 37 7 99
68 96 25 61 37 7 99 68 96 25 61 20 25 61 37 7 99
68 96 20 96 25 61 37 7 99 68 96 25 61 37 7 99
68 96 25 20 96 25 61 37 7 99 68 96 25 61 37 7 99
68 96 25 20 25 61 37 7 99 68 96 25 61 37 7 99
68 96 25 61 20 25 61 37 7 99 68 96 25 61 37 7 99

28 89 72 71 87 39 47 28 89 72 71 87 39 47
28 89 72 71 87 39 47 28 89 5 89 72 71 87 39 47
28 89 72 71 87 39 47 28 89 72 5 89 72 71 87 39 47
28 89 72 71 87 39 47 28 89 72 5 72 71 87 39 47
28 89 72 71 87 39 47 28 89 72 71 5 72 71 87 39 47
28 89 5 89 72 71 87 39 47 28 89 72 71 87 39 47
28 89 72 5 89 72 71 87 39 47 28 89 72 71 87 39 47
28 89 72 5 72 71 87 39 47 28 89 72 71 87 39 47
28 89 72 71 5 72 71 87 39 47 28 89 72 71 87 39 47

47 38 30 74 39 56 75 47 38 30 74 39 56 75
47 38 30 74 39 56 75 47 38 10 38 30 74 39 56 75
47 38 30 74 39 56 75 47 38 30 10 38 30 74 39 56 75
47 38 30 74 39 56 75 47 38 30 10 30 74 39 56 75
47 38 30 74 39 56 75 47 38 30 74 10 30 74 39 56 75
47 38 10 38 30 74 39 56 75 47 38 30 74 39 56 75
47 38 30 10 38 30 74 39 56 75 47 38 30 74 39 56 75
47 38 30 10 30 74 39 56 75 47 38 30 74 39 56 75
47 38 30 74 10 30 74 39 56 75 47 38 30 74 39 56 75

12 79 99 93 16 42 72 12 79 99 93 16 42 72
12 79 99 93 16 42 72 12 79 5 79 99 93 16 42 72
12 79 99 93 16 42 72 12 79 99 5 79 99 93 16 42 72
12 79 99 93 16 42 72 12 79 99 5 99 93 16 42 72
12 79 99 93 16 42 72 12 79 99 93 5 99 93 16 42 72
12 79 5 79 99 93 16 42 72 12 79 99 93 16 42 72
12 79 99 5 79 99 93 16 42 72 12 79 99 93 16 42 72
12 79 99 5 99 93 16 42 72 12 79 99 93 16 42 72
12 79 99 93 5 99 93 16 42 72 12 79 99 93 16 42 72

31 51 88 20 28 17 96 31 51 88 20 28 17 96
31 51 88 20 28 17 96 31 51 10 51 88 20 28 17 96
31 51 88 20 28 17 96 31 51 88 10 51 88 20 28 17 96
31 51 88 20 28 17 96 31 51 88 10 88 20 28 17 96
31 51 88 20 28 17 96 31 51 88 20 10 88 20 28 17 96
31 51 10 51 88 20 28 17 96 31 51 88 20 28 17 96
31 51 88 10 51 88 20 28 17 96 31 51 88 20 28 17 96
31 51 88 10 88 20 28 17 96 31 51 88 20 28 17 96
31 51 88 20 10 88 20 28 17 96 31 51 88 20 28 17 96

54 28 97 75 99 41 9 54 28 97 75 99 41 9
54 28 97 75 99 41 9 54 28 6 28 97 75 99 41 9
54 28 97 75 99 41 9 54 28 97 6 28 97 75 99 41 9
54 28 97 75 99 41 9 54 28 97 6 97 75 99 41 9
54 28 97 75 99 41 9 54 28 97 75 6 97 75 99 41 9
54 28 6 28 97 75 99 41 9 54 28 97 75 99 41 9
54 28 97 6 28 97 75 99 41 9 54 28 97 75 99 41 9
54 28 97 6 97 75 99 41 9 54 28 97 75 99 41 9
54 28 97 75 6 97 75 99 41 9 54 28 97 75 99 41 9

62 76 32 85 83 65 62 62 76 32 85 83 65 62
62 76 32 85 83 65 62 62 76 12 76 32 85 83 65 62
62 76 32 85 83 65 62 62 76 32 12 76 32 85 83 65 62
62 76 32 85 83 65 62 62 76 32 12 32 85 83 65 62
62 76 32 85 83 65 62 62 76 32 85 12 32 85 83 65 62
62 76 12 76 32 85 83 65 62 62 76 32 85 83 65 62
62 76 32 12 76 32 85 83 65 62 62 76 32 85 83 65 62
62 76 32 12 32 85 83 65 62 62 76 32 85 83 65 62
62 76 32 85 12 32 85 83 65 62 62 76 32 85 83 65 62

99 54 19 88 95 50 49 99 54 19 88 95 50 49
99 54 19 88 95 50 49 99 54 7 54 19 88 95 50 49
99 54 19 88 95 50 49 99 54 19 7 54 19 88 95 50 49
99 54 19 88 95 50 49 99 54 19 7 19 88 95 50 49
99 54 19 88 95 50 49 99 54 19 88 7 19 88 95 50 49
99 54 7 54 19 88 95 50 49 99 54 19 88 95 50 49
99 54 19 7 54 19 88 95 50 49 99 54 19 88 95 50 49
99 54 19 7 19 88 95 50 49 99 54 19 88 95 50 49
99 54 19 88 7 19 88 95 50 49 99 54 19 88 95 50 49

81 32 7 88 22 94 86 81 32 7 88 22 94 86
81 32 7 88 22 94 86 81 32 5 32 7 88 22 94 86
81 32 7 88 22 94 86 81 32 7 5 32 7 88 22 94 86
81 32 7 88 22 94 86 81 32 7 5 7 88 22 94 86
81 32 7 88 22 94 86 81 32 7 88 5 7 88 22 94 86
81 32 5 32 7 88 22 94 86 81 32 7 88 22 94 86
81 32 7 5 32 7 88 22 94 86 81 32 7 88 22 94 86
81 32 7 5 7 88 22 94 86 81 32 7 88 22 94 86
81 32 7 88 5 7 88 22 94 86 81 32 7 88 22 94 86

92 16 46 63 90 21 6 92 16 46 63 90 21 6
92 16 46 63 90 21 6 92 16 16 16 46 63 90 21 6
92 16 46 63 90 21 6 92 16 46 16 16 46 63 90 21 6
92 16 46 63 90 21 6 92 16 46 16 46 63 90 21 6
92 16 46 63 90 21 6 92 16 46 63 16 46 63 90 21 6
92 16 16 16 46 63 90 21 6 92 16 46 63 90 21 6
92 16 46 16 16 46 63 90 21 6 92 16 46 63 90 21 6
92 16 46 16 46 63 90 21 6 92 16 46 63 90 21 6
92 16 46 63 16 46 63 90 21 6 92 16 46 63 90 21 6

100 56 20 71 85 54 96 100 56 20 71 85 54 96
100 56 20 71 85 54 96 100 56 17 56 20 71 85 54 96
100 56 20 71 85 54 96 100 56 20 17 56 20 71 85 54 96
100 56 20 71 85 54 96 100 56 20 17 20 71 85 54 96
100 56 20 71 85 54 96 100 56 20 71 17 20 71 85 54 96
100 56 17 56 20 71 85 54 96 100 56 20 71 85 54 96
100 56 20 17 56 20 71 85 54 96 100 56 20 71 85 54 96
100 56 20 17 20 71 85 54 96 100 56 20 71 85 54 96
100 56 20 71 17 20 71 85 54 96 100 56 20 71 85 54 96

63 68 59 54 36 50 90 63 68 59 54 36 50 90
63 68 59 54 36 50 90 63 68 5 68 59 54 36 50 90
63 68 59 54 36 50 90 63 68 59 5 68 59 54 36 50 90
63 68 59 54 36 50 90 63 68 59 5 59 54 36 50 90
63 68 59 54 36 50 90 63 68 59 54 5 59 54 36 50 90
63 68 5 68 59 54 36 50 90 63 68 59 54 36 50 90
63 68 59 5 68 59 54 36 50 90 63 68 59 54 36 50 90
63 68 59 5 59 54 36 50 90 63 68 59 54 36 50 90
63 68 59 54 5 59 54 36 50 90 63 68 59 54 36 50 90

18 10 64 5 6 64 84 18 10 64 5 6 64 84
18 10 64 5 6 64 84 18 10 10 10 64 5 6 64 84
18 10 64 5 6 64 84 18 10 64 10 10 64 5 6 64 84
18 10 64 5 6 64 84 18 10 64 10 64 5 6 64 84
18 10 64 5 6 64 84 18 10 64 5 10 64 5 6 64 84
18 10 10 10 64 5 6 64 84 18 10 64 5 6 64 84
18 10 64 10 10 64 5 6 64 84 18 10 64 5 6 64 84
18 10 64 10 64 5 6 64 84 18 10 64 5 6 64 84
18 10 64 5 10 64 5 6 64 84 18 10 64 5 6 64 84

53 76 6 34 45 39 44 53 76 6 34 45 39 44
53 76 6 34 45 39 44 53 76 8 76 6 34 45 39 44
53 76 6 34 45 39 44 53 76 6 8 76 6 34 45 39 44
53 76 6 34 45 39 44 53 76 6 8 6 34 45 39 44
53 76 6 34 45 39 44 53 76 6 34 8 6 34 45 39 44
53 76 8 76 6 34 45 39 44 53 76 6 34 45 39 44
53 76 6 8 76 6 34 45 39 44 53 76 6 34 45 39 44
53 76 6 8 6 34 45 39 44 53 76 6 34 45 39 44
53 76 6 34 8 6 34 45 39 44 53 76 6 34 45 39 44

32 65 16 6 84 18 32 32 65 16 6 84 18 32
32 65 16 6 84 18 32 32 65 19 65 16 6 84 18 32
32 65 16 6 84 18 32 32 65 16 19 65 16 6 84 18 32
32 65 16 6 84 18 32 32 65 16 19 16 6 84 18 32
32 65 16 6 84 18 32 32 65 16 6 19 16 6 84 18 32
32 65 19 65 16 6 84 18 32 32 65 16 6 84 18 32
32 65 16 19 65 16 6 84 18 32 32 65 16 6 84 18 32
32 65 16 19 16 6 84 18 32 32 65 16 6 84 18 32
32 65 16 6 19 16 6 84 18 32 32 65 16 6 84 18 32

86 96 45 67 38 8 49 86 96 45 67 38 8 49
86 96 45 67 38 8 49 86 96 17 96 45 67 38 8 49
86 96 45 67 38 8 49 86 96 45 17 96 45 67 38 8 49
86 96 45 67 38 8 49 86 96 45 17 45 67 38 8 49
86 96 45 67 38 8 49 86 96 45 67 17 45 67 38 8 49
86 96 17 96 45 67 38 8 49 86 96 45 67 38 8 49
86 96 45 17 96 45 67 38 8 49 86 96 45 67 38 8 49
86 96 45 17 45 67 38 8 49 86 96 45 67 38 8 49
86 96 45 67 17 45 67 38 8 49 86 96 45 67 38 8 49

34 68 31 70 24 61 37 34 68 31 70 24 61 37
34 68 31 70 24 61 37 34 68 18 68 31 70 24 61 37
34 68 31 70 24 61 37 34 68 31 18 68 31 70 24 61 37
34 68 31 70 24 61 37 34 68 31 18 31 70 24 61 37
34 68 31 70 24 61 37 34 68 31 70 18 31 70 24 61 37
34 68 18 68 31 70 24 61 37 34 68 31 70 24 61 37
34 68 31 18 68 31 70 24 61 37 34 68 31 70 24 61 37
34 68 31 18 31 70 24 61 37 34 68 31 70 24 61 37
34 68 31 70 18 31 70 24 61 37 34 68 31 70 24 61 37

89 87 94 83 40 98 26 89 87 94 83 40 98 26
89 87 94 83 40 98 26 89 87 17 87 94 83 40 98 26
89 87 94 83 40 98 26 89 87 94 17 87 94 83 40 98 26
89 87 94 83 40 98 26 89 87 94 17 94 83 40 98 26
89 87 94 83 40 98 26 89 87 94 83 17 94 83 40 98 26
89 87 17 87 94 83 40 98 26 89 87 94 83 40 98 26
89 87 94 17 87 94 83 40 98 26 89 87 94 83 40 98 26
89 87 94 17 94 83 40 98 26 89 87 94 83 40 98 26
89 87 94 83 17 94 83 40 98 26 89 87 94 83 40 98 26

71 29 10 94 54 47 89 71 29 10 94 54 47 89
71 29 10 94 54 47 89 71 29 16 29 10 94 54 47 89
71 29 10 94 54 47 89 71 29 10 16 29 10 94 54 47 89
71 29 10 94 54 47 89 71 29 10 16 10 94 54 47 89
71 29 10 94 54 47 89 71 29 10 94 16 10 94 54 47 89
71 29 16 29 10 94 54 47 89 71 29 10 94 54 47 89
71 29 10 16 29 10 94 54 47 89 71 29 10 94 54 47 89
71 29 10 16 10 94 54 47 89 71 29 10 94 54 47 89
71 29 10 94 16 10 94 54 47 89 71 29 10 94 54 47 89

75 48 92 91 5 67 32 75 48 92 91 5 67 32
75 48 92 91 5 67 32 75 48 10 48 92 91 5 67 32
75 48 92 91 5 67 32 75 48 92 10 48 92 91 5 67 32
75 48 92 91 5 67 32 75 48 92 10 92 91 5 67 32
75 48 92 91 5 67 32 75 48 92 91 10 92 91 5 67 32
75 48 10 48 92 91 5 67 32 75 48 92 91 5 67 32
75 48 92 10 48 92 91 5 67 32 75 48 92 91 5 67 32
75 48 92 10 92 91 5 67 32 75 48 92 91 5 67 32
75 48 92 91 10 92 91 5 67 32 75 48 92 91 5 67 32

79 55 78 6 61 24 33 79 55 78 6 61 24 33
79 55 78 6 61 24 33 79 55 11 55 78 6 61 24 33
79 55 78 6 61 24 33 79 55 78 11 55 78 6 61 24 33
79 55 78 6 61 24 33 79 55 78 11 78 6 61 24 33
79 55 78 6 61 24 33 79 55 78 6 11 78 6 61 24 33
79 55 11 55 78 6 61 24 33 79 55 78 6 61 24 33
79 55 78 11 55 78 6 61 24 33 79 55 78 6 61 24 33
79 55 78 11 78 6 61 24 33 79 55 78 6 61 24 33
79 55 78 6 11 78 6 61 24 33 79 55 78 6 61 24 33

10 12 13 12 58 17 93 10 12 13 12 58 17 93
10 12 13 12 58 17 93 10 12 13 12 13 12 58 17 93
10 12 13 12 58 17 93 10 12 13 13 12 13 12 58 17 93
10 12 13 12 58 17 93 10 12 13 13 13 12 58 17 93
10 12 13 12 58 17 93 10 12 13 12 13 13 12 58 17 93
10 12 13 12 13 12 58 17 93 10 12 13 12 58 17 93
10 12 13 13 12 13 12 58 17 93 10 12 13 12 58 17 93
10 12 13 13 13 12 58 17 93 10 12 13 12 58 17 93
10 12 13 12 13 13 12 58 17 93 10 12 13 12 58 17 93

64 19 5 6 100 35 60 64 19 5 6 100 35 60
64 19 5 6 100 35 60 64 19 15 19 5 6 100 35 60
64 19 5 6 100 35 60 64 19 5 15 19 5 6 100 35 60
64 19 5 6 100 35 60 64 19 5 15 5 6 100 35 60
64 19 5 6 100 35 60 64 19 5 6 15 5 6 100 35 60
64 19 15 19 5 6 100 35 60 64 19 5 6 100 35 60
64 19 5 15 19 5 6 100 35 60 64 19 5 6 100 35 60
64 19 5 15 5 6 100 35 60 64 19 5 6 100 35 60
64 19 5 6 15 5 6 100 35 60 64 19 5 6 100 35 60

24 24 62 32 81 68 89 24 24 62 32 81 68 89
24 24 62 32 81 68 89 24 24 14 24 62 32 81 68 89
24 24 62 32 81 68 89 24 24 62 14 24 62 32 81 68 89
24 24 62 32 81 68 89 24 24 62 14 62 32 81 68 89
24 24 62 32 81 68 89 24 24 62 32 14 62 32 81 68 89
24 24 14 24 62 32 81 68 89 24 24 62 32 81 68 89
24 24 62 14 24 62 32 81 68 89 24 24 62 32 81 68 89
24 24 62 14 62 32 81 68 89 24 24 62 32 81 68 89
24 24 62 32 14 62 32 81 68 89 24 24 62 32 81 68 89

71 38 35 49 37 88 59 71 38 35 49 37 88 59
71 38 35 49 37 88 59 71 38 20 38 35 49 37 88 59
71 38 35 49 37 88 59 71 38 35 20 38 35 49 37 88 59
71 38 35 49 37 88 59 71 38 35 20 35 49 37 88 59
71 38 35 49 37 88 59 71 38 35 49 20 35 49 37 88 59
71 38 20 38 35 49 37 88 59 71 38 35 49 37 88 59
71 38 35 20 38 35 49 37 88 59 71 38 35 49 37 88 59
71 38 35 20 35 49 37 88 59 71 38 35 49 37 88 59
71 38 35 49 20 35 49 37 88 59 71 38 35 49 37 88 59

53 75 17 38 15 59 37 53 75 17 38 15 59 37
53 75 17 38 15 59 37 53 75 11 75 17 38 15 59 37
53 75 17 38 15 59 37 53 75 17 11 75 17 38 15 59 37
53 75 17 38 15 59 37 53 75 17 11 17 38 15 59 37
53 75 17 38 15 59 37 53 75 17 38 11 17 38 15 59 37
53 75 11 75 17 38 15 59 37 53 75 17 38 15 59 37
53 75 17 11 75 17 38 15 59 37 53 75 17 38 15 59 37
53 75 17 11 17 38 15 59 37 53 75 17 38 15 59 37
53 75 17 38 11 17 38 15 59 37 53 75 17 38 15 59 37

48 18 80 79 86 67 84 48 18 80 79 86 67 84
48 18 80 79 86 67 84 48 18 10 18 80 79 86 67 84
48 18 80 79 86 67 84 48 18 80 10 18 80 79 86 67 84
48 18 80 79 86 67 84 48 18 80 10 80 79 86 67 84
48 18 80 79 86 67 84 48 18 80 79 10 80 79 86 67 84
48 18 10 18 80 79 86 67 84 48 18 80 79 86 67 84
48 18 80 10 18 80 79 86 67 84 48 18 80 79 86 67 84
48 18 80 10 80 79 86 67 84 48 18 80 79 86 67 84
48 18 80 79 10 80 79 86 67 84 48 18 80 79 86 67 84

54 96 93 73 42 90 41 54 96 93 73 42 90 41
54 96 93 73 42 90 41 54 96 8 96 93 73 42 90 41
54 96 93 73 42 90 41 54 96 93 8 96 93 73 42 90 41
54 96 93 73 42 90 41 54 96 93 8 93 73 42 90 41
54 96 93 73 42 90 41 54 96 93 73 8 93 73 42 90 41
54 96 8 96 93 73 42 90 41 54 96 93 73 42 90 41
54 96 93 8 96 93 73 42 90 41 54 96 93 73 42 90 41
54 96 93 8 93 73 42 90 41 54 96 93 73 42 90 41
54 96 93 73 8 93 73 42 90 41 54 96 93 73 42 90 41

72 77 28 84 41 83 89 72 77 28 84 41 83 89
72 77 28 84 41 83 89 72 77 6 77 28 84 41 83 89
72 77 28 84 41 83 89 72 77 28 6 77 28 84 41 83 89
72 77 28 84 41 83 89 72 77 28 6 28 84 41 83 89
72 77 28 84 41 83 89 72 77 28 84 6 28 84 41 83 89
72 77 6 77 28 84 41 83 89 72 77 28 84 41 83 89
72 77 28 6 77 28 84 41 83 89 72 77 28 84 41 83 89
72 77 28 6 28 84 41 83 89 72 77 28 84 41 83 89
72 77 28 84 6 28 84 41 83 89 72 77 28 84 41 83 89

23 10 14 29 64 53 99 23 10 14 29 64 53 99
23 10 14 29 64 53 99 23 10 19 10 14 29 64 53 99
23 10 14 29 64 53 99 23 10 14 19 10 14 29 64 53 99
23 10 14 29 64 53 99 23 10 14 19 14 29 64 53 99
23 10 14 29 64 53 99 23 10 14 29 19 14 29 64 53 99
23 10 19 10 14 29 64 53 99 23 10 14 29 64 53 99
23 10 14 19 10 14 29 64 53 99 23 10 14 29 64 53 99
23 10 14 19 14 29 64 53 99 23 10 14 29 64 53 99
23 10 14 29 19 14 29 64 53 99 23 10 14 29 64 53 99

86 64 77 27 72 68 72 86 64 77 27 72 68 72
86 64 77 27 72 68 72 86 64 9 64 77 27 72 68 72
86 64 77 27 72 68 72 86 64 77 9 64 77 27 72 68 72
86 64 77 27 72 68 72 86 64 77 9 77 27 72 68 72
86 64 77 27 72 68 72 86 64 77 27 9 77 27 72 68 72
86 64 9 64 77 27 72 68 72 86 64 77 27 72 68 72
86 64 77 9 64 77 27 72 68 72 86 64 77 27 72 68 72
86 64 77 9 77 27 72 68 72 86 64 77 27 72 68 72
86 64 77 27 9 77 27 72 68 72 86 64 77 27 72 68 72

51 11 53 80 10 72 96 51 11 53 80 10 72 96
51 11 53 80 10 72 96 51 11 15 11 53 80 10 72 96
51 11 53 80 10 72 96 51 11 53 15 11 53 80 10 72 96
51 11 53 80 10 72 96 51 11 53 15 53 80 10 72 96
51 11 53 80 10 72 96 51 11 53 80 15 53 80 10 72 96
51 11 15 11 53 80 10 72 96 51 11 53 80 10 72 96
51 11 53 15 11 53 80 10 72 96 51 11 53 80 10 72 96
51 11 53 15 53 80 10 72 96 51 11 53 80 10 72 96
51 11 53 80 15 53 80 10 72 96 51 11 53 80 10 72 96

82 29 71 52 43 38 73 82 29 71 52 43 38 73
82 29 71 52 43 38 73 82 29 13 29 71 52 43 38 73
82 29 71 52 43 38 73 82 29 71 13 29 71 52 43 38 73
82 29 71 52 43 38 73 82 29 71 13 71 52 43 38 73
82 29 71 52 43 38 73 82 29 71 52 13 71 52 43 38 73
82 29 13 29 71 52 43 38 73 82 29 71 52 43 38 73
82 29 71 13 29 71 52 43 38 73 82 29 71 52 43 38 73
82 29 71 13 71 52 43 38 73 82 29 71 52 43 38 73
82 29 71 52 13 71 52 43 38 73 82 29 71 52 43 38 73

46 93 64 91 68 32 14 46 93 64 91 68 32 14
46 93 64 91 68 32 14 46 93 20 93 64 91 68 32 14
46 93 64 91 68 32 14 46 93 64 20 93 64 91 68 32 14
46 93 64 91 68 32 14 46 93 64 20 64 91 68 32 14
46 93 64 91 68 32 14 46 93 64 91 20 64 91 68 32 14
46 93 20 93 64 91 68 32 14 46 93 64 91 68 32 14
46 93 64 20 93 64 91 68 32 14 46 93 64 91 68 32 14
46 93 64 20 64 91 68 32 14 46 93 64 91 68 32 14
46 93 64 91 20 64 91 68 32 14 46 93 64 91 68 32 14

51 51 78 86 38 49 36 51 51 78 86 38 49 36
51 51 78 86 38 49 36 51 51 7 51 78 86 38 49 36
51 51 78 86 38 49 36 51 51 78 7 51 78 86 38 49 36
51 51 78 86 38 49 36 51 51 78 7 78 86 38 49 36
51 51 78 86 38 49 36 51 51 78 86 7 78 86 38 49 36
51 51 7 51 78 86 38 49 36 51 51 78 86 38 49 36
51 51 78 7 51 78 86 38 49 36 51 51 78 86 38 49 36
51 51 78 7 78 86 38 49 36 51 51 78 86 38 49 36
51 51 78 86 7 78 86 38 49 36 51 51 78 86 38 49 36

40 62 12 90 70 26 68 40 62 12 90 70 26 68
40 62 12 90 70 26 68 40 62 17 62 12 90 70 26 68
40 62 12 90 70 26 68 40 62 12 17 62 12 90 70 26 68
40 62 12 90 70 26 68 40 62 12 17 12 90 70 26 68
40 62 12 90 70 26 68 40 62 12 90 17 12 90 70 26 68
40 62 17 62 12 90 70 26 68 40 62 12 90 70 26 68
40 62 12 17 62 12 90 70 26 68 40 62 12 90 70 26 68
40 62 12 17 12 90 70 26 68 40 62 12 90 70 26 68
40 62 12 90 17 12 90 70 26 68 40 62 12 90 70 26 68

98 95 96 21 32 49 32 98 95 96 21 32 49 32
98 95 96 21 32 49 32 98 95 12 95 96 21 32 49 32
98 95 96 21 32 49 32 98 95 96 12 95 96 21 32 49 32
98 95 96 21 32 49 32 98 95 96 12 96 21 32 49 32
98 95 96 21 32 49 32 98 95 96 21 12 96 21 32 49 32
98 95 12 95 96 21 32 49 32 98 95 96 21 32 49 32
98 95 96 12 95 96 21 32 49 32 98 95 96 21 32 49 32
98 95 96 12 96 21 32 49 32 98 95 96 21 32 49 32
98 95 96 21 12 96 21 32 49 32 98 95 96 21 32 49 32

53 33 77 22 8 77 59 53 33 77 22 8 77 59
53 33 77 22 8 77 59 53 33 10 33 77 22 8 77 59
53 33 77 22 8 77 59 53 33 77 10 33 77 22 8 77 59
53 33 77 22 8 77 59 53 33 77 10 77 22 8 77 59
53 33 77 22 8 77 59 53 33 77 22 10 77 22 8 77 59
53 33 10 33 77 22 8 77 59 53 33 77 22 8 77 59
53 33 77 10 33 77 22 8 77 59 53 33 77 22 8 77 59
53 33 77 10 77 22 8 77 59 53 33 77 22 8 77 59
53 33 77 22 10 77 22 8 77 59 53 33 77 22 8 77 59

92 99 73 48 90 68 100 92 99 73 48 90 68 100
92 99 73 48 90 68 100 92 99 19 99 73 48 90 68 100
92 99 73 48 90 68 100 92 99 73 19 99 73 48 90 68 100
92 99 73 48 90 68 100 92 99 73 19 73 48 90 68 100
92 99 73 48 90 68 100 92 99 73 48 19 73 48 90 68 100
92 99 19 99 73 48 90 68 100 92 99 73 48 90 68 100
92 99 73 19 99 73 48 90 68 100 92 99 73 48 90 68 100
92 99 73 19 73 48 90 68 100 92 99 73 48 90 68 100
92 99 73 48 19 73 48 90 68 100 92 99 73 48 90 68 100

16 66 17 23 11 96 18 16 66 17 23 11 96 18
16 66 17 23 11 96 18 16 66 10 66 17 23 11 96 18
16 66 17 23 11 96 18 16 66 17 10 66 17 23 11 96 18
16 66 17 23 11 96 18 16 66 17 10 17 23 11 96 18
16 66 17 23 11 96 18 16 66 17 23 10 17 23 11 96 18
16 66 10 66 17 23 11 96 18 16 66 17 23 11 96 18
16 66 17 10 66 17 23 11 96 18 16 66 17 23 11 96 18
16 66 17 10 17 23 11 96 18 16 66 17 23 11 96 18
16 66 17 23 10 17 23 11 96 18 16 66 17 23 11 96 18

40 20 75 34 9 83 65 40 20 75 34 9 83 65
40 20 75 34 9 83 65 40 20 6 20 75 34 9 83 65
40 20 75 34 9 83 65 40 20 75 6 20 75 34 9 83 65
40 20 75 34 9 83 65 40 20 75 6 75 34 9 83 65
40 20 75 34 9 83 65 40 20 75 34 6 75 34 9 83 65
40 20 6 20 75 34 9 83 65 40 20 75 34 9 83 65
40 20 75 6 20 75 34 9 83 65 40 20 75 34 9 83 65
40 20 75 6 75 34 9 83 65 40 20 75 34 9 83 65
40 20 75 34 6 75 34 9 83 65 40 20 75 34 9 83 65

83 16 20 7 61 95 90 83 16 20 7 61 95 90
83 16 20 7 61 95 90 83 16 15 16 20 7 61 95 90
83 16 20 7 61 95 90 83 16 20 15 16 20 7 61 95 90
83 16 20 7 61 95 90 83 16 20 15 20 7 61 95 90
83 16 20 7 61 95 90 83 16 20 7 15 20 7 61 95 90
83 16 15 16 20 7 61 95 90 83 16 20 7 61 95 90
83 16 20 15 16 20 7 61 95 90 83 16 20 7 61 95 90
83 16 20 15 20 7 61 95 90 83 16 20 7 61 95 90
83 16 20 7 15 20 7 61 95 90 83 16 20 7 61 95 90

32 69 95 52 92 98 32 32 69 95 52 92 98 32
32 69 95 52 92 98 32 32 69 15 69 95 52 92 98 32
32 69 95 52 92 98 32 32 69 95 15 69 95 52 92 98 32
32 69 95 52 92 98 32 32 69 95 15 95 52 92 98 32
32 69 95 52 92 98 32 32 69 95 52 15 95 52 92 98 32
32 69 15 69 95 52 92 98 32 32 69 95 52 92 98 32
32 69 95 15 69 95 52 92 98 32 32 69 95 52 92 98 32
32 69 95 15 95 52 92 98 32 32 69 95 52 92 98 32
32 69 95 52 15 95 52 92 98 32 32 69 95 52 92 98 32

77 73 57 47 98 16 100 77 73 57 47 98 16 100
77 73 57 47 98 16 100 77 73 12 73 57 47 98 16 100
77 73 57 47 98 16 100 77 73 57 12 73 57 47 98 16 100
77 73 57 47 98 16 100 77 73 57 12 57 47 98 16 100
77 73 57 47 98 16 100 77 73 57 47 12 57 47 98 16 100
77 73 12 73 57 47 98 16 100 77 73 57 47 98 16 100
77 73 57 12 73 57 47 98 16 100 77 73 57 47 98 16 100
77 73 57 12 57 47 98 16 100 77 73 57 47 98 16 100
77 73 57 47 12 57 47 98 16 100 77 73 57 47 98 16 100

95 50 27 10 29 7 71 95 50 27 10 29 7 71
95 50 27 10 29 7 71 95 50 19 50 27 10 29 7 71
95 50 27 10 29 7 71 95 50 27 19 50 27 10 29 7 71
95 50 27 10 29 7 71 95 50 27 19 27 10 29 7 71
95 50 27 10 29 7 71 95 50 27 10 19 27 10 29 7 71
95 50 19 50 27 10 29 7 71 95 50 27 10 29 7 71
95 50 27 19 50 27 10 29 7 71 95 50 27 10 29 7 71
95 50 27 19 27 10 29 7 71 95 50 27 10 29 7 71
95 50 27 10 19 27 10 29 7 71 95 50 27 10 29 7 71

66 92 98 23 18 75 32 66 92 98 23 18 75 32
66 92 98 23 18 75 32 66 92 6 92 98 23 18 75 32
66 92 98 23 18 75 32 66 92 98 6 92 98 23 18 75 32
66 92 98 23 18 75 32 66 92 98 6 98 23 18 75 32
66 92 98 23 18 75 32 66 92 98 23 6 98 23 18 75 32
66 92 6 92 98 23 18 75 32 66 92 98 23 18 75 32
66 92 98 6 92 98 23 18 75 32 66 92 98 23 18 75 32
66 92 98 6 98 23 18 75 32 66 92 98 23 18 75 32
66 92 98 23 6 98 23 18 75 32 66 92 98 23 18 75 32

7 82 88 19 87 94 27 7 82 88 19 87 94 27
7 82 88 19 87 94 27 7 82 14 82 88 19 87 94 27
7 82 88 19 87 94 27 7 82 88 14 82 88 19 87 94 27
7 82 88 19 87 94 27 7 82 88 14 88 19 87 94 27
7 82 88 19 87 94 27 7 82 88 19 14 88 19 87 94 27
7 82 14 82 88 19 87 94 27 7 82 88 19 87 94 27
7 82 88 14 82 88 19 87 94 27 7 82 88 19 87 94 27
7 82 88 14 88 19 87 94 27 7 82 88 19 87 94 27
7 82 88 19 14 88 19 87 94 27 7 82 88 19 87 94 27

55 7 67 15 91 9 39 55 7 67 15 91 9 39
55 7 67 15 91 9 39 55 7 11 7 67 15 91 9 39
55 7 67 15 91 9 39 55 7 67 11 7 67 15 91 9 39
55 7 67 15 91 9 39 55 7 67 11 67 15 91 9 39
55 7 67 15 91 9 39 55 7 67 15 11 67 15 91 9 39
55 7 11 7 67 15 91 9 39 55 7 67 15 91 9 39
55 7 67 11 7 67 15 91 9 39 55 7 67 15 91 9 39
55 7 67 11 67 15 91 9 39 55 7 67 15 91 9 39
55 7 67 15 11 67 15 91 9 39 55 7 67 15 91 9 39

25 47 14 25 71 62 9 25 47 14 25 71 62 9
25 47 14 25 71 62 9 25 47 20 47 14 25 71 62 9
25 47 14 25 71 62 9 25 47 14 20 47 14 25 71 62 9
25 47 14 25 71 62 9 25 47 14 20 14 25 71 62 9
25 47 14 25 71 62 9 25 47 14 25 20 14 25 71 62 9
25 47 20 47 14 25 71 62 9 25 47 14 25 71 62 9
25 47 14 20 47 14 25 71 62 9 25 47 14 25 71 62 9
25 47 14 20 14 25 71 62 9 25 47 14 25 71 62 9
25 47 14 25 20 14 25 71 62 9 25 47 14 25 71 62 9

36 46 80 73 67 27 64 36 46 80 73 67 27 64
36 46 80 73 67 27 64 36 46 19 46 80 73 67 27 64
36 46 80 73 67 27 64 36 46 80 19 46 80 73 67 27 64
36 46 80 73 67 27 64 36 46 80 19 80 73 67 27 64
36 46 80 73 67 27 64 36 46 80 73 19 80 73 67 27 64
36 46 19 46 80 73 67 27 64 36 46 80 73 67 27 64
36 46 80 19 46 80 73 67 27 64 36 46 80 73 67 27 64
36 46 80 19 80 73 67 27 64 36 46 80 73 67 27 64
36 46 80 73 19 80 73 67 27 64 36 46 80 73 67 27 64

48 23 90 15 31 38 6 48 23 90 15 31 38 6
48 23 90 15 31 38 6 48 23 20 23 90 15 31 38 6
48 23 90 15 31 38 6 48 23 90 20 23 90 15 31 38 6
48 23 90 15 31 38 6 48 23 90 20 90 15 31 38 6
48 23 90 15 31 38 6 48 23 90 15 20 90 15 31 38 6
48 23 20 23 90 15 31 38 6 48 23 90 15 31 38 6
48 23 90 20 23 90 15 31 38 6 48 23 90 15 31 38 6
48 23 90 20 90 15 31 38 6 48 23 90 15 31 38 6
48 23 90 15 20 90 15 31 38 6 48 23 90 15 31 38 6

13 8 33 36 31 33 79 13 8 33 36 31 33 79
13 8 33 36 31 33 79 13 8 13 8 33 36 31 33 79
13 8 33 36 31 33 79 13 8 33 13 8 33 36 31 33 79
13 8 33 36 31 33 79 13 8 33 13 33 36 31 33 79
13 8 33 36 31 33 79 13 8 33 36 13 33 36 31 33 79
13 8 13 8 33 36 31 33 79 13 8 33 36 31 33 79
13 8 33 13 8 33 36 31 33 79 13 8 33 36 31 33 79
13 8 33 13 33 36 31 33 79 13 8 33 36 31 33 79
13 8 33 36 13 33 36 31 33 79 13 8 33 36 31 33 79

12 65 35 57 60 31 9 12 65 35 57 60 31 9
12 65 35 57 60 31 9 12 65 5 65 35 57 60 31 9
12 65 35 57 60 31 9 12 65 35 5 65 35 57 60 31 9
12 65 35 57 60 31 9 12 65 35 5 35 57 60 31 9
12 65 35 57 60 31 9 12 65 35 57 5 35 57 60 31 9
12 65 5 65 35 57 60 31 9 12 65 35 57 60 31 9
12 65 35 5 65 35 57 60 31 9 12 65 35 57 60 31 9
12 65 35 5 35 57 60 31 9 12 65 35 57 60 31 9
12 65 35 57 5 35 57 60 31 9 12 65 35 57 60 31 9

11 7 97 29 90 28 23 11 7 97 29 90 28 23
11 7 97 29 90 28 23 11 7 10 7 97 29 90 28 23
11 7 97 29 90 28 23 11 7 97 10 7 97 29 90 28 23
11 7 97 29 90 28 23 11 7 97 10 97 29 90 28 23
11 7 97 29 90 28 23 11 7 97 29 10 97 29 90 28 23
11 7 10 7 97 29 90 28 23 11 7 97 29 90 28 23
11 7 97 10 7 97 29 90 28 23 11 7 97 29 90 28 23
11 7 97 10 97 29 90 28 23 11 7 97 29 90 28 23
11 7 97 29 10 97 29 90 28 23 11 7 97 29 90 28 23

87 78 96 92 72 45 26 87 78 96 92 72 45 26
87 78 96 92 72 45 26 87 78 8 78 96 92 72 45 26
87 78 96 92 72 45 26 87 78 96 8 78 96 92 72 45 26
87 78 96 92 72 45 26 87 78 96 8 96 92 72 45 26
87 78 96 92 72 45 26 87 78 96 92 8 96 92 72 45 26
87 78 8 78 96 92 72 45 26 87 78 96 92 72 45 26
87 78 96 8 78 96 92 72 45 26 87 78 96 92 72 45 26
87 78 96 8 96 92 72 45 26 87 78 96 92 72 45 26
87 78 96 92 8 96 92 72 45 26 87 78 96 92 72 45 26

10 15 34 93 73 62 29 10 15 34 93 73 62 29
10 15 34 93 73 62 29 10 15 8 15 34 93 73 62 29
10 15 34 93 73 62 29 10 15 34 8 15 34 93 73 62 29
10 15 34 93 73 62 29 10 15 34 8 34 93 73 62 29
10 15 34 93 73 62 29 10 15 34 93 8 34 93 73 62 29
10 15 8 15 34 93 73 62 29 10 15 34 93 73 62 29
10 15 34 8 15 34 93 73 62 29 10 15 34 93 73 62 29
10 15 34 8 34 93 73 62 29 10 15 34 93 73 62 29
10 15 34 93 8 34 93 73 62 29 10 15 34 93 73 62 29

6 83 93 9 19 44 69 6 83 93 9 19 44 69
6 83 93 9 19 44 69 6 83 14 83 93 9 19 44 69
6 83 93 9 19 44 69 6 83 93 14 83 93 9 19 44 69
6 83 93 9 19 44 69 6 83 93 14 93 9 19 44 69
6 83 93 9 19 44 69 6 83 93 9 14 93 9 19 44 69
6 83 14 83 93 9 19 44 69 6 83 93 9 19 44 69
6 83 93 14 83 93 9 19 44 69 6 83 93 9 19 44 69
6 83 93 14 93 9 19 44 69 6 83 93 9 19 44 69
6 83 93 9 14 93 9 19 44 69 6 83 93 9 19 44 69

17 83 52 19 43 68 59 17 83 52 19 43 68 59
17 83 52 19 43 68 59 17 83 13 83 52 19 43 68 59
17 83 52 19 43 68 59 17 83 52 13 83 52 19 43 68 59
17 83 52 19 43 68 59 17 83 52 13 52 19 43 68 59
17 83 52 19 43 68 59 17 83 52 19 13 52 19 43 68 59
17 83 13 83 52 19 43 68 59 17 83 52 19 43 68 59
17 83 52 13 83 52 19 43 68 59 17 83 52 19 43 68 59
17 83 52 13 52 19 43 68 59 17 83 52 19 43 68 59
17 83 52 19 13 52 19 43 68 59 17 83 52 19 43 68 59

31 46 89 47 14 65 92 31 46 89 47 14 65 92
31 46 89 47 14 65 92 31 46 12 46 89 47 14 65 92
31 46 89 47 14 65 92 31 46 89 12 46 89 47 14 65 92
31 46 89 47 14 65 92 31 46 89 12 89 47 14 65 92
31 46 89 47 14 65 92 31 46 89 47 12 89 47 14 65 92
31 46 12 46 89 47 14 65 92 31 46 89 47 14 65 92
31 46 89 12 46 89 47 14 65 92 31 46 89 47 14 65 92
31 46 89 12 89 47 14 65 92 31 46 89 47 14 65 92
31 46 89 47 12 89 47 14 65 92 31 46 89 47 14 65 92

76 35 93 38 74 96 40 76 35 93 38 74 96 40
76 35 93 38 74 96 40 76 35 5 35 93 38 74 96 40
76 35 93 38 74 96 40 76 35 93 5 35 93 38 74 96 40
76 35 93 38 74 96 40 76 35 93 5 93 38 74 96 40
76 35 93 38 74 96 40 76 35 93 38 5 93 38 74 96 40
76 35 5 35 93 38 74 96 40 76 35 93 38 74 96 40
76 35 93 5 35 93 38 74 96 40 76 35 93 38 74 96 40
76 35 93 5 93 38 74 96 40 76 35 93 38 74 96 40
76 35 93 38 5 93 38 74 96 40 76 35 93 38 74 96 40

98 15 56 99 60 44 80 98 15 56 99 60 44 80
98 15 56 99 60 44 80 98 15 15 15 56 99 60 44 80
98 15 56 99 60 44 80 98 15 56 15 15 56 99 60 44 80
98 15 56 99 60 44 80 98 15 56 15 56 99 60 44 80
98 15 56 99 60 44 80 98 15 56 99 15 56 99 60 44 80
98 15 15 15 56 99 60 44 80 98 15 56 99 60 44 80
98 15 56 15 15 56 99 60 44 80 98 15 56 99 60 44 80
98 15 56 15 56 99 60 44 80 98 15 56 99 60 44 80
98 15 56 99 15 56 99 60 44 80 98 15 56 99 60 44 80

29 56 29 60 86 23 91 29 56 29 60 86 23 91
29 56 29 60 86 23 91 29 56 19 56 29 60 86 23 91
29 56 29 60 86 23 91 29 56 29 19 56 29 60 86 23 91
29 56 29 60 86 23 91 29 56 29 19 29 60 86 23 91
29 56 29 60 86 23 91 29 56 29 60 19 29 60 86 23 91
29 56 19 56 29 60 86 23 91 29 56 29 60 86 23 91
29 56 29 19 56 29 60 86 23 91 29 56 29 60 86 23 91
29 56 29 19 29 60 86 23 91 29 56 29 60 86 23 91
29 56 29 60 19 29 60 86 23 91 29 56 29 60 86 23 91

78 90 72 94 83 28 30 78 90 72 94 83 28 30
78 90 72 94 83 28 30 78 90 6 90 72 94 83 28 30
78 90 72 94 83 28 30 78 90 72 6 90 72 94 83 28 30
78 90 72 94 83 28 30 78 90 72 6 72 94 83 28 30
78 90 72 94 83 28 30 78 90 72 94 6 72 94 83 28 30
78 90 6 90 72 94 83 28 30 78 90 72 94 83 28 30
78 90 72 6 90 72 94 83 28 30 78 90 72 94 83 28 30
78 90 72 6 72 94 83 28 30 78 90 72 94 83 28 30
78 90 72 94 6 72 94 83 28 30 78 90 72 94 83 28 30

72 92 87 8 95 25 74 72 92 87 8 95 25 74
72 92 87 8 95 25 74 72 92 9 92 87 8 95 25 74
72 92 87 8 95 25 74 72 92 87 9 92 87 8 95 25 74
72 92 87 8 95 25 74 72 92 87 9 87 8 95 25 74
72 92 87 8 95 25 74 72 92 87 8 9 87 8 95 25 74
72 92 9 92 87 8 95 25 74 72 92 87 8 95 25 74
72 92 87 9 92 87 8 95 25 74 72 92 87 8 95 25 74
72 92 87 9 87 8 95 25 74 72 92 87 8 95 25 74
72 92 87 8 9 87 8 95 25 74 72 92 87 8 95 25 74

98 35 67 15 18 61 35 98 35 67 15 18 61 35
98 35 67 15 18 61 35 98 35 5 35 67 15 18 61 35
98 35 67 15 18 61 35 98 35 67 5 35 67 15 18 61 35
98 35 67 15 18 61 35 98 35 67 5 67 15 18 61 35
98 35 67 15 18 61 35 98 35 67 15 5 67 15 18 61 35
98 35 5 35 67 15 18 61 35 98 35 67 15 18 61 35
98 35 67 5 35 67 15 18 61 35 98 35 67 15 18 61 35
98 35 67 5 67 15 18 61 35 98 35 67 15 18 61 35
98 35 67 15 5 67 15 18 61 35 98 35 67 15 18 61 35

54 63 96 36 29 7 76 54 63 96 36 29 7 76
54 63 96 36 29 7 76 54 63 17 63 96 36 29 7 76
54 63 96 36 29 7 76 54 63 96 17 63 96 36 29 7 76
54 63 96 36 29 7 76 54 63 96 17 96 36 29 7 76
54 63 96 36 29 7 76 54 63 96 36 17 96 36 29 7 76
54 63 17 63 96 36 29 7 76 54 63 96 36 29 7 76
54 63 96 17 63 96 36 29 7 76 54 63 96 36 29 7 76
54 63 96 17 96 36 29 7 76 54 63 96 36 29 7 76
54 63 96 36 17 96 36 29 7 76 54 63 96 36 29 7 76

96 62 92 12 38 45 44 96 62 92 12 38 45 44
96 62 92 12 38 45 44 96 62 9 62 92 12 38 45 44
96 62 92 12 38 45 44 96 62 92 9 62 92 12 38 45 44
96 62 92 12 38 45 44 96 62 92 9 92 12 38 45 44
96 62 92 12 38 45 44 96 62 92 12 9 92 12 38 45 44
96 62 9 62 92 12 38 45 44 96 62 92 12 38 45 44
96 62 92 9 62 92 12 38 45 44 96 62 92 12 38 45 44
96 62 92 9 92 12 38 45 44 96 62 92 12 38 45 44
96 62 92 12 9 92 12 38 45 44 96 62 92 12 38 45 44

23 52 30 10 83 46 34 23 52 30 10 83 46 34
23 52 30 10 83 46 34 23 52 14 52 30 10 83 46 34
23 52 30 10 83 46 34 23 52 30 14 52 30 10 83 46 34
23 52 30 10 83 46 34 23 52 30 14 30 10 83 46 34
23 52 30 10 83 46 34 23 52 30 10 14 30 10 83 46 34
23 52 14 52 30 10 83 46 34 23 52 30 10 83 46 34
23 52 30 14 52 30 10 83 46 34 23 52 30 10 83 46 34
23 52 30 14 30 10 83 46 34 23 52 30 10 83 46 34
23 52 30 10 14 30 10 83 46 34 23 52 30 10 83 46 34

91 9 67 48 65 46 18 91 9 67 48 65 46 18
91 9 67 48 65 46 18 91 9 8 9 67 48 65 46 18
91 9 67 48 65 46 18 91 9 67 8 9 67 48 65 46 18
91 9 67 48 65 46 18 91 9 67 8 67 48 65 46 18
91 9 67 48 65 46 18 91 9 67 48 8 67 48 65 46 18
91 9 8 9 67 48 65 46 18 91 9 67 48 65 46 18
91 9 67 8 9 67 48 65 46 18 91 9 67 48 65 46 18
91 9 67 8 67 48 65 46 18 91 9 67 48 65 46 18
91 9 67 48 8 67 48 65 46 18 91 9 67 48 65 46 18

8 30 18 51 84 71 63 8 30 18 51 84 71 63
8 30 18 51 84 71 63 8 30 6 30 18 51 84 71 63
8 30 18 51 84 71 63 8 30 18 6 30 18 51 84 71 63
8 30 18 51 84 71 63 8 30 18 6 18 51 84 71 63
8 30 18 51 84 71 63 8 30 18 51 6 18 51 84 71 63
8 30 6 30 18 51 84 71 63 8 30 18 51 84 71 63
8 30 18 6 30 18 51 84 71 63 8 30 18 51 84 71 63
8 30 18 6 18 51 84 71 63 8 30 18 51 84 71 63
8 30 18 51 6 18 51 84 71 63 8 30 18 51 84 71 63

93 30 98 68 41 86 78 93 30 98 68 41 86 78
93 30 98 68 41 86 78 93 30 13 30 98 68 41 86 78
93 30 98 68 41 86 78 93 30 98 13 30 98 68 41 86 78
93 30 98 68 41 86 78 93 30 98 13 98 68 41 86 78
93 30 98 68 41 86 78 93 30 98 68 13 98 68 41 86 78
93 30 13 30 98 68 41 86 78 93 30 98 68 41 86 78
93 30 98 13 30 98 68 41 86 78 93 30 98 68 41 86 78
93 30 98 13 98 68 41 86 78 93 30 98 68 41 86 78
93 30 98 68 13 98 68 41 86 78 93 30 98 68 41 86 78

10 64 37 21 81 51 88 10 64 37 21 81 51 88
10 64 37 21 81 51 88 10 64 18 64 37 21 81 51 88
10 64 37 21 81 51 88 10 64 37 18 64 37 21 81 51 88
10 64 37 21 81 51 88 10 64 37 18 37 21 81 51 88
10 64 37 21 81 51 88 10 64 37 21 18 37 21 81 51 88
10 64 18 64 37 21 81 51 88 10 64 37 21 81 51 88
10 64 37 18 64 37 21 81 51 88 10 64 37 21 81 51 88
10 64 37 18 37 21 81 51 88 10 64 37 21 81 51 88
10 64 37 21 18 37 21 81 51 88 10 64 37 21 81 51 88

84 58 86 72 8 65 62 84 58 86 72 8 65 62
84 58 86 72 8 65 62 84 58 14 58 86 72 8 65 62
84 58 86 72 8 65 62 84 58 86 14 58 86 72 8 65 62
84 58 86 72 8 65 62 84 58 86 14 86 72 8 65 62
84 58 86 72 8 65 62 84 58 86 72 14 86 72 8 65 62
84 58 14 58 86 72 8 65 62 84 58 86 72 8 65 62
84 58 86 14 58 86 72 8 65 62 84 58 86 72 8 65 62
84 58 86 14 86 72 8 65 62 84 58 86 72 8 65 62
84 58 86 72 14 86 72 8 65 62 84 58 86 72 8 65 62

35 84 43 75 42 48 54 35 84 43 75 42 48 54
35 84 43 75 42 48 54 35 84 8 84 43 75 42 48 54
35 84 43 75 42 48 54 35 84 43 8 84 43 75 42 48 54
35 84 43 75 42 48 54 35 84 43 8 43 75 42 48 54
35 84 43 75 42 48 54 35 84 43 75 8 43 75 42 48 54
35 84 8 84 43 75 42 48 54 35 84 43 75 42 48 54
35 84 43 8 84 43 75 42 48 54 35 84 43 75 42 48 54
35 84 43 8 43 75 42 48 54 35 84 43 75 42 48 54
35 84 43 75 8 43 75 42 48 54 35 84 43 75 42 48 54

62 66 51 64 29 97 8 62 66 51 64 29 97 8
62 66 51 64 29 97 8 62 66 12 66 51 64 29 97 8
62 66 51 64 29 97 8 62 66 51 12 66 51 64 29 97 8
62 66 51 64 29 97 8 62 66 51 12 51 64 29 97 8
62 66 51 64 29 97 8 62 66 51 64 12 51 64 29 97 8
62 66 12 66 51 64 29 97 8 62 66 51 64 29 97 8
62 66 51 12 66 51 64 29 97 8 62 66 51 64 29 97 8
62 66 51 12 51 64 29 97 8 62 66 51 64 29 97 8
62 66 51 64 12 51 64 29 97 8 62 66 51 64 29 97 8

82 20 97 52 21 56 93 82 20 97 52 21 56 93
82 20 97 52 21 56 93 82 20 20 20 97 52 21 56 93
82 20 97 52 21 56 93 82 20 97 20 20 97 52 21 56 93
82 20 97 52 21 56 93 82 20 97 20 97 52 21 56 93
82 20 97 52 21 56 93 82 20 97 52 20 97 52 21 56 93
82 20 20 20 97 52 21 56 93 82 20 97 52 21 56 93
82 20 97 20 20 97 52 21 56 93 82 20 97 52 21 56 93
82 20 97 20 97 52 21 56 93 82 20 97 52 21 56 93
82 20 97 52 20 97 52 21 56 93 82 20 97 52 21 56 93

92 48 70 5 69 49 76 92 48 70 5 69 49 76
92 48 70 5 69 49 76 92 48 13 48 70 5 69 49 76
92 48 70 5 69 49 76 92 48 70 13 48 70 5 69 49 76
92 48 70 5 69 49 76 92 48 70 13 70 5 69 49 76
92 48 70 5 69 49 76 92 48 70 5 13 70 5 69 49 76
92 48 13 48 70 5 69 49 76 92 48 70 5 69 49 76
92 48 70 13 48 70 5 69 49 76 92 48 70 5 69 49 76
92 48 70 13 70 5 69 49 76 92 48 70 5 69 49 76
92 48 70 5 13 70 5 69 49 76 92 48 70 5 69 49 76

48 100 98 68 60 95 42 48 100 98 68 60 95 42
48 100 98 68 60 95 42 48 100 18 100 98 68 60 95 42
48 100 98 68 60 95 42 48 100 98 18 100 98 68 60 95 42
48 100 98 68 60 95 42 48 100 98 18 98 68 60 95 42
48 100 98 68 60 95 42 48 100 98 68 18 98 68 60 95 42
48 100 18 100 98 68 60 95 42 48 100 98 68 60 95 42
48 100 98 18 100 98 68 60 95 42 48 100 98 68 60 95 42
48 100 98 18 98 68 60 95 42 48 100 98 68 60 95 42
48 100 98 68 18 98 68 60 95 42 48 100 98 68 60 95 42

58 95 69 36 39 13 65 58 95 69 36 39 13 65
58 95 69 36 39 13 65 58 95 8 95 69 36 39 13 65
58 95 69 36 39 13 65 58 95 69 8 95 69 36 39 13 65
58 95 69 36 39 13 65 58 95 69 8 69 36 39 13 65
58 95 69 36 39 13 65 58 95 69 36 8 69 36 39 13 65
58 95 8 95 69 36 39 13 65 58 95 69 36 39 13 65
58 95 69 8 95 69 36 39 13 65 58 95 69 36 39 13 65
58 95 69 8 69 36 39 13 65 58 95 69 36 39 13 65
58 95 69 36 8 69 36 39 13 65 58 95 69 36 39 13 65

97 69 49 36 50 22 86 97 69 49 36 50 22 86
97 69 49 36 50 22 86 97 69 6 69 49 36 50 22 86
97 69 49 36 50 22 86 97 69 49 6 69 49 36 50 22 86
97 69 49 36 50 22 86 97 69 49 6 49 36 50 22 86
97 69 49 36 50 22 86 97 69 49 36 6 49 36 50 22 86
97 69 6 69 49 36 50 22 86 97 69 49 36 50 22 86
97 69 49 6 69 49 36 50 22 86 97 69 49 36 50 22 86
97 69 49 6 49 36 50 22 86 97 69 49 36 50 22 86
97 69 49 36 6 49 36 50 22 86 97 69 49 36 50 22 86

34 95 97 90 39 28 38 34 95 97 90 39 28 38
34 95 97 90 39 28 38 34 95 9 95 97 90 39 28 38
34 95 97 90 39 28 38 34 95 97 9 95 97 90 39 28 38
34 95 97 90 39 28 38 34 95 97 9 97 90 39 28 38
34 95 97 90 39 28 38 34 95 97 90 9 97 90 39 28 38
34 95 9 95 97 90 39 28 38 34 95 97 90 39 28 38
34 95 97 9 95 97 90 39 28 38 34 95 97 90 39 28 38
34 95 97 9 97 90 39 28 38 34 95 97 90 39 28 38
34 95 97 90 9 97 90 39 28 38 34 95 97 90 39 28 38

42 23 91 60 90 45 99 42 23 91 60 90 45 99
42 23 91 60 90 45 99 42 23 11 23 91 60 90 45 99
42 23 91 60 90 45 99 42 23 91 11 23 91 60 90 45 99
42 23 91 60 90 45 99 42 23 91 11 91 60 90 45 99
42 23 91 60 90 45 99 42 23 91 60 11 91 60 90 45 99
42 23 11 23 91 60 90 45 99 42 23 91 60 90 45 99
42 23 91 11 23 91 60 90 45 99 42 23 91 60 90 45 99
42 23 91 11 91 60 90 45 99 42 23 91 60 90 45 99
42 23 91 60 11 91 60 90 45 99 42 23 91 60 90 45 99

32 68 88 35 34 48 86 32 68 88 35 34 48 86
32 68 88 35 34 48 86 32 68 10 68 88 35 34 48 86
32 68 88 35 34 48 86 32 68 88 10 68 88 35 34 48 86
32 68 88 35 34 48 86 32 68 88 10 88 35 34 48 86
32 68 88 35 34 48 86 32 68 88 35 10 88 35 34 48 86
32 68 10 68 88 35 34 48 86 32 68 88 35 34 48 86
32 68 88 10 68 88 35 34 48 86 32 68 88 35 34 48 86
32 68 88 10 88 35 34 48 86 32 68 88 35 34 48 86
32 68 88 35 10 88 35 34 48 86 32 68 88 35 34 48 86

23 73 47 74 96 93 14 23 73 47 74 96 93 14
23 73 47 74 96 93 14 23 73 11 73 47 74 96 93 14
23 73 47 74 96 93 14 23 73 47 11 73 47 74 96 93 14
23 73 47 74 96 93 14 23 73 47 11 47 74 96 93 14
23 73 47 74 96 93 14 23 73 47 74 11 47 74 96 93 14
23 73 11 73 47 74 96 93 14 23 73 47 74 96 93 14
23 73 47 11 73 47 74 96 93 14 23 73 47 74 96 93 14
23 73 47 11 47 74 96 93 14 23 73 47 74 96 93 14
23 73 47 74 11 47 74 96 93 14 23 73 47 74 96 93 14

95 60 64 84 79 91 44 95 60 64 84 79 91 44
95 60 64 84 79 91 44 95 60 9 60 64 84 79 91 44
95 60 64 84 79 91 44 95 60 64 9 60 64 84 79 91 44
95 60 64 84 79 91 44 95 60 64 9 64 84 79 91 44
95 60 64 84 79 91 44 95 60 64 84 9 64 84 79 91 44
95 60 9 60 64 84 79 91 44 95 60 64 84 79 91 44
95 60 64 9 60 64 84 79 91 44 95 60 64 84 79 91 44
95 60 64 9 64 84 79 91 44 95 60 64 84 79 91 44
95 60 64 84 9 64 84 79 91 44 95 60 64 84 79 91 44

39 73 18 64 86 56 82 39 73 18 64 86 56 82
39 73 18 64 86 56 82 39 73 18 73 18 64 86 56 82
39 73 18 64 86 56 82 39 73 18 18 73 18 64 86 56 82
39 73 18 64 86 56 82 39 73 18 18 18 64 86 56 82
39 73 18 64 86 56 82 39 73 18 64 18 18 64 86 56 82
39 73 18 73 18 64 86 56 82 39 73 18 64 86 56 82
39 73 18 18 73 18 64 86 56 82 39 73 18 64 86 56 82
39 73 18 18 18 64 86 56 82 39 73 18 64 86 56 82
39 73 18 64 18 18 64 86 56 82 39 73 18 64 86 56 82

86 37 17 99 41 66 75 86 37 17 99 41 66 75
86 37 17 99 41 66 75 86 37 14 37 17 99 41 66 75
86 37 17 99 41 66 75 86 37 17 14 37 17 99 41 66 75
86 37 17 99 41 66 75 86 37 17 14 17 99 41 66 75
86 37 17 99 41 66 75 86 37 17 99 14 17 99 41 66 75
86 37 14 37 17 99 41 66 75 86 37 17 99 41 66 75
86 37 17 14 37 17 99 41 66 75 86 37 17 99 41 66 75
86 37 17 14 17 99 41 66 75 86 37 17 99 41 66 75
86 37 17 99 14 17 99 41 66 75 86 37 17 99 41 66 75

