200
7
4
2

7
26
6
2
28
9
30
28
24
10
18
25
26
0
1
4
7
27
15
11
25
19
12
2
14
21
24
3
4
28
19
9
28
24
26
0
28
22
26
6
2
25
1
9
11
20
7
6
8
13
2
0
22
30
7
6
10
12
3
19
3
20
24
22
23
13
11
10
20
6
14
1
9
20
16
5
25
23
7
27
17
17
1
16
1
10
20
17
29
0
11
26
1
4
23
6
17
3
3
3
15
16
1
18
21
15
20
14
23
25
23
12
5
12
11
23
13
5
19
4
26
14
0
4
18
14
18
6
7
13
17
24
12
18
10
8
2
15
4
20
20
9
15
5
28
13
12
8
7
29
9
15
1
18
27
0
19
8
10
1
13
25
29
22
4
17
21
3
18
28
25
10
27
20
21
25
27
2
8
21
3
2
13
29
30
5
24
3
18
29
14
23
25
20
21
22
29
23
12
15

100 28 
76 29 
35 45 
49 44 
36 35 
109 86 
99 54 
60 29 
80 53 
75 47 
97 44 
103 64 
77 85 
105 34 
45 106 
85 87 
95 29 
20 119 
65 55 
77 52 
33 70 
33 85 
87 49 
73 74 
96 67 
92 22 
38 111 
48 86 
32 111 
106 64 
39 94 
24 96 
90 70 
38 82 
28 42 
38 64 
31 49 
39 61 
44 74 
28 76 
31 43 
100 112 
114 72 
92 57 
17 37 
81 12 
110 71 
55 25 
105 67 
64 65 
85 51 
104 45 
96 24 
29 103 
94 68 
64 41 
76 91 
16 76 
35 12 
59 77 
62 64 
30 110 
75 28 
108 58 
59 56 
108 72 
53 96 
81 107 
95 17 
41 99 
99 76 
98 34 
63 36 
96 105 
89 106 
44 106 
74 100 
84 104 
15 108 
79 94 
73 56 
34 98 
39 31 
41 106 
57 99 
83 32 
79 47 
20 29 
46 89 
53 17 
94 98 
39 94 
114 76 
45 42 
86 35 
43 99 
65 25 
49 71 
56 86 
93 43 
16 72 
81 15 
26 17 
87 59 
28 32 
43 71 
24 24 
108 74 
33 97 
60 44 
98 87 
73 62 
59 103 
90 37 
103 91 
62 81 
29 18 
79 115 
23 107 
89 21 
74 93 
87 99 
14 27 
81 17 
107 50 
65 83 
82 36 
95 88 
95 56 
68 75 
41 24 
64 28 
77 54 
29 20 
72 108 
70 31 
25 54 
77 72 
32 114 
106 43 
92 107 
39 51 
45 67 
21 77 
23 73 
22 24 
59 44 
33 83 
36 33 
45 92 
63 32 
49 13 
38 34 
107 98 
66 101 
33 101 
110 81 
80 68 
94 17 
56 75 
29 50 
54 48 
86 94 
32 16 
64 110 
26 77 
76 106 
65 44 
75 35 
98 65 
82 73 
65 64 
53 87 
28 44 
44 39 
84 64 
51 43 
72 27 
52 63 
28 46 
89 30 
76 77 
94 47 
99 83 
16 98 
47 84 
58 66 
41 27 
66 102 
39 17 
63 72 
32 72 
15 95 
20 39 
39 88 
60 83 
38 76 
60 94 
89 96 
42 92 

2068
1987
1378
1679
2238
2009
1609
1625
1803
2226
1291
1812
2156
1910
1696
1986
1698
1851
1634
2150
1435
1807
1925
1643
1530
2235
1456
2152
1837
2733
1949
2225
2433
2114
1422
1358
1969
1158
2016
1418
1223
2180
2347
2071
1286
1548
1751
1183
2574
1642
1744
1877
1834
1384
1724
1398
2083
1480
1099
1666
2264
2554
1144
2153
1754
2385
1670
2114
1770
2146
1920
2189
1706
2589
2321
1738
2051
1901
1756
2121
1940
1455
955
2065
1485
2126
2454
1997
1883
1588
2336
2154
2591
1147
2152
1686
1632
1913
2198
1480
1302
1973
1358
2475
1688
1840
1461
2447
1681
1723
2286
1695
1784
2312
2269
1946
1222
2189
1679
1504
1827
2365
1285
1915
1914
2507
1556
2510
1405
2109
1171
1744
1706
1042
1931
1340
1473
1621
1764
1959
2144
1674
2310
1696
1466
1295
1657
1657
1510
1249
1557
1639
1353
2410
1413
1791
2547
1541
2086
2041
1388
1412
1806
1391
1922
1910
2026
921
1707
2203
2131
1361
1578
1566
1357
1888
1865
1646
1911
1273
2225
1674
1729
1534
1643
2070
1995
1006
1802
1795
1667
1835
2001
2266
1732
2134
2144
1956
2514
1483

1 2 3 4 5 1 2 3 4 5 6 7
1 2 3 4 5 1 2 100 102 3 4 5 6 7
1 2 3 4 5 1 2 3 100 102 103 4 5 6 7
1 2 3 4 5 1 2 3 100 103 4 5 6 7
1 2 3 4 5 1 2 3 4 100 103 104 5 6 7
1 2 100 102 3 4 5 1 2 3 4 5 6 7
1 2 3 100 102 103 4 5 1 2 3 4 5 6 7
1 2 3 100 103 4 5 1 2 3 4 5 6 7
1 2 3 4 100 103 104 5 1 2 3 4 5 6 7

72 81 89 10 16 79 82 72 81 89 10 16 79 82
72 81 89 10 16 79 82 72 81 18 81 89 10 16 79 82
72 81 89 10 16 79 82 72 81 89 18 81 89 10 16 79 82
72 81 89 10 16 79 82 72 81 89 18 89 10 16 79 82
72 81 89 10 16 79 82 72 81 89 10 18 89 10 16 79 82
72 81 18 81 89 10 16 79 82 72 81 89 10 16 79 82
72 81 89 18 81 89 10 16 79 82 72 81 89 10 16 79 82
72 81 89 18 89 10 16 79 82 72 81 89 10 16 79 82
72 81 89 10 18 89 10 16 79 82 72 81 89 10 16 79 82

21 100 59 16 68 77 69 21 100 59 16 68 77 69
21 100 59 16 68 77 69 21 100 9 100 59 16 68 77 69
21 100 59 16 68 77 69 21 100 59 9 100 59 16 68 77 69
21 100 59 16 68 77 69 21 100 59 9 59 16 68 77 69
21 100 59 16 68 77 69 21 100 59 16 9 59 16 68 77 69
21 100 9 100 59 16 68 77 69 21 100 59 16 68 77 69
21 100 59 9 100 59 16 68 77 69 21 100 59 16 68 77 69
21 100 59 9 59 16 68 77 69 21 100 59 16 68 77 69
21 100 59 16 9 59 16 68 77 69 21 100 59 16 68 77 69

31 14 29 28 97 66 11 31 14 29 28 97 66 11
31 14 29 28 97 66 11 31 14 6 14 29 28 97 66 11
31 14 29 28 97 66 11 31 14 29 6 14 29 28 97 66 11
31 14 29 28 97 66 11 31 14 29 6 29 28 97 66 11
31 14 29 28 97 66 11 31 14 29 28 6 29 28 97 66 11
31 14 6 14 29 28 97 66 11 31 14 29 28 97 66 11
31 14 29 6 14 29 28 97 66 11 31 14 29 28 97 66 11
31 14 29 6 29 28 97 66 11 31 14 29 28 97 66 11
31 14 29 28 6 29 28 97 66 11 31 14 29 28 97 66 11

64 26 39 35 77 76 21 64 26 39 35 77 76 21
64 26 39 35 77 76 21 64 26 10 26 39 35 77 76 21
64 26 39 35 77 76 21 64 26 39 10 26 39 35 77 76 21
64 26 39 35 77 76 21 64 26 39 10 39 35 77 76 21
64 26 39 35 77 76 21 64 26 39 35 10 39 35 77 76 21
64 26 10 26 39 35 77 76 21 64 26 39 35 77 76 21
64 26 39 10 26 39 35 77 76 21 64 26 39 35 77 76 21
64 26 39 10 39 35 77 76 21 64 26 39 35 77 76 21
64 26 39 35 10 39 35 77 76 21 64 26 39 35 77 76 21

92 81 25 20 65 96 91 92 81 25 20 65 96 91
92 81 25 20 65 96 91 92 81 14 81 25 20 65 96 91
92 81 25 20 65 96 91 92 81 25 14 81 25 20 65 96 91
92 81 25 20 65 96 91 92 81 25 14 25 20 65 96 91
92 81 25 20 65 96 91 92 81 25 20 14 25 20 65 96 91
92 81 14 81 25 20 65 96 91 92 81 25 20 65 96 91
92 81 25 14 81 25 20 65 96 91 92 81 25 20 65 96 91
92 81 25 14 25 20 65 96 91 92 81 25 20 65 96 91
92 81 25 20 14 25 20 65 96 91 92 81 25 20 65 96 91

24 30 90 67 60 93 49 24 30 90 67 60 93 49
24 30 90 67 60 93 49 24 30 6 30 90 67 60 93 49
24 30 90 67 60 93 49 24 30 90 6 30 90 67 60 93 49
24 30 90 67 60 93 49 24 30 90 6 90 67 60 93 49
24 30 90 67 60 93 49 24 30 90 67 6 90 67 60 93 49
24 30 6 30 90 67 60 93 49 24 30 90 67 60 93 49
24 30 90 6 30 90 67 60 93 49 24 30 90 67 60 93 49
24 30 90 6 90 67 60 93 49 24 30 90 67 60 93 49
24 30 90 67 6 90 67 60 93 49 24 30 90 67 60 93 49

16 59 85 47 16 79 23 16 59 85 47 16 79 23
16 59 85 47 16 79 23 16 59 14 59 85 47 16 79 23
16 59 85 47 16 79 23 16 59 85 14 59 85 47 16 79 23
16 59 85 47 16 79 23 16 59 85 14 85 47 16 79 23
16 59 85 47 16 79 23 16 59 85 47 14 85 47 16 79 23
16 59 14 59 85 47 16 79 23 16 59 85 47 16 79 23
16 59 85 14 59 85 47 16 79 23 16 59 85 47 16 79 23
16 59 85 14 85 47 16 79 23 16 59 85 47 16 79 23
16 59 85 47 14 85 47 16 79 23 16 59 85 47 16 79 23

65 46 41 19 36 63 80 65 46 41 19 36 63 80
65 46 41 19 36 63 80 65 46 12 46 41 19 36 63 80
65 46 41 19 36 63 80 65 46 41 12 46 41 19 36 63 80
65 46 41 19 36 63 80 65 46 41 12 41 19 36 63 80
65 46 41 19 36 63 80 65 46 41 19 12 41 19 36 63 80
65 46 12 46 41 19 36 63 80 65 46 41 19 36 63 80
65 46 41 12 46 41 19 36 63 80 65 46 41 19 36 63 80
65 46 41 12 41 19 36 63 80 65 46 41 19 36 63 80
65 46 41 19 12 41 19 36 63 80 65 46 41 19 36 63 80

38 80 64 38 65 12 23 38 80 64 38 65 12 23
38 80 64 38 65 12 23 38 80 7 80 64 38 65 12 23
38 80 64 38 65 12 23 38 80 64 7 80 64 38 65 12 23
38 80 64 38 65 12 23 38 80 64 7 64 38 65 12 23
38 80 64 38 65 12 23 38 80 64 38 7 64 38 65 12 23
38 80 7 80 64 38 65 12 23 38 80 64 38 65 12 23
38 80 64 7 80 64 38 65 12 23 38 80 64 38 65 12 23
38 80 64 7 64 38 65 12 23 38 80 64 38 65 12 23
38 80 64 38 7 64 38 65 12 23 38 80 64 38 65 12 23

65 92 69 27 52 86 56 65 92 69 27 52 86 56
65 92 69 27 52 86 56 65 92 6 92 69 27 52 86 56
65 92 69 27 52 86 56 65 92 69 6 92 69 27 52 86 56
65 92 69 27 52 86 56 65 92 69 6 69 27 52 86 56
65 92 69 27 52 86 56 65 92 69 27 6 69 27 52 86 56
65 92 6 92 69 27 52 86 56 65 92 69 27 52 86 56
65 92 69 6 92 69 27 52 86 56 65 92 69 27 52 86 56
65 92 69 6 69 27 52 86 56 65 92 69 27 52 86 56
65 92 69 27 6 69 27 52 86 56 65 92 69 27 52 86 56

17 44 84 24 21 25 35 17 44 84 24 21 25 35
17 44 84 24 21 25 35 17 44 17 44 84 24 21 25 35
17 44 84 24 21 25 35 17 44 84 17 44 84 24 21 25 35
17 44 84 24 21 25 35 17 44 84 17 84 24 21 25 35
17 44 84 24 21 25 35 17 44 84 24 17 84 24 21 25 35
17 44 17 44 84 24 21 25 35 17 44 84 24 21 25 35
17 44 84 17 44 84 24 21 25 35 17 44 84 24 21 25 35
17 44 84 17 84 24 21 25 35 17 44 84 24 21 25 35
17 44 84 24 17 84 24 21 25 35 17 44 84 24 21 25 35

41 87 84 52 24 14 20 41 87 84 52 24 14 20
41 87 84 52 24 14 20 41 87 17 87 84 52 24 14 20
41 87 84 52 24 14 20 41 87 84 17 87 84 52 24 14 20
41 87 84 52 24 14 20 41 87 84 17 84 52 24 14 20
41 87 84 52 24 14 20 41 87 84 52 17 84 52 24 14 20
41 87 17 87 84 52 24 14 20 41 87 84 52 24 14 20
41 87 84 17 87 84 52 24 14 20 41 87 84 52 24 14 20
41 87 84 17 84 52 24 14 20 41 87 84 52 24 14 20
41 87 84 52 17 84 52 24 14 20 41 87 84 52 24 14 20

87 24 61 78 76 65 25 87 24 61 78 76 65 25
87 24 61 78 76 65 25 87 24 6 24 61 78 76 65 25
87 24 61 78 76 65 25 87 24 61 6 24 61 78 76 65 25
87 24 61 78 76 65 25 87 24 61 6 61 78 76 65 25
87 24 61 78 76 65 25 87 24 61 78 6 61 78 76 65 25
87 24 6 24 61 78 76 65 25 87 24 61 78 76 65 25
87 24 61 6 24 61 78 76 65 25 87 24 61 78 76 65 25
87 24 61 6 61 78 76 65 25 87 24 61 78 76 65 25
87 24 61 78 6 61 78 76 65 25 87 24 61 78 76 65 25

73 51 92 23 63 6 59 73 51 92 23 63 6 59
73 51 92 23 63 6 59 73 51 5 51 92 23 63 6 59
73 51 92 23 63 6 59 73 51 92 5 51 92 23 63 6 59
73 51 92 23 63 6 59 73 51 92 5 92 23 63 6 59
73 51 92 23 63 6 59 73 51 92 23 5 92 23 63 6 59
73 51 5 51 92 23 63 6 59 73 51 92 23 63 6 59
73 51 92 5 51 92 23 63 6 59 73 51 92 23 63 6 59
73 51 92 5 92 23 63 6 59 73 51 92 23 63 6 59
73 51 92 23 5 92 23 63 6 59 73 51 92 23 63 6 59

59 41 29 91 5 82 64 59 41 29 91 5 82 64
59 41 29 91 5 82 64 59 41 13 41 29 91 5 82 64
59 41 29 91 5 82 64 59 41 29 13 41 29 91 5 82 64
59 41 29 91 5 82 64 59 41 29 13 29 91 5 82 64
59 41 29 91 5 82 64 59 41 29 91 13 29 91 5 82 64
59 41 13 41 29 91 5 82 64 59 41 29 91 5 82 64
59 41 29 13 41 29 91 5 82 64 59 41 29 91 5 82 64
59 41 29 13 29 91 5 82 64 59 41 29 91 5 82 64
59 41 29 91 13 29 91 5 82 64 59 41 29 91 5 82 64

80 6 80 73 63 23 56 80 6 80 73 63 23 56
80 6 80 73 63 23 56 80 6 10 6 80 73 63 23 56
80 6 80 73 63 23 56 80 6 80 10 6 80 73 63 23 56
80 6 80 73 63 23 56 80 6 80 10 80 73 63 23 56
80 6 80 73 63 23 56 80 6 80 73 10 80 73 63 23 56
80 6 10 6 80 73 63 23 56 80 6 80 73 63 23 56
80 6 80 10 6 80 73 63 23 56 80 6 80 73 63 23 56
80 6 80 10 80 73 63 23 56 80 6 80 73 63 23 56
80 6 80 73 10 80 73 63 23 56 80 6 80 73 63 23 56

80 22 84 21 37 37 63 80 22 84 21 37 37 63
80 22 84 21 37 37 63 80 22 8 22 84 21 37 37 63
80 22 84 21 37 37 63 80 22 84 8 22 84 21 37 37 63
80 22 84 21 37 37 63 80 22 84 8 84 21 37 37 63
80 22 84 21 37 37 63 80 22 84 21 8 84 21 37 37 63
80 22 8 22 84 21 37 37 63 80 22 84 21 37 37 63
80 22 84 8 22 84 21 37 37 63 80 22 84 21 37 37 63
80 22 84 8 84 21 37 37 63 80 22 84 21 37 37 63
80 22 84 21 8 84 21 37 37 63 80 22 84 21 37 37 63

60 9 13 100 73 47 83 60 9 13 100 73 47 83
60 9 13 100 73 47 83 60 9 14 9 13 100 73 47 83
60 9 13 100 73 47 83 60 9 13 14 9 13 100 73 47 83
60 9 13 100 73 47 83 60 9 13 14 13 100 73 47 83
60 9 13 100 73 47 83 60 9 13 100 14 13 100 73 47 83
60 9 14 9 13 100 73 47 83 60 9 13 100 73 47 83
60 9 13 14 9 13 100 73 47 83 60 9 13 100 73 47 83
60 9 13 14 13 100 73 47 83 60 9 13 100 73 47 83
60 9 13 100 14 13 100 73 47 83 60 9 13 100 73 47 83

91 38 55 40 19 41 39 91 38 55 40 19 41 39
91 38 55 40 19 41 39 91 38 18 38 55 40 19 41 39
91 38 55 40 19 41 39 91 38 55 18 38 55 40 19 41 39
91 38 55 40 19 41 39 91 38 55 18 55 40 19 41 39
91 38 55 40 19 41 39 91 38 55 40 18 55 40 19 41 39
91 38 18 38 55 40 19 41 39 91 38 55 40 19 41 39
91 38 55 18 38 55 40 19 41 39 91 38 55 40 19 41 39
91 38 55 18 55 40 19 41 39 91 38 55 40 19 41 39
91 38 55 40 18 55 40 19 41 39 91 38 55 40 19 41 39

83 98 57 38 42 61 27 83 98 57 38 42 61 27
83 98 57 38 42 61 27 83 98 9 98 57 38 42 61 27
83 98 57 38 42 61 27 83 98 57 9 98 57 38 42 61 27
83 98 57 38 42 61 27 83 98 57 9 57 38 42 61 27
83 98 57 38 42 61 27 83 98 57 38 9 57 38 42 61 27
83 98 9 98 57 38 42 61 27 83 98 57 38 42 61 27
83 98 57 9 98 57 38 42 61 27 83 98 57 38 42 61 27
83 98 57 9 57 38 42 61 27 83 98 57 38 42 61 27
83 98 57 38 9 57 38 42 61 27 83 98 57 38 42 61 27

82 5 22 61 7 97 38 82 5 22 61 7 97 38
82 5 22 61 7 97 38 82 5 14 5 22 61 7 97 38
82 5 22 61 7 97 38 82 5 22 14 5 22 61 7 97 38
82 5 22 61 7 97 38 82 5 22 14 22 61 7 97 38
82 5 22 61 7 97 38 82 5 22 61 14 22 61 7 97 38
82 5 14 5 22 61 7 97 38 82 5 22 61 7 97 38
82 5 22 14 5 22 61 7 97 38 82 5 22 61 7 97 38
82 5 22 14 22 61 7 97 38 82 5 22 61 7 97 38
82 5 22 61 14 22 61 7 97 38 82 5 22 61 7 97 38

29 40 21 79 72 61 74 29 40 21 79 72 61 74
29 40 21 79 72 61 74 29 40 16 40 21 79 72 61 74
29 40 21 79 72 61 74 29 40 21 16 40 21 79 72 61 74
29 40 21 79 72 61 74 29 40 21 16 21 79 72 61 74
29 40 21 79 72 61 74 29 40 21 79 16 21 79 72 61 74
29 40 16 40 21 79 72 61 74 29 40 21 79 72 61 74
29 40 21 16 40 21 79 72 61 74 29 40 21 79 72 61 74
29 40 21 16 21 79 72 61 74 29 40 21 79 72 61 74
29 40 21 79 16 21 79 72 61 74 29 40 21 79 72 61 74

58 42 69 32 83 20 79 58 42 69 32 83 20 79
58 42 69 32 83 20 79 58 42 17 42 69 32 83 20 79
58 42 69 32 83 20 79 58 42 69 17 42 69 32 83 20 79
58 42 69 32 83 20 79 58 42 69 17 69 32 83 20 79
58 42 69 32 83 20 79 58 42 69 32 17 69 32 83 20 79
58 42 17 42 69 32 83 20 79 58 42 69 32 83 20 79
58 42 69 17 42 69 32 83 20 79 58 42 69 32 83 20 79
58 42 69 17 69 32 83 20 79 58 42 69 32 83 20 79
58 42 69 32 17 69 32 83 20 79 58 42 69 32 83 20 79

27 6 61 59 80 8 93 27 6 61 59 80 8 93
27 6 61 59 80 8 93 27 6 12 6 61 59 80 8 93
27 6 61 59 80 8 93 27 6 61 12 6 61 59 80 8 93
27 6 61 59 80 8 93 27 6 61 12 61 59 80 8 93
27 6 61 59 80 8 93 27 6 61 59 12 61 59 80 8 93
27 6 12 6 61 59 80 8 93 27 6 61 59 80 8 93
27 6 61 12 6 61 59 80 8 93 27 6 61 59 80 8 93
27 6 61 12 61 59 80 8 93 27 6 61 59 80 8 93
27 6 61 59 12 61 59 80 8 93 27 6 61 59 80 8 93

42 42 77 48 13 80 5 42 42 77 48 13 80 5
42 42 77 48 13 80 5 42 42 16 42 77 48 13 80 5
42 42 77 48 13 80 5 42 42 77 16 42 77 48 13 80 5
42 42 77 48 13 80 5 42 42 77 16 77 48 13 80 5
42 42 77 48 13 80 5 42 42 77 48 16 77 48 13 80 5
42 42 16 42 77 48 13 80 5 42 42 77 48 13 80 5
42 42 77 16 42 77 48 13 80 5 42 42 77 48 13 80 5
42 42 77 16 77 48 13 80 5 42 42 77 48 13 80 5
42 42 77 48 16 77 48 13 80 5 42 42 77 48 13 80 5

42 95 85 15 78 65 54 42 95 85 15 78 65 54
42 95 85 15 78 65 54 42 95 7 95 85 15 78 65 54
42 95 85 15 78 65 54 42 95 85 7 95 85 15 78 65 54
42 95 85 15 78 65 54 42 95 85 7 85 15 78 65 54
42 95 85 15 78 65 54 42 95 85 15 7 85 15 78 65 54
42 95 7 95 85 15 78 65 54 42 95 85 15 78 65 54
42 95 85 7 95 85 15 78 65 54 42 95 85 15 78 65 54
42 95 85 7 85 15 78 65 54 42 95 85 15 78 65 54
42 95 85 15 7 85 15 78 65 54 42 95 85 15 78 65 54

19 19 19 93 69 16 35 19 19 19 93 69 16 35
19 19 19 93 69 16 35 19 19 13 19 19 93 69 16 35
19 19 19 93 69 16 35 19 19 19 13 19 19 93 69 16 35
19 19 19 93 69 16 35 19 19 19 13 19 93 69 16 35
19 19 19 93 69 16 35 19 19 19 93 13 19 93 69 16 35
19 19 13 19 19 93 69 16 35 19 19 19 93 69 16 35
19 19 19 13 19 19 93 69 16 35 19 19 19 93 69 16 35
19 19 19 13 19 93 69 16 35 19 19 19 93 69 16 35
19 19 19 93 13 19 93 69 16 35 19 19 19 93 69 16 35

84 83 36 68 95 10 8 84 83 36 68 95 10 8
84 83 36 68 95 10 8 84 83 20 83 36 68 95 10 8
84 83 36 68 95 10 8 84 83 36 20 83 36 68 95 10 8
84 83 36 68 95 10 8 84 83 36 20 36 68 95 10 8
84 83 36 68 95 10 8 84 83 36 68 20 36 68 95 10 8
84 83 20 83 36 68 95 10 8 84 83 36 68 95 10 8
84 83 36 20 83 36 68 95 10 8 84 83 36 68 95 10 8
84 83 36 20 36 68 95 10 8 84 83 36 68 95 10 8
84 83 36 68 20 36 68 95 10 8 84 83 36 68 95 10 8

19 56 13 95 97 10 63 19 56 13 95 97 10 63
19 56 13 95 97 10 63 19 56 8 56 13 95 97 10 63
19 56 13 95 97 10 63 19 56 13 8 56 13 95 97 10 63
19 56 13 95 97 10 63 19 56 13 8 13 95 97 10 63
19 56 13 95 97 10 63 19 56 13 95 8 13 95 97 10 63
19 56 8 56 13 95 97 10 63 19 56 13 95 97 10 63
19 56 13 8 56 13 95 97 10 63 19 56 13 95 97 10 63
19 56 13 8 13 95 97 10 63 19 56 13 95 97 10 63
19 56 13 95 8 13 95 97 10 63 19 56 13 95 97 10 63

92 99 90 52 49 71 90 92 99 90 52 49 71 90
92 99 90 52 49 71 90 92 99 12 99 90 52 49 71 90
92 99 90 52 49 71 90 92 99 90 12 99 90 52 49 71 90
92 99 90 52 49 71 90 92 99 90 12 90 52 49 71 90
92 99 90 52 49 71 90 92 99 90 52 12 90 52 49 71 90
92 99 12 99 90 52 49 71 90 92 99 90 52 49 71 90
92 99 90 12 99 90 52 49 71 90 92 99 90 52 49 71 90
92 99 90 12 90 52 49 71 90 92 99 90 52 49 71 90
92 99 90 52 12 90 52 49 71 90 92 99 90 52 49 71 90

52 90 24 75 26 82 57 52 90 24 75 26 82 57
52 90 24 75 26 82 57 52 90 16 90 24 75 26 82 57
52 90 24 75 26 82 57 52 90 24 16 90 24 75 26 82 57
52 90 24 75 26 82 57 52 90 24 16 24 75 26 82 57
52 90 24 75 26 82 57 52 90 24 75 16 24 75 26 82 57
52 90 16 90 24 75 26 82 57 52 90 24 75 26 82 57
52 90 24 16 90 24 75 26 82 57 52 90 24 75 26 82 57
52 90 24 16 24 75 26 82 57 52 90 24 75 26 82 57
52 90 24 75 16 24 75 26 82 57 52 90 24 75 26 82 57

19 86 12 83 98 87 80 19 86 12 83 98 87 80
19 86 12 83 98 87 80 19 86 14 86 12 83 98 87 80
19 86 12 83 98 87 80 19 86 12 14 86 12 83 98 87 80
19 86 12 83 98 87 80 19 86 12 14 12 83 98 87 80
19 86 12 83 98 87 80 19 86 12 83 14 12 83 98 87 80
19 86 14 86 12 83 98 87 80 19 86 12 83 98 87 80
19 86 12 14 86 12 83 98 87 80 19 86 12 83 98 87 80
19 86 12 14 12 83 98 87 80 19 86 12 83 98 87 80
19 86 12 83 14 12 83 98 87 80 19 86 12 83 98 87 80

30 95 83 63 92 100 20 30 95 83 63 92 100 20
30 95 83 63 92 100 20 30 95 6 95 83 63 92 100 20
30 95 83 63 92 100 20 30 95 83 6 95 83 63 92 100 20
30 95 83 63 92 100 20 30 95 83 6 83 63 92 100 20
30 95 83 63 92 100 20 30 95 83 63 6 83 63 92 100 20
30 95 6 95 83 63 92 100 20 30 95 83 63 92 100 20
30 95 83 6 95 83 63 92 100 20 30 95 83 63 92 100 20
30 95 83 6 83 63 92 100 20 30 95 83 63 92 100 20
30 95 83 63 6 83 63 92 100 20 30 95 83 63 92 100 20

53 27 24 76 99 65 89 53 27 24 76 99 65 89
53 27 24 76 99 65 89 53 27 15 27 24 76 99 65 89
53 27 24 76 99 65 89 53 27 24 15 27 24 76 99 65 89
53 27 24 76 99 65 89 53 27 24 15 24 76 99 65 89
53 27 24 76 99 65 89 53 27 24 76 15 24 76 99 65 89
53 27 15 27 24 76 99 65 89 53 27 24 76 99 65 89
53 27 24 15 27 24 76 99 65 89 53 27 24 76 99 65 89
53 27 24 15 24 76 99 65 89 53 27 24 76 99 65 89
53 27 24 76 15 24 76 99 65 89 53 27 24 76 99 65 89

68 30 11 31 53 32 61 68 30 11 31 53 32 61
68 30 11 31 53 32 61 68 30 18 30 11 31 53 32 61
68 30 11 31 53 32 61 68 30 11 18 30 11 31 53 32 61
68 30 11 31 53 32 61 68 30 11 18 11 31 53 32 61
68 30 11 31 53 32 61 68 30 11 31 18 11 31 53 32 61
68 30 18 30 11 31 53 32 61 68 30 11 31 53 32 61
68 30 11 18 30 11 31 53 32 61 68 30 11 31 53 32 61
68 30 11 18 11 31 53 32 61 68 30 11 31 53 32 61
68 30 11 31 18 11 31 53 32 61 68 30 11 31 53 32 61

79 27 32 45 14 6 63 79 27 32 45 14 6 63
79 27 32 45 14 6 63 79 27 20 27 32 45 14 6 63
79 27 32 45 14 6 63 79 27 32 20 27 32 45 14 6 63
79 27 32 45 14 6 63 79 27 32 20 32 45 14 6 63
79 27 32 45 14 6 63 79 27 32 45 20 32 45 14 6 63
79 27 20 27 32 45 14 6 63 79 27 32 45 14 6 63
79 27 32 20 27 32 45 14 6 63 79 27 32 45 14 6 63
79 27 32 20 32 45 14 6 63 79 27 32 45 14 6 63
79 27 32 45 20 32 45 14 6 63 79 27 32 45 14 6 63

48 94 20 39 68 47 74 48 94 20 39 68 47 74
48 94 20 39 68 47 74 48 94 5 94 20 39 68 47 74
48 94 20 39 68 47 74 48 94 20 5 94 20 39 68 47 74
48 94 20 39 68 47 74 48 94 20 5 20 39 68 47 74
48 94 20 39 68 47 74 48 94 20 39 5 20 39 68 47 74
48 94 5 94 20 39 68 47 74 48 94 20 39 68 47 74
48 94 20 5 94 20 39 68 47 74 48 94 20 39 68 47 74
48 94 20 5 20 39 68 47 74 48 94 20 39 68 47 74
48 94 20 39 5 20 39 68 47 74 48 94 20 39 68 47 74

18 34 22 52 9 68 60 18 34 22 52 9 68 60
18 34 22 52 9 68 60 18 34 18 34 22 52 9 68 60
18 34 22 52 9 68 60 18 34 22 18 34 22 52 9 68 60
18 34 22 52 9 68 60 18 34 22 18 22 52 9 68 60
18 34 22 52 9 68 60 18 34 22 52 18 22 52 9 68 60
18 34 18 34 22 52 9 68 60 18 34 22 52 9 68 60
18 34 22 18 34 22 52 9 68 60 18 34 22 52 9 68 60
18 34 22 18 22 52 9 68 60 18 34 22 52 9 68 60
18 34 22 52 18 22 52 9 68 60 18 34 22 52 9 68 60

80 34 38 67 49 55 97 80 34 38 67 49 55 97
80 34 38 67 49 55 97 80 34 16 34 38 67 49 55 97
80 34 38 67 49 55 97 80 34 38 16 34 38 67 49 55 97
80 34 38 67 49 55 97 80 34 38 16 38 67 49 55 97
80 34 38 67 49 55 97 80 34 38 67 16 38 67 49 55 97
80 34 16 34 38 67 49 55 97 80 34 38 67 49 55 97
80 34 38 16 34 38 67 49 55 97 80 34 38 67 49 55 97
80 34 38 16 38 67 49 55 97 80 34 38 67 49 55 97
80 34 38 67 16 38 67 49 55 97 80 34 38 67 49 55 97

11 71 11 71 53 9 44 11 71 11 71 53 9 44
11 71 11 71 53 9 44 11 71 13 71 11 71 53 9 44
11 71 11 71 53 9 44 11 71 11 13 71 11 71 53 9 44
11 71 11 71 53 9 44 11 71 11 13 11 71 53 9 44
11 71 11 71 53 9 44 11 71 11 71 13 11 71 53 9 44
11 71 13 71 11 71 53 9 44 11 71 11 71 53 9 44
11 71 11 13 71 11 71 53 9 44 11 71 11 71 53 9 44
11 71 11 13 11 71 53 9 44 11 71 11 71 53 9 44
11 71 11 71 13 11 71 53 9 44 11 71 11 71 53 9 44

17 77 11 24 43 28 44 17 77 11 24 43 28 44
17 77 11 24 43 28 44 17 77 6 77 11 24 43 28 44
17 77 11 24 43 28 44 17 77 11 6 77 11 24 43 28 44
17 77 11 24 43 28 44 17 77 11 6 11 24 43 28 44
17 77 11 24 43 28 44 17 77 11 24 6 11 24 43 28 44
17 77 6 77 11 24 43 28 44 17 77 11 24 43 28 44
17 77 11 6 77 11 24 43 28 44 17 77 11 24 43 28 44
17 77 11 6 11 24 43 28 44 17 77 11 24 43 28 44
17 77 11 24 6 11 24 43 28 44 17 77 11 24 43 28 44

20 71 80 92 56 64 41 20 71 80 92 56 64 41
20 71 80 92 56 64 41 20 71 12 71 80 92 56 64 41
20 71 80 92 56 64 41 20 71 80 12 71 80 92 56 64 41
20 71 80 92 56 64 41 20 71 80 12 80 92 56 64 41
20 71 80 92 56 64 41 20 71 80 92 12 80 92 56 64 41
20 71 12 71 80 92 56 64 41 20 71 80 92 56 64 41
20 71 80 12 71 80 92 56 64 41 20 71 80 92 56 64 41
20 71 80 12 80 92 56 64 41 20 71 80 92 56 64 41
20 71 80 92 12 80 92 56 64 41 20 71 80 92 56 64 41

94 34 97 52 70 42 63 94 34 97 52 70 42 63
94 34 97 52 70 42 63 94 34 6 34 97 52 70 42 63
94 34 97 52 70 42 63 94 34 97 6 34 97 52 70 42 63
94 34 97 52 70 42 63 94 34 97 6 97 52 70 42 63
94 34 97 52 70 42 63 94 34 97 52 6 97 52 70 42 63
94 34 6 34 97 52 70 42 63 94 34 97 52 70 42 63
94 34 97 6 34 97 52 70 42 63 94 34 97 52 70 42 63
94 34 97 6 97 52 70 42 63 94 34 97 52 70 42 63
94 34 97 52 6 97 52 70 42 63 94 34 97 52 70 42 63

19 53 82 44 76 75 89 19 53 82 44 76 75 89
19 53 82 44 76 75 89 19 53 19 53 82 44 76 75 89
19 53 82 44 76 75 89 19 53 82 19 53 82 44 76 75 89
19 53 82 44 76 75 89 19 53 82 19 82 44 76 75 89
19 53 82 44 76 75 89 19 53 82 44 19 82 44 76 75 89
19 53 19 53 82 44 76 75 89 19 53 82 44 76 75 89
19 53 82 19 53 82 44 76 75 89 19 53 82 44 76 75 89
19 53 82 19 82 44 76 75 89 19 53 82 44 76 75 89
19 53 82 44 19 82 44 76 75 89 19 53 82 44 76 75 89

14 60 10 25 68 40 37 14 60 10 25 68 40 37
14 60 10 25 68 40 37 14 60 14 60 10 25 68 40 37
14 60 10 25 68 40 37 14 60 10 14 60 10 25 68 40 37
14 60 10 25 68 40 37 14 60 10 14 10 25 68 40 37
14 60 10 25 68 40 37 14 60 10 25 14 10 25 68 40 37
14 60 14 60 10 25 68 40 37 14 60 10 25 68 40 37
14 60 10 14 60 10 25 68 40 37 14 60 10 25 68 40 37
14 60 10 14 10 25 68 40 37 14 60 10 25 68 40 37
14 60 10 25 14 10 25 68 40 37 14 60 10 25 68 40 37

28 87 66 6 8 87 56 28 87 66 6 8 87 56
28 87 66 6 8 87 56 28 87 13 87 66 6 8 87 56
28 87 66 6 8 87 56 28 87 66 13 87 66 6 8 87 56
28 87 66 6 8 87 56 28 87 66 13 66 6 8 87 56
28 87 66 6 8 87 56 28 87 66 6 13 66 6 8 87 56
28 87 13 87 66 6 8 87 56 28 87 66 6 8 87 56
28 87 66 13 87 66 6 8 87 56 28 87 66 6 8 87 56
28 87 66 13 66 6 8 87 56 28 87 66 6 8 87 56
28 87 66 6 13 66 6 8 87 56 28 87 66 6 8 87 56

91 7 98 61 25 26 15 91 7 98 61 25 26 15
91 7 98 61 25 26 15 91 7 18 7 98 61 25 26 15
91 7 98 61 25 26 15 91 7 98 18 7 98 61 25 26 15
91 7 98 61 25 26 15 91 7 98 18 98 61 25 26 15
91 7 98 61 25 26 15 91 7 98 61 18 98 61 25 26 15
91 7 18 7 98 61 25 26 15 91 7 98 61 25 26 15
91 7 98 18 7 98 61 25 26 15 91 7 98 61 25 26 15
91 7 98 18 98 61 25 26 15 91 7 98 61 25 26 15
91 7 98 61 18 98 61 25 26 15 91 7 98 61 25 26 15

67 23 40 11 48 17 7 67 23 40 11 48 17 7
67 23 40 11 48 17 7 67 23 13 23 40 11 48 17 7
67 23 40 11 48 17 7 67 23 40 13 23 40 11 48 17 7
67 23 40 11 48 17 7 67 23 40 13 40 11 48 17 7
67 23 40 11 48 17 7 67 23 40 11 13 40 11 48 17 7
67 23 13 23 40 11 48 17 7 67 23 40 11 48 17 7
67 23 40 13 23 40 11 48 17 7 67 23 40 11 48 17 7
67 23 40 13 40 11 48 17 7 67 23 40 11 48 17 7
67 23 40 11 13 40 11 48 17 7 67 23 40 11 48 17 7

47 83 87 52 72 97 100 47 83 87 52 72 97 100
47 83 87 52 72 97 100 47 83 9 83 87 52 72 97 100
47 83 87 52 72 97 100 47 83 87 9 83 87 52 72 97 100
47 83 87 52 72 97 100 47 83 87 9 87 52 72 97 100
47 83 87 52 72 97 100 47 83 87 52 9 87 52 72 97 100
47 83 9 83 87 52 72 97 100 47 83 87 52 72 97 100
47 83 87 9 83 87 52 72 97 100 47 83 87 52 72 97 100
47 83 87 9 87 52 72 97 100 47 83 87 52 72 97 100
47 83 87 52 9 87 52 72 97 100 47 83 87 52 72 97 100

54 6 55 58 62 50 33 54 6 55 58 62 50 33
54 6 55 58 62 50 33 54 6 11 6 55 58 62 50 33
54 6 55 58 62 50 33 54 6 55 11 6 55 58 62 50 33
54 6 55 58 62 50 33 54 6 55 11 55 58 62 50 33
54 6 55 58 62 50 33 54 6 55 58 11 55 58 62 50 33
54 6 11 6 55 58 62 50 33 54 6 55 58 62 50 33
54 6 55 11 6 55 58 62 50 33 54 6 55 58 62 50 33
54 6 55 11 55 58 62 50 33 54 6 55 58 62 50 33
54 6 55 58 11 55 58 62 50 33 54 6 55 58 62 50 33

34 54 66 39 68 36 47 34 54 66 39 68 36 47
34 54 66 39 68 36 47 34 54 18 54 66 39 68 36 47
34 54 66 39 68 36 47 34 54 66 18 54 66 39 68 36 47
34 54 66 39 68 36 47 34 54 66 18 66 39 68 36 47
34 54 66 39 68 36 47 34 54 66 39 18 66 39 68 36 47
34 54 18 54 66 39 68 36 47 34 54 66 39 68 36 47
34 54 66 18 54 66 39 68 36 47 34 54 66 39 68 36 47
34 54 66 18 66 39 68 36 47 34 54 66 39 68 36 47
34 54 66 39 18 66 39 68 36 47 34 54 66 39 68 36 47

53 14 89 32 84 10 96 53 14 89 32 84 10 96
53 14 89 32 84 10 96 53 14 8 14 89 32 84 10 96
53 14 89 32 84 10 96 53 14 89 8 14 89 32 84 10 96
53 14 89 32 84 10 96 53 14 89 8 89 32 84 10 96
53 14 89 32 84 10 96 53 14 89 32 8 89 32 84 10 96
53 14 8 14 89 32 84 10 96 53 14 89 32 84 10 96
53 14 89 8 14 89 32 84 10 96 53 14 89 32 84 10 96
53 14 89 8 89 32 84 10 96 53 14 89 32 84 10 96
53 14 89 32 8 89 32 84 10 96 53 14 89 32 84 10 96

29 86 77 8 63 75 20 29 86 77 8 63 75 20
29 86 77 8 63 75 20 29 86 8 86 77 8 63 75 20
29 86 77 8 63 75 20 29 86 77 8 86 77 8 63 75 20
29 86 77 8 63 75 20 29 86 77 8 77 8 63 75 20
29 86 77 8 63 75 20 29 86 77 8 8 77 8 63 75 20
29 86 8 86 77 8 63 75 20 29 86 77 8 63 75 20
29 86 77 8 86 77 8 63 75 20 29 86 77 8 63 75 20
29 86 77 8 77 8 63 75 20 29 86 77 8 63 75 20
29 86 77 8 8 77 8 63 75 20 29 86 77 8 63 75 20

11 38 9 93 18 25 100 11 38 9 93 18 25 100
11 38 9 93 18 25 100 11 38 15 38 9 93 18 25 100
11 38 9 93 18 25 100 11 38 9 15 38 9 93 18 25 100
11 38 9 93 18 25 100 11 38 9 15 9 93 18 25 100
11 38 9 93 18 25 100 11 38 9 93 15 9 93 18 25 100
11 38 15 38 9 93 18 25 100 11 38 9 93 18 25 100
11 38 9 15 38 9 93 18 25 100 11 38 9 93 18 25 100
11 38 9 15 9 93 18 25 100 11 38 9 93 18 25 100
11 38 9 93 15 9 93 18 25 100 11 38 9 93 18 25 100

69 46 77 48 17 11 78 69 46 77 48 17 11 78
69 46 77 48 17 11 78 69 46 7 46 77 48 17 11 78
69 46 77 48 17 11 78 69 46 77 7 46 77 48 17 11 78
69 46 77 48 17 11 78 69 46 77 7 77 48 17 11 78
69 46 77 48 17 11 78 69 46 77 48 7 77 48 17 11 78
69 46 7 46 77 48 17 11 78 69 46 77 48 17 11 78
69 46 77 7 46 77 48 17 11 78 69 46 77 48 17 11 78
69 46 77 7 77 48 17 11 78 69 46 77 48 17 11 78
69 46 77 48 7 77 48 17 11 78 69 46 77 48 17 11 78

59 27 44 36 20 70 43 59 27 44 36 20 70 43
59 27 44 36 20 70 43 59 27 9 27 44 36 20 70 43
59 27 44 36 20 70 43 59 27 44 9 27 44 36 20 70 43
59 27 44 36 20 70 43 59 27 44 9 44 36 20 70 43
59 27 44 36 20 70 43 59 27 44 36 9 44 36 20 70 43
59 27 9 27 44 36 20 70 43 59 27 44 36 20 70 43
59 27 44 9 27 44 36 20 70 43 59 27 44 36 20 70 43
59 27 44 9 44 36 20 70 43 59 27 44 36 20 70 43
59 27 44 36 9 44 36 20 70 43 59 27 44 36 20 70 43

63 56 64 81 29 80 55 63 56 64 81 29 80 55
63 56 64 81 29 80 55 63 56 6 56 64 81 29 80 55
63 56 64 81 29 80 55 63 56 64 6 56 64 81 29 80 55
63 56 64 81 29 80 55 63 56 64 6 64 81 29 80 55
63 56 64 81 29 80 55 63 56 64 81 6 64 81 29 80 55
63 56 6 56 64 81 29 80 55 63 56 64 81 29 80 55
63 56 64 6 56 64 81 29 80 55 63 56 64 81 29 80 55
63 56 64 6 64 81 29 80 55 63 56 64 81 29 80 55
63 56 64 81 6 64 81 29 80 55 63 56 64 81 29 80 55

53 22 8 66 27 58 90 53 22 8 66 27 58 90
53 22 8 66 27 58 90 53 22 8 22 8 66 27 58 90
53 22 8 66 27 58 90 53 22 8 8 22 8 66 27 58 90
53 22 8 66 27 58 90 53 22 8 8 8 66 27 58 90
53 22 8 66 27 58 90 53 22 8 66 8 8 66 27 58 90
53 22 8 22 8 66 27 58 90 53 22 8 66 27 58 90
53 22 8 8 22 8 66 27 58 90 53 22 8 66 27 58 90
53 22 8 8 8 66 27 58 90 53 22 8 66 27 58 90
53 22 8 66 8 8 66 27 58 90 53 22 8 66 27 58 90

25 29 24 5 55 49 51 25 29 24 5 55 49 51
25 29 24 5 55 49 51 25 29 12 29 24 5 55 49 51
25 29 24 5 55 49 51 25 29 24 12 29 24 5 55 49 51
25 29 24 5 55 49 51 25 29 24 12 24 5 55 49 51
25 29 24 5 55 49 51 25 29 24 5 12 24 5 55 49 51
25 29 12 29 24 5 55 49 51 25 29 24 5 55 49 51
25 29 24 12 29 24 5 55 49 51 25 29 24 5 55 49 51
25 29 24 12 24 5 55 49 51 25 29 24 5 55 49 51
25 29 24 5 12 24 5 55 49 51 25 29 24 5 55 49 51

67 28 41 69 14 98 38 67 28 41 69 14 98 38
67 28 41 69 14 98 38 67 28 7 28 41 69 14 98 38
67 28 41 69 14 98 38 67 28 41 7 28 41 69 14 98 38
67 28 41 69 14 98 38 67 28 41 7 41 69 14 98 38
67 28 41 69 14 98 38 67 28 41 69 7 41 69 14 98 38
67 28 7 28 41 69 14 98 38 67 28 41 69 14 98 38
67 28 41 7 28 41 69 14 98 38 67 28 41 69 14 98 38
67 28 41 7 41 69 14 98 38 67 28 41 69 14 98 38
67 28 41 69 7 41 69 14 98 38 67 28 41 69 14 98 38

38 98 46 55 83 38 94 38 98 46 55 83 38 94
38 98 46 55 83 38 94 38 98 8 98 46 55 83 38 94
38 98 46 55 83 38 94 38 98 46 8 98 46 55 83 38 94
38 98 46 55 83 38 94 38 98 46 8 46 55 83 38 94
38 98 46 55 83 38 94 38 98 46 55 8 46 55 83 38 94
38 98 8 98 46 55 83 38 94 38 98 46 55 83 38 94
38 98 46 8 98 46 55 83 38 94 38 98 46 55 83 38 94
38 98 46 8 46 55 83 38 94 38 98 46 55 83 38 94
38 98 46 55 8 46 55 83 38 94 38 98 46 55 83 38 94

60 93 18 99 98 90 47 60 93 18 99 98 90 47
60 93 18 99 98 90 47 60 93 6 93 18 99 98 90 47
60 93 18 99 98 90 47 60 93 18 6 93 18 99 98 90 47
60 93 18 99 98 90 47 60 93 18 6 18 99 98 90 47
60 93 18 99 98 90 47 60 93 18 99 6 18 99 98 90 47
60 93 6 93 18 99 98 90 47 60 93 18 99 98 90 47
60 93 18 6 93 18 99 98 90 47 60 93 18 99 98 90 47
60 93 18 6 18 99 98 90 47 60 93 18 99 98 90 47
60 93 18 99 6 18 99 98 90 47 60 93 18 99 98 90 47

23 47 64 22 11 36 21 23 47 64 22 11 36 21
23 47 64 22 11 36 21 23 47 14 47 64 22 11 36 21
23 47 64 22 11 36 21 23 47 64 14 47 64 22 11 36 21
23 47 64 22 11 36 21 23 47 64 14 64 22 11 36 21
23 47 64 22 11 36 21 23 47 64 22 14 64 22 11 36 21
23 47 14 47 64 22 11 36 21 23 47 64 22 11 36 21
23 47 64 14 47 64 22 11 36 21 23 47 64 22 11 36 21
23 47 64 14 64 22 11 36 21 23 47 64 22 11 36 21
23 47 64 22 14 64 22 11 36 21 23 47 64 22 11 36 21

41 67 97 43 44 64 91 41 67 97 43 44 64 91
41 67 97 43 44 64 91 41 67 16 67 97 43 44 64 91
41 67 97 43 44 64 91 41 67 97 16 67 97 43 44 64 91
41 67 97 43 44 64 91 41 67 97 16 97 43 44 64 91
41 67 97 43 44 64 91 41 67 97 43 16 97 43 44 64 91
41 67 16 67 97 43 44 64 91 41 67 97 43 44 64 91
41 67 97 16 67 97 43 44 64 91 41 67 97 43 44 64 91
41 67 97 16 97 43 44 64 91 41 67 97 43 44 64 91
41 67 97 43 16 97 43 44 64 91 41 67 97 43 44 64 91

41 6 51 44 81 73 72 41 6 51 44 81 73 72
41 6 51 44 81 73 72 41 6 15 6 51 44 81 73 72
41 6 51 44 81 73 72 41 6 51 15 6 51 44 81 73 72
41 6 51 44 81 73 72 41 6 51 15 51 44 81 73 72
41 6 51 44 81 73 72 41 6 51 44 15 51 44 81 73 72
41 6 15 6 51 44 81 73 72 41 6 51 44 81 73 72
41 6 51 15 6 51 44 81 73 72 41 6 51 44 81 73 72
41 6 51 15 51 44 81 73 72 41 6 51 44 81 73 72
41 6 51 44 15 51 44 81 73 72 41 6 51 44 81 73 72

93 38 99 60 76 40 46 93 38 99 60 76 40 46
93 38 99 60 76 40 46 93 38 9 38 99 60 76 40 46
93 38 99 60 76 40 46 93 38 99 9 38 99 60 76 40 46
93 38 99 60 76 40 46 93 38 99 9 99 60 76 40 46
93 38 99 60 76 40 46 93 38 99 60 9 99 60 76 40 46
93 38 9 38 99 60 76 40 46 93 38 99 60 76 40 46
93 38 99 9 38 99 60 76 40 46 93 38 99 60 76 40 46
93 38 99 9 99 60 76 40 46 93 38 99 60 76 40 46
93 38 99 60 9 99 60 76 40 46 93 38 99 60 76 40 46

5 42 39 80 66 54 62 5 42 39 80 66 54 62
5 42 39 80 66 54 62 5 42 17 42 39 80 66 54 62
5 42 39 80 66 54 62 5 42 39 17 42 39 80 66 54 62
5 42 39 80 66 54 62 5 42 39 17 39 80 66 54 62
5 42 39 80 66 54 62 5 42 39 80 17 39 80 66 54 62
5 42 17 42 39 80 66 54 62 5 42 39 80 66 54 62
5 42 39 17 42 39 80 66 54 62 5 42 39 80 66 54 62
5 42 39 17 39 80 66 54 62 5 42 39 80 66 54 62
5 42 39 80 17 39 80 66 54 62 5 42 39 80 66 54 62

98 38 64 97 18 11 73 98 38 64 97 18 11 73
98 38 64 97 18 11 73 98 38 10 38 64 97 18 11 73
98 38 64 97 18 11 73 98 38 64 10 38 64 97 18 11 73
98 38 64 97 18 11 73 98 38 64 10 64 97 18 11 73
98 38 64 97 18 11 73 98 38 64 97 10 64 97 18 11 73
98 38 10 38 64 97 18 11 73 98 38 64 97 18 11 73
98 38 64 10 38 64 97 18 11 73 98 38 64 97 18 11 73
98 38 64 10 64 97 18 11 73 98 38 64 97 18 11 73
98 38 64 97 10 64 97 18 11 73 98 38 64 97 18 11 73

8 93 77 12 54 72 54 8 93 77 12 54 72 54
8 93 77 12 54 72 54 8 93 15 93 77 12 54 72 54
8 93 77 12 54 72 54 8 93 77 15 93 77 12 54 72 54
8 93 77 12 54 72 54 8 93 77 15 77 12 54 72 54
8 93 77 12 54 72 54 8 93 77 12 15 77 12 54 72 54
8 93 15 93 77 12 54 72 54 8 93 77 12 54 72 54
8 93 77 15 93 77 12 54 72 54 8 93 77 12 54 72 54
8 93 77 15 77 12 54 72 54 8 93 77 12 54 72 54
8 93 77 12 15 77 12 54 72 54 8 93 77 12 54 72 54

66 63 31 87 71 80 21 66 63 31 87 71 80 21
66 63 31 87 71 80 21 66 63 16 63 31 87 71 80 21
66 63 31 87 71 80 21 66 63 31 16 63 31 87 71 80 21
66 63 31 87 71 80 21 66 63 31 16 31 87 71 80 21
66 63 31 87 71 80 21 66 63 31 87 16 31 87 71 80 21
66 63 16 63 31 87 71 80 21 66 63 31 87 71 80 21
66 63 31 16 63 31 87 71 80 21 66 63 31 87 71 80 21
66 63 31 16 31 87 71 80 21 66 63 31 87 71 80 21
66 63 31 87 16 31 87 71 80 21 66 63 31 87 71 80 21

58 41 80 70 40 10 74 58 41 80 70 40 10 74
58 41 80 70 40 10 74 58 41 15 41 80 70 40 10 74
58 41 80 70 40 10 74 58 41 80 15 41 80 70 40 10 74
58 41 80 70 40 10 74 58 41 80 15 80 70 40 10 74
58 41 80 70 40 10 74 58 41 80 70 15 80 70 40 10 74
58 41 15 41 80 70 40 10 74 58 41 80 70 40 10 74
58 41 80 15 41 80 70 40 10 74 58 41 80 70 40 10 74
58 41 80 15 80 70 40 10 74 58 41 80 70 40 10 74
58 41 80 70 15 80 70 40 10 74 58 41 80 70 40 10 74

92 35 86 20 61 74 86 92 35 86 20 61 74 86
92 35 86 20 61 74 86 92 35 15 35 86 20 61 74 86
92 35 86 20 61 74 86 92 35 86 15 35 86 20 61 74 86
92 35 86 20 61 74 86 92 35 86 15 86 20 61 74 86
92 35 86 20 61 74 86 92 35 86 20 15 86 20 61 74 86
92 35 15 35 86 20 61 74 86 92 35 86 20 61 74 86
92 35 86 15 35 86 20 61 74 86 92 35 86 20 61 74 86
92 35 86 15 86 20 61 74 86 92 35 86 20 61 74 86
92 35 86 20 15 86 20 61 74 86 92 35 86 20 61 74 86

80 37 46 19 49 29 90 80 37 46 19 49 29 90
80 37 46 19 49 29 90 80 37 18 37 46 19 49 29 90
80 37 46 19 49 29 90 80 37 46 18 37 46 19 49 29 90
80 37 46 19 49 29 90 80 37 46 18 46 19 49 29 90
80 37 46 19 49 29 90 80 37 46 19 18 46 19 49 29 90
80 37 18 37 46 19 49 29 90 80 37 46 19 49 29 90
80 37 46 18 37 46 19 49 29 90 80 37 46 19 49 29 90
80 37 46 18 46 19 49 29 90 80 37 46 19 49 29 90
80 37 46 19 18 46 19 49 29 90 80 37 46 19 49 29 90

81 46 81 85 81 59 89 81 46 81 85 81 59 89
81 46 81 85 81 59 89 81 46 6 46 81 85 81 59 89
81 46 81 85 81 59 89 81 46 81 6 46 81 85 81 59 89
81 46 81 85 81 59 89 81 46 81 6 81 85 81 59 89
81 46 81 85 81 59 89 81 46 81 85 6 81 85 81 59 89
81 46 6 46 81 85 81 59 89 81 46 81 85 81 59 89
81 46 81 6 46 81 85 81 59 89 81 46 81 85 81 59 89
81 46 81 6 81 85 81 59 89 81 46 81 85 81 59 89
81 46 81 85 6 81 85 81 59 89 81 46 81 85 81 59 89

41 38 80 91 55 88 92 41 38 80 91 55 88 92
41 38 80 91 55 88 92 41 38 16 38 80 91 55 88 92
41 38 80 91 55 88 92 41 38 80 16 38 80 91 55 88 92
41 38 80 91 55 88 92 41 38 80 16 80 91 55 88 92
41 38 80 91 55 88 92 41 38 80 91 16 80 91 55 88 92
41 38 16 38 80 91 55 88 92 41 38 80 91 55 88 92
41 38 80 16 38 80 91 55 88 92 41 38 80 91 55 88 92
41 38 80 16 80 91 55 88 92 41 38 80 91 55 88 92
41 38 80 91 16 80 91 55 88 92 41 38 80 91 55 88 92

36 5 39 90 67 64 60 36 5 39 90 67 64 60
36 5 39 90 67 64 60 36 5 8 5 39 90 67 64 60
36 5 39 90 67 64 60 36 5 39 8 5 39 90 67 64 60
36 5 39 90 67 64 60 36 5 39 8 39 90 67 64 60
36 5 39 90 67 64 60 36 5 39 90 8 39 90 67 64 60
36 5 8 5 39 90 67 64 60 36 5 39 90 67 64 60
36 5 39 8 5 39 90 67 64 60 36 5 39 90 67 64 60
36 5 39 8 39 90 67 64 60 36 5 39 90 67 64 60
36 5 39 90 8 39 90 67 64 60 36 5 39 90 67 64 60

22 85 60 94 42 9 80 22 85 60 94 42 9 80
22 85 60 94 42 9 80 22 85 7 85 60 94 42 9 80
22 85 60 94 42 9 80 22 85 60 7 85 60 94 42 9 80
22 85 60 94 42 9 80 22 85 60 7 60 94 42 9 80
22 85 60 94 42 9 80 22 85 60 94 7 60 94 42 9 80
22 85 7 85 60 94 42 9 80 22 85 60 94 42 9 80
22 85 60 7 85 60 94 42 9 80 22 85 60 94 42 9 80
22 85 60 7 60 94 42 9 80 22 85 60 94 42 9 80
22 85 60 94 7 60 94 42 9 80 22 85 60 94 42 9 80

74 11 70 94 41 35 44 74 11 70 94 41 35 44
74 11 70 94 41 35 44 74 11 14 11 70 94 41 35 44
74 11 70 94 41 35 44 74 11 70 14 11 70 94 41 35 44
74 11 70 94 41 35 44 74 11 70 14 70 94 41 35 44
74 11 70 94 41 35 44 74 11 70 94 14 70 94 41 35 44
74 11 14 11 70 94 41 35 44 74 11 70 94 41 35 44
74 11 70 14 11 70 94 41 35 44 74 11 70 94 41 35 44
74 11 70 14 70 94 41 35 44 74 11 70 94 41 35 44
74 11 70 94 14 70 94 41 35 44 74 11 70 94 41 35 44

32 44 6 93 47 70 81 32 44 6 93 47 70 81
32 44 6 93 47 70 81 32 44 20 44 6 93 47 70 81
32 44 6 93 47 70 81 32 44 6 20 44 6 93 47 70 81
32 44 6 93 47 70 81 32 44 6 20 6 93 47 70 81
32 44 6 93 47 70 81 32 44 6 93 20 6 93 47 70 81
32 44 20 44 6 93 47 70 81 32 44 6 93 47 70 81
32 44 6 20 44 6 93 47 70 81 32 44 6 93 47 70 81
32 44 6 20 6 93 47 70 81 32 44 6 93 47 70 81
32 44 6 93 20 6 93 47 70 81 32 44 6 93 47 70 81

46 35 72 77 71 41 79 46 35 72 77 71 41 79
46 35 72 77 71 41 79 46 35 13 35 72 77 71 41 79
46 35 72 77 71 41 79 46 35 72 13 35 72 77 71 41 79
46 35 72 77 71 41 79 46 35 72 13 72 77 71 41 79
46 35 72 77 71 41 79 46 35 72 77 13 72 77 71 41 79
46 35 13 35 72 77 71 41 79 46 35 72 77 71 41 79
46 35 72 13 35 72 77 71 41 79 46 35 72 77 71 41 79
46 35 72 13 72 77 71 41 79 46 35 72 77 71 41 79
46 35 72 77 13 72 77 71 41 79 46 35 72 77 71 41 79

61 61 54 43 52 89 21 61 61 54 43 52 89 21
61 61 54 43 52 89 21 61 61 6 61 54 43 52 89 21
61 61 54 43 52 89 21 61 61 54 6 61 54 43 52 89 21
61 61 54 43 52 89 21 61 61 54 6 54 43 52 89 21
61 61 54 43 52 89 21 61 61 54 43 6 54 43 52 89 21
61 61 6 61 54 43 52 89 21 61 61 54 43 52 89 21
61 61 54 6 61 54 43 52 89 21 61 61 54 43 52 89 21
61 61 54 6 54 43 52 89 21 61 61 54 43 52 89 21
61 61 54 43 6 54 43 52 89 21 61 61 54 43 52 89 21

18 37 20 88 13 37 98 18 37 20 88 13 37 98
18 37 20 88 13 37 98 18 37 10 37 20 88 13 37 98
18 37 20 88 13 37 98 18 37 20 10 37 20 88 13 37 98
18 37 20 88 13 37 98 18 37 20 10 20 88 13 37 98
18 37 20 88 13 37 98 18 37 20 88 10 20 88 13 37 98
18 37 10 37 20 88 13 37 98 18 37 20 88 13 37 98
18 37 20 10 37 20 88 13 37 98 18 37 20 88 13 37 98
18 37 20 10 20 88 13 37 98 18 37 20 88 13 37 98
18 37 20 88 10 20 88 13 37 98 18 37 20 88 13 37 98

37 34 21 11 21 53 31 37 34 21 11 21 53 31
37 34 21 11 21 53 31 37 34 16 34 21 11 21 53 31
37 34 21 11 21 53 31 37 34 21 16 34 21 11 21 53 31
37 34 21 11 21 53 31 37 34 21 16 21 11 21 53 31
37 34 21 11 21 53 31 37 34 21 11 16 21 11 21 53 31
37 34 16 34 21 11 21 53 31 37 34 21 11 21 53 31
37 34 21 16 34 21 11 21 53 31 37 34 21 11 21 53 31
37 34 21 16 21 11 21 53 31 37 34 21 11 21 53 31
37 34 21 11 16 21 11 21 53 31 37 34 21 11 21 53 31

50 34 34 98 36 100 96 50 34 34 98 36 100 96
50 34 34 98 36 100 96 50 34 19 34 34 98 36 100 96
50 34 34 98 36 100 96 50 34 34 19 34 34 98 36 100 96
50 34 34 98 36 100 96 50 34 34 19 34 98 36 100 96
50 34 34 98 36 100 96 50 34 34 98 19 34 98 36 100 96
50 34 19 34 34 98 36 100 96 50 34 34 98 36 100 96
50 34 34 19 34 34 98 36 100 96 50 34 34 98 36 100 96
50 34 34 19 34 98 36 100 96 50 34 34 98 36 100 96
50 34 34 98 19 34 98 36 100 96 50 34 34 98 36 100 96

46 5 45 92 22 42 46 46 5 45 92 22 42 46
46 5 45 92 22 42 46 46 5 18 5 45 92 22 42 46
46 5 45 92 22 42 46 46 5 45 18 5 45 92 22 42 46
46 5 45 92 22 42 46 46 5 45 18 45 92 22 42 46
46 5 45 92 22 42 46 46 5 45 92 18 45 92 22 42 46
46 5 18 5 45 92 22 42 46 46 5 45 92 22 42 46
46 5 45 18 5 45 92 22 42 46 46 5 45 92 22 42 46
46 5 45 18 45 92 22 42 46 46 5 45 92 22 42 46
46 5 45 92 18 45 92 22 42 46 46 5 45 92 22 42 46

88 85 63 25 55 32 79 88 85 63 25 55 32 79
88 85 63 25 55 32 79 88 85 20 85 63 25 55 32 79
88 85 63 25 55 32 79 88 85 63 20 85 63 25 55 32 79
88 85 63 25 55 32 79 88 85 63 20 63 25 55 32 79
88 85 63 25 55 32 79 88 85 63 25 20 63 25 55 32 79
88 85 20 85 63 25 55 32 79 88 85 63 25 55 32 79
88 85 63 20 85 63 25 55 32 79 88 85 63 25 55 32 79
88 85 63 20 63 25 55 32 79 88 85 63 25 55 32 79
88 85 63 25 20 63 25 55 32 79 88 85 63 25 55 32 79

90 98 70 28 75 40 64 90 98 70 28 75 40 64
90 98 70 28 75 40 64 90 98 6 98 70 28 75 40 64
90 98 70 28 75 40 64 90 98 70 6 98 70 28 75 40 64
90 98 70 28 75 40 64 90 98 70 6 70 28 75 40 64
90 98 70 28 75 40 64 90 98 70 28 6 70 28 75 40 64
90 98 6 98 70 28 75 40 64 90 98 70 28 75 40 64
90 98 70 6 98 70 28 75 40 64 90 98 70 28 75 40 64
90 98 70 6 70 28 75 40 64 90 98 70 28 75 40 64
90 98 70 28 6 70 28 75 40 64 90 98 70 28 75 40 64

54 83 12 23 74 83 100 54 83 12 23 74 83 100
54 83 12 23 74 83 100 54 83 13 83 12 23 74 83 100
54 83 12 23 74 83 100 54 83 12 13 83 12 23 74 83 100
54 83 12 23 74 83 100 54 83 12 13 12 23 74 83 100
54 83 12 23 74 83 100 54 83 12 23 13 12 23 74 83 100
54 83 13 83 12 23 74 83 100 54 83 12 23 74 83 100
54 83 12 13 83 12 23 74 83 100 54 83 12 23 74 83 100
54 83 12 13 12 23 74 83 100 54 83 12 23 74 83 100
54 83 12 23 13 12 23 74 83 100 54 83 12 23 74 83 100

59 66 37 74 42 39 49 59 66 37 74 42 39 49
59 66 37 74 42 39 49 59 66 15 66 37 74 42 39 49
59 66 37 74 42 39 49 59 66 37 15 66 37 74 42 39 49
59 66 37 74 42 39 49 59 66 37 15 37 74 42 39 49
59 66 37 74 42 39 49 59 66 37 74 15 37 74 42 39 49
59 66 15 66 37 74 42 39 49 59 66 37 74 42 39 49
59 66 37 15 66 37 74 42 39 49 59 66 37 74 42 39 49
59 66 37 15 37 74 42 39 49 59 66 37 74 42 39 49
59 66 37 74 15 37 74 42 39 49 59 66 37 74 42 39 49

63 12 45 8 65 67 92 63 12 45 8 65 67 92
63 12 45 8 65 67 92 63 12 20 12 45 8 65 67 92
63 12 45 8 65 67 92 63 12 45 20 12 45 8 65 67 92
63 12 45 8 65 67 92 63 12 45 20 45 8 65 67 92
63 12 45 8 65 67 92 63 12 45 8 20 45 8 65 67 92
63 12 20 12 45 8 65 67 92 63 12 45 8 65 67 92
63 12 45 20 12 45 8 65 67 92 63 12 45 8 65 67 92
63 12 45 20 45 8 65 67 92 63 12 45 8 65 67 92
63 12 45 8 20 45 8 65 67 92 63 12 45 8 65 67 92

70 32 77 78 91 72 45 70 32 77 78 91 72 45
70 32 77 78 91 72 45 70 32 5 32 77 78 91 72 45
70 32 77 78 91 72 45 70 32 77 5 32 77 78 91 72 45
70 32 77 78 91 72 45 70 32 77 5 77 78 91 72 45
70 32 77 78 91 72 45 70 32 77 78 5 77 78 91 72 45
70 32 5 32 77 78 91 72 45 70 32 77 78 91 72 45
70 32 77 5 32 77 78 91 72 45 70 32 77 78 91 72 45
70 32 77 5 77 78 91 72 45 70 32 77 78 91 72 45
70 32 77 78 5 77 78 91 72 45 70 32 77 78 91 72 45

72 49 25 82 78 57 59 72 49 25 82 78 57 59
72 49 25 82 78 57 59 72 49 19 49 25 82 78 57 59
72 49 25 82 78 57 59 72 49 25 19 49 25 82 78 57 59
72 49 25 82 78 57 59 72 49 25 19 25 82 78 57 59
72 49 25 82 78 57 59 72 49 25 82 19 25 82 78 57 59
72 49 19 49 25 82 78 57 59 72 49 25 82 78 57 59
72 49 25 19 49 25 82 78 57 59 72 49 25 82 78 57 59
72 49 25 19 25 82 78 57 59 72 49 25 82 78 57 59
72 49 25 82 19 25 82 78 57 59 72 49 25 82 78 57 59

41 99 100 65 72 43 79 41 99 100 65 72 43 79
41 99 100 65 72 43 79 41 99 9 99 100 65 72 43 79
41 99 100 65 72 43 79 41 99 100 9 99 100 65 72 43 79
41 99 100 65 72 43 79 41 99 100 9 100 65 72 43 79
41 99 100 65 72 43 79 41 99 100 65 9 100 65 72 43 79
41 99 9 99 100 65 72 43 79 41 99 100 65 72 43 79
41 99 100 9 99 100 65 72 43 79 41 99 100 65 72 43 79
41 99 100 9 100 65 72 43 79 41 99 100 65 72 43 79
41 99 100 65 9 100 65 72 43 79 41 99 100 65 72 43 79

30 37 34 36 13 27 74 30 37 34 36 13 27 74
30 37 34 36 13 27 74 30 37 13 37 34 36 13 27 74
30 37 34 36 13 27 74 30 37 34 13 37 34 36 13 27 74
30 37 34 36 13 27 74 30 37 34 13 34 36 13 27 74
30 37 34 36 13 27 74 30 37 34 36 13 34 36 13 27 74
30 37 13 37 34 36 13 27 74 30 37 34 36 13 27 74
30 37 34 13 37 34 36 13 27 74 30 37 34 36 13 27 74
30 37 34 13 34 36 13 27 74 30 37 34 36 13 27 74
30 37 34 36 13 34 36 13 27 74 30 37 34 36 13 27 74

74 95 79 20 54 85 14 74 95 79 20 54 85 14
74 95 79 20 54 85 14 74 95 6 95 79 20 54 85 14
74 95 79 20 54 85 14 74 95 79 6 95 79 20 54 85 14
74 95 79 20 54 85 14 74 95 79 6 79 20 54 85 14
74 95 79 20 54 85 14 74 95 79 20 6 79 20 54 85 14
74 95 6 95 79 20 54 85 14 74 95 79 20 54 85 14
74 95 79 6 95 79 20 54 85 14 74 95 79 20 54 85 14
74 95 79 6 79 20 54 85 14 74 95 79 20 54 85 14
74 95 79 20 6 79 20 54 85 14 74 95 79 20 54 85 14

27 92 27 91 31 16 30 27 92 27 91 31 16 30
27 92 27 91 31 16 30 27 92 6 92 27 91 31 16 30
27 92 27 91 31 16 30 27 92 27 6 92 27 91 31 16 30
27 92 27 91 31 16 30 27 92 27 6 27 91 31 16 30
27 92 27 91 31 16 30 27 92 27 91 6 27 91 31 16 30
27 92 6 92 27 91 31 16 30 27 92 27 91 31 16 30
27 92 27 6 92 27 91 31 16 30 27 92 27 91 31 16 30
27 92 27 6 27 91 31 16 30 27 92 27 91 31 16 30
27 92 27 91 6 27 91 31 16 30 27 92 27 91 31 16 30

98 19 47 17 63 68 11 98 19 47 17 63 68 11
98 19 47 17 63 68 11 98 19 12 19 47 17 63 68 11
98 19 47 17 63 68 11 98 19 47 12 19 47 17 63 68 11
98 19 47 17 63 68 11 98 19 47 12 47 17 63 68 11
98 19 47 17 63 68 11 98 19 47 17 12 47 17 63 68 11
98 19 12 19 47 17 63 68 11 98 19 47 17 63 68 11
98 19 47 12 19 47 17 63 68 11 98 19 47 17 63 68 11
98 19 47 12 47 17 63 68 11 98 19 47 17 63 68 11
98 19 47 17 12 47 17 63 68 11 98 19 47 17 63 68 11

70 69 38 59 45 59 35 70 69 38 59 45 59 35
70 69 38 59 45 59 35 70 69 8 69 38 59 45 59 35
70 69 38 59 45 59 35 70 69 38 8 69 38 59 45 59 35
70 69 38 59 45 59 35 70 69 38 8 38 59 45 59 35
70 69 38 59 45 59 35 70 69 38 59 8 38 59 45 59 35
70 69 8 69 38 59 45 59 35 70 69 38 59 45 59 35
70 69 38 8 69 38 59 45 59 35 70 69 38 59 45 59 35
70 69 38 8 38 59 45 59 35 70 69 38 59 45 59 35
70 69 38 59 8 38 59 45 59 35 70 69 38 59 45 59 35

95 87 40 72 42 77 8 95 87 40 72 42 77 8
95 87 40 72 42 77 8 95 87 5 87 40 72 42 77 8
95 87 40 72 42 77 8 95 87 40 5 87 40 72 42 77 8
95 87 40 72 42 77 8 95 87 40 5 40 72 42 77 8
95 87 40 72 42 77 8 95 87 40 72 5 40 72 42 77 8
95 87 5 87 40 72 42 77 8 95 87 40 72 42 77 8
95 87 40 5 87 40 72 42 77 8 95 87 40 72 42 77 8
95 87 40 5 40 72 42 77 8 95 87 40 72 42 77 8
95 87 40 72 5 40 72 42 77 8 95 87 40 72 42 77 8

68 33 80 28 28 25 9 68 33 80 28 28 25 9
68 33 80 28 28 25 9 68 33 13 33 80 28 28 25 9
68 33 80 28 28 25 9 68 33 80 13 33 80 28 28 25 9
68 33 80 28 28 25 9 68 33 80 13 80 28 28 25 9
68 33 80 28 28 25 9 68 33 80 28 13 80 28 28 25 9
68 33 13 33 80 28 28 25 9 68 33 80 28 28 25 9
68 33 80 13 33 80 28 28 25 9 68 33 80 28 28 25 9
68 33 80 13 80 28 28 25 9 68 33 80 28 28 25 9
68 33 80 28 13 80 28 28 25 9 68 33 80 28 28 25 9

8 26 6 54 81 43 44 8 26 6 54 81 43 44
8 26 6 54 81 43 44 8 26 16 26 6 54 81 43 44
8 26 6 54 81 43 44 8 26 6 16 26 6 54 81 43 44
8 26 6 54 81 43 44 8 26 6 16 6 54 81 43 44
8 26 6 54 81 43 44 8 26 6 54 16 6 54 81 43 44
8 26 16 26 6 54 81 43 44 8 26 6 54 81 43 44
8 26 6 16 26 6 54 81 43 44 8 26 6 54 81 43 44
8 26 6 16 6 54 81 43 44 8 26 6 54 81 43 44
8 26 6 54 16 6 54 81 43 44 8 26 6 54 81 43 44

86 78 64 6 44 38 68 86 78 64 6 44 38 68
86 78 64 6 44 38 68 86 78 17 78 64 6 44 38 68
86 78 64 6 44 38 68 86 78 64 17 78 64 6 44 38 68
86 78 64 6 44 38 68 86 78 64 17 64 6 44 38 68
86 78 64 6 44 38 68 86 78 64 6 17 64 6 44 38 68
86 78 17 78 64 6 44 38 68 86 78 64 6 44 38 68
86 78 64 17 78 64 6 44 38 68 86 78 64 6 44 38 68
86 78 64 17 64 6 44 38 68 86 78 64 6 44 38 68
86 78 64 6 17 64 6 44 38 68 86 78 64 6 44 38 68

56 79 7 7 61 40 9 56 79 7 7 61 40 9
56 79 7 7 61 40 9 56 79 9 79 7 7 61 40 9
56 79 7 7 61 40 9 56 79 7 9 79 7 7 61 40 9
56 79 7 7 61 40 9 56 79 7 9 7 7 61 40 9
56 79 7 7 61 40 9 56 79 7 7 9 7 7 61 40 9
56 79 9 79 7 7 61 40 9 56 79 7 7 61 40 9
56 79 7 9 79 7 7 61 40 9 56 79 7 7 61 40 9
56 79 7 9 7 7 61 40 9 56 79 7 7 61 40 9
56 79 7 7 9 7 7 61 40 9 56 79 7 7 61 40 9

95 86 72 50 63 67 49 95 86 72 50 63 67 49
95 86 72 50 63 67 49 95 86 8 86 72 50 63 67 49
95 86 72 50 63 67 49 95 86 72 8 86 72 50 63 67 49
95 86 72 50 63 67 49 95 86 72 8 72 50 63 67 49
95 86 72 50 63 67 49 95 86 72 50 8 72 50 63 67 49
95 86 8 86 72 50 63 67 49 95 86 72 50 63 67 49
95 86 72 8 86 72 50 63 67 49 95 86 72 50 63 67 49
95 86 72 8 72 50 63 67 49 95 86 72 50 63 67 49
95 86 72 50 8 72 50 63 67 49 95 86 72 50 63 67 49

82 66 9 20 62 78 12 82 66 9 20 62 78 12
82 66 9 20 62 78 12 82 66 12 66 9 20 62 78 12
82 66 9 20 62 78 12 82 66 9 12 66 9 20 62 78 12
82 66 9 20 62 78 12 82 66 9 12 9 20 62 78 12
82 66 9 20 62 78 12 82 66 9 20 12 9 20 62 78 12
82 66 12 66 9 20 62 78 12 82 66 9 20 62 78 12
82 66 9 12 66 9 20 62 78 12 82 66 9 20 62 78 12
82 66 9 12 9 20 62 78 12 82 66 9 20 62 78 12
82 66 9 20 12 9 20 62 78 12 82 66 9 20 62 78 12

95 62 29 53 19 54 63 95 62 29 53 19 54 63
95 62 29 53 19 54 63 95 62 16 62 29 53 19 54 63
95 62 29 53 19 54 63 95 62 29 16 62 29 53 19 54 63
95 62 29 53 19 54 63 95 62 29 16 29 53 19 54 63
95 62 29 53 19 54 63 95 62 29 53 16 29 53 19 54 63
95 62 16 62 29 53 19 54 63 95 62 29 53 19 54 63
95 62 29 16 62 29 53 19 54 63 95 62 29 53 19 54 63
95 62 29 16 29 53 19 54 63 95 62 29 53 19 54 63
95 62 29 53 16 29 53 19 54 63 95 62 29 53 19 54 63

99 45 9 7 33 92 18 99 45 9 7 33 92 18
99 45 9 7 33 92 18 99 45 16 45 9 7 33 92 18
99 45 9 7 33 92 18 99 45 9 16 45 9 7 33 92 18
99 45 9 7 33 92 18 99 45 9 16 9 7 33 92 18
99 45 9 7 33 92 18 99 45 9 7 16 9 7 33 92 18
99 45 16 45 9 7 33 92 18 99 45 9 7 33 92 18
99 45 9 16 45 9 7 33 92 18 99 45 9 7 33 92 18
99 45 9 16 9 7 33 92 18 99 45 9 7 33 92 18
99 45 9 7 16 9 7 33 92 18 99 45 9 7 33 92 18

59 71 100 55 59 87 76 59 71 100 55 59 87 76
59 71 100 55 59 87 76 59 71 9 71 100 55 59 87 76
59 71 100 55 59 87 76 59 71 100 9 71 100 55 59 87 76
59 71 100 55 59 87 76 59 71 100 9 100 55 59 87 76
59 71 100 55 59 87 76 59 71 100 55 9 100 55 59 87 76
59 71 9 71 100 55 59 87 76 59 71 100 55 59 87 76
59 71 100 9 71 100 55 59 87 76 59 71 100 55 59 87 76
59 71 100 9 100 55 59 87 76 59 71 100 55 59 87 76
59 71 100 55 9 100 55 59 87 76 59 71 100 55 59 87 76

75 13 13 79 60 6 78 75 13 13 79 60 6 78
75 13 13 79 60 6 78 75 13 7 13 13 79 60 6 78
75 13 13 79 60 6 78 75 13 13 7 13 13 79 60 6 78
75 13 13 79 60 6 78 75 13 13 7 13 79 60 6 78
75 13 13 79 60 6 78 75 13 13 79 7 13 79 60 6 78
75 13 7 13 13 79 60 6 78 75 13 13 79 60 6 78
75 13 13 7 13 13 79 60 6 78 75 13 13 79 60 6 78
75 13 13 7 13 79 60 6 78 75 13 13 79 60 6 78
75 13 13 79 7 13 79 60 6 78 75 13 13 79 60 6 78

64 39 51 35 16 91 85 64 39 51 35 16 91 85
64 39 51 35 16 91 85 64 39 19 39 51 35 16 91 85
64 39 51 35 16 91 85 64 39 51 19 39 51 35 16 91 85
64 39 51 35 16 91 85 64 39 51 19 51 35 16 91 85
64 39 51 35 16 91 85 64 39 51 35 19 51 35 16 91 85
64 39 19 39 51 35 16 91 85 64 39 51 35 16 91 85
64 39 51 19 39 51 35 16 91 85 64 39 51 35 16 91 85
64 39 51 19 51 35 16 91 85 64 39 51 35 16 91 85
64 39 51 35 19 51 35 16 91 85 64 39 51 35 16 91 85

48 61 80 70 77 66 41 48 61 80 70 77 66 41
48 61 80 70 77 66 41 48 61 14 61 80 70 77 66 41
48 61 80 70 77 66 41 48 61 80 14 61 80 70 77 66 41
48 61 80 70 77 66 41 48 61 80 14 80 70 77 66 41
48 61 80 70 77 66 41 48 61 80 70 14 80 70 77 66 41
48 61 14 61 80 70 77 66 41 48 61 80 70 77 66 41
48 61 80 14 61 80 70 77 66 41 48 61 80 70 77 66 41
48 61 80 14 80 70 77 66 41 48 61 80 70 77 66 41
48 61 80 70 14 80 70 77 66 41 48 61 80 70 77 66 41

44 39 68 47 66 46 5 44 39 68 47 66 46 5
44 39 68 47 66 46 5 44 39 13 39 68 47 66 46 5
44 39 68 47 66 46 5 44 39 68 13 39 68 47 66 46 5
44 39 68 47 66 46 5 44 39 68 13 68 47 66 46 5
44 39 68 47 66 46 5 44 39 68 47 13 68 47 66 46 5
44 39 13 39 68 47 66 46 5 44 39 68 47 66 46 5
44 39 68 13 39 68 47 66 46 5 44 39 68 47 66 46 5
44 39 68 13 68 47 66 46 5 44 39 68 47 66 46 5
44 39 68 47 13 68 47 66 46 5 44 39 68 47 66 46 5

61 50 51 85 10 34 64 61 50 51 85 10 34 64
61 50 51 85 10 34 64 61 50 7 50 51 85 10 34 64
61 50 51 85 10 34 64 61 50 51 7 50 51 85 10 34 64
61 50 51 85 10 34 64 61 50 51 7 51 85 10 34 64
61 50 51 85 10 34 64 61 50 51 85 7 51 85 10 34 64
61 50 7 50 51 85 10 34 64 61 50 51 85 10 34 64
61 50 51 7 50 51 85 10 34 64 61 50 51 85 10 34 64
61 50 51 7 51 85 10 34 64 61 50 51 85 10 34 64
61 50 51 85 7 51 85 10 34 64 61 50 51 85 10 34 64

95 93 70 25 41 86 73 95 93 70 25 41 86 73
95 93 70 25 41 86 73 95 93 8 93 70 25 41 86 73
95 93 70 25 41 86 73 95 93 70 8 93 70 25 41 86 73
95 93 70 25 41 86 73 95 93 70 8 70 25 41 86 73
95 93 70 25 41 86 73 95 93 70 25 8 70 25 41 86 73
95 93 8 93 70 25 41 86 73 95 93 70 25 41 86 73
95 93 70 8 93 70 25 41 86 73 95 93 70 25 41 86 73
95 93 70 8 70 25 41 86 73 95 93 70 25 41 86 73
95 93 70 25 8 70 25 41 86 73 95 93 70 25 41 86 73

87 16 90 77 65 19 88 87 16 90 77 65 19 88
87 16 90 77 65 19 88 87 16 14 16 90 77 65 19 88
87 16 90 77 65 19 88 87 16 90 14 16 90 77 65 19 88
87 16 90 77 65 19 88 87 16 90 14 90 77 65 19 88
87 16 90 77 65 19 88 87 16 90 77 14 90 77 65 19 88
87 16 14 16 90 77 65 19 88 87 16 90 77 65 19 88
87 16 90 14 16 90 77 65 19 88 87 16 90 77 65 19 88
87 16 90 14 90 77 65 19 88 87 16 90 77 65 19 88
87 16 90 77 14 90 77 65 19 88 87 16 90 77 65 19 88

43 71 51 76 29 83 34 43 71 51 76 29 83 34
43 71 51 76 29 83 34 43 71 19 71 51 76 29 83 34
43 71 51 76 29 83 34 43 71 51 19 71 51 76 29 83 34
43 71 51 76 29 83 34 43 71 51 19 51 76 29 83 34
43 71 51 76 29 83 34 43 71 51 76 19 51 76 29 83 34
43 71 19 71 51 76 29 83 34 43 71 51 76 29 83 34
43 71 51 19 71 51 76 29 83 34 43 71 51 76 29 83 34
43 71 51 19 51 76 29 83 34 43 71 51 76 29 83 34
43 71 51 76 19 51 76 29 83 34 43 71 51 76 29 83 34

45 25 14 8 53 97 23 45 25 14 8 53 97 23
45 25 14 8 53 97 23 45 25 5 25 14 8 53 97 23
45 25 14 8 53 97 23 45 25 14 5 25 14 8 53 97 23
45 25 14 8 53 97 23 45 25 14 5 14 8 53 97 23
45 25 14 8 53 97 23 45 25 14 8 5 14 8 53 97 23
45 25 5 25 14 8 53 97 23 45 25 14 8 53 97 23
45 25 14 5 25 14 8 53 97 23 45 25 14 8 53 97 23
45 25 14 5 14 8 53 97 23 45 25 14 8 53 97 23
45 25 14 8 5 14 8 53 97 23 45 25 14 8 53 97 23

94 82 65 100 16 15 15 94 82 65 100 16 15 15
94 82 65 100 16 15 15 94 82 10 82 65 100 16 15 15
94 82 65 100 16 15 15 94 82 65 10 82 65 100 16 15 15
94 82 65 100 16 15 15 94 82 65 10 65 100 16 15 15
94 82 65 100 16 15 15 94 82 65 100 10 65 100 16 15 15
94 82 10 82 65 100 16 15 15 94 82 65 100 16 15 15
94 82 65 10 82 65 100 16 15 15 94 82 65 100 16 15 15
94 82 65 10 65 100 16 15 15 94 82 65 100 16 15 15
94 82 65 100 10 65 100 16 15 15 94 82 65 100 16 15 15

17 41 12 92 69 50 55 17 41 12 92 69 50 55
17 41 12 92 69 50 55 17 41 9 41 12 92 69 50 55
17 41 12 92 69 50 55 17 41 12 9 41 12 92 69 50 55
17 41 12 92 69 50 55 17 41 12 9 12 92 69 50 55
17 41 12 92 69 50 55 17 41 12 92 9 12 92 69 50 55
17 41 9 41 12 92 69 50 55 17 41 12 92 69 50 55
17 41 12 9 41 12 92 69 50 55 17 41 12 92 69 50 55
17 41 12 9 12 92 69 50 55 17 41 12 92 69 50 55
17 41 12 92 9 12 92 69 50 55 17 41 12 92 69 50 55

43 49 72 16 54 51 6 43 49 72 16 54 51 6
43 49 72 16 54 51 6 43 49 13 49 72 16 54 51 6
43 49 72 16 54 51 6 43 49 72 13 49 72 16 54 51 6
43 49 72 16 54 51 6 43 49 72 13 72 16 54 51 6
43 49 72 16 54 51 6 43 49 72 16 13 72 16 54 51 6
43 49 13 49 72 16 54 51 6 43 49 72 16 54 51 6
43 49 72 13 49 72 16 54 51 6 43 49 72 16 54 51 6
43 49 72 13 72 16 54 51 6 43 49 72 16 54 51 6
43 49 72 16 13 72 16 54 51 6 43 49 72 16 54 51 6

29 56 67 78 8 75 59 29 56 67 78 8 75 59
29 56 67 78 8 75 59 29 56 17 56 67 78 8 75 59
29 56 67 78 8 75 59 29 56 67 17 56 67 78 8 75 59
29 56 67 78 8 75 59 29 56 67 17 67 78 8 75 59
29 56 67 78 8 75 59 29 56 67 78 17 67 78 8 75 59
29 56 17 56 67 78 8 75 59 29 56 67 78 8 75 59
29 56 67 17 56 67 78 8 75 59 29 56 67 78 8 75 59
29 56 67 17 67 78 8 75 59 29 56 67 78 8 75 59
29 56 67 78 17 67 78 8 75 59 29 56 67 78 8 75 59

68 85 75 82 81 31 8 68 85 75 82 81 31 8
68 85 75 82 81 31 8 68 85 5 85 75 82 81 31 8
68 85 75 82 81 31 8 68 85 75 5 85 75 82 81 31 8
68 85 75 82 81 31 8 68 85 75 5 75 82 81 31 8
68 85 75 82 81 31 8 68 85 75 82 5 75 82 81 31 8
68 85 5 85 75 82 81 31 8 68 85 75 82 81 31 8
68 85 75 5 85 75 82 81 31 8 68 85 75 82 81 31 8
68 85 75 5 75 82 81 31 8 68 85 75 82 81 31 8
68 85 75 82 5 75 82 81 31 8 68 85 75 82 81 31 8

15 67 7 16 59 62 60 15 67 7 16 59 62 60
15 67 7 16 59 62 60 15 67 13 67 7 16 59 62 60
15 67 7 16 59 62 60 15 67 7 13 67 7 16 59 62 60
15 67 7 16 59 62 60 15 67 7 13 7 16 59 62 60
15 67 7 16 59 62 60 15 67 7 16 13 7 16 59 62 60
15 67 13 67 7 16 59 62 60 15 67 7 16 59 62 60
15 67 7 13 67 7 16 59 62 60 15 67 7 16 59 62 60
15 67 7 13 7 16 59 62 60 15 67 7 16 59 62 60
15 67 7 16 13 7 16 59 62 60 15 67 7 16 59 62 60

100 63 76 11 43 37 31 100 63 76 11 43 37 31
100 63 76 11 43 37 31 100 63 6 63 76 11 43 37 31
100 63 76 11 43 37 31 100 63 76 6 63 76 11 43 37 31
100 63 76 11 43 37 31 100 63 76 6 76 11 43 37 31
100 63 76 11 43 37 31 100 63 76 11 6 76 11 43 37 31
100 63 6 63 76 11 43 37 31 100 63 76 11 43 37 31
100 63 76 6 63 76 11 43 37 31 100 63 76 11 43 37 31
100 63 76 6 76 11 43 37 31 100 63 76 11 43 37 31
100 63 76 11 6 76 11 43 37 31 100 63 76 11 43 37 31

56 80 91 37 11 18 82 56 80 91 37 11 18 82
56 80 91 37 11 18 82 56 80 6 80 91 37 11 18 82
56 80 91 37 11 18 82 56 80 91 6 80 91 37 11 18 82
56 80 91 37 11 18 82 56 80 91 6 91 37 11 18 82
56 80 91 37 11 18 82 56 80 91 37 6 91 37 11 18 82
56 80 6 80 91 37 11 18 82 56 80 91 37 11 18 82
56 80 91 6 80 91 37 11 18 82 56 80 91 37 11 18 82
56 80 91 6 91 37 11 18 82 56 80 91 37 11 18 82
56 80 91 37 6 91 37 11 18 82 56 80 91 37 11 18 82

83 88 57 73 77 43 62 83 88 57 73 77 43 62
83 88 57 73 77 43 62 83 88 5 88 57 73 77 43 62
83 88 57 73 77 43 62 83 88 57 5 88 57 73 77 43 62
83 88 57 73 77 43 62 83 88 57 5 57 73 77 43 62
83 88 57 73 77 43 62 83 88 57 73 5 57 73 77 43 62
83 88 5 88 57 73 77 43 62 83 88 57 73 77 43 62
83 88 57 5 88 57 73 77 43 62 83 88 57 73 77 43 62
83 88 57 5 57 73 77 43 62 83 88 57 73 77 43 62
83 88 57 73 5 57 73 77 43 62 83 88 57 73 77 43 62

8 85 67 28 39 40 42 8 85 67 28 39 40 42
8 85 67 28 39 40 42 8 85 14 85 67 28 39 40 42
8 85 67 28 39 40 42 8 85 67 14 85 67 28 39 40 42
8 85 67 28 39 40 42 8 85 67 14 67 28 39 40 42
8 85 67 28 39 40 42 8 85 67 28 14 67 28 39 40 42
8 85 14 85 67 28 39 40 42 8 85 67 28 39 40 42
8 85 67 14 85 67 28 39 40 42 8 85 67 28 39 40 42
8 85 67 14 67 28 39 40 42 8 85 67 28 39 40 42
8 85 67 28 14 67 28 39 40 42 8 85 67 28 39 40 42

65 60 76 71 84 69 74 65 60 76 71 84 69 74
65 60 76 71 84 69 74 65 60 16 60 76 71 84 69 74
65 60 76 71 84 69 74 65 60 76 16 60 76 71 84 69 74
65 60 76 71 84 69 74 65 60 76 16 76 71 84 69 74
65 60 76 71 84 69 74 65 60 76 71 16 76 71 84 69 74
65 60 16 60 76 71 84 69 74 65 60 76 71 84 69 74
65 60 76 16 60 76 71 84 69 74 65 60 76 71 84 69 74
65 60 76 16 76 71 84 69 74 65 60 76 71 84 69 74
65 60 76 71 16 76 71 84 69 74 65 60 76 71 84 69 74

10 29 85 43 44 59 10 10 29 85 43 44 59 10
10 29 85 43 44 59 10 10 29 6 29 85 43 44 59 10
10 29 85 43 44 59 10 10 29 85 6 29 85 43 44 59 10
10 29 85 43 44 59 10 10 29 85 6 85 43 44 59 10
10 29 85 43 44 59 10 10 29 85 43 6 85 43 44 59 10
10 29 6 29 85 43 44 59 10 10 29 85 43 44 59 10
10 29 85 6 29 85 43 44 59 10 10 29 85 43 44 59 10
10 29 85 6 85 43 44 59 10 10 29 85 43 44 59 10
10 29 85 43 6 85 43 44 59 10 10 29 85 43 44 59 10

38 95 51 57 44 96 56 38 95 51 57 44 96 56
38 95 51 57 44 96 56 38 95 11 95 51 57 44 96 56
38 95 51 57 44 96 56 38 95 51 11 95 51 57 44 96 56
38 95 51 57 44 96 56 38 95 51 11 51 57 44 96 56
38 95 51 57 44 96 56 38 95 51 57 11 51 57 44 96 56
38 95 11 95 51 57 44 96 56 38 95 51 57 44 96 56
38 95 51 11 95 51 57 44 96 56 38 95 51 57 44 96 56
38 95 51 11 51 57 44 96 56 38 95 51 57 44 96 56
38 95 51 57 11 51 57 44 96 56 38 95 51 57 44 96 56

20 31 29 17 43 44 67 20 31 29 17 43 44 67
20 31 29 17 43 44 67 20 31 6 31 29 17 43 44 67
20 31 29 17 43 44 67 20 31 29 6 31 29 17 43 44 67
20 31 29 17 43 44 67 20 31 29 6 29 17 43 44 67
20 31 29 17 43 44 67 20 31 29 17 6 29 17 43 44 67
20 31 6 31 29 17 43 44 67 20 31 29 17 43 44 67
20 31 29 6 31 29 17 43 44 67 20 31 29 17 43 44 67
20 31 29 6 29 17 43 44 67 20 31 29 17 43 44 67
20 31 29 17 6 29 17 43 44 67 20 31 29 17 43 44 67

29 48 45 16 61 100 90 29 48 45 16 61 100 90
29 48 45 16 61 100 90 29 48 7 48 45 16 61 100 90
29 48 45 16 61 100 90 29 48 45 7 48 45 16 61 100 90
29 48 45 16 61 100 90 29 48 45 7 45 16 61 100 90
29 48 45 16 61 100 90 29 48 45 16 7 45 16 61 100 90
29 48 7 48 45 16 61 100 90 29 48 45 16 61 100 90
29 48 45 7 48 45 16 61 100 90 29 48 45 16 61 100 90
29 48 45 7 45 16 61 100 90 29 48 45 16 61 100 90
29 48 45 16 7 45 16 61 100 90 29 48 45 16 61 100 90

55 95 57 39 18 53 13 55 95 57 39 18 53 13
55 95 57 39 18 53 13 55 95 13 95 57 39 18 53 13
55 95 57 39 18 53 13 55 95 57 13 95 57 39 18 53 13
55 95 57 39 18 53 13 55 95 57 13 57 39 18 53 13
55 95 57 39 18 53 13 55 95 57 39 13 57 39 18 53 13
55 95 13 95 57 39 18 53 13 55 95 57 39 18 53 13
55 95 57 13 95 57 39 18 53 13 55 95 57 39 18 53 13
55 95 57 13 57 39 18 53 13 55 95 57 39 18 53 13
55 95 57 39 13 57 39 18 53 13 55 95 57 39 18 53 13

28 71 13 13 31 7 37 28 71 13 13 31 7 37
28 71 13 13 31 7 37 28 71 7 71 13 13 31 7 37
28 71 13 13 31 7 37 28 71 13 7 71 13 13 31 7 37
28 71 13 13 31 7 37 28 71 13 7 13 13 31 7 37
28 71 13 13 31 7 37 28 71 13 13 7 13 13 31 7 37
28 71 7 71 13 13 31 7 37 28 71 13 13 31 7 37
28 71 13 7 71 13 13 31 7 37 28 71 13 13 31 7 37
28 71 13 7 13 13 31 7 37 28 71 13 13 31 7 37
28 71 13 13 7 13 13 31 7 37 28 71 13 13 31 7 37

14 10 56 88 100 33 92 14 10 56 88 100 33 92
14 10 56 88 100 33 92 14 10 10 10 56 88 100 33 92
14 10 56 88 100 33 92 14 10 56 10 10 56 88 100 33 92
14 10 56 88 100 33 92 14 10 56 10 56 88 100 33 92
14 10 56 88 100 33 92 14 10 56 88 10 56 88 100 33 92
14 10 10 10 56 88 100 33 92 14 10 56 88 100 33 92
14 10 56 10 10 56 88 100 33 92 14 10 56 88 100 33 92
14 10 56 10 56 88 100 33 92 14 10 56 88 100 33 92
14 10 56 88 10 56 88 100 33 92 14 10 56 88 100 33 92

42 50 50 20 38 48 9 42 50 50 20 38 48 9
42 50 50 20 38 48 9 42 50 17 50 50 20 38 48 9
42 50 50 20 38 48 9 42 50 50 17 50 50 20 38 48 9
42 50 50 20 38 48 9 42 50 50 17 50 20 38 48 9
42 50 50 20 38 48 9 42 50 50 20 17 50 20 38 48 9
42 50 17 50 50 20 38 48 9 42 50 50 20 38 48 9
42 50 50 17 50 50 20 38 48 9 42 50 50 20 38 48 9
42 50 50 17 50 20 38 48 9 42 50 50 20 38 48 9
42 50 50 20 17 50 20 38 48 9 42 50 50 20 38 48 9

18 51 20 46 28 89 85 18 51 20 46 28 89 85
18 51 20 46 28 89 85 18 51 9 51 20 46 28 89 85
18 51 20 46 28 89 85 18 51 20 9 51 20 46 28 89 85
18 51 20 46 28 89 85 18 51 20 9 20 46 28 89 85
18 51 20 46 28 89 85 18 51 20 46 9 20 46 28 89 85
18 51 9 51 20 46 28 89 85 18 51 20 46 28 89 85
18 51 20 9 51 20 46 28 89 85 18 51 20 46 28 89 85
18 51 20 9 20 46 28 89 85 18 51 20 46 28 89 85
18 51 20 46 9 20 46 28 89 85 18 51 20 46 28 89 85

28 29 63 63 34 70 53 28 29 63 63 34 70 53
28 29 63 63 34 70 53 28 29 11 29 63 63 34 70 53
28 29 63 63 34 70 53 28 29 63 11 29 63 63 34 70 53
28 29 63 63 34 70 53 28 29 63 11 63 63 34 70 53
28 29 63 63 34 70 53 28 29 63 63 11 63 63 34 70 53
28 29 11 29 63 63 34 70 53 28 29 63 63 34 70 53
28 29 63 11 29 63 63 34 70 53 28 29 63 63 34 70 53
28 29 63 11 63 63 34 70 53 28 29 63 63 34 70 53
28 29 63 63 11 63 63 34 70 53 28 29 63 63 34 70 53

28 63 27 95 20 57 75 28 63 27 95 20 57 75
28 63 27 95 20 57 75 28 63 16 63 27 95 20 57 75
28 63 27 95 20 57 75 28 63 27 16 63 27 95 20 57 75
28 63 27 95 20 57 75 28 63 27 16 27 95 20 57 75
28 63 27 95 20 57 75 28 63 27 95 16 27 95 20 57 75
28 63 16 63 27 95 20 57 75 28 63 27 95 20 57 75
28 63 27 16 63 27 95 20 57 75 28 63 27 95 20 57 75
28 63 27 16 27 95 20 57 75 28 63 27 95 20 57 75
28 63 27 95 16 27 95 20 57 75 28 63 27 95 20 57 75

30 69 89 27 46 92 55 30 69 89 27 46 92 55
30 69 89 27 46 92 55 30 69 17 69 89 27 46 92 55
30 69 89 27 46 92 55 30 69 89 17 69 89 27 46 92 55
30 69 89 27 46 92 55 30 69 89 17 89 27 46 92 55
30 69 89 27 46 92 55 30 69 89 27 17 89 27 46 92 55
30 69 17 69 89 27 46 92 55 30 69 89 27 46 92 55
30 69 89 17 69 89 27 46 92 55 30 69 89 27 46 92 55
30 69 89 17 89 27 46 92 55 30 69 89 27 46 92 55
30 69 89 27 17 89 27 46 92 55 30 69 89 27 46 92 55

8 96 78 89 38 40 63 8 96 78 89 38 40 63
8 96 78 89 38 40 63 8 96 15 96 78 89 38 40 63
8 96 78 89 38 40 63 8 96 78 15 96 78 89 38 40 63
8 96 78 89 38 40 63 8 96 78 15 78 89 38 40 63
8 96 78 89 38 40 63 8 96 78 89 15 78 89 38 40 63
8 96 15 96 78 89 38 40 63 8 96 78 89 38 40 63
8 96 78 15 96 78 89 38 40 63 8 96 78 89 38 40 63
8 96 78 15 78 89 38 40 63 8 96 78 89 38 40 63
8 96 78 89 15 78 89 38 40 63 8 96 78 89 38 40 63

80 94 19 43 27 18 28 80 94 19 43 27 18 28
80 94 19 43 27 18 28 80 94 18 94 19 43 27 18 28
80 94 19 43 27 18 28 80 94 19 18 94 19 43 27 18 28
80 94 19 43 27 18 28 80 94 19 18 19 43 27 18 28
80 94 19 43 27 18 28 80 94 19 43 18 19 43 27 18 28
80 94 18 94 19 43 27 18 28 80 94 19 43 27 18 28
80 94 19 18 94 19 43 27 18 28 80 94 19 43 27 18 28
80 94 19 18 19 43 27 18 28 80 94 19 43 27 18 28
80 94 19 43 18 19 43 27 18 28 80 94 19 43 27 18 28

73 81 30 60 100 21 69 73 81 30 60 100 21 69
73 81 30 60 100 21 69 73 81 16 81 30 60 100 21 69
73 81 30 60 100 21 69 73 81 30 16 81 30 60 100 21 69
73 81 30 60 100 21 69 73 81 30 16 30 60 100 21 69
73 81 30 60 100 21 69 73 81 30 60 16 30 60 100 21 69
73 81 16 81 30 60 100 21 69 73 81 30 60 100 21 69
73 81 30 16 81 30 60 100 21 69 73 81 30 60 100 21 69
73 81 30 16 30 60 100 21 69 73 81 30 60 100 21 69
73 81 30 60 16 30 60 100 21 69 73 81 30 60 100 21 69

72 77 16 65 11 40 54 72 77 16 65 11 40 54
72 77 16 65 11 40 54 72 77 15 77 16 65 11 40 54
72 77 16 65 11 40 54 72 77 16 15 77 16 65 11 40 54
72 77 16 65 11 40 54 72 77 16 15 16 65 11 40 54
72 77 16 65 11 40 54 72 77 16 65 15 16 65 11 40 54
72 77 15 77 16 65 11 40 54 72 77 16 65 11 40 54
72 77 16 15 77 16 65 11 40 54 72 77 16 65 11 40 54
72 77 16 15 16 65 11 40 54 72 77 16 65 11 40 54
72 77 16 65 15 16 65 11 40 54 72 77 16 65 11 40 54

34 37 13 57 84 35 9 34 37 13 57 84 35 9
34 37 13 57 84 35 9 34 37 11 37 13 57 84 35 9
34 37 13 57 84 35 9 34 37 13 11 37 13 57 84 35 9
34 37 13 57 84 35 9 34 37 13 11 13 57 84 35 9
34 37 13 57 84 35 9 34 37 13 57 11 13 57 84 35 9
34 37 11 37 13 57 84 35 9 34 37 13 57 84 35 9
34 37 13 11 37 13 57 84 35 9 34 37 13 57 84 35 9
34 37 13 11 13 57 84 35 9 34 37 13 57 84 35 9
34 37 13 57 11 13 57 84 35 9 34 37 13 57 84 35 9

38 37 7 19 49 90 46 38 37 7 19 49 90 46
38 37 7 19 49 90 46 38 37 18 37 7 19 49 90 46
38 37 7 19 49 90 46 38 37 7 18 37 7 19 49 90 46
38 37 7 19 49 90 46 38 37 7 18 7 19 49 90 46
38 37 7 19 49 90 46 38 37 7 19 18 7 19 49 90 46
38 37 18 37 7 19 49 90 46 38 37 7 19 49 90 46
38 37 7 18 37 7 19 49 90 46 38 37 7 19 49 90 46
38 37 7 18 7 19 49 90 46 38 37 7 19 49 90 46
38 37 7 19 18 7 19 49 90 46 38 37 7 19 49 90 46

85 6 53 30 52 56 67 85 6 53 30 52 56 67
85 6 53 30 52 56 67 85 6 16 6 53 30 52 56 67
85 6 53 30 52 56 67 85 6 53 16 6 53 30 52 56 67
85 6 53 30 52 56 67 85 6 53 16 53 30 52 56 67
85 6 53 30 52 56 67 85 6 53 30 16 53 30 52 56 67
85 6 16 6 53 30 52 56 67 85 6 53 30 52 56 67
85 6 53 16 6 53 30 52 56 67 85 6 53 30 52 56 67
85 6 53 16 53 30 52 56 67 85 6 53 30 52 56 67
85 6 53 30 16 53 30 52 56 67 85 6 53 30 52 56 67

88 22 25 64 8 61 88 88 22 25 64 8 61 88
88 22 25 64 8 61 88 88 22 14 22 25 64 8 61 88
88 22 25 64 8 61 88 88 22 25 14 22 25 64 8 61 88
88 22 25 64 8 61 88 88 22 25 14 25 64 8 61 88
88 22 25 64 8 61 88 88 22 25 64 14 25 64 8 61 88
88 22 14 22 25 64 8 61 88 88 22 25 64 8 61 88
88 22 25 14 22 25 64 8 61 88 88 22 25 64 8 61 88
88 22 25 14 25 64 8 61 88 88 22 25 64 8 61 88
88 22 25 64 14 25 64 8 61 88 88 22 25 64 8 61 88

80 64 22 13 14 89 44 80 64 22 13 14 89 44
80 64 22 13 14 89 44 80 64 14 64 22 13 14 89 44
80 64 22 13 14 89 44 80 64 22 14 64 22 13 14 89 44
80 64 22 13 14 89 44 80 64 22 14 22 13 14 89 44
80 64 22 13 14 89 44 80 64 22 13 14 22 13 14 89 44
80 64 14 64 22 13 14 89 44 80 64 22 13 14 89 44
80 64 22 14 64 22 13 14 89 44 80 64 22 13 14 89 44
80 64 22 14 22 13 14 89 44 80 64 22 13 14 89 44
80 64 22 13 14 22 13 14 89 44 80 64 22 13 14 89 44

26 6 34 72 22 30 66 26 6 34 72 22 30 66
26 6 34 72 22 30 66 26 6 18 6 34 72 22 30 66
26 6 34 72 22 30 66 26 6 34 18 6 34 72 22 30 66
26 6 34 72 22 30 66 26 6 34 18 34 72 22 30 66
26 6 34 72 22 30 66 26 6 34 72 18 34 72 22 30 66
26 6 18 6 34 72 22 30 66 26 6 34 72 22 30 66
26 6 34 18 6 34 72 22 30 66 26 6 34 72 22 30 66
26 6 34 18 34 72 22 30 66 26 6 34 72 22 30 66
26 6 34 72 18 34 72 22 30 66 26 6 34 72 22 30 66

8 51 54 16 56 94 72 8 51 54 16 56 94 72
8 51 54 16 56 94 72 8 51 17 51 54 16 56 94 72
8 51 54 16 56 94 72 8 51 54 17 51 54 16 56 94 72
8 51 54 16 56 94 72 8 51 54 17 54 16 56 94 72
8 51 54 16 56 94 72 8 51 54 16 17 54 16 56 94 72
8 51 17 51 54 16 56 94 72 8 51 54 16 56 94 72
8 51 54 17 51 54 16 56 94 72 8 51 54 16 56 94 72
8 51 54 17 54 16 56 94 72 8 51 54 16 56 94 72
8 51 54 16 17 54 16 56 94 72 8 51 54 16 56 94 72

61 68 34 8 69 35 42 61 68 34 8 69 35 42
61 68 34 8 69 35 42 61 68 19 68 34 8 69 35 42
61 68 34 8 69 35 42 61 68 34 19 68 34 8 69 35 42
61 68 34 8 69 35 42 61 68 34 19 34 8 69 35 42
61 68 34 8 69 35 42 61 68 34 8 19 34 8 69 35 42
61 68 19 68 34 8 69 35 42 61 68 34 8 69 35 42
61 68 34 19 68 34 8 69 35 42 61 68 34 8 69 35 42
61 68 34 19 34 8 69 35 42 61 68 34 8 69 35 42
61 68 34 8 19 34 8 69 35 42 61 68 34 8 69 35 42

72 21 23 19 39 73 38 72 21 23 19 39 73 38
72 21 23 19 39 73 38 72 21 7 21 23 19 39 73 38
72 21 23 19 39 73 38 72 21 23 7 21 23 19 39 73 38
72 21 23 19 39 73 38 72 21 23 7 23 19 39 73 38
72 21 23 19 39 73 38 72 21 23 19 7 23 19 39 73 38
72 21 7 21 23 19 39 73 38 72 21 23 19 39 73 38
72 21 23 7 21 23 19 39 73 38 72 21 23 19 39 73 38
72 21 23 7 23 19 39 73 38 72 21 23 19 39 73 38
72 21 23 19 7 23 19 39 73 38 72 21 23 19 39 73 38

73 93 96 87 26 51 35 73 93 96 87 26 51 35
73 93 96 87 26 51 35 73 93 7 93 96 87 26 51 35
73 93 96 87 26 51 35 73 93 96 7 93 96 87 26 51 35
73 93 96 87 26 51 35 73 93 96 7 96 87 26 51 35
73 93 96 87 26 51 35 73 93 96 87 7 96 87 26 51 35
73 93 7 93 96 87 26 51 35 73 93 96 87 26 51 35
73 93 96 7 93 96 87 26 51 35 73 93 96 87 26 51 35
73 93 96 7 96 87 26 51 35 73 93 96 87 26 51 35
73 93 96 87 7 96 87 26 51 35 73 93 96 87 26 51 35

11 32 60 81 37 18 10 11 32 60 81 37 18 10
11 32 60 81 37 18 10 11 32 9 32 60 81 37 18 10
11 32 60 81 37 18 10 11 32 60 9 32 60 81 37 18 10
11 32 60 81 37 18 10 11 32 60 9 60 81 37 18 10
11 32 60 81 37 18 10 11 32 60 81 9 60 81 37 18 10
11 32 9 32 60 81 37 18 10 11 32 60 81 37 18 10
11 32 60 9 32 60 81 37 18 10 11 32 60 81 37 18 10
11 32 60 9 60 81 37 18 10 11 32 60 81 37 18 10
11 32 60 81 9 60 81 37 18 10 11 32 60 81 37 18 10

24 5 28 90 76 84 90 24 5 28 90 76 84 90
24 5 28 90 76 84 90 24 5 19 5 28 90 76 84 90
24 5 28 90 76 84 90 24 5 28 19 5 28 90 76 84 90
24 5 28 90 76 84 90 24 5 28 19 28 90 76 84 90
24 5 28 90 76 84 90 24 5 28 90 19 28 90 76 84 90
24 5 19 5 28 90 76 84 90 24 5 28 90 76 84 90
24 5 28 19 5 28 90 76 84 90 24 5 28 90 76 84 90
24 5 28 19 28 90 76 84 90 24 5 28 90 76 84 90
24 5 28 90 19 28 90 76 84 90 24 5 28 90 76 84 90

67 87 94 62 59 47 71 67 87 94 62 59 47 71
67 87 94 62 59 47 71 67 87 6 87 94 62 59 47 71
67 87 94 62 59 47 71 67 87 94 6 87 94 62 59 47 71
67 87 94 62 59 47 71 67 87 94 6 94 62 59 47 71
67 87 94 62 59 47 71 67 87 94 62 6 94 62 59 47 71
67 87 6 87 94 62 59 47 71 67 87 94 62 59 47 71
67 87 94 6 87 94 62 59 47 71 67 87 94 62 59 47 71
67 87 94 6 94 62 59 47 71 67 87 94 62 59 47 71
67 87 94 62 6 94 62 59 47 71 67 87 94 62 59 47 71

34 28 63 56 50 57 5 34 28 63 56 50 57 5
34 28 63 56 50 57 5 34 28 19 28 63 56 50 57 5
34 28 63 56 50 57 5 34 28 63 19 28 63 56 50 57 5
34 28 63 56 50 57 5 34 28 63 19 63 56 50 57 5
34 28 63 56 50 57 5 34 28 63 56 19 63 56 50 57 5
34 28 19 28 63 56 50 57 5 34 28 63 56 50 57 5
34 28 63 19 28 63 56 50 57 5 34 28 63 56 50 57 5
34 28 63 19 63 56 50 57 5 34 28 63 56 50 57 5
34 28 63 56 19 63 56 50 57 5 34 28 63 56 50 57 5

92 60 83 10 57 85 14 92 60 83 10 57 85 14
92 60 83 10 57 85 14 92 60 13 60 83 10 57 85 14
92 60 83 10 57 85 14 92 60 83 13 60 83 10 57 85 14
92 60 83 10 57 85 14 92 60 83 13 83 10 57 85 14
92 60 83 10 57 85 14 92 60 83 10 13 83 10 57 85 14
92 60 13 60 83 10 57 85 14 92 60 83 10 57 85 14
92 60 83 13 60 83 10 57 85 14 92 60 83 10 57 85 14
92 60 83 13 83 10 57 85 14 92 60 83 10 57 85 14
92 60 83 10 13 83 10 57 85 14 92 60 83 10 57 85 14

42 71 42 67 44 80 84 42 71 42 67 44 80 84
42 71 42 67 44 80 84 42 71 15 71 42 67 44 80 84
42 71 42 67 44 80 84 42 71 42 15 71 42 67 44 80 84
42 71 42 67 44 80 84 42 71 42 15 42 67 44 80 84
42 71 42 67 44 80 84 42 71 42 67 15 42 67 44 80 84
42 71 15 71 42 67 44 80 84 42 71 42 67 44 80 84
42 71 42 15 71 42 67 44 80 84 42 71 42 67 44 80 84
42 71 42 15 42 67 44 80 84 42 71 42 67 44 80 84
42 71 42 67 15 42 67 44 80 84 42 71 42 67 44 80 84

9 53 13 32 44 98 69 9 53 13 32 44 98 69
9 53 13 32 44 98 69 9 53 14 53 13 32 44 98 69
9 53 13 32 44 98 69 9 53 13 14 53 13 32 44 98 69
9 53 13 32 44 98 69 9 53 13 14 13 32 44 98 69
9 53 13 32 44 98 69 9 53 13 32 14 13 32 44 98 69
9 53 14 53 13 32 44 98 69 9 53 13 32 44 98 69
9 53 13 14 53 13 32 44 98 69 9 53 13 32 44 98 69
9 53 13 14 13 32 44 98 69 9 53 13 32 44 98 69
9 53 13 32 14 13 32 44 98 69 9 53 13 32 44 98 69

33 42 40 29 84 15 11 33 42 40 29 84 15 11
33 42 40 29 84 15 11 33 42 10 42 40 29 84 15 11
33 42 40 29 84 15 11 33 42 40 10 42 40 29 84 15 11
33 42 40 29 84 15 11 33 42 40 10 40 29 84 15 11
33 42 40 29 84 15 11 33 42 40 29 10 40 29 84 15 11
33 42 10 42 40 29 84 15 11 33 42 40 29 84 15 11
33 42 40 10 42 40 29 84 15 11 33 42 40 29 84 15 11
33 42 40 10 40 29 84 15 11 33 42 40 29 84 15 11
33 42 40 29 10 40 29 84 15 11 33 42 40 29 84 15 11

45 5 67 85 72 65 6 45 5 67 85 72 65 6
45 5 67 85 72 65 6 45 5 17 5 67 85 72 65 6
45 5 67 85 72 65 6 45 5 67 17 5 67 85 72 65 6
45 5 67 85 72 65 6 45 5 67 17 67 85 72 65 6
45 5 67 85 72 65 6 45 5 67 85 17 67 85 72 65 6
45 5 17 5 67 85 72 65 6 45 5 67 85 72 65 6
45 5 67 17 5 67 85 72 65 6 45 5 67 85 72 65 6
45 5 67 17 67 85 72 65 6 45 5 67 85 72 65 6
45 5 67 85 17 67 85 72 65 6 45 5 67 85 72 65 6

16 61 13 9 82 23 82 16 61 13 9 82 23 82
16 61 13 9 82 23 82 16 61 17 61 13 9 82 23 82
16 61 13 9 82 23 82 16 61 13 17 61 13 9 82 23 82
16 61 13 9 82 23 82 16 61 13 17 13 9 82 23 82
16 61 13 9 82 23 82 16 61 13 9 17 13 9 82 23 82
16 61 17 61 13 9 82 23 82 16 61 13 9 82 23 82
16 61 13 17 61 13 9 82 23 82 16 61 13 9 82 23 82
16 61 13 17 13 9 82 23 82 16 61 13 9 82 23 82
16 61 13 9 17 13 9 82 23 82 16 61 13 9 82 23 82

83 33 56 91 17 12 94 83 33 56 91 17 12 94
83 33 56 91 17 12 94 83 33 8 33 56 91 17 12 94
83 33 56 91 17 12 94 83 33 56 8 33 56 91 17 12 94
83 33 56 91 17 12 94 83 33 56 8 56 91 17 12 94
83 33 56 91 17 12 94 83 33 56 91 8 56 91 17 12 94
83 33 8 33 56 91 17 12 94 83 33 56 91 17 12 94
83 33 56 8 33 56 91 17 12 94 83 33 56 91 17 12 94
83 33 56 8 56 91 17 12 94 83 33 56 91 17 12 94
83 33 56 91 8 56 91 17 12 94 83 33 56 91 17 12 94

84 80 9 61 74 18 14 84 80 9 61 74 18 14
84 80 9 61 74 18 14 84 80 12 80 9 61 74 18 14
84 80 9 61 74 18 14 84 80 9 12 80 9 61 74 18 14
84 80 9 61 74 18 14 84 80 9 12 9 61 74 18 14
84 80 9 61 74 18 14 84 80 9 61 12 9 61 74 18 14
84 80 12 80 9 61 74 18 14 84 80 9 61 74 18 14
84 80 9 12 80 9 61 74 18 14 84 80 9 61 74 18 14
84 80 9 12 9 61 74 18 14 84 80 9 61 74 18 14
84 80 9 61 12 9 61 74 18 14 84 80 9 61 74 18 14

38 11 60 94 89 65 35 38 11 60 94 89 65 35
38 11 60 94 89 65 35 38 11 11 11 60 94 89 65 35
38 11 60 94 89 65 35 38 11 60 11 11 60 94 89 65 35
38 11 60 94 89 65 35 38 11 60 11 60 94 89 65 35
38 11 60 94 89 65 35 38 11 60 94 11 60 94 89 65 35
38 11 11 11 60 94 89 65 35 38 11 60 94 89 65 35
38 11 60 11 11 60 94 89 65 35 38 11 60 94 89 65 35
38 11 60 11 60 94 89 65 35 38 11 60 94 89 65 35
38 11 60 94 11 60 94 89 65 35 38 11 60 94 89 65 35

27 12 51 33 14 21 25 27 12 51 33 14 21 25
27 12 51 33 14 21 25 27 12 12 12 51 33 14 21 25
27 12 51 33 14 21 25 27 12 51 12 12 51 33 14 21 25
27 12 51 33 14 21 25 27 12 51 12 51 33 14 21 25
27 12 51 33 14 21 25 27 12 51 33 12 51 33 14 21 25
27 12 12 12 51 33 14 21 25 27 12 51 33 14 21 25
27 12 51 12 12 51 33 14 21 25 27 12 51 33 14 21 25
27 12 51 12 51 33 14 21 25 27 12 51 33 14 21 25
27 12 51 33 12 51 33 14 21 25 27 12 51 33 14 21 25

47 50 69 18 51 39 63 47 50 69 18 51 39 63
47 50 69 18 51 39 63 47 50 7 50 69 18 51 39 63
47 50 69 18 51 39 63 47 50 69 7 50 69 18 51 39 63
47 50 69 18 51 39 63 47 50 69 7 69 18 51 39 63
47 50 69 18 51 39 63 47 50 69 18 7 69 18 51 39 63
47 50 7 50 69 18 51 39 63 47 50 69 18 51 39 63
47 50 69 7 50 69 18 51 39 63 47 50 69 18 51 39 63
47 50 69 7 69 18 51 39 63 47 50 69 18 51 39 63
47 50 69 18 7 69 18 51 39 63 47 50 69 18 51 39 63

96 32 85 48 66 53 45 96 32 85 48 66 53 45
96 32 85 48 66 53 45 96 32 15 32 85 48 66 53 45
96 32 85 48 66 53 45 96 32 85 15 32 85 48 66 53 45
96 32 85 48 66 53 45 96 32 85 15 85 48 66 53 45
96 32 85 48 66 53 45 96 32 85 48 15 85 48 66 53 45
96 32 15 32 85 48 66 53 45 96 32 85 48 66 53 45
96 32 85 15 32 85 48 66 53 45 96 32 85 48 66 53 45
96 32 85 15 85 48 66 53 45 96 32 85 48 66 53 45
96 32 85 48 15 85 48 66 53 45 96 32 85 48 66 53 45

79 29 75 66 49 94 33 79 29 75 66 49 94 33
79 29 75 66 49 94 33 79 29 11 29 75 66 49 94 33
79 29 75 66 49 94 33 79 29 75 11 29 75 66 49 94 33
79 29 75 66 49 94 33 79 29 75 11 75 66 49 94 33
79 29 75 66 49 94 33 79 29 75 66 11 75 66 49 94 33
79 29 11 29 75 66 49 94 33 79 29 75 66 49 94 33
79 29 75 11 29 75 66 49 94 33 79 29 75 66 49 94 33
79 29 75 11 75 66 49 94 33 79 29 75 66 49 94 33
79 29 75 66 11 75 66 49 94 33 79 29 75 66 49 94 33

29 25 49 59 57 6 27 29 25 49 59 57 6 27
29 25 49 59 57 6 27 29 25 13 25 49 59 57 6 27
29 25 49 59 57 6 27 29 25 49 13 25 49 59 57 6 27
29 25 49 59 57 6 27 29 25 49 13 49 59 57 6 27
29 25 49 59 57 6 27 29 25 49 59 13 49 59 57 6 27
29 25 13 25 49 59 57 6 27 29 25 49 59 57 6 27
29 25 49 13 25 49 59 57 6 27 29 25 49 59 57 6 27
29 25 49 13 49 59 57 6 27 29 25 49 59 57 6 27
29 25 49 59 13 49 59 57 6 27 29 25 49 59 57 6 27

29 5 45 70 61 26 81 29 5 45 70 61 26 81
29 5 45 70 61 26 81 29 5 14 5 45 70 61 26 81
29 5 45 70 61 26 81 29 5 45 14 5 45 70 61 26 81
29 5 45 70 61 26 81 29 5 45 14 45 70 61 26 81
29 5 45 70 61 26 81 29 5 45 70 14 45 70 61 26 81
29 5 14 5 45 70 61 26 81 29 5 45 70 61 26 81
29 5 45 14 5 45 70 61 26 81 29 5 45 70 61 26 81
29 5 45 14 45 70 61 26 81 29 5 45 70 61 26 81
29 5 45 70 14 45 70 61 26 81 29 5 45 70 61 26 81

69 84 14 34 13 54 46 69 84 14 34 13 54 46
69 84 14 34 13 54 46 69 84 10 84 14 34 13 54 46
69 84 14 34 13 54 46 69 84 14 10 84 14 34 13 54 46
69 84 14 34 13 54 46 69 84 14 10 14 34 13 54 46
69 84 14 34 13 54 46 69 84 14 34 10 14 34 13 54 46
69 84 10 84 14 34 13 54 46 69 84 14 34 13 54 46
69 84 14 10 84 14 34 13 54 46 69 84 14 34 13 54 46
69 84 14 10 14 34 13 54 46 69 84 14 34 13 54 46
69 84 14 34 10 14 34 13 54 46 69 84 14 34 13 54 46

11 90 25 20 44 60 26 11 90 25 20 44 60 26
11 90 25 20 44 60 26 11 90 9 90 25 20 44 60 26
11 90 25 20 44 60 26 11 90 25 9 90 25 20 44 60 26
11 90 25 20 44 60 26 11 90 25 9 25 20 44 60 26
11 90 25 20 44 60 26 11 90 25 20 9 25 20 44 60 26
11 90 9 90 25 20 44 60 26 11 90 25 20 44 60 26
11 90 25 9 90 25 20 44 60 26 11 90 25 20 44 60 26
11 90 25 9 25 20 44 60 26 11 90 25 20 44 60 26
11 90 25 20 9 25 20 44 60 26 11 90 25 20 44 60 26

69 26 72 49 70 31 48 69 26 72 49 70 31 48
69 26 72 49 70 31 48 69 26 9 26 72 49 70 31 48
69 26 72 49 70 31 48 69 26 72 9 26 72 49 70 31 48
69 26 72 49 70 31 48 69 26 72 9 72 49 70 31 48
69 26 72 49 70 31 48 69 26 72 49 9 72 49 70 31 48
69 26 9 26 72 49 70 31 48 69 26 72 49 70 31 48
69 26 72 9 26 72 49 70 31 48 69 26 72 49 70 31 48
69 26 72 9 72 49 70 31 48 69 26 72 49 70 31 48
69 26 72 49 9 72 49 70 31 48 69 26 72 49 70 31 48

65 73 45 30 40 91 32 65 73 45 30 40 91 32
65 73 45 30 40 91 32 65 73 5 73 45 30 40 91 32
65 73 45 30 40 91 32 65 73 45 5 73 45 30 40 91 32
65 73 45 30 40 91 32 65 73 45 5 45 30 40 91 32
65 73 45 30 40 91 32 65 73 45 30 5 45 30 40 91 32
65 73 5 73 45 30 40 91 32 65 73 45 30 40 91 32
65 73 45 5 73 45 30 40 91 32 65 73 45 30 40 91 32
65 73 45 5 45 30 40 91 32 65 73 45 30 40 91 32
65 73 45 30 5 45 30 40 91 32 65 73 45 30 40 91 32

33 89 56 12 35 28 100 33 89 56 12 35 28 100
33 89 56 12 35 28 100 33 89 5 89 56 12 35 28 100
33 89 56 12 35 28 100 33 89 56 5 89 56 12 35 28 100
33 89 56 12 35 28 100 33 89 56 5 56 12 35 28 100
33 89 56 12 35 28 100 33 89 56 12 5 56 12 35 28 100
33 89 5 89 56 12 35 28 100 33 89 56 12 35 28 100
33 89 56 5 89 56 12 35 28 100 33 89 56 12 35 28 100
33 89 56 5 56 12 35 28 100 33 89 56 12 35 28 100
33 89 56 12 5 56 12 35 28 100 33 89 56 12 35 28 100

65 39 46 49 82 8 93 65 39 46 49 82 8 93
65 39 46 49 82 8 93 65 39 7 39 46 49 82 8 93
65 39 46 49 82 8 93 65 39 46 7 39 46 49 82 8 93
65 39 46 49 82 8 93 65 39 46 7 46 49 82 8 93
65 39 46 49 82 8 93 65 39 46 49 7 46 49 82 8 93
65 39 7 39 46 49 82 8 93 65 39 46 49 82 8 93
65 39 46 7 39 46 49 82 8 93 65 39 46 49 82 8 93
65 39 46 7 46 49 82 8 93 65 39 46 49 82 8 93
65 39 46 49 7 46 49 82 8 93 65 39 46 49 82 8 93

73 36 17 31 24 21 56 73 36 17 31 24 21 56
73 36 17 31 24 21 56 73 36 6 36 17 31 24 21 56
73 36 17 31 24 21 56 73 36 17 6 36 17 31 24 21 56
73 36 17 31 24 21 56 73 36 17 6 17 31 24 21 56
73 36 17 31 24 21 56 73 36 17 31 6 17 31 24 21 56
73 36 6 36 17 31 24 21 56 73 36 17 31 24 21 56
73 36 17 6 36 17 31 24 21 56 73 36 17 31 24 21 56
73 36 17 6 17 31 24 21 56 73 36 17 31 24 21 56
73 36 17 31 6 17 31 24 21 56 73 36 17 31 24 21 56

57 75 75 22 95 98 33 57 75 75 22 95 98 33
57 75 75 22 95 98 33 57 75 5 75 75 22 95 98 33
57 75 75 22 95 98 33 57 75 75 5 75 75 22 95 98 33
57 75 75 22 95 98 33 57 75 75 5 75 22 95 98 33
57 75 75 22 95 98 33 57 75 75 22 5 75 22 95 98 33
57 75 5 75 75 22 95 98 33 57 75 75 22 95 98 33
57 75 75 5 75 75 22 95 98 33 57 75 75 22 95 98 33
57 75 75 5 75 22 95 98 33 57 75 75 22 95 98 33
57 75 75 22 5 75 22 95 98 33 57 75 75 22 95 98 33

46 40 59 72 15 20 82 46 40 59 72 15 20 82
46 40 59 72 15 20 82 46 40 9 40 59 72 15 20 82
46 40 59 72 15 20 82 46 40 59 9 40 59 72 15 20 82
46 40 59 72 15 20 82 46 40 59 9 59 72 15 20 82
46 40 59 72 15 20 82 46 40 59 72 9 59 72 15 20 82
46 40 9 40 59 72 15 20 82 46 40 59 72 15 20 82
46 40 59 9 40 59 72 15 20 82 46 40 59 72 15 20 82
46 40 59 9 59 72 15 20 82 46 40 59 72 15 20 82
46 40 59 72 9 59 72 15 20 82 46 40 59 72 15 20 82

83 27 85 31 19 22 91 83 27 85 31 19 22 91
83 27 85 31 19 22 91 83 27 9 27 85 31 19 22 91
83 27 85 31 19 22 91 83 27 85 9 27 85 31 19 22 91
83 27 85 31 19 22 91 83 27 85 9 85 31 19 22 91
83 27 85 31 19 22 91 83 27 85 31 9 85 31 19 22 91
83 27 9 27 85 31 19 22 91 83 27 85 31 19 22 91
83 27 85 9 27 85 31 19 22 91 83 27 85 31 19 22 91
83 27 85 9 85 31 19 22 91 83 27 85 31 19 22 91
83 27 85 31 9 85 31 19 22 91 83 27 85 31 19 22 91

15 13 88 67 49 26 31 15 13 88 67 49 26 31
15 13 88 67 49 26 31 15 13 16 13 88 67 49 26 31
15 13 88 67 49 26 31 15 13 88 16 13 88 67 49 26 31
15 13 88 67 49 26 31 15 13 88 16 88 67 49 26 31
15 13 88 67 49 26 31 15 13 88 67 16 88 67 49 26 31
15 13 16 13 88 67 49 26 31 15 13 88 67 49 26 31
15 13 88 16 13 88 67 49 26 31 15 13 88 67 49 26 31
15 13 88 16 88 67 49 26 31 15 13 88 67 49 26 31
15 13 88 67 16 88 67 49 26 31 15 13 88 67 49 26 31

79 17 6 93 45 38 36 79 17 6 93 45 38 36
79 17 6 93 45 38 36 79 17 20 17 6 93 45 38 36
79 17 6 93 45 38 36 79 17 6 20 17 6 93 45 38 36
79 17 6 93 45 38 36 79 17 6 20 6 93 45 38 36
79 17 6 93 45 38 36 79 17 6 93 20 6 93 45 38 36
79 17 20 17 6 93 45 38 36 79 17 6 93 45 38 36
79 17 6 20 17 6 93 45 38 36 79 17 6 93 45 38 36
79 17 6 20 6 93 45 38 36 79 17 6 93 45 38 36
79 17 6 93 20 6 93 45 38 36 79 17 6 93 45 38 36

91 74 29 66 34 39 76 91 74 29 66 34 39 76
91 74 29 66 34 39 76 91 74 15 74 29 66 34 39 76
91 74 29 66 34 39 76 91 74 29 15 74 29 66 34 39 76
91 74 29 66 34 39 76 91 74 29 15 29 66 34 39 76
91 74 29 66 34 39 76 91 74 29 66 15 29 66 34 39 76
91 74 15 74 29 66 34 39 76 91 74 29 66 34 39 76
91 74 29 15 74 29 66 34 39 76 91 74 29 66 34 39 76
91 74 29 15 29 66 34 39 76 91 74 29 66 34 39 76
91 74 29 66 15 29 66 34 39 76 91 74 29 66 34 39 76

21 81 51 53 49 81 89 21 81 51 53 49 81 89
21 81 51 53 49 81 89 21 81 7 81 51 53 49 81 89
21 81 51 53 49 81 89 21 81 51 7 81 51 53 49 81 89
21 81 51 53 49 81 89 21 81 51 7 51 53 49 81 89
21 81 51 53 49 81 89 21 81 51 53 7 51 53 49 81 89
21 81 7 81 51 53 49 81 89 21 81 51 53 49 81 89
21 81 51 7 81 51 53 49 81 89 21 81 51 53 49 81 89
21 81 51 7 51 53 49 81 89 21 81 51 53 49 81 89
21 81 51 53 7 51 53 49 81 89 21 81 51 53 49 81 89

22 16 34 10 6 74 92 22 16 34 10 6 74 92
22 16 34 10 6 74 92 22 16 7 16 34 10 6 74 92
22 16 34 10 6 74 92 22 16 34 7 16 34 10 6 74 92
22 16 34 10 6 74 92 22 16 34 7 34 10 6 74 92
22 16 34 10 6 74 92 22 16 34 10 7 34 10 6 74 92
22 16 7 16 34 10 6 74 92 22 16 34 10 6 74 92
22 16 34 7 16 34 10 6 74 92 22 16 34 10 6 74 92
22 16 34 7 34 10 6 74 92 22 16 34 10 6 74 92
22 16 34 10 7 34 10 6 74 92 22 16 34 10 6 74 92

32 22 46 93 64 75 16 32 22 46 93 64 75 16
32 22 46 93 64 75 16 32 22 16 22 46 93 64 75 16
32 22 46 93 64 75 16 32 22 46 16 22 46 93 64 75 16
32 22 46 93 64 75 16 32 22 46 16 46 93 64 75 16
32 22 46 93 64 75 16 32 22 46 93 16 46 93 64 75 16
32 22 16 22 46 93 64 75 16 32 22 46 93 64 75 16
32 22 46 16 22 46 93 64 75 16 32 22 46 93 64 75 16
32 22 46 16 46 93 64 75 16 32 22 46 93 64 75 16
32 22 46 93 16 46 93 64 75 16 32 22 46 93 64 75 16

90 36 20 8 87 36 90 90 36 20 8 87 36 90
90 36 20 8 87 36 90 90 36 14 36 20 8 87 36 90
90 36 20 8 87 36 90 90 36 20 14 36 20 8 87 36 90
90 36 20 8 87 36 90 90 36 20 14 20 8 87 36 90
90 36 20 8 87 36 90 90 36 20 8 14 20 8 87 36 90
90 36 14 36 20 8 87 36 90 90 36 20 8 87 36 90
90 36 20 14 36 20 8 87 36 90 90 36 20 8 87 36 90
90 36 20 14 20 8 87 36 90 90 36 20 8 87 36 90
90 36 20 8 14 20 8 87 36 90 90 36 20 8 87 36 90

43 26 56 58 75 32 28 43 26 56 58 75 32 28
43 26 56 58 75 32 28 43 26 11 26 56 58 75 32 28
43 26 56 58 75 32 28 43 26 56 11 26 56 58 75 32 28
43 26 56 58 75 32 28 43 26 56 11 56 58 75 32 28
43 26 56 58 75 32 28 43 26 56 58 11 56 58 75 32 28
43 26 11 26 56 58 75 32 28 43 26 56 58 75 32 28
43 26 56 11 26 56 58 75 32 28 43 26 56 58 75 32 28
43 26 56 11 56 58 75 32 28 43 26 56 58 75 32 28
43 26 56 58 11 56 58 75 32 28 43 26 56 58 75 32 28

33 75 20 55 58 75 67 33 75 20 55 58 75 67
33 75 20 55 58 75 67 33 75 11 75 20 55 58 75 67
33 75 20 55 58 75 67 33 75 20 11 75 20 55 58 75 67
33 75 20 55 58 75 67 33 75 20 11 20 55 58 75 67
33 75 20 55 58 75 67 33 75 20 55 11 20 55 58 75 67
33 75 11 75 20 55 58 75 67 33 75 20 55 58 75 67
33 75 20 11 75 20 55 58 75 67 33 75 20 55 58 75 67
33 75 20 11 20 55 58 75 67 33 75 20 55 58 75 67
33 75 20 55 11 20 55 58 75 67 33 75 20 55 58 75 67

79 47 6 88 34 98 85 79 47 6 88 34 98 85
79 47 6 88 34 98 85 79 47 11 47 6 88 34 98 85
79 47 6 88 34 98 85 79 47 6 11 47 6 88 34 98 85
79 47 6 88 34 98 85 79 47 6 11 6 88 34 98 85
79 47 6 88 34 98 85 79 47 6 88 11 6 88 34 98 85
79 47 11 47 6 88 34 98 85 79 47 6 88 34 98 85
79 47 6 11 47 6 88 34 98 85 79 47 6 88 34 98 85
79 47 6 11 6 88 34 98 85 79 47 6 88 34 98 85
79 47 6 88 11 6 88 34 98 85 79 47 6 88 34 98 85

96 93 7 30 93 90 55 96 93 7 30 93 90 55
96 93 7 30 93 90 55 96 93 12 93 7 30 93 90 55
96 93 7 30 93 90 55 96 93 7 12 93 7 30 93 90 55
96 93 7 30 93 90 55 96 93 7 12 7 30 93 90 55
96 93 7 30 93 90 55 96 93 7 30 12 7 30 93 90 55
96 93 12 93 7 30 93 90 55 96 93 7 30 93 90 55
96 93 7 12 93 7 30 93 90 55 96 93 7 30 93 90 55
96 93 7 12 7 30 93 90 55 96 93 7 30 93 90 55
96 93 7 30 12 7 30 93 90 55 96 93 7 30 93 90 55

53 35 31 80 34 87 44 53 35 31 80 34 87 44
53 35 31 80 34 87 44 53 35 8 35 31 80 34 87 44
53 35 31 80 34 87 44 53 35 31 8 35 31 80 34 87 44
53 35 31 80 34 87 44 53 35 31 8 31 80 34 87 44
53 35 31 80 34 87 44 53 35 31 80 8 31 80 34 87 44
53 35 8 35 31 80 34 87 44 53 35 31 80 34 87 44
53 35 31 8 35 31 80 34 87 44 53 35 31 80 34 87 44
53 35 31 8 31 80 34 87 44 53 35 31 80 34 87 44
53 35 31 80 8 31 80 34 87 44 53 35 31 80 34 87 44

69 78 50 75 49 80 14 69 78 50 75 49 80 14
69 78 50 75 49 80 14 69 78 14 78 50 75 49 80 14
69 78 50 75 49 80 14 69 78 50 14 78 50 75 49 80 14
69 78 50 75 49 80 14 69 78 50 14 50 75 49 80 14
69 78 50 75 49 80 14 69 78 50 75 14 50 75 49 80 14
69 78 14 78 50 75 49 80 14 69 78 50 75 49 80 14
69 78 50 14 78 50 75 49 80 14 69 78 50 75 49 80 14
69 78 50 14 50 75 49 80 14 69 78 50 75 49 80 14
69 78 50 75 14 50 75 49 80 14 69 78 50 75 49 80 14

94 40 22 70 79 83 50 94 40 22 70 79 83 50
94 40 22 70 79 83 50 94 40 20 40 22 70 79 83 50
94 40 22 70 79 83 50 94 40 22 20 40 22 70 79 83 50
94 40 22 70 79 83 50 94 40 22 20 22 70 79 83 50
94 40 22 70 79 83 50 94 40 22 70 20 22 70 79 83 50
94 40 20 40 22 70 79 83 50 94 40 22 70 79 83 50
94 40 22 20 40 22 70 79 83 50 94 40 22 70 79 83 50
94 40 22 20 22 70 79 83 50 94 40 22 70 79 83 50
94 40 22 70 20 22 70 79 83 50 94 40 22 70 79 83 50

70 40 49 77 91 10 8 70 40 49 77 91 10 8
70 40 49 77 91 10 8 70 40 20 40 49 77 91 10 8
70 40 49 77 91 10 8 70 40 49 20 40 49 77 91 10 8
70 40 49 77 91 10 8 70 40 49 20 49 77 91 10 8
70 40 49 77 91 10 8 70 40 49 77 20 49 77 91 10 8
70 40 20 40 49 77 91 10 8 70 40 49 77 91 10 8
70 40 49 20 40 49 77 91 10 8 70 40 49 77 91 10 8
70 40 49 20 49 77 91 10 8 70 40 49 77 91 10 8
70 40 49 77 20 49 77 91 10 8 70 40 49 77 91 10 8

96 42 78 82 89 27 52 96 42 78 82 89 27 52
96 42 78 82 89 27 52 96 42 19 42 78 82 89 27 52
96 42 78 82 89 27 52 96 42 78 19 42 78 82 89 27 52
96 42 78 82 89 27 52 96 42 78 19 78 82 89 27 52
96 42 78 82 89 27 52 96 42 78 82 19 78 82 89 27 52
96 42 19 42 78 82 89 27 52 96 42 78 82 89 27 52
96 42 78 19 42 78 82 89 27 52 96 42 78 82 89 27 52
96 42 78 19 78 82 89 27 52 96 42 78 82 89 27 52
96 42 78 82 19 78 82 89 27 52 96 42 78 82 89 27 52

26 33 23 84 49 65 7 26 33 23 84 49 65 7
26 33 23 84 49 65 7 26 33 8 33 23 84 49 65 7
26 33 23 84 49 65 7 26 33 23 8 33 23 84 49 65 7
26 33 23 84 49 65 7 26 33 23 8 23 84 49 65 7
26 33 23 84 49 65 7 26 33 23 84 8 23 84 49 65 7
26 33 8 33 23 84 49 65 7 26 33 23 84 49 65 7
26 33 23 8 33 23 84 49 65 7 26 33 23 84 49 65 7
26 33 23 8 23 84 49 65 7 26 33 23 84 49 65 7
26 33 23 84 8 23 84 49 65 7 26 33 23 84 49 65 7

