200
7
4
2

21
20
16
28
17
29
3
21
3
13
24
23
7
27
5
17
9
29
11
23
1
10
18
2
30
28
6
23
7
12
29
22
0
12
9
17
10
28
26
23
20
30
17
23
3
11
3
10
13
0
23
25
8
0
20
19
18
3
26
7
19
8
12
12
16
30
22
9
4
1
3
14
17
22
30
16
22
13
23
18
0
6
6
5
6
5
6
27
6
23
24
14
6
28
7
5
25
27
25
14
19
29
24
11
24
9
3
26
11
30
8
27
19
18
13
10
24
17
6
21
6
27
21
26
19
5
13
4
1
24
8
15
28
20
20
9
21
8
30
24
23
15
12
29
30
16
30
23
23
13
22
27
24
10
23
13
1
28
5
20
3
18
15
18
10
29
17
21
22
17
10
6
13
28
21
28
1
23
18
0
15
2
24
8
14
5
9
16
7
25
17
26
23
23
18
11
15
2
1
16

107 110 
82 28 
45 109 
49 113 
34 48 
27 45 
95 92 
66 78 
60 67 
81 58 
49 115 
96 102 
21 74 
96 38 
58 40 
25 60 
19 27 
30 77 
96 63 
42 44 
44 75 
58 103 
118 109 
61 50 
76 46 
71 70 
97 112 
100 89 
96 71 
19 32 
95 64 
74 54 
83 64 
66 88 
59 17 
27 32 
43 101 
24 81 
39 68 
88 23 
58 62 
37 99 
32 65 
109 13 
108 49 
109 87 
84 111 
30 46 
104 42 
25 79 
27 107 
44 91 
92 73 
103 61 
90 106 
10 115 
90 78 
34 89 
78 57 
101 65 
95 104 
43 107 
22 90 
108 69 
77 100 
42 97 
28 20 
90 37 
106 22 
24 69 
80 52 
68 62 
104 65 
42 36 
31 99 
72 66 
63 89 
64 109 
67 33 
95 68 
108 45 
40 85 
25 67 
39 62 
12 79 
105 64 
35 49 
55 12 
40 45 
41 105 
98 76 
43 87 
45 63 
76 21 
72 23 
89 80 
66 93 
22 103 
97 81 
59 114 
47 95 
91 67 
58 83 
61 22 
60 93 
81 96 
36 40 
79 30 
95 39 
83 38 
43 38 
51 45 
61 79 
51 89 
80 44 
92 48 
54 93 
99 97 
48 44 
53 73 
79 24 
66 97 
44 107 
34 66 
41 44 
87 59 
107 107 
100 52 
18 38 
38 102 
69 52 
39 100 
90 101 
109 18 
97 56 
71 54 
103 28 
96 77 
60 79 
104 22 
113 86 
41 111 
106 38 
59 80 
62 71 
109 78 
93 31 
64 62 
67 38 
97 29 
25 40 
45 26 
98 38 
109 93 
114 52 
41 96 
66 62 
34 31 
41 64 
94 108 
99 84 
88 18 
41 84 
72 12 
39 90 
105 57 
81 81 
72 53 
56 42 
80 42 
26 41 
106 36 
69 63 
91 105 
101 61 
69 61 
57 62 
76 107 
32 38 
96 65 
82 38 
64 90 
40 106 
102 58 
65 84 
33 110 
114 96 
19 75 
35 49 
76 104 
77 81 
47 107 
82 34 
24 99 
108 96 
66 85 
94 88 
49 90 
83 90 
37 56 

2063
1500
1883
2270
1555
1835
1992
2017
1853
1723
1629
2679
2100
1686
1976
1779
1144
1502
2074
1485
2021
1725
2299
1191
1491
1385
2423
2526
2053
1775
2077
1587
2190
1772
1077
979
1823
1463
1495
1898
1970
2004
1306
1634
1984
2589
2001
1248
2138
1576
2181
2021
1849
1554
2531
2077
2184
2408
2325
1744
2534
2237
1564
1585
2205
1611
1593
2076
1983
1946
1736
1898
1719
1432
1475
2069
2206
2620
2148
2427
2141
1716
1153
1711
1274
1903
1551
1420
1298
1502
1891
1563
2010
1817
1533
2025
2369
2143
2183
2311
1325
1951
1792
1184
1972
2895
1501
1750
1420
1969
1854
1977
1700
1879
1979
1455
1993
2205
1363
2095
1941
2498
1677
1411
1923
2403
2045
2135
1481
1443
1705
1785
1828
1490
1869
1888
2443
2473
1660
2283
2323
1609
1687
2005
2048
1924
2070
2117
1432
2072
1112
1504
1475
2594
1948
1826
1704
1305
1874
2349
1706
1548
1738
1723
1818
1937
1524
1755
1653
1189
1545
1677
1688
2939
2443
1454
1538
2408
1185
2173
1798
1997
1519
2051
2107
2464
2230
1745
1764
2061
2527
1830
1719
2090
2213
2646
2487
2055
2411
1570

1 2 3 4 5 1 2 3 4 5 6 7
1 2 3 4 5 1 2 100 102 3 4 5 6 7
1 2 3 4 5 1 2 3 100 102 103 4 5 6 7
1 2 3 4 5 1 2 3 100 103 4 5 6 7
1 2 3 4 5 1 2 3 4 100 103 104 5 6 7
1 2 100 102 3 4 5 1 2 3 4 5 6 7
1 2 3 100 102 103 4 5 1 2 3 4 5 6 7
1 2 3 100 103 4 5 1 2 3 4 5 6 7
1 2 3 4 100 103 104 5 1 2 3 4 5 6 7

21 34 98 98 85 7 16 21 34 98 98 85 7 16
21 34 98 98 85 7 16 21 34 20 34 98 98 85 7 16
21 34 98 98 85 7 16 21 34 98 20 34 98 98 85 7 16
21 34 98 98 85 7 16 21 34 98 20 98 98 85 7 16
21 34 98 98 85 7 16 21 34 98 98 20 98 98 85 7 16
21 34 20 34 98 98 85 7 16 21 34 98 98 85 7 16
21 34 98 20 34 98 98 85 7 16 21 34 98 98 85 7 16
21 34 98 20 98 98 85 7 16 21 34 98 98 85 7 16
21 34 98 98 20 98 98 85 7 16 21 34 98 98 85 7 16

65 47 63 17 13 70 31 65 47 63 17 13 70 31
65 47 63 17 13 70 31 65 47 16 47 63 17 13 70 31
65 47 63 17 13 70 31 65 47 63 16 47 63 17 13 70 31
65 47 63 17 13 70 31 65 47 63 16 63 17 13 70 31
65 47 63 17 13 70 31 65 47 63 17 16 63 17 13 70 31
65 47 16 47 63 17 13 70 31 65 47 63 17 13 70 31
65 47 63 16 47 63 17 13 70 31 65 47 63 17 13 70 31
65 47 63 16 63 17 13 70 31 65 47 63 17 13 70 31
65 47 63 17 16 63 17 13 70 31 65 47 63 17 13 70 31

89 20 32 92 53 48 23 89 20 32 92 53 48 23
89 20 32 92 53 48 23 89 20 18 20 32 92 53 48 23
89 20 32 92 53 48 23 89 20 32 18 20 32 92 53 48 23
89 20 32 92 53 48 23 89 20 32 18 32 92 53 48 23
89 20 32 92 53 48 23 89 20 32 92 18 32 92 53 48 23
89 20 18 20 32 92 53 48 23 89 20 32 92 53 48 23
89 20 32 18 20 32 92 53 48 23 89 20 32 92 53 48 23
89 20 32 18 32 92 53 48 23 89 20 32 92 53 48 23
89 20 32 92 18 32 92 53 48 23 89 20 32 92 53 48 23

62 67 42 98 69 23 86 62 67 42 98 69 23 86
62 67 42 98 69 23 86 62 67 18 67 42 98 69 23 86
62 67 42 98 69 23 86 62 67 42 18 67 42 98 69 23 86
62 67 42 98 69 23 86 62 67 42 18 42 98 69 23 86
62 67 42 98 69 23 86 62 67 42 98 18 42 98 69 23 86
62 67 18 67 42 98 69 23 86 62 67 42 98 69 23 86
62 67 42 18 67 42 98 69 23 86 62 67 42 98 69 23 86
62 67 42 18 42 98 69 23 86 62 67 42 98 69 23 86
62 67 42 98 18 42 98 69 23 86 62 67 42 98 69 23 86

78 6 21 29 78 20 91 78 6 21 29 78 20 91
78 6 21 29 78 20 91 78 6 20 6 21 29 78 20 91
78 6 21 29 78 20 91 78 6 21 20 6 21 29 78 20 91
78 6 21 29 78 20 91 78 6 21 20 21 29 78 20 91
78 6 21 29 78 20 91 78 6 21 29 20 21 29 78 20 91
78 6 20 6 21 29 78 20 91 78 6 21 29 78 20 91
78 6 21 20 6 21 29 78 20 91 78 6 21 29 78 20 91
78 6 21 20 21 29 78 20 91 78 6 21 29 78 20 91
78 6 21 29 20 21 29 78 20 91 78 6 21 29 78 20 91

45 77 18 38 81 89 9 45 77 18 38 81 89 9
45 77 18 38 81 89 9 45 77 14 77 18 38 81 89 9
45 77 18 38 81 89 9 45 77 18 14 77 18 38 81 89 9
45 77 18 38 81 89 9 45 77 18 14 18 38 81 89 9
45 77 18 38 81 89 9 45 77 18 38 14 18 38 81 89 9
45 77 14 77 18 38 81 89 9 45 77 18 38 81 89 9
45 77 18 14 77 18 38 81 89 9 45 77 18 38 81 89 9
45 77 18 14 18 38 81 89 9 45 77 18 38 81 89 9
45 77 18 38 14 18 38 81 89 9 45 77 18 38 81 89 9

16 81 81 87 18 56 54 16 81 81 87 18 56 54
16 81 81 87 18 56 54 16 81 15 81 81 87 18 56 54
16 81 81 87 18 56 54 16 81 81 15 81 81 87 18 56 54
16 81 81 87 18 56 54 16 81 81 15 81 87 18 56 54
16 81 81 87 18 56 54 16 81 81 87 15 81 87 18 56 54
16 81 15 81 81 87 18 56 54 16 81 81 87 18 56 54
16 81 81 15 81 81 87 18 56 54 16 81 81 87 18 56 54
16 81 81 15 81 87 18 56 54 16 81 81 87 18 56 54
16 81 81 87 15 81 87 18 56 54 16 81 81 87 18 56 54

32 90 56 62 48 43 80 32 90 56 62 48 43 80
32 90 56 62 48 43 80 32 90 11 90 56 62 48 43 80
32 90 56 62 48 43 80 32 90 56 11 90 56 62 48 43 80
32 90 56 62 48 43 80 32 90 56 11 56 62 48 43 80
32 90 56 62 48 43 80 32 90 56 62 11 56 62 48 43 80
32 90 11 90 56 62 48 43 80 32 90 56 62 48 43 80
32 90 56 11 90 56 62 48 43 80 32 90 56 62 48 43 80
32 90 56 11 56 62 48 43 80 32 90 56 62 48 43 80
32 90 56 62 11 56 62 48 43 80 32 90 56 62 48 43 80

63 53 50 55 9 91 90 63 53 50 55 9 91 90
63 53 50 55 9 91 90 63 53 11 53 50 55 9 91 90
63 53 50 55 9 91 90 63 53 50 11 53 50 55 9 91 90
63 53 50 55 9 91 90 63 53 50 11 50 55 9 91 90
63 53 50 55 9 91 90 63 53 50 55 11 50 55 9 91 90
63 53 11 53 50 55 9 91 90 63 53 50 55 9 91 90
63 53 50 11 53 50 55 9 91 90 63 53 50 55 9 91 90
63 53 50 11 50 55 9 91 90 63 53 50 55 9 91 90
63 53 50 55 11 50 55 9 91 90 63 53 50 55 9 91 90

10 86 74 53 18 13 92 10 86 74 53 18 13 92
10 86 74 53 18 13 92 10 86 10 86 74 53 18 13 92
10 86 74 53 18 13 92 10 86 74 10 86 74 53 18 13 92
10 86 74 53 18 13 92 10 86 74 10 74 53 18 13 92
10 86 74 53 18 13 92 10 86 74 53 10 74 53 18 13 92
10 86 10 86 74 53 18 13 92 10 86 74 53 18 13 92
10 86 74 10 86 74 53 18 13 92 10 86 74 53 18 13 92
10 86 74 10 74 53 18 13 92 10 86 74 53 18 13 92
10 86 74 53 10 74 53 18 13 92 10 86 74 53 18 13 92

33 65 35 95 9 58 31 33 65 35 95 9 58 31
33 65 35 95 9 58 31 33 65 15 65 35 95 9 58 31
33 65 35 95 9 58 31 33 65 35 15 65 35 95 9 58 31
33 65 35 95 9 58 31 33 65 35 15 35 95 9 58 31
33 65 35 95 9 58 31 33 65 35 95 15 35 95 9 58 31
33 65 15 65 35 95 9 58 31 33 65 35 95 9 58 31
33 65 35 15 65 35 95 9 58 31 33 65 35 95 9 58 31
33 65 35 15 35 95 9 58 31 33 65 35 95 9 58 31
33 65 35 95 15 35 95 9 58 31 33 65 35 95 9 58 31

88 71 88 82 56 57 73 88 71 88 82 56 57 73
88 71 88 82 56 57 73 88 71 12 71 88 82 56 57 73
88 71 88 82 56 57 73 88 71 88 12 71 88 82 56 57 73
88 71 88 82 56 57 73 88 71 88 12 88 82 56 57 73
88 71 88 82 56 57 73 88 71 88 82 12 88 82 56 57 73
88 71 12 71 88 82 56 57 73 88 71 88 82 56 57 73
88 71 88 12 71 88 82 56 57 73 88 71 88 82 56 57 73
88 71 88 12 88 82 56 57 73 88 71 88 82 56 57 73
88 71 88 82 12 88 82 56 57 73 88 71 88 82 56 57 73

94 93 8 63 43 31 85 94 93 8 63 43 31 85
94 93 8 63 43 31 85 94 93 17 93 8 63 43 31 85
94 93 8 63 43 31 85 94 93 8 17 93 8 63 43 31 85
94 93 8 63 43 31 85 94 93 8 17 8 63 43 31 85
94 93 8 63 43 31 85 94 93 8 63 17 8 63 43 31 85
94 93 17 93 8 63 43 31 85 94 93 8 63 43 31 85
94 93 8 17 93 8 63 43 31 85 94 93 8 63 43 31 85
94 93 8 17 8 63 43 31 85 94 93 8 63 43 31 85
94 93 8 63 17 8 63 43 31 85 94 93 8 63 43 31 85

44 16 91 32 96 6 5 44 16 91 32 96 6 5
44 16 91 32 96 6 5 44 16 6 16 91 32 96 6 5
44 16 91 32 96 6 5 44 16 91 6 16 91 32 96 6 5
44 16 91 32 96 6 5 44 16 91 6 91 32 96 6 5
44 16 91 32 96 6 5 44 16 91 32 6 91 32 96 6 5
44 16 6 16 91 32 96 6 5 44 16 91 32 96 6 5
44 16 91 6 16 91 32 96 6 5 44 16 91 32 96 6 5
44 16 91 6 91 32 96 6 5 44 16 91 32 96 6 5
44 16 91 32 6 91 32 96 6 5 44 16 91 32 96 6 5

90 95 45 32 46 48 26 90 95 45 32 46 48 26
90 95 45 32 46 48 26 90 95 18 95 45 32 46 48 26
90 95 45 32 46 48 26 90 95 45 18 95 45 32 46 48 26
90 95 45 32 46 48 26 90 95 45 18 45 32 46 48 26
90 95 45 32 46 48 26 90 95 45 32 18 45 32 46 48 26
90 95 18 95 45 32 46 48 26 90 95 45 32 46 48 26
90 95 45 18 95 45 32 46 48 26 90 95 45 32 46 48 26
90 95 45 18 45 32 46 48 26 90 95 45 32 46 48 26
90 95 45 32 18 45 32 46 48 26 90 95 45 32 46 48 26

71 55 8 43 72 28 73 71 55 8 43 72 28 73
71 55 8 43 72 28 73 71 55 20 55 8 43 72 28 73
71 55 8 43 72 28 73 71 55 8 20 55 8 43 72 28 73
71 55 8 43 72 28 73 71 55 8 20 8 43 72 28 73
71 55 8 43 72 28 73 71 55 8 43 20 8 43 72 28 73
71 55 20 55 8 43 72 28 73 71 55 8 43 72 28 73
71 55 8 20 55 8 43 72 28 73 71 55 8 43 72 28 73
71 55 8 20 8 43 72 28 73 71 55 8 43 72 28 73
71 55 8 43 20 8 43 72 28 73 71 55 8 43 72 28 73

49 58 9 8 43 35 21 49 58 9 8 43 35 21
49 58 9 8 43 35 21 49 58 6 58 9 8 43 35 21
49 58 9 8 43 35 21 49 58 9 6 58 9 8 43 35 21
49 58 9 8 43 35 21 49 58 9 6 9 8 43 35 21
49 58 9 8 43 35 21 49 58 9 8 6 9 8 43 35 21
49 58 6 58 9 8 43 35 21 49 58 9 8 43 35 21
49 58 9 6 58 9 8 43 35 21 49 58 9 8 43 35 21
49 58 9 6 9 8 43 35 21 49 58 9 8 43 35 21
49 58 9 8 6 9 8 43 35 21 49 58 9 8 43 35 21

24 51 12 63 34 46 88 24 51 12 63 34 46 88
24 51 12 63 34 46 88 24 51 7 51 12 63 34 46 88
24 51 12 63 34 46 88 24 51 12 7 51 12 63 34 46 88
24 51 12 63 34 46 88 24 51 12 7 12 63 34 46 88
24 51 12 63 34 46 88 24 51 12 63 7 12 63 34 46 88
24 51 7 51 12 63 34 46 88 24 51 12 63 34 46 88
24 51 12 7 51 12 63 34 46 88 24 51 12 63 34 46 88
24 51 12 7 12 63 34 46 88 24 51 12 63 34 46 88
24 51 12 63 7 12 63 34 46 88 24 51 12 63 34 46 88

84 35 87 56 57 48 38 84 35 87 56 57 48 38
84 35 87 56 57 48 38 84 35 12 35 87 56 57 48 38
84 35 87 56 57 48 38 84 35 87 12 35 87 56 57 48 38
84 35 87 56 57 48 38 84 35 87 12 87 56 57 48 38
84 35 87 56 57 48 38 84 35 87 56 12 87 56 57 48 38
84 35 12 35 87 56 57 48 38 84 35 87 56 57 48 38
84 35 87 12 35 87 56 57 48 38 84 35 87 56 57 48 38
84 35 87 12 87 56 57 48 38 84 35 87 56 57 48 38
84 35 87 56 12 87 56 57 48 38 84 35 87 56 57 48 38

15 99 34 34 60 10 11 15 99 34 34 60 10 11
15 99 34 34 60 10 11 15 99 9 99 34 34 60 10 11
15 99 34 34 60 10 11 15 99 34 9 99 34 34 60 10 11
15 99 34 34 60 10 11 15 99 34 9 34 34 60 10 11
15 99 34 34 60 10 11 15 99 34 34 9 34 34 60 10 11
15 99 9 99 34 34 60 10 11 15 99 34 34 60 10 11
15 99 34 9 99 34 34 60 10 11 15 99 34 34 60 10 11
15 99 34 9 34 34 60 10 11 15 99 34 34 60 10 11
15 99 34 34 9 34 34 60 10 11 15 99 34 34 60 10 11

71 20 36 62 86 94 54 71 20 36 62 86 94 54
71 20 36 62 86 94 54 71 20 20 20 36 62 86 94 54
71 20 36 62 86 94 54 71 20 36 20 20 36 62 86 94 54
71 20 36 62 86 94 54 71 20 36 20 36 62 86 94 54
71 20 36 62 86 94 54 71 20 36 62 20 36 62 86 94 54
71 20 20 20 36 62 86 94 54 71 20 36 62 86 94 54
71 20 36 20 20 36 62 86 94 54 71 20 36 62 86 94 54
71 20 36 20 36 62 86 94 54 71 20 36 62 86 94 54
71 20 36 62 20 36 62 86 94 54 71 20 36 62 86 94 54

22 20 52 90 61 34 61 22 20 52 90 61 34 61
22 20 52 90 61 34 61 22 20 11 20 52 90 61 34 61
22 20 52 90 61 34 61 22 20 52 11 20 52 90 61 34 61
22 20 52 90 61 34 61 22 20 52 11 52 90 61 34 61
22 20 52 90 61 34 61 22 20 52 90 11 52 90 61 34 61
22 20 11 20 52 90 61 34 61 22 20 52 90 61 34 61
22 20 52 11 20 52 90 61 34 61 22 20 52 90 61 34 61
22 20 52 11 52 90 61 34 61 22 20 52 90 61 34 61
22 20 52 90 11 52 90 61 34 61 22 20 52 90 61 34 61

92 76 98 95 11 23 12 92 76 98 95 11 23 12
92 76 98 95 11 23 12 92 76 9 76 98 95 11 23 12
92 76 98 95 11 23 12 92 76 98 9 76 98 95 11 23 12
92 76 98 95 11 23 12 92 76 98 9 98 95 11 23 12
92 76 98 95 11 23 12 92 76 98 95 9 98 95 11 23 12
92 76 9 76 98 95 11 23 12 92 76 98 95 11 23 12
92 76 98 9 76 98 95 11 23 12 92 76 98 95 11 23 12
92 76 98 9 98 95 11 23 12 92 76 98 95 11 23 12
92 76 98 95 9 98 95 11 23 12 92 76 98 95 11 23 12

36 22 48 41 14 9 78 36 22 48 41 14 9 78
36 22 48 41 14 9 78 36 22 18 22 48 41 14 9 78
36 22 48 41 14 9 78 36 22 48 18 22 48 41 14 9 78
36 22 48 41 14 9 78 36 22 48 18 48 41 14 9 78
36 22 48 41 14 9 78 36 22 48 41 18 48 41 14 9 78
36 22 18 22 48 41 14 9 78 36 22 48 41 14 9 78
36 22 48 18 22 48 41 14 9 78 36 22 48 41 14 9 78
36 22 48 18 48 41 14 9 78 36 22 48 41 14 9 78
36 22 48 41 18 48 41 14 9 78 36 22 48 41 14 9 78

6 38 58 37 75 36 30 6 38 58 37 75 36 30
6 38 58 37 75 36 30 6 38 17 38 58 37 75 36 30
6 38 58 37 75 36 30 6 38 58 17 38 58 37 75 36 30
6 38 58 37 75 36 30 6 38 58 17 58 37 75 36 30
6 38 58 37 75 36 30 6 38 58 37 17 58 37 75 36 30
6 38 17 38 58 37 75 36 30 6 38 58 37 75 36 30
6 38 58 17 38 58 37 75 36 30 6 38 58 37 75 36 30
6 38 58 17 58 37 75 36 30 6 38 58 37 75 36 30
6 38 58 37 17 58 37 75 36 30 6 38 58 37 75 36 30

22 8 55 62 50 22 59 22 8 55 62 50 22 59
22 8 55 62 50 22 59 22 8 5 8 55 62 50 22 59
22 8 55 62 50 22 59 22 8 55 5 8 55 62 50 22 59
22 8 55 62 50 22 59 22 8 55 5 55 62 50 22 59
22 8 55 62 50 22 59 22 8 55 62 5 55 62 50 22 59
22 8 5 8 55 62 50 22 59 22 8 55 62 50 22 59
22 8 55 5 8 55 62 50 22 59 22 8 55 62 50 22 59
22 8 55 5 55 62 50 22 59 22 8 55 62 50 22 59
22 8 55 62 5 55 62 50 22 59 22 8 55 62 50 22 59

39 88 79 99 37 79 67 39 88 79 99 37 79 67
39 88 79 99 37 79 67 39 88 15 88 79 99 37 79 67
39 88 79 99 37 79 67 39 88 79 15 88 79 99 37 79 67
39 88 79 99 37 79 67 39 88 79 15 79 99 37 79 67
39 88 79 99 37 79 67 39 88 79 99 15 79 99 37 79 67
39 88 15 88 79 99 37 79 67 39 88 79 99 37 79 67
39 88 79 15 88 79 99 37 79 67 39 88 79 99 37 79 67
39 88 79 15 79 99 37 79 67 39 88 79 99 37 79 67
39 88 79 99 15 79 99 37 79 67 39 88 79 99 37 79 67

98 10 85 82 91 36 98 98 10 85 82 91 36 98
98 10 85 82 91 36 98 98 10 5 10 85 82 91 36 98
98 10 85 82 91 36 98 98 10 85 5 10 85 82 91 36 98
98 10 85 82 91 36 98 98 10 85 5 85 82 91 36 98
98 10 85 82 91 36 98 98 10 85 82 5 85 82 91 36 98
98 10 5 10 85 82 91 36 98 98 10 85 82 91 36 98
98 10 85 5 10 85 82 91 36 98 98 10 85 82 91 36 98
98 10 85 5 85 82 91 36 98 98 10 85 82 91 36 98
98 10 85 82 5 85 82 91 36 98 98 10 85 82 91 36 98

93 28 77 62 22 49 83 93 28 77 62 22 49 83
93 28 77 62 22 49 83 93 28 15 28 77 62 22 49 83
93 28 77 62 22 49 83 93 28 77 15 28 77 62 22 49 83
93 28 77 62 22 49 83 93 28 77 15 77 62 22 49 83
93 28 77 62 22 49 83 93 28 77 62 15 77 62 22 49 83
93 28 15 28 77 62 22 49 83 93 28 77 62 22 49 83
93 28 77 15 28 77 62 22 49 83 93 28 77 62 22 49 83
93 28 77 15 77 62 22 49 83 93 28 77 62 22 49 83
93 28 77 62 15 77 62 22 49 83 93 28 77 62 22 49 83

37 97 5 18 72 99 60 37 97 5 18 72 99 60
37 97 5 18 72 99 60 37 97 9 97 5 18 72 99 60
37 97 5 18 72 99 60 37 97 5 9 97 5 18 72 99 60
37 97 5 18 72 99 60 37 97 5 9 5 18 72 99 60
37 97 5 18 72 99 60 37 97 5 18 9 5 18 72 99 60
37 97 9 97 5 18 72 99 60 37 97 5 18 72 99 60
37 97 5 9 97 5 18 72 99 60 37 97 5 18 72 99 60
37 97 5 9 5 18 72 99 60 37 97 5 18 72 99 60
37 97 5 18 9 5 18 72 99 60 37 97 5 18 72 99 60

26 47 79 53 81 91 37 26 47 79 53 81 91 37
26 47 79 53 81 91 37 26 47 13 47 79 53 81 91 37
26 47 79 53 81 91 37 26 47 79 13 47 79 53 81 91 37
26 47 79 53 81 91 37 26 47 79 13 79 53 81 91 37
26 47 79 53 81 91 37 26 47 79 53 13 79 53 81 91 37
26 47 13 47 79 53 81 91 37 26 47 79 53 81 91 37
26 47 79 13 47 79 53 81 91 37 26 47 79 53 81 91 37
26 47 79 13 79 53 81 91 37 26 47 79 53 81 91 37
26 47 79 53 13 79 53 81 91 37 26 47 79 53 81 91 37

44 11 66 47 26 58 85 44 11 66 47 26 58 85
44 11 66 47 26 58 85 44 11 13 11 66 47 26 58 85
44 11 66 47 26 58 85 44 11 66 13 11 66 47 26 58 85
44 11 66 47 26 58 85 44 11 66 13 66 47 26 58 85
44 11 66 47 26 58 85 44 11 66 47 13 66 47 26 58 85
44 11 13 11 66 47 26 58 85 44 11 66 47 26 58 85
44 11 66 13 11 66 47 26 58 85 44 11 66 47 26 58 85
44 11 66 13 66 47 26 58 85 44 11 66 47 26 58 85
44 11 66 47 13 66 47 26 58 85 44 11 66 47 26 58 85

75 64 67 48 42 87 64 75 64 67 48 42 87 64
75 64 67 48 42 87 64 75 64 16 64 67 48 42 87 64
75 64 67 48 42 87 64 75 64 67 16 64 67 48 42 87 64
75 64 67 48 42 87 64 75 64 67 16 67 48 42 87 64
75 64 67 48 42 87 64 75 64 67 48 16 67 48 42 87 64
75 64 16 64 67 48 42 87 64 75 64 67 48 42 87 64
75 64 67 16 64 67 48 42 87 64 75 64 67 48 42 87 64
75 64 67 16 67 48 42 87 64 75 64 67 48 42 87 64
75 64 67 48 16 67 48 42 87 64 75 64 67 48 42 87 64

12 10 58 76 100 86 19 12 10 58 76 100 86 19
12 10 58 76 100 86 19 12 10 19 10 58 76 100 86 19
12 10 58 76 100 86 19 12 10 58 19 10 58 76 100 86 19
12 10 58 76 100 86 19 12 10 58 19 58 76 100 86 19
12 10 58 76 100 86 19 12 10 58 76 19 58 76 100 86 19
12 10 19 10 58 76 100 86 19 12 10 58 76 100 86 19
12 10 58 19 10 58 76 100 86 19 12 10 58 76 100 86 19
12 10 58 19 58 76 100 86 19 12 10 58 76 100 86 19
12 10 58 76 19 58 76 100 86 19 12 10 58 76 100 86 19

11 36 43 7 30 45 63 11 36 43 7 30 45 63
11 36 43 7 30 45 63 11 36 16 36 43 7 30 45 63
11 36 43 7 30 45 63 11 36 43 16 36 43 7 30 45 63
11 36 43 7 30 45 63 11 36 43 16 43 7 30 45 63
11 36 43 7 30 45 63 11 36 43 7 16 43 7 30 45 63
11 36 16 36 43 7 30 45 63 11 36 43 7 30 45 63
11 36 43 16 36 43 7 30 45 63 11 36 43 7 30 45 63
11 36 43 16 43 7 30 45 63 11 36 43 7 30 45 63
11 36 43 7 16 43 7 30 45 63 11 36 43 7 30 45 63

12 24 16 14 55 22 63 12 24 16 14 55 22 63
12 24 16 14 55 22 63 12 24 6 24 16 14 55 22 63
12 24 16 14 55 22 63 12 24 16 6 24 16 14 55 22 63
12 24 16 14 55 22 63 12 24 16 6 16 14 55 22 63
12 24 16 14 55 22 63 12 24 16 14 6 16 14 55 22 63
12 24 6 24 16 14 55 22 63 12 24 16 14 55 22 63
12 24 16 6 24 16 14 55 22 63 12 24 16 14 55 22 63
12 24 16 6 16 14 55 22 63 12 24 16 14 55 22 63
12 24 16 14 6 16 14 55 22 63 12 24 16 14 55 22 63

46 81 26 83 7 52 79 46 81 26 83 7 52 79
46 81 26 83 7 52 79 46 81 11 81 26 83 7 52 79
46 81 26 83 7 52 79 46 81 26 11 81 26 83 7 52 79
46 81 26 83 7 52 79 46 81 26 11 26 83 7 52 79
46 81 26 83 7 52 79 46 81 26 83 11 26 83 7 52 79
46 81 11 81 26 83 7 52 79 46 81 26 83 7 52 79
46 81 26 11 81 26 83 7 52 79 46 81 26 83 7 52 79
46 81 26 11 26 83 7 52 79 46 81 26 83 7 52 79
46 81 26 83 11 26 83 7 52 79 46 81 26 83 7 52 79

23 9 17 61 97 47 29 23 9 17 61 97 47 29
23 9 17 61 97 47 29 23 9 9 9 17 61 97 47 29
23 9 17 61 97 47 29 23 9 17 9 9 17 61 97 47 29
23 9 17 61 97 47 29 23 9 17 9 17 61 97 47 29
23 9 17 61 97 47 29 23 9 17 61 9 17 61 97 47 29
23 9 9 9 17 61 97 47 29 23 9 17 61 97 47 29
23 9 17 9 9 17 61 97 47 29 23 9 17 61 97 47 29
23 9 17 9 17 61 97 47 29 23 9 17 61 97 47 29
23 9 17 61 9 17 61 97 47 29 23 9 17 61 97 47 29

22 70 19 55 15 81 62 22 70 19 55 15 81 62
22 70 19 55 15 81 62 22 70 13 70 19 55 15 81 62
22 70 19 55 15 81 62 22 70 19 13 70 19 55 15 81 62
22 70 19 55 15 81 62 22 70 19 13 19 55 15 81 62
22 70 19 55 15 81 62 22 70 19 55 13 19 55 15 81 62
22 70 13 70 19 55 15 81 62 22 70 19 55 15 81 62
22 70 19 13 70 19 55 15 81 62 22 70 19 55 15 81 62
22 70 19 13 19 55 15 81 62 22 70 19 55 15 81 62
22 70 19 55 13 19 55 15 81 62 22 70 19 55 15 81 62

73 56 80 15 31 56 74 73 56 80 15 31 56 74
73 56 80 15 31 56 74 73 56 18 56 80 15 31 56 74
73 56 80 15 31 56 74 73 56 80 18 56 80 15 31 56 74
73 56 80 15 31 56 74 73 56 80 18 80 15 31 56 74
73 56 80 15 31 56 74 73 56 80 15 18 80 15 31 56 74
73 56 18 56 80 15 31 56 74 73 56 80 15 31 56 74
73 56 80 18 56 80 15 31 56 74 73 56 80 15 31 56 74
73 56 80 18 80 15 31 56 74 73 56 80 15 31 56 74
73 56 80 15 18 80 15 31 56 74 73 56 80 15 31 56 74

47 70 48 56 67 70 37 47 70 48 56 67 70 37
47 70 48 56 67 70 37 47 70 19 70 48 56 67 70 37
47 70 48 56 67 70 37 47 70 48 19 70 48 56 67 70 37
47 70 48 56 67 70 37 47 70 48 19 48 56 67 70 37
47 70 48 56 67 70 37 47 70 48 56 19 48 56 67 70 37
47 70 19 70 48 56 67 70 37 47 70 48 56 67 70 37
47 70 48 19 70 48 56 67 70 37 47 70 48 56 67 70 37
47 70 48 19 48 56 67 70 37 47 70 48 56 67 70 37
47 70 48 56 19 48 56 67 70 37 47 70 48 56 67 70 37

33 96 19 93 25 81 71 33 96 19 93 25 81 71
33 96 19 93 25 81 71 33 96 11 96 19 93 25 81 71
33 96 19 93 25 81 71 33 96 19 11 96 19 93 25 81 71
33 96 19 93 25 81 71 33 96 19 11 19 93 25 81 71
33 96 19 93 25 81 71 33 96 19 93 11 19 93 25 81 71
33 96 11 96 19 93 25 81 71 33 96 19 93 25 81 71
33 96 19 11 96 19 93 25 81 71 33 96 19 93 25 81 71
33 96 19 11 19 93 25 81 71 33 96 19 93 25 81 71
33 96 19 93 11 19 93 25 81 71 33 96 19 93 25 81 71

22 29 22 60 51 54 18 22 29 22 60 51 54 18
22 29 22 60 51 54 18 22 29 5 29 22 60 51 54 18
22 29 22 60 51 54 18 22 29 22 5 29 22 60 51 54 18
22 29 22 60 51 54 18 22 29 22 5 22 60 51 54 18
22 29 22 60 51 54 18 22 29 22 60 5 22 60 51 54 18
22 29 5 29 22 60 51 54 18 22 29 22 60 51 54 18
22 29 22 5 29 22 60 51 54 18 22 29 22 60 51 54 18
22 29 22 5 22 60 51 54 18 22 29 22 60 51 54 18
22 29 22 60 5 22 60 51 54 18 22 29 22 60 51 54 18

30 100 100 8 26 10 27 30 100 100 8 26 10 27
30 100 100 8 26 10 27 30 100 7 100 100 8 26 10 27
30 100 100 8 26 10 27 30 100 100 7 100 100 8 26 10 27
30 100 100 8 26 10 27 30 100 100 7 100 8 26 10 27
30 100 100 8 26 10 27 30 100 100 8 7 100 8 26 10 27
30 100 7 100 100 8 26 10 27 30 100 100 8 26 10 27
30 100 100 7 100 100 8 26 10 27 30 100 100 8 26 10 27
30 100 100 7 100 8 26 10 27 30 100 100 8 26 10 27
30 100 100 8 7 100 8 26 10 27 30 100 100 8 26 10 27

24 63 98 44 91 21 12 24 63 98 44 91 21 12
24 63 98 44 91 21 12 24 63 20 63 98 44 91 21 12
24 63 98 44 91 21 12 24 63 98 20 63 98 44 91 21 12
24 63 98 44 91 21 12 24 63 98 20 98 44 91 21 12
24 63 98 44 91 21 12 24 63 98 44 20 98 44 91 21 12
24 63 20 63 98 44 91 21 12 24 63 98 44 91 21 12
24 63 98 20 63 98 44 91 21 12 24 63 98 44 91 21 12
24 63 98 20 98 44 91 21 12 24 63 98 44 91 21 12
24 63 98 44 20 98 44 91 21 12 24 63 98 44 91 21 12

85 82 96 78 80 39 24 85 82 96 78 80 39 24
85 82 96 78 80 39 24 85 82 11 82 96 78 80 39 24
85 82 96 78 80 39 24 85 82 96 11 82 96 78 80 39 24
85 82 96 78 80 39 24 85 82 96 11 96 78 80 39 24
85 82 96 78 80 39 24 85 82 96 78 11 96 78 80 39 24
85 82 11 82 96 78 80 39 24 85 82 96 78 80 39 24
85 82 96 11 82 96 78 80 39 24 85 82 96 78 80 39 24
85 82 96 11 96 78 80 39 24 85 82 96 78 80 39 24
85 82 96 78 11 96 78 80 39 24 85 82 96 78 80 39 24

46 22 71 91 35 83 80 46 22 71 91 35 83 80
46 22 71 91 35 83 80 46 22 10 22 71 91 35 83 80
46 22 71 91 35 83 80 46 22 71 10 22 71 91 35 83 80
46 22 71 91 35 83 80 46 22 71 10 71 91 35 83 80
46 22 71 91 35 83 80 46 22 71 91 10 71 91 35 83 80
46 22 10 22 71 91 35 83 80 46 22 71 91 35 83 80
46 22 71 10 22 71 91 35 83 80 46 22 71 91 35 83 80
46 22 71 10 71 91 35 83 80 46 22 71 91 35 83 80
46 22 71 91 10 71 91 35 83 80 46 22 71 91 35 83 80

19 14 25 39 68 58 33 19 14 25 39 68 58 33
19 14 25 39 68 58 33 19 14 20 14 25 39 68 58 33
19 14 25 39 68 58 33 19 14 25 20 14 25 39 68 58 33
19 14 25 39 68 58 33 19 14 25 20 25 39 68 58 33
19 14 25 39 68 58 33 19 14 25 39 20 25 39 68 58 33
19 14 20 14 25 39 68 58 33 19 14 25 39 68 58 33
19 14 25 20 14 25 39 68 58 33 19 14 25 39 68 58 33
19 14 25 20 25 39 68 58 33 19 14 25 39 68 58 33
19 14 25 39 20 25 39 68 58 33 19 14 25 39 68 58 33

88 50 93 37 37 25 87 88 50 93 37 37 25 87
88 50 93 37 37 25 87 88 50 9 50 93 37 37 25 87
88 50 93 37 37 25 87 88 50 93 9 50 93 37 37 25 87
88 50 93 37 37 25 87 88 50 93 9 93 37 37 25 87
88 50 93 37 37 25 87 88 50 93 37 9 93 37 37 25 87
88 50 9 50 93 37 37 25 87 88 50 93 37 37 25 87
88 50 93 9 50 93 37 37 25 87 88 50 93 37 37 25 87
88 50 93 9 93 37 37 25 87 88 50 93 37 37 25 87
88 50 93 37 9 93 37 37 25 87 88 50 93 37 37 25 87

8 89 8 70 34 57 63 8 89 8 70 34 57 63
8 89 8 70 34 57 63 8 89 11 89 8 70 34 57 63
8 89 8 70 34 57 63 8 89 8 11 89 8 70 34 57 63
8 89 8 70 34 57 63 8 89 8 11 8 70 34 57 63
8 89 8 70 34 57 63 8 89 8 70 11 8 70 34 57 63
8 89 11 89 8 70 34 57 63 8 89 8 70 34 57 63
8 89 8 11 89 8 70 34 57 63 8 89 8 70 34 57 63
8 89 8 11 8 70 34 57 63 8 89 8 70 34 57 63
8 89 8 70 11 8 70 34 57 63 8 89 8 70 34 57 63

69 21 20 98 87 64 82 69 21 20 98 87 64 82
69 21 20 98 87 64 82 69 21 9 21 20 98 87 64 82
69 21 20 98 87 64 82 69 21 20 9 21 20 98 87 64 82
69 21 20 98 87 64 82 69 21 20 9 20 98 87 64 82
69 21 20 98 87 64 82 69 21 20 98 9 20 98 87 64 82
69 21 9 21 20 98 87 64 82 69 21 20 98 87 64 82
69 21 20 9 21 20 98 87 64 82 69 21 20 98 87 64 82
69 21 20 9 20 98 87 64 82 69 21 20 98 87 64 82
69 21 20 98 9 20 98 87 64 82 69 21 20 98 87 64 82

75 97 30 76 19 29 77 75 97 30 76 19 29 77
75 97 30 76 19 29 77 75 97 8 97 30 76 19 29 77
75 97 30 76 19 29 77 75 97 30 8 97 30 76 19 29 77
75 97 30 76 19 29 77 75 97 30 8 30 76 19 29 77
75 97 30 76 19 29 77 75 97 30 76 8 30 76 19 29 77
75 97 8 97 30 76 19 29 77 75 97 30 76 19 29 77
75 97 30 8 97 30 76 19 29 77 75 97 30 76 19 29 77
75 97 30 8 30 76 19 29 77 75 97 30 76 19 29 77
75 97 30 76 8 30 76 19 29 77 75 97 30 76 19 29 77

37 40 84 54 15 97 88 37 40 84 54 15 97 88
37 40 84 54 15 97 88 37 40 20 40 84 54 15 97 88
37 40 84 54 15 97 88 37 40 84 20 40 84 54 15 97 88
37 40 84 54 15 97 88 37 40 84 20 84 54 15 97 88
37 40 84 54 15 97 88 37 40 84 54 20 84 54 15 97 88
37 40 20 40 84 54 15 97 88 37 40 84 54 15 97 88
37 40 84 20 40 84 54 15 97 88 37 40 84 54 15 97 88
37 40 84 20 84 54 15 97 88 37 40 84 54 15 97 88
37 40 84 54 20 84 54 15 97 88 37 40 84 54 15 97 88

66 6 87 41 23 73 8 66 6 87 41 23 73 8
66 6 87 41 23 73 8 66 6 10 6 87 41 23 73 8
66 6 87 41 23 73 8 66 6 87 10 6 87 41 23 73 8
66 6 87 41 23 73 8 66 6 87 10 87 41 23 73 8
66 6 87 41 23 73 8 66 6 87 41 10 87 41 23 73 8
66 6 10 6 87 41 23 73 8 66 6 87 41 23 73 8
66 6 87 10 6 87 41 23 73 8 66 6 87 41 23 73 8
66 6 87 10 87 41 23 73 8 66 6 87 41 23 73 8
66 6 87 41 10 87 41 23 73 8 66 6 87 41 23 73 8

82 74 80 100 40 93 23 82 74 80 100 40 93 23
82 74 80 100 40 93 23 82 74 6 74 80 100 40 93 23
82 74 80 100 40 93 23 82 74 80 6 74 80 100 40 93 23
82 74 80 100 40 93 23 82 74 80 6 80 100 40 93 23
82 74 80 100 40 93 23 82 74 80 100 6 80 100 40 93 23
82 74 6 74 80 100 40 93 23 82 74 80 100 40 93 23
82 74 80 6 74 80 100 40 93 23 82 74 80 100 40 93 23
82 74 80 6 80 100 40 93 23 82 74 80 100 40 93 23
82 74 80 100 6 80 100 40 93 23 82 74 80 100 40 93 23

89 38 5 97 80 49 45 89 38 5 97 80 49 45
89 38 5 97 80 49 45 89 38 8 38 5 97 80 49 45
89 38 5 97 80 49 45 89 38 5 8 38 5 97 80 49 45
89 38 5 97 80 49 45 89 38 5 8 5 97 80 49 45
89 38 5 97 80 49 45 89 38 5 97 8 5 97 80 49 45
89 38 8 38 5 97 80 49 45 89 38 5 97 80 49 45
89 38 5 8 38 5 97 80 49 45 89 38 5 97 80 49 45
89 38 5 8 5 97 80 49 45 89 38 5 97 80 49 45
89 38 5 97 8 5 97 80 49 45 89 38 5 97 80 49 45

95 78 72 59 40 50 5 95 78 72 59 40 50 5
95 78 72 59 40 50 5 95 78 15 78 72 59 40 50 5
95 78 72 59 40 50 5 95 78 72 15 78 72 59 40 50 5
95 78 72 59 40 50 5 95 78 72 15 72 59 40 50 5
95 78 72 59 40 50 5 95 78 72 59 15 72 59 40 50 5
95 78 15 78 72 59 40 50 5 95 78 72 59 40 50 5
95 78 72 15 78 72 59 40 50 5 95 78 72 59 40 50 5
95 78 72 15 72 59 40 50 5 95 78 72 59 40 50 5
95 78 72 59 15 72 59 40 50 5 95 78 72 59 40 50 5

75 80 21 83 100 43 72 75 80 21 83 100 43 72
75 80 21 83 100 43 72 75 80 8 80 21 83 100 43 72
75 80 21 83 100 43 72 75 80 21 8 80 21 83 100 43 72
75 80 21 83 100 43 72 75 80 21 8 21 83 100 43 72
75 80 21 83 100 43 72 75 80 21 83 8 21 83 100 43 72
75 80 8 80 21 83 100 43 72 75 80 21 83 100 43 72
75 80 21 8 80 21 83 100 43 72 75 80 21 83 100 43 72
75 80 21 8 21 83 100 43 72 75 80 21 83 100 43 72
75 80 21 83 8 21 83 100 43 72 75 80 21 83 100 43 72

61 91 58 49 91 65 19 61 91 58 49 91 65 19
61 91 58 49 91 65 19 61 91 11 91 58 49 91 65 19
61 91 58 49 91 65 19 61 91 58 11 91 58 49 91 65 19
61 91 58 49 91 65 19 61 91 58 11 58 49 91 65 19
61 91 58 49 91 65 19 61 91 58 49 11 58 49 91 65 19
61 91 11 91 58 49 91 65 19 61 91 58 49 91 65 19
61 91 58 11 91 58 49 91 65 19 61 91 58 49 91 65 19
61 91 58 11 58 49 91 65 19 61 91 58 49 91 65 19
61 91 58 49 11 58 49 91 65 19 61 91 58 49 91 65 19

10 78 84 49 35 15 83 10 78 84 49 35 15 83
10 78 84 49 35 15 83 10 78 18 78 84 49 35 15 83
10 78 84 49 35 15 83 10 78 84 18 78 84 49 35 15 83
10 78 84 49 35 15 83 10 78 84 18 84 49 35 15 83
10 78 84 49 35 15 83 10 78 84 49 18 84 49 35 15 83
10 78 18 78 84 49 35 15 83 10 78 84 49 35 15 83
10 78 84 18 78 84 49 35 15 83 10 78 84 49 35 15 83
10 78 84 18 84 49 35 15 83 10 78 84 49 35 15 83
10 78 84 49 18 84 49 35 15 83 10 78 84 49 35 15 83

92 7 89 86 81 80 80 92 7 89 86 81 80 80
92 7 89 86 81 80 80 92 7 13 7 89 86 81 80 80
92 7 89 86 81 80 80 92 7 89 13 7 89 86 81 80 80
92 7 89 86 81 80 80 92 7 89 13 89 86 81 80 80
92 7 89 86 81 80 80 92 7 89 86 13 89 86 81 80 80
92 7 13 7 89 86 81 80 80 92 7 89 86 81 80 80
92 7 89 13 7 89 86 81 80 80 92 7 89 86 81 80 80
92 7 89 13 89 86 81 80 80 92 7 89 86 81 80 80
92 7 89 86 13 89 86 81 80 80 92 7 89 86 81 80 80

87 76 27 96 43 61 51 87 76 27 96 43 61 51
87 76 27 96 43 61 51 87 76 9 76 27 96 43 61 51
87 76 27 96 43 61 51 87 76 27 9 76 27 96 43 61 51
87 76 27 96 43 61 51 87 76 27 9 27 96 43 61 51
87 76 27 96 43 61 51 87 76 27 96 9 27 96 43 61 51
87 76 9 76 27 96 43 61 51 87 76 27 96 43 61 51
87 76 27 9 76 27 96 43 61 51 87 76 27 96 43 61 51
87 76 27 9 27 96 43 61 51 87 76 27 96 43 61 51
87 76 27 96 9 27 96 43 61 51 87 76 27 96 43 61 51

7 76 6 73 33 55 99 7 76 6 73 33 55 99
7 76 6 73 33 55 99 7 76 16 76 6 73 33 55 99
7 76 6 73 33 55 99 7 76 6 16 76 6 73 33 55 99
7 76 6 73 33 55 99 7 76 6 16 6 73 33 55 99
7 76 6 73 33 55 99 7 76 6 73 16 6 73 33 55 99
7 76 16 76 6 73 33 55 99 7 76 6 73 33 55 99
7 76 6 16 76 6 73 33 55 99 7 76 6 73 33 55 99
7 76 6 16 6 73 33 55 99 7 76 6 73 33 55 99
7 76 6 73 16 6 73 33 55 99 7 76 6 73 33 55 99

64 8 95 58 32 5 14 64 8 95 58 32 5 14
64 8 95 58 32 5 14 64 8 5 8 95 58 32 5 14
64 8 95 58 32 5 14 64 8 95 5 8 95 58 32 5 14
64 8 95 58 32 5 14 64 8 95 5 95 58 32 5 14
64 8 95 58 32 5 14 64 8 95 58 5 95 58 32 5 14
64 8 5 8 95 58 32 5 14 64 8 95 58 32 5 14
64 8 95 5 8 95 58 32 5 14 64 8 95 58 32 5 14
64 8 95 5 95 58 32 5 14 64 8 95 58 32 5 14
64 8 95 58 5 95 58 32 5 14 64 8 95 58 32 5 14

75 26 72 88 51 28 91 75 26 72 88 51 28 91
75 26 72 88 51 28 91 75 26 7 26 72 88 51 28 91
75 26 72 88 51 28 91 75 26 72 7 26 72 88 51 28 91
75 26 72 88 51 28 91 75 26 72 7 72 88 51 28 91
75 26 72 88 51 28 91 75 26 72 88 7 72 88 51 28 91
75 26 7 26 72 88 51 28 91 75 26 72 88 51 28 91
75 26 72 7 26 72 88 51 28 91 75 26 72 88 51 28 91
75 26 72 7 72 88 51 28 91 75 26 72 88 51 28 91
75 26 72 88 7 72 88 51 28 91 75 26 72 88 51 28 91

76 15 22 79 30 83 15 76 15 22 79 30 83 15
76 15 22 79 30 83 15 76 15 6 15 22 79 30 83 15
76 15 22 79 30 83 15 76 15 22 6 15 22 79 30 83 15
76 15 22 79 30 83 15 76 15 22 6 22 79 30 83 15
76 15 22 79 30 83 15 76 15 22 79 6 22 79 30 83 15
76 15 6 15 22 79 30 83 15 76 15 22 79 30 83 15
76 15 22 6 15 22 79 30 83 15 76 15 22 79 30 83 15
76 15 22 6 22 79 30 83 15 76 15 22 79 30 83 15
76 15 22 79 6 22 79 30 83 15 76 15 22 79 30 83 15

68 92 22 7 54 10 36 68 92 22 7 54 10 36
68 92 22 7 54 10 36 68 92 12 92 22 7 54 10 36
68 92 22 7 54 10 36 68 92 22 12 92 22 7 54 10 36
68 92 22 7 54 10 36 68 92 22 12 22 7 54 10 36
68 92 22 7 54 10 36 68 92 22 7 12 22 7 54 10 36
68 92 12 92 22 7 54 10 36 68 92 22 7 54 10 36
68 92 22 12 92 22 7 54 10 36 68 92 22 7 54 10 36
68 92 22 12 22 7 54 10 36 68 92 22 7 54 10 36
68 92 22 7 12 22 7 54 10 36 68 92 22 7 54 10 36

91 46 73 24 30 71 100 91 46 73 24 30 71 100
91 46 73 24 30 71 100 91 46 20 46 73 24 30 71 100
91 46 73 24 30 71 100 91 46 73 20 46 73 24 30 71 100
91 46 73 24 30 71 100 91 46 73 20 73 24 30 71 100
91 46 73 24 30 71 100 91 46 73 24 20 73 24 30 71 100
91 46 20 46 73 24 30 71 100 91 46 73 24 30 71 100
91 46 73 20 46 73 24 30 71 100 91 46 73 24 30 71 100
91 46 73 20 73 24 30 71 100 91 46 73 24 30 71 100
91 46 73 24 20 73 24 30 71 100 91 46 73 24 30 71 100

100 57 89 5 24 47 89 100 57 89 5 24 47 89
100 57 89 5 24 47 89 100 57 14 57 89 5 24 47 89
100 57 89 5 24 47 89 100 57 89 14 57 89 5 24 47 89
100 57 89 5 24 47 89 100 57 89 14 89 5 24 47 89
100 57 89 5 24 47 89 100 57 89 5 14 89 5 24 47 89
100 57 14 57 89 5 24 47 89 100 57 89 5 24 47 89
100 57 89 14 57 89 5 24 47 89 100 57 89 5 24 47 89
100 57 89 14 89 5 24 47 89 100 57 89 5 24 47 89
100 57 89 5 14 89 5 24 47 89 100 57 89 5 24 47 89

53 59 18 60 99 98 8 53 59 18 60 99 98 8
53 59 18 60 99 98 8 53 59 8 59 18 60 99 98 8
53 59 18 60 99 98 8 53 59 18 8 59 18 60 99 98 8
53 59 18 60 99 98 8 53 59 18 8 18 60 99 98 8
53 59 18 60 99 98 8 53 59 18 60 8 18 60 99 98 8
53 59 8 59 18 60 99 98 8 53 59 18 60 99 98 8
53 59 18 8 59 18 60 99 98 8 53 59 18 60 99 98 8
53 59 18 8 18 60 99 98 8 53 59 18 60 99 98 8
53 59 18 60 8 18 60 99 98 8 53 59 18 60 99 98 8

16 57 74 46 45 49 73 16 57 74 46 45 49 73
16 57 74 46 45 49 73 16 57 7 57 74 46 45 49 73
16 57 74 46 45 49 73 16 57 74 7 57 74 46 45 49 73
16 57 74 46 45 49 73 16 57 74 7 74 46 45 49 73
16 57 74 46 45 49 73 16 57 74 46 7 74 46 45 49 73
16 57 7 57 74 46 45 49 73 16 57 74 46 45 49 73
16 57 74 7 57 74 46 45 49 73 16 57 74 46 45 49 73
16 57 74 7 74 46 45 49 73 16 57 74 46 45 49 73
16 57 74 46 7 74 46 45 49 73 16 57 74 46 45 49 73

76 51 48 50 22 71 94 76 51 48 50 22 71 94
76 51 48 50 22 71 94 76 51 10 51 48 50 22 71 94
76 51 48 50 22 71 94 76 51 48 10 51 48 50 22 71 94
76 51 48 50 22 71 94 76 51 48 10 48 50 22 71 94
76 51 48 50 22 71 94 76 51 48 50 10 48 50 22 71 94
76 51 10 51 48 50 22 71 94 76 51 48 50 22 71 94
76 51 48 10 51 48 50 22 71 94 76 51 48 50 22 71 94
76 51 48 10 48 50 22 71 94 76 51 48 50 22 71 94
76 51 48 50 10 48 50 22 71 94 76 51 48 50 22 71 94

13 39 91 50 42 92 21 13 39 91 50 42 92 21
13 39 91 50 42 92 21 13 39 18 39 91 50 42 92 21
13 39 91 50 42 92 21 13 39 91 18 39 91 50 42 92 21
13 39 91 50 42 92 21 13 39 91 18 91 50 42 92 21
13 39 91 50 42 92 21 13 39 91 50 18 91 50 42 92 21
13 39 18 39 91 50 42 92 21 13 39 91 50 42 92 21
13 39 91 18 39 91 50 42 92 21 13 39 91 50 42 92 21
13 39 91 18 91 50 42 92 21 13 39 91 50 42 92 21
13 39 91 50 18 91 50 42 92 21 13 39 91 50 42 92 21

31 75 24 24 50 76 5 31 75 24 24 50 76 5
31 75 24 24 50 76 5 31 75 10 75 24 24 50 76 5
31 75 24 24 50 76 5 31 75 24 10 75 24 24 50 76 5
31 75 24 24 50 76 5 31 75 24 10 24 24 50 76 5
31 75 24 24 50 76 5 31 75 24 24 10 24 24 50 76 5
31 75 10 75 24 24 50 76 5 31 75 24 24 50 76 5
31 75 24 10 75 24 24 50 76 5 31 75 24 24 50 76 5
31 75 24 10 24 24 50 76 5 31 75 24 24 50 76 5
31 75 24 24 10 24 24 50 76 5 31 75 24 24 50 76 5

70 19 14 91 17 58 9 70 19 14 91 17 58 9
70 19 14 91 17 58 9 70 19 13 19 14 91 17 58 9
70 19 14 91 17 58 9 70 19 14 13 19 14 91 17 58 9
70 19 14 91 17 58 9 70 19 14 13 14 91 17 58 9
70 19 14 91 17 58 9 70 19 14 91 13 14 91 17 58 9
70 19 13 19 14 91 17 58 9 70 19 14 91 17 58 9
70 19 14 13 19 14 91 17 58 9 70 19 14 91 17 58 9
70 19 14 13 14 91 17 58 9 70 19 14 91 17 58 9
70 19 14 91 13 14 91 17 58 9 70 19 14 91 17 58 9

60 67 61 61 40 51 85 60 67 61 61 40 51 85
60 67 61 61 40 51 85 60 67 9 67 61 61 40 51 85
60 67 61 61 40 51 85 60 67 61 9 67 61 61 40 51 85
60 67 61 61 40 51 85 60 67 61 9 61 61 40 51 85
60 67 61 61 40 51 85 60 67 61 61 9 61 61 40 51 85
60 67 9 67 61 61 40 51 85 60 67 61 61 40 51 85
60 67 61 9 67 61 61 40 51 85 60 67 61 61 40 51 85
60 67 61 9 61 61 40 51 85 60 67 61 61 40 51 85
60 67 61 61 9 61 61 40 51 85 60 67 61 61 40 51 85

84 46 53 83 57 86 36 84 46 53 83 57 86 36
84 46 53 83 57 86 36 84 46 17 46 53 83 57 86 36
84 46 53 83 57 86 36 84 46 53 17 46 53 83 57 86 36
84 46 53 83 57 86 36 84 46 53 17 53 83 57 86 36
84 46 53 83 57 86 36 84 46 53 83 17 53 83 57 86 36
84 46 17 46 53 83 57 86 36 84 46 53 83 57 86 36
84 46 53 17 46 53 83 57 86 36 84 46 53 83 57 86 36
84 46 53 17 53 83 57 86 36 84 46 53 83 57 86 36
84 46 53 83 17 53 83 57 86 36 84 46 53 83 57 86 36

65 69 56 92 79 82 94 65 69 56 92 79 82 94
65 69 56 92 79 82 94 65 69 10 69 56 92 79 82 94
65 69 56 92 79 82 94 65 69 56 10 69 56 92 79 82 94
65 69 56 92 79 82 94 65 69 56 10 56 92 79 82 94
65 69 56 92 79 82 94 65 69 56 92 10 56 92 79 82 94
65 69 10 69 56 92 79 82 94 65 69 56 92 79 82 94
65 69 56 10 69 56 92 79 82 94 65 69 56 92 79 82 94
65 69 56 10 56 92 79 82 94 65 69 56 92 79 82 94
65 69 56 92 10 56 92 79 82 94 65 69 56 92 79 82 94

99 88 59 13 41 86 57 99 88 59 13 41 86 57
99 88 59 13 41 86 57 99 88 11 88 59 13 41 86 57
99 88 59 13 41 86 57 99 88 59 11 88 59 13 41 86 57
99 88 59 13 41 86 57 99 88 59 11 59 13 41 86 57
99 88 59 13 41 86 57 99 88 59 13 11 59 13 41 86 57
99 88 11 88 59 13 41 86 57 99 88 59 13 41 86 57
99 88 59 11 88 59 13 41 86 57 99 88 59 13 41 86 57
99 88 59 11 59 13 41 86 57 99 88 59 13 41 86 57
99 88 59 13 11 59 13 41 86 57 99 88 59 13 41 86 57

98 40 83 56 84 44 76 98 40 83 56 84 44 76
98 40 83 56 84 44 76 98 40 20 40 83 56 84 44 76
98 40 83 56 84 44 76 98 40 83 20 40 83 56 84 44 76
98 40 83 56 84 44 76 98 40 83 20 83 56 84 44 76
98 40 83 56 84 44 76 98 40 83 56 20 83 56 84 44 76
98 40 20 40 83 56 84 44 76 98 40 83 56 84 44 76
98 40 83 20 40 83 56 84 44 76 98 40 83 56 84 44 76
98 40 83 20 83 56 84 44 76 98 40 83 56 84 44 76
98 40 83 56 20 83 56 84 44 76 98 40 83 56 84 44 76

55 94 99 33 48 21 71 55 94 99 33 48 21 71
55 94 99 33 48 21 71 55 94 12 94 99 33 48 21 71
55 94 99 33 48 21 71 55 94 99 12 94 99 33 48 21 71
55 94 99 33 48 21 71 55 94 99 12 99 33 48 21 71
55 94 99 33 48 21 71 55 94 99 33 12 99 33 48 21 71
55 94 12 94 99 33 48 21 71 55 94 99 33 48 21 71
55 94 99 12 94 99 33 48 21 71 55 94 99 33 48 21 71
55 94 99 12 99 33 48 21 71 55 94 99 33 48 21 71
55 94 99 33 12 99 33 48 21 71 55 94 99 33 48 21 71

95 39 23 65 17 54 48 95 39 23 65 17 54 48
95 39 23 65 17 54 48 95 39 20 39 23 65 17 54 48
95 39 23 65 17 54 48 95 39 23 20 39 23 65 17 54 48
95 39 23 65 17 54 48 95 39 23 20 23 65 17 54 48
95 39 23 65 17 54 48 95 39 23 65 20 23 65 17 54 48
95 39 20 39 23 65 17 54 48 95 39 23 65 17 54 48
95 39 23 20 39 23 65 17 54 48 95 39 23 65 17 54 48
95 39 23 20 23 65 17 54 48 95 39 23 65 17 54 48
95 39 23 65 20 23 65 17 54 48 95 39 23 65 17 54 48

14 54 14 52 15 82 21 14 54 14 52 15 82 21
14 54 14 52 15 82 21 14 54 8 54 14 52 15 82 21
14 54 14 52 15 82 21 14 54 14 8 54 14 52 15 82 21
14 54 14 52 15 82 21 14 54 14 8 14 52 15 82 21
14 54 14 52 15 82 21 14 54 14 52 8 14 52 15 82 21
14 54 8 54 14 52 15 82 21 14 54 14 52 15 82 21
14 54 14 8 54 14 52 15 82 21 14 54 14 52 15 82 21
14 54 14 8 14 52 15 82 21 14 54 14 52 15 82 21
14 54 14 52 8 14 52 15 82 21 14 54 14 52 15 82 21

68 27 30 51 41 98 51 68 27 30 51 41 98 51
68 27 30 51 41 98 51 68 27 18 27 30 51 41 98 51
68 27 30 51 41 98 51 68 27 30 18 27 30 51 41 98 51
68 27 30 51 41 98 51 68 27 30 18 30 51 41 98 51
68 27 30 51 41 98 51 68 27 30 51 18 30 51 41 98 51
68 27 18 27 30 51 41 98 51 68 27 30 51 41 98 51
68 27 30 18 27 30 51 41 98 51 68 27 30 51 41 98 51
68 27 30 18 30 51 41 98 51 68 27 30 51 41 98 51
68 27 30 51 18 30 51 41 98 51 68 27 30 51 41 98 51

65 5 6 73 12 32 92 65 5 6 73 12 32 92
65 5 6 73 12 32 92 65 5 7 5 6 73 12 32 92
65 5 6 73 12 32 92 65 5 6 7 5 6 73 12 32 92
65 5 6 73 12 32 92 65 5 6 7 6 73 12 32 92
65 5 6 73 12 32 92 65 5 6 73 7 6 73 12 32 92
65 5 7 5 6 73 12 32 92 65 5 6 73 12 32 92
65 5 6 7 5 6 73 12 32 92 65 5 6 73 12 32 92
65 5 6 7 6 73 12 32 92 65 5 6 73 12 32 92
65 5 6 73 7 6 73 12 32 92 65 5 6 73 12 32 92

19 19 85 51 98 60 42 19 19 85 51 98 60 42
19 19 85 51 98 60 42 19 19 16 19 85 51 98 60 42
19 19 85 51 98 60 42 19 19 85 16 19 85 51 98 60 42
19 19 85 51 98 60 42 19 19 85 16 85 51 98 60 42
19 19 85 51 98 60 42 19 19 85 51 16 85 51 98 60 42
19 19 16 19 85 51 98 60 42 19 19 85 51 98 60 42
19 19 85 16 19 85 51 98 60 42 19 19 85 51 98 60 42
19 19 85 16 85 51 98 60 42 19 19 85 51 98 60 42
19 19 85 51 16 85 51 98 60 42 19 19 85 51 98 60 42

8 73 19 36 76 34 72 8 73 19 36 76 34 72
8 73 19 36 76 34 72 8 73 18 73 19 36 76 34 72
8 73 19 36 76 34 72 8 73 19 18 73 19 36 76 34 72
8 73 19 36 76 34 72 8 73 19 18 19 36 76 34 72
8 73 19 36 76 34 72 8 73 19 36 18 19 36 76 34 72
8 73 18 73 19 36 76 34 72 8 73 19 36 76 34 72
8 73 19 18 73 19 36 76 34 72 8 73 19 36 76 34 72
8 73 19 18 19 36 76 34 72 8 73 19 36 76 34 72
8 73 19 36 18 19 36 76 34 72 8 73 19 36 76 34 72

55 53 43 6 70 28 7 55 53 43 6 70 28 7
55 53 43 6 70 28 7 55 53 20 53 43 6 70 28 7
55 53 43 6 70 28 7 55 53 43 20 53 43 6 70 28 7
55 53 43 6 70 28 7 55 53 43 20 43 6 70 28 7
55 53 43 6 70 28 7 55 53 43 6 20 43 6 70 28 7
55 53 20 53 43 6 70 28 7 55 53 43 6 70 28 7
55 53 43 20 53 43 6 70 28 7 55 53 43 6 70 28 7
55 53 43 20 43 6 70 28 7 55 53 43 6 70 28 7
55 53 43 6 20 43 6 70 28 7 55 53 43 6 70 28 7

69 15 24 32 53 9 47 69 15 24 32 53 9 47
69 15 24 32 53 9 47 69 15 18 15 24 32 53 9 47
69 15 24 32 53 9 47 69 15 24 18 15 24 32 53 9 47
69 15 24 32 53 9 47 69 15 24 18 24 32 53 9 47
69 15 24 32 53 9 47 69 15 24 32 18 24 32 53 9 47
69 15 18 15 24 32 53 9 47 69 15 24 32 53 9 47
69 15 24 18 15 24 32 53 9 47 69 15 24 32 53 9 47
69 15 24 18 24 32 53 9 47 69 15 24 32 53 9 47
69 15 24 32 18 24 32 53 9 47 69 15 24 32 53 9 47

11 7 22 92 87 53 11 11 7 22 92 87 53 11
11 7 22 92 87 53 11 11 7 13 7 22 92 87 53 11
11 7 22 92 87 53 11 11 7 22 13 7 22 92 87 53 11
11 7 22 92 87 53 11 11 7 22 13 22 92 87 53 11
11 7 22 92 87 53 11 11 7 22 92 13 22 92 87 53 11
11 7 13 7 22 92 87 53 11 11 7 22 92 87 53 11
11 7 22 13 7 22 92 87 53 11 11 7 22 92 87 53 11
11 7 22 13 22 92 87 53 11 11 7 22 92 87 53 11
11 7 22 92 13 22 92 87 53 11 11 7 22 92 87 53 11

36 22 92 67 66 41 41 36 22 92 67 66 41 41
36 22 92 67 66 41 41 36 22 12 22 92 67 66 41 41
36 22 92 67 66 41 41 36 22 92 12 22 92 67 66 41 41
36 22 92 67 66 41 41 36 22 92 12 92 67 66 41 41
36 22 92 67 66 41 41 36 22 92 67 12 92 67 66 41 41
36 22 12 22 92 67 66 41 41 36 22 92 67 66 41 41
36 22 92 12 22 92 67 66 41 41 36 22 92 67 66 41 41
36 22 92 12 92 67 66 41 41 36 22 92 67 66 41 41
36 22 92 67 12 92 67 66 41 41 36 22 92 67 66 41 41

74 8 35 77 33 48 43 74 8 35 77 33 48 43
74 8 35 77 33 48 43 74 8 14 8 35 77 33 48 43
74 8 35 77 33 48 43 74 8 35 14 8 35 77 33 48 43
74 8 35 77 33 48 43 74 8 35 14 35 77 33 48 43
74 8 35 77 33 48 43 74 8 35 77 14 35 77 33 48 43
74 8 14 8 35 77 33 48 43 74 8 35 77 33 48 43
74 8 35 14 8 35 77 33 48 43 74 8 35 77 33 48 43
74 8 35 14 35 77 33 48 43 74 8 35 77 33 48 43
74 8 35 77 14 35 77 33 48 43 74 8 35 77 33 48 43

56 90 38 52 76 27 48 56 90 38 52 76 27 48
56 90 38 52 76 27 48 56 90 14 90 38 52 76 27 48
56 90 38 52 76 27 48 56 90 38 14 90 38 52 76 27 48
56 90 38 52 76 27 48 56 90 38 14 38 52 76 27 48
56 90 38 52 76 27 48 56 90 38 52 14 38 52 76 27 48
56 90 14 90 38 52 76 27 48 56 90 38 52 76 27 48
56 90 38 14 90 38 52 76 27 48 56 90 38 52 76 27 48
56 90 38 14 38 52 76 27 48 56 90 38 52 76 27 48
56 90 38 52 14 38 52 76 27 48 56 90 38 52 76 27 48

46 94 71 5 38 26 90 46 94 71 5 38 26 90
46 94 71 5 38 26 90 46 94 10 94 71 5 38 26 90
46 94 71 5 38 26 90 46 94 71 10 94 71 5 38 26 90
46 94 71 5 38 26 90 46 94 71 10 71 5 38 26 90
46 94 71 5 38 26 90 46 94 71 5 10 71 5 38 26 90
46 94 10 94 71 5 38 26 90 46 94 71 5 38 26 90
46 94 71 10 94 71 5 38 26 90 46 94 71 5 38 26 90
46 94 71 10 71 5 38 26 90 46 94 71 5 38 26 90
46 94 71 5 10 71 5 38 26 90 46 94 71 5 38 26 90

43 43 67 5 36 90 46 43 43 67 5 36 90 46
43 43 67 5 36 90 46 43 43 5 43 67 5 36 90 46
43 43 67 5 36 90 46 43 43 67 5 43 67 5 36 90 46
43 43 67 5 36 90 46 43 43 67 5 67 5 36 90 46
43 43 67 5 36 90 46 43 43 67 5 5 67 5 36 90 46
43 43 5 43 67 5 36 90 46 43 43 67 5 36 90 46
43 43 67 5 43 67 5 36 90 46 43 43 67 5 36 90 46
43 43 67 5 67 5 36 90 46 43 43 67 5 36 90 46
43 43 67 5 5 67 5 36 90 46 43 43 67 5 36 90 46

40 51 72 72 100 10 20 40 51 72 72 100 10 20
40 51 72 72 100 10 20 40 51 14 51 72 72 100 10 20
40 51 72 72 100 10 20 40 51 72 14 51 72 72 100 10 20
40 51 72 72 100 10 20 40 51 72 14 72 72 100 10 20
40 51 72 72 100 10 20 40 51 72 72 14 72 72 100 10 20
40 51 14 51 72 72 100 10 20 40 51 72 72 100 10 20
40 51 72 14 51 72 72 100 10 20 40 51 72 72 100 10 20
40 51 72 14 72 72 100 10 20 40 51 72 72 100 10 20
40 51 72 72 14 72 72 100 10 20 40 51 72 72 100 10 20

74 51 51 80 78 51 82 74 51 51 80 78 51 82
74 51 51 80 78 51 82 74 51 19 51 51 80 78 51 82
74 51 51 80 78 51 82 74 51 51 19 51 51 80 78 51 82
74 51 51 80 78 51 82 74 51 51 19 51 80 78 51 82
74 51 51 80 78 51 82 74 51 51 80 19 51 80 78 51 82
74 51 19 51 51 80 78 51 82 74 51 51 80 78 51 82
74 51 51 19 51 51 80 78 51 82 74 51 51 80 78 51 82
74 51 51 19 51 80 78 51 82 74 51 51 80 78 51 82
74 51 51 80 19 51 80 78 51 82 74 51 51 80 78 51 82

95 33 16 89 93 66 21 95 33 16 89 93 66 21
95 33 16 89 93 66 21 95 33 15 33 16 89 93 66 21
95 33 16 89 93 66 21 95 33 16 15 33 16 89 93 66 21
95 33 16 89 93 66 21 95 33 16 15 16 89 93 66 21
95 33 16 89 93 66 21 95 33 16 89 15 16 89 93 66 21
95 33 15 33 16 89 93 66 21 95 33 16 89 93 66 21
95 33 16 15 33 16 89 93 66 21 95 33 16 89 93 66 21
95 33 16 15 16 89 93 66 21 95 33 16 89 93 66 21
95 33 16 89 15 16 89 93 66 21 95 33 16 89 93 66 21

21 95 92 62 19 94 66 21 95 92 62 19 94 66
21 95 92 62 19 94 66 21 95 12 95 92 62 19 94 66
21 95 92 62 19 94 66 21 95 92 12 95 92 62 19 94 66
21 95 92 62 19 94 66 21 95 92 12 92 62 19 94 66
21 95 92 62 19 94 66 21 95 92 62 12 92 62 19 94 66
21 95 12 95 92 62 19 94 66 21 95 92 62 19 94 66
21 95 92 12 95 92 62 19 94 66 21 95 92 62 19 94 66
21 95 92 12 92 62 19 94 66 21 95 92 62 19 94 66
21 95 92 62 12 92 62 19 94 66 21 95 92 62 19 94 66

56 60 51 99 33 99 85 56 60 51 99 33 99 85
56 60 51 99 33 99 85 56 60 15 60 51 99 33 99 85
56 60 51 99 33 99 85 56 60 51 15 60 51 99 33 99 85
56 60 51 99 33 99 85 56 60 51 15 51 99 33 99 85
56 60 51 99 33 99 85 56 60 51 99 15 51 99 33 99 85
56 60 15 60 51 99 33 99 85 56 60 51 99 33 99 85
56 60 51 15 60 51 99 33 99 85 56 60 51 99 33 99 85
56 60 51 15 51 99 33 99 85 56 60 51 99 33 99 85
56 60 51 99 15 51 99 33 99 85 56 60 51 99 33 99 85

23 23 30 86 37 39 6 23 23 30 86 37 39 6
23 23 30 86 37 39 6 23 23 17 23 30 86 37 39 6
23 23 30 86 37 39 6 23 23 30 17 23 30 86 37 39 6
23 23 30 86 37 39 6 23 23 30 17 30 86 37 39 6
23 23 30 86 37 39 6 23 23 30 86 17 30 86 37 39 6
23 23 17 23 30 86 37 39 6 23 23 30 86 37 39 6
23 23 30 17 23 30 86 37 39 6 23 23 30 86 37 39 6
23 23 30 17 30 86 37 39 6 23 23 30 86 37 39 6
23 23 30 86 17 30 86 37 39 6 23 23 30 86 37 39 6

51 48 79 57 37 44 72 51 48 79 57 37 44 72
51 48 79 57 37 44 72 51 48 9 48 79 57 37 44 72
51 48 79 57 37 44 72 51 48 79 9 48 79 57 37 44 72
51 48 79 57 37 44 72 51 48 79 9 79 57 37 44 72
51 48 79 57 37 44 72 51 48 79 57 9 79 57 37 44 72
51 48 9 48 79 57 37 44 72 51 48 79 57 37 44 72
51 48 79 9 48 79 57 37 44 72 51 48 79 57 37 44 72
51 48 79 9 79 57 37 44 72 51 48 79 57 37 44 72
51 48 79 57 9 79 57 37 44 72 51 48 79 57 37 44 72

11 23 52 70 100 23 73 11 23 52 70 100 23 73
11 23 52 70 100 23 73 11 23 20 23 52 70 100 23 73
11 23 52 70 100 23 73 11 23 52 20 23 52 70 100 23 73
11 23 52 70 100 23 73 11 23 52 20 52 70 100 23 73
11 23 52 70 100 23 73 11 23 52 70 20 52 70 100 23 73
11 23 20 23 52 70 100 23 73 11 23 52 70 100 23 73
11 23 52 20 23 52 70 100 23 73 11 23 52 70 100 23 73
11 23 52 20 52 70 100 23 73 11 23 52 70 100 23 73
11 23 52 70 20 52 70 100 23 73 11 23 52 70 100 23 73

28 16 44 13 90 19 7 28 16 44 13 90 19 7
28 16 44 13 90 19 7 28 16 14 16 44 13 90 19 7
28 16 44 13 90 19 7 28 16 44 14 16 44 13 90 19 7
28 16 44 13 90 19 7 28 16 44 14 44 13 90 19 7
28 16 44 13 90 19 7 28 16 44 13 14 44 13 90 19 7
28 16 14 16 44 13 90 19 7 28 16 44 13 90 19 7
28 16 44 14 16 44 13 90 19 7 28 16 44 13 90 19 7
28 16 44 14 44 13 90 19 7 28 16 44 13 90 19 7
28 16 44 13 14 44 13 90 19 7 28 16 44 13 90 19 7

77 77 40 87 24 36 34 77 77 40 87 24 36 34
77 77 40 87 24 36 34 77 77 11 77 40 87 24 36 34
77 77 40 87 24 36 34 77 77 40 11 77 40 87 24 36 34
77 77 40 87 24 36 34 77 77 40 11 40 87 24 36 34
77 77 40 87 24 36 34 77 77 40 87 11 40 87 24 36 34
77 77 11 77 40 87 24 36 34 77 77 40 87 24 36 34
77 77 40 11 77 40 87 24 36 34 77 77 40 87 24 36 34
77 77 40 11 40 87 24 36 34 77 77 40 87 24 36 34
77 77 40 87 11 40 87 24 36 34 77 77 40 87 24 36 34

80 99 72 80 91 67 95 80 99 72 80 91 67 95
80 99 72 80 91 67 95 80 99 20 99 72 80 91 67 95
80 99 72 80 91 67 95 80 99 72 20 99 72 80 91 67 95
80 99 72 80 91 67 95 80 99 72 20 72 80 91 67 95
80 99 72 80 91 67 95 80 99 72 80 20 72 80 91 67 95
80 99 20 99 72 80 91 67 95 80 99 72 80 91 67 95
80 99 72 20 99 72 80 91 67 95 80 99 72 80 91 67 95
80 99 72 20 72 80 91 67 95 80 99 72 80 91 67 95
80 99 72 80 20 72 80 91 67 95 80 99 72 80 91 67 95

60 51 24 23 43 18 96 60 51 24 23 43 18 96
60 51 24 23 43 18 96 60 51 8 51 24 23 43 18 96
60 51 24 23 43 18 96 60 51 24 8 51 24 23 43 18 96
60 51 24 23 43 18 96 60 51 24 8 24 23 43 18 96
60 51 24 23 43 18 96 60 51 24 23 8 24 23 43 18 96
60 51 8 51 24 23 43 18 96 60 51 24 23 43 18 96
60 51 24 8 51 24 23 43 18 96 60 51 24 23 43 18 96
60 51 24 8 24 23 43 18 96 60 51 24 23 43 18 96
60 51 24 23 8 24 23 43 18 96 60 51 24 23 43 18 96

48 36 72 20 67 60 49 48 36 72 20 67 60 49
48 36 72 20 67 60 49 48 36 10 36 72 20 67 60 49
48 36 72 20 67 60 49 48 36 72 10 36 72 20 67 60 49
48 36 72 20 67 60 49 48 36 72 10 72 20 67 60 49
48 36 72 20 67 60 49 48 36 72 20 10 72 20 67 60 49
48 36 10 36 72 20 67 60 49 48 36 72 20 67 60 49
48 36 72 10 36 72 20 67 60 49 48 36 72 20 67 60 49
48 36 72 10 72 20 67 60 49 48 36 72 20 67 60 49
48 36 72 20 10 72 20 67 60 49 48 36 72 20 67 60 49

55 21 85 19 6 11 98 55 21 85 19 6 11 98
55 21 85 19 6 11 98 55 21 20 21 85 19 6 11 98
55 21 85 19 6 11 98 55 21 85 20 21 85 19 6 11 98
55 21 85 19 6 11 98 55 21 85 20 85 19 6 11 98
55 21 85 19 6 11 98 55 21 85 19 20 85 19 6 11 98
55 21 20 21 85 19 6 11 98 55 21 85 19 6 11 98
55 21 85 20 21 85 19 6 11 98 55 21 85 19 6 11 98
55 21 85 20 85 19 6 11 98 55 21 85 19 6 11 98
55 21 85 19 20 85 19 6 11 98 55 21 85 19 6 11 98

25 84 73 22 48 81 77 25 84 73 22 48 81 77
25 84 73 22 48 81 77 25 84 8 84 73 22 48 81 77
25 84 73 22 48 81 77 25 84 73 8 84 73 22 48 81 77
25 84 73 22 48 81 77 25 84 73 8 73 22 48 81 77
25 84 73 22 48 81 77 25 84 73 22 8 73 22 48 81 77
25 84 8 84 73 22 48 81 77 25 84 73 22 48 81 77
25 84 73 8 84 73 22 48 81 77 25 84 73 22 48 81 77
25 84 73 8 73 22 48 81 77 25 84 73 22 48 81 77
25 84 73 22 8 73 22 48 81 77 25 84 73 22 48 81 77

93 21 29 25 63 88 76 93 21 29 25 63 88 76
93 21 29 25 63 88 76 93 21 5 21 29 25 63 88 76
93 21 29 25 63 88 76 93 21 29 5 21 29 25 63 88 76
93 21 29 25 63 88 76 93 21 29 5 29 25 63 88 76
93 21 29 25 63 88 76 93 21 29 25 5 29 25 63 88 76
93 21 5 21 29 25 63 88 76 93 21 29 25 63 88 76
93 21 29 5 21 29 25 63 88 76 93 21 29 25 63 88 76
93 21 29 5 29 25 63 88 76 93 21 29 25 63 88 76
93 21 29 25 5 29 25 63 88 76 93 21 29 25 63 88 76

97 56 34 40 74 5 79 97 56 34 40 74 5 79
97 56 34 40 74 5 79 97 56 17 56 34 40 74 5 79
97 56 34 40 74 5 79 97 56 34 17 56 34 40 74 5 79
97 56 34 40 74 5 79 97 56 34 17 34 40 74 5 79
97 56 34 40 74 5 79 97 56 34 40 17 34 40 74 5 79
97 56 17 56 34 40 74 5 79 97 56 34 40 74 5 79
97 56 34 17 56 34 40 74 5 79 97 56 34 40 74 5 79
97 56 34 17 34 40 74 5 79 97 56 34 40 74 5 79
97 56 34 40 17 34 40 74 5 79 97 56 34 40 74 5 79

55 45 44 70 55 11 24 55 45 44 70 55 11 24
55 45 44 70 55 11 24 55 45 8 45 44 70 55 11 24
55 45 44 70 55 11 24 55 45 44 8 45 44 70 55 11 24
55 45 44 70 55 11 24 55 45 44 8 44 70 55 11 24
55 45 44 70 55 11 24 55 45 44 70 8 44 70 55 11 24
55 45 8 45 44 70 55 11 24 55 45 44 70 55 11 24
55 45 44 8 45 44 70 55 11 24 55 45 44 70 55 11 24
55 45 44 8 44 70 55 11 24 55 45 44 70 55 11 24
55 45 44 70 8 44 70 55 11 24 55 45 44 70 55 11 24

54 61 37 82 30 23 81 54 61 37 82 30 23 81
54 61 37 82 30 23 81 54 61 15 61 37 82 30 23 81
54 61 37 82 30 23 81 54 61 37 15 61 37 82 30 23 81
54 61 37 82 30 23 81 54 61 37 15 37 82 30 23 81
54 61 37 82 30 23 81 54 61 37 82 15 37 82 30 23 81
54 61 15 61 37 82 30 23 81 54 61 37 82 30 23 81
54 61 37 15 61 37 82 30 23 81 54 61 37 82 30 23 81
54 61 37 15 37 82 30 23 81 54 61 37 82 30 23 81
54 61 37 82 15 37 82 30 23 81 54 61 37 82 30 23 81

79 61 63 34 62 28 62 79 61 63 34 62 28 62
79 61 63 34 62 28 62 79 61 19 61 63 34 62 28 62
79 61 63 34 62 28 62 79 61 63 19 61 63 34 62 28 62
79 61 63 34 62 28 62 79 61 63 19 63 34 62 28 62
79 61 63 34 62 28 62 79 61 63 34 19 63 34 62 28 62
79 61 19 61 63 34 62 28 62 79 61 63 34 62 28 62
79 61 63 19 61 63 34 62 28 62 79 61 63 34 62 28 62
79 61 63 19 63 34 62 28 62 79 61 63 34 62 28 62
79 61 63 34 19 63 34 62 28 62 79 61 63 34 62 28 62

24 26 81 33 20 74 66 24 26 81 33 20 74 66
24 26 81 33 20 74 66 24 26 5 26 81 33 20 74 66
24 26 81 33 20 74 66 24 26 81 5 26 81 33 20 74 66
24 26 81 33 20 74 66 24 26 81 5 81 33 20 74 66
24 26 81 33 20 74 66 24 26 81 33 5 81 33 20 74 66
24 26 5 26 81 33 20 74 66 24 26 81 33 20 74 66
24 26 81 5 26 81 33 20 74 66 24 26 81 33 20 74 66
24 26 81 5 81 33 20 74 66 24 26 81 33 20 74 66
24 26 81 33 5 81 33 20 74 66 24 26 81 33 20 74 66

15 100 37 83 60 90 8 15 100 37 83 60 90 8
15 100 37 83 60 90 8 15 100 17 100 37 83 60 90 8
15 100 37 83 60 90 8 15 100 37 17 100 37 83 60 90 8
15 100 37 83 60 90 8 15 100 37 17 37 83 60 90 8
15 100 37 83 60 90 8 15 100 37 83 17 37 83 60 90 8
15 100 17 100 37 83 60 90 8 15 100 37 83 60 90 8
15 100 37 17 100 37 83 60 90 8 15 100 37 83 60 90 8
15 100 37 17 37 83 60 90 8 15 100 37 83 60 90 8
15 100 37 83 17 37 83 60 90 8 15 100 37 83 60 90 8

41 46 92 77 36 65 97 41 46 92 77 36 65 97
41 46 92 77 36 65 97 41 46 8 46 92 77 36 65 97
41 46 92 77 36 65 97 41 46 92 8 46 92 77 36 65 97
41 46 92 77 36 65 97 41 46 92 8 92 77 36 65 97
41 46 92 77 36 65 97 41 46 92 77 8 92 77 36 65 97
41 46 8 46 92 77 36 65 97 41 46 92 77 36 65 97
41 46 92 8 46 92 77 36 65 97 41 46 92 77 36 65 97
41 46 92 8 92 77 36 65 97 41 46 92 77 36 65 97
41 46 92 77 8 92 77 36 65 97 41 46 92 77 36 65 97

16 20 35 31 76 13 93 16 20 35 31 76 13 93
16 20 35 31 76 13 93 16 20 20 20 35 31 76 13 93
16 20 35 31 76 13 93 16 20 35 20 20 35 31 76 13 93
16 20 35 31 76 13 93 16 20 35 20 35 31 76 13 93
16 20 35 31 76 13 93 16 20 35 31 20 35 31 76 13 93
16 20 20 20 35 31 76 13 93 16 20 35 31 76 13 93
16 20 35 20 20 35 31 76 13 93 16 20 35 31 76 13 93
16 20 35 20 35 31 76 13 93 16 20 35 31 76 13 93
16 20 35 31 20 35 31 76 13 93 16 20 35 31 76 13 93

57 75 35 65 68 23 82 57 75 35 65 68 23 82
57 75 35 65 68 23 82 57 75 20 75 35 65 68 23 82
57 75 35 65 68 23 82 57 75 35 20 75 35 65 68 23 82
57 75 35 65 68 23 82 57 75 35 20 35 65 68 23 82
57 75 35 65 68 23 82 57 75 35 65 20 35 65 68 23 82
57 75 20 75 35 65 68 23 82 57 75 35 65 68 23 82
57 75 35 20 75 35 65 68 23 82 57 75 35 65 68 23 82
57 75 35 20 35 65 68 23 82 57 75 35 65 68 23 82
57 75 35 65 20 35 65 68 23 82 57 75 35 65 68 23 82

73 90 61 7 52 62 39 73 90 61 7 52 62 39
73 90 61 7 52 62 39 73 90 9 90 61 7 52 62 39
73 90 61 7 52 62 39 73 90 61 9 90 61 7 52 62 39
73 90 61 7 52 62 39 73 90 61 9 61 7 52 62 39
73 90 61 7 52 62 39 73 90 61 7 9 61 7 52 62 39
73 90 9 90 61 7 52 62 39 73 90 61 7 52 62 39
73 90 61 9 90 61 7 52 62 39 73 90 61 7 52 62 39
73 90 61 9 61 7 52 62 39 73 90 61 7 52 62 39
73 90 61 7 9 61 7 52 62 39 73 90 61 7 52 62 39

99 76 52 89 30 89 66 99 76 52 89 30 89 66
99 76 52 89 30 89 66 99 76 11 76 52 89 30 89 66
99 76 52 89 30 89 66 99 76 52 11 76 52 89 30 89 66
99 76 52 89 30 89 66 99 76 52 11 52 89 30 89 66
99 76 52 89 30 89 66 99 76 52 89 11 52 89 30 89 66
99 76 11 76 52 89 30 89 66 99 76 52 89 30 89 66
99 76 52 11 76 52 89 30 89 66 99 76 52 89 30 89 66
99 76 52 11 52 89 30 89 66 99 76 52 89 30 89 66
99 76 52 89 11 52 89 30 89 66 99 76 52 89 30 89 66

23 89 34 93 6 46 27 23 89 34 93 6 46 27
23 89 34 93 6 46 27 23 89 6 89 34 93 6 46 27
23 89 34 93 6 46 27 23 89 34 6 89 34 93 6 46 27
23 89 34 93 6 46 27 23 89 34 6 34 93 6 46 27
23 89 34 93 6 46 27 23 89 34 93 6 34 93 6 46 27
23 89 6 89 34 93 6 46 27 23 89 34 93 6 46 27
23 89 34 6 89 34 93 6 46 27 23 89 34 93 6 46 27
23 89 34 6 34 93 6 46 27 23 89 34 93 6 46 27
23 89 34 93 6 34 93 6 46 27 23 89 34 93 6 46 27

7 9 28 46 91 8 99 7 9 28 46 91 8 99
7 9 28 46 91 8 99 7 9 6 9 28 46 91 8 99
7 9 28 46 91 8 99 7 9 28 6 9 28 46 91 8 99
7 9 28 46 91 8 99 7 9 28 6 28 46 91 8 99
7 9 28 46 91 8 99 7 9 28 46 6 28 46 91 8 99
7 9 6 9 28 46 91 8 99 7 9 28 46 91 8 99
7 9 28 6 9 28 46 91 8 99 7 9 28 46 91 8 99
7 9 28 6 28 46 91 8 99 7 9 28 46 91 8 99
7 9 28 46 6 28 46 91 8 99 7 9 28 46 91 8 99

97 39 22 35 80 88 31 97 39 22 35 80 88 31
97 39 22 35 80 88 31 97 39 8 39 22 35 80 88 31
97 39 22 35 80 88 31 97 39 22 8 39 22 35 80 88 31
97 39 22 35 80 88 31 97 39 22 8 22 35 80 88 31
97 39 22 35 80 88 31 97 39 22 35 8 22 35 80 88 31
97 39 8 39 22 35 80 88 31 97 39 22 35 80 88 31
97 39 22 8 39 22 35 80 88 31 97 39 22 35 80 88 31
97 39 22 8 22 35 80 88 31 97 39 22 35 80 88 31
97 39 22 35 8 22 35 80 88 31 97 39 22 35 80 88 31

45 93 69 54 94 69 63 45 93 69 54 94 69 63
45 93 69 54 94 69 63 45 93 7 93 69 54 94 69 63
45 93 69 54 94 69 63 45 93 69 7 93 69 54 94 69 63
45 93 69 54 94 69 63 45 93 69 7 69 54 94 69 63
45 93 69 54 94 69 63 45 93 69 54 7 69 54 94 69 63
45 93 7 93 69 54 94 69 63 45 93 69 54 94 69 63
45 93 69 7 93 69 54 94 69 63 45 93 69 54 94 69 63
45 93 69 7 69 54 94 69 63 45 93 69 54 94 69 63
45 93 69 54 7 69 54 94 69 63 45 93 69 54 94 69 63

6 51 97 95 70 30 25 6 51 97 95 70 30 25
6 51 97 95 70 30 25 6 51 17 51 97 95 70 30 25
6 51 97 95 70 30 25 6 51 97 17 51 97 95 70 30 25
6 51 97 95 70 30 25 6 51 97 17 97 95 70 30 25
6 51 97 95 70 30 25 6 51 97 95 17 97 95 70 30 25
6 51 17 51 97 95 70 30 25 6 51 97 95 70 30 25
6 51 97 17 51 97 95 70 30 25 6 51 97 95 70 30 25
6 51 97 17 97 95 70 30 25 6 51 97 95 70 30 25
6 51 97 95 17 97 95 70 30 25 6 51 97 95 70 30 25

53 57 90 34 92 18 60 53 57 90 34 92 18 60
53 57 90 34 92 18 60 53 57 16 57 90 34 92 18 60
53 57 90 34 92 18 60 53 57 90 16 57 90 34 92 18 60
53 57 90 34 92 18 60 53 57 90 16 90 34 92 18 60
53 57 90 34 92 18 60 53 57 90 34 16 90 34 92 18 60
53 57 16 57 90 34 92 18 60 53 57 90 34 92 18 60
53 57 90 16 57 90 34 92 18 60 53 57 90 34 92 18 60
53 57 90 16 90 34 92 18 60 53 57 90 34 92 18 60
53 57 90 34 16 90 34 92 18 60 53 57 90 34 92 18 60

65 86 11 28 40 24 26 65 86 11 28 40 24 26
65 86 11 28 40 24 26 65 86 5 86 11 28 40 24 26
65 86 11 28 40 24 26 65 86 11 5 86 11 28 40 24 26
65 86 11 28 40 24 26 65 86 11 5 11 28 40 24 26
65 86 11 28 40 24 26 65 86 11 28 5 11 28 40 24 26
65 86 5 86 11 28 40 24 26 65 86 11 28 40 24 26
65 86 11 5 86 11 28 40 24 26 65 86 11 28 40 24 26
65 86 11 5 11 28 40 24 26 65 86 11 28 40 24 26
65 86 11 28 5 11 28 40 24 26 65 86 11 28 40 24 26

65 11 27 91 19 18 51 65 11 27 91 19 18 51
65 11 27 91 19 18 51 65 11 8 11 27 91 19 18 51
65 11 27 91 19 18 51 65 11 27 8 11 27 91 19 18 51
65 11 27 91 19 18 51 65 11 27 8 27 91 19 18 51
65 11 27 91 19 18 51 65 11 27 91 8 27 91 19 18 51
65 11 8 11 27 91 19 18 51 65 11 27 91 19 18 51
65 11 27 8 11 27 91 19 18 51 65 11 27 91 19 18 51
65 11 27 8 27 91 19 18 51 65 11 27 91 19 18 51
65 11 27 91 8 27 91 19 18 51 65 11 27 91 19 18 51

86 55 61 44 6 14 74 86 55 61 44 6 14 74
86 55 61 44 6 14 74 86 55 16 55 61 44 6 14 74
86 55 61 44 6 14 74 86 55 61 16 55 61 44 6 14 74
86 55 61 44 6 14 74 86 55 61 16 61 44 6 14 74
86 55 61 44 6 14 74 86 55 61 44 16 61 44 6 14 74
86 55 16 55 61 44 6 14 74 86 55 61 44 6 14 74
86 55 61 16 55 61 44 6 14 74 86 55 61 44 6 14 74
86 55 61 16 61 44 6 14 74 86 55 61 44 6 14 74
86 55 61 44 16 61 44 6 14 74 86 55 61 44 6 14 74

29 64 21 86 49 25 93 29 64 21 86 49 25 93
29 64 21 86 49 25 93 29 64 20 64 21 86 49 25 93
29 64 21 86 49 25 93 29 64 21 20 64 21 86 49 25 93
29 64 21 86 49 25 93 29 64 21 20 21 86 49 25 93
29 64 21 86 49 25 93 29 64 21 86 20 21 86 49 25 93
29 64 20 64 21 86 49 25 93 29 64 21 86 49 25 93
29 64 21 20 64 21 86 49 25 93 29 64 21 86 49 25 93
29 64 21 20 21 86 49 25 93 29 64 21 86 49 25 93
29 64 21 86 20 21 86 49 25 93 29 64 21 86 49 25 93

55 30 84 90 29 14 25 55 30 84 90 29 14 25
55 30 84 90 29 14 25 55 30 14 30 84 90 29 14 25
55 30 84 90 29 14 25 55 30 84 14 30 84 90 29 14 25
55 30 84 90 29 14 25 55 30 84 14 84 90 29 14 25
55 30 84 90 29 14 25 55 30 84 90 14 84 90 29 14 25
55 30 14 30 84 90 29 14 25 55 30 84 90 29 14 25
55 30 84 14 30 84 90 29 14 25 55 30 84 90 29 14 25
55 30 84 14 84 90 29 14 25 55 30 84 90 29 14 25
55 30 84 90 14 84 90 29 14 25 55 30 84 90 29 14 25

35 50 97 7 22 5 75 35 50 97 7 22 5 75
35 50 97 7 22 5 75 35 50 20 50 97 7 22 5 75
35 50 97 7 22 5 75 35 50 97 20 50 97 7 22 5 75
35 50 97 7 22 5 75 35 50 97 20 97 7 22 5 75
35 50 97 7 22 5 75 35 50 97 7 20 97 7 22 5 75
35 50 20 50 97 7 22 5 75 35 50 97 7 22 5 75
35 50 97 20 50 97 7 22 5 75 35 50 97 7 22 5 75
35 50 97 20 97 7 22 5 75 35 50 97 7 22 5 75
35 50 97 7 20 97 7 22 5 75 35 50 97 7 22 5 75

23 71 79 43 38 47 83 23 71 79 43 38 47 83
23 71 79 43 38 47 83 23 71 9 71 79 43 38 47 83
23 71 79 43 38 47 83 23 71 79 9 71 79 43 38 47 83
23 71 79 43 38 47 83 23 71 79 9 79 43 38 47 83
23 71 79 43 38 47 83 23 71 79 43 9 79 43 38 47 83
23 71 9 71 79 43 38 47 83 23 71 79 43 38 47 83
23 71 79 9 71 79 43 38 47 83 23 71 79 43 38 47 83
23 71 79 9 79 43 38 47 83 23 71 79 43 38 47 83
23 71 79 43 9 79 43 38 47 83 23 71 79 43 38 47 83

26 97 57 40 49 65 34 26 97 57 40 49 65 34
26 97 57 40 49 65 34 26 97 6 97 57 40 49 65 34
26 97 57 40 49 65 34 26 97 57 6 97 57 40 49 65 34
26 97 57 40 49 65 34 26 97 57 6 57 40 49 65 34
26 97 57 40 49 65 34 26 97 57 40 6 57 40 49 65 34
26 97 6 97 57 40 49 65 34 26 97 57 40 49 65 34
26 97 57 6 97 57 40 49 65 34 26 97 57 40 49 65 34
26 97 57 6 57 40 49 65 34 26 97 57 40 49 65 34
26 97 57 40 6 57 40 49 65 34 26 97 57 40 49 65 34

93 69 94 19 97 9 79 93 69 94 19 97 9 79
93 69 94 19 97 9 79 93 69 17 69 94 19 97 9 79
93 69 94 19 97 9 79 93 69 94 17 69 94 19 97 9 79
93 69 94 19 97 9 79 93 69 94 17 94 19 97 9 79
93 69 94 19 97 9 79 93 69 94 19 17 94 19 97 9 79
93 69 17 69 94 19 97 9 79 93 69 94 19 97 9 79
93 69 94 17 69 94 19 97 9 79 93 69 94 19 97 9 79
93 69 94 17 94 19 97 9 79 93 69 94 19 97 9 79
93 69 94 19 17 94 19 97 9 79 93 69 94 19 97 9 79

40 93 82 65 52 100 100 40 93 82 65 52 100 100
40 93 82 65 52 100 100 40 93 7 93 82 65 52 100 100
40 93 82 65 52 100 100 40 93 82 7 93 82 65 52 100 100
40 93 82 65 52 100 100 40 93 82 7 82 65 52 100 100
40 93 82 65 52 100 100 40 93 82 65 7 82 65 52 100 100
40 93 7 93 82 65 52 100 100 40 93 82 65 52 100 100
40 93 82 7 93 82 65 52 100 100 40 93 82 65 52 100 100
40 93 82 7 82 65 52 100 100 40 93 82 65 52 100 100
40 93 82 65 7 82 65 52 100 100 40 93 82 65 52 100 100

31 81 48 60 32 25 27 31 81 48 60 32 25 27
31 81 48 60 32 25 27 31 81 8 81 48 60 32 25 27
31 81 48 60 32 25 27 31 81 48 8 81 48 60 32 25 27
31 81 48 60 32 25 27 31 81 48 8 48 60 32 25 27
31 81 48 60 32 25 27 31 81 48 60 8 48 60 32 25 27
31 81 8 81 48 60 32 25 27 31 81 48 60 32 25 27
31 81 48 8 81 48 60 32 25 27 31 81 48 60 32 25 27
31 81 48 8 48 60 32 25 27 31 81 48 60 32 25 27
31 81 48 60 8 48 60 32 25 27 31 81 48 60 32 25 27

41 54 99 5 99 94 90 41 54 99 5 99 94 90
41 54 99 5 99 94 90 41 54 9 54 99 5 99 94 90
41 54 99 5 99 94 90 41 54 99 9 54 99 5 99 94 90
41 54 99 5 99 94 90 41 54 99 9 99 5 99 94 90
41 54 99 5 99 94 90 41 54 99 5 9 99 5 99 94 90
41 54 9 54 99 5 99 94 90 41 54 99 5 99 94 90
41 54 99 9 54 99 5 99 94 90 41 54 99 5 99 94 90
41 54 99 9 99 5 99 94 90 41 54 99 5 99 94 90
41 54 99 5 9 99 5 99 94 90 41 54 99 5 99 94 90

80 38 95 81 52 43 68 80 38 95 81 52 43 68
80 38 95 81 52 43 68 80 38 11 38 95 81 52 43 68
80 38 95 81 52 43 68 80 38 95 11 38 95 81 52 43 68
80 38 95 81 52 43 68 80 38 95 11 95 81 52 43 68
80 38 95 81 52 43 68 80 38 95 81 11 95 81 52 43 68
80 38 11 38 95 81 52 43 68 80 38 95 81 52 43 68
80 38 95 11 38 95 81 52 43 68 80 38 95 81 52 43 68
80 38 95 11 95 81 52 43 68 80 38 95 81 52 43 68
80 38 95 81 11 95 81 52 43 68 80 38 95 81 52 43 68

11 46 35 92 34 45 60 11 46 35 92 34 45 60
11 46 35 92 34 45 60 11 46 12 46 35 92 34 45 60
11 46 35 92 34 45 60 11 46 35 12 46 35 92 34 45 60
11 46 35 92 34 45 60 11 46 35 12 35 92 34 45 60
11 46 35 92 34 45 60 11 46 35 92 12 35 92 34 45 60
11 46 12 46 35 92 34 45 60 11 46 35 92 34 45 60
11 46 35 12 46 35 92 34 45 60 11 46 35 92 34 45 60
11 46 35 12 35 92 34 45 60 11 46 35 92 34 45 60
11 46 35 92 12 35 92 34 45 60 11 46 35 92 34 45 60

25 19 97 28 64 34 86 25 19 97 28 64 34 86
25 19 97 28 64 34 86 25 19 14 19 97 28 64 34 86
25 19 97 28 64 34 86 25 19 97 14 19 97 28 64 34 86
25 19 97 28 64 34 86 25 19 97 14 97 28 64 34 86
25 19 97 28 64 34 86 25 19 97 28 14 97 28 64 34 86
25 19 14 19 97 28 64 34 86 25 19 97 28 64 34 86
25 19 97 14 19 97 28 64 34 86 25 19 97 28 64 34 86
25 19 97 14 97 28 64 34 86 25 19 97 28 64 34 86
25 19 97 28 14 97 28 64 34 86 25 19 97 28 64 34 86

13 56 50 73 91 69 37 13 56 50 73 91 69 37
13 56 50 73 91 69 37 13 56 8 56 50 73 91 69 37
13 56 50 73 91 69 37 13 56 50 8 56 50 73 91 69 37
13 56 50 73 91 69 37 13 56 50 8 50 73 91 69 37
13 56 50 73 91 69 37 13 56 50 73 8 50 73 91 69 37
13 56 8 56 50 73 91 69 37 13 56 50 73 91 69 37
13 56 50 8 56 50 73 91 69 37 13 56 50 73 91 69 37
13 56 50 8 50 73 91 69 37 13 56 50 73 91 69 37
13 56 50 73 8 50 73 91 69 37 13 56 50 73 91 69 37

100 27 45 65 62 59 36 100 27 45 65 62 59 36
100 27 45 65 62 59 36 100 27 8 27 45 65 62 59 36
100 27 45 65 62 59 36 100 27 45 8 27 45 65 62 59 36
100 27 45 65 62 59 36 100 27 45 8 45 65 62 59 36
100 27 45 65 62 59 36 100 27 45 65 8 45 65 62 59 36
100 27 8 27 45 65 62 59 36 100 27 45 65 62 59 36
100 27 45 8 27 45 65 62 59 36 100 27 45 65 62 59 36
100 27 45 8 45 65 62 59 36 100 27 45 65 62 59 36
100 27 45 65 8 45 65 62 59 36 100 27 45 65 62 59 36

23 88 91 64 22 76 13 23 88 91 64 22 76 13
23 88 91 64 22 76 13 23 88 5 88 91 64 22 76 13
23 88 91 64 22 76 13 23 88 91 5 88 91 64 22 76 13
23 88 91 64 22 76 13 23 88 91 5 91 64 22 76 13
23 88 91 64 22 76 13 23 88 91 64 5 91 64 22 76 13
23 88 5 88 91 64 22 76 13 23 88 91 64 22 76 13
23 88 91 5 88 91 64 22 76 13 23 88 91 64 22 76 13
23 88 91 5 91 64 22 76 13 23 88 91 64 22 76 13
23 88 91 64 5 91 64 22 76 13 23 88 91 64 22 76 13

66 96 80 22 61 10 33 66 96 80 22 61 10 33
66 96 80 22 61 10 33 66 96 17 96 80 22 61 10 33
66 96 80 22 61 10 33 66 96 80 17 96 80 22 61 10 33
66 96 80 22 61 10 33 66 96 80 17 80 22 61 10 33
66 96 80 22 61 10 33 66 96 80 22 17 80 22 61 10 33
66 96 17 96 80 22 61 10 33 66 96 80 22 61 10 33
66 96 80 17 96 80 22 61 10 33 66 96 80 22 61 10 33
66 96 80 17 80 22 61 10 33 66 96 80 22 61 10 33
66 96 80 22 17 80 22 61 10 33 66 96 80 22 61 10 33

69 65 53 53 79 44 53 69 65 53 53 79 44 53
69 65 53 53 79 44 53 69 65 16 65 53 53 79 44 53
69 65 53 53 79 44 53 69 65 53 16 65 53 53 79 44 53
69 65 53 53 79 44 53 69 65 53 16 53 53 79 44 53
69 65 53 53 79 44 53 69 65 53 53 16 53 53 79 44 53
69 65 16 65 53 53 79 44 53 69 65 53 53 79 44 53
69 65 53 16 65 53 53 79 44 53 69 65 53 53 79 44 53
69 65 53 16 53 53 79 44 53 69 65 53 53 79 44 53
69 65 53 53 16 53 53 79 44 53 69 65 53 53 79 44 53

33 34 48 30 37 32 89 33 34 48 30 37 32 89
33 34 48 30 37 32 89 33 34 11 34 48 30 37 32 89
33 34 48 30 37 32 89 33 34 48 11 34 48 30 37 32 89
33 34 48 30 37 32 89 33 34 48 11 48 30 37 32 89
33 34 48 30 37 32 89 33 34 48 30 11 48 30 37 32 89
33 34 11 34 48 30 37 32 89 33 34 48 30 37 32 89
33 34 48 11 34 48 30 37 32 89 33 34 48 30 37 32 89
33 34 48 11 48 30 37 32 89 33 34 48 30 37 32 89
33 34 48 30 11 48 30 37 32 89 33 34 48 30 37 32 89

53 63 83 14 79 72 41 53 63 83 14 79 72 41
53 63 83 14 79 72 41 53 63 5 63 83 14 79 72 41
53 63 83 14 79 72 41 53 63 83 5 63 83 14 79 72 41
53 63 83 14 79 72 41 53 63 83 5 83 14 79 72 41
53 63 83 14 79 72 41 53 63 83 14 5 83 14 79 72 41
53 63 5 63 83 14 79 72 41 53 63 83 14 79 72 41
53 63 83 5 63 83 14 79 72 41 53 63 83 14 79 72 41
53 63 83 5 83 14 79 72 41 53 63 83 14 79 72 41
53 63 83 14 5 83 14 79 72 41 53 63 83 14 79 72 41

27 23 19 20 50 80 13 27 23 19 20 50 80 13
27 23 19 20 50 80 13 27 23 5 23 19 20 50 80 13
27 23 19 20 50 80 13 27 23 19 5 23 19 20 50 80 13
27 23 19 20 50 80 13 27 23 19 5 19 20 50 80 13
27 23 19 20 50 80 13 27 23 19 20 5 19 20 50 80 13
27 23 5 23 19 20 50 80 13 27 23 19 20 50 80 13
27 23 19 5 23 19 20 50 80 13 27 23 19 20 50 80 13
27 23 19 5 19 20 50 80 13 27 23 19 20 50 80 13
27 23 19 20 5 19 20 50 80 13 27 23 19 20 50 80 13

40 43 40 13 82 20 46 40 43 40 13 82 20 46
40 43 40 13 82 20 46 40 43 9 43 40 13 82 20 46
40 43 40 13 82 20 46 40 43 40 9 43 40 13 82 20 46
40 43 40 13 82 20 46 40 43 40 9 40 13 82 20 46
40 43 40 13 82 20 46 40 43 40 13 9 40 13 82 20 46
40 43 9 43 40 13 82 20 46 40 43 40 13 82 20 46
40 43 40 9 43 40 13 82 20 46 40 43 40 13 82 20 46
40 43 40 9 40 13 82 20 46 40 43 40 13 82 20 46
40 43 40 13 9 40 13 82 20 46 40 43 40 13 82 20 46

50 17 78 20 18 70 72 50 17 78 20 18 70 72
50 17 78 20 18 70 72 50 17 20 17 78 20 18 70 72
50 17 78 20 18 70 72 50 17 78 20 17 78 20 18 70 72
50 17 78 20 18 70 72 50 17 78 20 78 20 18 70 72
50 17 78 20 18 70 72 50 17 78 20 20 78 20 18 70 72
50 17 20 17 78 20 18 70 72 50 17 78 20 18 70 72
50 17 78 20 17 78 20 18 70 72 50 17 78 20 18 70 72
50 17 78 20 78 20 18 70 72 50 17 78 20 18 70 72
50 17 78 20 20 78 20 18 70 72 50 17 78 20 18 70 72

74 91 98 88 64 48 7 74 91 98 88 64 48 7
74 91 98 88 64 48 7 74 91 10 91 98 88 64 48 7
74 91 98 88 64 48 7 74 91 98 10 91 98 88 64 48 7
74 91 98 88 64 48 7 74 91 98 10 98 88 64 48 7
74 91 98 88 64 48 7 74 91 98 88 10 98 88 64 48 7
74 91 10 91 98 88 64 48 7 74 91 98 88 64 48 7
74 91 98 10 91 98 88 64 48 7 74 91 98 88 64 48 7
74 91 98 10 98 88 64 48 7 74 91 98 88 64 48 7
74 91 98 88 10 98 88 64 48 7 74 91 98 88 64 48 7

38 83 100 40 33 44 45 38 83 100 40 33 44 45
38 83 100 40 33 44 45 38 83 19 83 100 40 33 44 45
38 83 100 40 33 44 45 38 83 100 19 83 100 40 33 44 45
38 83 100 40 33 44 45 38 83 100 19 100 40 33 44 45
38 83 100 40 33 44 45 38 83 100 40 19 100 40 33 44 45
38 83 19 83 100 40 33 44 45 38 83 100 40 33 44 45
38 83 100 19 83 100 40 33 44 45 38 83 100 40 33 44 45
38 83 100 19 100 40 33 44 45 38 83 100 40 33 44 45
38 83 100 40 19 100 40 33 44 45 38 83 100 40 33 44 45

81 16 25 79 21 83 94 81 16 25 79 21 83 94
81 16 25 79 21 83 94 81 16 12 16 25 79 21 83 94
81 16 25 79 21 83 94 81 16 25 12 16 25 79 21 83 94
81 16 25 79 21 83 94 81 16 25 12 25 79 21 83 94
81 16 25 79 21 83 94 81 16 25 79 12 25 79 21 83 94
81 16 12 16 25 79 21 83 94 81 16 25 79 21 83 94
81 16 25 12 16 25 79 21 83 94 81 16 25 79 21 83 94
81 16 25 12 25 79 21 83 94 81 16 25 79 21 83 94
81 16 25 79 12 25 79 21 83 94 81 16 25 79 21 83 94

39 63 49 56 34 9 94 39 63 49 56 34 9 94
39 63 49 56 34 9 94 39 63 20 63 49 56 34 9 94
39 63 49 56 34 9 94 39 63 49 20 63 49 56 34 9 94
39 63 49 56 34 9 94 39 63 49 20 49 56 34 9 94
39 63 49 56 34 9 94 39 63 49 56 20 49 56 34 9 94
39 63 20 63 49 56 34 9 94 39 63 49 56 34 9 94
39 63 49 20 63 49 56 34 9 94 39 63 49 56 34 9 94
39 63 49 20 49 56 34 9 94 39 63 49 56 34 9 94
39 63 49 56 20 49 56 34 9 94 39 63 49 56 34 9 94

32 71 25 17 22 78 25 32 71 25 17 22 78 25
32 71 25 17 22 78 25 32 71 7 71 25 17 22 78 25
32 71 25 17 22 78 25 32 71 25 7 71 25 17 22 78 25
32 71 25 17 22 78 25 32 71 25 7 25 17 22 78 25
32 71 25 17 22 78 25 32 71 25 17 7 25 17 22 78 25
32 71 7 71 25 17 22 78 25 32 71 25 17 22 78 25
32 71 25 7 71 25 17 22 78 25 32 71 25 17 22 78 25
32 71 25 7 25 17 22 78 25 32 71 25 17 22 78 25
32 71 25 17 7 25 17 22 78 25 32 71 25 17 22 78 25

98 76 23 52 25 47 39 98 76 23 52 25 47 39
98 76 23 52 25 47 39 98 76 5 76 23 52 25 47 39
98 76 23 52 25 47 39 98 76 23 5 76 23 52 25 47 39
98 76 23 52 25 47 39 98 76 23 5 23 52 25 47 39
98 76 23 52 25 47 39 98 76 23 52 5 23 52 25 47 39
98 76 5 76 23 52 25 47 39 98 76 23 52 25 47 39
98 76 23 5 76 23 52 25 47 39 98 76 23 52 25 47 39
98 76 23 5 23 52 25 47 39 98 76 23 52 25 47 39
98 76 23 52 5 23 52 25 47 39 98 76 23 52 25 47 39

48 58 82 94 40 93 55 48 58 82 94 40 93 55
48 58 82 94 40 93 55 48 58 13 58 82 94 40 93 55
48 58 82 94 40 93 55 48 58 82 13 58 82 94 40 93 55
48 58 82 94 40 93 55 48 58 82 13 82 94 40 93 55
48 58 82 94 40 93 55 48 58 82 94 13 82 94 40 93 55
48 58 13 58 82 94 40 93 55 48 58 82 94 40 93 55
48 58 82 13 58 82 94 40 93 55 48 58 82 94 40 93 55
48 58 82 13 82 94 40 93 55 48 58 82 94 40 93 55
48 58 82 94 13 82 94 40 93 55 48 58 82 94 40 93 55

32 39 92 79 15 16 54 32 39 92 79 15 16 54
32 39 92 79 15 16 54 32 39 15 39 92 79 15 16 54
32 39 92 79 15 16 54 32 39 92 15 39 92 79 15 16 54
32 39 92 79 15 16 54 32 39 92 15 92 79 15 16 54
32 39 92 79 15 16 54 32 39 92 79 15 92 79 15 16 54
32 39 15 39 92 79 15 16 54 32 39 92 79 15 16 54
32 39 92 15 39 92 79 15 16 54 32 39 92 79 15 16 54
32 39 92 15 92 79 15 16 54 32 39 92 79 15 16 54
32 39 92 79 15 92 79 15 16 54 32 39 92 79 15 16 54

74 7 74 7 45 36 86 74 7 74 7 45 36 86
74 7 74 7 45 36 86 74 7 11 7 74 7 45 36 86
74 7 74 7 45 36 86 74 7 74 11 7 74 7 45 36 86
74 7 74 7 45 36 86 74 7 74 11 74 7 45 36 86
74 7 74 7 45 36 86 74 7 74 7 11 74 7 45 36 86
74 7 11 7 74 7 45 36 86 74 7 74 7 45 36 86
74 7 74 11 7 74 7 45 36 86 74 7 74 7 45 36 86
74 7 74 11 74 7 45 36 86 74 7 74 7 45 36 86
74 7 74 7 11 74 7 45 36 86 74 7 74 7 45 36 86

58 67 23 77 38 58 10 58 67 23 77 38 58 10
58 67 23 77 38 58 10 58 67 10 67 23 77 38 58 10
58 67 23 77 38 58 10 58 67 23 10 67 23 77 38 58 10
58 67 23 77 38 58 10 58 67 23 10 23 77 38 58 10
58 67 23 77 38 58 10 58 67 23 77 10 23 77 38 58 10
58 67 10 67 23 77 38 58 10 58 67 23 77 38 58 10
58 67 23 10 67 23 77 38 58 10 58 67 23 77 38 58 10
58 67 23 10 23 77 38 58 10 58 67 23 77 38 58 10
58 67 23 77 10 23 77 38 58 10 58 67 23 77 38 58 10

32 64 61 6 94 70 9 32 64 61 6 94 70 9
32 64 61 6 94 70 9 32 64 10 64 61 6 94 70 9
32 64 61 6 94 70 9 32 64 61 10 64 61 6 94 70 9
32 64 61 6 94 70 9 32 64 61 10 61 6 94 70 9
32 64 61 6 94 70 9 32 64 61 6 10 61 6 94 70 9
32 64 10 64 61 6 94 70 9 32 64 61 6 94 70 9
32 64 61 10 64 61 6 94 70 9 32 64 61 6 94 70 9
32 64 61 10 61 6 94 70 9 32 64 61 6 94 70 9
32 64 61 6 10 61 6 94 70 9 32 64 61 6 94 70 9

55 6 19 70 93 33 93 55 6 19 70 93 33 93
55 6 19 70 93 33 93 55 6 6 6 19 70 93 33 93
55 6 19 70 93 33 93 55 6 19 6 6 19 70 93 33 93
55 6 19 70 93 33 93 55 6 19 6 19 70 93 33 93
55 6 19 70 93 33 93 55 6 19 70 6 19 70 93 33 93
55 6 6 6 19 70 93 33 93 55 6 19 70 93 33 93
55 6 19 6 6 19 70 93 33 93 55 6 19 70 93 33 93
55 6 19 6 19 70 93 33 93 55 6 19 70 93 33 93
55 6 19 70 6 19 70 93 33 93 55 6 19 70 93 33 93

51 81 85 43 15 97 13 51 81 85 43 15 97 13
51 81 85 43 15 97 13 51 81 20 81 85 43 15 97 13
51 81 85 43 15 97 13 51 81 85 20 81 85 43 15 97 13
51 81 85 43 15 97 13 51 81 85 20 85 43 15 97 13
51 81 85 43 15 97 13 51 81 85 43 20 85 43 15 97 13
51 81 20 81 85 43 15 97 13 51 81 85 43 15 97 13
51 81 85 20 81 85 43 15 97 13 51 81 85 43 15 97 13
51 81 85 20 85 43 15 97 13 51 81 85 43 15 97 13
51 81 85 43 20 85 43 15 97 13 51 81 85 43 15 97 13

22 51 71 67 7 57 24 22 51 71 67 7 57 24
22 51 71 67 7 57 24 22 51 8 51 71 67 7 57 24
22 51 71 67 7 57 24 22 51 71 8 51 71 67 7 57 24
22 51 71 67 7 57 24 22 51 71 8 71 67 7 57 24
22 51 71 67 7 57 24 22 51 71 67 8 71 67 7 57 24
22 51 8 51 71 67 7 57 24 22 51 71 67 7 57 24
22 51 71 8 51 71 67 7 57 24 22 51 71 67 7 57 24
22 51 71 8 71 67 7 57 24 22 51 71 67 7 57 24
22 51 71 67 8 71 67 7 57 24 22 51 71 67 7 57 24

11 70 56 39 67 17 88 11 70 56 39 67 17 88
11 70 56 39 67 17 88 11 70 9 70 56 39 67 17 88
11 70 56 39 67 17 88 11 70 56 9 70 56 39 67 17 88
11 70 56 39 67 17 88 11 70 56 9 56 39 67 17 88
11 70 56 39 67 17 88 11 70 56 39 9 56 39 67 17 88
11 70 9 70 56 39 67 17 88 11 70 56 39 67 17 88
11 70 56 9 70 56 39 67 17 88 11 70 56 39 67 17 88
11 70 56 9 56 39 67 17 88 11 70 56 39 67 17 88
11 70 56 39 9 56 39 67 17 88 11 70 56 39 67 17 88

13 56 41 31 82 63 50 13 56 41 31 82 63 50
13 56 41 31 82 63 50 13 56 20 56 41 31 82 63 50
13 56 41 31 82 63 50 13 56 41 20 56 41 31 82 63 50
13 56 41 31 82 63 50 13 56 41 20 41 31 82 63 50
13 56 41 31 82 63 50 13 56 41 31 20 41 31 82 63 50
13 56 20 56 41 31 82 63 50 13 56 41 31 82 63 50
13 56 41 20 56 41 31 82 63 50 13 56 41 31 82 63 50
13 56 41 20 41 31 82 63 50 13 56 41 31 82 63 50
13 56 41 31 20 41 31 82 63 50 13 56 41 31 82 63 50

14 45 66 24 21 26 40 14 45 66 24 21 26 40
14 45 66 24 21 26 40 14 45 10 45 66 24 21 26 40
14 45 66 24 21 26 40 14 45 66 10 45 66 24 21 26 40
14 45 66 24 21 26 40 14 45 66 10 66 24 21 26 40
14 45 66 24 21 26 40 14 45 66 24 10 66 24 21 26 40
14 45 10 45 66 24 21 26 40 14 45 66 24 21 26 40
14 45 66 10 45 66 24 21 26 40 14 45 66 24 21 26 40
14 45 66 10 66 24 21 26 40 14 45 66 24 21 26 40
14 45 66 24 10 66 24 21 26 40 14 45 66 24 21 26 40

98 12 12 28 78 67 5 98 12 12 28 78 67 5
98 12 12 28 78 67 5 98 12 9 12 12 28 78 67 5
98 12 12 28 78 67 5 98 12 12 9 12 12 28 78 67 5
98 12 12 28 78 67 5 98 12 12 9 12 28 78 67 5
98 12 12 28 78 67 5 98 12 12 28 9 12 28 78 67 5
98 12 9 12 12 28 78 67 5 98 12 12 28 78 67 5
98 12 12 9 12 12 28 78 67 5 98 12 12 28 78 67 5
98 12 12 9 12 28 78 67 5 98 12 12 28 78 67 5
98 12 12 28 9 12 28 78 67 5 98 12 12 28 78 67 5

33 5 97 20 91 90 5 33 5 97 20 91 90 5
33 5 97 20 91 90 5 33 5 5 5 97 20 91 90 5
33 5 97 20 91 90 5 33 5 97 5 5 97 20 91 90 5
33 5 97 20 91 90 5 33 5 97 5 97 20 91 90 5
33 5 97 20 91 90 5 33 5 97 20 5 97 20 91 90 5
33 5 5 5 97 20 91 90 5 33 5 97 20 91 90 5
33 5 97 5 5 97 20 91 90 5 33 5 97 20 91 90 5
33 5 97 5 97 20 91 90 5 33 5 97 20 91 90 5
33 5 97 20 5 97 20 91 90 5 33 5 97 20 91 90 5

35 43 56 52 69 12 62 35 43 56 52 69 12 62
35 43 56 52 69 12 62 35 43 12 43 56 52 69 12 62
35 43 56 52 69 12 62 35 43 56 12 43 56 52 69 12 62
35 43 56 52 69 12 62 35 43 56 12 56 52 69 12 62
35 43 56 52 69 12 62 35 43 56 52 12 56 52 69 12 62
35 43 12 43 56 52 69 12 62 35 43 56 52 69 12 62
35 43 56 12 43 56 52 69 12 62 35 43 56 52 69 12 62
35 43 56 12 56 52 69 12 62 35 43 56 52 69 12 62
35 43 56 52 12 56 52 69 12 62 35 43 56 52 69 12 62

76 89 76 98 74 97 79 76 89 76 98 74 97 79
76 89 76 98 74 97 79 76 89 12 89 76 98 74 97 79
76 89 76 98 74 97 79 76 89 76 12 89 76 98 74 97 79
76 89 76 98 74 97 79 76 89 76 12 76 98 74 97 79
76 89 76 98 74 97 79 76 89 76 98 12 76 98 74 97 79
76 89 12 89 76 98 74 97 79 76 89 76 98 74 97 79
76 89 76 12 89 76 98 74 97 79 76 89 76 98 74 97 79
76 89 76 12 76 98 74 97 79 76 89 76 98 74 97 79
76 89 76 98 12 76 98 74 97 79 76 89 76 98 74 97 79

73 68 87 44 62 85 83 73 68 87 44 62 85 83
73 68 87 44 62 85 83 73 68 6 68 87 44 62 85 83
73 68 87 44 62 85 83 73 68 87 6 68 87 44 62 85 83
73 68 87 44 62 85 83 73 68 87 6 87 44 62 85 83
73 68 87 44 62 85 83 73 68 87 44 6 87 44 62 85 83
73 68 6 68 87 44 62 85 83 73 68 87 44 62 85 83
73 68 87 6 68 87 44 62 85 83 73 68 87 44 62 85 83
73 68 87 6 87 44 62 85 83 73 68 87 44 62 85 83
73 68 87 44 6 87 44 62 85 83 73 68 87 44 62 85 83

60 13 55 55 11 31 67 60 13 55 55 11 31 67
60 13 55 55 11 31 67 60 13 12 13 55 55 11 31 67
60 13 55 55 11 31 67 60 13 55 12 13 55 55 11 31 67
60 13 55 55 11 31 67 60 13 55 12 55 55 11 31 67
60 13 55 55 11 31 67 60 13 55 55 12 55 55 11 31 67
60 13 12 13 55 55 11 31 67 60 13 55 55 11 31 67
60 13 55 12 13 55 55 11 31 67 60 13 55 55 11 31 67
60 13 55 12 55 55 11 31 67 60 13 55 55 11 31 67
60 13 55 55 12 55 55 11 31 67 60 13 55 55 11 31 67

38 7 43 50 58 95 33 38 7 43 50 58 95 33
38 7 43 50 58 95 33 38 7 8 7 43 50 58 95 33
38 7 43 50 58 95 33 38 7 43 8 7 43 50 58 95 33
38 7 43 50 58 95 33 38 7 43 8 43 50 58 95 33
38 7 43 50 58 95 33 38 7 43 50 8 43 50 58 95 33
38 7 8 7 43 50 58 95 33 38 7 43 50 58 95 33
38 7 43 8 7 43 50 58 95 33 38 7 43 50 58 95 33
38 7 43 8 43 50 58 95 33 38 7 43 50 58 95 33
38 7 43 50 8 43 50 58 95 33 38 7 43 50 58 95 33

38 93 68 93 55 46 85 38 93 68 93 55 46 85
38 93 68 93 55 46 85 38 93 20 93 68 93 55 46 85
38 93 68 93 55 46 85 38 93 68 20 93 68 93 55 46 85
38 93 68 93 55 46 85 38 93 68 20 68 93 55 46 85
38 93 68 93 55 46 85 38 93 68 93 20 68 93 55 46 85
38 93 20 93 68 93 55 46 85 38 93 68 93 55 46 85
38 93 68 20 93 68 93 55 46 85 38 93 68 93 55 46 85
38 93 68 20 68 93 55 46 85 38 93 68 93 55 46 85
38 93 68 93 20 68 93 55 46 85 38 93 68 93 55 46 85

27 59 25 24 25 46 42 27 59 25 24 25 46 42
27 59 25 24 25 46 42 27 59 17 59 25 24 25 46 42
27 59 25 24 25 46 42 27 59 25 17 59 25 24 25 46 42
27 59 25 24 25 46 42 27 59 25 17 25 24 25 46 42
27 59 25 24 25 46 42 27 59 25 24 17 25 24 25 46 42
27 59 17 59 25 24 25 46 42 27 59 25 24 25 46 42
27 59 25 17 59 25 24 25 46 42 27 59 25 24 25 46 42
27 59 25 17 25 24 25 46 42 27 59 25 24 25 46 42
27 59 25 24 17 25 24 25 46 42 27 59 25 24 25 46 42

76 69 78 59 48 48 31 76 69 78 59 48 48 31
76 69 78 59 48 48 31 76 69 6 69 78 59 48 48 31
76 69 78 59 48 48 31 76 69 78 6 69 78 59 48 48 31
76 69 78 59 48 48 31 76 69 78 6 78 59 48 48 31
76 69 78 59 48 48 31 76 69 78 59 6 78 59 48 48 31
76 69 6 69 78 59 48 48 31 76 69 78 59 48 48 31
76 69 78 6 69 78 59 48 48 31 76 69 78 59 48 48 31
76 69 78 6 78 59 48 48 31 76 69 78 59 48 48 31
76 69 78 59 6 78 59 48 48 31 76 69 78 59 48 48 31

17 47 69 29 79 54 73 17 47 69 29 79 54 73
17 47 69 29 79 54 73 17 47 16 47 69 29 79 54 73
17 47 69 29 79 54 73 17 47 69 16 47 69 29 79 54 73
17 47 69 29 79 54 73 17 47 69 16 69 29 79 54 73
17 47 69 29 79 54 73 17 47 69 29 16 69 29 79 54 73
17 47 16 47 69 29 79 54 73 17 47 69 29 79 54 73
17 47 69 16 47 69 29 79 54 73 17 47 69 29 79 54 73
17 47 69 16 69 29 79 54 73 17 47 69 29 79 54 73
17 47 69 29 16 69 29 79 54 73 17 47 69 29 79 54 73

66 53 58 72 28 47 78 66 53 58 72 28 47 78
66 53 58 72 28 47 78 66 53 9 53 58 72 28 47 78
66 53 58 72 28 47 78 66 53 58 9 53 58 72 28 47 78
66 53 58 72 28 47 78 66 53 58 9 58 72 28 47 78
66 53 58 72 28 47 78 66 53 58 72 9 58 72 28 47 78
66 53 9 53 58 72 28 47 78 66 53 58 72 28 47 78
66 53 58 9 53 58 72 28 47 78 66 53 58 72 28 47 78
66 53 58 9 58 72 28 47 78 66 53 58 72 28 47 78
66 53 58 72 9 58 72 28 47 78 66 53 58 72 28 47 78

42 6 24 95 68 19 34 42 6 24 95 68 19 34
42 6 24 95 68 19 34 42 6 12 6 24 95 68 19 34
42 6 24 95 68 19 34 42 6 24 12 6 24 95 68 19 34
42 6 24 95 68 19 34 42 6 24 12 24 95 68 19 34
42 6 24 95 68 19 34 42 6 24 95 12 24 95 68 19 34
42 6 12 6 24 95 68 19 34 42 6 24 95 68 19 34
42 6 24 12 6 24 95 68 19 34 42 6 24 95 68 19 34
42 6 24 12 24 95 68 19 34 42 6 24 95 68 19 34
42 6 24 95 12 24 95 68 19 34 42 6 24 95 68 19 34

29 82 97 48 30 47 90 29 82 97 48 30 47 90
29 82 97 48 30 47 90 29 82 9 82 97 48 30 47 90
29 82 97 48 30 47 90 29 82 97 9 82 97 48 30 47 90
29 82 97 48 30 47 90 29 82 97 9 97 48 30 47 90
29 82 97 48 30 47 90 29 82 97 48 9 97 48 30 47 90
29 82 9 82 97 48 30 47 90 29 82 97 48 30 47 90
29 82 97 9 82 97 48 30 47 90 29 82 97 48 30 47 90
29 82 97 9 97 48 30 47 90 29 82 97 48 30 47 90
29 82 97 48 9 97 48 30 47 90 29 82 97 48 30 47 90

90 57 45 76 39 31 76 90 57 45 76 39 31 76
90 57 45 76 39 31 76 90 57 11 57 45 76 39 31 76
90 57 45 76 39 31 76 90 57 45 11 57 45 76 39 31 76
90 57 45 76 39 31 76 90 57 45 11 45 76 39 31 76
90 57 45 76 39 31 76 90 57 45 76 11 45 76 39 31 76
90 57 11 57 45 76 39 31 76 90 57 45 76 39 31 76
90 57 45 11 57 45 76 39 31 76 90 57 45 76 39 31 76
90 57 45 11 45 76 39 31 76 90 57 45 76 39 31 76
90 57 45 76 11 45 76 39 31 76 90 57 45 76 39 31 76

90 89 25 96 48 88 56 90 89 25 96 48 88 56
90 89 25 96 48 88 56 90 89 7 89 25 96 48 88 56
90 89 25 96 48 88 56 90 89 25 7 89 25 96 48 88 56
90 89 25 96 48 88 56 90 89 25 7 25 96 48 88 56
90 89 25 96 48 88 56 90 89 25 96 7 25 96 48 88 56
90 89 7 89 25 96 48 88 56 90 89 25 96 48 88 56
90 89 25 7 89 25 96 48 88 56 90 89 25 96 48 88 56
90 89 25 7 25 96 48 88 56 90 89 25 96 48 88 56
90 89 25 96 7 25 96 48 88 56 90 89 25 96 48 88 56

29 85 100 81 57 30 32 29 85 100 81 57 30 32
29 85 100 81 57 30 32 29 85 16 85 100 81 57 30 32
29 85 100 81 57 30 32 29 85 100 16 85 100 81 57 30 32
29 85 100 81 57 30 32 29 85 100 16 100 81 57 30 32
29 85 100 81 57 30 32 29 85 100 81 16 100 81 57 30 32
29 85 16 85 100 81 57 30 32 29 85 100 81 57 30 32
29 85 100 16 85 100 81 57 30 32 29 85 100 81 57 30 32
29 85 100 16 100 81 57 30 32 29 85 100 81 57 30 32
29 85 100 81 16 100 81 57 30 32 29 85 100 81 57 30 32

65 90 12 63 17 35 74 65 90 12 63 17 35 74
65 90 12 63 17 35 74 65 90 9 90 12 63 17 35 74
65 90 12 63 17 35 74 65 90 12 9 90 12 63 17 35 74
65 90 12 63 17 35 74 65 90 12 9 12 63 17 35 74
65 90 12 63 17 35 74 65 90 12 63 9 12 63 17 35 74
65 90 9 90 12 63 17 35 74 65 90 12 63 17 35 74
65 90 12 9 90 12 63 17 35 74 65 90 12 63 17 35 74
65 90 12 9 12 63 17 35 74 65 90 12 63 17 35 74
65 90 12 63 9 12 63 17 35 74 65 90 12 63 17 35 74

20 64 20 33 98 79 61 20 64 20 33 98 79 61
20 64 20 33 98 79 61 20 64 20 64 20 33 98 79 61
20 64 20 33 98 79 61 20 64 20 20 64 20 33 98 79 61
20 64 20 33 98 79 61 20 64 20 20 20 33 98 79 61
20 64 20 33 98 79 61 20 64 20 33 20 20 33 98 79 61
20 64 20 64 20 33 98 79 61 20 64 20 33 98 79 61
20 64 20 20 64 20 33 98 79 61 20 64 20 33 98 79 61
20 64 20 20 20 33 98 79 61 20 64 20 33 98 79 61
20 64 20 33 20 20 33 98 79 61 20 64 20 33 98 79 61

25 69 56 89 64 11 72 25 69 56 89 64 11 72
25 69 56 89 64 11 72 25 69 6 69 56 89 64 11 72
25 69 56 89 64 11 72 25 69 56 6 69 56 89 64 11 72
25 69 56 89 64 11 72 25 69 56 6 56 89 64 11 72
25 69 56 89 64 11 72 25 69 56 89 6 56 89 64 11 72
25 69 6 69 56 89 64 11 72 25 69 56 89 64 11 72
25 69 56 6 69 56 89 64 11 72 25 69 56 89 64 11 72
25 69 56 6 56 89 64 11 72 25 69 56 89 64 11 72
25 69 56 89 6 56 89 64 11 72 25 69 56 89 64 11 72

62 98 72 61 82 29 73 62 98 72 61 82 29 73
62 98 72 61 82 29 73 62 98 19 98 72 61 82 29 73
62 98 72 61 82 29 73 62 98 72 19 98 72 61 82 29 73
62 98 72 61 82 29 73 62 98 72 19 72 61 82 29 73
62 98 72 61 82 29 73 62 98 72 61 19 72 61 82 29 73
62 98 19 98 72 61 82 29 73 62 98 72 61 82 29 73
62 98 72 19 98 72 61 82 29 73 62 98 72 61 82 29 73
62 98 72 19 72 61 82 29 73 62 98 72 61 82 29 73
62 98 72 61 19 72 61 82 29 73 62 98 72 61 82 29 73

8 70 33 100 40 99 12 8 70 33 100 40 99 12
8 70 33 100 40 99 12 8 70 16 70 33 100 40 99 12
8 70 33 100 40 99 12 8 70 33 16 70 33 100 40 99 12
8 70 33 100 40 99 12 8 70 33 16 33 100 40 99 12
8 70 33 100 40 99 12 8 70 33 100 16 33 100 40 99 12
8 70 16 70 33 100 40 99 12 8 70 33 100 40 99 12
8 70 33 16 70 33 100 40 99 12 8 70 33 100 40 99 12
8 70 33 16 33 100 40 99 12 8 70 33 100 40 99 12
8 70 33 100 16 33 100 40 99 12 8 70 33 100 40 99 12

65 36 71 23 54 22 73 65 36 71 23 54 22 73
65 36 71 23 54 22 73 65 36 15 36 71 23 54 22 73
65 36 71 23 54 22 73 65 36 71 15 36 71 23 54 22 73
65 36 71 23 54 22 73 65 36 71 15 71 23 54 22 73
65 36 71 23 54 22 73 65 36 71 23 15 71 23 54 22 73
65 36 15 36 71 23 54 22 73 65 36 71 23 54 22 73
65 36 71 15 36 71 23 54 22 73 65 36 71 23 54 22 73
65 36 71 15 71 23 54 22 73 65 36 71 23 54 22 73
65 36 71 23 15 71 23 54 22 73 65 36 71 23 54 22 73

77 86 12 80 35 50 88 77 86 12 80 35 50 88
77 86 12 80 35 50 88 77 86 16 86 12 80 35 50 88
77 86 12 80 35 50 88 77 86 12 16 86 12 80 35 50 88
77 86 12 80 35 50 88 77 86 12 16 12 80 35 50 88
77 86 12 80 35 50 88 77 86 12 80 16 12 80 35 50 88
77 86 16 86 12 80 35 50 88 77 86 12 80 35 50 88
77 86 12 16 86 12 80 35 50 88 77 86 12 80 35 50 88
77 86 12 16 12 80 35 50 88 77 86 12 80 35 50 88
77 86 12 80 16 12 80 35 50 88 77 86 12 80 35 50 88

91 21 100 85 11 63 76 91 21 100 85 11 63 76
91 21 100 85 11 63 76 91 21 9 21 100 85 11 63 76
91 21 100 85 11 63 76 91 21 100 9 21 100 85 11 63 76
91 21 100 85 11 63 76 91 21 100 9 100 85 11 63 76
91 21 100 85 11 63 76 91 21 100 85 9 100 85 11 63 76
91 21 9 21 100 85 11 63 76 91 21 100 85 11 63 76
91 21 100 9 21 100 85 11 63 76 91 21 100 85 11 63 76
91 21 100 9 100 85 11 63 76 91 21 100 85 11 63 76
91 21 100 85 9 100 85 11 63 76 91 21 100 85 11 63 76

93 80 52 80 89 16 95 93 80 52 80 89 16 95
93 80 52 80 89 16 95 93 80 14 80 52 80 89 16 95
93 80 52 80 89 16 95 93 80 52 14 80 52 80 89 16 95
93 80 52 80 89 16 95 93 80 52 14 52 80 89 16 95
93 80 52 80 89 16 95 93 80 52 80 14 52 80 89 16 95
93 80 14 80 52 80 89 16 95 93 80 52 80 89 16 95
93 80 52 14 80 52 80 89 16 95 93 80 52 80 89 16 95
93 80 52 14 52 80 89 16 95 93 80 52 80 89 16 95
93 80 52 80 14 52 80 89 16 95 93 80 52 80 89 16 95

94 70 75 72 33 55 94 94 70 75 72 33 55 94
94 70 75 72 33 55 94 94 70 14 70 75 72 33 55 94
94 70 75 72 33 55 94 94 70 75 14 70 75 72 33 55 94
94 70 75 72 33 55 94 94 70 75 14 75 72 33 55 94
94 70 75 72 33 55 94 94 70 75 72 14 75 72 33 55 94
94 70 14 70 75 72 33 55 94 94 70 75 72 33 55 94
94 70 75 14 70 75 72 33 55 94 94 70 75 72 33 55 94
94 70 75 14 75 72 33 55 94 94 70 75 72 33 55 94
94 70 75 72 14 75 72 33 55 94 94 70 75 72 33 55 94

92 8 33 85 87 45 66 92 8 33 85 87 45 66
92 8 33 85 87 45 66 92 8 7 8 33 85 87 45 66
92 8 33 85 87 45 66 92 8 33 7 8 33 85 87 45 66
92 8 33 85 87 45 66 92 8 33 7 33 85 87 45 66
92 8 33 85 87 45 66 92 8 33 85 7 33 85 87 45 66
92 8 7 8 33 85 87 45 66 92 8 33 85 87 45 66
92 8 33 7 8 33 85 87 45 66 92 8 33 85 87 45 66
92 8 33 7 33 85 87 45 66 92 8 33 85 87 45 66
92 8 33 85 7 33 85 87 45 66 92 8 33 85 87 45 66

62 65 77 75 77 78 44 62 65 77 75 77 78 44
62 65 77 75 77 78 44 62 65 7 65 77 75 77 78 44
62 65 77 75 77 78 44 62 65 77 7 65 77 75 77 78 44
62 65 77 75 77 78 44 62 65 77 7 77 75 77 78 44
62 65 77 75 77 78 44 62 65 77 75 7 77 75 77 78 44
62 65 7 65 77 75 77 78 44 62 65 77 75 77 78 44
62 65 77 7 65 77 75 77 78 44 62 65 77 75 77 78 44
62 65 77 7 77 75 77 78 44 62 65 77 75 77 78 44
62 65 77 75 7 77 75 77 78 44 62 65 77 75 77 78 44

55 32 18 38 35 94 76 55 32 18 38 35 94 76
55 32 18 38 35 94 76 55 32 18 32 18 38 35 94 76
55 32 18 38 35 94 76 55 32 18 18 32 18 38 35 94 76
55 32 18 38 35 94 76 55 32 18 18 18 38 35 94 76
55 32 18 38 35 94 76 55 32 18 38 18 18 38 35 94 76
55 32 18 32 18 38 35 94 76 55 32 18 38 35 94 76
55 32 18 18 32 18 38 35 94 76 55 32 18 38 35 94 76
55 32 18 18 18 38 35 94 76 55 32 18 38 35 94 76
55 32 18 38 18 18 38 35 94 76 55 32 18 38 35 94 76

