200
7
2
2

9
29
21
25
25
3
30
20
18
20
10
7
22
10
7
2
13
1
27
16
14
9
21
26
19
1
15
29
18
22
18
29
18
8
28
19
15
29
16
21
21
11
18
10
5
20
29
17
26
9
1
13
7
19
2
6
5
8
23
17
12
0
14
28
23
13
13
6
7
18
29
26
15
18
9
27
0
11
27
7
23
13
29
4
19
15
6
7
30
23
29
19
15
27
9
2
27
16
24
22
26
2
2
12
19
30
1
0
30
29
5
16
24
29
19
10
22
8
8
26
1
14
29
12
16
18
19
28
12
22
26
0
29
1
14
28
5
10
1
26
2
8
14
9
13
17
7
23
27
15
19
25
9
22
5
20
10
9
5
13
23
11
28
9
18
15
28
24
30
8
10
23
7
5
13
1
17
4
24
20
18
9
3
4
30
10
9
10
25
12
25
18
16
0
22
11
7
19
11
28

50 71 
90 31 
107 48 
92 54 
98 26 
89 94 
93 32 
73 91 
94 22 
93 93 
84 80 
25 42 
89 65 
81 95 
83 24 
86 111 
49 39 
56 23 
116 99 
26 66 
87 21 
102 85 
15 11 
113 78 
34 76 
109 20 
51 68 
48 70 
105 23 
29 82 
43 91 
26 39 
111 22 
37 107 
43 16 
54 26 
85 14 
23 34 
103 63 
65 91 
100 40 
87 38 
91 85 
87 110 
37 33 
15 46 
39 110 
59 106 
57 46 
56 20 
84 67 
35 57 
56 37 
96 54 
13 61 
98 26 
40 64 
55 23 
26 77 
49 45 
67 24 
80 80 
71 17 
71 39 
91 49 
52 51 
58 95 
80 101 
51 94 
50 83 
31 72 
47 107 
35 87 
93 25 
73 97 
49 59 
68 102 
24 100 
107 85 
79 50 
27 70 
40 107 
93 18 
36 56 
52 72 
24 93 
75 50 
85 77 
53 89 
106 37 
21 88 
55 46 
25 45 
58 64 
51 34 
20 28 
84 37 
44 59 
30 109 
56 96 
96 34 
65 117 
90 99 
68 48 
98 62 
98 107 
72 78 
67 92 
89 75 
44 35 
17 57 
38 63 
82 62 
24 37 
93 48 
81 66 
104 13 
16 38 
58 107 
93 47 
93 33 
87 27 
59 87 
64 19 
71 103 
109 85 
108 103 
84 98 
92 81 
45 48 
105 72 
41 54 
47 37 
104 89 
101 20 
41 92 
104 28 
46 33 
77 55 
46 86 
62 56 
107 102 
63 56 
76 44 
91 28 
63 44 
32 63 
69 68 
105 106 
97 56 
27 33 
19 33 
109 26 
91 97 
60 29 
105 43 
116 38 
102 95 
76 28 
74 38 
48 89 
48 35 
97 34 
98 14 
97 17 
98 62 
61 31 
98 92 
72 48 
35 29 
105 50 
24 90 
68 59 
69 96 
24 34 
57 74 
30 65 
48 49 
69 77 
52 86 
67 55 
115 28 
36 48 
53 93 
88 36 
62 105 
104 41 
62 65 
72 36 
43 54 
101 45 
89 79 
55 98 
55 26 
116 66 
40 48 
47 66 
37 21 
78 35 
97 81 

1523
1944
1894
2274
1915
2882
2131
1760
1729
1876
1670
1750
2118
1479
1684
2319
1796
1586
2794
1895
1861
1701
1298
2051
1631
1713
1690
1711
1137
1435
1990
1460
1879
1723
2206
1414
1398
1344
1642
1773
1578
1841
2244
1866
1153
1523
1983
2594
1321
893
1915
1405
1406
1363
1149
1968
1667
1735
1232
1597
1526
2304
1253
1974
1957
1734
2274
1815
2443
1723
2647
1808
1804
1738
2630
2336
2595
1993
1528
1447
1409
1755
1597
1735
2292
1788
1718
1821
1773
1656
1370
1397
1044
1660
1061
1592
1904
1873
2041
2516
2231
2266
2275
1572
1633
2392
1799
1640
1461
1409
1810
2045
2434
2030
2204
2271
2295
1026
1937
1880
2134
1991
2247
1545
2310
2702
1989
2526
1982
1472
1962
2409
1208
1609
2313
1972
1111
1820
2137
1485
1639
2254
1551
2313
1603
2047
1569
1583
2093
1806
1068
1394
1899
2133
1294
1742
1717
2735
2069
1400
2074
977
1896
1815
1474
2496
1995
2337
2120
1069
2302
1629
1985
2564
1460
2238
1259
2093
2434
2074
1299
1750
1505
2072
1570
1839
1846
2133
1725
1825
1509
1881
2253
1531
1640
1746
1352
1383
1758
1980

1 2 3 4 5 1 2 3 4 5 6 7
1 2 3 4 5 1 2 100 102 3 4 5 6 7
1 2 3 4 5 1 2 3 100 102 103 4 5 6 7
1 2 3 4 5 1 2 3 100 103 4 5 6 7
1 2 3 4 5 1 2 3 4 100 103 104 5 6 7
1 2 100 102 3 4 5 1 2 3 4 5 6 7
1 2 3 100 102 103 4 5 1 2 3 4 5 6 7
1 2 3 100 103 4 5 1 2 3 4 5 6 7
1 2 3 4 100 103 104 5 1 2 3 4 5 6 7

13 47 42 62 13 96 64 13 47 42 62 13 96 64
13 47 42 62 13 96 64 13 47 8 47 42 62 13 96 64
13 47 42 62 13 96 64 13 47 42 8 47 42 62 13 96 64
13 47 42 62 13 96 64 13 47 42 8 42 62 13 96 64
13 47 42 62 13 96 64 13 47 42 62 8 42 62 13 96 64
13 47 8 47 42 62 13 96 64 13 47 42 62 13 96 64
13 47 42 8 47 42 62 13 96 64 13 47 42 62 13 96 64
13 47 42 8 42 62 13 96 64 13 47 42 62 13 96 64
13 47 42 62 8 42 62 13 96 64 13 47 42 62 13 96 64

21 65 82 20 61 97 76 21 65 82 20 61 97 76
21 65 82 20 61 97 76 21 65 8 65 82 20 61 97 76
21 65 82 20 61 97 76 21 65 82 8 65 82 20 61 97 76
21 65 82 20 61 97 76 21 65 82 8 82 20 61 97 76
21 65 82 20 61 97 76 21 65 82 20 8 82 20 61 97 76
21 65 8 65 82 20 61 97 76 21 65 82 20 61 97 76
21 65 82 8 65 82 20 61 97 76 21 65 82 20 61 97 76
21 65 82 8 82 20 61 97 76 21 65 82 20 61 97 76
21 65 82 20 8 82 20 61 97 76 21 65 82 20 61 97 76

29 49 100 41 48 54 64 29 49 100 41 48 54 64
29 49 100 41 48 54 64 29 49 8 49 100 41 48 54 64
29 49 100 41 48 54 64 29 49 100 8 49 100 41 48 54 64
29 49 100 41 48 54 64 29 49 100 8 100 41 48 54 64
29 49 100 41 48 54 64 29 49 100 41 8 100 41 48 54 64
29 49 8 49 100 41 48 54 64 29 49 100 41 48 54 64
29 49 100 8 49 100 41 48 54 64 29 49 100 41 48 54 64
29 49 100 8 100 41 48 54 64 29 49 100 41 48 54 64
29 49 100 41 8 100 41 48 54 64 29 49 100 41 48 54 64

68 45 82 48 70 48 87 68 45 82 48 70 48 87
68 45 82 48 70 48 87 68 45 13 45 82 48 70 48 87
68 45 82 48 70 48 87 68 45 82 13 45 82 48 70 48 87
68 45 82 48 70 48 87 68 45 82 13 82 48 70 48 87
68 45 82 48 70 48 87 68 45 82 48 13 82 48 70 48 87
68 45 13 45 82 48 70 48 87 68 45 82 48 70 48 87
68 45 82 13 45 82 48 70 48 87 68 45 82 48 70 48 87
68 45 82 13 82 48 70 48 87 68 45 82 48 70 48 87
68 45 82 48 13 82 48 70 48 87 68 45 82 48 70 48 87

49 80 84 12 73 13 31 49 80 84 12 73 13 31
49 80 84 12 73 13 31 49 80 13 80 84 12 73 13 31
49 80 84 12 73 13 31 49 80 84 13 80 84 12 73 13 31
49 80 84 12 73 13 31 49 80 84 13 84 12 73 13 31
49 80 84 12 73 13 31 49 80 84 12 13 84 12 73 13 31
49 80 13 80 84 12 73 13 31 49 80 84 12 73 13 31
49 80 84 13 80 84 12 73 13 31 49 80 84 12 73 13 31
49 80 84 13 84 12 73 13 31 49 80 84 12 73 13 31
49 80 84 12 13 84 12 73 13 31 49 80 84 12 73 13 31

88 92 79 86 91 94 42 88 92 79 86 91 94 42
88 92 79 86 91 94 42 88 92 19 92 79 86 91 94 42
88 92 79 86 91 94 42 88 92 79 19 92 79 86 91 94 42
88 92 79 86 91 94 42 88 92 79 19 79 86 91 94 42
88 92 79 86 91 94 42 88 92 79 86 19 79 86 91 94 42
88 92 19 92 79 86 91 94 42 88 92 79 86 91 94 42
88 92 79 19 92 79 86 91 94 42 88 92 79 86 91 94 42
88 92 79 19 79 86 91 94 42 88 92 79 86 91 94 42
88 92 79 86 19 79 86 91 94 42 88 92 79 86 91 94 42

48 94 73 27 49 96 43 48 94 73 27 49 96 43
48 94 73 27 49 96 43 48 94 9 94 73 27 49 96 43
48 94 73 27 49 96 43 48 94 73 9 94 73 27 49 96 43
48 94 73 27 49 96 43 48 94 73 9 73 27 49 96 43
48 94 73 27 49 96 43 48 94 73 27 9 73 27 49 96 43
48 94 9 94 73 27 49 96 43 48 94 73 27 49 96 43
48 94 73 9 94 73 27 49 96 43 48 94 73 27 49 96 43
48 94 73 9 73 27 49 96 43 48 94 73 27 49 96 43
48 94 73 27 9 73 27 49 96 43 48 94 73 27 49 96 43

58 68 58 80 9 24 41 58 68 58 80 9 24 41
58 68 58 80 9 24 41 58 68 19 68 58 80 9 24 41
58 68 58 80 9 24 41 58 68 58 19 68 58 80 9 24 41
58 68 58 80 9 24 41 58 68 58 19 58 80 9 24 41
58 68 58 80 9 24 41 58 68 58 80 19 58 80 9 24 41
58 68 19 68 58 80 9 24 41 58 68 58 80 9 24 41
58 68 58 19 68 58 80 9 24 41 58 68 58 80 9 24 41
58 68 58 19 58 80 9 24 41 58 68 58 80 9 24 41
58 68 58 80 19 58 80 9 24 41 58 68 58 80 9 24 41

58 48 83 15 41 58 36 58 48 83 15 41 58 36
58 48 83 15 41 58 36 58 48 15 48 83 15 41 58 36
58 48 83 15 41 58 36 58 48 83 15 48 83 15 41 58 36
58 48 83 15 41 58 36 58 48 83 15 83 15 41 58 36
58 48 83 15 41 58 36 58 48 83 15 15 83 15 41 58 36
58 48 15 48 83 15 41 58 36 58 48 83 15 41 58 36
58 48 83 15 48 83 15 41 58 36 58 48 83 15 41 58 36
58 48 83 15 83 15 41 58 36 58 48 83 15 41 58 36
58 48 83 15 15 83 15 41 58 36 58 48 83 15 41 58 36

19 10 88 86 18 93 99 19 10 88 86 18 93 99
19 10 88 86 18 93 99 19 10 6 10 88 86 18 93 99
19 10 88 86 18 93 99 19 10 88 6 10 88 86 18 93 99
19 10 88 86 18 93 99 19 10 88 6 88 86 18 93 99
19 10 88 86 18 93 99 19 10 88 86 6 88 86 18 93 99
19 10 6 10 88 86 18 93 99 19 10 88 86 18 93 99
19 10 88 6 10 88 86 18 93 99 19 10 88 86 18 93 99
19 10 88 6 88 86 18 93 99 19 10 88 86 18 93 99
19 10 88 86 6 88 86 18 93 99 19 10 88 86 18 93 99

32 79 66 63 19 33 28 32 79 66 63 19 33 28
32 79 66 63 19 33 28 32 79 20 79 66 63 19 33 28
32 79 66 63 19 33 28 32 79 66 20 79 66 63 19 33 28
32 79 66 63 19 33 28 32 79 66 20 66 63 19 33 28
32 79 66 63 19 33 28 32 79 66 63 20 66 63 19 33 28
32 79 20 79 66 63 19 33 28 32 79 66 63 19 33 28
32 79 66 20 79 66 63 19 33 28 32 79 66 63 19 33 28
32 79 66 20 66 63 19 33 28 32 79 66 63 19 33 28
32 79 66 63 20 66 63 19 33 28 32 79 66 63 19 33 28

79 92 17 29 7 97 53 79 92 17 29 7 97 53
79 92 17 29 7 97 53 79 92 11 92 17 29 7 97 53
79 92 17 29 7 97 53 79 92 17 11 92 17 29 7 97 53
79 92 17 29 7 97 53 79 92 17 11 17 29 7 97 53
79 92 17 29 7 97 53 79 92 17 29 11 17 29 7 97 53
79 92 11 92 17 29 7 97 53 79 92 17 29 7 97 53
79 92 17 11 92 17 29 7 97 53 79 92 17 29 7 97 53
79 92 17 11 17 29 7 97 53 79 92 17 29 7 97 53
79 92 17 29 11 17 29 7 97 53 79 92 17 29 7 97 53

94 79 71 53 10 62 35 94 79 71 53 10 62 35
94 79 71 53 10 62 35 94 79 6 79 71 53 10 62 35
94 79 71 53 10 62 35 94 79 71 6 79 71 53 10 62 35
94 79 71 53 10 62 35 94 79 71 6 71 53 10 62 35
94 79 71 53 10 62 35 94 79 71 53 6 71 53 10 62 35
94 79 6 79 71 53 10 62 35 94 79 71 53 10 62 35
94 79 71 6 79 71 53 10 62 35 94 79 71 53 10 62 35
94 79 71 6 71 53 10 62 35 94 79 71 53 10 62 35
94 79 71 53 6 71 53 10 62 35 94 79 71 53 10 62 35

6 23 67 77 5 59 96 6 23 67 77 5 59 96
6 23 67 77 5 59 96 6 23 5 23 67 77 5 59 96
6 23 67 77 5 59 96 6 23 67 5 23 67 77 5 59 96
6 23 67 77 5 59 96 6 23 67 5 67 77 5 59 96
6 23 67 77 5 59 96 6 23 67 77 5 67 77 5 59 96
6 23 5 23 67 77 5 59 96 6 23 67 77 5 59 96
6 23 67 5 23 67 77 5 59 96 6 23 67 77 5 59 96
6 23 67 5 67 77 5 59 96 6 23 67 77 5 59 96
6 23 67 77 5 67 77 5 59 96 6 23 67 77 5 59 96

46 30 70 16 70 27 97 46 30 70 16 70 27 97
46 30 70 16 70 27 97 46 30 14 30 70 16 70 27 97
46 30 70 16 70 27 97 46 30 70 14 30 70 16 70 27 97
46 30 70 16 70 27 97 46 30 70 14 70 16 70 27 97
46 30 70 16 70 27 97 46 30 70 16 14 70 16 70 27 97
46 30 14 30 70 16 70 27 97 46 30 70 16 70 27 97
46 30 70 14 30 70 16 70 27 97 46 30 70 16 70 27 97
46 30 70 14 70 16 70 27 97 46 30 70 16 70 27 97
46 30 70 16 14 70 16 70 27 97 46 30 70 16 70 27 97

95 26 67 91 66 92 23 95 26 67 91 66 92 23
95 26 67 91 66 92 23 95 26 12 26 67 91 66 92 23
95 26 67 91 66 92 23 95 26 67 12 26 67 91 66 92 23
95 26 67 91 66 92 23 95 26 67 12 67 91 66 92 23
95 26 67 91 66 92 23 95 26 67 91 12 67 91 66 92 23
95 26 12 26 67 91 66 92 23 95 26 67 91 66 92 23
95 26 67 12 26 67 91 66 92 23 95 26 67 91 66 92 23
95 26 67 12 67 91 66 92 23 95 26 67 91 66 92 23
95 26 67 91 12 67 91 66 92 23 95 26 67 91 66 92 23

12 68 43 32 70 89 72 12 68 43 32 70 89 72
12 68 43 32 70 89 72 12 68 16 68 43 32 70 89 72
12 68 43 32 70 89 72 12 68 43 16 68 43 32 70 89 72
12 68 43 32 70 89 72 12 68 43 16 43 32 70 89 72
12 68 43 32 70 89 72 12 68 43 32 16 43 32 70 89 72
12 68 16 68 43 32 70 89 72 12 68 43 32 70 89 72
12 68 43 16 68 43 32 70 89 72 12 68 43 32 70 89 72
12 68 43 16 43 32 70 89 72 12 68 43 32 70 89 72
12 68 43 32 16 43 32 70 89 72 12 68 43 32 70 89 72

55 49 50 8 78 35 41 55 49 50 8 78 35 41
55 49 50 8 78 35 41 55 49 10 49 50 8 78 35 41
55 49 50 8 78 35 41 55 49 50 10 49 50 8 78 35 41
55 49 50 8 78 35 41 55 49 50 10 50 8 78 35 41
55 49 50 8 78 35 41 55 49 50 8 10 50 8 78 35 41
55 49 10 49 50 8 78 35 41 55 49 50 8 78 35 41
55 49 50 10 49 50 8 78 35 41 55 49 50 8 78 35 41
55 49 50 10 50 8 78 35 41 55 49 50 8 78 35 41
55 49 50 8 10 50 8 78 35 41 55 49 50 8 78 35 41

55 82 97 94 77 65 87 55 82 97 94 77 65 87
55 82 97 94 77 65 87 55 82 12 82 97 94 77 65 87
55 82 97 94 77 65 87 55 82 97 12 82 97 94 77 65 87
55 82 97 94 77 65 87 55 82 97 12 97 94 77 65 87
55 82 97 94 77 65 87 55 82 97 94 12 97 94 77 65 87
55 82 12 82 97 94 77 65 87 55 82 97 94 77 65 87
55 82 97 12 82 97 94 77 65 87 55 82 97 94 77 65 87
55 82 97 12 97 94 77 65 87 55 82 97 94 77 65 87
55 82 97 94 12 97 94 77 65 87 55 82 97 94 77 65 87

48 65 15 51 81 57 69 48 65 15 51 81 57 69
48 65 15 51 81 57 69 48 65 6 65 15 51 81 57 69
48 65 15 51 81 57 69 48 65 15 6 65 15 51 81 57 69
48 65 15 51 81 57 69 48 65 15 6 15 51 81 57 69
48 65 15 51 81 57 69 48 65 15 51 6 15 51 81 57 69
48 65 6 65 15 51 81 57 69 48 65 15 51 81 57 69
48 65 15 6 65 15 51 81 57 69 48 65 15 51 81 57 69
48 65 15 6 15 51 81 57 69 48 65 15 51 81 57 69
48 65 15 51 6 15 51 81 57 69 48 65 15 51 81 57 69

41 81 78 16 86 26 19 41 81 78 16 86 26 19
41 81 78 16 86 26 19 41 81 19 81 78 16 86 26 19
41 81 78 16 86 26 19 41 81 78 19 81 78 16 86 26 19
41 81 78 16 86 26 19 41 81 78 19 78 16 86 26 19
41 81 78 16 86 26 19 41 81 78 16 19 78 16 86 26 19
41 81 19 81 78 16 86 26 19 41 81 78 16 86 26 19
41 81 78 19 81 78 16 86 26 19 41 81 78 16 86 26 19
41 81 78 19 78 16 86 26 19 41 81 78 16 86 26 19
41 81 78 16 19 78 16 86 26 19 41 81 78 16 86 26 19

24 31 86 71 54 9 44 24 31 86 71 54 9 44
24 31 86 71 54 9 44 24 31 12 31 86 71 54 9 44
24 31 86 71 54 9 44 24 31 86 12 31 86 71 54 9 44
24 31 86 71 54 9 44 24 31 86 12 86 71 54 9 44
24 31 86 71 54 9 44 24 31 86 71 12 86 71 54 9 44
24 31 12 31 86 71 54 9 44 24 31 86 71 54 9 44
24 31 86 12 31 86 71 54 9 44 24 31 86 71 54 9 44
24 31 86 12 86 71 54 9 44 24 31 86 71 54 9 44
24 31 86 71 12 86 71 54 9 44 24 31 86 71 54 9 44

90 7 7 5 56 49 55 90 7 7 5 56 49 55
90 7 7 5 56 49 55 90 7 14 7 7 5 56 49 55
90 7 7 5 56 49 55 90 7 7 14 7 7 5 56 49 55
90 7 7 5 56 49 55 90 7 7 14 7 5 56 49 55
90 7 7 5 56 49 55 90 7 7 5 14 7 5 56 49 55
90 7 14 7 7 5 56 49 55 90 7 7 5 56 49 55
90 7 7 14 7 7 5 56 49 55 90 7 7 5 56 49 55
90 7 7 14 7 5 56 49 55 90 7 7 5 56 49 55
90 7 7 5 14 7 5 56 49 55 90 7 7 5 56 49 55

47 22 96 71 81 29 37 47 22 96 71 81 29 37
47 22 96 71 81 29 37 47 22 10 22 96 71 81 29 37
47 22 96 71 81 29 37 47 22 96 10 22 96 71 81 29 37
47 22 96 71 81 29 37 47 22 96 10 96 71 81 29 37
47 22 96 71 81 29 37 47 22 96 71 10 96 71 81 29 37
47 22 10 22 96 71 81 29 37 47 22 96 71 81 29 37
47 22 96 10 22 96 71 81 29 37 47 22 96 71 81 29 37
47 22 96 10 96 71 81 29 37 47 22 96 71 81 29 37
47 22 96 71 10 96 71 81 29 37 47 22 96 71 81 29 37

76 46 18 68 23 58 37 76 46 18 68 23 58 37
76 46 18 68 23 58 37 76 46 16 46 18 68 23 58 37
76 46 18 68 23 58 37 76 46 18 16 46 18 68 23 58 37
76 46 18 68 23 58 37 76 46 18 16 18 68 23 58 37
76 46 18 68 23 58 37 76 46 18 68 16 18 68 23 58 37
76 46 16 46 18 68 23 58 37 76 46 18 68 23 58 37
76 46 18 16 46 18 68 23 58 37 76 46 18 68 23 58 37
76 46 18 16 18 68 23 58 37 76 46 18 68 23 58 37
76 46 18 68 16 18 68 23 58 37 76 46 18 68 23 58 37

24 79 91 8 48 37 58 24 79 91 8 48 37 58
24 79 91 8 48 37 58 24 79 11 79 91 8 48 37 58
24 79 91 8 48 37 58 24 79 91 11 79 91 8 48 37 58
24 79 91 8 48 37 58 24 79 91 11 91 8 48 37 58
24 79 91 8 48 37 58 24 79 91 8 11 91 8 48 37 58
24 79 11 79 91 8 48 37 58 24 79 91 8 48 37 58
24 79 91 11 79 91 8 48 37 58 24 79 91 8 48 37 58
24 79 91 11 91 8 48 37 58 24 79 91 8 48 37 58
24 79 91 8 11 91 8 48 37 58 24 79 91 8 48 37 58

62 8 32 48 69 58 90 62 8 32 48 69 58 90
62 8 32 48 69 58 90 62 8 15 8 32 48 69 58 90
62 8 32 48 69 58 90 62 8 32 15 8 32 48 69 58 90
62 8 32 48 69 58 90 62 8 32 15 32 48 69 58 90
62 8 32 48 69 58 90 62 8 32 48 15 32 48 69 58 90
62 8 15 8 32 48 69 58 90 62 8 32 48 69 58 90
62 8 32 15 8 32 48 69 58 90 62 8 32 48 69 58 90
62 8 32 15 32 48 69 58 90 62 8 32 48 69 58 90
62 8 32 48 15 32 48 69 58 90 62 8 32 48 69 58 90

78 40 37 57 59 24 11 78 40 37 57 59 24 11
78 40 37 57 59 24 11 78 40 14 40 37 57 59 24 11
78 40 37 57 59 24 11 78 40 37 14 40 37 57 59 24 11
78 40 37 57 59 24 11 78 40 37 14 37 57 59 24 11
78 40 37 57 59 24 11 78 40 37 57 14 37 57 59 24 11
78 40 14 40 37 57 59 24 11 78 40 37 57 59 24 11
78 40 37 14 40 37 57 59 24 11 78 40 37 57 59 24 11
78 40 37 14 37 57 59 24 11 78 40 37 57 59 24 11
78 40 37 57 14 37 57 59 24 11 78 40 37 57 59 24 11

10 25 86 5 24 72 10 10 25 86 5 24 72 10
10 25 86 5 24 72 10 10 25 10 25 86 5 24 72 10
10 25 86 5 24 72 10 10 25 86 10 25 86 5 24 72 10
10 25 86 5 24 72 10 10 25 86 10 86 5 24 72 10
10 25 86 5 24 72 10 10 25 86 5 10 86 5 24 72 10
10 25 10 25 86 5 24 72 10 10 25 86 5 24 72 10
10 25 86 10 25 86 5 24 72 10 10 25 86 5 24 72 10
10 25 86 10 86 5 24 72 10 10 25 86 5 24 72 10
10 25 86 5 10 86 5 24 72 10 10 25 86 5 24 72 10

6 57 23 69 17 59 79 6 57 23 69 17 59 79
6 57 23 69 17 59 79 6 57 12 57 23 69 17 59 79
6 57 23 69 17 59 79 6 57 23 12 57 23 69 17 59 79
6 57 23 69 17 59 79 6 57 23 12 23 69 17 59 79
6 57 23 69 17 59 79 6 57 23 69 12 23 69 17 59 79
6 57 12 57 23 69 17 59 79 6 57 23 69 17 59 79
6 57 23 12 57 23 69 17 59 79 6 57 23 69 17 59 79
6 57 23 12 23 69 17 59 79 6 57 23 69 17 59 79
6 57 23 69 12 23 69 17 59 79 6 57 23 69 17 59 79

53 58 33 76 70 62 45 53 58 33 76 70 62 45
53 58 33 76 70 62 45 53 58 8 58 33 76 70 62 45
53 58 33 76 70 62 45 53 58 33 8 58 33 76 70 62 45
53 58 33 76 70 62 45 53 58 33 8 33 76 70 62 45
53 58 33 76 70 62 45 53 58 33 76 8 33 76 70 62 45
53 58 8 58 33 76 70 62 45 53 58 33 76 70 62 45
53 58 33 8 58 33 76 70 62 45 53 58 33 76 70 62 45
53 58 33 8 33 76 70 62 45 53 58 33 76 70 62 45
53 58 33 76 8 33 76 70 62 45 53 58 33 76 70 62 45

64 92 9 21 33 40 8 64 92 9 21 33 40 8
64 92 9 21 33 40 8 64 92 8 92 9 21 33 40 8
64 92 9 21 33 40 8 64 92 9 8 92 9 21 33 40 8
64 92 9 21 33 40 8 64 92 9 8 9 21 33 40 8
64 92 9 21 33 40 8 64 92 9 21 8 9 21 33 40 8
64 92 8 92 9 21 33 40 8 64 92 9 21 33 40 8
64 92 9 8 92 9 21 33 40 8 64 92 9 21 33 40 8
64 92 9 8 9 21 33 40 8 64 92 9 21 33 40 8
64 92 9 21 8 9 21 33 40 8 64 92 9 21 33 40 8

25 98 92 12 42 56 44 25 98 92 12 42 56 44
25 98 92 12 42 56 44 25 98 13 98 92 12 42 56 44
25 98 92 12 42 56 44 25 98 92 13 98 92 12 42 56 44
25 98 92 12 42 56 44 25 98 92 13 92 12 42 56 44
25 98 92 12 42 56 44 25 98 92 12 13 92 12 42 56 44
25 98 13 98 92 12 42 56 44 25 98 92 12 42 56 44
25 98 92 13 98 92 12 42 56 44 25 98 92 12 42 56 44
25 98 92 13 92 12 42 56 44 25 98 92 12 42 56 44
25 98 92 12 13 92 12 42 56 44 25 98 92 12 42 56 44

8 9 23 97 91 81 51 8 9 23 97 91 81 51
8 9 23 97 91 81 51 8 9 6 9 23 97 91 81 51
8 9 23 97 91 81 51 8 9 23 6 9 23 97 91 81 51
8 9 23 97 91 81 51 8 9 23 6 23 97 91 81 51
8 9 23 97 91 81 51 8 9 23 97 6 23 97 91 81 51
8 9 6 9 23 97 91 81 51 8 9 23 97 91 81 51
8 9 23 6 9 23 97 91 81 51 8 9 23 97 91 81 51
8 9 23 6 23 97 91 81 51 8 9 23 97 91 81 51
8 9 23 97 6 23 97 91 81 51 8 9 23 97 91 81 51

99 81 27 7 88 48 98 99 81 27 7 88 48 98
99 81 27 7 88 48 98 99 81 11 81 27 7 88 48 98
99 81 27 7 88 48 98 99 81 27 11 81 27 7 88 48 98
99 81 27 7 88 48 98 99 81 27 11 27 7 88 48 98
99 81 27 7 88 48 98 99 81 27 7 11 27 7 88 48 98
99 81 11 81 27 7 88 48 98 99 81 27 7 88 48 98
99 81 27 11 81 27 7 88 48 98 99 81 27 7 88 48 98
99 81 27 11 27 7 88 48 98 99 81 27 7 88 48 98
99 81 27 7 11 27 7 88 48 98 99 81 27 7 88 48 98

11 12 38 15 88 61 96 11 12 38 15 88 61 96
11 12 38 15 88 61 96 11 12 17 12 38 15 88 61 96
11 12 38 15 88 61 96 11 12 38 17 12 38 15 88 61 96
11 12 38 15 88 61 96 11 12 38 17 38 15 88 61 96
11 12 38 15 88 61 96 11 12 38 15 17 38 15 88 61 96
11 12 17 12 38 15 88 61 96 11 12 38 15 88 61 96
11 12 38 17 12 38 15 88 61 96 11 12 38 15 88 61 96
11 12 38 17 38 15 88 61 96 11 12 38 15 88 61 96
11 12 38 15 17 38 15 88 61 96 11 12 38 15 88 61 96

30 23 69 6 40 77 63 30 23 69 6 40 77 63
30 23 69 6 40 77 63 30 23 19 23 69 6 40 77 63
30 23 69 6 40 77 63 30 23 69 19 23 69 6 40 77 63
30 23 69 6 40 77 63 30 23 69 19 69 6 40 77 63
30 23 69 6 40 77 63 30 23 69 6 19 69 6 40 77 63
30 23 19 23 69 6 40 77 63 30 23 69 6 40 77 63
30 23 69 19 23 69 6 40 77 63 30 23 69 6 40 77 63
30 23 69 19 69 6 40 77 63 30 23 69 6 40 77 63
30 23 69 6 19 69 6 40 77 63 30 23 69 6 40 77 63

68 51 16 20 5 60 78 68 51 16 20 5 60 78
68 51 16 20 5 60 78 68 51 19 51 16 20 5 60 78
68 51 16 20 5 60 78 68 51 16 19 51 16 20 5 60 78
68 51 16 20 5 60 78 68 51 16 19 16 20 5 60 78
68 51 16 20 5 60 78 68 51 16 20 19 16 20 5 60 78
68 51 19 51 16 20 5 60 78 68 51 16 20 5 60 78
68 51 16 19 51 16 20 5 60 78 68 51 16 20 5 60 78
68 51 16 19 16 20 5 60 78 68 51 16 20 5 60 78
68 51 16 20 19 16 20 5 60 78 68 51 16 20 5 60 78

16 41 88 55 27 100 8 16 41 88 55 27 100 8
16 41 88 55 27 100 8 16 41 10 41 88 55 27 100 8
16 41 88 55 27 100 8 16 41 88 10 41 88 55 27 100 8
16 41 88 55 27 100 8 16 41 88 10 88 55 27 100 8
16 41 88 55 27 100 8 16 41 88 55 10 88 55 27 100 8
16 41 10 41 88 55 27 100 8 16 41 88 55 27 100 8
16 41 88 10 41 88 55 27 100 8 16 41 88 55 27 100 8
16 41 88 10 88 55 27 100 8 16 41 88 55 27 100 8
16 41 88 55 10 88 55 27 100 8 16 41 88 55 27 100 8

95 14 55 71 10 33 78 95 14 55 71 10 33 78
95 14 55 71 10 33 78 95 14 13 14 55 71 10 33 78
95 14 55 71 10 33 78 95 14 55 13 14 55 71 10 33 78
95 14 55 71 10 33 78 95 14 55 13 55 71 10 33 78
95 14 55 71 10 33 78 95 14 55 71 13 55 71 10 33 78
95 14 13 14 55 71 10 33 78 95 14 55 71 10 33 78
95 14 55 13 14 55 71 10 33 78 95 14 55 71 10 33 78
95 14 55 13 55 71 10 33 78 95 14 55 71 10 33 78
95 14 55 71 13 55 71 10 33 78 95 14 55 71 10 33 78

15 68 85 33 48 22 21 15 68 85 33 48 22 21
15 68 85 33 48 22 21 15 68 12 68 85 33 48 22 21
15 68 85 33 48 22 21 15 68 85 12 68 85 33 48 22 21
15 68 85 33 48 22 21 15 68 85 12 85 33 48 22 21
15 68 85 33 48 22 21 15 68 85 33 12 85 33 48 22 21
15 68 12 68 85 33 48 22 21 15 68 85 33 48 22 21
15 68 85 12 68 85 33 48 22 21 15 68 85 33 48 22 21
15 68 85 12 85 33 48 22 21 15 68 85 33 48 22 21
15 68 85 33 12 85 33 48 22 21 15 68 85 33 48 22 21

52 49 82 33 20 78 82 52 49 82 33 20 78 82
52 49 82 33 20 78 82 52 49 12 49 82 33 20 78 82
52 49 82 33 20 78 82 52 49 82 12 49 82 33 20 78 82
52 49 82 33 20 78 82 52 49 82 12 82 33 20 78 82
52 49 82 33 20 78 82 52 49 82 33 12 82 33 20 78 82
52 49 12 49 82 33 20 78 82 52 49 82 33 20 78 82
52 49 82 12 49 82 33 20 78 82 52 49 82 33 20 78 82
52 49 82 12 82 33 20 78 82 52 49 82 33 20 78 82
52 49 82 33 12 82 33 20 78 82 52 49 82 33 20 78 82

75 64 72 69 35 91 55 75 64 72 69 35 91 55
75 64 72 69 35 91 55 75 64 12 64 72 69 35 91 55
75 64 72 69 35 91 55 75 64 72 12 64 72 69 35 91 55
75 64 72 69 35 91 55 75 64 72 12 72 69 35 91 55
75 64 72 69 35 91 55 75 64 72 69 12 72 69 35 91 55
75 64 12 64 72 69 35 91 55 75 64 72 69 35 91 55
75 64 72 12 64 72 69 35 91 55 75 64 72 69 35 91 55
75 64 72 12 72 69 35 91 55 75 64 72 69 35 91 55
75 64 72 69 12 72 69 35 91 55 75 64 72 69 35 91 55

26 74 68 96 11 87 9 26 74 68 96 11 87 9
26 74 68 96 11 87 9 26 74 9 74 68 96 11 87 9
26 74 68 96 11 87 9 26 74 68 9 74 68 96 11 87 9
26 74 68 96 11 87 9 26 74 68 9 68 96 11 87 9
26 74 68 96 11 87 9 26 74 68 96 9 68 96 11 87 9
26 74 9 74 68 96 11 87 9 26 74 68 96 11 87 9
26 74 68 9 74 68 96 11 87 9 26 74 68 96 11 87 9
26 74 68 9 68 96 11 87 9 26 74 68 96 11 87 9
26 74 68 96 9 68 96 11 87 9 26 74 68 96 11 87 9

43 13 20 20 47 46 67 43 13 20 20 47 46 67
43 13 20 20 47 46 67 43 13 7 13 20 20 47 46 67
43 13 20 20 47 46 67 43 13 20 7 13 20 20 47 46 67
43 13 20 20 47 46 67 43 13 20 7 20 20 47 46 67
43 13 20 20 47 46 67 43 13 20 20 7 20 20 47 46 67
43 13 7 13 20 20 47 46 67 43 13 20 20 47 46 67
43 13 20 7 13 20 20 47 46 67 43 13 20 20 47 46 67
43 13 20 7 20 20 47 46 67 43 13 20 20 47 46 67
43 13 20 20 7 20 20 47 46 67 43 13 20 20 47 46 67

29 48 7 30 99 74 25 29 48 7 30 99 74 25
29 48 7 30 99 74 25 29 48 17 48 7 30 99 74 25
29 48 7 30 99 74 25 29 48 7 17 48 7 30 99 74 25
29 48 7 30 99 74 25 29 48 7 17 7 30 99 74 25
29 48 7 30 99 74 25 29 48 7 30 17 7 30 99 74 25
29 48 17 48 7 30 99 74 25 29 48 7 30 99 74 25
29 48 7 17 48 7 30 99 74 25 29 48 7 30 99 74 25
29 48 7 17 7 30 99 74 25 29 48 7 30 99 74 25
29 48 7 30 17 7 30 99 74 25 29 48 7 30 99 74 25

51 70 28 94 21 97 54 51 70 28 94 21 97 54
51 70 28 94 21 97 54 51 70 16 70 28 94 21 97 54
51 70 28 94 21 97 54 51 70 28 16 70 28 94 21 97 54
51 70 28 94 21 97 54 51 70 28 16 28 94 21 97 54
51 70 28 94 21 97 54 51 70 28 94 16 28 94 21 97 54
51 70 16 70 28 94 21 97 54 51 70 28 94 21 97 54
51 70 28 16 70 28 94 21 97 54 51 70 28 94 21 97 54
51 70 28 16 28 94 21 97 54 51 70 28 94 21 97 54
51 70 28 94 16 28 94 21 97 54 51 70 28 94 21 97 54

91 76 51 90 81 80 31 91 76 51 90 81 80 31
91 76 51 90 81 80 31 91 76 5 76 51 90 81 80 31
91 76 51 90 81 80 31 91 76 51 5 76 51 90 81 80 31
91 76 51 90 81 80 31 91 76 51 5 51 90 81 80 31
91 76 51 90 81 80 31 91 76 51 90 5 51 90 81 80 31
91 76 5 76 51 90 81 80 31 91 76 51 90 81 80 31
91 76 51 5 76 51 90 81 80 31 91 76 51 90 81 80 31
91 76 51 5 51 90 81 80 31 91 76 51 90 81 80 31
91 76 51 90 5 51 90 81 80 31 91 76 51 90 81 80 31

10 60 51 31 24 91 7 10 60 51 31 24 91 7
10 60 51 31 24 91 7 10 60 20 60 51 31 24 91 7
10 60 51 31 24 91 7 10 60 51 20 60 51 31 24 91 7
10 60 51 31 24 91 7 10 60 51 20 51 31 24 91 7
10 60 51 31 24 91 7 10 60 51 31 20 51 31 24 91 7
10 60 20 60 51 31 24 91 7 10 60 51 31 24 91 7
10 60 51 20 60 51 31 24 91 7 10 60 51 31 24 91 7
10 60 51 20 51 31 24 91 7 10 60 51 31 24 91 7
10 60 51 31 20 51 31 24 91 7 10 60 51 31 24 91 7

40 21 43 12 28 11 9 40 21 43 12 28 11 9
40 21 43 12 28 11 9 40 21 20 21 43 12 28 11 9
40 21 43 12 28 11 9 40 21 43 20 21 43 12 28 11 9
40 21 43 12 28 11 9 40 21 43 20 43 12 28 11 9
40 21 43 12 28 11 9 40 21 43 12 20 43 12 28 11 9
40 21 20 21 43 12 28 11 9 40 21 43 12 28 11 9
40 21 43 20 21 43 12 28 11 9 40 21 43 12 28 11 9
40 21 43 20 43 12 28 11 9 40 21 43 12 28 11 9
40 21 43 12 20 43 12 28 11 9 40 21 43 12 28 11 9

29 26 66 54 88 85 61 29 26 66 54 88 85 61
29 26 66 54 88 85 61 29 26 5 26 66 54 88 85 61
29 26 66 54 88 85 61 29 26 66 5 26 66 54 88 85 61
29 26 66 54 88 85 61 29 26 66 5 66 54 88 85 61
29 26 66 54 88 85 61 29 26 66 54 5 66 54 88 85 61
29 26 5 26 66 54 88 85 61 29 26 66 54 88 85 61
29 26 66 5 26 66 54 88 85 61 29 26 66 54 88 85 61
29 26 66 5 66 54 88 85 61 29 26 66 54 88 85 61
29 26 66 54 5 66 54 88 85 61 29 26 66 54 88 85 61

25 63 20 42 34 75 32 25 63 20 42 34 75 32
25 63 20 42 34 75 32 25 63 12 63 20 42 34 75 32
25 63 20 42 34 75 32 25 63 20 12 63 20 42 34 75 32
25 63 20 42 34 75 32 25 63 20 12 20 42 34 75 32
25 63 20 42 34 75 32 25 63 20 42 12 20 42 34 75 32
25 63 12 63 20 42 34 75 32 25 63 20 42 34 75 32
25 63 20 12 63 20 42 34 75 32 25 63 20 42 34 75 32
25 63 20 12 20 42 34 75 32 25 63 20 42 34 75 32
25 63 20 42 12 20 42 34 75 32 25 63 20 42 34 75 32

49 28 43 22 58 37 49 49 28 43 22 58 37 49
49 28 43 22 58 37 49 49 28 8 28 43 22 58 37 49
49 28 43 22 58 37 49 49 28 43 8 28 43 22 58 37 49
49 28 43 22 58 37 49 49 28 43 8 43 22 58 37 49
49 28 43 22 58 37 49 49 28 43 22 8 43 22 58 37 49
49 28 8 28 43 22 58 37 49 49 28 43 22 58 37 49
49 28 43 8 28 43 22 58 37 49 49 28 43 22 58 37 49
49 28 43 8 43 22 58 37 49 49 28 43 22 58 37 49
49 28 43 22 8 43 22 58 37 49 49 28 43 22 58 37 49

10 23 89 42 46 37 8 10 23 89 42 46 37 8
10 23 89 42 46 37 8 10 23 13 23 89 42 46 37 8
10 23 89 42 46 37 8 10 23 89 13 23 89 42 46 37 8
10 23 89 42 46 37 8 10 23 89 13 89 42 46 37 8
10 23 89 42 46 37 8 10 23 89 42 13 89 42 46 37 8
10 23 13 23 89 42 46 37 8 10 23 89 42 46 37 8
10 23 89 13 23 89 42 46 37 8 10 23 89 42 46 37 8
10 23 89 13 89 42 46 37 8 10 23 89 42 46 37 8
10 23 89 42 13 89 42 46 37 8 10 23 89 42 46 37 8

30 51 5 53 17 32 58 30 51 5 53 17 32 58
30 51 5 53 17 32 58 30 51 14 51 5 53 17 32 58
30 51 5 53 17 32 58 30 51 5 14 51 5 53 17 32 58
30 51 5 53 17 32 58 30 51 5 14 5 53 17 32 58
30 51 5 53 17 32 58 30 51 5 53 14 5 53 17 32 58
30 51 14 51 5 53 17 32 58 30 51 5 53 17 32 58
30 51 5 14 51 5 53 17 32 58 30 51 5 53 17 32 58
30 51 5 14 5 53 17 32 58 30 51 5 53 17 32 58
30 51 5 53 14 5 53 17 32 58 30 51 5 53 17 32 58

33 51 91 18 71 61 82 33 51 91 18 71 61 82
33 51 91 18 71 61 82 33 51 20 51 91 18 71 61 82
33 51 91 18 71 61 82 33 51 91 20 51 91 18 71 61 82
33 51 91 18 71 61 82 33 51 91 20 91 18 71 61 82
33 51 91 18 71 61 82 33 51 91 18 20 91 18 71 61 82
33 51 20 51 91 18 71 61 82 33 51 91 18 71 61 82
33 51 91 20 51 91 18 71 61 82 33 51 91 18 71 61 82
33 51 91 20 91 18 71 61 82 33 51 91 18 71 61 82
33 51 91 18 20 91 18 71 61 82 33 51 91 18 71 61 82

90 10 29 47 68 45 44 90 10 29 47 68 45 44
90 10 29 47 68 45 44 90 10 20 10 29 47 68 45 44
90 10 29 47 68 45 44 90 10 29 20 10 29 47 68 45 44
90 10 29 47 68 45 44 90 10 29 20 29 47 68 45 44
90 10 29 47 68 45 44 90 10 29 47 20 29 47 68 45 44
90 10 20 10 29 47 68 45 44 90 10 29 47 68 45 44
90 10 29 20 10 29 47 68 45 44 90 10 29 47 68 45 44
90 10 29 20 29 47 68 45 44 90 10 29 47 68 45 44
90 10 29 47 20 29 47 68 45 44 90 10 29 47 68 45 44

61 51 38 9 86 66 41 61 51 38 9 86 66 41
61 51 38 9 86 66 41 61 51 7 51 38 9 86 66 41
61 51 38 9 86 66 41 61 51 38 7 51 38 9 86 66 41
61 51 38 9 86 66 41 61 51 38 7 38 9 86 66 41
61 51 38 9 86 66 41 61 51 38 9 7 38 9 86 66 41
61 51 7 51 38 9 86 66 41 61 51 38 9 86 66 41
61 51 38 7 51 38 9 86 66 41 61 51 38 9 86 66 41
61 51 38 7 38 9 86 66 41 61 51 38 9 86 66 41
61 51 38 9 7 38 9 86 66 41 61 51 38 9 86 66 41

42 35 9 60 25 67 5 42 35 9 60 25 67 5
42 35 9 60 25 67 5 42 35 9 35 9 60 25 67 5
42 35 9 60 25 67 5 42 35 9 9 35 9 60 25 67 5
42 35 9 60 25 67 5 42 35 9 9 9 60 25 67 5
42 35 9 60 25 67 5 42 35 9 60 9 9 60 25 67 5
42 35 9 35 9 60 25 67 5 42 35 9 60 25 67 5
42 35 9 9 35 9 60 25 67 5 42 35 9 60 25 67 5
42 35 9 9 9 60 25 67 5 42 35 9 60 25 67 5
42 35 9 60 9 9 60 25 67 5 42 35 9 60 25 67 5

70 37 41 34 40 89 22 70 37 41 34 40 89 22
70 37 41 34 40 89 22 70 37 14 37 41 34 40 89 22
70 37 41 34 40 89 22 70 37 41 14 37 41 34 40 89 22
70 37 41 34 40 89 22 70 37 41 14 41 34 40 89 22
70 37 41 34 40 89 22 70 37 41 34 14 41 34 40 89 22
70 37 14 37 41 34 40 89 22 70 37 41 34 40 89 22
70 37 41 14 37 41 34 40 89 22 70 37 41 34 40 89 22
70 37 41 14 41 34 40 89 22 70 37 41 34 40 89 22
70 37 41 34 14 41 34 40 89 22 70 37 41 34 40 89 22

76 51 49 16 27 56 23 76 51 49 16 27 56 23
76 51 49 16 27 56 23 76 51 15 51 49 16 27 56 23
76 51 49 16 27 56 23 76 51 49 15 51 49 16 27 56 23
76 51 49 16 27 56 23 76 51 49 15 49 16 27 56 23
76 51 49 16 27 56 23 76 51 49 16 15 49 16 27 56 23
76 51 15 51 49 16 27 56 23 76 51 49 16 27 56 23
76 51 49 15 51 49 16 27 56 23 76 51 49 16 27 56 23
76 51 49 15 49 16 27 56 23 76 51 49 16 27 56 23
76 51 49 16 15 49 16 27 56 23 76 51 49 16 27 56 23

45 36 72 69 84 82 98 45 36 72 69 84 82 98
45 36 72 69 84 82 98 45 36 18 36 72 69 84 82 98
45 36 72 69 84 82 98 45 36 72 18 36 72 69 84 82 98
45 36 72 69 84 82 98 45 36 72 18 72 69 84 82 98
45 36 72 69 84 82 98 45 36 72 69 18 72 69 84 82 98
45 36 18 36 72 69 84 82 98 45 36 72 69 84 82 98
45 36 72 18 36 72 69 84 82 98 45 36 72 69 84 82 98
45 36 72 18 72 69 84 82 98 45 36 72 69 84 82 98
45 36 72 69 18 72 69 84 82 98 45 36 72 69 84 82 98

15 71 64 5 21 10 73 15 71 64 5 21 10 73
15 71 64 5 21 10 73 15 71 14 71 64 5 21 10 73
15 71 64 5 21 10 73 15 71 64 14 71 64 5 21 10 73
15 71 64 5 21 10 73 15 71 64 14 64 5 21 10 73
15 71 64 5 21 10 73 15 71 64 5 14 64 5 21 10 73
15 71 14 71 64 5 21 10 73 15 71 64 5 21 10 73
15 71 64 14 71 64 5 21 10 73 15 71 64 5 21 10 73
15 71 64 14 64 5 21 10 73 15 71 64 5 21 10 73
15 71 64 5 14 64 5 21 10 73 15 71 64 5 21 10 73

73 54 58 33 90 37 9 73 54 58 33 90 37 9
73 54 58 33 90 37 9 73 54 14 54 58 33 90 37 9
73 54 58 33 90 37 9 73 54 58 14 54 58 33 90 37 9
73 54 58 33 90 37 9 73 54 58 14 58 33 90 37 9
73 54 58 33 90 37 9 73 54 58 33 14 58 33 90 37 9
73 54 14 54 58 33 90 37 9 73 54 58 33 90 37 9
73 54 58 14 54 58 33 90 37 9 73 54 58 33 90 37 9
73 54 58 14 58 33 90 37 9 73 54 58 33 90 37 9
73 54 58 33 14 58 33 90 37 9 73 54 58 33 90 37 9

88 40 72 38 70 43 19 88 40 72 38 70 43 19
88 40 72 38 70 43 19 88 40 9 40 72 38 70 43 19
88 40 72 38 70 43 19 88 40 72 9 40 72 38 70 43 19
88 40 72 38 70 43 19 88 40 72 9 72 38 70 43 19
88 40 72 38 70 43 19 88 40 72 38 9 72 38 70 43 19
88 40 9 40 72 38 70 43 19 88 40 72 38 70 43 19
88 40 72 9 40 72 38 70 43 19 88 40 72 38 70 43 19
88 40 72 9 72 38 70 43 19 88 40 72 38 70 43 19
88 40 72 38 9 72 38 70 43 19 88 40 72 38 70 43 19

16 52 32 35 74 96 91 16 52 32 35 74 96 91
16 52 32 35 74 96 91 16 52 12 52 32 35 74 96 91
16 52 32 35 74 96 91 16 52 32 12 52 32 35 74 96 91
16 52 32 35 74 96 91 16 52 32 12 32 35 74 96 91
16 52 32 35 74 96 91 16 52 32 35 12 32 35 74 96 91
16 52 12 52 32 35 74 96 91 16 52 32 35 74 96 91
16 52 32 12 52 32 35 74 96 91 16 52 32 35 74 96 91
16 52 32 12 32 35 74 96 91 16 52 32 35 74 96 91
16 52 32 35 12 32 35 74 96 91 16 52 32 35 74 96 91

36 88 46 82 100 35 53 36 88 46 82 100 35 53
36 88 46 82 100 35 53 36 88 10 88 46 82 100 35 53
36 88 46 82 100 35 53 36 88 46 10 88 46 82 100 35 53
36 88 46 82 100 35 53 36 88 46 10 46 82 100 35 53
36 88 46 82 100 35 53 36 88 46 82 10 46 82 100 35 53
36 88 10 88 46 82 100 35 53 36 88 46 82 100 35 53
36 88 46 10 88 46 82 100 35 53 36 88 46 82 100 35 53
36 88 46 10 46 82 100 35 53 36 88 46 82 100 35 53
36 88 46 82 10 46 82 100 35 53 36 88 46 82 100 35 53

19 62 61 87 28 23 91 19 62 61 87 28 23 91
19 62 61 87 28 23 91 19 62 9 62 61 87 28 23 91
19 62 61 87 28 23 91 19 62 61 9 62 61 87 28 23 91
19 62 61 87 28 23 91 19 62 61 9 61 87 28 23 91
19 62 61 87 28 23 91 19 62 61 87 9 61 87 28 23 91
19 62 9 62 61 87 28 23 91 19 62 61 87 28 23 91
19 62 61 9 62 61 87 28 23 91 19 62 61 87 28 23 91
19 62 61 9 61 87 28 23 91 19 62 61 87 28 23 91
19 62 61 87 9 61 87 28 23 91 19 62 61 87 28 23 91

71 84 33 83 75 84 63 71 84 33 83 75 84 63
71 84 33 83 75 84 63 71 84 16 84 33 83 75 84 63
71 84 33 83 75 84 63 71 84 33 16 84 33 83 75 84 63
71 84 33 83 75 84 63 71 84 33 16 33 83 75 84 63
71 84 33 83 75 84 63 71 84 33 83 16 33 83 75 84 63
71 84 16 84 33 83 75 84 63 71 84 33 83 75 84 63
71 84 33 16 84 33 83 75 84 63 71 84 33 83 75 84 63
71 84 33 16 33 83 75 84 63 71 84 33 83 75 84 63
71 84 33 83 16 33 83 75 84 63 71 84 33 83 75 84 63

74 47 34 63 10 80 59 74 47 34 63 10 80 59
74 47 34 63 10 80 59 74 47 10 47 34 63 10 80 59
74 47 34 63 10 80 59 74 47 34 10 47 34 63 10 80 59
74 47 34 63 10 80 59 74 47 34 10 34 63 10 80 59
74 47 34 63 10 80 59 74 47 34 63 10 34 63 10 80 59
74 47 10 47 34 63 10 80 59 74 47 34 63 10 80 59
74 47 34 10 47 34 63 10 80 59 74 47 34 63 10 80 59
74 47 34 10 34 63 10 80 59 74 47 34 63 10 80 59
74 47 34 63 10 34 63 10 80 59 74 47 34 63 10 80 59

100 72 26 65 97 90 90 100 72 26 65 97 90 90
100 72 26 65 97 90 90 100 72 13 72 26 65 97 90 90
100 72 26 65 97 90 90 100 72 26 13 72 26 65 97 90 90
100 72 26 65 97 90 90 100 72 26 13 26 65 97 90 90
100 72 26 65 97 90 90 100 72 26 65 13 26 65 97 90 90
100 72 13 72 26 65 97 90 90 100 72 26 65 97 90 90
100 72 26 13 72 26 65 97 90 90 100 72 26 65 97 90 90
100 72 26 13 26 65 97 90 90 100 72 26 65 97 90 90
100 72 26 65 13 26 65 97 90 90 100 72 26 65 97 90 90

89 36 34 99 12 60 23 89 36 34 99 12 60 23
89 36 34 99 12 60 23 89 36 7 36 34 99 12 60 23
89 36 34 99 12 60 23 89 36 34 7 36 34 99 12 60 23
89 36 34 99 12 60 23 89 36 34 7 34 99 12 60 23
89 36 34 99 12 60 23 89 36 34 99 7 34 99 12 60 23
89 36 7 36 34 99 12 60 23 89 36 34 99 12 60 23
89 36 34 7 36 34 99 12 60 23 89 36 34 99 12 60 23
89 36 34 7 34 99 12 60 23 89 36 34 99 12 60 23
89 36 34 99 7 34 99 12 60 23 89 36 34 99 12 60 23

48 13 23 70 84 90 62 48 13 23 70 84 90 62
48 13 23 70 84 90 62 48 13 17 13 23 70 84 90 62
48 13 23 70 84 90 62 48 13 23 17 13 23 70 84 90 62
48 13 23 70 84 90 62 48 13 23 17 23 70 84 90 62
48 13 23 70 84 90 62 48 13 23 70 17 23 70 84 90 62
48 13 17 13 23 70 84 90 62 48 13 23 70 84 90 62
48 13 23 17 13 23 70 84 90 62 48 13 23 70 84 90 62
48 13 23 17 23 70 84 90 62 48 13 23 70 84 90 62
48 13 23 70 17 23 70 84 90 62 48 13 23 70 84 90 62

26 38 74 16 65 95 50 26 38 74 16 65 95 50
26 38 74 16 65 95 50 26 38 11 38 74 16 65 95 50
26 38 74 16 65 95 50 26 38 74 11 38 74 16 65 95 50
26 38 74 16 65 95 50 26 38 74 11 74 16 65 95 50
26 38 74 16 65 95 50 26 38 74 16 11 74 16 65 95 50
26 38 11 38 74 16 65 95 50 26 38 74 16 65 95 50
26 38 74 11 38 74 16 65 95 50 26 38 74 16 65 95 50
26 38 74 11 74 16 65 95 50 26 38 74 16 65 95 50
26 38 74 16 11 74 16 65 95 50 26 38 74 16 65 95 50

49 81 64 88 84 91 88 49 81 64 88 84 91 88
49 81 64 88 84 91 88 49 81 19 81 64 88 84 91 88
49 81 64 88 84 91 88 49 81 64 19 81 64 88 84 91 88
49 81 64 88 84 91 88 49 81 64 19 64 88 84 91 88
49 81 64 88 84 91 88 49 81 64 88 19 64 88 84 91 88
49 81 19 81 64 88 84 91 88 49 81 64 88 84 91 88
49 81 64 19 81 64 88 84 91 88 49 81 64 88 84 91 88
49 81 64 19 64 88 84 91 88 49 81 64 88 84 91 88
49 81 64 88 19 64 88 84 91 88 49 81 64 88 84 91 88

80 96 37 48 79 62 54 80 96 37 48 79 62 54
80 96 37 48 79 62 54 80 96 8 96 37 48 79 62 54
80 96 37 48 79 62 54 80 96 37 8 96 37 48 79 62 54
80 96 37 48 79 62 54 80 96 37 8 37 48 79 62 54
80 96 37 48 79 62 54 80 96 37 48 8 37 48 79 62 54
80 96 8 96 37 48 79 62 54 80 96 37 48 79 62 54
80 96 37 8 96 37 48 79 62 54 80 96 37 48 79 62 54
80 96 37 8 37 48 79 62 54 80 96 37 48 79 62 54
80 96 37 48 8 37 48 79 62 54 80 96 37 48 79 62 54

39 81 62 82 94 99 93 39 81 62 82 94 99 93
39 81 62 82 94 99 93 39 81 20 81 62 82 94 99 93
39 81 62 82 94 99 93 39 81 62 20 81 62 82 94 99 93
39 81 62 82 94 99 93 39 81 62 20 62 82 94 99 93
39 81 62 82 94 99 93 39 81 62 82 20 62 82 94 99 93
39 81 20 81 62 82 94 99 93 39 81 62 82 94 99 93
39 81 62 20 81 62 82 94 99 93 39 81 62 82 94 99 93
39 81 62 20 62 82 94 99 93 39 81 62 82 94 99 93
39 81 62 82 20 62 82 94 99 93 39 81 62 82 94 99 93

68 87 19 93 37 25 57 68 87 19 93 37 25 57
68 87 19 93 37 25 57 68 87 13 87 19 93 37 25 57
68 87 19 93 37 25 57 68 87 19 13 87 19 93 37 25 57
68 87 19 93 37 25 57 68 87 19 13 19 93 37 25 57
68 87 19 93 37 25 57 68 87 19 93 13 19 93 37 25 57
68 87 13 87 19 93 37 25 57 68 87 19 93 37 25 57
68 87 19 13 87 19 93 37 25 57 68 87 19 93 37 25 57
68 87 19 13 19 93 37 25 57 68 87 19 93 37 25 57
68 87 19 93 13 19 93 37 25 57 68 87 19 93 37 25 57

20 17 87 80 5 74 26 20 17 87 80 5 74 26
20 17 87 80 5 74 26 20 17 8 17 87 80 5 74 26
20 17 87 80 5 74 26 20 17 87 8 17 87 80 5 74 26
20 17 87 80 5 74 26 20 17 87 8 87 80 5 74 26
20 17 87 80 5 74 26 20 17 87 80 8 87 80 5 74 26
20 17 8 17 87 80 5 74 26 20 17 87 80 5 74 26
20 17 87 8 17 87 80 5 74 26 20 17 87 80 5 74 26
20 17 87 8 87 80 5 74 26 20 17 87 80 5 74 26
20 17 87 80 8 87 80 5 74 26 20 17 87 80 5 74 26

31 66 64 35 18 35 34 31 66 64 35 18 35 34
31 66 64 35 18 35 34 31 66 14 66 64 35 18 35 34
31 66 64 35 18 35 34 31 66 64 14 66 64 35 18 35 34
31 66 64 35 18 35 34 31 66 64 14 64 35 18 35 34
31 66 64 35 18 35 34 31 66 64 35 14 64 35 18 35 34
31 66 14 66 64 35 18 35 34 31 66 64 35 18 35 34
31 66 64 14 66 64 35 18 35 34 31 66 64 35 18 35 34
31 66 64 14 64 35 18 35 34 31 66 64 35 18 35 34
31 66 64 35 14 64 35 18 35 34 31 66 64 35 18 35 34

78 24 18 59 19 22 66 78 24 18 59 19 22 66
78 24 18 59 19 22 66 78 24 17 24 18 59 19 22 66
78 24 18 59 19 22 66 78 24 18 17 24 18 59 19 22 66
78 24 18 59 19 22 66 78 24 18 17 18 59 19 22 66
78 24 18 59 19 22 66 78 24 18 59 17 18 59 19 22 66
78 24 17 24 18 59 19 22 66 78 24 18 59 19 22 66
78 24 18 17 24 18 59 19 22 66 78 24 18 59 19 22 66
78 24 18 17 18 59 19 22 66 78 24 18 59 19 22 66
78 24 18 59 17 18 59 19 22 66 78 24 18 59 19 22 66

62 22 35 94 42 5 93 62 22 35 94 42 5 93
62 22 35 94 42 5 93 62 22 14 22 35 94 42 5 93
62 22 35 94 42 5 93 62 22 35 14 22 35 94 42 5 93
62 22 35 94 42 5 93 62 22 35 14 35 94 42 5 93
62 22 35 94 42 5 93 62 22 35 94 14 35 94 42 5 93
62 22 14 22 35 94 42 5 93 62 22 35 94 42 5 93
62 22 35 14 22 35 94 42 5 93 62 22 35 94 42 5 93
62 22 35 14 35 94 42 5 93 62 22 35 94 42 5 93
62 22 35 94 14 35 94 42 5 93 62 22 35 94 42 5 93

64 30 84 6 23 55 63 64 30 84 6 23 55 63
64 30 84 6 23 55 63 64 30 11 30 84 6 23 55 63
64 30 84 6 23 55 63 64 30 84 11 30 84 6 23 55 63
64 30 84 6 23 55 63 64 30 84 11 84 6 23 55 63
64 30 84 6 23 55 63 64 30 84 6 11 84 6 23 55 63
64 30 11 30 84 6 23 55 63 64 30 84 6 23 55 63
64 30 84 11 30 84 6 23 55 63 64 30 84 6 23 55 63
64 30 84 11 84 6 23 55 63 64 30 84 6 23 55 63
64 30 84 6 11 84 6 23 55 63 64 30 84 6 23 55 63

48 62 31 36 64 79 42 48 62 31 36 64 79 42
48 62 31 36 64 79 42 48 62 14 62 31 36 64 79 42
48 62 31 36 64 79 42 48 62 31 14 62 31 36 64 79 42
48 62 31 36 64 79 42 48 62 31 14 31 36 64 79 42
48 62 31 36 64 79 42 48 62 31 36 14 31 36 64 79 42
48 62 14 62 31 36 64 79 42 48 62 31 36 64 79 42
48 62 31 14 62 31 36 64 79 42 48 62 31 36 64 79 42
48 62 31 14 31 36 64 79 42 48 62 31 36 64 79 42
48 62 31 36 14 31 36 64 79 42 48 62 31 36 64 79 42

74 28 37 65 98 77 93 74 28 37 65 98 77 93
74 28 37 65 98 77 93 74 28 14 28 37 65 98 77 93
74 28 37 65 98 77 93 74 28 37 14 28 37 65 98 77 93
74 28 37 65 98 77 93 74 28 37 14 37 65 98 77 93
74 28 37 65 98 77 93 74 28 37 65 14 37 65 98 77 93
74 28 14 28 37 65 98 77 93 74 28 37 65 98 77 93
74 28 37 14 28 37 65 98 77 93 74 28 37 65 98 77 93
74 28 37 14 37 65 98 77 93 74 28 37 65 98 77 93
74 28 37 65 14 37 65 98 77 93 74 28 37 65 98 77 93

66 35 17 81 36 80 59 66 35 17 81 36 80 59
66 35 17 81 36 80 59 66 35 9 35 17 81 36 80 59
66 35 17 81 36 80 59 66 35 17 9 35 17 81 36 80 59
66 35 17 81 36 80 59 66 35 17 9 17 81 36 80 59
66 35 17 81 36 80 59 66 35 17 81 9 17 81 36 80 59
66 35 9 35 17 81 36 80 59 66 35 17 81 36 80 59
66 35 17 9 35 17 81 36 80 59 66 35 17 81 36 80 59
66 35 17 9 17 81 36 80 59 66 35 17 81 36 80 59
66 35 17 81 9 17 81 36 80 59 66 35 17 81 36 80 59

34 37 62 37 53 54 80 34 37 62 37 53 54 80
34 37 62 37 53 54 80 34 37 7 37 62 37 53 54 80
34 37 62 37 53 54 80 34 37 62 7 37 62 37 53 54 80
34 37 62 37 53 54 80 34 37 62 7 62 37 53 54 80
34 37 62 37 53 54 80 34 37 62 37 7 62 37 53 54 80
34 37 7 37 62 37 53 54 80 34 37 62 37 53 54 80
34 37 62 7 37 62 37 53 54 80 34 37 62 37 53 54 80
34 37 62 7 62 37 53 54 80 34 37 62 37 53 54 80
34 37 62 37 7 62 37 53 54 80 34 37 62 37 53 54 80

17 31 78 71 64 45 47 17 31 78 71 64 45 47
17 31 78 71 64 45 47 17 31 18 31 78 71 64 45 47
17 31 78 71 64 45 47 17 31 78 18 31 78 71 64 45 47
17 31 78 71 64 45 47 17 31 78 18 78 71 64 45 47
17 31 78 71 64 45 47 17 31 78 71 18 78 71 64 45 47
17 31 18 31 78 71 64 45 47 17 31 78 71 64 45 47
17 31 78 18 31 78 71 64 45 47 17 31 78 71 64 45 47
17 31 78 18 78 71 64 45 47 17 31 78 71 64 45 47
17 31 78 71 18 78 71 64 45 47 17 31 78 71 64 45 47

6 63 36 74 71 33 59 6 63 36 74 71 33 59
6 63 36 74 71 33 59 6 63 20 63 36 74 71 33 59
6 63 36 74 71 33 59 6 63 36 20 63 36 74 71 33 59
6 63 36 74 71 33 59 6 63 36 20 36 74 71 33 59
6 63 36 74 71 33 59 6 63 36 74 20 36 74 71 33 59
6 63 20 63 36 74 71 33 59 6 63 36 74 71 33 59
6 63 36 20 63 36 74 71 33 59 6 63 36 74 71 33 59
6 63 36 20 36 74 71 33 59 6 63 36 74 71 33 59
6 63 36 74 20 36 74 71 33 59 6 63 36 74 71 33 59

77 56 89 18 20 38 10 77 56 89 18 20 38 10
77 56 89 18 20 38 10 77 56 16 56 89 18 20 38 10
77 56 89 18 20 38 10 77 56 89 16 56 89 18 20 38 10
77 56 89 18 20 38 10 77 56 89 16 89 18 20 38 10
77 56 89 18 20 38 10 77 56 89 18 16 89 18 20 38 10
77 56 16 56 89 18 20 38 10 77 56 89 18 20 38 10
77 56 89 16 56 89 18 20 38 10 77 56 89 18 20 38 10
77 56 89 16 89 18 20 38 10 77 56 89 18 20 38 10
77 56 89 18 16 89 18 20 38 10 77 56 89 18 20 38 10

37 60 12 72 9 79 10 37 60 12 72 9 79 10
37 60 12 72 9 79 10 37 60 14 60 12 72 9 79 10
37 60 12 72 9 79 10 37 60 12 14 60 12 72 9 79 10
37 60 12 72 9 79 10 37 60 12 14 12 72 9 79 10
37 60 12 72 9 79 10 37 60 12 72 14 12 72 9 79 10
37 60 14 60 12 72 9 79 10 37 60 12 72 9 79 10
37 60 12 14 60 12 72 9 79 10 37 60 12 72 9 79 10
37 60 12 14 12 72 9 79 10 37 60 12 72 9 79 10
37 60 12 72 14 12 72 9 79 10 37 60 12 72 9 79 10

36 13 40 26 74 54 35 36 13 40 26 74 54 35
36 13 40 26 74 54 35 36 13 8 13 40 26 74 54 35
36 13 40 26 74 54 35 36 13 40 8 13 40 26 74 54 35
36 13 40 26 74 54 35 36 13 40 8 40 26 74 54 35
36 13 40 26 74 54 35 36 13 40 26 8 40 26 74 54 35
36 13 8 13 40 26 74 54 35 36 13 40 26 74 54 35
36 13 40 8 13 40 26 74 54 35 36 13 40 26 74 54 35
36 13 40 8 40 26 74 54 35 36 13 40 26 74 54 35
36 13 40 26 8 40 26 74 54 35 36 13 40 26 74 54 35

10 77 10 27 12 9 71 10 77 10 27 12 9 71
10 77 10 27 12 9 71 10 77 15 77 10 27 12 9 71
10 77 10 27 12 9 71 10 77 10 15 77 10 27 12 9 71
10 77 10 27 12 9 71 10 77 10 15 10 27 12 9 71
10 77 10 27 12 9 71 10 77 10 27 15 10 27 12 9 71
10 77 15 77 10 27 12 9 71 10 77 10 27 12 9 71
10 77 10 15 77 10 27 12 9 71 10 77 10 27 12 9 71
10 77 10 15 10 27 12 9 71 10 77 10 27 12 9 71
10 77 10 27 15 10 27 12 9 71 10 77 10 27 12 9 71

40 5 53 57 40 94 75 40 5 53 57 40 94 75
40 5 53 57 40 94 75 40 5 11 5 53 57 40 94 75
40 5 53 57 40 94 75 40 5 53 11 5 53 57 40 94 75
40 5 53 57 40 94 75 40 5 53 11 53 57 40 94 75
40 5 53 57 40 94 75 40 5 53 57 11 53 57 40 94 75
40 5 11 5 53 57 40 94 75 40 5 53 57 40 94 75
40 5 53 11 5 53 57 40 94 75 40 5 53 57 40 94 75
40 5 53 11 53 57 40 94 75 40 5 53 57 40 94 75
40 5 53 57 11 53 57 40 94 75 40 5 53 57 40 94 75

28 32 31 28 19 39 44 28 32 31 28 19 39 44
28 32 31 28 19 39 44 28 32 5 32 31 28 19 39 44
28 32 31 28 19 39 44 28 32 31 5 32 31 28 19 39 44
28 32 31 28 19 39 44 28 32 31 5 31 28 19 39 44
28 32 31 28 19 39 44 28 32 31 28 5 31 28 19 39 44
28 32 5 32 31 28 19 39 44 28 32 31 28 19 39 44
28 32 31 5 32 31 28 19 39 44 28 32 31 28 19 39 44
28 32 31 5 31 28 19 39 44 28 32 31 28 19 39 44
28 32 31 28 5 31 28 19 39 44 28 32 31 28 19 39 44

90 62 11 8 46 65 57 90 62 11 8 46 65 57
90 62 11 8 46 65 57 90 62 18 62 11 8 46 65 57
90 62 11 8 46 65 57 90 62 11 18 62 11 8 46 65 57
90 62 11 8 46 65 57 90 62 11 18 11 8 46 65 57
90 62 11 8 46 65 57 90 62 11 8 18 11 8 46 65 57
90 62 18 62 11 8 46 65 57 90 62 11 8 46 65 57
90 62 11 18 62 11 8 46 65 57 90 62 11 8 46 65 57
90 62 11 18 11 8 46 65 57 90 62 11 8 46 65 57
90 62 11 8 18 11 8 46 65 57 90 62 11 8 46 65 57

11 89 64 20 83 76 39 11 89 64 20 83 76 39
11 89 64 20 83 76 39 11 89 5 89 64 20 83 76 39
11 89 64 20 83 76 39 11 89 64 5 89 64 20 83 76 39
11 89 64 20 83 76 39 11 89 64 5 64 20 83 76 39
11 89 64 20 83 76 39 11 89 64 20 5 64 20 83 76 39
11 89 5 89 64 20 83 76 39 11 89 64 20 83 76 39
11 89 64 5 89 64 20 83 76 39 11 89 64 20 83 76 39
11 89 64 5 64 20 83 76 39 11 89 64 20 83 76 39
11 89 64 20 5 64 20 83 76 39 11 89 64 20 83 76 39

15 78 31 54 92 80 17 15 78 31 54 92 80 17
15 78 31 54 92 80 17 15 78 9 78 31 54 92 80 17
15 78 31 54 92 80 17 15 78 31 9 78 31 54 92 80 17
15 78 31 54 92 80 17 15 78 31 9 31 54 92 80 17
15 78 31 54 92 80 17 15 78 31 54 9 31 54 92 80 17
15 78 9 78 31 54 92 80 17 15 78 31 54 92 80 17
15 78 31 9 78 31 54 92 80 17 15 78 31 54 92 80 17
15 78 31 9 31 54 92 80 17 15 78 31 54 92 80 17
15 78 31 54 9 31 54 92 80 17 15 78 31 54 92 80 17

31 57 20 99 47 99 100 31 57 20 99 47 99 100
31 57 20 99 47 99 100 31 57 6 57 20 99 47 99 100
31 57 20 99 47 99 100 31 57 20 6 57 20 99 47 99 100
31 57 20 99 47 99 100 31 57 20 6 20 99 47 99 100
31 57 20 99 47 99 100 31 57 20 99 6 20 99 47 99 100
31 57 6 57 20 99 47 99 100 31 57 20 99 47 99 100
31 57 20 6 57 20 99 47 99 100 31 57 20 99 47 99 100
31 57 20 6 20 99 47 99 100 31 57 20 99 47 99 100
31 57 20 99 6 20 99 47 99 100 31 57 20 99 47 99 100

93 96 51 85 39 65 65 93 96 51 85 39 65 65
93 96 51 85 39 65 65 93 96 9 96 51 85 39 65 65
93 96 51 85 39 65 65 93 96 51 9 96 51 85 39 65 65
93 96 51 85 39 65 65 93 96 51 9 51 85 39 65 65
93 96 51 85 39 65 65 93 96 51 85 9 51 85 39 65 65
93 96 9 96 51 85 39 65 65 93 96 51 85 39 65 65
93 96 51 9 96 51 85 39 65 65 93 96 51 85 39 65 65
93 96 51 9 51 85 39 65 65 93 96 51 85 39 65 65
93 96 51 85 9 51 85 39 65 65 93 96 51 85 39 65 65

100 17 81 27 93 37 80 100 17 81 27 93 37 80
100 17 81 27 93 37 80 100 17 14 17 81 27 93 37 80
100 17 81 27 93 37 80 100 17 81 14 17 81 27 93 37 80
100 17 81 27 93 37 80 100 17 81 14 81 27 93 37 80
100 17 81 27 93 37 80 100 17 81 27 14 81 27 93 37 80
100 17 14 17 81 27 93 37 80 100 17 81 27 93 37 80
100 17 81 14 17 81 27 93 37 80 100 17 81 27 93 37 80
100 17 81 14 81 27 93 37 80 100 17 81 27 93 37 80
100 17 81 27 14 81 27 93 37 80 100 17 81 27 93 37 80

56 46 57 97 78 75 31 56 46 57 97 78 75 31
56 46 57 97 78 75 31 56 46 15 46 57 97 78 75 31
56 46 57 97 78 75 31 56 46 57 15 46 57 97 78 75 31
56 46 57 97 78 75 31 56 46 57 15 57 97 78 75 31
56 46 57 97 78 75 31 56 46 57 97 15 57 97 78 75 31
56 46 15 46 57 97 78 75 31 56 46 57 97 78 75 31
56 46 57 15 46 57 97 78 75 31 56 46 57 97 78 75 31
56 46 57 15 57 97 78 75 31 56 46 57 97 78 75 31
56 46 57 97 15 57 97 78 75 31 56 46 57 97 78 75 31

9 42 82 87 82 90 88 9 42 82 87 82 90 88
9 42 82 87 82 90 88 9 42 11 42 82 87 82 90 88
9 42 82 87 82 90 88 9 42 82 11 42 82 87 82 90 88
9 42 82 87 82 90 88 9 42 82 11 82 87 82 90 88
9 42 82 87 82 90 88 9 42 82 87 11 82 87 82 90 88
9 42 11 42 82 87 82 90 88 9 42 82 87 82 90 88
9 42 82 11 42 82 87 82 90 88 9 42 82 87 82 90 88
9 42 82 11 82 87 82 90 88 9 42 82 87 82 90 88
9 42 82 87 11 82 87 82 90 88 9 42 82 87 82 90 88

62 49 58 32 25 34 59 62 49 58 32 25 34 59
62 49 58 32 25 34 59 62 49 14 49 58 32 25 34 59
62 49 58 32 25 34 59 62 49 58 14 49 58 32 25 34 59
62 49 58 32 25 34 59 62 49 58 14 58 32 25 34 59
62 49 58 32 25 34 59 62 49 58 32 14 58 32 25 34 59
62 49 14 49 58 32 25 34 59 62 49 58 32 25 34 59
62 49 58 14 49 58 32 25 34 59 62 49 58 32 25 34 59
62 49 58 14 58 32 25 34 59 62 49 58 32 25 34 59
62 49 58 32 14 58 32 25 34 59 62 49 58 32 25 34 59

43 31 83 52 21 40 57 43 31 83 52 21 40 57
43 31 83 52 21 40 57 43 31 12 31 83 52 21 40 57
43 31 83 52 21 40 57 43 31 83 12 31 83 52 21 40 57
43 31 83 52 21 40 57 43 31 83 12 83 52 21 40 57
43 31 83 52 21 40 57 43 31 83 52 12 83 52 21 40 57
43 31 12 31 83 52 21 40 57 43 31 83 52 21 40 57
43 31 83 12 31 83 52 21 40 57 43 31 83 52 21 40 57
43 31 83 12 83 52 21 40 57 43 31 83 52 21 40 57
43 31 83 52 12 83 52 21 40 57 43 31 83 52 21 40 57

82 74 92 97 41 15 27 82 74 92 97 41 15 27
82 74 92 97 41 15 27 82 74 15 74 92 97 41 15 27
82 74 92 97 41 15 27 82 74 92 15 74 92 97 41 15 27
82 74 92 97 41 15 27 82 74 92 15 92 97 41 15 27
82 74 92 97 41 15 27 82 74 92 97 15 92 97 41 15 27
82 74 15 74 92 97 41 15 27 82 74 92 97 41 15 27
82 74 92 15 74 92 97 41 15 27 82 74 92 97 41 15 27
82 74 92 15 92 97 41 15 27 82 74 92 97 41 15 27
82 74 92 97 15 92 97 41 15 27 82 74 92 97 41 15 27

15 37 57 66 71 81 50 15 37 57 66 71 81 50
15 37 57 66 71 81 50 15 37 8 37 57 66 71 81 50
15 37 57 66 71 81 50 15 37 57 8 37 57 66 71 81 50
15 37 57 66 71 81 50 15 37 57 8 57 66 71 81 50
15 37 57 66 71 81 50 15 37 57 66 8 57 66 71 81 50
15 37 8 37 57 66 71 81 50 15 37 57 66 71 81 50
15 37 57 8 37 57 66 71 81 50 15 37 57 66 71 81 50
15 37 57 8 57 66 71 81 50 15 37 57 66 71 81 50
15 37 57 66 8 57 66 71 81 50 15 37 57 66 71 81 50

40 46 49 87 40 44 5 40 46 49 87 40 44 5
40 46 49 87 40 44 5 40 46 8 46 49 87 40 44 5
40 46 49 87 40 44 5 40 46 49 8 46 49 87 40 44 5
40 46 49 87 40 44 5 40 46 49 8 49 87 40 44 5
40 46 49 87 40 44 5 40 46 49 87 8 49 87 40 44 5
40 46 8 46 49 87 40 44 5 40 46 49 87 40 44 5
40 46 49 8 46 49 87 40 44 5 40 46 49 87 40 44 5
40 46 49 8 49 87 40 44 5 40 46 49 87 40 44 5
40 46 49 87 8 49 87 40 44 5 40 46 49 87 40 44 5

14 30 76 55 38 16 51 14 30 76 55 38 16 51
14 30 76 55 38 16 51 14 30 16 30 76 55 38 16 51
14 30 76 55 38 16 51 14 30 76 16 30 76 55 38 16 51
14 30 76 55 38 16 51 14 30 76 16 76 55 38 16 51
14 30 76 55 38 16 51 14 30 76 55 16 76 55 38 16 51
14 30 16 30 76 55 38 16 51 14 30 76 55 38 16 51
14 30 76 16 30 76 55 38 16 51 14 30 76 55 38 16 51
14 30 76 16 76 55 38 16 51 14 30 76 55 38 16 51
14 30 76 55 16 76 55 38 16 51 14 30 76 55 38 16 51

44 76 32 21 19 43 46 44 76 32 21 19 43 46
44 76 32 21 19 43 46 44 76 16 76 32 21 19 43 46
44 76 32 21 19 43 46 44 76 32 16 76 32 21 19 43 46
44 76 32 21 19 43 46 44 76 32 16 32 21 19 43 46
44 76 32 21 19 43 46 44 76 32 21 16 32 21 19 43 46
44 76 16 76 32 21 19 43 46 44 76 32 21 19 43 46
44 76 32 16 76 32 21 19 43 46 44 76 32 21 19 43 46
44 76 32 16 32 21 19 43 46 44 76 32 21 19 43 46
44 76 32 21 16 32 21 19 43 46 44 76 32 21 19 43 46

86 24 6 49 90 65 57 86 24 6 49 90 65 57
86 24 6 49 90 65 57 86 24 13 24 6 49 90 65 57
86 24 6 49 90 65 57 86 24 6 13 24 6 49 90 65 57
86 24 6 49 90 65 57 86 24 6 13 6 49 90 65 57
86 24 6 49 90 65 57 86 24 6 49 13 6 49 90 65 57
86 24 13 24 6 49 90 65 57 86 24 6 49 90 65 57
86 24 6 13 24 6 49 90 65 57 86 24 6 49 90 65 57
86 24 6 13 6 49 90 65 57 86 24 6 49 90 65 57
86 24 6 49 13 6 49 90 65 57 86 24 6 49 90 65 57

99 86 19 55 13 87 78 99 86 19 55 13 87 78
99 86 19 55 13 87 78 99 86 10 86 19 55 13 87 78
99 86 19 55 13 87 78 99 86 19 10 86 19 55 13 87 78
99 86 19 55 13 87 78 99 86 19 10 19 55 13 87 78
99 86 19 55 13 87 78 99 86 19 55 10 19 55 13 87 78
99 86 10 86 19 55 13 87 78 99 86 19 55 13 87 78
99 86 19 10 86 19 55 13 87 78 99 86 19 55 13 87 78
99 86 19 10 19 55 13 87 78 99 86 19 55 13 87 78
99 86 19 55 10 19 55 13 87 78 99 86 19 55 13 87 78

85 94 63 45 73 98 5 85 94 63 45 73 98 5
85 94 63 45 73 98 5 85 94 9 94 63 45 73 98 5
85 94 63 45 73 98 5 85 94 63 9 94 63 45 73 98 5
85 94 63 45 73 98 5 85 94 63 9 63 45 73 98 5
85 94 63 45 73 98 5 85 94 63 45 9 63 45 73 98 5
85 94 9 94 63 45 73 98 5 85 94 63 45 73 98 5
85 94 63 9 94 63 45 73 98 5 85 94 63 45 73 98 5
85 94 63 9 63 45 73 98 5 85 94 63 45 73 98 5
85 94 63 45 9 63 45 73 98 5 85 94 63 45 73 98 5

94 86 13 28 86 12 77 94 86 13 28 86 12 77
94 86 13 28 86 12 77 94 86 15 86 13 28 86 12 77
94 86 13 28 86 12 77 94 86 13 15 86 13 28 86 12 77
94 86 13 28 86 12 77 94 86 13 15 13 28 86 12 77
94 86 13 28 86 12 77 94 86 13 28 15 13 28 86 12 77
94 86 15 86 13 28 86 12 77 94 86 13 28 86 12 77
94 86 13 15 86 13 28 86 12 77 94 86 13 28 86 12 77
94 86 13 15 13 28 86 12 77 94 86 13 28 86 12 77
94 86 13 28 15 13 28 86 12 77 94 86 13 28 86 12 77

66 91 88 40 58 56 17 66 91 88 40 58 56 17
66 91 88 40 58 56 17 66 91 8 91 88 40 58 56 17
66 91 88 40 58 56 17 66 91 88 8 91 88 40 58 56 17
66 91 88 40 58 56 17 66 91 88 8 88 40 58 56 17
66 91 88 40 58 56 17 66 91 88 40 8 88 40 58 56 17
66 91 8 91 88 40 58 56 17 66 91 88 40 58 56 17
66 91 88 8 91 88 40 58 56 17 66 91 88 40 58 56 17
66 91 88 8 88 40 58 56 17 66 91 88 40 58 56 17
66 91 88 40 8 88 40 58 56 17 66 91 88 40 58 56 17

47 49 71 56 84 80 93 47 49 71 56 84 80 93
47 49 71 56 84 80 93 47 49 18 49 71 56 84 80 93
47 49 71 56 84 80 93 47 49 71 18 49 71 56 84 80 93
47 49 71 56 84 80 93 47 49 71 18 71 56 84 80 93
47 49 71 56 84 80 93 47 49 71 56 18 71 56 84 80 93
47 49 18 49 71 56 84 80 93 47 49 71 56 84 80 93
47 49 71 18 49 71 56 84 80 93 47 49 71 56 84 80 93
47 49 71 18 71 56 84 80 93 47 49 71 56 84 80 93
47 49 71 56 18 71 56 84 80 93 47 49 71 56 84 80 93

50 80 97 8 93 44 90 50 80 97 8 93 44 90
50 80 97 8 93 44 90 50 80 11 80 97 8 93 44 90
50 80 97 8 93 44 90 50 80 97 11 80 97 8 93 44 90
50 80 97 8 93 44 90 50 80 97 11 97 8 93 44 90
50 80 97 8 93 44 90 50 80 97 8 11 97 8 93 44 90
50 80 11 80 97 8 93 44 90 50 80 97 8 93 44 90
50 80 97 11 80 97 8 93 44 90 50 80 97 8 93 44 90
50 80 97 11 97 8 93 44 90 50 80 97 8 93 44 90
50 80 97 8 11 97 8 93 44 90 50 80 97 8 93 44 90

14 40 7 32 6 99 57 14 40 7 32 6 99 57
14 40 7 32 6 99 57 14 40 17 40 7 32 6 99 57
14 40 7 32 6 99 57 14 40 7 17 40 7 32 6 99 57
14 40 7 32 6 99 57 14 40 7 17 7 32 6 99 57
14 40 7 32 6 99 57 14 40 7 32 17 7 32 6 99 57
14 40 17 40 7 32 6 99 57 14 40 7 32 6 99 57
14 40 7 17 40 7 32 6 99 57 14 40 7 32 6 99 57
14 40 7 17 7 32 6 99 57 14 40 7 32 6 99 57
14 40 7 32 17 7 32 6 99 57 14 40 7 32 6 99 57

48 20 42 89 57 74 76 48 20 42 89 57 74 76
48 20 42 89 57 74 76 48 20 12 20 42 89 57 74 76
48 20 42 89 57 74 76 48 20 42 12 20 42 89 57 74 76
48 20 42 89 57 74 76 48 20 42 12 42 89 57 74 76
48 20 42 89 57 74 76 48 20 42 89 12 42 89 57 74 76
48 20 12 20 42 89 57 74 76 48 20 42 89 57 74 76
48 20 42 12 20 42 89 57 74 76 48 20 42 89 57 74 76
48 20 42 12 42 89 57 74 76 48 20 42 89 57 74 76
48 20 42 89 12 42 89 57 74 76 48 20 42 89 57 74 76

7 23 86 39 83 94 77 7 23 86 39 83 94 77
7 23 86 39 83 94 77 7 23 12 23 86 39 83 94 77
7 23 86 39 83 94 77 7 23 86 12 23 86 39 83 94 77
7 23 86 39 83 94 77 7 23 86 12 86 39 83 94 77
7 23 86 39 83 94 77 7 23 86 39 12 86 39 83 94 77
7 23 12 23 86 39 83 94 77 7 23 86 39 83 94 77
7 23 86 12 23 86 39 83 94 77 7 23 86 39 83 94 77
7 23 86 12 86 39 83 94 77 7 23 86 39 83 94 77
7 23 86 39 12 86 39 83 94 77 7 23 86 39 83 94 77

100 63 83 27 76 25 25 100 63 83 27 76 25 25
100 63 83 27 76 25 25 100 63 13 63 83 27 76 25 25
100 63 83 27 76 25 25 100 63 83 13 63 83 27 76 25 25
100 63 83 27 76 25 25 100 63 83 13 83 27 76 25 25
100 63 83 27 76 25 25 100 63 83 27 13 83 27 76 25 25
100 63 13 63 83 27 76 25 25 100 63 83 27 76 25 25
100 63 83 13 63 83 27 76 25 25 100 63 83 27 76 25 25
100 63 83 13 83 27 76 25 25 100 63 83 27 76 25 25
100 63 83 27 13 83 27 76 25 25 100 63 83 27 76 25 25

97 74 75 8 50 66 21 97 74 75 8 50 66 21
97 74 75 8 50 66 21 97 74 6 74 75 8 50 66 21
97 74 75 8 50 66 21 97 74 75 6 74 75 8 50 66 21
97 74 75 8 50 66 21 97 74 75 6 75 8 50 66 21
97 74 75 8 50 66 21 97 74 75 8 6 75 8 50 66 21
97 74 6 74 75 8 50 66 21 97 74 75 8 50 66 21
97 74 75 6 74 75 8 50 66 21 97 74 75 8 50 66 21
97 74 75 6 75 8 50 66 21 97 74 75 8 50 66 21
97 74 75 8 6 75 8 50 66 21 97 74 75 8 50 66 21

88 17 54 73 86 40 94 88 17 54 73 86 40 94
88 17 54 73 86 40 94 88 17 13 17 54 73 86 40 94
88 17 54 73 86 40 94 88 17 54 13 17 54 73 86 40 94
88 17 54 73 86 40 94 88 17 54 13 54 73 86 40 94
88 17 54 73 86 40 94 88 17 54 73 13 54 73 86 40 94
88 17 13 17 54 73 86 40 94 88 17 54 73 86 40 94
88 17 54 13 17 54 73 86 40 94 88 17 54 73 86 40 94
88 17 54 13 54 73 86 40 94 88 17 54 73 86 40 94
88 17 54 73 13 54 73 86 40 94 88 17 54 73 86 40 94

32 61 52 12 73 13 52 32 61 52 12 73 13 52
32 61 52 12 73 13 52 32 61 12 61 52 12 73 13 52
32 61 52 12 73 13 52 32 61 52 12 61 52 12 73 13 52
32 61 52 12 73 13 52 32 61 52 12 52 12 73 13 52
32 61 52 12 73 13 52 32 61 52 12 12 52 12 73 13 52
32 61 12 61 52 12 73 13 52 32 61 52 12 73 13 52
32 61 52 12 61 52 12 73 13 52 32 61 52 12 73 13 52
32 61 52 12 52 12 73 13 52 32 61 52 12 73 13 52
32 61 52 12 12 52 12 73 13 52 32 61 52 12 73 13 52

71 70 61 84 84 6 35 71 70 61 84 84 6 35
71 70 61 84 84 6 35 71 70 9 70 61 84 84 6 35
71 70 61 84 84 6 35 71 70 61 9 70 61 84 84 6 35
71 70 61 84 84 6 35 71 70 61 9 61 84 84 6 35
71 70 61 84 84 6 35 71 70 61 84 9 61 84 84 6 35
71 70 9 70 61 84 84 6 35 71 70 61 84 84 6 35
71 70 61 9 70 61 84 84 6 35 71 70 61 84 84 6 35
71 70 61 9 61 84 84 6 35 71 70 61 84 84 6 35
71 70 61 84 9 61 84 84 6 35 71 70 61 84 84 6 35

87 89 90 72 79 77 33 87 89 90 72 79 77 33
87 89 90 72 79 77 33 87 89 17 89 90 72 79 77 33
87 89 90 72 79 77 33 87 89 90 17 89 90 72 79 77 33
87 89 90 72 79 77 33 87 89 90 17 90 72 79 77 33
87 89 90 72 79 77 33 87 89 90 72 17 90 72 79 77 33
87 89 17 89 90 72 79 77 33 87 89 90 72 79 77 33
87 89 90 17 89 90 72 79 77 33 87 89 90 72 79 77 33
87 89 90 17 90 72 79 77 33 87 89 90 72 79 77 33
87 89 90 72 17 90 72 79 77 33 87 89 90 72 79 77 33

26 55 98 84 8 63 78 26 55 98 84 8 63 78
26 55 98 84 8 63 78 26 55 10 55 98 84 8 63 78
26 55 98 84 8 63 78 26 55 98 10 55 98 84 8 63 78
26 55 98 84 8 63 78 26 55 98 10 98 84 8 63 78
26 55 98 84 8 63 78 26 55 98 84 10 98 84 8 63 78
26 55 10 55 98 84 8 63 78 26 55 98 84 8 63 78
26 55 98 10 55 98 84 8 63 78 26 55 98 84 8 63 78
26 55 98 10 98 84 8 63 78 26 55 98 84 8 63 78
26 55 98 84 10 98 84 8 63 78 26 55 98 84 8 63 78

70 100 67 79 59 14 93 70 100 67 79 59 14 93
70 100 67 79 59 14 93 70 100 10 100 67 79 59 14 93
70 100 67 79 59 14 93 70 100 67 10 100 67 79 59 14 93
70 100 67 79 59 14 93 70 100 67 10 67 79 59 14 93
70 100 67 79 59 14 93 70 100 67 79 10 67 79 59 14 93
70 100 10 100 67 79 59 14 93 70 100 67 79 59 14 93
70 100 67 10 100 67 79 59 14 93 70 100 67 79 59 14 93
70 100 67 10 67 79 59 14 93 70 100 67 79 59 14 93
70 100 67 79 10 67 79 59 14 93 70 100 67 79 59 14 93

42 83 81 68 32 64 5 42 83 81 68 32 64 5
42 83 81 68 32 64 5 42 83 7 83 81 68 32 64 5
42 83 81 68 32 64 5 42 83 81 7 83 81 68 32 64 5
42 83 81 68 32 64 5 42 83 81 7 81 68 32 64 5
42 83 81 68 32 64 5 42 83 81 68 7 81 68 32 64 5
42 83 7 83 81 68 32 64 5 42 83 81 68 32 64 5
42 83 81 7 83 81 68 32 64 5 42 83 81 68 32 64 5
42 83 81 7 81 68 32 64 5 42 83 81 68 32 64 5
42 83 81 68 7 81 68 32 64 5 42 83 81 68 32 64 5

71 71 28 31 12 48 28 71 71 28 31 12 48 28
71 71 28 31 12 48 28 71 71 19 71 28 31 12 48 28
71 71 28 31 12 48 28 71 71 28 19 71 28 31 12 48 28
71 71 28 31 12 48 28 71 71 28 19 28 31 12 48 28
71 71 28 31 12 48 28 71 71 28 31 19 28 31 12 48 28
71 71 19 71 28 31 12 48 28 71 71 28 31 12 48 28
71 71 28 19 71 28 31 12 48 28 71 71 28 31 12 48 28
71 71 28 19 28 31 12 48 28 71 71 28 31 12 48 28
71 71 28 31 19 28 31 12 48 28 71 71 28 31 12 48 28

44 64 100 67 8 7 82 44 64 100 67 8 7 82
44 64 100 67 8 7 82 44 64 8 64 100 67 8 7 82
44 64 100 67 8 7 82 44 64 100 8 64 100 67 8 7 82
44 64 100 67 8 7 82 44 64 100 8 100 67 8 7 82
44 64 100 67 8 7 82 44 64 100 67 8 100 67 8 7 82
44 64 8 64 100 67 8 7 82 44 64 100 67 8 7 82
44 64 100 8 64 100 67 8 7 82 44 64 100 67 8 7 82
44 64 100 8 100 67 8 7 82 44 64 100 67 8 7 82
44 64 100 67 8 100 67 8 7 82 44 64 100 67 8 7 82

91 99 31 44 90 52 71 91 99 31 44 90 52 71
91 99 31 44 90 52 71 91 99 9 99 31 44 90 52 71
91 99 31 44 90 52 71 91 99 31 9 99 31 44 90 52 71
91 99 31 44 90 52 71 91 99 31 9 31 44 90 52 71
91 99 31 44 90 52 71 91 99 31 44 9 31 44 90 52 71
91 99 9 99 31 44 90 52 71 91 99 31 44 90 52 71
91 99 31 9 99 31 44 90 52 71 91 99 31 44 90 52 71
91 99 31 9 31 44 90 52 71 91 99 31 44 90 52 71
91 99 31 44 9 31 44 90 52 71 91 99 31 44 90 52 71

27 7 37 27 37 47 92 27 7 37 27 37 47 92
27 7 37 27 37 47 92 27 7 18 7 37 27 37 47 92
27 7 37 27 37 47 92 27 7 37 18 7 37 27 37 47 92
27 7 37 27 37 47 92 27 7 37 18 37 27 37 47 92
27 7 37 27 37 47 92 27 7 37 27 18 37 27 37 47 92
27 7 18 7 37 27 37 47 92 27 7 37 27 37 47 92
27 7 37 18 7 37 27 37 47 92 27 7 37 27 37 47 92
27 7 37 18 37 27 37 47 92 27 7 37 27 37 47 92
27 7 37 27 18 37 27 37 47 92 27 7 37 27 37 47 92

9 38 87 70 12 74 38 9 38 87 70 12 74 38
9 38 87 70 12 74 38 9 38 12 38 87 70 12 74 38
9 38 87 70 12 74 38 9 38 87 12 38 87 70 12 74 38
9 38 87 70 12 74 38 9 38 87 12 87 70 12 74 38
9 38 87 70 12 74 38 9 38 87 70 12 87 70 12 74 38
9 38 12 38 87 70 12 74 38 9 38 87 70 12 74 38
9 38 87 12 38 87 70 12 74 38 9 38 87 70 12 74 38
9 38 87 12 87 70 12 74 38 9 38 87 70 12 74 38
9 38 87 70 12 87 70 12 74 38 9 38 87 70 12 74 38

47 91 94 14 93 92 28 47 91 94 14 93 92 28
47 91 94 14 93 92 28 47 91 18 91 94 14 93 92 28
47 91 94 14 93 92 28 47 91 94 18 91 94 14 93 92 28
47 91 94 14 93 92 28 47 91 94 18 94 14 93 92 28
47 91 94 14 93 92 28 47 91 94 14 18 94 14 93 92 28
47 91 18 91 94 14 93 92 28 47 91 94 14 93 92 28
47 91 94 18 91 94 14 93 92 28 47 91 94 14 93 92 28
47 91 94 18 94 14 93 92 28 47 91 94 14 93 92 28
47 91 94 14 18 94 14 93 92 28 47 91 94 14 93 92 28

83 12 22 81 99 28 59 83 12 22 81 99 28 59
83 12 22 81 99 28 59 83 12 13 12 22 81 99 28 59
83 12 22 81 99 28 59 83 12 22 13 12 22 81 99 28 59
83 12 22 81 99 28 59 83 12 22 13 22 81 99 28 59
83 12 22 81 99 28 59 83 12 22 81 13 22 81 99 28 59
83 12 13 12 22 81 99 28 59 83 12 22 81 99 28 59
83 12 22 13 12 22 81 99 28 59 83 12 22 81 99 28 59
83 12 22 13 22 81 99 28 59 83 12 22 81 99 28 59
83 12 22 81 13 22 81 99 28 59 83 12 22 81 99 28 59

27 8 93 8 9 81 10 27 8 93 8 9 81 10
27 8 93 8 9 81 10 27 8 9 8 93 8 9 81 10
27 8 93 8 9 81 10 27 8 93 9 8 93 8 9 81 10
27 8 93 8 9 81 10 27 8 93 9 93 8 9 81 10
27 8 93 8 9 81 10 27 8 93 8 9 93 8 9 81 10
27 8 9 8 93 8 9 81 10 27 8 93 8 9 81 10
27 8 93 9 8 93 8 9 81 10 27 8 93 8 9 81 10
27 8 93 9 93 8 9 81 10 27 8 93 8 9 81 10
27 8 93 8 9 93 8 9 81 10 27 8 93 8 9 81 10

46 88 41 18 78 81 10 46 88 41 18 78 81 10
46 88 41 18 78 81 10 46 88 17 88 41 18 78 81 10
46 88 41 18 78 81 10 46 88 41 17 88 41 18 78 81 10
46 88 41 18 78 81 10 46 88 41 17 41 18 78 81 10
46 88 41 18 78 81 10 46 88 41 18 17 41 18 78 81 10
46 88 17 88 41 18 78 81 10 46 88 41 18 78 81 10
46 88 41 17 88 41 18 78 81 10 46 88 41 18 78 81 10
46 88 41 17 41 18 78 81 10 46 88 41 18 78 81 10
46 88 41 18 17 41 18 78 81 10 46 88 41 18 78 81 10

92 29 58 35 79 84 72 92 29 58 35 79 84 72
92 29 58 35 79 84 72 92 29 20 29 58 35 79 84 72
92 29 58 35 79 84 72 92 29 58 20 29 58 35 79 84 72
92 29 58 35 79 84 72 92 29 58 20 58 35 79 84 72
92 29 58 35 79 84 72 92 29 58 35 20 58 35 79 84 72
92 29 20 29 58 35 79 84 72 92 29 58 35 79 84 72
92 29 58 20 29 58 35 79 84 72 92 29 58 35 79 84 72
92 29 58 20 58 35 79 84 72 92 29 58 35 79 84 72
92 29 58 35 20 58 35 79 84 72 92 29 58 35 79 84 72

23 87 34 71 14 13 30 23 87 34 71 14 13 30
23 87 34 71 14 13 30 23 87 6 87 34 71 14 13 30
23 87 34 71 14 13 30 23 87 34 6 87 34 71 14 13 30
23 87 34 71 14 13 30 23 87 34 6 34 71 14 13 30
23 87 34 71 14 13 30 23 87 34 71 6 34 71 14 13 30
23 87 6 87 34 71 14 13 30 23 87 34 71 14 13 30
23 87 34 6 87 34 71 14 13 30 23 87 34 71 14 13 30
23 87 34 6 34 71 14 13 30 23 87 34 71 14 13 30
23 87 34 71 6 34 71 14 13 30 23 87 34 71 14 13 30

34 68 47 45 52 54 26 34 68 47 45 52 54 26
34 68 47 45 52 54 26 34 68 10 68 47 45 52 54 26
34 68 47 45 52 54 26 34 68 47 10 68 47 45 52 54 26
34 68 47 45 52 54 26 34 68 47 10 47 45 52 54 26
34 68 47 45 52 54 26 34 68 47 45 10 47 45 52 54 26
34 68 10 68 47 45 52 54 26 34 68 47 45 52 54 26
34 68 47 10 68 47 45 52 54 26 34 68 47 45 52 54 26
34 68 47 10 47 45 52 54 26 34 68 47 45 52 54 26
34 68 47 45 10 47 45 52 54 26 34 68 47 45 52 54 26

92 60 91 90 16 8 68 92 60 91 90 16 8 68
92 60 91 90 16 8 68 92 60 13 60 91 90 16 8 68
92 60 91 90 16 8 68 92 60 91 13 60 91 90 16 8 68
92 60 91 90 16 8 68 92 60 91 13 91 90 16 8 68
92 60 91 90 16 8 68 92 60 91 90 13 91 90 16 8 68
92 60 13 60 91 90 16 8 68 92 60 91 90 16 8 68
92 60 91 13 60 91 90 16 8 68 92 60 91 90 16 8 68
92 60 91 13 91 90 16 8 68 92 60 91 90 16 8 68
92 60 91 90 13 91 90 16 8 68 92 60 91 90 16 8 68

21 48 56 44 34 51 82 21 48 56 44 34 51 82
21 48 56 44 34 51 82 21 48 12 48 56 44 34 51 82
21 48 56 44 34 51 82 21 48 56 12 48 56 44 34 51 82
21 48 56 44 34 51 82 21 48 56 12 56 44 34 51 82
21 48 56 44 34 51 82 21 48 56 44 12 56 44 34 51 82
21 48 12 48 56 44 34 51 82 21 48 56 44 34 51 82
21 48 56 12 48 56 44 34 51 82 21 48 56 44 34 51 82
21 48 56 12 56 44 34 51 82 21 48 56 44 34 51 82
21 48 56 44 12 56 44 34 51 82 21 48 56 44 34 51 82

67 76 66 29 86 63 93 67 76 66 29 86 63 93
67 76 66 29 86 63 93 67 76 6 76 66 29 86 63 93
67 76 66 29 86 63 93 67 76 66 6 76 66 29 86 63 93
67 76 66 29 86 63 93 67 76 66 6 66 29 86 63 93
67 76 66 29 86 63 93 67 76 66 29 6 66 29 86 63 93
67 76 6 76 66 29 86 63 93 67 76 66 29 86 63 93
67 76 66 6 76 66 29 86 63 93 67 76 66 29 86 63 93
67 76 66 6 66 29 86 63 93 67 76 66 29 86 63 93
67 76 66 29 6 66 29 86 63 93 67 76 66 29 86 63 93

29 20 85 16 59 70 59 29 20 85 16 59 70 59
29 20 85 16 59 70 59 29 20 9 20 85 16 59 70 59
29 20 85 16 59 70 59 29 20 85 9 20 85 16 59 70 59
29 20 85 16 59 70 59 29 20 85 9 85 16 59 70 59
29 20 85 16 59 70 59 29 20 85 16 9 85 16 59 70 59
29 20 9 20 85 16 59 70 59 29 20 85 16 59 70 59
29 20 85 9 20 85 16 59 70 59 29 20 85 16 59 70 59
29 20 85 9 85 16 59 70 59 29 20 85 16 59 70 59
29 20 85 16 9 85 16 59 70 59 29 20 85 16 59 70 59

43 72 54 28 99 67 31 43 72 54 28 99 67 31
43 72 54 28 99 67 31 43 72 5 72 54 28 99 67 31
43 72 54 28 99 67 31 43 72 54 5 72 54 28 99 67 31
43 72 54 28 99 67 31 43 72 54 5 54 28 99 67 31
43 72 54 28 99 67 31 43 72 54 28 5 54 28 99 67 31
43 72 5 72 54 28 99 67 31 43 72 54 28 99 67 31
43 72 54 5 72 54 28 99 67 31 43 72 54 28 99 67 31
43 72 54 5 54 28 99 67 31 43 72 54 28 99 67 31
43 72 54 28 5 54 28 99 67 31 43 72 54 28 99 67 31

71 15 24 58 41 55 73 71 15 24 58 41 55 73
71 15 24 58 41 55 73 71 15 6 15 24 58 41 55 73
71 15 24 58 41 55 73 71 15 24 6 15 24 58 41 55 73
71 15 24 58 41 55 73 71 15 24 6 24 58 41 55 73
71 15 24 58 41 55 73 71 15 24 58 6 24 58 41 55 73
71 15 6 15 24 58 41 55 73 71 15 24 58 41 55 73
71 15 24 6 15 24 58 41 55 73 71 15 24 58 41 55 73
71 15 24 6 24 58 41 55 73 71 15 24 58 41 55 73
71 15 24 58 6 24 58 41 55 73 71 15 24 58 41 55 73

51 7 64 48 50 71 28 51 7 64 48 50 71 28
51 7 64 48 50 71 28 51 7 14 7 64 48 50 71 28
51 7 64 48 50 71 28 51 7 64 14 7 64 48 50 71 28
51 7 64 48 50 71 28 51 7 64 14 64 48 50 71 28
51 7 64 48 50 71 28 51 7 64 48 14 64 48 50 71 28
51 7 14 7 64 48 50 71 28 51 7 64 48 50 71 28
51 7 64 14 7 64 48 50 71 28 51 7 64 48 50 71 28
51 7 64 14 64 48 50 71 28 51 7 64 48 50 71 28
51 7 64 48 14 64 48 50 71 28 51 7 64 48 50 71 28

48 57 88 88 22 40 80 48 57 88 88 22 40 80
48 57 88 88 22 40 80 48 57 18 57 88 88 22 40 80
48 57 88 88 22 40 80 48 57 88 18 57 88 88 22 40 80
48 57 88 88 22 40 80 48 57 88 18 88 88 22 40 80
48 57 88 88 22 40 80 48 57 88 88 18 88 88 22 40 80
48 57 18 57 88 88 22 40 80 48 57 88 88 22 40 80
48 57 88 18 57 88 88 22 40 80 48 57 88 88 22 40 80
48 57 88 18 88 88 22 40 80 48 57 88 88 22 40 80
48 57 88 88 18 88 88 22 40 80 48 57 88 88 22 40 80

25 57 86 51 17 86 54 25 57 86 51 17 86 54
25 57 86 51 17 86 54 25 57 7 57 86 51 17 86 54
25 57 86 51 17 86 54 25 57 86 7 57 86 51 17 86 54
25 57 86 51 17 86 54 25 57 86 7 86 51 17 86 54
25 57 86 51 17 86 54 25 57 86 51 7 86 51 17 86 54
25 57 7 57 86 51 17 86 54 25 57 86 51 17 86 54
25 57 86 7 57 86 51 17 86 54 25 57 86 51 17 86 54
25 57 86 7 86 51 17 86 54 25 57 86 51 17 86 54
25 57 86 51 7 86 51 17 86 54 25 57 86 51 17 86 54

33 55 20 17 8 55 48 33 55 20 17 8 55 48
33 55 20 17 8 55 48 33 55 7 55 20 17 8 55 48
33 55 20 17 8 55 48 33 55 20 7 55 20 17 8 55 48
33 55 20 17 8 55 48 33 55 20 7 20 17 8 55 48
33 55 20 17 8 55 48 33 55 20 17 7 20 17 8 55 48
33 55 7 55 20 17 8 55 48 33 55 20 17 8 55 48
33 55 20 7 55 20 17 8 55 48 33 55 20 17 8 55 48
33 55 20 7 20 17 8 55 48 33 55 20 17 8 55 48
33 55 20 17 7 20 17 8 55 48 33 55 20 17 8 55 48

28 84 9 23 40 58 37 28 84 9 23 40 58 37
28 84 9 23 40 58 37 28 84 19 84 9 23 40 58 37
28 84 9 23 40 58 37 28 84 9 19 84 9 23 40 58 37
28 84 9 23 40 58 37 28 84 9 19 9 23 40 58 37
28 84 9 23 40 58 37 28 84 9 23 19 9 23 40 58 37
28 84 19 84 9 23 40 58 37 28 84 9 23 40 58 37
28 84 9 19 84 9 23 40 58 37 28 84 9 23 40 58 37
28 84 9 19 9 23 40 58 37 28 84 9 23 40 58 37
28 84 9 23 19 9 23 40 58 37 28 84 9 23 40 58 37

23 50 93 6 99 40 77 23 50 93 6 99 40 77
23 50 93 6 99 40 77 23 50 5 50 93 6 99 40 77
23 50 93 6 99 40 77 23 50 93 5 50 93 6 99 40 77
23 50 93 6 99 40 77 23 50 93 5 93 6 99 40 77
23 50 93 6 99 40 77 23 50 93 6 5 93 6 99 40 77
23 50 5 50 93 6 99 40 77 23 50 93 6 99 40 77
23 50 93 5 50 93 6 99 40 77 23 50 93 6 99 40 77
23 50 93 5 93 6 99 40 77 23 50 93 6 99 40 77
23 50 93 6 5 93 6 99 40 77 23 50 93 6 99 40 77

7 48 84 81 66 71 83 7 48 84 81 66 71 83
7 48 84 81 66 71 83 7 48 7 48 84 81 66 71 83
7 48 84 81 66 71 83 7 48 84 7 48 84 81 66 71 83
7 48 84 81 66 71 83 7 48 84 7 84 81 66 71 83
7 48 84 81 66 71 83 7 48 84 81 7 84 81 66 71 83
7 48 7 48 84 81 66 71 83 7 48 84 81 66 71 83
7 48 84 7 48 84 81 66 71 83 7 48 84 81 66 71 83
7 48 84 7 84 81 66 71 83 7 48 84 81 66 71 83
7 48 84 81 7 84 81 66 71 83 7 48 84 81 66 71 83

69 17 44 23 7 82 34 69 17 44 23 7 82 34
69 17 44 23 7 82 34 69 17 7 17 44 23 7 82 34
69 17 44 23 7 82 34 69 17 44 7 17 44 23 7 82 34
69 17 44 23 7 82 34 69 17 44 7 44 23 7 82 34
69 17 44 23 7 82 34 69 17 44 23 7 44 23 7 82 34
69 17 7 17 44 23 7 82 34 69 17 44 23 7 82 34
69 17 44 7 17 44 23 7 82 34 69 17 44 23 7 82 34
69 17 44 7 44 23 7 82 34 69 17 44 23 7 82 34
69 17 44 23 7 44 23 7 82 34 69 17 44 23 7 82 34

20 66 92 27 9 79 86 20 66 92 27 9 79 86
20 66 92 27 9 79 86 20 66 10 66 92 27 9 79 86
20 66 92 27 9 79 86 20 66 92 10 66 92 27 9 79 86
20 66 92 27 9 79 86 20 66 92 10 92 27 9 79 86
20 66 92 27 9 79 86 20 66 92 27 10 92 27 9 79 86
20 66 10 66 92 27 9 79 86 20 66 92 27 9 79 86
20 66 92 10 66 92 27 9 79 86 20 66 92 27 9 79 86
20 66 92 10 92 27 9 79 86 20 66 92 27 9 79 86
20 66 92 27 10 92 27 9 79 86 20 66 92 27 9 79 86

24 87 98 25 14 87 15 24 87 98 25 14 87 15
24 87 98 25 14 87 15 24 87 14 87 98 25 14 87 15
24 87 98 25 14 87 15 24 87 98 14 87 98 25 14 87 15
24 87 98 25 14 87 15 24 87 98 14 98 25 14 87 15
24 87 98 25 14 87 15 24 87 98 25 14 98 25 14 87 15
24 87 14 87 98 25 14 87 15 24 87 98 25 14 87 15
24 87 98 14 87 98 25 14 87 15 24 87 98 25 14 87 15
24 87 98 14 98 25 14 87 15 24 87 98 25 14 87 15
24 87 98 25 14 98 25 14 87 15 24 87 98 25 14 87 15

73 67 83 75 91 76 78 73 67 83 75 91 76 78
73 67 83 75 91 76 78 73 67 14 67 83 75 91 76 78
73 67 83 75 91 76 78 73 67 83 14 67 83 75 91 76 78
73 67 83 75 91 76 78 73 67 83 14 83 75 91 76 78
73 67 83 75 91 76 78 73 67 83 75 14 83 75 91 76 78
73 67 14 67 83 75 91 76 78 73 67 83 75 91 76 78
73 67 83 14 67 83 75 91 76 78 73 67 83 75 91 76 78
73 67 83 14 83 75 91 76 78 73 67 83 75 91 76 78
73 67 83 75 14 83 75 91 76 78 73 67 83 75 91 76 78

67 96 65 19 42 94 35 67 96 65 19 42 94 35
67 96 65 19 42 94 35 67 96 11 96 65 19 42 94 35
67 96 65 19 42 94 35 67 96 65 11 96 65 19 42 94 35
67 96 65 19 42 94 35 67 96 65 11 65 19 42 94 35
67 96 65 19 42 94 35 67 96 65 19 11 65 19 42 94 35
67 96 11 96 65 19 42 94 35 67 96 65 19 42 94 35
67 96 65 11 96 65 19 42 94 35 67 96 65 19 42 94 35
67 96 65 11 65 19 42 94 35 67 96 65 19 42 94 35
67 96 65 19 11 65 19 42 94 35 67 96 65 19 42 94 35

8 28 65 22 47 62 76 8 28 65 22 47 62 76
8 28 65 22 47 62 76 8 28 12 28 65 22 47 62 76
8 28 65 22 47 62 76 8 28 65 12 28 65 22 47 62 76
8 28 65 22 47 62 76 8 28 65 12 65 22 47 62 76
8 28 65 22 47 62 76 8 28 65 22 12 65 22 47 62 76
8 28 12 28 65 22 47 62 76 8 28 65 22 47 62 76
8 28 65 12 28 65 22 47 62 76 8 28 65 22 47 62 76
8 28 65 12 65 22 47 62 76 8 28 65 22 47 62 76
8 28 65 22 12 65 22 47 62 76 8 28 65 22 47 62 76

47 76 41 82 74 17 52 47 76 41 82 74 17 52
47 76 41 82 74 17 52 47 76 8 76 41 82 74 17 52
47 76 41 82 74 17 52 47 76 41 8 76 41 82 74 17 52
47 76 41 82 74 17 52 47 76 41 8 41 82 74 17 52
47 76 41 82 74 17 52 47 76 41 82 8 41 82 74 17 52
47 76 8 76 41 82 74 17 52 47 76 41 82 74 17 52
47 76 41 8 76 41 82 74 17 52 47 76 41 82 74 17 52
47 76 41 8 41 82 74 17 52 47 76 41 82 74 17 52
47 76 41 82 8 41 82 74 17 52 47 76 41 82 74 17 52

13 41 28 28 40 10 22 13 41 28 28 40 10 22
13 41 28 28 40 10 22 13 41 7 41 28 28 40 10 22
13 41 28 28 40 10 22 13 41 28 7 41 28 28 40 10 22
13 41 28 28 40 10 22 13 41 28 7 28 28 40 10 22
13 41 28 28 40 10 22 13 41 28 28 7 28 28 40 10 22
13 41 7 41 28 28 40 10 22 13 41 28 28 40 10 22
13 41 28 7 41 28 28 40 10 22 13 41 28 28 40 10 22
13 41 28 7 28 28 40 10 22 13 41 28 28 40 10 22
13 41 28 28 7 28 28 40 10 22 13 41 28 28 40 10 22

90 34 82 26 76 15 14 90 34 82 26 76 15 14
90 34 82 26 76 15 14 90 34 20 34 82 26 76 15 14
90 34 82 26 76 15 14 90 34 82 20 34 82 26 76 15 14
90 34 82 26 76 15 14 90 34 82 20 82 26 76 15 14
90 34 82 26 76 15 14 90 34 82 26 20 82 26 76 15 14
90 34 20 34 82 26 76 15 14 90 34 82 26 76 15 14
90 34 82 20 34 82 26 76 15 14 90 34 82 26 76 15 14
90 34 82 20 82 26 76 15 14 90 34 82 26 76 15 14
90 34 82 26 20 82 26 76 15 14 90 34 82 26 76 15 14

68 66 78 9 65 18 21 68 66 78 9 65 18 21
68 66 78 9 65 18 21 68 66 14 66 78 9 65 18 21
68 66 78 9 65 18 21 68 66 78 14 66 78 9 65 18 21
68 66 78 9 65 18 21 68 66 78 14 78 9 65 18 21
68 66 78 9 65 18 21 68 66 78 9 14 78 9 65 18 21
68 66 14 66 78 9 65 18 21 68 66 78 9 65 18 21
68 66 78 14 66 78 9 65 18 21 68 66 78 9 65 18 21
68 66 78 14 78 9 65 18 21 68 66 78 9 65 18 21
68 66 78 9 14 78 9 65 18 21 68 66 78 9 65 18 21

85 25 84 9 35 13 23 85 25 84 9 35 13 23
85 25 84 9 35 13 23 85 25 6 25 84 9 35 13 23
85 25 84 9 35 13 23 85 25 84 6 25 84 9 35 13 23
85 25 84 9 35 13 23 85 25 84 6 84 9 35 13 23
85 25 84 9 35 13 23 85 25 84 9 6 84 9 35 13 23
85 25 6 25 84 9 35 13 23 85 25 84 9 35 13 23
85 25 84 6 25 84 9 35 13 23 85 25 84 9 35 13 23
85 25 84 6 84 9 35 13 23 85 25 84 9 35 13 23
85 25 84 9 6 84 9 35 13 23 85 25 84 9 35 13 23

95 88 84 46 76 70 20 95 88 84 46 76 70 20
95 88 84 46 76 70 20 95 88 16 88 84 46 76 70 20
95 88 84 46 76 70 20 95 88 84 16 88 84 46 76 70 20
95 88 84 46 76 70 20 95 88 84 16 84 46 76 70 20
95 88 84 46 76 70 20 95 88 84 46 16 84 46 76 70 20
95 88 16 88 84 46 76 70 20 95 88 84 46 76 70 20
95 88 84 16 88 84 46 76 70 20 95 88 84 46 76 70 20
95 88 84 16 84 46 76 70 20 95 88 84 46 76 70 20
95 88 84 46 16 84 46 76 70 20 95 88 84 46 76 70 20

84 77 50 24 72 49 24 84 77 50 24 72 49 24
84 77 50 24 72 49 24 84 77 17 77 50 24 72 49 24
84 77 50 24 72 49 24 84 77 50 17 77 50 24 72 49 24
84 77 50 24 72 49 24 84 77 50 17 50 24 72 49 24
84 77 50 24 72 49 24 84 77 50 24 17 50 24 72 49 24
84 77 17 77 50 24 72 49 24 84 77 50 24 72 49 24
84 77 50 17 77 50 24 72 49 24 84 77 50 24 72 49 24
84 77 50 17 50 24 72 49 24 84 77 50 24 72 49 24
84 77 50 24 17 50 24 72 49 24 84 77 50 24 72 49 24

81 13 88 79 85 59 45 81 13 88 79 85 59 45
81 13 88 79 85 59 45 81 13 18 13 88 79 85 59 45
81 13 88 79 85 59 45 81 13 88 18 13 88 79 85 59 45
81 13 88 79 85 59 45 81 13 88 18 88 79 85 59 45
81 13 88 79 85 59 45 81 13 88 79 18 88 79 85 59 45
81 13 18 13 88 79 85 59 45 81 13 88 79 85 59 45
81 13 88 18 13 88 79 85 59 45 81 13 88 79 85 59 45
81 13 88 18 88 79 85 59 45 81 13 88 79 85 59 45
81 13 88 79 18 88 79 85 59 45 81 13 88 79 85 59 45

61 86 66 29 84 51 27 61 86 66 29 84 51 27
61 86 66 29 84 51 27 61 86 20 86 66 29 84 51 27
61 86 66 29 84 51 27 61 86 66 20 86 66 29 84 51 27
61 86 66 29 84 51 27 61 86 66 20 66 29 84 51 27
61 86 66 29 84 51 27 61 86 66 29 20 66 29 84 51 27
61 86 20 86 66 29 84 51 27 61 86 66 29 84 51 27
61 86 66 20 86 66 29 84 51 27 61 86 66 29 84 51 27
61 86 66 20 66 29 84 51 27 61 86 66 29 84 51 27
61 86 66 29 20 66 29 84 51 27 61 86 66 29 84 51 27

14 8 30 12 84 53 18 14 8 30 12 84 53 18
14 8 30 12 84 53 18 14 8 9 8 30 12 84 53 18
14 8 30 12 84 53 18 14 8 30 9 8 30 12 84 53 18
14 8 30 12 84 53 18 14 8 30 9 30 12 84 53 18
14 8 30 12 84 53 18 14 8 30 12 9 30 12 84 53 18
14 8 9 8 30 12 84 53 18 14 8 30 12 84 53 18
14 8 30 9 8 30 12 84 53 18 14 8 30 12 84 53 18
14 8 30 9 30 12 84 53 18 14 8 30 12 84 53 18
14 8 30 12 9 30 12 84 53 18 14 8 30 12 84 53 18

72 68 91 37 97 27 40 72 68 91 37 97 27 40
72 68 91 37 97 27 40 72 68 9 68 91 37 97 27 40
72 68 91 37 97 27 40 72 68 91 9 68 91 37 97 27 40
72 68 91 37 97 27 40 72 68 91 9 91 37 97 27 40
72 68 91 37 97 27 40 72 68 91 37 9 91 37 97 27 40
72 68 9 68 91 37 97 27 40 72 68 91 37 97 27 40
72 68 91 9 68 91 37 97 27 40 72 68 91 37 97 27 40
72 68 91 9 91 37 97 27 40 72 68 91 37 97 27 40
72 68 91 37 9 91 37 97 27 40 72 68 91 37 97 27 40

35 17 8 71 80 79 42 35 17 8 71 80 79 42
35 17 8 71 80 79 42 35 17 15 17 8 71 80 79 42
35 17 8 71 80 79 42 35 17 8 15 17 8 71 80 79 42
35 17 8 71 80 79 42 35 17 8 15 8 71 80 79 42
35 17 8 71 80 79 42 35 17 8 71 15 8 71 80 79 42
35 17 15 17 8 71 80 79 42 35 17 8 71 80 79 42
35 17 8 15 17 8 71 80 79 42 35 17 8 71 80 79 42
35 17 8 15 8 71 80 79 42 35 17 8 71 80 79 42
35 17 8 71 15 8 71 80 79 42 35 17 8 71 80 79 42

67 31 55 42 88 92 30 67 31 55 42 88 92 30
67 31 55 42 88 92 30 67 31 17 31 55 42 88 92 30
67 31 55 42 88 92 30 67 31 55 17 31 55 42 88 92 30
67 31 55 42 88 92 30 67 31 55 17 55 42 88 92 30
67 31 55 42 88 92 30 67 31 55 42 17 55 42 88 92 30
67 31 17 31 55 42 88 92 30 67 31 55 42 88 92 30
67 31 55 17 31 55 42 88 92 30 67 31 55 42 88 92 30
67 31 55 17 55 42 88 92 30 67 31 55 42 88 92 30
67 31 55 42 17 55 42 88 92 30 67 31 55 42 88 92 30

89 72 57 86 46 98 96 89 72 57 86 46 98 96
89 72 57 86 46 98 96 89 72 13 72 57 86 46 98 96
89 72 57 86 46 98 96 89 72 57 13 72 57 86 46 98 96
89 72 57 86 46 98 96 89 72 57 13 57 86 46 98 96
89 72 57 86 46 98 96 89 72 57 86 13 57 86 46 98 96
89 72 13 72 57 86 46 98 96 89 72 57 86 46 98 96
89 72 57 13 72 57 86 46 98 96 89 72 57 86 46 98 96
89 72 57 13 57 86 46 98 96 89 72 57 86 46 98 96
89 72 57 86 13 57 86 46 98 96 89 72 57 86 46 98 96

19 41 19 14 93 52 66 19 41 19 14 93 52 66
19 41 19 14 93 52 66 19 41 19 41 19 14 93 52 66
19 41 19 14 93 52 66 19 41 19 19 41 19 14 93 52 66
19 41 19 14 93 52 66 19 41 19 19 19 14 93 52 66
19 41 19 14 93 52 66 19 41 19 14 19 19 14 93 52 66
19 41 19 41 19 14 93 52 66 19 41 19 14 93 52 66
19 41 19 19 41 19 14 93 52 66 19 41 19 14 93 52 66
19 41 19 19 19 14 93 52 66 19 41 19 14 93 52 66
19 41 19 14 19 19 14 93 52 66 19 41 19 14 93 52 66

97 100 44 65 67 5 34 97 100 44 65 67 5 34
97 100 44 65 67 5 34 97 100 12 100 44 65 67 5 34
97 100 44 65 67 5 34 97 100 44 12 100 44 65 67 5 34
97 100 44 65 67 5 34 97 100 44 12 44 65 67 5 34
97 100 44 65 67 5 34 97 100 44 65 12 44 65 67 5 34
97 100 12 100 44 65 67 5 34 97 100 44 65 67 5 34
97 100 44 12 100 44 65 67 5 34 97 100 44 65 67 5 34
97 100 44 12 44 65 67 5 34 97 100 44 65 67 5 34
97 100 44 65 12 44 65 67 5 34 97 100 44 65 67 5 34

11 41 24 50 35 5 99 11 41 24 50 35 5 99
11 41 24 50 35 5 99 11 41 17 41 24 50 35 5 99
11 41 24 50 35 5 99 11 41 24 17 41 24 50 35 5 99
11 41 24 50 35 5 99 11 41 24 17 24 50 35 5 99
11 41 24 50 35 5 99 11 41 24 50 17 24 50 35 5 99
11 41 17 41 24 50 35 5 99 11 41 24 50 35 5 99
11 41 24 17 41 24 50 35 5 99 11 41 24 50 35 5 99
11 41 24 17 24 50 35 5 99 11 41 24 50 35 5 99
11 41 24 50 17 24 50 35 5 99 11 41 24 50 35 5 99

82 56 30 32 88 50 95 82 56 30 32 88 50 95
82 56 30 32 88 50 95 82 56 5 56 30 32 88 50 95
82 56 30 32 88 50 95 82 56 30 5 56 30 32 88 50 95
82 56 30 32 88 50 95 82 56 30 5 30 32 88 50 95
82 56 30 32 88 50 95 82 56 30 32 5 30 32 88 50 95
82 56 5 56 30 32 88 50 95 82 56 30 32 88 50 95
82 56 30 5 56 30 32 88 50 95 82 56 30 32 88 50 95
82 56 30 5 30 32 88 50 95 82 56 30 32 88 50 95
82 56 30 32 5 30 32 88 50 95 82 56 30 32 88 50 95

84 70 53 66 65 64 91 84 70 53 66 65 64 91
84 70 53 66 65 64 91 84 70 15 70 53 66 65 64 91
84 70 53 66 65 64 91 84 70 53 15 70 53 66 65 64 91
84 70 53 66 65 64 91 84 70 53 15 53 66 65 64 91
84 70 53 66 65 64 91 84 70 53 66 15 53 66 65 64 91
84 70 15 70 53 66 65 64 91 84 70 53 66 65 64 91
84 70 53 15 70 53 66 65 64 91 84 70 53 66 65 64 91
84 70 53 15 53 66 65 64 91 84 70 53 66 65 64 91
84 70 53 66 15 53 66 65 64 91 84 70 53 66 65 64 91

61 21 36 73 80 79 95 61 21 36 73 80 79 95
61 21 36 73 80 79 95 61 21 6 21 36 73 80 79 95
61 21 36 73 80 79 95 61 21 36 6 21 36 73 80 79 95
61 21 36 73 80 79 95 61 21 36 6 36 73 80 79 95
61 21 36 73 80 79 95 61 21 36 73 6 36 73 80 79 95
61 21 6 21 36 73 80 79 95 61 21 36 73 80 79 95
61 21 36 6 21 36 73 80 79 95 61 21 36 73 80 79 95
61 21 36 6 36 73 80 79 95 61 21 36 73 80 79 95
61 21 36 73 6 36 73 80 79 95 61 21 36 73 80 79 95

33 13 62 38 43 9 49 33 13 62 38 43 9 49
33 13 62 38 43 9 49 33 13 12 13 62 38 43 9 49
33 13 62 38 43 9 49 33 13 62 12 13 62 38 43 9 49
33 13 62 38 43 9 49 33 13 62 12 62 38 43 9 49
33 13 62 38 43 9 49 33 13 62 38 12 62 38 43 9 49
33 13 12 13 62 38 43 9 49 33 13 62 38 43 9 49
33 13 62 12 13 62 38 43 9 49 33 13 62 38 43 9 49
33 13 62 12 62 38 43 9 49 33 13 62 38 43 9 49
33 13 62 38 12 62 38 43 9 49 33 13 62 38 43 9 49

38 84 100 19 6 56 44 38 84 100 19 6 56 44
38 84 100 19 6 56 44 38 84 18 84 100 19 6 56 44
38 84 100 19 6 56 44 38 84 100 18 84 100 19 6 56 44
38 84 100 19 6 56 44 38 84 100 18 100 19 6 56 44
38 84 100 19 6 56 44 38 84 100 19 18 100 19 6 56 44
38 84 18 84 100 19 6 56 44 38 84 100 19 6 56 44
38 84 100 18 84 100 19 6 56 44 38 84 100 19 6 56 44
38 84 100 18 100 19 6 56 44 38 84 100 19 6 56 44
38 84 100 19 18 100 19 6 56 44 38 84 100 19 6 56 44

13 81 21 40 84 21 20 13 81 21 40 84 21 20
13 81 21 40 84 21 20 13 81 10 81 21 40 84 21 20
13 81 21 40 84 21 20 13 81 21 10 81 21 40 84 21 20
13 81 21 40 84 21 20 13 81 21 10 21 40 84 21 20
13 81 21 40 84 21 20 13 81 21 40 10 21 40 84 21 20
13 81 10 81 21 40 84 21 20 13 81 21 40 84 21 20
13 81 21 10 81 21 40 84 21 20 13 81 21 40 84 21 20
13 81 21 10 21 40 84 21 20 13 81 21 40 84 21 20
13 81 21 40 10 21 40 84 21 20 13 81 21 40 84 21 20

91 19 47 77 38 97 59 91 19 47 77 38 97 59
91 19 47 77 38 97 59 91 19 18 19 47 77 38 97 59
91 19 47 77 38 97 59 91 19 47 18 19 47 77 38 97 59
91 19 47 77 38 97 59 91 19 47 18 47 77 38 97 59
91 19 47 77 38 97 59 91 19 47 77 18 47 77 38 97 59
91 19 18 19 47 77 38 97 59 91 19 47 77 38 97 59
91 19 47 18 19 47 77 38 97 59 91 19 47 77 38 97 59
91 19 47 18 47 77 38 97 59 91 19 47 77 38 97 59
91 19 47 77 18 47 77 38 97 59 91 19 47 77 38 97 59

47 19 68 30 82 6 30 47 19 68 30 82 6 30
47 19 68 30 82 6 30 47 19 8 19 68 30 82 6 30
47 19 68 30 82 6 30 47 19 68 8 19 68 30 82 6 30
47 19 68 30 82 6 30 47 19 68 8 68 30 82 6 30
47 19 68 30 82 6 30 47 19 68 30 8 68 30 82 6 30
47 19 8 19 68 30 82 6 30 47 19 68 30 82 6 30
47 19 68 8 19 68 30 82 6 30 47 19 68 30 82 6 30
47 19 68 8 68 30 82 6 30 47 19 68 30 82 6 30
47 19 68 30 8 68 30 82 6 30 47 19 68 30 82 6 30

6 64 55 93 36 68 57 6 64 55 93 36 68 57
6 64 55 93 36 68 57 6 64 14 64 55 93 36 68 57
6 64 55 93 36 68 57 6 64 55 14 64 55 93 36 68 57
6 64 55 93 36 68 57 6 64 55 14 55 93 36 68 57
6 64 55 93 36 68 57 6 64 55 93 14 55 93 36 68 57
6 64 14 64 55 93 36 68 57 6 64 55 93 36 68 57
6 64 55 14 64 55 93 36 68 57 6 64 55 93 36 68 57
6 64 55 14 55 93 36 68 57 6 64 55 93 36 68 57
6 64 55 93 14 55 93 36 68 57 6 64 55 93 36 68 57

30 77 85 21 58 56 26 30 77 85 21 58 56 26
30 77 85 21 58 56 26 30 77 10 77 85 21 58 56 26
30 77 85 21 58 56 26 30 77 85 10 77 85 21 58 56 26
30 77 85 21 58 56 26 30 77 85 10 85 21 58 56 26
30 77 85 21 58 56 26 30 77 85 21 10 85 21 58 56 26
30 77 10 77 85 21 58 56 26 30 77 85 21 58 56 26
30 77 85 10 77 85 21 58 56 26 30 77 85 21 58 56 26
30 77 85 10 85 21 58 56 26 30 77 85 21 58 56 26
30 77 85 21 10 85 21 58 56 26 30 77 85 21 58 56 26

90 70 51 58 76 21 25 90 70 51 58 76 21 25
90 70 51 58 76 21 25 90 70 9 70 51 58 76 21 25
90 70 51 58 76 21 25 90 70 51 9 70 51 58 76 21 25
90 70 51 58 76 21 25 90 70 51 9 51 58 76 21 25
90 70 51 58 76 21 25 90 70 51 58 9 51 58 76 21 25
90 70 9 70 51 58 76 21 25 90 70 51 58 76 21 25
90 70 51 9 70 51 58 76 21 25 90 70 51 58 76 21 25
90 70 51 9 51 58 76 21 25 90 70 51 58 76 21 25
90 70 51 58 9 51 58 76 21 25 90 70 51 58 76 21 25

9 13 61 31 95 79 80 9 13 61 31 95 79 80
9 13 61 31 95 79 80 9 13 20 13 61 31 95 79 80
9 13 61 31 95 79 80 9 13 61 20 13 61 31 95 79 80
9 13 61 31 95 79 80 9 13 61 20 61 31 95 79 80
9 13 61 31 95 79 80 9 13 61 31 20 61 31 95 79 80
9 13 20 13 61 31 95 79 80 9 13 61 31 95 79 80
9 13 61 20 13 61 31 95 79 80 9 13 61 31 95 79 80
9 13 61 20 61 31 95 79 80 9 13 61 31 95 79 80
9 13 61 31 20 61 31 95 79 80 9 13 61 31 95 79 80

77 64 27 44 52 10 83 77 64 27 44 52 10 83
77 64 27 44 52 10 83 77 64 13 64 27 44 52 10 83
77 64 27 44 52 10 83 77 64 27 13 64 27 44 52 10 83
77 64 27 44 52 10 83 77 64 27 13 27 44 52 10 83
77 64 27 44 52 10 83 77 64 27 44 13 27 44 52 10 83
77 64 13 64 27 44 52 10 83 77 64 27 44 52 10 83
77 64 27 13 64 27 44 52 10 83 77 64 27 44 52 10 83
77 64 27 13 27 44 52 10 83 77 64 27 44 52 10 83
77 64 27 44 13 27 44 52 10 83 77 64 27 44 52 10 83

11 77 83 38 45 6 7 11 77 83 38 45 6 7
11 77 83 38 45 6 7 11 77 5 77 83 38 45 6 7
11 77 83 38 45 6 7 11 77 83 5 77 83 38 45 6 7
11 77 83 38 45 6 7 11 77 83 5 83 38 45 6 7
11 77 83 38 45 6 7 11 77 83 38 5 83 38 45 6 7
11 77 5 77 83 38 45 6 7 11 77 83 38 45 6 7
11 77 83 5 77 83 38 45 6 7 11 77 83 38 45 6 7
11 77 83 5 83 38 45 6 7 11 77 83 38 45 6 7
11 77 83 38 5 83 38 45 6 7 11 77 83 38 45 6 7

34 35 77 65 72 52 26 34 35 77 65 72 52 26
34 35 77 65 72 52 26 34 35 8 35 77 65 72 52 26
34 35 77 65 72 52 26 34 35 77 8 35 77 65 72 52 26
34 35 77 65 72 52 26 34 35 77 8 77 65 72 52 26
34 35 77 65 72 52 26 34 35 77 65 8 77 65 72 52 26
34 35 8 35 77 65 72 52 26 34 35 77 65 72 52 26
34 35 77 8 35 77 65 72 52 26 34 35 77 65 72 52 26
34 35 77 8 77 65 72 52 26 34 35 77 65 72 52 26
34 35 77 65 8 77 65 72 52 26 34 35 77 65 72 52 26

100 25 44 88 88 46 29 100 25 44 88 88 46 29
100 25 44 88 88 46 29 100 25 10 25 44 88 88 46 29
100 25 44 88 88 46 29 100 25 44 10 25 44 88 88 46 29
100 25 44 88 88 46 29 100 25 44 10 44 88 88 46 29
100 25 44 88 88 46 29 100 25 44 88 10 44 88 88 46 29
100 25 10 25 44 88 88 46 29 100 25 44 88 88 46 29
100 25 44 10 25 44 88 88 46 29 100 25 44 88 88 46 29
100 25 44 10 44 88 88 46 29 100 25 44 88 88 46 29
100 25 44 88 10 44 88 88 46 29 100 25 44 88 88 46 29

71 48 37 15 30 55 71 71 48 37 15 30 55 71
71 48 37 15 30 55 71 71 48 14 48 37 15 30 55 71
71 48 37 15 30 55 71 71 48 37 14 48 37 15 30 55 71
71 48 37 15 30 55 71 71 48 37 14 37 15 30 55 71
71 48 37 15 30 55 71 71 48 37 15 14 37 15 30 55 71
71 48 14 48 37 15 30 55 71 71 48 37 15 30 55 71
71 48 37 14 48 37 15 30 55 71 71 48 37 15 30 55 71
71 48 37 14 37 15 30 55 71 71 48 37 15 30 55 71
71 48 37 15 14 37 15 30 55 71 71 48 37 15 30 55 71

20 19 96 50 25 43 97 20 19 96 50 25 43 97
20 19 96 50 25 43 97 20 19 8 19 96 50 25 43 97
20 19 96 50 25 43 97 20 19 96 8 19 96 50 25 43 97
20 19 96 50 25 43 97 20 19 96 8 96 50 25 43 97
20 19 96 50 25 43 97 20 19 96 50 8 96 50 25 43 97
20 19 8 19 96 50 25 43 97 20 19 96 50 25 43 97
20 19 96 8 19 96 50 25 43 97 20 19 96 50 25 43 97
20 19 96 8 96 50 25 43 97 20 19 96 50 25 43 97
20 19 96 50 8 96 50 25 43 97 20 19 96 50 25 43 97

18 68 23 33 73 63 100 18 68 23 33 73 63 100
18 68 23 33 73 63 100 18 68 17 68 23 33 73 63 100
18 68 23 33 73 63 100 18 68 23 17 68 23 33 73 63 100
18 68 23 33 73 63 100 18 68 23 17 23 33 73 63 100
18 68 23 33 73 63 100 18 68 23 33 17 23 33 73 63 100
18 68 17 68 23 33 73 63 100 18 68 23 33 73 63 100
18 68 23 17 68 23 33 73 63 100 18 68 23 33 73 63 100
18 68 23 17 23 33 73 63 100 18 68 23 33 73 63 100
18 68 23 33 17 23 33 73 63 100 18 68 23 33 73 63 100

22 10 36 50 61 86 17 22 10 36 50 61 86 17
22 10 36 50 61 86 17 22 10 5 10 36 50 61 86 17
22 10 36 50 61 86 17 22 10 36 5 10 36 50 61 86 17
22 10 36 50 61 86 17 22 10 36 5 36 50 61 86 17
22 10 36 50 61 86 17 22 10 36 50 5 36 50 61 86 17
22 10 5 10 36 50 61 86 17 22 10 36 50 61 86 17
22 10 36 5 10 36 50 61 86 17 22 10 36 50 61 86 17
22 10 36 5 36 50 61 86 17 22 10 36 50 61 86 17
22 10 36 50 5 36 50 61 86 17 22 10 36 50 61 86 17

45 60 32 12 5 69 91 45 60 32 12 5 69 91
45 60 32 12 5 69 91 45 60 14 60 32 12 5 69 91
45 60 32 12 5 69 91 45 60 32 14 60 32 12 5 69 91
45 60 32 12 5 69 91 45 60 32 14 32 12 5 69 91
45 60 32 12 5 69 91 45 60 32 12 14 32 12 5 69 91
45 60 14 60 32 12 5 69 91 45 60 32 12 5 69 91
45 60 32 14 60 32 12 5 69 91 45 60 32 12 5 69 91
45 60 32 14 32 12 5 69 91 45 60 32 12 5 69 91
45 60 32 12 14 32 12 5 69 91 45 60 32 12 5 69 91

35 77 64 19 63 37 51 35 77 64 19 63 37 51
35 77 64 19 63 37 51 35 77 9 77 64 19 63 37 51
35 77 64 19 63 37 51 35 77 64 9 77 64 19 63 37 51
35 77 64 19 63 37 51 35 77 64 9 64 19 63 37 51
35 77 64 19 63 37 51 35 77 64 19 9 64 19 63 37 51
35 77 9 77 64 19 63 37 51 35 77 64 19 63 37 51
35 77 64 9 77 64 19 63 37 51 35 77 64 19 63 37 51
35 77 64 9 64 19 63 37 51 35 77 64 19 63 37 51
35 77 64 19 9 64 19 63 37 51 35 77 64 19 63 37 51

65 95 88 73 5 5 19 65 95 88 73 5 5 19
65 95 88 73 5 5 19 65 95 12 95 88 73 5 5 19
65 95 88 73 5 5 19 65 95 88 12 95 88 73 5 5 19
65 95 88 73 5 5 19 65 95 88 12 88 73 5 5 19
65 95 88 73 5 5 19 65 95 88 73 12 88 73 5 5 19
65 95 12 95 88 73 5 5 19 65 95 88 73 5 5 19
65 95 88 12 95 88 73 5 5 19 65 95 88 73 5 5 19
65 95 88 12 88 73 5 5 19 65 95 88 73 5 5 19
65 95 88 73 12 88 73 5 5 19 65 95 88 73 5 5 19

