200
7
4
2

6
29
8
30
25
7
18
11
5
28
9
5
7
17
11
25
12
2
2
24
12
29
27
13
2
14
16
2
29
2
25
27
3
18
6
18
2
12
26
10
17
8
10
29
26
10
12
7
23
26
30
12
28
28
9
0
3
17
18
26
16
25
18
28
14
29
2
24
6
9
20
23
19
10
17
3
14
23
11
22
9
3
2
30
23
30
3
20
26
12
21
15
19
3
0
5
0
22
16
1
20
23
8
18
22
22
21
16
9
3
21
29
2
7
16
25
1
15
30
2
22
9
25
4
5
21
14
12
2
16
25
17
6
11
3
5
13
6
8
18
25
30
22
15
22
12
8
19
8
21
28
12
22
25
0
25
15
9
11
3
11
0
17
9
27
8
14
2
11
12
26
28
5
29
18
30
16
19
10
18
22
2
24
27
14
14
9
3
26
13
7
23
13
12
20
1
24
12
6
24

43 77 
61 72 
101 90 
51 42 
100 64 
25 86 
46 18 
65 56 
76 80 
113 79 
25 68 
46 81 
49 93 
63 42 
37 67 
77 98 
112 41 
93 103 
23 104 
67 95 
69 65 
68 30 
58 73 
36 55 
75 55 
72 18 
111 96 
24 112 
80 105 
92 48 
95 40 
67 97 
39 60 
114 40 
67 109 
93 74 
107 42 
35 92 
108 114 
99 95 
49 83 
116 88 
110 94 
46 72 
57 34 
95 67 
44 51 
54 106 
55 35 
54 37 
62 65 
53 71 
55 76 
100 29 
97 106 
82 42 
50 34 
100 92 
51 36 
52 46 
98 67 
73 15 
72 40 
52 107 
13 90 
32 39 
90 21 
65 68 
34 46 
68 40 
47 58 
116 40 
98 24 
103 91 
60 73 
106 67 
82 104 
46 78 
101 21 
92 48 
36 46 
111 97 
17 111 
107 82 
111 49 
71 97 
81 59 
46 68 
30 71 
29 95 
59 29 
96 25 
54 40 
119 60 
27 22 
97 39 
71 33 
16 59 
52 24 
117 57 
34 42 
51 84 
108 24 
52 77 
69 17 
90 38 
56 109 
53 33 
48 78 
47 35 
84 68 
19 99 
34 55 
31 106 
88 58 
19 99 
94 57 
103 45 
107 98 
50 36 
49 38 
106 54 
26 41 
65 26 
46 38 
101 23 
36 40 
83 47 
82 90 
28 104 
104 26 
90 67 
108 91 
112 38 
63 87 
70 93 
32 85 
97 75 
90 28 
57 108 
69 49 
79 29 
66 20 
101 105 
27 75 
87 43 
84 98 
110 46 
62 72 
72 70 
85 103 
110 68 
85 94 
14 68 
109 106 
100 60 
93 70 
72 38 
40 52 
53 106 
63 55 
83 82 
31 48 
108 42 
82 24 
116 38 
98 40 
79 47 
104 71 
88 39 
24 35 
98 97 
98 64 
106 106 
41 109 
44 90 
88 62 
107 77 
69 82 
95 60 
88 93 
89 43 
41 77 
21 84 
38 93 
57 86 
63 62 
33 80 
61 81 
79 99 
92 54 
24 52 
54 83 
94 97 
105 80 
38 29 
63 40 
77 116 
17 88 
78 63 

1980
1566
2050
2177
1540
2038
1019
1898
2419
2689
1674
1777
2057
1611
2271
1944
2089
2017
2115
2104
1865
1741
2493
1364
2268
2016
2600
1844
1937
1556
1473
2059
1230
1771
2275
2218
2051
1758
2354
1832
1686
2531
2247
1546
1350
1554
1788
2382
1267
2170
1882
2083
1433
1622
2793
1505
2308
2160
1491
1486
2005
1455
1909
1675
1421
1800
1724
1581
1842
1796
1537
1857
1645
1891
1982
2021
2559
1998
1840
1881
1173
1850
1995
2803
2558
2021
2152
1265
1548
1975
804
1968
1785
2603
986
1752
1824
1862
1577
1973
2340
1389
2448
2203
1612
1601
1667
1009
1889
1698
2104
1521
1848
1861
1988
1292
1966
2367
2325
1774
1669
1718
1304
2161
1063
1840
1502
1695
2618
2511
2429
1916
2283
1612
1505
1612
1808
2039
1842
2104
1667
1418
1340
2728
1988
1848
2417
2047
1242
2124
3088
2629
2231
1303
2275
2256
2431
1308
1782
1366
1572
2549
1421
2030
2458
2204
2101
1946
1726
1546
1507
1875
1502
2688
2233
1809
2358
1899
2426
1507
2125
1632
1857
1768
1621
1795
1952
1227
2297
1774
2203
964
1687
2170
2438
1586
1934
1947
2232
2286

1 2 3 4 5 1 2 3 4 5 6 7
1 2 3 4 5 1 2 100 102 3 4 5 6 7
1 2 3 4 5 1 2 3 100 102 103 4 5 6 7
1 2 3 4 5 1 2 3 100 103 4 5 6 7
1 2 3 4 5 1 2 3 4 100 103 104 5 6 7
1 2 100 102 3 4 5 1 2 3 4 5 6 7
1 2 3 100 102 103 4 5 1 2 3 4 5 6 7
1 2 3 100 103 4 5 1 2 3 4 5 6 7
1 2 3 4 100 103 104 5 1 2 3 4 5 6 7

54 82 25 64 61 56 62 54 82 25 64 61 56 62
54 82 25 64 61 56 62 54 82 10 82 25 64 61 56 62
54 82 25 64 61 56 62 54 82 25 10 82 25 64 61 56 62
54 82 25 64 61 56 62 54 82 25 10 25 64 61 56 62
54 82 25 64 61 56 62 54 82 25 64 10 25 64 61 56 62
54 82 10 82 25 64 61 56 62 54 82 25 64 61 56 62
54 82 25 10 82 25 64 61 56 62 54 82 25 64 61 56 62
54 82 25 10 25 64 61 56 62 54 82 25 64 61 56 62
54 82 25 64 10 25 64 61 56 62 54 82 25 64 61 56 62

10 69 55 64 22 31 59 10 69 55 64 22 31 59
10 69 55 64 22 31 59 10 69 13 69 55 64 22 31 59
10 69 55 64 22 31 59 10 69 55 13 69 55 64 22 31 59
10 69 55 64 22 31 59 10 69 55 13 55 64 22 31 59
10 69 55 64 22 31 59 10 69 55 64 13 55 64 22 31 59
10 69 13 69 55 64 22 31 59 10 69 55 64 22 31 59
10 69 55 13 69 55 64 22 31 59 10 69 55 64 22 31 59
10 69 55 13 55 64 22 31 59 10 69 55 64 22 31 59
10 69 55 64 13 55 64 22 31 59 10 69 55 64 22 31 59

61 67 87 77 24 13 54 61 67 87 77 24 13 54
61 67 87 77 24 13 54 61 67 9 67 87 77 24 13 54
61 67 87 77 24 13 54 61 67 87 9 67 87 77 24 13 54
61 67 87 77 24 13 54 61 67 87 9 87 77 24 13 54
61 67 87 77 24 13 54 61 67 87 77 9 87 77 24 13 54
61 67 9 67 87 77 24 13 54 61 67 87 77 24 13 54
61 67 87 9 67 87 77 24 13 54 61 67 87 77 24 13 54
61 67 87 9 87 77 24 13 54 61 67 87 77 24 13 54
61 67 87 77 9 87 77 24 13 54 61 67 87 77 24 13 54

78 76 44 25 89 23 98 78 76 44 25 89 23 98
78 76 44 25 89 23 98 78 76 14 76 44 25 89 23 98
78 76 44 25 89 23 98 78 76 44 14 76 44 25 89 23 98
78 76 44 25 89 23 98 78 76 44 14 44 25 89 23 98
78 76 44 25 89 23 98 78 76 44 25 14 44 25 89 23 98
78 76 14 76 44 25 89 23 98 78 76 44 25 89 23 98
78 76 44 14 76 44 25 89 23 98 78 76 44 25 89 23 98
78 76 44 14 44 25 89 23 98 78 76 44 25 89 23 98
78 76 44 25 14 44 25 89 23 98 78 76 44 25 89 23 98

6 16 84 57 43 39 71 6 16 84 57 43 39 71
6 16 84 57 43 39 71 6 16 16 16 84 57 43 39 71
6 16 84 57 43 39 71 6 16 84 16 16 84 57 43 39 71
6 16 84 57 43 39 71 6 16 84 16 84 57 43 39 71
6 16 84 57 43 39 71 6 16 84 57 16 84 57 43 39 71
6 16 16 16 84 57 43 39 71 6 16 84 57 43 39 71
6 16 84 16 16 84 57 43 39 71 6 16 84 57 43 39 71
6 16 84 16 84 57 43 39 71 6 16 84 57 43 39 71
6 16 84 57 16 84 57 43 39 71 6 16 84 57 43 39 71

85 31 19 79 90 76 6 85 31 19 79 90 76 6
85 31 19 79 90 76 6 85 31 13 31 19 79 90 76 6
85 31 19 79 90 76 6 85 31 19 13 31 19 79 90 76 6
85 31 19 79 90 76 6 85 31 19 13 19 79 90 76 6
85 31 19 79 90 76 6 85 31 19 79 13 19 79 90 76 6
85 31 13 31 19 79 90 76 6 85 31 19 79 90 76 6
85 31 19 13 31 19 79 90 76 6 85 31 19 79 90 76 6
85 31 19 13 19 79 90 76 6 85 31 19 79 90 76 6
85 31 19 79 13 19 79 90 76 6 85 31 19 79 90 76 6

7 91 33 11 14 20 11 7 91 33 11 14 20 11
7 91 33 11 14 20 11 7 91 18 91 33 11 14 20 11
7 91 33 11 14 20 11 7 91 33 18 91 33 11 14 20 11
7 91 33 11 14 20 11 7 91 33 18 33 11 14 20 11
7 91 33 11 14 20 11 7 91 33 11 18 33 11 14 20 11
7 91 18 91 33 11 14 20 11 7 91 33 11 14 20 11
7 91 33 18 91 33 11 14 20 11 7 91 33 11 14 20 11
7 91 33 18 33 11 14 20 11 7 91 33 11 14 20 11
7 91 33 11 18 33 11 14 20 11 7 91 33 11 14 20 11

31 96 45 39 13 98 99 31 96 45 39 13 98 99
31 96 45 39 13 98 99 31 96 10 96 45 39 13 98 99
31 96 45 39 13 98 99 31 96 45 10 96 45 39 13 98 99
31 96 45 39 13 98 99 31 96 45 10 45 39 13 98 99
31 96 45 39 13 98 99 31 96 45 39 10 45 39 13 98 99
31 96 10 96 45 39 13 98 99 31 96 45 39 13 98 99
31 96 45 10 96 45 39 13 98 99 31 96 45 39 13 98 99
31 96 45 10 45 39 13 98 99 31 96 45 39 13 98 99
31 96 45 39 10 45 39 13 98 99 31 96 45 39 13 98 99

56 75 64 73 60 70 96 56 75 64 73 60 70 96
56 75 64 73 60 70 96 56 75 11 75 64 73 60 70 96
56 75 64 73 60 70 96 56 75 64 11 75 64 73 60 70 96
56 75 64 73 60 70 96 56 75 64 11 64 73 60 70 96
56 75 64 73 60 70 96 56 75 64 73 11 64 73 60 70 96
56 75 11 75 64 73 60 70 96 56 75 64 73 60 70 96
56 75 64 11 75 64 73 60 70 96 56 75 64 73 60 70 96
56 75 64 11 64 73 60 70 96 56 75 64 73 60 70 96
56 75 64 73 11 64 73 60 70 96 56 75 64 73 60 70 96

97 100 99 67 20 64 80 97 100 99 67 20 64 80
97 100 99 67 20 64 80 97 100 9 100 99 67 20 64 80
97 100 99 67 20 64 80 97 100 99 9 100 99 67 20 64 80
97 100 99 67 20 64 80 97 100 99 9 99 67 20 64 80
97 100 99 67 20 64 80 97 100 99 67 9 99 67 20 64 80
97 100 9 100 99 67 20 64 80 97 100 99 67 20 64 80
97 100 99 9 100 99 67 20 64 80 97 100 99 67 20 64 80
97 100 99 9 99 67 20 64 80 97 100 99 67 20 64 80
97 100 99 67 9 99 67 20 64 80 97 100 99 67 20 64 80

63 62 20 60 13 86 62 63 62 20 60 13 86 62
63 62 20 60 13 86 62 63 62 14 62 20 60 13 86 62
63 62 20 60 13 86 62 63 62 20 14 62 20 60 13 86 62
63 62 20 60 13 86 62 63 62 20 14 20 60 13 86 62
63 62 20 60 13 86 62 63 62 20 60 14 20 60 13 86 62
63 62 14 62 20 60 13 86 62 63 62 20 60 13 86 62
63 62 20 14 62 20 60 13 86 62 63 62 20 60 13 86 62
63 62 20 14 20 60 13 86 62 63 62 20 60 13 86 62
63 62 20 60 14 20 60 13 86 62 63 62 20 60 13 86 62

81 45 30 70 40 11 77 81 45 30 70 40 11 77
81 45 30 70 40 11 77 81 45 18 45 30 70 40 11 77
81 45 30 70 40 11 77 81 45 30 18 45 30 70 40 11 77
81 45 30 70 40 11 77 81 45 30 18 30 70 40 11 77
81 45 30 70 40 11 77 81 45 30 70 18 30 70 40 11 77
81 45 18 45 30 70 40 11 77 81 45 30 70 40 11 77
81 45 30 18 45 30 70 40 11 77 81 45 30 70 40 11 77
81 45 30 18 30 70 40 11 77 81 45 30 70 40 11 77
81 45 30 70 18 30 70 40 11 77 81 45 30 70 40 11 77

99 81 42 77 12 69 8 99 81 42 77 12 69 8
99 81 42 77 12 69 8 99 81 12 81 42 77 12 69 8
99 81 42 77 12 69 8 99 81 42 12 81 42 77 12 69 8
99 81 42 77 12 69 8 99 81 42 12 42 77 12 69 8
99 81 42 77 12 69 8 99 81 42 77 12 42 77 12 69 8
99 81 12 81 42 77 12 69 8 99 81 42 77 12 69 8
99 81 42 12 81 42 77 12 69 8 99 81 42 77 12 69 8
99 81 42 12 42 77 12 69 8 99 81 42 77 12 69 8
99 81 42 77 12 42 77 12 69 8 99 81 42 77 12 69 8

25 33 51 23 81 61 72 25 33 51 23 81 61 72
25 33 51 23 81 61 72 25 33 8 33 51 23 81 61 72
25 33 51 23 81 61 72 25 33 51 8 33 51 23 81 61 72
25 33 51 23 81 61 72 25 33 51 8 51 23 81 61 72
25 33 51 23 81 61 72 25 33 51 23 8 51 23 81 61 72
25 33 8 33 51 23 81 61 72 25 33 51 23 81 61 72
25 33 51 8 33 51 23 81 61 72 25 33 51 23 81 61 72
25 33 51 8 51 23 81 61 72 25 33 51 23 81 61 72
25 33 51 23 8 51 23 81 61 72 25 33 51 23 81 61 72

82 53 22 50 91 84 92 82 53 22 50 91 84 92
82 53 22 50 91 84 92 82 53 6 53 22 50 91 84 92
82 53 22 50 91 84 92 82 53 22 6 53 22 50 91 84 92
82 53 22 50 91 84 92 82 53 22 6 22 50 91 84 92
82 53 22 50 91 84 92 82 53 22 50 6 22 50 91 84 92
82 53 6 53 22 50 91 84 92 82 53 22 50 91 84 92
82 53 22 6 53 22 50 91 84 92 82 53 22 50 91 84 92
82 53 22 6 22 50 91 84 92 82 53 22 50 91 84 92
82 53 22 50 6 22 50 91 84 92 82 53 22 50 91 84 92

64 6 59 84 48 44 88 64 6 59 84 48 44 88
64 6 59 84 48 44 88 64 6 6 6 59 84 48 44 88
64 6 59 84 48 44 88 64 6 59 6 6 59 84 48 44 88
64 6 59 84 48 44 88 64 6 59 6 59 84 48 44 88
64 6 59 84 48 44 88 64 6 59 84 6 59 84 48 44 88
64 6 6 6 59 84 48 44 88 64 6 59 84 48 44 88
64 6 59 6 6 59 84 48 44 88 64 6 59 84 48 44 88
64 6 59 6 59 84 48 44 88 64 6 59 84 48 44 88
64 6 59 84 6 59 84 48 44 88 64 6 59 84 48 44 88

71 25 93 35 63 81 68 71 25 93 35 63 81 68
71 25 93 35 63 81 68 71 25 11 25 93 35 63 81 68
71 25 93 35 63 81 68 71 25 93 11 25 93 35 63 81 68
71 25 93 35 63 81 68 71 25 93 11 93 35 63 81 68
71 25 93 35 63 81 68 71 25 93 35 11 93 35 63 81 68
71 25 11 25 93 35 63 81 68 71 25 93 35 63 81 68
71 25 93 11 25 93 35 63 81 68 71 25 93 35 63 81 68
71 25 93 11 93 35 63 81 68 71 25 93 35 63 81 68
71 25 93 35 11 93 35 63 81 68 71 25 93 35 63 81 68

34 5 76 92 89 51 48 34 5 76 92 89 51 48
34 5 76 92 89 51 48 34 5 8 5 76 92 89 51 48
34 5 76 92 89 51 48 34 5 76 8 5 76 92 89 51 48
34 5 76 92 89 51 48 34 5 76 8 76 92 89 51 48
34 5 76 92 89 51 48 34 5 76 92 8 76 92 89 51 48
34 5 8 5 76 92 89 51 48 34 5 76 92 89 51 48
34 5 76 8 5 76 92 89 51 48 34 5 76 92 89 51 48
34 5 76 8 76 92 89 51 48 34 5 76 92 89 51 48
34 5 76 92 8 76 92 89 51 48 34 5 76 92 89 51 48

59 51 10 99 80 27 93 59 51 10 99 80 27 93
59 51 10 99 80 27 93 59 51 11 51 10 99 80 27 93
59 51 10 99 80 27 93 59 51 10 11 51 10 99 80 27 93
59 51 10 99 80 27 93 59 51 10 11 10 99 80 27 93
59 51 10 99 80 27 93 59 51 10 99 11 10 99 80 27 93
59 51 11 51 10 99 80 27 93 59 51 10 99 80 27 93
59 51 10 11 51 10 99 80 27 93 59 51 10 99 80 27 93
59 51 10 11 10 99 80 27 93 59 51 10 99 80 27 93
59 51 10 99 11 10 99 80 27 93 59 51 10 99 80 27 93

53 92 58 78 25 86 33 53 92 58 78 25 86 33
53 92 58 78 25 86 33 53 92 19 92 58 78 25 86 33
53 92 58 78 25 86 33 53 92 58 19 92 58 78 25 86 33
53 92 58 78 25 86 33 53 92 58 19 58 78 25 86 33
53 92 58 78 25 86 33 53 92 58 78 19 58 78 25 86 33
53 92 19 92 58 78 25 86 33 53 92 58 78 25 86 33
53 92 58 19 92 58 78 25 86 33 53 92 58 78 25 86 33
53 92 58 19 58 78 25 86 33 53 92 58 78 25 86 33
53 92 58 78 19 58 78 25 86 33 53 92 58 78 25 86 33

68 52 59 46 72 25 9 68 52 59 46 72 25 9
68 52 59 46 72 25 9 68 52 8 52 59 46 72 25 9
68 52 59 46 72 25 9 68 52 59 8 52 59 46 72 25 9
68 52 59 46 72 25 9 68 52 59 8 59 46 72 25 9
68 52 59 46 72 25 9 68 52 59 46 8 59 46 72 25 9
68 52 8 52 59 46 72 25 9 68 52 59 46 72 25 9
68 52 59 8 52 59 46 72 25 9 68 52 59 46 72 25 9
68 52 59 8 59 46 72 25 9 68 52 59 46 72 25 9
68 52 59 46 8 59 46 72 25 9 68 52 59 46 72 25 9

29 84 53 12 60 94 31 29 84 53 12 60 94 31
29 84 53 12 60 94 31 29 84 18 84 53 12 60 94 31
29 84 53 12 60 94 31 29 84 53 18 84 53 12 60 94 31
29 84 53 12 60 94 31 29 84 53 18 53 12 60 94 31
29 84 53 12 60 94 31 29 84 53 12 18 53 12 60 94 31
29 84 18 84 53 12 60 94 31 29 84 53 12 60 94 31
29 84 53 18 84 53 12 60 94 31 29 84 53 12 60 94 31
29 84 53 18 53 12 60 94 31 29 84 53 12 60 94 31
29 84 53 12 18 53 12 60 94 31 29 84 53 12 60 94 31

97 26 49 56 93 98 95 97 26 49 56 93 98 95
97 26 49 56 93 98 95 97 26 14 26 49 56 93 98 95
97 26 49 56 93 98 95 97 26 49 14 26 49 56 93 98 95
97 26 49 56 93 98 95 97 26 49 14 49 56 93 98 95
97 26 49 56 93 98 95 97 26 49 56 14 49 56 93 98 95
97 26 14 26 49 56 93 98 95 97 26 49 56 93 98 95
97 26 49 14 26 49 56 93 98 95 97 26 49 56 93 98 95
97 26 49 14 49 56 93 98 95 97 26 49 56 93 98 95
97 26 49 56 14 49 56 93 98 95 97 26 49 56 93 98 95

42 65 20 46 37 35 19 42 65 20 46 37 35 19
42 65 20 46 37 35 19 42 65 7 65 20 46 37 35 19
42 65 20 46 37 35 19 42 65 20 7 65 20 46 37 35 19
42 65 20 46 37 35 19 42 65 20 7 20 46 37 35 19
42 65 20 46 37 35 19 42 65 20 46 7 20 46 37 35 19
42 65 7 65 20 46 37 35 19 42 65 20 46 37 35 19
42 65 20 7 65 20 46 37 35 19 42 65 20 46 37 35 19
42 65 20 7 20 46 37 35 19 42 65 20 46 37 35 19
42 65 20 46 7 20 46 37 35 19 42 65 20 46 37 35 19

100 6 55 49 99 97 64 100 6 55 49 99 97 64
100 6 55 49 99 97 64 100 6 17 6 55 49 99 97 64
100 6 55 49 99 97 64 100 6 55 17 6 55 49 99 97 64
100 6 55 49 99 97 64 100 6 55 17 55 49 99 97 64
100 6 55 49 99 97 64 100 6 55 49 17 55 49 99 97 64
100 6 17 6 55 49 99 97 64 100 6 55 49 99 97 64
100 6 55 17 6 55 49 99 97 64 100 6 55 49 99 97 64
100 6 55 17 55 49 99 97 64 100 6 55 49 99 97 64
100 6 55 49 17 55 49 99 97 64 100 6 55 49 99 97 64

97 86 57 6 47 83 27 97 86 57 6 47 83 27
97 86 57 6 47 83 27 97 86 15 86 57 6 47 83 27
97 86 57 6 47 83 27 97 86 57 15 86 57 6 47 83 27
97 86 57 6 47 83 27 97 86 57 15 57 6 47 83 27
97 86 57 6 47 83 27 97 86 57 6 15 57 6 47 83 27
97 86 15 86 57 6 47 83 27 97 86 57 6 47 83 27
97 86 57 15 86 57 6 47 83 27 97 86 57 6 47 83 27
97 86 57 15 57 6 47 83 27 97 86 57 6 47 83 27
97 86 57 6 15 57 6 47 83 27 97 86 57 6 47 83 27

82 48 97 88 85 74 20 82 48 97 88 85 74 20
82 48 97 88 85 74 20 82 48 18 48 97 88 85 74 20
82 48 97 88 85 74 20 82 48 97 18 48 97 88 85 74 20
82 48 97 88 85 74 20 82 48 97 18 97 88 85 74 20
82 48 97 88 85 74 20 82 48 97 88 18 97 88 85 74 20
82 48 18 48 97 88 85 74 20 82 48 97 88 85 74 20
82 48 97 18 48 97 88 85 74 20 82 48 97 88 85 74 20
82 48 97 18 97 88 85 74 20 82 48 97 88 85 74 20
82 48 97 88 18 97 88 85 74 20 82 48 97 88 85 74 20

95 36 19 96 30 69 11 95 36 19 96 30 69 11
95 36 19 96 30 69 11 95 36 7 36 19 96 30 69 11
95 36 19 96 30 69 11 95 36 19 7 36 19 96 30 69 11
95 36 19 96 30 69 11 95 36 19 7 19 96 30 69 11
95 36 19 96 30 69 11 95 36 19 96 7 19 96 30 69 11
95 36 7 36 19 96 30 69 11 95 36 19 96 30 69 11
95 36 19 7 36 19 96 30 69 11 95 36 19 96 30 69 11
95 36 19 7 19 96 30 69 11 95 36 19 96 30 69 11
95 36 19 96 7 19 96 30 69 11 95 36 19 96 30 69 11

15 22 69 88 75 95 19 15 22 69 88 75 95 19
15 22 69 88 75 95 19 15 22 7 22 69 88 75 95 19
15 22 69 88 75 95 19 15 22 69 7 22 69 88 75 95 19
15 22 69 88 75 95 19 15 22 69 7 69 88 75 95 19
15 22 69 88 75 95 19 15 22 69 88 7 69 88 75 95 19
15 22 7 22 69 88 75 95 19 15 22 69 88 75 95 19
15 22 69 7 22 69 88 75 95 19 15 22 69 88 75 95 19
15 22 69 7 69 88 75 95 19 15 22 69 88 75 95 19
15 22 69 88 7 69 88 75 95 19 15 22 69 88 75 95 19

18 31 80 37 41 93 37 18 31 80 37 41 93 37
18 31 80 37 41 93 37 18 31 13 31 80 37 41 93 37
18 31 80 37 41 93 37 18 31 80 13 31 80 37 41 93 37
18 31 80 37 41 93 37 18 31 80 13 80 37 41 93 37
18 31 80 37 41 93 37 18 31 80 37 13 80 37 41 93 37
18 31 13 31 80 37 41 93 37 18 31 80 37 41 93 37
18 31 80 13 31 80 37 41 93 37 18 31 80 37 41 93 37
18 31 80 13 80 37 41 93 37 18 31 80 37 41 93 37
18 31 80 37 13 80 37 41 93 37 18 31 80 37 41 93 37

9 23 84 22 46 76 47 9 23 84 22 46 76 47
9 23 84 22 46 76 47 9 23 12 23 84 22 46 76 47
9 23 84 22 46 76 47 9 23 84 12 23 84 22 46 76 47
9 23 84 22 46 76 47 9 23 84 12 84 22 46 76 47
9 23 84 22 46 76 47 9 23 84 22 12 84 22 46 76 47
9 23 12 23 84 22 46 76 47 9 23 84 22 46 76 47
9 23 84 12 23 84 22 46 76 47 9 23 84 22 46 76 47
9 23 84 12 84 22 46 76 47 9 23 84 22 46 76 47
9 23 84 22 12 84 22 46 76 47 9 23 84 22 46 76 47

11 54 54 79 93 53 67 11 54 54 79 93 53 67
11 54 54 79 93 53 67 11 54 18 54 54 79 93 53 67
11 54 54 79 93 53 67 11 54 54 18 54 54 79 93 53 67
11 54 54 79 93 53 67 11 54 54 18 54 79 93 53 67
11 54 54 79 93 53 67 11 54 54 79 18 54 79 93 53 67
11 54 18 54 54 79 93 53 67 11 54 54 79 93 53 67
11 54 54 18 54 54 79 93 53 67 11 54 54 79 93 53 67
11 54 54 18 54 79 93 53 67 11 54 54 79 93 53 67
11 54 54 79 18 54 79 93 53 67 11 54 54 79 93 53 67

43 62 19 40 28 22 13 43 62 19 40 28 22 13
43 62 19 40 28 22 13 43 62 17 62 19 40 28 22 13
43 62 19 40 28 22 13 43 62 19 17 62 19 40 28 22 13
43 62 19 40 28 22 13 43 62 19 17 19 40 28 22 13
43 62 19 40 28 22 13 43 62 19 40 17 19 40 28 22 13
43 62 17 62 19 40 28 22 13 43 62 19 40 28 22 13
43 62 19 17 62 19 40 28 22 13 43 62 19 40 28 22 13
43 62 19 17 19 40 28 22 13 43 62 19 40 28 22 13
43 62 19 40 17 19 40 28 22 13 43 62 19 40 28 22 13

6 29 97 32 79 81 30 6 29 97 32 79 81 30
6 29 97 32 79 81 30 6 29 20 29 97 32 79 81 30
6 29 97 32 79 81 30 6 29 97 20 29 97 32 79 81 30
6 29 97 32 79 81 30 6 29 97 20 97 32 79 81 30
6 29 97 32 79 81 30 6 29 97 32 20 97 32 79 81 30
6 29 20 29 97 32 79 81 30 6 29 97 32 79 81 30
6 29 97 20 29 97 32 79 81 30 6 29 97 32 79 81 30
6 29 97 20 97 32 79 81 30 6 29 97 32 79 81 30
6 29 97 32 20 97 32 79 81 30 6 29 97 32 79 81 30

82 71 53 95 14 73 85 82 71 53 95 14 73 85
82 71 53 95 14 73 85 82 71 11 71 53 95 14 73 85
82 71 53 95 14 73 85 82 71 53 11 71 53 95 14 73 85
82 71 53 95 14 73 85 82 71 53 11 53 95 14 73 85
82 71 53 95 14 73 85 82 71 53 95 11 53 95 14 73 85
82 71 11 71 53 95 14 73 85 82 71 53 95 14 73 85
82 71 53 11 71 53 95 14 73 85 82 71 53 95 14 73 85
82 71 53 11 53 95 14 73 85 82 71 53 95 14 73 85
82 71 53 95 11 53 95 14 73 85 82 71 53 95 14 73 85

57 76 84 67 36 74 54 57 76 84 67 36 74 54
57 76 84 67 36 74 54 57 76 12 76 84 67 36 74 54
57 76 84 67 36 74 54 57 76 84 12 76 84 67 36 74 54
57 76 84 67 36 74 54 57 76 84 12 84 67 36 74 54
57 76 84 67 36 74 54 57 76 84 67 12 84 67 36 74 54
57 76 12 76 84 67 36 74 54 57 76 84 67 36 74 54
57 76 84 12 76 84 67 36 74 54 57 76 84 67 36 74 54
57 76 84 12 84 67 36 74 54 57 76 84 67 36 74 54
57 76 84 67 12 84 67 36 74 54 57 76 84 67 36 74 54

82 81 94 29 23 73 14 82 81 94 29 23 73 14
82 81 94 29 23 73 14 82 81 10 81 94 29 23 73 14
82 81 94 29 23 73 14 82 81 94 10 81 94 29 23 73 14
82 81 94 29 23 73 14 82 81 94 10 94 29 23 73 14
82 81 94 29 23 73 14 82 81 94 29 10 94 29 23 73 14
82 81 10 81 94 29 23 73 14 82 81 94 29 23 73 14
82 81 94 10 81 94 29 23 73 14 82 81 94 29 23 73 14
82 81 94 10 94 29 23 73 14 82 81 94 29 23 73 14
82 81 94 29 10 94 29 23 73 14 82 81 94 29 23 73 14

11 61 21 74 83 25 72 11 61 21 74 83 25 72
11 61 21 74 83 25 72 11 61 6 61 21 74 83 25 72
11 61 21 74 83 25 72 11 61 21 6 61 21 74 83 25 72
11 61 21 74 83 25 72 11 61 21 6 21 74 83 25 72
11 61 21 74 83 25 72 11 61 21 74 6 21 74 83 25 72
11 61 6 61 21 74 83 25 72 11 61 21 74 83 25 72
11 61 21 6 61 21 74 83 25 72 11 61 21 74 83 25 72
11 61 21 6 21 74 83 25 72 11 61 21 74 83 25 72
11 61 21 74 6 21 74 83 25 72 11 61 21 74 83 25 72

8 20 88 99 96 86 97 8 20 88 99 96 86 97
8 20 88 99 96 86 97 8 20 20 20 88 99 96 86 97
8 20 88 99 96 86 97 8 20 88 20 20 88 99 96 86 97
8 20 88 99 96 86 97 8 20 88 20 88 99 96 86 97
8 20 88 99 96 86 97 8 20 88 99 20 88 99 96 86 97
8 20 20 20 88 99 96 86 97 8 20 88 99 96 86 97
8 20 88 20 20 88 99 96 86 97 8 20 88 99 96 86 97
8 20 88 20 88 99 96 86 97 8 20 88 99 96 86 97
8 20 88 99 20 88 99 96 86 97 8 20 88 99 96 86 97

12 39 86 84 37 75 44 12 39 86 84 37 75 44
12 39 86 84 37 75 44 12 39 18 39 86 84 37 75 44
12 39 86 84 37 75 44 12 39 86 18 39 86 84 37 75 44
12 39 86 84 37 75 44 12 39 86 18 86 84 37 75 44
12 39 86 84 37 75 44 12 39 86 84 18 86 84 37 75 44
12 39 18 39 86 84 37 75 44 12 39 86 84 37 75 44
12 39 86 18 39 86 84 37 75 44 12 39 86 84 37 75 44
12 39 86 18 86 84 37 75 44 12 39 86 84 37 75 44
12 39 86 84 18 86 84 37 75 44 12 39 86 84 37 75 44

52 31 33 76 38 53 64 52 31 33 76 38 53 64
52 31 33 76 38 53 64 52 31 10 31 33 76 38 53 64
52 31 33 76 38 53 64 52 31 33 10 31 33 76 38 53 64
52 31 33 76 38 53 64 52 31 33 10 33 76 38 53 64
52 31 33 76 38 53 64 52 31 33 76 10 33 76 38 53 64
52 31 10 31 33 76 38 53 64 52 31 33 76 38 53 64
52 31 33 10 31 33 76 38 53 64 52 31 33 76 38 53 64
52 31 33 10 33 76 38 53 64 52 31 33 76 38 53 64
52 31 33 76 10 33 76 38 53 64 52 31 33 76 38 53 64

77 73 97 79 70 24 68 77 73 97 79 70 24 68
77 73 97 79 70 24 68 77 73 20 73 97 79 70 24 68
77 73 97 79 70 24 68 77 73 97 20 73 97 79 70 24 68
77 73 97 79 70 24 68 77 73 97 20 97 79 70 24 68
77 73 97 79 70 24 68 77 73 97 79 20 97 79 70 24 68
77 73 20 73 97 79 70 24 68 77 73 97 79 70 24 68
77 73 97 20 73 97 79 70 24 68 77 73 97 79 70 24 68
77 73 97 20 97 79 70 24 68 77 73 97 79 70 24 68
77 73 97 79 20 97 79 70 24 68 77 73 97 79 70 24 68

51 42 97 88 74 8 67 51 42 97 88 74 8 67
51 42 97 88 74 8 67 51 42 12 42 97 88 74 8 67
51 42 97 88 74 8 67 51 42 97 12 42 97 88 74 8 67
51 42 97 88 74 8 67 51 42 97 12 97 88 74 8 67
51 42 97 88 74 8 67 51 42 97 88 12 97 88 74 8 67
51 42 12 42 97 88 74 8 67 51 42 97 88 74 8 67
51 42 97 12 42 97 88 74 8 67 51 42 97 88 74 8 67
51 42 97 12 97 88 74 8 67 51 42 97 88 74 8 67
51 42 97 88 12 97 88 74 8 67 51 42 97 88 74 8 67

25 85 38 62 12 28 42 25 85 38 62 12 28 42
25 85 38 62 12 28 42 25 85 13 85 38 62 12 28 42
25 85 38 62 12 28 42 25 85 38 13 85 38 62 12 28 42
25 85 38 62 12 28 42 25 85 38 13 38 62 12 28 42
25 85 38 62 12 28 42 25 85 38 62 13 38 62 12 28 42
25 85 13 85 38 62 12 28 42 25 85 38 62 12 28 42
25 85 38 13 85 38 62 12 28 42 25 85 38 62 12 28 42
25 85 38 13 38 62 12 28 42 25 85 38 62 12 28 42
25 85 38 62 13 38 62 12 28 42 25 85 38 62 12 28 42

25 10 42 16 60 66 91 25 10 42 16 60 66 91
25 10 42 16 60 66 91 25 10 18 10 42 16 60 66 91
25 10 42 16 60 66 91 25 10 42 18 10 42 16 60 66 91
25 10 42 16 60 66 91 25 10 42 18 42 16 60 66 91
25 10 42 16 60 66 91 25 10 42 16 18 42 16 60 66 91
25 10 18 10 42 16 60 66 91 25 10 42 16 60 66 91
25 10 42 18 10 42 16 60 66 91 25 10 42 16 60 66 91
25 10 42 18 42 16 60 66 91 25 10 42 16 60 66 91
25 10 42 16 18 42 16 60 66 91 25 10 42 16 60 66 91

32 8 77 57 14 67 83 32 8 77 57 14 67 83
32 8 77 57 14 67 83 32 8 16 8 77 57 14 67 83
32 8 77 57 14 67 83 32 8 77 16 8 77 57 14 67 83
32 8 77 57 14 67 83 32 8 77 16 77 57 14 67 83
32 8 77 57 14 67 83 32 8 77 57 16 77 57 14 67 83
32 8 16 8 77 57 14 67 83 32 8 77 57 14 67 83
32 8 77 16 8 77 57 14 67 83 32 8 77 57 14 67 83
32 8 77 16 77 57 14 67 83 32 8 77 57 14 67 83
32 8 77 57 16 77 57 14 67 83 32 8 77 57 14 67 83

100 69 28 36 31 61 35 100 69 28 36 31 61 35
100 69 28 36 31 61 35 100 69 18 69 28 36 31 61 35
100 69 28 36 31 61 35 100 69 28 18 69 28 36 31 61 35
100 69 28 36 31 61 35 100 69 28 18 28 36 31 61 35
100 69 28 36 31 61 35 100 69 28 36 18 28 36 31 61 35
100 69 18 69 28 36 31 61 35 100 69 28 36 31 61 35
100 69 28 18 69 28 36 31 61 35 100 69 28 36 31 61 35
100 69 28 18 28 36 31 61 35 100 69 28 36 31 61 35
100 69 28 36 18 28 36 31 61 35 100 69 28 36 31 61 35

88 31 44 86 98 95 15 88 31 44 86 98 95 15
88 31 44 86 98 95 15 88 31 8 31 44 86 98 95 15
88 31 44 86 98 95 15 88 31 44 8 31 44 86 98 95 15
88 31 44 86 98 95 15 88 31 44 8 44 86 98 95 15
88 31 44 86 98 95 15 88 31 44 86 8 44 86 98 95 15
88 31 8 31 44 86 98 95 15 88 31 44 86 98 95 15
88 31 44 8 31 44 86 98 95 15 88 31 44 86 98 95 15
88 31 44 8 44 86 98 95 15 88 31 44 86 98 95 15
88 31 44 86 8 44 86 98 95 15 88 31 44 86 98 95 15

27 24 46 15 57 70 17 27 24 46 15 57 70 17
27 24 46 15 57 70 17 27 24 11 24 46 15 57 70 17
27 24 46 15 57 70 17 27 24 46 11 24 46 15 57 70 17
27 24 46 15 57 70 17 27 24 46 11 46 15 57 70 17
27 24 46 15 57 70 17 27 24 46 15 11 46 15 57 70 17
27 24 11 24 46 15 57 70 17 27 24 46 15 57 70 17
27 24 46 11 24 46 15 57 70 17 27 24 46 15 57 70 17
27 24 46 11 46 15 57 70 17 27 24 46 15 57 70 17
27 24 46 15 11 46 15 57 70 17 27 24 46 15 57 70 17

67 58 49 32 67 84 100 67 58 49 32 67 84 100
67 58 49 32 67 84 100 67 58 12 58 49 32 67 84 100
67 58 49 32 67 84 100 67 58 49 12 58 49 32 67 84 100
67 58 49 32 67 84 100 67 58 49 12 49 32 67 84 100
67 58 49 32 67 84 100 67 58 49 32 12 49 32 67 84 100
67 58 12 58 49 32 67 84 100 67 58 49 32 67 84 100
67 58 49 12 58 49 32 67 84 100 67 58 49 32 67 84 100
67 58 49 12 49 32 67 84 100 67 58 49 32 67 84 100
67 58 49 32 12 49 32 67 84 100 67 58 49 32 67 84 100

48 93 42 46 35 44 62 48 93 42 46 35 44 62
48 93 42 46 35 44 62 48 93 14 93 42 46 35 44 62
48 93 42 46 35 44 62 48 93 42 14 93 42 46 35 44 62
48 93 42 46 35 44 62 48 93 42 14 42 46 35 44 62
48 93 42 46 35 44 62 48 93 42 46 14 42 46 35 44 62
48 93 14 93 42 46 35 44 62 48 93 42 46 35 44 62
48 93 42 14 93 42 46 35 44 62 48 93 42 46 35 44 62
48 93 42 14 42 46 35 44 62 48 93 42 46 35 44 62
48 93 42 46 14 42 46 35 44 62 48 93 42 46 35 44 62

72 74 33 61 68 49 47 72 74 33 61 68 49 47
72 74 33 61 68 49 47 72 74 10 74 33 61 68 49 47
72 74 33 61 68 49 47 72 74 33 10 74 33 61 68 49 47
72 74 33 61 68 49 47 72 74 33 10 33 61 68 49 47
72 74 33 61 68 49 47 72 74 33 61 10 33 61 68 49 47
72 74 10 74 33 61 68 49 47 72 74 33 61 68 49 47
72 74 33 10 74 33 61 68 49 47 72 74 33 61 68 49 47
72 74 33 10 33 61 68 49 47 72 74 33 61 68 49 47
72 74 33 61 10 33 61 68 49 47 72 74 33 61 68 49 47

32 11 48 56 46 47 46 32 11 48 56 46 47 46
32 11 48 56 46 47 46 32 11 15 11 48 56 46 47 46
32 11 48 56 46 47 46 32 11 48 15 11 48 56 46 47 46
32 11 48 56 46 47 46 32 11 48 15 48 56 46 47 46
32 11 48 56 46 47 46 32 11 48 56 15 48 56 46 47 46
32 11 15 11 48 56 46 47 46 32 11 48 56 46 47 46
32 11 48 15 11 48 56 46 47 46 32 11 48 56 46 47 46
32 11 48 15 48 56 46 47 46 32 11 48 56 46 47 46
32 11 48 56 15 48 56 46 47 46 32 11 48 56 46 47 46

65 18 85 12 9 64 97 65 18 85 12 9 64 97
65 18 85 12 9 64 97 65 18 14 18 85 12 9 64 97
65 18 85 12 9 64 97 65 18 85 14 18 85 12 9 64 97
65 18 85 12 9 64 97 65 18 85 14 85 12 9 64 97
65 18 85 12 9 64 97 65 18 85 12 14 85 12 9 64 97
65 18 14 18 85 12 9 64 97 65 18 85 12 9 64 97
65 18 85 14 18 85 12 9 64 97 65 18 85 12 9 64 97
65 18 85 14 85 12 9 64 97 65 18 85 12 9 64 97
65 18 85 12 14 85 12 9 64 97 65 18 85 12 9 64 97

64 70 89 92 77 73 98 64 70 89 92 77 73 98
64 70 89 92 77 73 98 64 70 16 70 89 92 77 73 98
64 70 89 92 77 73 98 64 70 89 16 70 89 92 77 73 98
64 70 89 92 77 73 98 64 70 89 16 89 92 77 73 98
64 70 89 92 77 73 98 64 70 89 92 16 89 92 77 73 98
64 70 16 70 89 92 77 73 98 64 70 89 92 77 73 98
64 70 89 16 70 89 92 77 73 98 64 70 89 92 77 73 98
64 70 89 16 89 92 77 73 98 64 70 89 92 77 73 98
64 70 89 92 16 89 92 77 73 98 64 70 89 92 77 73 98

36 58 65 30 45 34 13 36 58 65 30 45 34 13
36 58 65 30 45 34 13 36 58 9 58 65 30 45 34 13
36 58 65 30 45 34 13 36 58 65 9 58 65 30 45 34 13
36 58 65 30 45 34 13 36 58 65 9 65 30 45 34 13
36 58 65 30 45 34 13 36 58 65 30 9 65 30 45 34 13
36 58 9 58 65 30 45 34 13 36 58 65 30 45 34 13
36 58 65 9 58 65 30 45 34 13 36 58 65 30 45 34 13
36 58 65 9 65 30 45 34 13 36 58 65 30 45 34 13
36 58 65 30 9 65 30 45 34 13 36 58 65 30 45 34 13

91 73 32 25 97 62 94 91 73 32 25 97 62 94
91 73 32 25 97 62 94 91 73 18 73 32 25 97 62 94
91 73 32 25 97 62 94 91 73 32 18 73 32 25 97 62 94
91 73 32 25 97 62 94 91 73 32 18 32 25 97 62 94
91 73 32 25 97 62 94 91 73 32 25 18 32 25 97 62 94
91 73 18 73 32 25 97 62 94 91 73 32 25 97 62 94
91 73 32 18 73 32 25 97 62 94 91 73 32 25 97 62 94
91 73 32 18 32 25 97 62 94 91 73 32 25 97 62 94
91 73 32 25 18 32 25 97 62 94 91 73 32 25 97 62 94

80 13 85 72 67 77 14 80 13 85 72 67 77 14
80 13 85 72 67 77 14 80 13 7 13 85 72 67 77 14
80 13 85 72 67 77 14 80 13 85 7 13 85 72 67 77 14
80 13 85 72 67 77 14 80 13 85 7 85 72 67 77 14
80 13 85 72 67 77 14 80 13 85 72 7 85 72 67 77 14
80 13 7 13 85 72 67 77 14 80 13 85 72 67 77 14
80 13 85 7 13 85 72 67 77 14 80 13 85 72 67 77 14
80 13 85 7 85 72 67 77 14 80 13 85 72 67 77 14
80 13 85 72 7 85 72 67 77 14 80 13 85 72 67 77 14

64 30 34 31 15 77 91 64 30 34 31 15 77 91
64 30 34 31 15 77 91 64 30 17 30 34 31 15 77 91
64 30 34 31 15 77 91 64 30 34 17 30 34 31 15 77 91
64 30 34 31 15 77 91 64 30 34 17 34 31 15 77 91
64 30 34 31 15 77 91 64 30 34 31 17 34 31 15 77 91
64 30 17 30 34 31 15 77 91 64 30 34 31 15 77 91
64 30 34 17 30 34 31 15 77 91 64 30 34 31 15 77 91
64 30 34 17 34 31 15 77 91 64 30 34 31 15 77 91
64 30 34 31 17 34 31 15 77 91 64 30 34 31 15 77 91

24 76 42 31 61 9 34 24 76 42 31 61 9 34
24 76 42 31 61 9 34 24 76 5 76 42 31 61 9 34
24 76 42 31 61 9 34 24 76 42 5 76 42 31 61 9 34
24 76 42 31 61 9 34 24 76 42 5 42 31 61 9 34
24 76 42 31 61 9 34 24 76 42 31 5 42 31 61 9 34
24 76 5 76 42 31 61 9 34 24 76 42 31 61 9 34
24 76 42 5 76 42 31 61 9 34 24 76 42 31 61 9 34
24 76 42 5 42 31 61 9 34 24 76 42 31 61 9 34
24 76 42 31 5 42 31 61 9 34 24 76 42 31 61 9 34

45 65 91 48 28 84 41 45 65 91 48 28 84 41
45 65 91 48 28 84 41 45 65 17 65 91 48 28 84 41
45 65 91 48 28 84 41 45 65 91 17 65 91 48 28 84 41
45 65 91 48 28 84 41 45 65 91 17 91 48 28 84 41
45 65 91 48 28 84 41 45 65 91 48 17 91 48 28 84 41
45 65 17 65 91 48 28 84 41 45 65 91 48 28 84 41
45 65 91 17 65 91 48 28 84 41 45 65 91 48 28 84 41
45 65 91 17 91 48 28 84 41 45 65 91 48 28 84 41
45 65 91 48 17 91 48 28 84 41 45 65 91 48 28 84 41

56 8 62 6 34 60 93 56 8 62 6 34 60 93
56 8 62 6 34 60 93 56 8 13 8 62 6 34 60 93
56 8 62 6 34 60 93 56 8 62 13 8 62 6 34 60 93
56 8 62 6 34 60 93 56 8 62 13 62 6 34 60 93
56 8 62 6 34 60 93 56 8 62 6 13 62 6 34 60 93
56 8 13 8 62 6 34 60 93 56 8 62 6 34 60 93
56 8 62 13 8 62 6 34 60 93 56 8 62 6 34 60 93
56 8 62 13 62 6 34 60 93 56 8 62 6 34 60 93
56 8 62 6 13 62 6 34 60 93 56 8 62 6 34 60 93

99 63 62 22 45 57 8 99 63 62 22 45 57 8
99 63 62 22 45 57 8 99 63 20 63 62 22 45 57 8
99 63 62 22 45 57 8 99 63 62 20 63 62 22 45 57 8
99 63 62 22 45 57 8 99 63 62 20 62 22 45 57 8
99 63 62 22 45 57 8 99 63 62 22 20 62 22 45 57 8
99 63 20 63 62 22 45 57 8 99 63 62 22 45 57 8
99 63 62 20 63 62 22 45 57 8 99 63 62 22 45 57 8
99 63 62 20 62 22 45 57 8 99 63 62 22 45 57 8
99 63 62 22 20 62 22 45 57 8 99 63 62 22 45 57 8

7 78 45 93 29 46 17 7 78 45 93 29 46 17
7 78 45 93 29 46 17 7 78 10 78 45 93 29 46 17
7 78 45 93 29 46 17 7 78 45 10 78 45 93 29 46 17
7 78 45 93 29 46 17 7 78 45 10 45 93 29 46 17
7 78 45 93 29 46 17 7 78 45 93 10 45 93 29 46 17
7 78 10 78 45 93 29 46 17 7 78 45 93 29 46 17
7 78 45 10 78 45 93 29 46 17 7 78 45 93 29 46 17
7 78 45 10 45 93 29 46 17 7 78 45 93 29 46 17
7 78 45 93 10 45 93 29 46 17 7 78 45 93 29 46 17

9 47 5 82 46 60 39 9 47 5 82 46 60 39
9 47 5 82 46 60 39 9 47 14 47 5 82 46 60 39
9 47 5 82 46 60 39 9 47 5 14 47 5 82 46 60 39
9 47 5 82 46 60 39 9 47 5 14 5 82 46 60 39
9 47 5 82 46 60 39 9 47 5 82 14 5 82 46 60 39
9 47 14 47 5 82 46 60 39 9 47 5 82 46 60 39
9 47 5 14 47 5 82 46 60 39 9 47 5 82 46 60 39
9 47 5 14 5 82 46 60 39 9 47 5 82 46 60 39
9 47 5 82 14 5 82 46 60 39 9 47 5 82 46 60 39

87 98 13 29 36 70 12 87 98 13 29 36 70 12
87 98 13 29 36 70 12 87 98 12 98 13 29 36 70 12
87 98 13 29 36 70 12 87 98 13 12 98 13 29 36 70 12
87 98 13 29 36 70 12 87 98 13 12 13 29 36 70 12
87 98 13 29 36 70 12 87 98 13 29 12 13 29 36 70 12
87 98 12 98 13 29 36 70 12 87 98 13 29 36 70 12
87 98 13 12 98 13 29 36 70 12 87 98 13 29 36 70 12
87 98 13 12 13 29 36 70 12 87 98 13 29 36 70 12
87 98 13 29 12 13 29 36 70 12 87 98 13 29 36 70 12

52 73 73 15 31 49 47 52 73 73 15 31 49 47
52 73 73 15 31 49 47 52 73 19 73 73 15 31 49 47
52 73 73 15 31 49 47 52 73 73 19 73 73 15 31 49 47
52 73 73 15 31 49 47 52 73 73 19 73 15 31 49 47
52 73 73 15 31 49 47 52 73 73 15 19 73 15 31 49 47
52 73 19 73 73 15 31 49 47 52 73 73 15 31 49 47
52 73 73 19 73 73 15 31 49 47 52 73 73 15 31 49 47
52 73 73 19 73 15 31 49 47 52 73 73 15 31 49 47
52 73 73 15 19 73 15 31 49 47 52 73 73 15 31 49 47

78 39 50 55 8 49 35 78 39 50 55 8 49 35
78 39 50 55 8 49 35 78 39 10 39 50 55 8 49 35
78 39 50 55 8 49 35 78 39 50 10 39 50 55 8 49 35
78 39 50 55 8 49 35 78 39 50 10 50 55 8 49 35
78 39 50 55 8 49 35 78 39 50 55 10 50 55 8 49 35
78 39 10 39 50 55 8 49 35 78 39 50 55 8 49 35
78 39 50 10 39 50 55 8 49 35 78 39 50 55 8 49 35
78 39 50 10 50 55 8 49 35 78 39 50 55 8 49 35
78 39 50 55 10 50 55 8 49 35 78 39 50 55 8 49 35

60 95 23 39 50 33 65 60 95 23 39 50 33 65
60 95 23 39 50 33 65 60 95 10 95 23 39 50 33 65
60 95 23 39 50 33 65 60 95 23 10 95 23 39 50 33 65
60 95 23 39 50 33 65 60 95 23 10 23 39 50 33 65
60 95 23 39 50 33 65 60 95 23 39 10 23 39 50 33 65
60 95 10 95 23 39 50 33 65 60 95 23 39 50 33 65
60 95 23 10 95 23 39 50 33 65 60 95 23 39 50 33 65
60 95 23 10 23 39 50 33 65 60 95 23 39 50 33 65
60 95 23 39 10 23 39 50 33 65 60 95 23 39 50 33 65

49 75 55 29 53 73 30 49 75 55 29 53 73 30
49 75 55 29 53 73 30 49 75 6 75 55 29 53 73 30
49 75 55 29 53 73 30 49 75 55 6 75 55 29 53 73 30
49 75 55 29 53 73 30 49 75 55 6 55 29 53 73 30
49 75 55 29 53 73 30 49 75 55 29 6 55 29 53 73 30
49 75 6 75 55 29 53 73 30 49 75 55 29 53 73 30
49 75 55 6 75 55 29 53 73 30 49 75 55 29 53 73 30
49 75 55 6 55 29 53 73 30 49 75 55 29 53 73 30
49 75 55 29 6 55 29 53 73 30 49 75 55 29 53 73 30

87 17 30 52 53 40 8 87 17 30 52 53 40 8
87 17 30 52 53 40 8 87 17 15 17 30 52 53 40 8
87 17 30 52 53 40 8 87 17 30 15 17 30 52 53 40 8
87 17 30 52 53 40 8 87 17 30 15 30 52 53 40 8
87 17 30 52 53 40 8 87 17 30 52 15 30 52 53 40 8
87 17 15 17 30 52 53 40 8 87 17 30 52 53 40 8
87 17 30 15 17 30 52 53 40 8 87 17 30 52 53 40 8
87 17 30 15 30 52 53 40 8 87 17 30 52 53 40 8
87 17 30 52 15 30 52 53 40 8 87 17 30 52 53 40 8

56 36 96 35 15 87 82 56 36 96 35 15 87 82
56 36 96 35 15 87 82 56 36 13 36 96 35 15 87 82
56 36 96 35 15 87 82 56 36 96 13 36 96 35 15 87 82
56 36 96 35 15 87 82 56 36 96 13 96 35 15 87 82
56 36 96 35 15 87 82 56 36 96 35 13 96 35 15 87 82
56 36 13 36 96 35 15 87 82 56 36 96 35 15 87 82
56 36 96 13 36 96 35 15 87 82 56 36 96 35 15 87 82
56 36 96 13 96 35 15 87 82 56 36 96 35 15 87 82
56 36 96 35 13 96 35 15 87 82 56 36 96 35 15 87 82

12 79 90 17 48 7 65 12 79 90 17 48 7 65
12 79 90 17 48 7 65 12 79 11 79 90 17 48 7 65
12 79 90 17 48 7 65 12 79 90 11 79 90 17 48 7 65
12 79 90 17 48 7 65 12 79 90 11 90 17 48 7 65
12 79 90 17 48 7 65 12 79 90 17 11 90 17 48 7 65
12 79 11 79 90 17 48 7 65 12 79 90 17 48 7 65
12 79 90 11 79 90 17 48 7 65 12 79 90 17 48 7 65
12 79 90 11 90 17 48 7 65 12 79 90 17 48 7 65
12 79 90 17 11 90 17 48 7 65 12 79 90 17 48 7 65

12 32 87 75 86 8 68 12 32 87 75 86 8 68
12 32 87 75 86 8 68 12 32 8 32 87 75 86 8 68
12 32 87 75 86 8 68 12 32 87 8 32 87 75 86 8 68
12 32 87 75 86 8 68 12 32 87 8 87 75 86 8 68
12 32 87 75 86 8 68 12 32 87 75 8 87 75 86 8 68
12 32 8 32 87 75 86 8 68 12 32 87 75 86 8 68
12 32 87 8 32 87 75 86 8 68 12 32 87 75 86 8 68
12 32 87 8 87 75 86 8 68 12 32 87 75 86 8 68
12 32 87 75 8 87 75 86 8 68 12 32 87 75 86 8 68

16 91 53 59 91 7 38 16 91 53 59 91 7 38
16 91 53 59 91 7 38 16 91 6 91 53 59 91 7 38
16 91 53 59 91 7 38 16 91 53 6 91 53 59 91 7 38
16 91 53 59 91 7 38 16 91 53 6 53 59 91 7 38
16 91 53 59 91 7 38 16 91 53 59 6 53 59 91 7 38
16 91 6 91 53 59 91 7 38 16 91 53 59 91 7 38
16 91 53 6 91 53 59 91 7 38 16 91 53 59 91 7 38
16 91 53 6 53 59 91 7 38 16 91 53 59 91 7 38
16 91 53 59 6 53 59 91 7 38 16 91 53 59 91 7 38

41 51 99 47 91 8 29 41 51 99 47 91 8 29
41 51 99 47 91 8 29 41 51 14 51 99 47 91 8 29
41 51 99 47 91 8 29 41 51 99 14 51 99 47 91 8 29
41 51 99 47 91 8 29 41 51 99 14 99 47 91 8 29
41 51 99 47 91 8 29 41 51 99 47 14 99 47 91 8 29
41 51 14 51 99 47 91 8 29 41 51 99 47 91 8 29
41 51 99 14 51 99 47 91 8 29 41 51 99 47 91 8 29
41 51 99 14 99 47 91 8 29 41 51 99 47 91 8 29
41 51 99 47 14 99 47 91 8 29 41 51 99 47 91 8 29

91 95 65 91 60 26 49 91 95 65 91 60 26 49
91 95 65 91 60 26 49 91 95 11 95 65 91 60 26 49
91 95 65 91 60 26 49 91 95 65 11 95 65 91 60 26 49
91 95 65 91 60 26 49 91 95 65 11 65 91 60 26 49
91 95 65 91 60 26 49 91 95 65 91 11 65 91 60 26 49
91 95 11 95 65 91 60 26 49 91 95 65 91 60 26 49
91 95 65 11 95 65 91 60 26 49 91 95 65 91 60 26 49
91 95 65 11 65 91 60 26 49 91 95 65 91 60 26 49
91 95 65 91 11 65 91 60 26 49 91 95 65 91 60 26 49

57 92 38 63 51 59 11 57 92 38 63 51 59 11
57 92 38 63 51 59 11 57 92 5 92 38 63 51 59 11
57 92 38 63 51 59 11 57 92 38 5 92 38 63 51 59 11
57 92 38 63 51 59 11 57 92 38 5 38 63 51 59 11
57 92 38 63 51 59 11 57 92 38 63 5 38 63 51 59 11
57 92 5 92 38 63 51 59 11 57 92 38 63 51 59 11
57 92 38 5 92 38 63 51 59 11 57 92 38 63 51 59 11
57 92 38 5 38 63 51 59 11 57 92 38 63 51 59 11
57 92 38 63 5 38 63 51 59 11 57 92 38 63 51 59 11

95 12 91 15 81 20 35 95 12 91 15 81 20 35
95 12 91 15 81 20 35 95 12 18 12 91 15 81 20 35
95 12 91 15 81 20 35 95 12 91 18 12 91 15 81 20 35
95 12 91 15 81 20 35 95 12 91 18 91 15 81 20 35
95 12 91 15 81 20 35 95 12 91 15 18 91 15 81 20 35
95 12 18 12 91 15 81 20 35 95 12 91 15 81 20 35
95 12 91 18 12 91 15 81 20 35 95 12 91 15 81 20 35
95 12 91 18 91 15 81 20 35 95 12 91 15 81 20 35
95 12 91 15 18 91 15 81 20 35 95 12 91 15 81 20 35

100 22 75 28 25 89 45 100 22 75 28 25 89 45
100 22 75 28 25 89 45 100 22 15 22 75 28 25 89 45
100 22 75 28 25 89 45 100 22 75 15 22 75 28 25 89 45
100 22 75 28 25 89 45 100 22 75 15 75 28 25 89 45
100 22 75 28 25 89 45 100 22 75 28 15 75 28 25 89 45
100 22 15 22 75 28 25 89 45 100 22 75 28 25 89 45
100 22 75 15 22 75 28 25 89 45 100 22 75 28 25 89 45
100 22 75 15 75 28 25 89 45 100 22 75 28 25 89 45
100 22 75 28 15 75 28 25 89 45 100 22 75 28 25 89 45

30 7 21 34 79 23 40 30 7 21 34 79 23 40
30 7 21 34 79 23 40 30 7 19 7 21 34 79 23 40
30 7 21 34 79 23 40 30 7 21 19 7 21 34 79 23 40
30 7 21 34 79 23 40 30 7 21 19 21 34 79 23 40
30 7 21 34 79 23 40 30 7 21 34 19 21 34 79 23 40
30 7 19 7 21 34 79 23 40 30 7 21 34 79 23 40
30 7 21 19 7 21 34 79 23 40 30 7 21 34 79 23 40
30 7 21 19 21 34 79 23 40 30 7 21 34 79 23 40
30 7 21 34 19 21 34 79 23 40 30 7 21 34 79 23 40

73 42 92 84 19 11 5 73 42 92 84 19 11 5
73 42 92 84 19 11 5 73 42 5 42 92 84 19 11 5
73 42 92 84 19 11 5 73 42 92 5 42 92 84 19 11 5
73 42 92 84 19 11 5 73 42 92 5 92 84 19 11 5
73 42 92 84 19 11 5 73 42 92 84 5 92 84 19 11 5
73 42 5 42 92 84 19 11 5 73 42 92 84 19 11 5
73 42 92 5 42 92 84 19 11 5 73 42 92 84 19 11 5
73 42 92 5 92 84 19 11 5 73 42 92 84 19 11 5
73 42 92 84 5 92 84 19 11 5 73 42 92 84 19 11 5

68 93 8 98 6 44 93 68 93 8 98 6 44 93
68 93 8 98 6 44 93 68 93 17 93 8 98 6 44 93
68 93 8 98 6 44 93 68 93 8 17 93 8 98 6 44 93
68 93 8 98 6 44 93 68 93 8 17 8 98 6 44 93
68 93 8 98 6 44 93 68 93 8 98 17 8 98 6 44 93
68 93 17 93 8 98 6 44 93 68 93 8 98 6 44 93
68 93 8 17 93 8 98 6 44 93 68 93 8 98 6 44 93
68 93 8 17 8 98 6 44 93 68 93 8 98 6 44 93
68 93 8 98 17 8 98 6 44 93 68 93 8 98 6 44 93

74 90 94 69 66 74 93 74 90 94 69 66 74 93
74 90 94 69 66 74 93 74 90 13 90 94 69 66 74 93
74 90 94 69 66 74 93 74 90 94 13 90 94 69 66 74 93
74 90 94 69 66 74 93 74 90 94 13 94 69 66 74 93
74 90 94 69 66 74 93 74 90 94 69 13 94 69 66 74 93
74 90 13 90 94 69 66 74 93 74 90 94 69 66 74 93
74 90 94 13 90 94 69 66 74 93 74 90 94 69 66 74 93
74 90 94 13 94 69 66 74 93 74 90 94 69 66 74 93
74 90 94 69 13 94 69 66 74 93 74 90 94 69 66 74 93

59 94 97 38 98 49 55 59 94 97 38 98 49 55
59 94 97 38 98 49 55 59 94 8 94 97 38 98 49 55
59 94 97 38 98 49 55 59 94 97 8 94 97 38 98 49 55
59 94 97 38 98 49 55 59 94 97 8 97 38 98 49 55
59 94 97 38 98 49 55 59 94 97 38 8 97 38 98 49 55
59 94 8 94 97 38 98 49 55 59 94 97 38 98 49 55
59 94 97 8 94 97 38 98 49 55 59 94 97 38 98 49 55
59 94 97 8 97 38 98 49 55 59 94 97 38 98 49 55
59 94 97 38 8 97 38 98 49 55 59 94 97 38 98 49 55

85 37 52 88 30 63 34 85 37 52 88 30 63 34
85 37 52 88 30 63 34 85 37 20 37 52 88 30 63 34
85 37 52 88 30 63 34 85 37 52 20 37 52 88 30 63 34
85 37 52 88 30 63 34 85 37 52 20 52 88 30 63 34
85 37 52 88 30 63 34 85 37 52 88 20 52 88 30 63 34
85 37 20 37 52 88 30 63 34 85 37 52 88 30 63 34
85 37 52 20 37 52 88 30 63 34 85 37 52 88 30 63 34
85 37 52 20 52 88 30 63 34 85 37 52 88 30 63 34
85 37 52 88 20 52 88 30 63 34 85 37 52 88 30 63 34

82 54 72 54 39 78 58 82 54 72 54 39 78 58
82 54 72 54 39 78 58 82 54 17 54 72 54 39 78 58
82 54 72 54 39 78 58 82 54 72 17 54 72 54 39 78 58
82 54 72 54 39 78 58 82 54 72 17 72 54 39 78 58
82 54 72 54 39 78 58 82 54 72 54 17 72 54 39 78 58
82 54 17 54 72 54 39 78 58 82 54 72 54 39 78 58
82 54 72 17 54 72 54 39 78 58 82 54 72 54 39 78 58
82 54 72 17 72 54 39 78 58 82 54 72 54 39 78 58
82 54 72 54 17 72 54 39 78 58 82 54 72 54 39 78 58

65 14 35 48 22 23 39 65 14 35 48 22 23 39
65 14 35 48 22 23 39 65 14 7 14 35 48 22 23 39
65 14 35 48 22 23 39 65 14 35 7 14 35 48 22 23 39
65 14 35 48 22 23 39 65 14 35 7 35 48 22 23 39
65 14 35 48 22 23 39 65 14 35 48 7 35 48 22 23 39
65 14 7 14 35 48 22 23 39 65 14 35 48 22 23 39
65 14 35 7 14 35 48 22 23 39 65 14 35 48 22 23 39
65 14 35 7 35 48 22 23 39 65 14 35 48 22 23 39
65 14 35 48 7 35 48 22 23 39 65 14 35 48 22 23 39

27 84 18 51 68 10 21 27 84 18 51 68 10 21
27 84 18 51 68 10 21 27 84 16 84 18 51 68 10 21
27 84 18 51 68 10 21 27 84 18 16 84 18 51 68 10 21
27 84 18 51 68 10 21 27 84 18 16 18 51 68 10 21
27 84 18 51 68 10 21 27 84 18 51 16 18 51 68 10 21
27 84 16 84 18 51 68 10 21 27 84 18 51 68 10 21
27 84 18 16 84 18 51 68 10 21 27 84 18 51 68 10 21
27 84 18 16 18 51 68 10 21 27 84 18 51 68 10 21
27 84 18 51 16 18 51 68 10 21 27 84 18 51 68 10 21

93 28 12 80 67 53 70 93 28 12 80 67 53 70
93 28 12 80 67 53 70 93 28 12 28 12 80 67 53 70
93 28 12 80 67 53 70 93 28 12 12 28 12 80 67 53 70
93 28 12 80 67 53 70 93 28 12 12 12 80 67 53 70
93 28 12 80 67 53 70 93 28 12 80 12 12 80 67 53 70
93 28 12 28 12 80 67 53 70 93 28 12 80 67 53 70
93 28 12 12 28 12 80 67 53 70 93 28 12 80 67 53 70
93 28 12 12 12 80 67 53 70 93 28 12 80 67 53 70
93 28 12 80 12 12 80 67 53 70 93 28 12 80 67 53 70

40 8 40 14 10 6 40 40 8 40 14 10 6 40
40 8 40 14 10 6 40 40 8 7 8 40 14 10 6 40
40 8 40 14 10 6 40 40 8 40 7 8 40 14 10 6 40
40 8 40 14 10 6 40 40 8 40 7 40 14 10 6 40
40 8 40 14 10 6 40 40 8 40 14 7 40 14 10 6 40
40 8 7 8 40 14 10 6 40 40 8 40 14 10 6 40
40 8 40 7 8 40 14 10 6 40 40 8 40 14 10 6 40
40 8 40 7 40 14 10 6 40 40 8 40 14 10 6 40
40 8 40 14 7 40 14 10 6 40 40 8 40 14 10 6 40

67 40 86 14 93 34 39 67 40 86 14 93 34 39
67 40 86 14 93 34 39 67 40 20 40 86 14 93 34 39
67 40 86 14 93 34 39 67 40 86 20 40 86 14 93 34 39
67 40 86 14 93 34 39 67 40 86 20 86 14 93 34 39
67 40 86 14 93 34 39 67 40 86 14 20 86 14 93 34 39
67 40 20 40 86 14 93 34 39 67 40 86 14 93 34 39
67 40 86 20 40 86 14 93 34 39 67 40 86 14 93 34 39
67 40 86 20 86 14 93 34 39 67 40 86 14 93 34 39
67 40 86 14 20 86 14 93 34 39 67 40 86 14 93 34 39

93 53 46 32 31 57 44 93 53 46 32 31 57 44
93 53 46 32 31 57 44 93 53 14 53 46 32 31 57 44
93 53 46 32 31 57 44 93 53 46 14 53 46 32 31 57 44
93 53 46 32 31 57 44 93 53 46 14 46 32 31 57 44
93 53 46 32 31 57 44 93 53 46 32 14 46 32 31 57 44
93 53 14 53 46 32 31 57 44 93 53 46 32 31 57 44
93 53 46 14 53 46 32 31 57 44 93 53 46 32 31 57 44
93 53 46 14 46 32 31 57 44 93 53 46 32 31 57 44
93 53 46 32 14 46 32 31 57 44 93 53 46 32 31 57 44

86 72 99 42 90 91 12 86 72 99 42 90 91 12
86 72 99 42 90 91 12 86 72 11 72 99 42 90 91 12
86 72 99 42 90 91 12 86 72 99 11 72 99 42 90 91 12
86 72 99 42 90 91 12 86 72 99 11 99 42 90 91 12
86 72 99 42 90 91 12 86 72 99 42 11 99 42 90 91 12
86 72 11 72 99 42 90 91 12 86 72 99 42 90 91 12
86 72 99 11 72 99 42 90 91 12 86 72 99 42 90 91 12
86 72 99 11 99 42 90 91 12 86 72 99 42 90 91 12
86 72 99 42 11 99 42 90 91 12 86 72 99 42 90 91 12

19 51 13 15 44 34 19 19 51 13 15 44 34 19
19 51 13 15 44 34 19 19 51 6 51 13 15 44 34 19
19 51 13 15 44 34 19 19 51 13 6 51 13 15 44 34 19
19 51 13 15 44 34 19 19 51 13 6 13 15 44 34 19
19 51 13 15 44 34 19 19 51 13 15 6 13 15 44 34 19
19 51 6 51 13 15 44 34 19 19 51 13 15 44 34 19
19 51 13 6 51 13 15 44 34 19 19 51 13 15 44 34 19
19 51 13 6 13 15 44 34 19 19 51 13 15 44 34 19
19 51 13 15 6 13 15 44 34 19 19 51 13 15 44 34 19

50 72 88 32 28 44 7 50 72 88 32 28 44 7
50 72 88 32 28 44 7 50 72 5 72 88 32 28 44 7
50 72 88 32 28 44 7 50 72 88 5 72 88 32 28 44 7
50 72 88 32 28 44 7 50 72 88 5 88 32 28 44 7
50 72 88 32 28 44 7 50 72 88 32 5 88 32 28 44 7
50 72 5 72 88 32 28 44 7 50 72 88 32 28 44 7
50 72 88 5 72 88 32 28 44 7 50 72 88 32 28 44 7
50 72 88 5 88 32 28 44 7 50 72 88 32 28 44 7
50 72 88 32 5 88 32 28 44 7 50 72 88 32 28 44 7

88 54 52 19 67 45 15 88 54 52 19 67 45 15
88 54 52 19 67 45 15 88 54 10 54 52 19 67 45 15
88 54 52 19 67 45 15 88 54 52 10 54 52 19 67 45 15
88 54 52 19 67 45 15 88 54 52 10 52 19 67 45 15
88 54 52 19 67 45 15 88 54 52 19 10 52 19 67 45 15
88 54 10 54 52 19 67 45 15 88 54 52 19 67 45 15
88 54 52 10 54 52 19 67 45 15 88 54 52 19 67 45 15
88 54 52 10 52 19 67 45 15 88 54 52 19 67 45 15
88 54 52 19 10 52 19 67 45 15 88 54 52 19 67 45 15

87 34 6 44 82 35 88 87 34 6 44 82 35 88
87 34 6 44 82 35 88 87 34 19 34 6 44 82 35 88
87 34 6 44 82 35 88 87 34 6 19 34 6 44 82 35 88
87 34 6 44 82 35 88 87 34 6 19 6 44 82 35 88
87 34 6 44 82 35 88 87 34 6 44 19 6 44 82 35 88
87 34 19 34 6 44 82 35 88 87 34 6 44 82 35 88
87 34 6 19 34 6 44 82 35 88 87 34 6 44 82 35 88
87 34 6 19 6 44 82 35 88 87 34 6 44 82 35 88
87 34 6 44 19 6 44 82 35 88 87 34 6 44 82 35 88

59 37 38 10 75 63 44 59 37 38 10 75 63 44
59 37 38 10 75 63 44 59 37 7 37 38 10 75 63 44
59 37 38 10 75 63 44 59 37 38 7 37 38 10 75 63 44
59 37 38 10 75 63 44 59 37 38 7 38 10 75 63 44
59 37 38 10 75 63 44 59 37 38 10 7 38 10 75 63 44
59 37 7 37 38 10 75 63 44 59 37 38 10 75 63 44
59 37 38 7 37 38 10 75 63 44 59 37 38 10 75 63 44
59 37 38 7 38 10 75 63 44 59 37 38 10 75 63 44
59 37 38 10 7 38 10 75 63 44 59 37 38 10 75 63 44

15 37 100 41 63 81 93 15 37 100 41 63 81 93
15 37 100 41 63 81 93 15 37 17 37 100 41 63 81 93
15 37 100 41 63 81 93 15 37 100 17 37 100 41 63 81 93
15 37 100 41 63 81 93 15 37 100 17 100 41 63 81 93
15 37 100 41 63 81 93 15 37 100 41 17 100 41 63 81 93
15 37 17 37 100 41 63 81 93 15 37 100 41 63 81 93
15 37 100 17 37 100 41 63 81 93 15 37 100 41 63 81 93
15 37 100 17 100 41 63 81 93 15 37 100 41 63 81 93
15 37 100 41 17 100 41 63 81 93 15 37 100 41 63 81 93

96 99 18 25 90 100 51 96 99 18 25 90 100 51
96 99 18 25 90 100 51 96 99 16 99 18 25 90 100 51
96 99 18 25 90 100 51 96 99 18 16 99 18 25 90 100 51
96 99 18 25 90 100 51 96 99 18 16 18 25 90 100 51
96 99 18 25 90 100 51 96 99 18 25 16 18 25 90 100 51
96 99 16 99 18 25 90 100 51 96 99 18 25 90 100 51
96 99 18 16 99 18 25 90 100 51 96 99 18 25 90 100 51
96 99 18 16 18 25 90 100 51 96 99 18 25 90 100 51
96 99 18 25 16 18 25 90 100 51 96 99 18 25 90 100 51

28 36 40 68 18 26 57 28 36 40 68 18 26 57
28 36 40 68 18 26 57 28 36 14 36 40 68 18 26 57
28 36 40 68 18 26 57 28 36 40 14 36 40 68 18 26 57
28 36 40 68 18 26 57 28 36 40 14 40 68 18 26 57
28 36 40 68 18 26 57 28 36 40 68 14 40 68 18 26 57
28 36 14 36 40 68 18 26 57 28 36 40 68 18 26 57
28 36 40 14 36 40 68 18 26 57 28 36 40 68 18 26 57
28 36 40 14 40 68 18 26 57 28 36 40 68 18 26 57
28 36 40 68 14 40 68 18 26 57 28 36 40 68 18 26 57

82 77 98 6 86 75 54 82 77 98 6 86 75 54
82 77 98 6 86 75 54 82 77 10 77 98 6 86 75 54
82 77 98 6 86 75 54 82 77 98 10 77 98 6 86 75 54
82 77 98 6 86 75 54 82 77 98 10 98 6 86 75 54
82 77 98 6 86 75 54 82 77 98 6 10 98 6 86 75 54
82 77 10 77 98 6 86 75 54 82 77 98 6 86 75 54
82 77 98 10 77 98 6 86 75 54 82 77 98 6 86 75 54
82 77 98 10 98 6 86 75 54 82 77 98 6 86 75 54
82 77 98 6 10 98 6 86 75 54 82 77 98 6 86 75 54

31 83 33 65 59 100 97 31 83 33 65 59 100 97
31 83 33 65 59 100 97 31 83 15 83 33 65 59 100 97
31 83 33 65 59 100 97 31 83 33 15 83 33 65 59 100 97
31 83 33 65 59 100 97 31 83 33 15 33 65 59 100 97
31 83 33 65 59 100 97 31 83 33 65 15 33 65 59 100 97
31 83 15 83 33 65 59 100 97 31 83 33 65 59 100 97
31 83 33 15 83 33 65 59 100 97 31 83 33 65 59 100 97
31 83 33 15 33 65 59 100 97 31 83 33 65 59 100 97
31 83 33 65 15 33 65 59 100 97 31 83 33 65 59 100 97

75 39 64 10 12 100 58 75 39 64 10 12 100 58
75 39 64 10 12 100 58 75 39 7 39 64 10 12 100 58
75 39 64 10 12 100 58 75 39 64 7 39 64 10 12 100 58
75 39 64 10 12 100 58 75 39 64 7 64 10 12 100 58
75 39 64 10 12 100 58 75 39 64 10 7 64 10 12 100 58
75 39 7 39 64 10 12 100 58 75 39 64 10 12 100 58
75 39 64 7 39 64 10 12 100 58 75 39 64 10 12 100 58
75 39 64 7 64 10 12 100 58 75 39 64 10 12 100 58
75 39 64 10 7 64 10 12 100 58 75 39 64 10 12 100 58

79 17 74 19 46 40 35 79 17 74 19 46 40 35
79 17 74 19 46 40 35 79 17 14 17 74 19 46 40 35
79 17 74 19 46 40 35 79 17 74 14 17 74 19 46 40 35
79 17 74 19 46 40 35 79 17 74 14 74 19 46 40 35
79 17 74 19 46 40 35 79 17 74 19 14 74 19 46 40 35
79 17 14 17 74 19 46 40 35 79 17 74 19 46 40 35
79 17 74 14 17 74 19 46 40 35 79 17 74 19 46 40 35
79 17 74 14 74 19 46 40 35 79 17 74 19 46 40 35
79 17 74 19 14 74 19 46 40 35 79 17 74 19 46 40 35

17 46 48 97 29 37 65 17 46 48 97 29 37 65
17 46 48 97 29 37 65 17 46 19 46 48 97 29 37 65
17 46 48 97 29 37 65 17 46 48 19 46 48 97 29 37 65
17 46 48 97 29 37 65 17 46 48 19 48 97 29 37 65
17 46 48 97 29 37 65 17 46 48 97 19 48 97 29 37 65
17 46 19 46 48 97 29 37 65 17 46 48 97 29 37 65
17 46 48 19 46 48 97 29 37 65 17 46 48 97 29 37 65
17 46 48 19 48 97 29 37 65 17 46 48 97 29 37 65
17 46 48 97 19 48 97 29 37 65 17 46 48 97 29 37 65

60 5 43 26 16 30 10 60 5 43 26 16 30 10
60 5 43 26 16 30 10 60 5 10 5 43 26 16 30 10
60 5 43 26 16 30 10 60 5 43 10 5 43 26 16 30 10
60 5 43 26 16 30 10 60 5 43 10 43 26 16 30 10
60 5 43 26 16 30 10 60 5 43 26 10 43 26 16 30 10
60 5 10 5 43 26 16 30 10 60 5 43 26 16 30 10
60 5 43 10 5 43 26 16 30 10 60 5 43 26 16 30 10
60 5 43 10 43 26 16 30 10 60 5 43 26 16 30 10
60 5 43 26 10 43 26 16 30 10 60 5 43 26 16 30 10

100 51 34 67 5 65 59 100 51 34 67 5 65 59
100 51 34 67 5 65 59 100 51 6 51 34 67 5 65 59
100 51 34 67 5 65 59 100 51 34 6 51 34 67 5 65 59
100 51 34 67 5 65 59 100 51 34 6 34 67 5 65 59
100 51 34 67 5 65 59 100 51 34 67 6 34 67 5 65 59
100 51 6 51 34 67 5 65 59 100 51 34 67 5 65 59
100 51 34 6 51 34 67 5 65 59 100 51 34 67 5 65 59
100 51 34 6 34 67 5 65 59 100 51 34 67 5 65 59
100 51 34 67 6 34 67 5 65 59 100 51 34 67 5 65 59

95 38 31 30 46 45 70 95 38 31 30 46 45 70
95 38 31 30 46 45 70 95 38 12 38 31 30 46 45 70
95 38 31 30 46 45 70 95 38 31 12 38 31 30 46 45 70
95 38 31 30 46 45 70 95 38 31 12 31 30 46 45 70
95 38 31 30 46 45 70 95 38 31 30 12 31 30 46 45 70
95 38 12 38 31 30 46 45 70 95 38 31 30 46 45 70
95 38 31 12 38 31 30 46 45 70 95 38 31 30 46 45 70
95 38 31 12 31 30 46 45 70 95 38 31 30 46 45 70
95 38 31 30 12 31 30 46 45 70 95 38 31 30 46 45 70

25 60 68 48 91 90 41 25 60 68 48 91 90 41
25 60 68 48 91 90 41 25 60 19 60 68 48 91 90 41
25 60 68 48 91 90 41 25 60 68 19 60 68 48 91 90 41
25 60 68 48 91 90 41 25 60 68 19 68 48 91 90 41
25 60 68 48 91 90 41 25 60 68 48 19 68 48 91 90 41
25 60 19 60 68 48 91 90 41 25 60 68 48 91 90 41
25 60 68 19 60 68 48 91 90 41 25 60 68 48 91 90 41
25 60 68 19 68 48 91 90 41 25 60 68 48 91 90 41
25 60 68 48 19 68 48 91 90 41 25 60 68 48 91 90 41

55 32 6 89 33 35 42 55 32 6 89 33 35 42
55 32 6 89 33 35 42 55 32 15 32 6 89 33 35 42
55 32 6 89 33 35 42 55 32 6 15 32 6 89 33 35 42
55 32 6 89 33 35 42 55 32 6 15 6 89 33 35 42
55 32 6 89 33 35 42 55 32 6 89 15 6 89 33 35 42
55 32 15 32 6 89 33 35 42 55 32 6 89 33 35 42
55 32 6 15 32 6 89 33 35 42 55 32 6 89 33 35 42
55 32 6 15 6 89 33 35 42 55 32 6 89 33 35 42
55 32 6 89 15 6 89 33 35 42 55 32 6 89 33 35 42

74 60 15 45 86 5 69 74 60 15 45 86 5 69
74 60 15 45 86 5 69 74 60 10 60 15 45 86 5 69
74 60 15 45 86 5 69 74 60 15 10 60 15 45 86 5 69
74 60 15 45 86 5 69 74 60 15 10 15 45 86 5 69
74 60 15 45 86 5 69 74 60 15 45 10 15 45 86 5 69
74 60 10 60 15 45 86 5 69 74 60 15 45 86 5 69
74 60 15 10 60 15 45 86 5 69 74 60 15 45 86 5 69
74 60 15 10 15 45 86 5 69 74 60 15 45 86 5 69
74 60 15 45 10 15 45 86 5 69 74 60 15 45 86 5 69

64 6 15 97 99 34 43 64 6 15 97 99 34 43
64 6 15 97 99 34 43 64 6 11 6 15 97 99 34 43
64 6 15 97 99 34 43 64 6 15 11 6 15 97 99 34 43
64 6 15 97 99 34 43 64 6 15 11 15 97 99 34 43
64 6 15 97 99 34 43 64 6 15 97 11 15 97 99 34 43
64 6 11 6 15 97 99 34 43 64 6 15 97 99 34 43
64 6 15 11 6 15 97 99 34 43 64 6 15 97 99 34 43
64 6 15 11 15 97 99 34 43 64 6 15 97 99 34 43
64 6 15 97 11 15 97 99 34 43 64 6 15 97 99 34 43

93 41 70 49 53 60 6 93 41 70 49 53 60 6
93 41 70 49 53 60 6 93 41 9 41 70 49 53 60 6
93 41 70 49 53 60 6 93 41 70 9 41 70 49 53 60 6
93 41 70 49 53 60 6 93 41 70 9 70 49 53 60 6
93 41 70 49 53 60 6 93 41 70 49 9 70 49 53 60 6
93 41 9 41 70 49 53 60 6 93 41 70 49 53 60 6
93 41 70 9 41 70 49 53 60 6 93 41 70 49 53 60 6
93 41 70 9 70 49 53 60 6 93 41 70 49 53 60 6
93 41 70 49 9 70 49 53 60 6 93 41 70 49 53 60 6

5 71 12 84 32 20 14 5 71 12 84 32 20 14
5 71 12 84 32 20 14 5 71 5 71 12 84 32 20 14
5 71 12 84 32 20 14 5 71 12 5 71 12 84 32 20 14
5 71 12 84 32 20 14 5 71 12 5 12 84 32 20 14
5 71 12 84 32 20 14 5 71 12 84 5 12 84 32 20 14
5 71 5 71 12 84 32 20 14 5 71 12 84 32 20 14
5 71 12 5 71 12 84 32 20 14 5 71 12 84 32 20 14
5 71 12 5 12 84 32 20 14 5 71 12 84 32 20 14
5 71 12 84 5 12 84 32 20 14 5 71 12 84 32 20 14

23 65 76 39 81 36 62 23 65 76 39 81 36 62
23 65 76 39 81 36 62 23 65 20 65 76 39 81 36 62
23 65 76 39 81 36 62 23 65 76 20 65 76 39 81 36 62
23 65 76 39 81 36 62 23 65 76 20 76 39 81 36 62
23 65 76 39 81 36 62 23 65 76 39 20 76 39 81 36 62
23 65 20 65 76 39 81 36 62 23 65 76 39 81 36 62
23 65 76 20 65 76 39 81 36 62 23 65 76 39 81 36 62
23 65 76 20 76 39 81 36 62 23 65 76 39 81 36 62
23 65 76 39 20 76 39 81 36 62 23 65 76 39 81 36 62

53 82 98 25 77 71 73 53 82 98 25 77 71 73
53 82 98 25 77 71 73 53 82 15 82 98 25 77 71 73
53 82 98 25 77 71 73 53 82 98 15 82 98 25 77 71 73
53 82 98 25 77 71 73 53 82 98 15 98 25 77 71 73
53 82 98 25 77 71 73 53 82 98 25 15 98 25 77 71 73
53 82 15 82 98 25 77 71 73 53 82 98 25 77 71 73
53 82 98 15 82 98 25 77 71 73 53 82 98 25 77 71 73
53 82 98 15 98 25 77 71 73 53 82 98 25 77 71 73
53 82 98 25 15 98 25 77 71 73 53 82 98 25 77 71 73

48 59 99 91 41 40 71 48 59 99 91 41 40 71
48 59 99 91 41 40 71 48 59 14 59 99 91 41 40 71
48 59 99 91 41 40 71 48 59 99 14 59 99 91 41 40 71
48 59 99 91 41 40 71 48 59 99 14 99 91 41 40 71
48 59 99 91 41 40 71 48 59 99 91 14 99 91 41 40 71
48 59 14 59 99 91 41 40 71 48 59 99 91 41 40 71
48 59 99 14 59 99 91 41 40 71 48 59 99 91 41 40 71
48 59 99 14 99 91 41 40 71 48 59 99 91 41 40 71
48 59 99 91 14 99 91 41 40 71 48 59 99 91 41 40 71

42 71 38 29 90 56 19 42 71 38 29 90 56 19
42 71 38 29 90 56 19 42 71 15 71 38 29 90 56 19
42 71 38 29 90 56 19 42 71 38 15 71 38 29 90 56 19
42 71 38 29 90 56 19 42 71 38 15 38 29 90 56 19
42 71 38 29 90 56 19 42 71 38 29 15 38 29 90 56 19
42 71 15 71 38 29 90 56 19 42 71 38 29 90 56 19
42 71 38 15 71 38 29 90 56 19 42 71 38 29 90 56 19
42 71 38 15 38 29 90 56 19 42 71 38 29 90 56 19
42 71 38 29 15 38 29 90 56 19 42 71 38 29 90 56 19

89 32 44 33 55 14 55 89 32 44 33 55 14 55
89 32 44 33 55 14 55 89 32 9 32 44 33 55 14 55
89 32 44 33 55 14 55 89 32 44 9 32 44 33 55 14 55
89 32 44 33 55 14 55 89 32 44 9 44 33 55 14 55
89 32 44 33 55 14 55 89 32 44 33 9 44 33 55 14 55
89 32 9 32 44 33 55 14 55 89 32 44 33 55 14 55
89 32 44 9 32 44 33 55 14 55 89 32 44 33 55 14 55
89 32 44 9 44 33 55 14 55 89 32 44 33 55 14 55
89 32 44 33 9 44 33 55 14 55 89 32 44 33 55 14 55

90 18 87 43 30 26 16 90 18 87 43 30 26 16
90 18 87 43 30 26 16 90 18 15 18 87 43 30 26 16
90 18 87 43 30 26 16 90 18 87 15 18 87 43 30 26 16
90 18 87 43 30 26 16 90 18 87 15 87 43 30 26 16
90 18 87 43 30 26 16 90 18 87 43 15 87 43 30 26 16
90 18 15 18 87 43 30 26 16 90 18 87 43 30 26 16
90 18 87 15 18 87 43 30 26 16 90 18 87 43 30 26 16
90 18 87 15 87 43 30 26 16 90 18 87 43 30 26 16
90 18 87 43 15 87 43 30 26 16 90 18 87 43 30 26 16

70 47 10 34 25 10 57 70 47 10 34 25 10 57
70 47 10 34 25 10 57 70 47 12 47 10 34 25 10 57
70 47 10 34 25 10 57 70 47 10 12 47 10 34 25 10 57
70 47 10 34 25 10 57 70 47 10 12 10 34 25 10 57
70 47 10 34 25 10 57 70 47 10 34 12 10 34 25 10 57
70 47 12 47 10 34 25 10 57 70 47 10 34 25 10 57
70 47 10 12 47 10 34 25 10 57 70 47 10 34 25 10 57
70 47 10 12 10 34 25 10 57 70 47 10 34 25 10 57
70 47 10 34 12 10 34 25 10 57 70 47 10 34 25 10 57

48 74 57 7 92 95 81 48 74 57 7 92 95 81
48 74 57 7 92 95 81 48 74 6 74 57 7 92 95 81
48 74 57 7 92 95 81 48 74 57 6 74 57 7 92 95 81
48 74 57 7 92 95 81 48 74 57 6 57 7 92 95 81
48 74 57 7 92 95 81 48 74 57 7 6 57 7 92 95 81
48 74 6 74 57 7 92 95 81 48 74 57 7 92 95 81
48 74 57 6 74 57 7 92 95 81 48 74 57 7 92 95 81
48 74 57 6 57 7 92 95 81 48 74 57 7 92 95 81
48 74 57 7 6 57 7 92 95 81 48 74 57 7 92 95 81

8 9 31 23 70 24 58 8 9 31 23 70 24 58
8 9 31 23 70 24 58 8 9 13 9 31 23 70 24 58
8 9 31 23 70 24 58 8 9 31 13 9 31 23 70 24 58
8 9 31 23 70 24 58 8 9 31 13 31 23 70 24 58
8 9 31 23 70 24 58 8 9 31 23 13 31 23 70 24 58
8 9 13 9 31 23 70 24 58 8 9 31 23 70 24 58
8 9 31 13 9 31 23 70 24 58 8 9 31 23 70 24 58
8 9 31 13 31 23 70 24 58 8 9 31 23 70 24 58
8 9 31 23 13 31 23 70 24 58 8 9 31 23 70 24 58

70 19 93 8 49 96 48 70 19 93 8 49 96 48
70 19 93 8 49 96 48 70 19 20 19 93 8 49 96 48
70 19 93 8 49 96 48 70 19 93 20 19 93 8 49 96 48
70 19 93 8 49 96 48 70 19 93 20 93 8 49 96 48
70 19 93 8 49 96 48 70 19 93 8 20 93 8 49 96 48
70 19 20 19 93 8 49 96 48 70 19 93 8 49 96 48
70 19 93 20 19 93 8 49 96 48 70 19 93 8 49 96 48
70 19 93 20 93 8 49 96 48 70 19 93 8 49 96 48
70 19 93 8 20 93 8 49 96 48 70 19 93 8 49 96 48

41 17 19 25 84 84 57 41 17 19 25 84 84 57
41 17 19 25 84 84 57 41 17 9 17 19 25 84 84 57
41 17 19 25 84 84 57 41 17 19 9 17 19 25 84 84 57
41 17 19 25 84 84 57 41 17 19 9 19 25 84 84 57
41 17 19 25 84 84 57 41 17 19 25 9 19 25 84 84 57
41 17 9 17 19 25 84 84 57 41 17 19 25 84 84 57
41 17 19 9 17 19 25 84 84 57 41 17 19 25 84 84 57
41 17 19 9 19 25 84 84 57 41 17 19 25 84 84 57
41 17 19 25 9 19 25 84 84 57 41 17 19 25 84 84 57

51 88 69 39 12 55 13 51 88 69 39 12 55 13
51 88 69 39 12 55 13 51 88 8 88 69 39 12 55 13
51 88 69 39 12 55 13 51 88 69 8 88 69 39 12 55 13
51 88 69 39 12 55 13 51 88 69 8 69 39 12 55 13
51 88 69 39 12 55 13 51 88 69 39 8 69 39 12 55 13
51 88 8 88 69 39 12 55 13 51 88 69 39 12 55 13
51 88 69 8 88 69 39 12 55 13 51 88 69 39 12 55 13
51 88 69 8 69 39 12 55 13 51 88 69 39 12 55 13
51 88 69 39 8 69 39 12 55 13 51 88 69 39 12 55 13

70 79 63 75 100 82 40 70 79 63 75 100 82 40
70 79 63 75 100 82 40 70 79 16 79 63 75 100 82 40
70 79 63 75 100 82 40 70 79 63 16 79 63 75 100 82 40
70 79 63 75 100 82 40 70 79 63 16 63 75 100 82 40
70 79 63 75 100 82 40 70 79 63 75 16 63 75 100 82 40
70 79 16 79 63 75 100 82 40 70 79 63 75 100 82 40
70 79 63 16 79 63 75 100 82 40 70 79 63 75 100 82 40
70 79 63 16 63 75 100 82 40 70 79 63 75 100 82 40
70 79 63 75 16 63 75 100 82 40 70 79 63 75 100 82 40

88 65 23 98 85 56 96 88 65 23 98 85 56 96
88 65 23 98 85 56 96 88 65 14 65 23 98 85 56 96
88 65 23 98 85 56 96 88 65 23 14 65 23 98 85 56 96
88 65 23 98 85 56 96 88 65 23 14 23 98 85 56 96
88 65 23 98 85 56 96 88 65 23 98 14 23 98 85 56 96
88 65 14 65 23 98 85 56 96 88 65 23 98 85 56 96
88 65 23 14 65 23 98 85 56 96 88 65 23 98 85 56 96
88 65 23 14 23 98 85 56 96 88 65 23 98 85 56 96
88 65 23 98 14 23 98 85 56 96 88 65 23 98 85 56 96

80 34 96 21 100 91 65 80 34 96 21 100 91 65
80 34 96 21 100 91 65 80 34 9 34 96 21 100 91 65
80 34 96 21 100 91 65 80 34 96 9 34 96 21 100 91 65
80 34 96 21 100 91 65 80 34 96 9 96 21 100 91 65
80 34 96 21 100 91 65 80 34 96 21 9 96 21 100 91 65
80 34 9 34 96 21 100 91 65 80 34 96 21 100 91 65
80 34 96 9 34 96 21 100 91 65 80 34 96 21 100 91 65
80 34 96 9 96 21 100 91 65 80 34 96 21 100 91 65
80 34 96 21 9 96 21 100 91 65 80 34 96 21 100 91 65

100 38 70 62 41 29 11 100 38 70 62 41 29 11
100 38 70 62 41 29 11 100 38 5 38 70 62 41 29 11
100 38 70 62 41 29 11 100 38 70 5 38 70 62 41 29 11
100 38 70 62 41 29 11 100 38 70 5 70 62 41 29 11
100 38 70 62 41 29 11 100 38 70 62 5 70 62 41 29 11
100 38 5 38 70 62 41 29 11 100 38 70 62 41 29 11
100 38 70 5 38 70 62 41 29 11 100 38 70 62 41 29 11
100 38 70 5 70 62 41 29 11 100 38 70 62 41 29 11
100 38 70 62 5 70 62 41 29 11 100 38 70 62 41 29 11

79 84 96 77 12 67 27 79 84 96 77 12 67 27
79 84 96 77 12 67 27 79 84 11 84 96 77 12 67 27
79 84 96 77 12 67 27 79 84 96 11 84 96 77 12 67 27
79 84 96 77 12 67 27 79 84 96 11 96 77 12 67 27
79 84 96 77 12 67 27 79 84 96 77 11 96 77 12 67 27
79 84 11 84 96 77 12 67 27 79 84 96 77 12 67 27
79 84 96 11 84 96 77 12 67 27 79 84 96 77 12 67 27
79 84 96 11 96 77 12 67 27 79 84 96 77 12 67 27
79 84 96 77 11 96 77 12 67 27 79 84 96 77 12 67 27

22 75 96 25 26 30 41 22 75 96 25 26 30 41
22 75 96 25 26 30 41 22 75 9 75 96 25 26 30 41
22 75 96 25 26 30 41 22 75 96 9 75 96 25 26 30 41
22 75 96 25 26 30 41 22 75 96 9 96 25 26 30 41
22 75 96 25 26 30 41 22 75 96 25 9 96 25 26 30 41
22 75 9 75 96 25 26 30 41 22 75 96 25 26 30 41
22 75 96 9 75 96 25 26 30 41 22 75 96 25 26 30 41
22 75 96 9 96 25 26 30 41 22 75 96 25 26 30 41
22 75 96 25 9 96 25 26 30 41 22 75 96 25 26 30 41

9 19 58 76 31 72 52 9 19 58 76 31 72 52
9 19 58 76 31 72 52 9 19 6 19 58 76 31 72 52
9 19 58 76 31 72 52 9 19 58 6 19 58 76 31 72 52
9 19 58 76 31 72 52 9 19 58 6 58 76 31 72 52
9 19 58 76 31 72 52 9 19 58 76 6 58 76 31 72 52
9 19 6 19 58 76 31 72 52 9 19 58 76 31 72 52
9 19 58 6 19 58 76 31 72 52 9 19 58 76 31 72 52
9 19 58 6 58 76 31 72 52 9 19 58 76 31 72 52
9 19 58 76 6 58 76 31 72 52 9 19 58 76 31 72 52

7 72 62 84 40 15 18 7 72 62 84 40 15 18
7 72 62 84 40 15 18 7 72 16 72 62 84 40 15 18
7 72 62 84 40 15 18 7 72 62 16 72 62 84 40 15 18
7 72 62 84 40 15 18 7 72 62 16 62 84 40 15 18
7 72 62 84 40 15 18 7 72 62 84 16 62 84 40 15 18
7 72 16 72 62 84 40 15 18 7 72 62 84 40 15 18
7 72 62 16 72 62 84 40 15 18 7 72 62 84 40 15 18
7 72 62 16 62 84 40 15 18 7 72 62 84 40 15 18
7 72 62 84 16 62 84 40 15 18 7 72 62 84 40 15 18

38 51 17 79 45 91 69 38 51 17 79 45 91 69
38 51 17 79 45 91 69 38 51 17 51 17 79 45 91 69
38 51 17 79 45 91 69 38 51 17 17 51 17 79 45 91 69
38 51 17 79 45 91 69 38 51 17 17 17 79 45 91 69
38 51 17 79 45 91 69 38 51 17 79 17 17 79 45 91 69
38 51 17 51 17 79 45 91 69 38 51 17 79 45 91 69
38 51 17 17 51 17 79 45 91 69 38 51 17 79 45 91 69
38 51 17 17 17 79 45 91 69 38 51 17 79 45 91 69
38 51 17 79 17 17 79 45 91 69 38 51 17 79 45 91 69

32 23 89 57 93 82 26 32 23 89 57 93 82 26
32 23 89 57 93 82 26 32 23 16 23 89 57 93 82 26
32 23 89 57 93 82 26 32 23 89 16 23 89 57 93 82 26
32 23 89 57 93 82 26 32 23 89 16 89 57 93 82 26
32 23 89 57 93 82 26 32 23 89 57 16 89 57 93 82 26
32 23 16 23 89 57 93 82 26 32 23 89 57 93 82 26
32 23 89 16 23 89 57 93 82 26 32 23 89 57 93 82 26
32 23 89 16 89 57 93 82 26 32 23 89 57 93 82 26
32 23 89 57 16 89 57 93 82 26 32 23 89 57 93 82 26

29 56 74 17 85 44 58 29 56 74 17 85 44 58
29 56 74 17 85 44 58 29 56 5 56 74 17 85 44 58
29 56 74 17 85 44 58 29 56 74 5 56 74 17 85 44 58
29 56 74 17 85 44 58 29 56 74 5 74 17 85 44 58
29 56 74 17 85 44 58 29 56 74 17 5 74 17 85 44 58
29 56 5 56 74 17 85 44 58 29 56 74 17 85 44 58
29 56 74 5 56 74 17 85 44 58 29 56 74 17 85 44 58
29 56 74 5 74 17 85 44 58 29 56 74 17 85 44 58
29 56 74 17 5 74 17 85 44 58 29 56 74 17 85 44 58

19 75 46 100 54 44 96 19 75 46 100 54 44 96
19 75 46 100 54 44 96 19 75 10 75 46 100 54 44 96
19 75 46 100 54 44 96 19 75 46 10 75 46 100 54 44 96
19 75 46 100 54 44 96 19 75 46 10 46 100 54 44 96
19 75 46 100 54 44 96 19 75 46 100 10 46 100 54 44 96
19 75 10 75 46 100 54 44 96 19 75 46 100 54 44 96
19 75 46 10 75 46 100 54 44 96 19 75 46 100 54 44 96
19 75 46 10 46 100 54 44 96 19 75 46 100 54 44 96
19 75 46 100 10 46 100 54 44 96 19 75 46 100 54 44 96

33 38 55 38 78 15 66 33 38 55 38 78 15 66
33 38 55 38 78 15 66 33 38 12 38 55 38 78 15 66
33 38 55 38 78 15 66 33 38 55 12 38 55 38 78 15 66
33 38 55 38 78 15 66 33 38 55 12 55 38 78 15 66
33 38 55 38 78 15 66 33 38 55 38 12 55 38 78 15 66
33 38 12 38 55 38 78 15 66 33 38 55 38 78 15 66
33 38 55 12 38 55 38 78 15 66 33 38 55 38 78 15 66
33 38 55 12 55 38 78 15 66 33 38 55 38 78 15 66
33 38 55 38 12 55 38 78 15 66 33 38 55 38 78 15 66

30 14 61 18 40 90 62 30 14 61 18 40 90 62
30 14 61 18 40 90 62 30 14 13 14 61 18 40 90 62
30 14 61 18 40 90 62 30 14 61 13 14 61 18 40 90 62
30 14 61 18 40 90 62 30 14 61 13 61 18 40 90 62
30 14 61 18 40 90 62 30 14 61 18 13 61 18 40 90 62
30 14 13 14 61 18 40 90 62 30 14 61 18 40 90 62
30 14 61 13 14 61 18 40 90 62 30 14 61 18 40 90 62
30 14 61 13 61 18 40 90 62 30 14 61 18 40 90 62
30 14 61 18 13 61 18 40 90 62 30 14 61 18 40 90 62

45 28 51 11 15 98 53 45 28 51 11 15 98 53
45 28 51 11 15 98 53 45 28 18 28 51 11 15 98 53
45 28 51 11 15 98 53 45 28 51 18 28 51 11 15 98 53
45 28 51 11 15 98 53 45 28 51 18 51 11 15 98 53
45 28 51 11 15 98 53 45 28 51 11 18 51 11 15 98 53
45 28 18 28 51 11 15 98 53 45 28 51 11 15 98 53
45 28 51 18 28 51 11 15 98 53 45 28 51 11 15 98 53
45 28 51 18 51 11 15 98 53 45 28 51 11 15 98 53
45 28 51 11 18 51 11 15 98 53 45 28 51 11 15 98 53

40 96 82 86 87 82 72 40 96 82 86 87 82 72
40 96 82 86 87 82 72 40 96 7 96 82 86 87 82 72
40 96 82 86 87 82 72 40 96 82 7 96 82 86 87 82 72
40 96 82 86 87 82 72 40 96 82 7 82 86 87 82 72
40 96 82 86 87 82 72 40 96 82 86 7 82 86 87 82 72
40 96 7 96 82 86 87 82 72 40 96 82 86 87 82 72
40 96 82 7 96 82 86 87 82 72 40 96 82 86 87 82 72
40 96 82 7 82 86 87 82 72 40 96 82 86 87 82 72
40 96 82 86 7 82 86 87 82 72 40 96 82 86 87 82 72

76 33 14 68 80 100 36 76 33 14 68 80 100 36
76 33 14 68 80 100 36 76 33 18 33 14 68 80 100 36
76 33 14 68 80 100 36 76 33 14 18 33 14 68 80 100 36
76 33 14 68 80 100 36 76 33 14 18 14 68 80 100 36
76 33 14 68 80 100 36 76 33 14 68 18 14 68 80 100 36
76 33 18 33 14 68 80 100 36 76 33 14 68 80 100 36
76 33 14 18 33 14 68 80 100 36 76 33 14 68 80 100 36
76 33 14 18 14 68 80 100 36 76 33 14 68 80 100 36
76 33 14 68 18 14 68 80 100 36 76 33 14 68 80 100 36

25 30 76 35 100 97 10 25 30 76 35 100 97 10
25 30 76 35 100 97 10 25 30 19 30 76 35 100 97 10
25 30 76 35 100 97 10 25 30 76 19 30 76 35 100 97 10
25 30 76 35 100 97 10 25 30 76 19 76 35 100 97 10
25 30 76 35 100 97 10 25 30 76 35 19 76 35 100 97 10
25 30 19 30 76 35 100 97 10 25 30 76 35 100 97 10
25 30 76 19 30 76 35 100 97 10 25 30 76 35 100 97 10
25 30 76 19 76 35 100 97 10 25 30 76 35 100 97 10
25 30 76 35 19 76 35 100 97 10 25 30 76 35 100 97 10

82 78 68 80 63 61 29 82 78 68 80 63 61 29
82 78 68 80 63 61 29 82 78 7 78 68 80 63 61 29
82 78 68 80 63 61 29 82 78 68 7 78 68 80 63 61 29
82 78 68 80 63 61 29 82 78 68 7 68 80 63 61 29
82 78 68 80 63 61 29 82 78 68 80 7 68 80 63 61 29
82 78 7 78 68 80 63 61 29 82 78 68 80 63 61 29
82 78 68 7 78 68 80 63 61 29 82 78 68 80 63 61 29
82 78 68 7 68 80 63 61 29 82 78 68 80 63 61 29
82 78 68 80 7 68 80 63 61 29 82 78 68 80 63 61 29

5 54 100 32 86 54 89 5 54 100 32 86 54 89
5 54 100 32 86 54 89 5 54 7 54 100 32 86 54 89
5 54 100 32 86 54 89 5 54 100 7 54 100 32 86 54 89
5 54 100 32 86 54 89 5 54 100 7 100 32 86 54 89
5 54 100 32 86 54 89 5 54 100 32 7 100 32 86 54 89
5 54 7 54 100 32 86 54 89 5 54 100 32 86 54 89
5 54 100 7 54 100 32 86 54 89 5 54 100 32 86 54 89
5 54 100 7 100 32 86 54 89 5 54 100 32 86 54 89
5 54 100 32 7 100 32 86 54 89 5 54 100 32 86 54 89

14 50 47 55 18 19 32 14 50 47 55 18 19 32
14 50 47 55 18 19 32 14 50 11 50 47 55 18 19 32
14 50 47 55 18 19 32 14 50 47 11 50 47 55 18 19 32
14 50 47 55 18 19 32 14 50 47 11 47 55 18 19 32
14 50 47 55 18 19 32 14 50 47 55 11 47 55 18 19 32
14 50 11 50 47 55 18 19 32 14 50 47 55 18 19 32
14 50 47 11 50 47 55 18 19 32 14 50 47 55 18 19 32
14 50 47 11 47 55 18 19 32 14 50 47 55 18 19 32
14 50 47 55 11 47 55 18 19 32 14 50 47 55 18 19 32

12 98 65 65 37 77 83 12 98 65 65 37 77 83
12 98 65 65 37 77 83 12 98 7 98 65 65 37 77 83
12 98 65 65 37 77 83 12 98 65 7 98 65 65 37 77 83
12 98 65 65 37 77 83 12 98 65 7 65 65 37 77 83
12 98 65 65 37 77 83 12 98 65 65 7 65 65 37 77 83
12 98 7 98 65 65 37 77 83 12 98 65 65 37 77 83
12 98 65 7 98 65 65 37 77 83 12 98 65 65 37 77 83
12 98 65 7 65 65 37 77 83 12 98 65 65 37 77 83
12 98 65 65 7 65 65 37 77 83 12 98 65 65 37 77 83

76 86 80 96 94 95 77 76 86 80 96 94 95 77
76 86 80 96 94 95 77 76 86 10 86 80 96 94 95 77
76 86 80 96 94 95 77 76 86 80 10 86 80 96 94 95 77
76 86 80 96 94 95 77 76 86 80 10 80 96 94 95 77
76 86 80 96 94 95 77 76 86 80 96 10 80 96 94 95 77
76 86 10 86 80 96 94 95 77 76 86 80 96 94 95 77
76 86 80 10 86 80 96 94 95 77 76 86 80 96 94 95 77
76 86 80 10 80 96 94 95 77 76 86 80 96 94 95 77
76 86 80 96 10 80 96 94 95 77 76 86 80 96 94 95 77

68 81 100 54 63 90 67 68 81 100 54 63 90 67
68 81 100 54 63 90 67 68 81 10 81 100 54 63 90 67
68 81 100 54 63 90 67 68 81 100 10 81 100 54 63 90 67
68 81 100 54 63 90 67 68 81 100 10 100 54 63 90 67
68 81 100 54 63 90 67 68 81 100 54 10 100 54 63 90 67
68 81 10 81 100 54 63 90 67 68 81 100 54 63 90 67
68 81 100 10 81 100 54 63 90 67 68 81 100 54 63 90 67
68 81 100 10 100 54 63 90 67 68 81 100 54 63 90 67
68 81 100 54 10 100 54 63 90 67 68 81 100 54 63 90 67

89 24 68 84 37 99 55 89 24 68 84 37 99 55
89 24 68 84 37 99 55 89 24 11 24 68 84 37 99 55
89 24 68 84 37 99 55 89 24 68 11 24 68 84 37 99 55
89 24 68 84 37 99 55 89 24 68 11 68 84 37 99 55
89 24 68 84 37 99 55 89 24 68 84 11 68 84 37 99 55
89 24 11 24 68 84 37 99 55 89 24 68 84 37 99 55
89 24 68 11 24 68 84 37 99 55 89 24 68 84 37 99 55
89 24 68 11 68 84 37 99 55 89 24 68 84 37 99 55
89 24 68 84 11 68 84 37 99 55 89 24 68 84 37 99 55

62 47 6 53 17 16 62 62 47 6 53 17 16 62
62 47 6 53 17 16 62 62 47 13 47 6 53 17 16 62
62 47 6 53 17 16 62 62 47 6 13 47 6 53 17 16 62
62 47 6 53 17 16 62 62 47 6 13 6 53 17 16 62
62 47 6 53 17 16 62 62 47 6 53 13 6 53 17 16 62
62 47 13 47 6 53 17 16 62 62 47 6 53 17 16 62
62 47 6 13 47 6 53 17 16 62 62 47 6 53 17 16 62
62 47 6 13 6 53 17 16 62 62 47 6 53 17 16 62
62 47 6 53 13 6 53 17 16 62 62 47 6 53 17 16 62

76 52 92 97 31 54 32 76 52 92 97 31 54 32
76 52 92 97 31 54 32 76 52 9 52 92 97 31 54 32
76 52 92 97 31 54 32 76 52 92 9 52 92 97 31 54 32
76 52 92 97 31 54 32 76 52 92 9 92 97 31 54 32
76 52 92 97 31 54 32 76 52 92 97 9 92 97 31 54 32
76 52 9 52 92 97 31 54 32 76 52 92 97 31 54 32
76 52 92 9 52 92 97 31 54 32 76 52 92 97 31 54 32
76 52 92 9 92 97 31 54 32 76 52 92 97 31 54 32
76 52 92 97 9 92 97 31 54 32 76 52 92 97 31 54 32

97 27 89 41 38 94 84 97 27 89 41 38 94 84
97 27 89 41 38 94 84 97 27 12 27 89 41 38 94 84
97 27 89 41 38 94 84 97 27 89 12 27 89 41 38 94 84
97 27 89 41 38 94 84 97 27 89 12 89 41 38 94 84
97 27 89 41 38 94 84 97 27 89 41 12 89 41 38 94 84
97 27 12 27 89 41 38 94 84 97 27 89 41 38 94 84
97 27 89 12 27 89 41 38 94 84 97 27 89 41 38 94 84
97 27 89 12 89 41 38 94 84 97 27 89 41 38 94 84
97 27 89 41 12 89 41 38 94 84 97 27 89 41 38 94 84

59 97 86 55 63 24 75 59 97 86 55 63 24 75
59 97 86 55 63 24 75 59 97 13 97 86 55 63 24 75
59 97 86 55 63 24 75 59 97 86 13 97 86 55 63 24 75
59 97 86 55 63 24 75 59 97 86 13 86 55 63 24 75
59 97 86 55 63 24 75 59 97 86 55 13 86 55 63 24 75
59 97 13 97 86 55 63 24 75 59 97 86 55 63 24 75
59 97 86 13 97 86 55 63 24 75 59 97 86 55 63 24 75
59 97 86 13 86 55 63 24 75 59 97 86 55 63 24 75
59 97 86 55 13 86 55 63 24 75 59 97 86 55 63 24 75

8 72 55 33 10 43 51 8 72 55 33 10 43 51
8 72 55 33 10 43 51 8 72 8 72 55 33 10 43 51
8 72 55 33 10 43 51 8 72 55 8 72 55 33 10 43 51
8 72 55 33 10 43 51 8 72 55 8 55 33 10 43 51
8 72 55 33 10 43 51 8 72 55 33 8 55 33 10 43 51
8 72 8 72 55 33 10 43 51 8 72 55 33 10 43 51
8 72 55 8 72 55 33 10 43 51 8 72 55 33 10 43 51
8 72 55 8 55 33 10 43 51 8 72 55 33 10 43 51
8 72 55 33 8 55 33 10 43 51 8 72 55 33 10 43 51

64 74 27 39 30 44 90 64 74 27 39 30 44 90
64 74 27 39 30 44 90 64 74 11 74 27 39 30 44 90
64 74 27 39 30 44 90 64 74 27 11 74 27 39 30 44 90
64 74 27 39 30 44 90 64 74 27 11 27 39 30 44 90
64 74 27 39 30 44 90 64 74 27 39 11 27 39 30 44 90
64 74 11 74 27 39 30 44 90 64 74 27 39 30 44 90
64 74 27 11 74 27 39 30 44 90 64 74 27 39 30 44 90
64 74 27 11 27 39 30 44 90 64 74 27 39 30 44 90
64 74 27 39 11 27 39 30 44 90 64 74 27 39 30 44 90

29 7 42 99 17 57 18 29 7 42 99 17 57 18
29 7 42 99 17 57 18 29 7 14 7 42 99 17 57 18
29 7 42 99 17 57 18 29 7 42 14 7 42 99 17 57 18
29 7 42 99 17 57 18 29 7 42 14 42 99 17 57 18
29 7 42 99 17 57 18 29 7 42 99 14 42 99 17 57 18
29 7 14 7 42 99 17 57 18 29 7 42 99 17 57 18
29 7 42 14 7 42 99 17 57 18 29 7 42 99 17 57 18
29 7 42 14 42 99 17 57 18 29 7 42 99 17 57 18
29 7 42 99 14 42 99 17 57 18 29 7 42 99 17 57 18

50 62 55 35 18 17 91 50 62 55 35 18 17 91
50 62 55 35 18 17 91 50 62 14 62 55 35 18 17 91
50 62 55 35 18 17 91 50 62 55 14 62 55 35 18 17 91
50 62 55 35 18 17 91 50 62 55 14 55 35 18 17 91
50 62 55 35 18 17 91 50 62 55 35 14 55 35 18 17 91
50 62 14 62 55 35 18 17 91 50 62 55 35 18 17 91
50 62 55 14 62 55 35 18 17 91 50 62 55 35 18 17 91
50 62 55 14 55 35 18 17 91 50 62 55 35 18 17 91
50 62 55 35 14 55 35 18 17 91 50 62 55 35 18 17 91

92 80 74 75 46 83 51 92 80 74 75 46 83 51
92 80 74 75 46 83 51 92 80 15 80 74 75 46 83 51
92 80 74 75 46 83 51 92 80 74 15 80 74 75 46 83 51
92 80 74 75 46 83 51 92 80 74 15 74 75 46 83 51
92 80 74 75 46 83 51 92 80 74 75 15 74 75 46 83 51
92 80 15 80 74 75 46 83 51 92 80 74 75 46 83 51
92 80 74 15 80 74 75 46 83 51 92 80 74 75 46 83 51
92 80 74 15 74 75 46 83 51 92 80 74 75 46 83 51
92 80 74 75 15 74 75 46 83 51 92 80 74 75 46 83 51

95 9 16 30 9 86 75 95 9 16 30 9 86 75
95 9 16 30 9 86 75 95 9 11 9 16 30 9 86 75
95 9 16 30 9 86 75 95 9 16 11 9 16 30 9 86 75
95 9 16 30 9 86 75 95 9 16 11 16 30 9 86 75
95 9 16 30 9 86 75 95 9 16 30 11 16 30 9 86 75
95 9 11 9 16 30 9 86 75 95 9 16 30 9 86 75
95 9 16 11 9 16 30 9 86 75 95 9 16 30 9 86 75
95 9 16 11 16 30 9 86 75 95 9 16 30 9 86 75
95 9 16 30 11 16 30 9 86 75 95 9 16 30 9 86 75

5 85 89 32 67 51 77 5 85 89 32 67 51 77
5 85 89 32 67 51 77 5 85 13 85 89 32 67 51 77
5 85 89 32 67 51 77 5 85 89 13 85 89 32 67 51 77
5 85 89 32 67 51 77 5 85 89 13 89 32 67 51 77
5 85 89 32 67 51 77 5 85 89 32 13 89 32 67 51 77
5 85 13 85 89 32 67 51 77 5 85 89 32 67 51 77
5 85 89 13 85 89 32 67 51 77 5 85 89 32 67 51 77
5 85 89 13 89 32 67 51 77 5 85 89 32 67 51 77
5 85 89 32 13 89 32 67 51 77 5 85 89 32 67 51 77

98 95 67 14 100 60 16 98 95 67 14 100 60 16
98 95 67 14 100 60 16 98 95 16 95 67 14 100 60 16
98 95 67 14 100 60 16 98 95 67 16 95 67 14 100 60 16
98 95 67 14 100 60 16 98 95 67 16 67 14 100 60 16
98 95 67 14 100 60 16 98 95 67 14 16 67 14 100 60 16
98 95 16 95 67 14 100 60 16 98 95 67 14 100 60 16
98 95 67 16 95 67 14 100 60 16 98 95 67 14 100 60 16
98 95 67 16 67 14 100 60 16 98 95 67 14 100 60 16
98 95 67 14 16 67 14 100 60 16 98 95 67 14 100 60 16

32 79 100 30 87 39 70 32 79 100 30 87 39 70
32 79 100 30 87 39 70 32 79 10 79 100 30 87 39 70
32 79 100 30 87 39 70 32 79 100 10 79 100 30 87 39 70
32 79 100 30 87 39 70 32 79 100 10 100 30 87 39 70
32 79 100 30 87 39 70 32 79 100 30 10 100 30 87 39 70
32 79 10 79 100 30 87 39 70 32 79 100 30 87 39 70
32 79 100 10 79 100 30 87 39 70 32 79 100 30 87 39 70
32 79 100 10 100 30 87 39 70 32 79 100 30 87 39 70
32 79 100 30 10 100 30 87 39 70 32 79 100 30 87 39 70

91 80 87 33 29 29 39 91 80 87 33 29 29 39
91 80 87 33 29 29 39 91 80 12 80 87 33 29 29 39
91 80 87 33 29 29 39 91 80 87 12 80 87 33 29 29 39
91 80 87 33 29 29 39 91 80 87 12 87 33 29 29 39
91 80 87 33 29 29 39 91 80 87 33 12 87 33 29 29 39
91 80 12 80 87 33 29 29 39 91 80 87 33 29 29 39
91 80 87 12 80 87 33 29 29 39 91 80 87 33 29 29 39
91 80 87 12 87 33 29 29 39 91 80 87 33 29 29 39
91 80 87 33 12 87 33 29 29 39 91 80 87 33 29 29 39

52 100 59 39 31 53 61 52 100 59 39 31 53 61
52 100 59 39 31 53 61 52 100 6 100 59 39 31 53 61
52 100 59 39 31 53 61 52 100 59 6 100 59 39 31 53 61
52 100 59 39 31 53 61 52 100 59 6 59 39 31 53 61
52 100 59 39 31 53 61 52 100 59 39 6 59 39 31 53 61
52 100 6 100 59 39 31 53 61 52 100 59 39 31 53 61
52 100 59 6 100 59 39 31 53 61 52 100 59 39 31 53 61
52 100 59 6 59 39 31 53 61 52 100 59 39 31 53 61
52 100 59 39 6 59 39 31 53 61 52 100 59 39 31 53 61

64 27 99 54 12 58 32 64 27 99 54 12 58 32
64 27 99 54 12 58 32 64 27 20 27 99 54 12 58 32
64 27 99 54 12 58 32 64 27 99 20 27 99 54 12 58 32
64 27 99 54 12 58 32 64 27 99 20 99 54 12 58 32
64 27 99 54 12 58 32 64 27 99 54 20 99 54 12 58 32
64 27 20 27 99 54 12 58 32 64 27 99 54 12 58 32
64 27 99 20 27 99 54 12 58 32 64 27 99 54 12 58 32
64 27 99 20 99 54 12 58 32 64 27 99 54 12 58 32
64 27 99 54 20 99 54 12 58 32 64 27 99 54 12 58 32

37 13 68 33 61 38 75 37 13 68 33 61 38 75
37 13 68 33 61 38 75 37 13 15 13 68 33 61 38 75
37 13 68 33 61 38 75 37 13 68 15 13 68 33 61 38 75
37 13 68 33 61 38 75 37 13 68 15 68 33 61 38 75
37 13 68 33 61 38 75 37 13 68 33 15 68 33 61 38 75
37 13 15 13 68 33 61 38 75 37 13 68 33 61 38 75
37 13 68 15 13 68 33 61 38 75 37 13 68 33 61 38 75
37 13 68 15 68 33 61 38 75 37 13 68 33 61 38 75
37 13 68 33 15 68 33 61 38 75 37 13 68 33 61 38 75

94 20 8 17 35 80 93 94 20 8 17 35 80 93
94 20 8 17 35 80 93 94 20 13 20 8 17 35 80 93
94 20 8 17 35 80 93 94 20 8 13 20 8 17 35 80 93
94 20 8 17 35 80 93 94 20 8 13 8 17 35 80 93
94 20 8 17 35 80 93 94 20 8 17 13 8 17 35 80 93
94 20 13 20 8 17 35 80 93 94 20 8 17 35 80 93
94 20 8 13 20 8 17 35 80 93 94 20 8 17 35 80 93
94 20 8 13 8 17 35 80 93 94 20 8 17 35 80 93
94 20 8 17 13 8 17 35 80 93 94 20 8 17 35 80 93

100 16 84 82 8 62 7 100 16 84 82 8 62 7
100 16 84 82 8 62 7 100 16 16 16 84 82 8 62 7
100 16 84 82 8 62 7 100 16 84 16 16 84 82 8 62 7
100 16 84 82 8 62 7 100 16 84 16 84 82 8 62 7
100 16 84 82 8 62 7 100 16 84 82 16 84 82 8 62 7
100 16 16 16 84 82 8 62 7 100 16 84 82 8 62 7
100 16 84 16 16 84 82 8 62 7 100 16 84 82 8 62 7
100 16 84 16 84 82 8 62 7 100 16 84 82 8 62 7
100 16 84 82 16 84 82 8 62 7 100 16 84 82 8 62 7

17 6 81 58 11 71 100 17 6 81 58 11 71 100
17 6 81 58 11 71 100 17 6 18 6 81 58 11 71 100
17 6 81 58 11 71 100 17 6 81 18 6 81 58 11 71 100
17 6 81 58 11 71 100 17 6 81 18 81 58 11 71 100
17 6 81 58 11 71 100 17 6 81 58 18 81 58 11 71 100
17 6 18 6 81 58 11 71 100 17 6 81 58 11 71 100
17 6 81 18 6 81 58 11 71 100 17 6 81 58 11 71 100
17 6 81 18 81 58 11 71 100 17 6 81 58 11 71 100
17 6 81 58 18 81 58 11 71 100 17 6 81 58 11 71 100

36 60 87 98 86 86 83 36 60 87 98 86 86 83
36 60 87 98 86 86 83 36 60 20 60 87 98 86 86 83
36 60 87 98 86 86 83 36 60 87 20 60 87 98 86 86 83
36 60 87 98 86 86 83 36 60 87 20 87 98 86 86 83
36 60 87 98 86 86 83 36 60 87 98 20 87 98 86 86 83
36 60 20 60 87 98 86 86 83 36 60 87 98 86 86 83
36 60 87 20 60 87 98 86 86 83 36 60 87 98 86 86 83
36 60 87 20 87 98 86 86 83 36 60 87 98 86 86 83
36 60 87 98 20 87 98 86 86 83 36 60 87 98 86 86 83

57 31 29 93 84 85 91 57 31 29 93 84 85 91
57 31 29 93 84 85 91 57 31 11 31 29 93 84 85 91
57 31 29 93 84 85 91 57 31 29 11 31 29 93 84 85 91
57 31 29 93 84 85 91 57 31 29 11 29 93 84 85 91
57 31 29 93 84 85 91 57 31 29 93 11 29 93 84 85 91
57 31 11 31 29 93 84 85 91 57 31 29 93 84 85 91
57 31 29 11 31 29 93 84 85 91 57 31 29 93 84 85 91
57 31 29 11 29 93 84 85 91 57 31 29 93 84 85 91
57 31 29 93 11 29 93 84 85 91 57 31 29 93 84 85 91

44 34 39 76 27 94 91 44 34 39 76 27 94 91
44 34 39 76 27 94 91 44 34 18 34 39 76 27 94 91
44 34 39 76 27 94 91 44 34 39 18 34 39 76 27 94 91
44 34 39 76 27 94 91 44 34 39 18 39 76 27 94 91
44 34 39 76 27 94 91 44 34 39 76 18 39 76 27 94 91
44 34 18 34 39 76 27 94 91 44 34 39 76 27 94 91
44 34 39 18 34 39 76 27 94 91 44 34 39 76 27 94 91
44 34 39 18 39 76 27 94 91 44 34 39 76 27 94 91
44 34 39 76 18 39 76 27 94 91 44 34 39 76 27 94 91

78 99 81 48 11 83 89 78 99 81 48 11 83 89
78 99 81 48 11 83 89 78 99 18 99 81 48 11 83 89
78 99 81 48 11 83 89 78 99 81 18 99 81 48 11 83 89
78 99 81 48 11 83 89 78 99 81 18 81 48 11 83 89
78 99 81 48 11 83 89 78 99 81 48 18 81 48 11 83 89
78 99 18 99 81 48 11 83 89 78 99 81 48 11 83 89
78 99 81 18 99 81 48 11 83 89 78 99 81 48 11 83 89
78 99 81 18 81 48 11 83 89 78 99 81 48 11 83 89
78 99 81 48 18 81 48 11 83 89 78 99 81 48 11 83 89

59 41 96 71 40 24 10 59 41 96 71 40 24 10
59 41 96 71 40 24 10 59 41 15 41 96 71 40 24 10
59 41 96 71 40 24 10 59 41 96 15 41 96 71 40 24 10
59 41 96 71 40 24 10 59 41 96 15 96 71 40 24 10
59 41 96 71 40 24 10 59 41 96 71 15 96 71 40 24 10
59 41 15 41 96 71 40 24 10 59 41 96 71 40 24 10
59 41 96 15 41 96 71 40 24 10 59 41 96 71 40 24 10
59 41 96 15 96 71 40 24 10 59 41 96 71 40 24 10
59 41 96 71 15 96 71 40 24 10 59 41 96 71 40 24 10

86 50 63 69 80 52 92 86 50 63 69 80 52 92
86 50 63 69 80 52 92 86 50 9 50 63 69 80 52 92
86 50 63 69 80 52 92 86 50 63 9 50 63 69 80 52 92
86 50 63 69 80 52 92 86 50 63 9 63 69 80 52 92
86 50 63 69 80 52 92 86 50 63 69 9 63 69 80 52 92
86 50 9 50 63 69 80 52 92 86 50 63 69 80 52 92
86 50 63 9 50 63 69 80 52 92 86 50 63 69 80 52 92
86 50 63 9 63 69 80 52 92 86 50 63 69 80 52 92
86 50 63 69 9 63 69 80 52 92 86 50 63 69 80 52 92

6 38 88 46 17 80 35 6 38 88 46 17 80 35
6 38 88 46 17 80 35 6 38 14 38 88 46 17 80 35
6 38 88 46 17 80 35 6 38 88 14 38 88 46 17 80 35
6 38 88 46 17 80 35 6 38 88 14 88 46 17 80 35
6 38 88 46 17 80 35 6 38 88 46 14 88 46 17 80 35
6 38 14 38 88 46 17 80 35 6 38 88 46 17 80 35
6 38 88 14 38 88 46 17 80 35 6 38 88 46 17 80 35
6 38 88 14 88 46 17 80 35 6 38 88 46 17 80 35
6 38 88 46 14 88 46 17 80 35 6 38 88 46 17 80 35

47 99 81 76 8 41 58 47 99 81 76 8 41 58
47 99 81 76 8 41 58 47 99 18 99 81 76 8 41 58
47 99 81 76 8 41 58 47 99 81 18 99 81 76 8 41 58
47 99 81 76 8 41 58 47 99 81 18 81 76 8 41 58
47 99 81 76 8 41 58 47 99 81 76 18 81 76 8 41 58
47 99 18 99 81 76 8 41 58 47 99 81 76 8 41 58
47 99 81 18 99 81 76 8 41 58 47 99 81 76 8 41 58
47 99 81 18 81 76 8 41 58 47 99 81 76 8 41 58
47 99 81 76 18 81 76 8 41 58 47 99 81 76 8 41 58

35 42 70 27 57 80 13 35 42 70 27 57 80 13
35 42 70 27 57 80 13 35 42 12 42 70 27 57 80 13
35 42 70 27 57 80 13 35 42 70 12 42 70 27 57 80 13
35 42 70 27 57 80 13 35 42 70 12 70 27 57 80 13
35 42 70 27 57 80 13 35 42 70 27 12 70 27 57 80 13
35 42 12 42 70 27 57 80 13 35 42 70 27 57 80 13
35 42 70 12 42 70 27 57 80 13 35 42 70 27 57 80 13
35 42 70 12 70 27 57 80 13 35 42 70 27 57 80 13
35 42 70 27 12 70 27 57 80 13 35 42 70 27 57 80 13

12 82 24 69 94 26 45 12 82 24 69 94 26 45
12 82 24 69 94 26 45 12 82 13 82 24 69 94 26 45
12 82 24 69 94 26 45 12 82 24 13 82 24 69 94 26 45
12 82 24 69 94 26 45 12 82 24 13 24 69 94 26 45
12 82 24 69 94 26 45 12 82 24 69 13 24 69 94 26 45
12 82 13 82 24 69 94 26 45 12 82 24 69 94 26 45
12 82 24 13 82 24 69 94 26 45 12 82 24 69 94 26 45
12 82 24 13 24 69 94 26 45 12 82 24 69 94 26 45
12 82 24 69 13 24 69 94 26 45 12 82 24 69 94 26 45

48 61 16 78 45 45 62 48 61 16 78 45 45 62
48 61 16 78 45 45 62 48 61 12 61 16 78 45 45 62
48 61 16 78 45 45 62 48 61 16 12 61 16 78 45 45 62
48 61 16 78 45 45 62 48 61 16 12 16 78 45 45 62
48 61 16 78 45 45 62 48 61 16 78 12 16 78 45 45 62
48 61 12 61 16 78 45 45 62 48 61 16 78 45 45 62
48 61 16 12 61 16 78 45 45 62 48 61 16 78 45 45 62
48 61 16 12 16 78 45 45 62 48 61 16 78 45 45 62
48 61 16 78 12 16 78 45 45 62 48 61 16 78 45 45 62

40 36 24 79 61 61 5 40 36 24 79 61 61 5
40 36 24 79 61 61 5 40 36 8 36 24 79 61 61 5
40 36 24 79 61 61 5 40 36 24 8 36 24 79 61 61 5
40 36 24 79 61 61 5 40 36 24 8 24 79 61 61 5
40 36 24 79 61 61 5 40 36 24 79 8 24 79 61 61 5
40 36 8 36 24 79 61 61 5 40 36 24 79 61 61 5
40 36 24 8 36 24 79 61 61 5 40 36 24 79 61 61 5
40 36 24 8 24 79 61 61 5 40 36 24 79 61 61 5
40 36 24 79 8 24 79 61 61 5 40 36 24 79 61 61 5

60 9 43 79 82 41 29 60 9 43 79 82 41 29
60 9 43 79 82 41 29 60 9 14 9 43 79 82 41 29
60 9 43 79 82 41 29 60 9 43 14 9 43 79 82 41 29
60 9 43 79 82 41 29 60 9 43 14 43 79 82 41 29
60 9 43 79 82 41 29 60 9 43 79 14 43 79 82 41 29
60 9 14 9 43 79 82 41 29 60 9 43 79 82 41 29
60 9 43 14 9 43 79 82 41 29 60 9 43 79 82 41 29
60 9 43 14 43 79 82 41 29 60 9 43 79 82 41 29
60 9 43 79 14 43 79 82 41 29 60 9 43 79 82 41 29

18 85 43 52 83 34 86 18 85 43 52 83 34 86
18 85 43 52 83 34 86 18 85 6 85 43 52 83 34 86
18 85 43 52 83 34 86 18 85 43 6 85 43 52 83 34 86
18 85 43 52 83 34 86 18 85 43 6 43 52 83 34 86
18 85 43 52 83 34 86 18 85 43 52 6 43 52 83 34 86
18 85 6 85 43 52 83 34 86 18 85 43 52 83 34 86
18 85 43 6 85 43 52 83 34 86 18 85 43 52 83 34 86
18 85 43 6 43 52 83 34 86 18 85 43 52 83 34 86
18 85 43 52 6 43 52 83 34 86 18 85 43 52 83 34 86

44 17 16 75 39 20 17 44 17 16 75 39 20 17
44 17 16 75 39 20 17 44 17 12 17 16 75 39 20 17
44 17 16 75 39 20 17 44 17 16 12 17 16 75 39 20 17
44 17 16 75 39 20 17 44 17 16 12 16 75 39 20 17
44 17 16 75 39 20 17 44 17 16 75 12 16 75 39 20 17
44 17 12 17 16 75 39 20 17 44 17 16 75 39 20 17
44 17 16 12 17 16 75 39 20 17 44 17 16 75 39 20 17
44 17 16 12 16 75 39 20 17 44 17 16 75 39 20 17
44 17 16 75 12 16 75 39 20 17 44 17 16 75 39 20 17

33 94 50 71 94 35 67 33 94 50 71 94 35 67
33 94 50 71 94 35 67 33 94 7 94 50 71 94 35 67
33 94 50 71 94 35 67 33 94 50 7 94 50 71 94 35 67
33 94 50 71 94 35 67 33 94 50 7 50 71 94 35 67
33 94 50 71 94 35 67 33 94 50 71 7 50 71 94 35 67
33 94 7 94 50 71 94 35 67 33 94 50 71 94 35 67
33 94 50 7 94 50 71 94 35 67 33 94 50 71 94 35 67
33 94 50 7 50 71 94 35 67 33 94 50 71 94 35 67
33 94 50 71 7 50 71 94 35 67 33 94 50 71 94 35 67

95 22 66 82 10 59 8 95 22 66 82 10 59 8
95 22 66 82 10 59 8 95 22 9 22 66 82 10 59 8
95 22 66 82 10 59 8 95 22 66 9 22 66 82 10 59 8
95 22 66 82 10 59 8 95 22 66 9 66 82 10 59 8
95 22 66 82 10 59 8 95 22 66 82 9 66 82 10 59 8
95 22 9 22 66 82 10 59 8 95 22 66 82 10 59 8
95 22 66 9 22 66 82 10 59 8 95 22 66 82 10 59 8
95 22 66 9 66 82 10 59 8 95 22 66 82 10 59 8
95 22 66 82 9 66 82 10 59 8 95 22 66 82 10 59 8

37 81 79 42 91 69 37 37 81 79 42 91 69 37
37 81 79 42 91 69 37 37 81 5 81 79 42 91 69 37
37 81 79 42 91 69 37 37 81 79 5 81 79 42 91 69 37
37 81 79 42 91 69 37 37 81 79 5 79 42 91 69 37
37 81 79 42 91 69 37 37 81 79 42 5 79 42 91 69 37
37 81 5 81 79 42 91 69 37 37 81 79 42 91 69 37
37 81 79 5 81 79 42 91 69 37 37 81 79 42 91 69 37
37 81 79 5 79 42 91 69 37 37 81 79 42 91 69 37
37 81 79 42 5 79 42 91 69 37 37 81 79 42 91 69 37

43 20 15 32 19 57 13 43 20 15 32 19 57 13
43 20 15 32 19 57 13 43 20 5 20 15 32 19 57 13
43 20 15 32 19 57 13 43 20 15 5 20 15 32 19 57 13
43 20 15 32 19 57 13 43 20 15 5 15 32 19 57 13
43 20 15 32 19 57 13 43 20 15 32 5 15 32 19 57 13
43 20 5 20 15 32 19 57 13 43 20 15 32 19 57 13
43 20 15 5 20 15 32 19 57 13 43 20 15 32 19 57 13
43 20 15 5 15 32 19 57 13 43 20 15 32 19 57 13
43 20 15 32 5 15 32 19 57 13 43 20 15 32 19 57 13

51 18 39 65 85 36 37 51 18 39 65 85 36 37
51 18 39 65 85 36 37 51 18 7 18 39 65 85 36 37
51 18 39 65 85 36 37 51 18 39 7 18 39 65 85 36 37
51 18 39 65 85 36 37 51 18 39 7 39 65 85 36 37
51 18 39 65 85 36 37 51 18 39 65 7 39 65 85 36 37
51 18 7 18 39 65 85 36 37 51 18 39 65 85 36 37
51 18 39 7 18 39 65 85 36 37 51 18 39 65 85 36 37
51 18 39 7 39 65 85 36 37 51 18 39 65 85 36 37
51 18 39 65 7 39 65 85 36 37 51 18 39 65 85 36 37

14 50 82 92 75 35 82 14 50 82 92 75 35 82
14 50 82 92 75 35 82 14 50 16 50 82 92 75 35 82
14 50 82 92 75 35 82 14 50 82 16 50 82 92 75 35 82
14 50 82 92 75 35 82 14 50 82 16 82 92 75 35 82
14 50 82 92 75 35 82 14 50 82 92 16 82 92 75 35 82
14 50 16 50 82 92 75 35 82 14 50 82 92 75 35 82
14 50 82 16 50 82 92 75 35 82 14 50 82 92 75 35 82
14 50 82 16 82 92 75 35 82 14 50 82 92 75 35 82
14 50 82 92 16 82 92 75 35 82 14 50 82 92 75 35 82

93 32 97 72 36 98 82 93 32 97 72 36 98 82
93 32 97 72 36 98 82 93 32 9 32 97 72 36 98 82
93 32 97 72 36 98 82 93 32 97 9 32 97 72 36 98 82
93 32 97 72 36 98 82 93 32 97 9 97 72 36 98 82
93 32 97 72 36 98 82 93 32 97 72 9 97 72 36 98 82
93 32 9 32 97 72 36 98 82 93 32 97 72 36 98 82
93 32 97 9 32 97 72 36 98 82 93 32 97 72 36 98 82
93 32 97 9 97 72 36 98 82 93 32 97 72 36 98 82
93 32 97 72 9 97 72 36 98 82 93 32 97 72 36 98 82

50 51 25 15 57 92 50 50 51 25 15 57 92 50
50 51 25 15 57 92 50 50 51 14 51 25 15 57 92 50
50 51 25 15 57 92 50 50 51 25 14 51 25 15 57 92 50
50 51 25 15 57 92 50 50 51 25 14 25 15 57 92 50
50 51 25 15 57 92 50 50 51 25 15 14 25 15 57 92 50
50 51 14 51 25 15 57 92 50 50 51 25 15 57 92 50
50 51 25 14 51 25 15 57 92 50 50 51 25 15 57 92 50
50 51 25 14 25 15 57 92 50 50 51 25 15 57 92 50
50 51 25 15 14 25 15 57 92 50 50 51 25 15 57 92 50

86 67 43 26 68 33 41 86 67 43 26 68 33 41
86 67 43 26 68 33 41 86 67 8 67 43 26 68 33 41
86 67 43 26 68 33 41 86 67 43 8 67 43 26 68 33 41
86 67 43 26 68 33 41 86 67 43 8 43 26 68 33 41
86 67 43 26 68 33 41 86 67 43 26 8 43 26 68 33 41
86 67 8 67 43 26 68 33 41 86 67 43 26 68 33 41
86 67 43 8 67 43 26 68 33 41 86 67 43 26 68 33 41
86 67 43 8 43 26 68 33 41 86 67 43 26 68 33 41
86 67 43 26 8 43 26 68 33 41 86 67 43 26 68 33 41

65 29 70 98 22 90 7 65 29 70 98 22 90 7
65 29 70 98 22 90 7 65 29 17 29 70 98 22 90 7
65 29 70 98 22 90 7 65 29 70 17 29 70 98 22 90 7
65 29 70 98 22 90 7 65 29 70 17 70 98 22 90 7
65 29 70 98 22 90 7 65 29 70 98 17 70 98 22 90 7
65 29 17 29 70 98 22 90 7 65 29 70 98 22 90 7
65 29 70 17 29 70 98 22 90 7 65 29 70 98 22 90 7
65 29 70 17 70 98 22 90 7 65 29 70 98 22 90 7
65 29 70 98 17 70 98 22 90 7 65 29 70 98 22 90 7

98 97 6 69 14 96 94 98 97 6 69 14 96 94
98 97 6 69 14 96 94 98 97 15 97 6 69 14 96 94
98 97 6 69 14 96 94 98 97 6 15 97 6 69 14 96 94
98 97 6 69 14 96 94 98 97 6 15 6 69 14 96 94
98 97 6 69 14 96 94 98 97 6 69 15 6 69 14 96 94
98 97 15 97 6 69 14 96 94 98 97 6 69 14 96 94
98 97 6 15 97 6 69 14 96 94 98 97 6 69 14 96 94
98 97 6 15 6 69 14 96 94 98 97 6 69 14 96 94
98 97 6 69 15 6 69 14 96 94 98 97 6 69 14 96 94

86 40 69 58 83 74 22 86 40 69 58 83 74 22
86 40 69 58 83 74 22 86 40 5 40 69 58 83 74 22
86 40 69 58 83 74 22 86 40 69 5 40 69 58 83 74 22
86 40 69 58 83 74 22 86 40 69 5 69 58 83 74 22
86 40 69 58 83 74 22 86 40 69 58 5 69 58 83 74 22
86 40 5 40 69 58 83 74 22 86 40 69 58 83 74 22
86 40 69 5 40 69 58 83 74 22 86 40 69 58 83 74 22
86 40 69 5 69 58 83 74 22 86 40 69 58 83 74 22
86 40 69 58 5 69 58 83 74 22 86 40 69 58 83 74 22

