200
7
2
2

4
23
13
16
4
28
24
16
2
15
25
25
26
23
14
1
24
30
19
9
27
5
12
2
26
7
3
14
18
2
18
30
7
27
2
27
26
14
23
7
5
30
21
30
28
30
18
23
12
5
30
29
11
5
19
3
22
26
17
24
18
28
10
12
9
29
12
25
20
7
25
12
21
19
28
16
24
25
2
13
18
8
1
5
10
0
10
12
17
3
9
22
30
13
14
19
17
29
28
23
19
24
8
15
28
19
13
8
20
12
13
23
27
20
0
15
27
19
7
19
8
11
3
12
20
3
20
18
10
6
25
14
23
1
9
10
22
29
17
3
17
15
22
30
27
17
17
0
25
21
28
11
9
17
23
28
26
8
14
3
26
17
26
18
5
18
6
17
23
9
29
11
3
29
2
3
5
25
16
6
7
9
6
24
5
15
23
20
12
8
22
23
7
5
10
5
24
16
10
10

86 76 
54 65 
55 82 
96 102 
99 31 
45 72 
88 30 
63 110 
54 45 
56 79 
69 35 
59 51 
110 59 
44 80 
80 33 
23 85 
102 107 
42 24 
85 85 
37 120 
18 22 
90 112 
115 76 
51 51 
30 67 
18 68 
55 85 
39 33 
113 71 
110 30 
75 62 
19 63 
68 92 
86 73 
28 115 
99 34 
52 70 
89 52 
41 35 
87 88 
92 70 
103 89 
106 71 
84 92 
56 57 
19 65 
40 93 
32 30 
105 83 
40 95 
69 17 
28 52 
113 82 
63 40 
51 95 
60 32 
67 73 
110 44 
83 105 
41 43 
113 27 
113 25 
67 84 
65 58 
108 76 
38 56 
111 81 
31 37 
63 50 
88 80 
70 72 
37 100 
111 62 
27 25 
68 69 
86 21 
57 36 
56 113 
56 102 
78 94 
104 108 
60 111 
103 46 
46 104 
72 95 
102 21 
108 103 
28 109 
98 101 
55 118 
52 116 
65 62 
89 103 
88 91 
58 52 
111 87 
18 39 
67 34 
38 95 
30 29 
90 80 
98 77 
87 77 
29 102 
28 29 
68 27 
88 72 
109 103 
44 116 
61 77 
90 100 
97 72 
16 45 
94 40 
27 100 
27 82 
54 26 
101 118 
51 102 
47 94 
92 66 
98 86 
42 49 
33 48 
100 32 
17 109 
10 54 
23 101 
27 114 
105 79 
24 34 
102 112 
99 58 
64 51 
45 19 
22 66 
94 32 
90 70 
54 49 
19 90 
65 60 
63 19 
82 97 
79 71 
103 102 
29 102 
36 84 
65 46 
100 39 
35 14 
84 77 
65 99 
23 93 
33 35 
22 52 
102 55 
66 52 
15 31 
59 96 
75 72 
100 56 
19 34 
18 23 
28 100 
113 96 
64 98 
53 26 
39 63 
42 83 
96 17 
87 68 
13 79 
52 37 
38 27 
41 61 
17 90 
30 53 
78 23 
24 104 
38 111 
93 37 
91 43 
93 112 
69 60 
102 21 
59 24 
108 86 
86 99 
58 28 
97 87 
97 75 
55 83 
53 102 
24 31 
75 81 
92 27 
108 36 
56 42 
37 92 
79 94 

2035
1971
1982
2021
1786
1958
1290
2626
1883
2331
1928
1611
1940
2048
1362
931
2533
1494
2622
2078
1693
2339
2097
1886
1618
1901
1707
1403
2002
2068
1334
1714
1858
2198
1931
1905
1559
2267
1588
1859
2688
2561
2581
2285
1688
1617
1919
1994
2154
1799
1325
2304
1859
1940
2047
1746
1856
1685
2511
1558
1981
1770
1966
2083
2146
1822
2605
1822
2109
1777
1947
1336
2255
1286
1797
1758
1599
2228
1828
2067
1792
1987
2132
1740
1765
1606
2682
1404
2327
1657
2056
1765
2172
2113
1729
2113
1399
1601
1515
1536
2166
2414
2150
1660
1099
1535
2064
2766
1867
2106
2118
2513
1396
1763
2297
1893
1552
2022
2245
1469
1631
2199
1632
1676
1806
1960
1362
1750
1462
2118
1367
2025
1969
1682
1264
2241
1525
2161
1464
1470
1996
1714
2198
2070
2562
1349
1309
1737
1824
1607
2452
2153
1593
1442
991
1834
2081
1693
2213
1938
1636
1819
1314
2075
2107
1886
1185
1790
2187
1821
1917
2127
1103
1286
2219
1666
1480
1618
1983
1869
1769
1863
2337
1854
1495
1334
2549
2403
1180
2147
2114
1958
1909
1488
1633
1539
1882
1710
1817
1874

1 2 3 4 5 1 2 3 4 5 6 7
1 2 3 4 5 1 2 100 102 3 4 5 6 7
1 2 3 4 5 1 2 3 100 102 103 4 5 6 7
1 2 3 4 5 1 2 3 100 103 4 5 6 7
1 2 3 4 5 1 2 3 4 100 103 104 5 6 7
1 2 100 102 3 4 5 1 2 3 4 5 6 7
1 2 3 100 102 103 4 5 1 2 3 4 5 6 7
1 2 3 100 103 4 5 1 2 3 4 5 6 7
1 2 3 4 100 103 104 5 1 2 3 4 5 6 7

27 56 75 67 56 81 67 27 56 75 67 56 81 67
27 56 75 67 56 81 67 27 56 16 56 75 67 56 81 67
27 56 75 67 56 81 67 27 56 75 16 56 75 67 56 81 67
27 56 75 67 56 81 67 27 56 75 16 75 67 56 81 67
27 56 75 67 56 81 67 27 56 75 67 16 75 67 56 81 67
27 56 16 56 75 67 56 81 67 27 56 75 67 56 81 67
27 56 75 16 56 75 67 56 81 67 27 56 75 67 56 81 67
27 56 75 16 75 67 56 81 67 27 56 75 67 56 81 67
27 56 75 67 16 75 67 56 81 67 27 56 75 67 56 81 67

35 36 43 50 92 100 49 35 36 43 50 92 100 49
35 36 43 50 92 100 49 35 36 11 36 43 50 92 100 49
35 36 43 50 92 100 49 35 36 43 11 36 43 50 92 100 49
35 36 43 50 92 100 49 35 36 43 11 43 50 92 100 49
35 36 43 50 92 100 49 35 36 43 50 11 43 50 92 100 49
35 36 11 36 43 50 92 100 49 35 36 43 50 92 100 49
35 36 43 11 36 43 50 92 100 49 35 36 43 50 92 100 49
35 36 43 11 43 50 92 100 49 35 36 43 50 92 100 49
35 36 43 50 11 43 50 92 100 49 35 36 43 50 92 100 49

59 100 35 64 40 18 52 59 100 35 64 40 18 52
59 100 35 64 40 18 52 59 100 18 100 35 64 40 18 52
59 100 35 64 40 18 52 59 100 35 18 100 35 64 40 18 52
59 100 35 64 40 18 52 59 100 35 18 35 64 40 18 52
59 100 35 64 40 18 52 59 100 35 64 18 35 64 40 18 52
59 100 18 100 35 64 40 18 52 59 100 35 64 40 18 52
59 100 35 18 100 35 64 40 18 52 59 100 35 64 40 18 52
59 100 35 18 35 64 40 18 52 59 100 35 64 40 18 52
59 100 35 64 18 35 64 40 18 52 59 100 35 64 40 18 52

36 55 79 84 27 18 98 36 55 79 84 27 18 98
36 55 79 84 27 18 98 36 55 7 55 79 84 27 18 98
36 55 79 84 27 18 98 36 55 79 7 55 79 84 27 18 98
36 55 79 84 27 18 98 36 55 79 7 79 84 27 18 98
36 55 79 84 27 18 98 36 55 79 84 7 79 84 27 18 98
36 55 7 55 79 84 27 18 98 36 55 79 84 27 18 98
36 55 79 7 55 79 84 27 18 98 36 55 79 84 27 18 98
36 55 79 7 79 84 27 18 98 36 55 79 84 27 18 98
36 55 79 84 7 79 84 27 18 98 36 55 79 84 27 18 98

78 47 93 24 14 69 37 78 47 93 24 14 69 37
78 47 93 24 14 69 37 78 47 18 47 93 24 14 69 37
78 47 93 24 14 69 37 78 47 93 18 47 93 24 14 69 37
78 47 93 24 14 69 37 78 47 93 18 93 24 14 69 37
78 47 93 24 14 69 37 78 47 93 24 18 93 24 14 69 37
78 47 18 47 93 24 14 69 37 78 47 93 24 14 69 37
78 47 93 18 47 93 24 14 69 37 78 47 93 24 14 69 37
78 47 93 18 93 24 14 69 37 78 47 93 24 14 69 37
78 47 93 24 18 93 24 14 69 37 78 47 93 24 14 69 37

37 98 32 53 51 85 51 37 98 32 53 51 85 51
37 98 32 53 51 85 51 37 98 13 98 32 53 51 85 51
37 98 32 53 51 85 51 37 98 32 13 98 32 53 51 85 51
37 98 32 53 51 85 51 37 98 32 13 32 53 51 85 51
37 98 32 53 51 85 51 37 98 32 53 13 32 53 51 85 51
37 98 13 98 32 53 51 85 51 37 98 32 53 51 85 51
37 98 32 13 98 32 53 51 85 51 37 98 32 53 51 85 51
37 98 32 13 32 53 51 85 51 37 98 32 53 51 85 51
37 98 32 53 13 32 53 51 85 51 37 98 32 53 51 85 51

10 68 69 12 35 47 7 10 68 69 12 35 47 7
10 68 69 12 35 47 7 10 68 5 68 69 12 35 47 7
10 68 69 12 35 47 7 10 68 69 5 68 69 12 35 47 7
10 68 69 12 35 47 7 10 68 69 5 69 12 35 47 7
10 68 69 12 35 47 7 10 68 69 12 5 69 12 35 47 7
10 68 5 68 69 12 35 47 7 10 68 69 12 35 47 7
10 68 69 5 68 69 12 35 47 7 10 68 69 12 35 47 7
10 68 69 5 69 12 35 47 7 10 68 69 12 35 47 7
10 68 69 12 5 69 12 35 47 7 10 68 69 12 35 47 7

72 74 49 95 83 72 97 72 74 49 95 83 72 97
72 74 49 95 83 72 97 72 74 17 74 49 95 83 72 97
72 74 49 95 83 72 97 72 74 49 17 74 49 95 83 72 97
72 74 49 95 83 72 97 72 74 49 17 49 95 83 72 97
72 74 49 95 83 72 97 72 74 49 95 17 49 95 83 72 97
72 74 17 74 49 95 83 72 97 72 74 49 95 83 72 97
72 74 49 17 74 49 95 83 72 97 72 74 49 95 83 72 97
72 74 49 17 49 95 83 72 97 72 74 49 95 83 72 97
72 74 49 95 17 49 95 83 72 97 72 74 49 95 83 72 97

80 84 39 34 75 5 29 80 84 39 34 75 5 29
80 84 39 34 75 5 29 80 84 9 84 39 34 75 5 29
80 84 39 34 75 5 29 80 84 39 9 84 39 34 75 5 29
80 84 39 34 75 5 29 80 84 39 9 39 34 75 5 29
80 84 39 34 75 5 29 80 84 39 34 9 39 34 75 5 29
80 84 9 84 39 34 75 5 29 80 84 39 34 75 5 29
80 84 39 9 84 39 34 75 5 29 80 84 39 34 75 5 29
80 84 39 9 39 34 75 5 29 80 84 39 34 75 5 29
80 84 39 34 9 39 34 75 5 29 80 84 39 34 75 5 29

88 88 37 72 55 49 71 88 88 37 72 55 49 71
88 88 37 72 55 49 71 88 88 12 88 37 72 55 49 71
88 88 37 72 55 49 71 88 88 37 12 88 37 72 55 49 71
88 88 37 72 55 49 71 88 88 37 12 37 72 55 49 71
88 88 37 72 55 49 71 88 88 37 72 12 37 72 55 49 71
88 88 12 88 37 72 55 49 71 88 88 37 72 55 49 71
88 88 37 12 88 37 72 55 49 71 88 88 37 72 55 49 71
88 88 37 12 37 72 55 49 71 88 88 37 72 55 49 71
88 88 37 72 12 37 72 55 49 71 88 88 37 72 55 49 71

88 80 51 29 60 26 18 88 80 51 29 60 26 18
88 80 51 29 60 26 18 88 80 8 80 51 29 60 26 18
88 80 51 29 60 26 18 88 80 51 8 80 51 29 60 26 18
88 80 51 29 60 26 18 88 80 51 8 51 29 60 26 18
88 80 51 29 60 26 18 88 80 51 29 8 51 29 60 26 18
88 80 8 80 51 29 60 26 18 88 80 51 29 60 26 18
88 80 51 8 80 51 29 60 26 18 88 80 51 29 60 26 18
88 80 51 8 51 29 60 26 18 88 80 51 29 60 26 18
88 80 51 29 8 51 29 60 26 18 88 80 51 29 60 26 18

17 29 40 40 91 84 20 17 29 40 40 91 84 20
17 29 40 40 91 84 20 17 29 16 29 40 40 91 84 20
17 29 40 40 91 84 20 17 29 40 16 29 40 40 91 84 20
17 29 40 40 91 84 20 17 29 40 16 40 40 91 84 20
17 29 40 40 91 84 20 17 29 40 40 16 40 40 91 84 20
17 29 16 29 40 40 91 84 20 17 29 40 40 91 84 20
17 29 40 16 29 40 40 91 84 20 17 29 40 40 91 84 20
17 29 40 16 40 40 91 84 20 17 29 40 40 91 84 20
17 29 40 40 16 40 40 91 84 20 17 29 40 40 91 84 20

47 46 94 54 18 89 53 47 46 94 54 18 89 53
47 46 94 54 18 89 53 47 46 15 46 94 54 18 89 53
47 46 94 54 18 89 53 47 46 94 15 46 94 54 18 89 53
47 46 94 54 18 89 53 47 46 94 15 94 54 18 89 53
47 46 94 54 18 89 53 47 46 94 54 15 94 54 18 89 53
47 46 15 46 94 54 18 89 53 47 46 94 54 18 89 53
47 46 94 15 46 94 54 18 89 53 47 46 94 54 18 89 53
47 46 94 15 94 54 18 89 53 47 46 94 54 18 89 53
47 46 94 54 15 94 54 18 89 53 47 46 94 54 18 89 53

53 62 34 73 80 32 63 53 62 34 73 80 32 63
53 62 34 73 80 32 63 53 62 14 62 34 73 80 32 63
53 62 34 73 80 32 63 53 62 34 14 62 34 73 80 32 63
53 62 34 73 80 32 63 53 62 34 14 34 73 80 32 63
53 62 34 73 80 32 63 53 62 34 73 14 34 73 80 32 63
53 62 14 62 34 73 80 32 63 53 62 34 73 80 32 63
53 62 34 14 62 34 73 80 32 63 53 62 34 73 80 32 63
53 62 34 14 34 73 80 32 63 53 62 34 73 80 32 63
53 62 34 73 14 34 73 80 32 63 53 62 34 73 80 32 63

28 7 74 20 81 33 20 28 7 74 20 81 33 20
28 7 74 20 81 33 20 28 7 15 7 74 20 81 33 20
28 7 74 20 81 33 20 28 7 74 15 7 74 20 81 33 20
28 7 74 20 81 33 20 28 7 74 15 74 20 81 33 20
28 7 74 20 81 33 20 28 7 74 20 15 74 20 81 33 20
28 7 15 7 74 20 81 33 20 28 7 74 20 81 33 20
28 7 74 15 7 74 20 81 33 20 28 7 74 20 81 33 20
28 7 74 15 74 20 81 33 20 28 7 74 20 81 33 20
28 7 74 20 15 74 20 81 33 20 28 7 74 20 81 33 20

7 8 16 77 10 20 62 7 8 16 77 10 20 62
7 8 16 77 10 20 62 7 8 16 8 16 77 10 20 62
7 8 16 77 10 20 62 7 8 16 16 8 16 77 10 20 62
7 8 16 77 10 20 62 7 8 16 16 16 77 10 20 62
7 8 16 77 10 20 62 7 8 16 77 16 16 77 10 20 62
7 8 16 8 16 77 10 20 62 7 8 16 77 10 20 62
7 8 16 16 8 16 77 10 20 62 7 8 16 77 10 20 62
7 8 16 16 16 77 10 20 62 7 8 16 77 10 20 62
7 8 16 77 16 16 77 10 20 62 7 8 16 77 10 20 62

83 77 90 99 10 79 74 83 77 90 99 10 79 74
83 77 90 99 10 79 74 83 77 7 77 90 99 10 79 74
83 77 90 99 10 79 74 83 77 90 7 77 90 99 10 79 74
83 77 90 99 10 79 74 83 77 90 7 90 99 10 79 74
83 77 90 99 10 79 74 83 77 90 99 7 90 99 10 79 74
83 77 7 77 90 99 10 79 74 83 77 90 99 10 79 74
83 77 90 7 77 90 99 10 79 74 83 77 90 99 10 79 74
83 77 90 7 90 99 10 79 74 83 77 90 99 10 79 74
83 77 90 99 7 90 99 10 79 74 83 77 90 99 10 79 74

58 45 37 9 68 60 6 58 45 37 9 68 60 6
58 45 37 9 68 60 6 58 45 7 45 37 9 68 60 6
58 45 37 9 68 60 6 58 45 37 7 45 37 9 68 60 6
58 45 37 9 68 60 6 58 45 37 7 37 9 68 60 6
58 45 37 9 68 60 6 58 45 37 9 7 37 9 68 60 6
58 45 7 45 37 9 68 60 6 58 45 37 9 68 60 6
58 45 37 7 45 37 9 68 60 6 58 45 37 9 68 60 6
58 45 37 7 37 9 68 60 6 58 45 37 9 68 60 6
58 45 37 9 7 37 9 68 60 6 58 45 37 9 68 60 6

88 91 67 80 64 80 46 88 91 67 80 64 80 46
88 91 67 80 64 80 46 88 91 10 91 67 80 64 80 46
88 91 67 80 64 80 46 88 91 67 10 91 67 80 64 80 46
88 91 67 80 64 80 46 88 91 67 10 67 80 64 80 46
88 91 67 80 64 80 46 88 91 67 80 10 67 80 64 80 46
88 91 10 91 67 80 64 80 46 88 91 67 80 64 80 46
88 91 67 10 91 67 80 64 80 46 88 91 67 80 64 80 46
88 91 67 10 67 80 64 80 46 88 91 67 80 64 80 46
88 91 67 80 10 67 80 64 80 46 88 91 67 80 64 80 46

84 46 24 100 95 18 7 84 46 24 100 95 18 7
84 46 24 100 95 18 7 84 46 19 46 24 100 95 18 7
84 46 24 100 95 18 7 84 46 24 19 46 24 100 95 18 7
84 46 24 100 95 18 7 84 46 24 19 24 100 95 18 7
84 46 24 100 95 18 7 84 46 24 100 19 24 100 95 18 7
84 46 19 46 24 100 95 18 7 84 46 24 100 95 18 7
84 46 24 19 46 24 100 95 18 7 84 46 24 100 95 18 7
84 46 24 19 24 100 95 18 7 84 46 24 100 95 18 7
84 46 24 100 19 24 100 95 18 7 84 46 24 100 95 18 7

68 58 7 9 63 75 99 68 58 7 9 63 75 99
68 58 7 9 63 75 99 68 58 9 58 7 9 63 75 99
68 58 7 9 63 75 99 68 58 7 9 58 7 9 63 75 99
68 58 7 9 63 75 99 68 58 7 9 7 9 63 75 99
68 58 7 9 63 75 99 68 58 7 9 9 7 9 63 75 99
68 58 9 58 7 9 63 75 99 68 58 7 9 63 75 99
68 58 7 9 58 7 9 63 75 99 68 58 7 9 63 75 99
68 58 7 9 7 9 63 75 99 68 58 7 9 63 75 99
68 58 7 9 9 7 9 63 75 99 68 58 7 9 63 75 99

81 69 83 92 22 54 55 81 69 83 92 22 54 55
81 69 83 92 22 54 55 81 69 20 69 83 92 22 54 55
81 69 83 92 22 54 55 81 69 83 20 69 83 92 22 54 55
81 69 83 92 22 54 55 81 69 83 20 83 92 22 54 55
81 69 83 92 22 54 55 81 69 83 92 20 83 92 22 54 55
81 69 20 69 83 92 22 54 55 81 69 83 92 22 54 55
81 69 83 20 69 83 92 22 54 55 81 69 83 92 22 54 55
81 69 83 20 83 92 22 54 55 81 69 83 92 22 54 55
81 69 83 92 20 83 92 22 54 55 81 69 83 92 22 54 55

54 39 96 56 37 98 46 54 39 96 56 37 98 46
54 39 96 56 37 98 46 54 39 20 39 96 56 37 98 46
54 39 96 56 37 98 46 54 39 96 20 39 96 56 37 98 46
54 39 96 56 37 98 46 54 39 96 20 96 56 37 98 46
54 39 96 56 37 98 46 54 39 96 56 20 96 56 37 98 46
54 39 20 39 96 56 37 98 46 54 39 96 56 37 98 46
54 39 96 20 39 96 56 37 98 46 54 39 96 56 37 98 46
54 39 96 20 96 56 37 98 46 54 39 96 56 37 98 46
54 39 96 56 20 96 56 37 98 46 54 39 96 56 37 98 46

78 78 43 38 56 58 7 78 78 43 38 56 58 7
78 78 43 38 56 58 7 78 78 8 78 43 38 56 58 7
78 78 43 38 56 58 7 78 78 43 8 78 43 38 56 58 7
78 78 43 38 56 58 7 78 78 43 8 43 38 56 58 7
78 78 43 38 56 58 7 78 78 43 38 8 43 38 56 58 7
78 78 8 78 43 38 56 58 7 78 78 43 38 56 58 7
78 78 43 8 78 43 38 56 58 7 78 78 43 38 56 58 7
78 78 43 8 43 38 56 58 7 78 78 43 38 56 58 7
78 78 43 38 8 43 38 56 58 7 78 78 43 38 56 58 7

67 13 23 58 92 35 12 67 13 23 58 92 35 12
67 13 23 58 92 35 12 67 13 16 13 23 58 92 35 12
67 13 23 58 92 35 12 67 13 23 16 13 23 58 92 35 12
67 13 23 58 92 35 12 67 13 23 16 23 58 92 35 12
67 13 23 58 92 35 12 67 13 23 58 16 23 58 92 35 12
67 13 16 13 23 58 92 35 12 67 13 23 58 92 35 12
67 13 23 16 13 23 58 92 35 12 67 13 23 58 92 35 12
67 13 23 16 23 58 92 35 12 67 13 23 58 92 35 12
67 13 23 58 16 23 58 92 35 12 67 13 23 58 92 35 12

73 67 9 60 61 43 63 73 67 9 60 61 43 63
73 67 9 60 61 43 63 73 67 7 67 9 60 61 43 63
73 67 9 60 61 43 63 73 67 9 7 67 9 60 61 43 63
73 67 9 60 61 43 63 73 67 9 7 9 60 61 43 63
73 67 9 60 61 43 63 73 67 9 60 7 9 60 61 43 63
73 67 7 67 9 60 61 43 63 73 67 9 60 61 43 63
73 67 9 7 67 9 60 61 43 63 73 67 9 60 61 43 63
73 67 9 7 9 60 61 43 63 73 67 9 60 61 43 63
73 67 9 60 7 9 60 61 43 63 73 67 9 60 61 43 63

100 31 35 77 5 53 44 100 31 35 77 5 53 44
100 31 35 77 5 53 44 100 31 15 31 35 77 5 53 44
100 31 35 77 5 53 44 100 31 35 15 31 35 77 5 53 44
100 31 35 77 5 53 44 100 31 35 15 35 77 5 53 44
100 31 35 77 5 53 44 100 31 35 77 15 35 77 5 53 44
100 31 15 31 35 77 5 53 44 100 31 35 77 5 53 44
100 31 35 15 31 35 77 5 53 44 100 31 35 77 5 53 44
100 31 35 15 35 77 5 53 44 100 31 35 77 5 53 44
100 31 35 77 15 35 77 5 53 44 100 31 35 77 5 53 44

48 49 26 21 10 88 92 48 49 26 21 10 88 92
48 49 26 21 10 88 92 48 49 19 49 26 21 10 88 92
48 49 26 21 10 88 92 48 49 26 19 49 26 21 10 88 92
48 49 26 21 10 88 92 48 49 26 19 26 21 10 88 92
48 49 26 21 10 88 92 48 49 26 21 19 26 21 10 88 92
48 49 19 49 26 21 10 88 92 48 49 26 21 10 88 92
48 49 26 19 49 26 21 10 88 92 48 49 26 21 10 88 92
48 49 26 19 26 21 10 88 92 48 49 26 21 10 88 92
48 49 26 21 19 26 21 10 88 92 48 49 26 21 10 88 92

40 35 96 64 62 22 63 40 35 96 64 62 22 63
40 35 96 64 62 22 63 40 35 11 35 96 64 62 22 63
40 35 96 64 62 22 63 40 35 96 11 35 96 64 62 22 63
40 35 96 64 62 22 63 40 35 96 11 96 64 62 22 63
40 35 96 64 62 22 63 40 35 96 64 11 96 64 62 22 63
40 35 11 35 96 64 62 22 63 40 35 96 64 62 22 63
40 35 96 11 35 96 64 62 22 63 40 35 96 64 62 22 63
40 35 96 11 96 64 62 22 63 40 35 96 64 62 22 63
40 35 96 64 11 96 64 62 22 63 40 35 96 64 62 22 63

51 86 93 21 56 55 38 51 86 93 21 56 55 38
51 86 93 21 56 55 38 51 86 9 86 93 21 56 55 38
51 86 93 21 56 55 38 51 86 93 9 86 93 21 56 55 38
51 86 93 21 56 55 38 51 86 93 9 93 21 56 55 38
51 86 93 21 56 55 38 51 86 93 21 9 93 21 56 55 38
51 86 9 86 93 21 56 55 38 51 86 93 21 56 55 38
51 86 93 9 86 93 21 56 55 38 51 86 93 21 56 55 38
51 86 93 9 93 21 56 55 38 51 86 93 21 56 55 38
51 86 93 21 9 93 21 56 55 38 51 86 93 21 56 55 38

46 23 56 47 32 7 43 46 23 56 47 32 7 43
46 23 56 47 32 7 43 46 23 20 23 56 47 32 7 43
46 23 56 47 32 7 43 46 23 56 20 23 56 47 32 7 43
46 23 56 47 32 7 43 46 23 56 20 56 47 32 7 43
46 23 56 47 32 7 43 46 23 56 47 20 56 47 32 7 43
46 23 20 23 56 47 32 7 43 46 23 56 47 32 7 43
46 23 56 20 23 56 47 32 7 43 46 23 56 47 32 7 43
46 23 56 20 56 47 32 7 43 46 23 56 47 32 7 43
46 23 56 47 20 56 47 32 7 43 46 23 56 47 32 7 43

54 53 8 53 49 86 64 54 53 8 53 49 86 64
54 53 8 53 49 86 64 54 53 12 53 8 53 49 86 64
54 53 8 53 49 86 64 54 53 8 12 53 8 53 49 86 64
54 53 8 53 49 86 64 54 53 8 12 8 53 49 86 64
54 53 8 53 49 86 64 54 53 8 53 12 8 53 49 86 64
54 53 12 53 8 53 49 86 64 54 53 8 53 49 86 64
54 53 8 12 53 8 53 49 86 64 54 53 8 53 49 86 64
54 53 8 12 8 53 49 86 64 54 53 8 53 49 86 64
54 53 8 53 12 8 53 49 86 64 54 53 8 53 49 86 64

18 74 48 87 58 67 5 18 74 48 87 58 67 5
18 74 48 87 58 67 5 18 74 15 74 48 87 58 67 5
18 74 48 87 58 67 5 18 74 48 15 74 48 87 58 67 5
18 74 48 87 58 67 5 18 74 48 15 48 87 58 67 5
18 74 48 87 58 67 5 18 74 48 87 15 48 87 58 67 5
18 74 15 74 48 87 58 67 5 18 74 48 87 58 67 5
18 74 48 15 74 48 87 58 67 5 18 74 48 87 58 67 5
18 74 48 15 48 87 58 67 5 18 74 48 87 58 67 5
18 74 48 87 15 48 87 58 67 5 18 74 48 87 58 67 5

21 66 81 66 80 56 61 21 66 81 66 80 56 61
21 66 81 66 80 56 61 21 66 19 66 81 66 80 56 61
21 66 81 66 80 56 61 21 66 81 19 66 81 66 80 56 61
21 66 81 66 80 56 61 21 66 81 19 81 66 80 56 61
21 66 81 66 80 56 61 21 66 81 66 19 81 66 80 56 61
21 66 19 66 81 66 80 56 61 21 66 81 66 80 56 61
21 66 81 19 66 81 66 80 56 61 21 66 81 66 80 56 61
21 66 81 19 81 66 80 56 61 21 66 81 66 80 56 61
21 66 81 66 19 81 66 80 56 61 21 66 81 66 80 56 61

76 63 18 95 40 48 21 76 63 18 95 40 48 21
76 63 18 95 40 48 21 76 63 14 63 18 95 40 48 21
76 63 18 95 40 48 21 76 63 18 14 63 18 95 40 48 21
76 63 18 95 40 48 21 76 63 18 14 18 95 40 48 21
76 63 18 95 40 48 21 76 63 18 95 14 18 95 40 48 21
76 63 14 63 18 95 40 48 21 76 63 18 95 40 48 21
76 63 18 14 63 18 95 40 48 21 76 63 18 95 40 48 21
76 63 18 14 18 95 40 48 21 76 63 18 95 40 48 21
76 63 18 95 14 18 95 40 48 21 76 63 18 95 40 48 21

77 46 80 29 15 68 74 77 46 80 29 15 68 74
77 46 80 29 15 68 74 77 46 18 46 80 29 15 68 74
77 46 80 29 15 68 74 77 46 80 18 46 80 29 15 68 74
77 46 80 29 15 68 74 77 46 80 18 80 29 15 68 74
77 46 80 29 15 68 74 77 46 80 29 18 80 29 15 68 74
77 46 18 46 80 29 15 68 74 77 46 80 29 15 68 74
77 46 80 18 46 80 29 15 68 74 77 46 80 29 15 68 74
77 46 80 18 80 29 15 68 74 77 46 80 29 15 68 74
77 46 80 29 18 80 29 15 68 74 77 46 80 29 15 68 74

27 41 32 55 46 60 64 27 41 32 55 46 60 64
27 41 32 55 46 60 64 27 41 14 41 32 55 46 60 64
27 41 32 55 46 60 64 27 41 32 14 41 32 55 46 60 64
27 41 32 55 46 60 64 27 41 32 14 32 55 46 60 64
27 41 32 55 46 60 64 27 41 32 55 14 32 55 46 60 64
27 41 14 41 32 55 46 60 64 27 41 32 55 46 60 64
27 41 32 14 41 32 55 46 60 64 27 41 32 55 46 60 64
27 41 32 14 32 55 46 60 64 27 41 32 55 46 60 64
27 41 32 55 14 32 55 46 60 64 27 41 32 55 46 60 64

94 73 79 35 64 47 25 94 73 79 35 64 47 25
94 73 79 35 64 47 25 94 73 10 73 79 35 64 47 25
94 73 79 35 64 47 25 94 73 79 10 73 79 35 64 47 25
94 73 79 35 64 47 25 94 73 79 10 79 35 64 47 25
94 73 79 35 64 47 25 94 73 79 35 10 79 35 64 47 25
94 73 10 73 79 35 64 47 25 94 73 79 35 64 47 25
94 73 79 10 73 79 35 64 47 25 94 73 79 35 64 47 25
94 73 79 10 79 35 64 47 25 94 73 79 35 64 47 25
94 73 79 35 10 79 35 64 47 25 94 73 79 35 64 47 25

51 54 34 15 60 75 33 51 54 34 15 60 75 33
51 54 34 15 60 75 33 51 54 14 54 34 15 60 75 33
51 54 34 15 60 75 33 51 54 34 14 54 34 15 60 75 33
51 54 34 15 60 75 33 51 54 34 14 34 15 60 75 33
51 54 34 15 60 75 33 51 54 34 15 14 34 15 60 75 33
51 54 14 54 34 15 60 75 33 51 54 34 15 60 75 33
51 54 34 14 54 34 15 60 75 33 51 54 34 15 60 75 33
51 54 34 14 34 15 60 75 33 51 54 34 15 60 75 33
51 54 34 15 14 34 15 60 75 33 51 54 34 15 60 75 33

10 88 75 76 21 71 31 10 88 75 76 21 71 31
10 88 75 76 21 71 31 10 88 5 88 75 76 21 71 31
10 88 75 76 21 71 31 10 88 75 5 88 75 76 21 71 31
10 88 75 76 21 71 31 10 88 75 5 75 76 21 71 31
10 88 75 76 21 71 31 10 88 75 76 5 75 76 21 71 31
10 88 5 88 75 76 21 71 31 10 88 75 76 21 71 31
10 88 75 5 88 75 76 21 71 31 10 88 75 76 21 71 31
10 88 75 5 75 76 21 71 31 10 88 75 76 21 71 31
10 88 75 76 5 75 76 21 71 31 10 88 75 76 21 71 31

90 87 86 58 70 91 58 90 87 86 58 70 91 58
90 87 86 58 70 91 58 90 87 7 87 86 58 70 91 58
90 87 86 58 70 91 58 90 87 86 7 87 86 58 70 91 58
90 87 86 58 70 91 58 90 87 86 7 86 58 70 91 58
90 87 86 58 70 91 58 90 87 86 58 7 86 58 70 91 58
90 87 7 87 86 58 70 91 58 90 87 86 58 70 91 58
90 87 86 7 87 86 58 70 91 58 90 87 86 58 70 91 58
90 87 86 7 86 58 70 91 58 90 87 86 58 70 91 58
90 87 86 58 7 86 58 70 91 58 90 87 86 58 70 91 58

78 83 89 77 56 48 68 78 83 89 77 56 48 68
78 83 89 77 56 48 68 78 83 6 83 89 77 56 48 68
78 83 89 77 56 48 68 78 83 89 6 83 89 77 56 48 68
78 83 89 77 56 48 68 78 83 89 6 89 77 56 48 68
78 83 89 77 56 48 68 78 83 89 77 6 89 77 56 48 68
78 83 6 83 89 77 56 48 68 78 83 89 77 56 48 68
78 83 89 6 83 89 77 56 48 68 78 83 89 77 56 48 68
78 83 89 6 89 77 56 48 68 78 83 89 77 56 48 68
78 83 89 77 6 89 77 56 48 68 78 83 89 77 56 48 68

37 79 100 57 83 79 90 37 79 100 57 83 79 90
37 79 100 57 83 79 90 37 79 7 79 100 57 83 79 90
37 79 100 57 83 79 90 37 79 100 7 79 100 57 83 79 90
37 79 100 57 83 79 90 37 79 100 7 100 57 83 79 90
37 79 100 57 83 79 90 37 79 100 57 7 100 57 83 79 90
37 79 7 79 100 57 83 79 90 37 79 100 57 83 79 90
37 79 100 7 79 100 57 83 79 90 37 79 100 57 83 79 90
37 79 100 7 100 57 83 79 90 37 79 100 57 83 79 90
37 79 100 57 7 100 57 83 79 90 37 79 100 57 83 79 90

59 23 77 86 85 75 58 59 23 77 86 85 75 58
59 23 77 86 85 75 58 59 23 8 23 77 86 85 75 58
59 23 77 86 85 75 58 59 23 77 8 23 77 86 85 75 58
59 23 77 86 85 75 58 59 23 77 8 77 86 85 75 58
59 23 77 86 85 75 58 59 23 77 86 8 77 86 85 75 58
59 23 8 23 77 86 85 75 58 59 23 77 86 85 75 58
59 23 77 8 23 77 86 85 75 58 59 23 77 86 85 75 58
59 23 77 8 77 86 85 75 58 59 23 77 86 85 75 58
59 23 77 86 8 77 86 85 75 58 59 23 77 86 85 75 58

52 88 41 49 25 34 20 52 88 41 49 25 34 20
52 88 41 49 25 34 20 52 88 9 88 41 49 25 34 20
52 88 41 49 25 34 20 52 88 41 9 88 41 49 25 34 20
52 88 41 49 25 34 20 52 88 41 9 41 49 25 34 20
52 88 41 49 25 34 20 52 88 41 49 9 41 49 25 34 20
52 88 9 88 41 49 25 34 20 52 88 41 49 25 34 20
52 88 41 9 88 41 49 25 34 20 52 88 41 49 25 34 20
52 88 41 9 41 49 25 34 20 52 88 41 49 25 34 20
52 88 41 49 9 41 49 25 34 20 52 88 41 49 25 34 20

74 46 8 53 29 58 66 74 46 8 53 29 58 66
74 46 8 53 29 58 66 74 46 11 46 8 53 29 58 66
74 46 8 53 29 58 66 74 46 8 11 46 8 53 29 58 66
74 46 8 53 29 58 66 74 46 8 11 8 53 29 58 66
74 46 8 53 29 58 66 74 46 8 53 11 8 53 29 58 66
74 46 11 46 8 53 29 58 66 74 46 8 53 29 58 66
74 46 8 11 46 8 53 29 58 66 74 46 8 53 29 58 66
74 46 8 11 8 53 29 58 66 74 46 8 53 29 58 66
74 46 8 53 11 8 53 29 58 66 74 46 8 53 29 58 66

36 79 30 81 83 16 29 36 79 30 81 83 16 29
36 79 30 81 83 16 29 36 79 15 79 30 81 83 16 29
36 79 30 81 83 16 29 36 79 30 15 79 30 81 83 16 29
36 79 30 81 83 16 29 36 79 30 15 30 81 83 16 29
36 79 30 81 83 16 29 36 79 30 81 15 30 81 83 16 29
36 79 15 79 30 81 83 16 29 36 79 30 81 83 16 29
36 79 30 15 79 30 81 83 16 29 36 79 30 81 83 16 29
36 79 30 15 30 81 83 16 29 36 79 30 81 83 16 29
36 79 30 81 15 30 81 83 16 29 36 79 30 81 83 16 29

88 42 22 20 97 81 48 88 42 22 20 97 81 48
88 42 22 20 97 81 48 88 42 14 42 22 20 97 81 48
88 42 22 20 97 81 48 88 42 22 14 42 22 20 97 81 48
88 42 22 20 97 81 48 88 42 22 14 22 20 97 81 48
88 42 22 20 97 81 48 88 42 22 20 14 22 20 97 81 48
88 42 14 42 22 20 97 81 48 88 42 22 20 97 81 48
88 42 22 14 42 22 20 97 81 48 88 42 22 20 97 81 48
88 42 22 14 22 20 97 81 48 88 42 22 20 97 81 48
88 42 22 20 14 22 20 97 81 48 88 42 22 20 97 81 48

51 42 96 78 85 8 27 51 42 96 78 85 8 27
51 42 96 78 85 8 27 51 42 11 42 96 78 85 8 27
51 42 96 78 85 8 27 51 42 96 11 42 96 78 85 8 27
51 42 96 78 85 8 27 51 42 96 11 96 78 85 8 27
51 42 96 78 85 8 27 51 42 96 78 11 96 78 85 8 27
51 42 11 42 96 78 85 8 27 51 42 96 78 85 8 27
51 42 96 11 42 96 78 85 8 27 51 42 96 78 85 8 27
51 42 96 11 96 78 85 8 27 51 42 96 78 85 8 27
51 42 96 78 11 96 78 85 8 27 51 42 96 78 85 8 27

57 38 26 78 58 20 91 57 38 26 78 58 20 91
57 38 26 78 58 20 91 57 38 20 38 26 78 58 20 91
57 38 26 78 58 20 91 57 38 26 20 38 26 78 58 20 91
57 38 26 78 58 20 91 57 38 26 20 26 78 58 20 91
57 38 26 78 58 20 91 57 38 26 78 20 26 78 58 20 91
57 38 20 38 26 78 58 20 91 57 38 26 78 58 20 91
57 38 26 20 38 26 78 58 20 91 57 38 26 78 58 20 91
57 38 26 20 26 78 58 20 91 57 38 26 78 58 20 91
57 38 26 78 20 26 78 58 20 91 57 38 26 78 58 20 91

31 45 55 11 6 61 81 31 45 55 11 6 61 81
31 45 55 11 6 61 81 31 45 7 45 55 11 6 61 81
31 45 55 11 6 61 81 31 45 55 7 45 55 11 6 61 81
31 45 55 11 6 61 81 31 45 55 7 55 11 6 61 81
31 45 55 11 6 61 81 31 45 55 11 7 55 11 6 61 81
31 45 7 45 55 11 6 61 81 31 45 55 11 6 61 81
31 45 55 7 45 55 11 6 61 81 31 45 55 11 6 61 81
31 45 55 7 55 11 6 61 81 31 45 55 11 6 61 81
31 45 55 11 7 55 11 6 61 81 31 45 55 11 6 61 81

98 85 14 45 95 16 87 98 85 14 45 95 16 87
98 85 14 45 95 16 87 98 85 12 85 14 45 95 16 87
98 85 14 45 95 16 87 98 85 14 12 85 14 45 95 16 87
98 85 14 45 95 16 87 98 85 14 12 14 45 95 16 87
98 85 14 45 95 16 87 98 85 14 45 12 14 45 95 16 87
98 85 12 85 14 45 95 16 87 98 85 14 45 95 16 87
98 85 14 12 85 14 45 95 16 87 98 85 14 45 95 16 87
98 85 14 12 14 45 95 16 87 98 85 14 45 95 16 87
98 85 14 45 12 14 45 95 16 87 98 85 14 45 95 16 87

48 5 99 69 35 99 20 48 5 99 69 35 99 20
48 5 99 69 35 99 20 48 5 7 5 99 69 35 99 20
48 5 99 69 35 99 20 48 5 99 7 5 99 69 35 99 20
48 5 99 69 35 99 20 48 5 99 7 99 69 35 99 20
48 5 99 69 35 99 20 48 5 99 69 7 99 69 35 99 20
48 5 7 5 99 69 35 99 20 48 5 99 69 35 99 20
48 5 99 7 5 99 69 35 99 20 48 5 99 69 35 99 20
48 5 99 7 99 69 35 99 20 48 5 99 69 35 99 20
48 5 99 69 7 99 69 35 99 20 48 5 99 69 35 99 20

33 97 51 29 40 55 100 33 97 51 29 40 55 100
33 97 51 29 40 55 100 33 97 10 97 51 29 40 55 100
33 97 51 29 40 55 100 33 97 51 10 97 51 29 40 55 100
33 97 51 29 40 55 100 33 97 51 10 51 29 40 55 100
33 97 51 29 40 55 100 33 97 51 29 10 51 29 40 55 100
33 97 10 97 51 29 40 55 100 33 97 51 29 40 55 100
33 97 51 10 97 51 29 40 55 100 33 97 51 29 40 55 100
33 97 51 10 51 29 40 55 100 33 97 51 29 40 55 100
33 97 51 29 10 51 29 40 55 100 33 97 51 29 40 55 100

97 26 36 83 36 93 58 97 26 36 83 36 93 58
97 26 36 83 36 93 58 97 26 20 26 36 83 36 93 58
97 26 36 83 36 93 58 97 26 36 20 26 36 83 36 93 58
97 26 36 83 36 93 58 97 26 36 20 36 83 36 93 58
97 26 36 83 36 93 58 97 26 36 83 20 36 83 36 93 58
97 26 20 26 36 83 36 93 58 97 26 36 83 36 93 58
97 26 36 20 26 36 83 36 93 58 97 26 36 83 36 93 58
97 26 36 20 36 83 36 93 58 97 26 36 83 36 93 58
97 26 36 83 20 36 83 36 93 58 97 26 36 83 36 93 58

35 44 51 14 91 96 27 35 44 51 14 91 96 27
35 44 51 14 91 96 27 35 44 17 44 51 14 91 96 27
35 44 51 14 91 96 27 35 44 51 17 44 51 14 91 96 27
35 44 51 14 91 96 27 35 44 51 17 51 14 91 96 27
35 44 51 14 91 96 27 35 44 51 14 17 51 14 91 96 27
35 44 17 44 51 14 91 96 27 35 44 51 14 91 96 27
35 44 51 17 44 51 14 91 96 27 35 44 51 14 91 96 27
35 44 51 17 51 14 91 96 27 35 44 51 14 91 96 27
35 44 51 14 17 51 14 91 96 27 35 44 51 14 91 96 27

90 11 58 58 42 100 8 90 11 58 58 42 100 8
90 11 58 58 42 100 8 90 11 9 11 58 58 42 100 8
90 11 58 58 42 100 8 90 11 58 9 11 58 58 42 100 8
90 11 58 58 42 100 8 90 11 58 9 58 58 42 100 8
90 11 58 58 42 100 8 90 11 58 58 9 58 58 42 100 8
90 11 9 11 58 58 42 100 8 90 11 58 58 42 100 8
90 11 58 9 11 58 58 42 100 8 90 11 58 58 42 100 8
90 11 58 9 58 58 42 100 8 90 11 58 58 42 100 8
90 11 58 58 9 58 58 42 100 8 90 11 58 58 42 100 8

45 43 92 31 55 6 36 45 43 92 31 55 6 36
45 43 92 31 55 6 36 45 43 20 43 92 31 55 6 36
45 43 92 31 55 6 36 45 43 92 20 43 92 31 55 6 36
45 43 92 31 55 6 36 45 43 92 20 92 31 55 6 36
45 43 92 31 55 6 36 45 43 92 31 20 92 31 55 6 36
45 43 20 43 92 31 55 6 36 45 43 92 31 55 6 36
45 43 92 20 43 92 31 55 6 36 45 43 92 31 55 6 36
45 43 92 20 92 31 55 6 36 45 43 92 31 55 6 36
45 43 92 31 20 92 31 55 6 36 45 43 92 31 55 6 36

44 67 77 91 92 95 37 44 67 77 91 92 95 37
44 67 77 91 92 95 37 44 67 17 67 77 91 92 95 37
44 67 77 91 92 95 37 44 67 77 17 67 77 91 92 95 37
44 67 77 91 92 95 37 44 67 77 17 77 91 92 95 37
44 67 77 91 92 95 37 44 67 77 91 17 77 91 92 95 37
44 67 17 67 77 91 92 95 37 44 67 77 91 92 95 37
44 67 77 17 67 77 91 92 95 37 44 67 77 91 92 95 37
44 67 77 17 77 91 92 95 37 44 67 77 91 92 95 37
44 67 77 91 17 77 91 92 95 37 44 67 77 91 92 95 37

61 30 36 34 21 93 75 61 30 36 34 21 93 75
61 30 36 34 21 93 75 61 30 14 30 36 34 21 93 75
61 30 36 34 21 93 75 61 30 36 14 30 36 34 21 93 75
61 30 36 34 21 93 75 61 30 36 14 36 34 21 93 75
61 30 36 34 21 93 75 61 30 36 34 14 36 34 21 93 75
61 30 14 30 36 34 21 93 75 61 30 36 34 21 93 75
61 30 36 14 30 36 34 21 93 75 61 30 36 34 21 93 75
61 30 36 14 36 34 21 93 75 61 30 36 34 21 93 75
61 30 36 34 14 36 34 21 93 75 61 30 36 34 21 93 75

64 55 98 20 67 21 43 64 55 98 20 67 21 43
64 55 98 20 67 21 43 64 55 11 55 98 20 67 21 43
64 55 98 20 67 21 43 64 55 98 11 55 98 20 67 21 43
64 55 98 20 67 21 43 64 55 98 11 98 20 67 21 43
64 55 98 20 67 21 43 64 55 98 20 11 98 20 67 21 43
64 55 11 55 98 20 67 21 43 64 55 98 20 67 21 43
64 55 98 11 55 98 20 67 21 43 64 55 98 20 67 21 43
64 55 98 11 98 20 67 21 43 64 55 98 20 67 21 43
64 55 98 20 11 98 20 67 21 43 64 55 98 20 67 21 43

63 24 96 15 21 58 94 63 24 96 15 21 58 94
63 24 96 15 21 58 94 63 24 18 24 96 15 21 58 94
63 24 96 15 21 58 94 63 24 96 18 24 96 15 21 58 94
63 24 96 15 21 58 94 63 24 96 18 96 15 21 58 94
63 24 96 15 21 58 94 63 24 96 15 18 96 15 21 58 94
63 24 18 24 96 15 21 58 94 63 24 96 15 21 58 94
63 24 96 18 24 96 15 21 58 94 63 24 96 15 21 58 94
63 24 96 18 96 15 21 58 94 63 24 96 15 21 58 94
63 24 96 15 18 96 15 21 58 94 63 24 96 15 21 58 94

84 42 53 72 36 79 11 84 42 53 72 36 79 11
84 42 53 72 36 79 11 84 42 13 42 53 72 36 79 11
84 42 53 72 36 79 11 84 42 53 13 42 53 72 36 79 11
84 42 53 72 36 79 11 84 42 53 13 53 72 36 79 11
84 42 53 72 36 79 11 84 42 53 72 13 53 72 36 79 11
84 42 13 42 53 72 36 79 11 84 42 53 72 36 79 11
84 42 53 13 42 53 72 36 79 11 84 42 53 72 36 79 11
84 42 53 13 53 72 36 79 11 84 42 53 72 36 79 11
84 42 53 72 13 53 72 36 79 11 84 42 53 72 36 79 11

52 93 49 42 18 99 95 52 93 49 42 18 99 95
52 93 49 42 18 99 95 52 93 14 93 49 42 18 99 95
52 93 49 42 18 99 95 52 93 49 14 93 49 42 18 99 95
52 93 49 42 18 99 95 52 93 49 14 49 42 18 99 95
52 93 49 42 18 99 95 52 93 49 42 14 49 42 18 99 95
52 93 14 93 49 42 18 99 95 52 93 49 42 18 99 95
52 93 49 14 93 49 42 18 99 95 52 93 49 42 18 99 95
52 93 49 14 49 42 18 99 95 52 93 49 42 18 99 95
52 93 49 42 14 49 42 18 99 95 52 93 49 42 18 99 95

67 46 96 69 29 47 90 67 46 96 69 29 47 90
67 46 96 69 29 47 90 67 46 12 46 96 69 29 47 90
67 46 96 69 29 47 90 67 46 96 12 46 96 69 29 47 90
67 46 96 69 29 47 90 67 46 96 12 96 69 29 47 90
67 46 96 69 29 47 90 67 46 96 69 12 96 69 29 47 90
67 46 12 46 96 69 29 47 90 67 46 96 69 29 47 90
67 46 96 12 46 96 69 29 47 90 67 46 96 69 29 47 90
67 46 96 12 96 69 29 47 90 67 46 96 69 29 47 90
67 46 96 69 12 96 69 29 47 90 67 46 96 69 29 47 90

91 52 25 49 12 98 66 91 52 25 49 12 98 66
91 52 25 49 12 98 66 91 52 8 52 25 49 12 98 66
91 52 25 49 12 98 66 91 52 25 8 52 25 49 12 98 66
91 52 25 49 12 98 66 91 52 25 8 25 49 12 98 66
91 52 25 49 12 98 66 91 52 25 49 8 25 49 12 98 66
91 52 8 52 25 49 12 98 66 91 52 25 49 12 98 66
91 52 25 8 52 25 49 12 98 66 91 52 25 49 12 98 66
91 52 25 8 25 49 12 98 66 91 52 25 49 12 98 66
91 52 25 49 8 25 49 12 98 66 91 52 25 49 12 98 66

84 77 93 73 98 10 44 84 77 93 73 98 10 44
84 77 93 73 98 10 44 84 77 13 77 93 73 98 10 44
84 77 93 73 98 10 44 84 77 93 13 77 93 73 98 10 44
84 77 93 73 98 10 44 84 77 93 13 93 73 98 10 44
84 77 93 73 98 10 44 84 77 93 73 13 93 73 98 10 44
84 77 13 77 93 73 98 10 44 84 77 93 73 98 10 44
84 77 93 13 77 93 73 98 10 44 84 77 93 73 98 10 44
84 77 93 13 93 73 98 10 44 84 77 93 73 98 10 44
84 77 93 73 13 93 73 98 10 44 84 77 93 73 98 10 44

67 90 13 17 56 76 69 67 90 13 17 56 76 69
67 90 13 17 56 76 69 67 90 18 90 13 17 56 76 69
67 90 13 17 56 76 69 67 90 13 18 90 13 17 56 76 69
67 90 13 17 56 76 69 67 90 13 18 13 17 56 76 69
67 90 13 17 56 76 69 67 90 13 17 18 13 17 56 76 69
67 90 18 90 13 17 56 76 69 67 90 13 17 56 76 69
67 90 13 18 90 13 17 56 76 69 67 90 13 17 56 76 69
67 90 13 18 13 17 56 76 69 67 90 13 17 56 76 69
67 90 13 17 18 13 17 56 76 69 67 90 13 17 56 76 69

73 91 57 36 94 18 13 73 91 57 36 94 18 13
73 91 57 36 94 18 13 73 91 6 91 57 36 94 18 13
73 91 57 36 94 18 13 73 91 57 6 91 57 36 94 18 13
73 91 57 36 94 18 13 73 91 57 6 57 36 94 18 13
73 91 57 36 94 18 13 73 91 57 36 6 57 36 94 18 13
73 91 6 91 57 36 94 18 13 73 91 57 36 94 18 13
73 91 57 6 91 57 36 94 18 13 73 91 57 36 94 18 13
73 91 57 6 57 36 94 18 13 73 91 57 36 94 18 13
73 91 57 36 6 57 36 94 18 13 73 91 57 36 94 18 13

30 19 75 63 80 36 39 30 19 75 63 80 36 39
30 19 75 63 80 36 39 30 19 12 19 75 63 80 36 39
30 19 75 63 80 36 39 30 19 75 12 19 75 63 80 36 39
30 19 75 63 80 36 39 30 19 75 12 75 63 80 36 39
30 19 75 63 80 36 39 30 19 75 63 12 75 63 80 36 39
30 19 12 19 75 63 80 36 39 30 19 75 63 80 36 39
30 19 75 12 19 75 63 80 36 39 30 19 75 63 80 36 39
30 19 75 12 75 63 80 36 39 30 19 75 63 80 36 39
30 19 75 63 12 75 63 80 36 39 30 19 75 63 80 36 39

79 27 60 61 21 78 84 79 27 60 61 21 78 84
79 27 60 61 21 78 84 79 27 19 27 60 61 21 78 84
79 27 60 61 21 78 84 79 27 60 19 27 60 61 21 78 84
79 27 60 61 21 78 84 79 27 60 19 60 61 21 78 84
79 27 60 61 21 78 84 79 27 60 61 19 60 61 21 78 84
79 27 19 27 60 61 21 78 84 79 27 60 61 21 78 84
79 27 60 19 27 60 61 21 78 84 79 27 60 61 21 78 84
79 27 60 19 60 61 21 78 84 79 27 60 61 21 78 84
79 27 60 61 19 60 61 21 78 84 79 27 60 61 21 78 84

28 19 32 83 5 55 75 28 19 32 83 5 55 75
28 19 32 83 5 55 75 28 19 18 19 32 83 5 55 75
28 19 32 83 5 55 75 28 19 32 18 19 32 83 5 55 75
28 19 32 83 5 55 75 28 19 32 18 32 83 5 55 75
28 19 32 83 5 55 75 28 19 32 83 18 32 83 5 55 75
28 19 18 19 32 83 5 55 75 28 19 32 83 5 55 75
28 19 32 18 19 32 83 5 55 75 28 19 32 83 5 55 75
28 19 32 18 32 83 5 55 75 28 19 32 83 5 55 75
28 19 32 83 18 32 83 5 55 75 28 19 32 83 5 55 75

77 9 93 53 98 51 52 77 9 93 53 98 51 52
77 9 93 53 98 51 52 77 9 18 9 93 53 98 51 52
77 9 93 53 98 51 52 77 9 93 18 9 93 53 98 51 52
77 9 93 53 98 51 52 77 9 93 18 93 53 98 51 52
77 9 93 53 98 51 52 77 9 93 53 18 93 53 98 51 52
77 9 18 9 93 53 98 51 52 77 9 93 53 98 51 52
77 9 93 18 9 93 53 98 51 52 77 9 93 53 98 51 52
77 9 93 18 93 53 98 51 52 77 9 93 53 98 51 52
77 9 93 53 18 93 53 98 51 52 77 9 93 53 98 51 52

49 66 8 15 12 71 63 49 66 8 15 12 71 63
49 66 8 15 12 71 63 49 66 11 66 8 15 12 71 63
49 66 8 15 12 71 63 49 66 8 11 66 8 15 12 71 63
49 66 8 15 12 71 63 49 66 8 11 8 15 12 71 63
49 66 8 15 12 71 63 49 66 8 15 11 8 15 12 71 63
49 66 11 66 8 15 12 71 63 49 66 8 15 12 71 63
49 66 8 11 66 8 15 12 71 63 49 66 8 15 12 71 63
49 66 8 11 8 15 12 71 63 49 66 8 15 12 71 63
49 66 8 15 11 8 15 12 71 63 49 66 8 15 12 71 63

34 59 63 58 27 56 76 34 59 63 58 27 56 76
34 59 63 58 27 56 76 34 59 18 59 63 58 27 56 76
34 59 63 58 27 56 76 34 59 63 18 59 63 58 27 56 76
34 59 63 58 27 56 76 34 59 63 18 63 58 27 56 76
34 59 63 58 27 56 76 34 59 63 58 18 63 58 27 56 76
34 59 18 59 63 58 27 56 76 34 59 63 58 27 56 76
34 59 63 18 59 63 58 27 56 76 34 59 63 58 27 56 76
34 59 63 18 63 58 27 56 76 34 59 63 58 27 56 76
34 59 63 58 18 63 58 27 56 76 34 59 63 58 27 56 76

33 63 77 16 37 84 54 33 63 77 16 37 84 54
33 63 77 16 37 84 54 33 63 11 63 77 16 37 84 54
33 63 77 16 37 84 54 33 63 77 11 63 77 16 37 84 54
33 63 77 16 37 84 54 33 63 77 11 77 16 37 84 54
33 63 77 16 37 84 54 33 63 77 16 11 77 16 37 84 54
33 63 11 63 77 16 37 84 54 33 63 77 16 37 84 54
33 63 77 11 63 77 16 37 84 54 33 63 77 16 37 84 54
33 63 77 11 77 16 37 84 54 33 63 77 16 37 84 54
33 63 77 16 11 77 16 37 84 54 33 63 77 16 37 84 54

37 35 46 24 48 72 99 37 35 46 24 48 72 99
37 35 46 24 48 72 99 37 35 11 35 46 24 48 72 99
37 35 46 24 48 72 99 37 35 46 11 35 46 24 48 72 99
37 35 46 24 48 72 99 37 35 46 11 46 24 48 72 99
37 35 46 24 48 72 99 37 35 46 24 11 46 24 48 72 99
37 35 11 35 46 24 48 72 99 37 35 46 24 48 72 99
37 35 46 11 35 46 24 48 72 99 37 35 46 24 48 72 99
37 35 46 11 46 24 48 72 99 37 35 46 24 48 72 99
37 35 46 24 11 46 24 48 72 99 37 35 46 24 48 72 99

44 99 50 94 24 59 77 44 99 50 94 24 59 77
44 99 50 94 24 59 77 44 99 15 99 50 94 24 59 77
44 99 50 94 24 59 77 44 99 50 15 99 50 94 24 59 77
44 99 50 94 24 59 77 44 99 50 15 50 94 24 59 77
44 99 50 94 24 59 77 44 99 50 94 15 50 94 24 59 77
44 99 15 99 50 94 24 59 77 44 99 50 94 24 59 77
44 99 50 15 99 50 94 24 59 77 44 99 50 94 24 59 77
44 99 50 15 50 94 24 59 77 44 99 50 94 24 59 77
44 99 50 94 15 50 94 24 59 77 44 99 50 94 24 59 77

35 94 38 91 44 7 30 35 94 38 91 44 7 30
35 94 38 91 44 7 30 35 94 9 94 38 91 44 7 30
35 94 38 91 44 7 30 35 94 38 9 94 38 91 44 7 30
35 94 38 91 44 7 30 35 94 38 9 38 91 44 7 30
35 94 38 91 44 7 30 35 94 38 91 9 38 91 44 7 30
35 94 9 94 38 91 44 7 30 35 94 38 91 44 7 30
35 94 38 9 94 38 91 44 7 30 35 94 38 91 44 7 30
35 94 38 9 38 91 44 7 30 35 94 38 91 44 7 30
35 94 38 91 9 38 91 44 7 30 35 94 38 91 44 7 30

29 40 59 86 81 76 53 29 40 59 86 81 76 53
29 40 59 86 81 76 53 29 40 13 40 59 86 81 76 53
29 40 59 86 81 76 53 29 40 59 13 40 59 86 81 76 53
29 40 59 86 81 76 53 29 40 59 13 59 86 81 76 53
29 40 59 86 81 76 53 29 40 59 86 13 59 86 81 76 53
29 40 13 40 59 86 81 76 53 29 40 59 86 81 76 53
29 40 59 13 40 59 86 81 76 53 29 40 59 86 81 76 53
29 40 59 13 59 86 81 76 53 29 40 59 86 81 76 53
29 40 59 86 13 59 86 81 76 53 29 40 59 86 81 76 53

28 52 97 90 14 34 14 28 52 97 90 14 34 14
28 52 97 90 14 34 14 28 52 10 52 97 90 14 34 14
28 52 97 90 14 34 14 28 52 97 10 52 97 90 14 34 14
28 52 97 90 14 34 14 28 52 97 10 97 90 14 34 14
28 52 97 90 14 34 14 28 52 97 90 10 97 90 14 34 14
28 52 10 52 97 90 14 34 14 28 52 97 90 14 34 14
28 52 97 10 52 97 90 14 34 14 28 52 97 90 14 34 14
28 52 97 10 97 90 14 34 14 28 52 97 90 14 34 14
28 52 97 90 10 97 90 14 34 14 28 52 97 90 14 34 14

39 71 45 97 28 69 43 39 71 45 97 28 69 43
39 71 45 97 28 69 43 39 71 15 71 45 97 28 69 43
39 71 45 97 28 69 43 39 71 45 15 71 45 97 28 69 43
39 71 45 97 28 69 43 39 71 45 15 45 97 28 69 43
39 71 45 97 28 69 43 39 71 45 97 15 45 97 28 69 43
39 71 15 71 45 97 28 69 43 39 71 45 97 28 69 43
39 71 45 15 71 45 97 28 69 43 39 71 45 97 28 69 43
39 71 45 15 45 97 28 69 43 39 71 45 97 28 69 43
39 71 45 97 15 45 97 28 69 43 39 71 45 97 28 69 43

86 69 96 37 27 16 88 86 69 96 37 27 16 88
86 69 96 37 27 16 88 86 69 9 69 96 37 27 16 88
86 69 96 37 27 16 88 86 69 96 9 69 96 37 27 16 88
86 69 96 37 27 16 88 86 69 96 9 96 37 27 16 88
86 69 96 37 27 16 88 86 69 96 37 9 96 37 27 16 88
86 69 9 69 96 37 27 16 88 86 69 96 37 27 16 88
86 69 96 9 69 96 37 27 16 88 86 69 96 37 27 16 88
86 69 96 9 96 37 27 16 88 86 69 96 37 27 16 88
86 69 96 37 9 96 37 27 16 88 86 69 96 37 27 16 88

77 15 34 90 37 54 33 77 15 34 90 37 54 33
77 15 34 90 37 54 33 77 15 20 15 34 90 37 54 33
77 15 34 90 37 54 33 77 15 34 20 15 34 90 37 54 33
77 15 34 90 37 54 33 77 15 34 20 34 90 37 54 33
77 15 34 90 37 54 33 77 15 34 90 20 34 90 37 54 33
77 15 20 15 34 90 37 54 33 77 15 34 90 37 54 33
77 15 34 20 15 34 90 37 54 33 77 15 34 90 37 54 33
77 15 34 20 34 90 37 54 33 77 15 34 90 37 54 33
77 15 34 90 20 34 90 37 54 33 77 15 34 90 37 54 33

5 72 55 75 61 62 16 5 72 55 75 61 62 16
5 72 55 75 61 62 16 5 72 15 72 55 75 61 62 16
5 72 55 75 61 62 16 5 72 55 15 72 55 75 61 62 16
5 72 55 75 61 62 16 5 72 55 15 55 75 61 62 16
5 72 55 75 61 62 16 5 72 55 75 15 55 75 61 62 16
5 72 15 72 55 75 61 62 16 5 72 55 75 61 62 16
5 72 55 15 72 55 75 61 62 16 5 72 55 75 61 62 16
5 72 55 15 55 75 61 62 16 5 72 55 75 61 62 16
5 72 55 75 15 55 75 61 62 16 5 72 55 75 61 62 16

41 42 85 8 64 66 18 41 42 85 8 64 66 18
41 42 85 8 64 66 18 41 42 20 42 85 8 64 66 18
41 42 85 8 64 66 18 41 42 85 20 42 85 8 64 66 18
41 42 85 8 64 66 18 41 42 85 20 85 8 64 66 18
41 42 85 8 64 66 18 41 42 85 8 20 85 8 64 66 18
41 42 20 42 85 8 64 66 18 41 42 85 8 64 66 18
41 42 85 20 42 85 8 64 66 18 41 42 85 8 64 66 18
41 42 85 20 85 8 64 66 18 41 42 85 8 64 66 18
41 42 85 8 20 85 8 64 66 18 41 42 85 8 64 66 18

92 80 96 96 31 87 34 92 80 96 96 31 87 34
92 80 96 96 31 87 34 92 80 13 80 96 96 31 87 34
92 80 96 96 31 87 34 92 80 96 13 80 96 96 31 87 34
92 80 96 96 31 87 34 92 80 96 13 96 96 31 87 34
92 80 96 96 31 87 34 92 80 96 96 13 96 96 31 87 34
92 80 13 80 96 96 31 87 34 92 80 96 96 31 87 34
92 80 96 13 80 96 96 31 87 34 92 80 96 96 31 87 34
92 80 96 13 96 96 31 87 34 92 80 96 96 31 87 34
92 80 96 96 13 96 96 31 87 34 92 80 96 96 31 87 34

34 30 13 98 41 28 19 34 30 13 98 41 28 19
34 30 13 98 41 28 19 34 30 16 30 13 98 41 28 19
34 30 13 98 41 28 19 34 30 13 16 30 13 98 41 28 19
34 30 13 98 41 28 19 34 30 13 16 13 98 41 28 19
34 30 13 98 41 28 19 34 30 13 98 16 13 98 41 28 19
34 30 16 30 13 98 41 28 19 34 30 13 98 41 28 19
34 30 13 16 30 13 98 41 28 19 34 30 13 98 41 28 19
34 30 13 16 13 98 41 28 19 34 30 13 98 41 28 19
34 30 13 98 16 13 98 41 28 19 34 30 13 98 41 28 19

74 30 79 88 87 52 31 74 30 79 88 87 52 31
74 30 79 88 87 52 31 74 30 11 30 79 88 87 52 31
74 30 79 88 87 52 31 74 30 79 11 30 79 88 87 52 31
74 30 79 88 87 52 31 74 30 79 11 79 88 87 52 31
74 30 79 88 87 52 31 74 30 79 88 11 79 88 87 52 31
74 30 11 30 79 88 87 52 31 74 30 79 88 87 52 31
74 30 79 11 30 79 88 87 52 31 74 30 79 88 87 52 31
74 30 79 11 79 88 87 52 31 74 30 79 88 87 52 31
74 30 79 88 11 79 88 87 52 31 74 30 79 88 87 52 31

8 24 41 98 96 8 32 8 24 41 98 96 8 32
8 24 41 98 96 8 32 8 24 10 24 41 98 96 8 32
8 24 41 98 96 8 32 8 24 41 10 24 41 98 96 8 32
8 24 41 98 96 8 32 8 24 41 10 41 98 96 8 32
8 24 41 98 96 8 32 8 24 41 98 10 41 98 96 8 32
8 24 10 24 41 98 96 8 32 8 24 41 98 96 8 32
8 24 41 10 24 41 98 96 8 32 8 24 41 98 96 8 32
8 24 41 10 41 98 96 8 32 8 24 41 98 96 8 32
8 24 41 98 10 41 98 96 8 32 8 24 41 98 96 8 32

87 62 36 97 5 71 53 87 62 36 97 5 71 53
87 62 36 97 5 71 53 87 62 13 62 36 97 5 71 53
87 62 36 97 5 71 53 87 62 36 13 62 36 97 5 71 53
87 62 36 97 5 71 53 87 62 36 13 36 97 5 71 53
87 62 36 97 5 71 53 87 62 36 97 13 36 97 5 71 53
87 62 13 62 36 97 5 71 53 87 62 36 97 5 71 53
87 62 36 13 62 36 97 5 71 53 87 62 36 97 5 71 53
87 62 36 13 36 97 5 71 53 87 62 36 97 5 71 53
87 62 36 97 13 36 97 5 71 53 87 62 36 97 5 71 53

36 14 60 48 71 51 84 36 14 60 48 71 51 84
36 14 60 48 71 51 84 36 14 8 14 60 48 71 51 84
36 14 60 48 71 51 84 36 14 60 8 14 60 48 71 51 84
36 14 60 48 71 51 84 36 14 60 8 60 48 71 51 84
36 14 60 48 71 51 84 36 14 60 48 8 60 48 71 51 84
36 14 8 14 60 48 71 51 84 36 14 60 48 71 51 84
36 14 60 8 14 60 48 71 51 84 36 14 60 48 71 51 84
36 14 60 8 60 48 71 51 84 36 14 60 48 71 51 84
36 14 60 48 8 60 48 71 51 84 36 14 60 48 71 51 84

83 34 77 88 38 70 38 83 34 77 88 38 70 38
83 34 77 88 38 70 38 83 34 13 34 77 88 38 70 38
83 34 77 88 38 70 38 83 34 77 13 34 77 88 38 70 38
83 34 77 88 38 70 38 83 34 77 13 77 88 38 70 38
83 34 77 88 38 70 38 83 34 77 88 13 77 88 38 70 38
83 34 13 34 77 88 38 70 38 83 34 77 88 38 70 38
83 34 77 13 34 77 88 38 70 38 83 34 77 88 38 70 38
83 34 77 13 77 88 38 70 38 83 34 77 88 38 70 38
83 34 77 88 13 77 88 38 70 38 83 34 77 88 38 70 38

85 59 70 78 12 25 78 85 59 70 78 12 25 78
85 59 70 78 12 25 78 85 59 12 59 70 78 12 25 78
85 59 70 78 12 25 78 85 59 70 12 59 70 78 12 25 78
85 59 70 78 12 25 78 85 59 70 12 70 78 12 25 78
85 59 70 78 12 25 78 85 59 70 78 12 70 78 12 25 78
85 59 12 59 70 78 12 25 78 85 59 70 78 12 25 78
85 59 70 12 59 70 78 12 25 78 85 59 70 78 12 25 78
85 59 70 12 70 78 12 25 78 85 59 70 78 12 25 78
85 59 70 78 12 70 78 12 25 78 85 59 70 78 12 25 78

59 22 41 43 48 86 87 59 22 41 43 48 86 87
59 22 41 43 48 86 87 59 22 13 22 41 43 48 86 87
59 22 41 43 48 86 87 59 22 41 13 22 41 43 48 86 87
59 22 41 43 48 86 87 59 22 41 13 41 43 48 86 87
59 22 41 43 48 86 87 59 22 41 43 13 41 43 48 86 87
59 22 13 22 41 43 48 86 87 59 22 41 43 48 86 87
59 22 41 13 22 41 43 48 86 87 59 22 41 43 48 86 87
59 22 41 13 41 43 48 86 87 59 22 41 43 48 86 87
59 22 41 43 13 41 43 48 86 87 59 22 41 43 48 86 87

24 25 93 73 98 50 53 24 25 93 73 98 50 53
24 25 93 73 98 50 53 24 25 10 25 93 73 98 50 53
24 25 93 73 98 50 53 24 25 93 10 25 93 73 98 50 53
24 25 93 73 98 50 53 24 25 93 10 93 73 98 50 53
24 25 93 73 98 50 53 24 25 93 73 10 93 73 98 50 53
24 25 10 25 93 73 98 50 53 24 25 93 73 98 50 53
24 25 93 10 25 93 73 98 50 53 24 25 93 73 98 50 53
24 25 93 10 93 73 98 50 53 24 25 93 73 98 50 53
24 25 93 73 10 93 73 98 50 53 24 25 93 73 98 50 53

22 84 13 21 83 17 8 22 84 13 21 83 17 8
22 84 13 21 83 17 8 22 84 15 84 13 21 83 17 8
22 84 13 21 83 17 8 22 84 13 15 84 13 21 83 17 8
22 84 13 21 83 17 8 22 84 13 15 13 21 83 17 8
22 84 13 21 83 17 8 22 84 13 21 15 13 21 83 17 8
22 84 15 84 13 21 83 17 8 22 84 13 21 83 17 8
22 84 13 15 84 13 21 83 17 8 22 84 13 21 83 17 8
22 84 13 15 13 21 83 17 8 22 84 13 21 83 17 8
22 84 13 21 15 13 21 83 17 8 22 84 13 21 83 17 8

23 56 61 23 56 39 66 23 56 61 23 56 39 66
23 56 61 23 56 39 66 23 56 19 56 61 23 56 39 66
23 56 61 23 56 39 66 23 56 61 19 56 61 23 56 39 66
23 56 61 23 56 39 66 23 56 61 19 61 23 56 39 66
23 56 61 23 56 39 66 23 56 61 23 19 61 23 56 39 66
23 56 19 56 61 23 56 39 66 23 56 61 23 56 39 66
23 56 61 19 56 61 23 56 39 66 23 56 61 23 56 39 66
23 56 61 19 61 23 56 39 66 23 56 61 23 56 39 66
23 56 61 23 19 61 23 56 39 66 23 56 61 23 56 39 66

13 39 19 77 40 56 80 13 39 19 77 40 56 80
13 39 19 77 40 56 80 13 39 5 39 19 77 40 56 80
13 39 19 77 40 56 80 13 39 19 5 39 19 77 40 56 80
13 39 19 77 40 56 80 13 39 19 5 19 77 40 56 80
13 39 19 77 40 56 80 13 39 19 77 5 19 77 40 56 80
13 39 5 39 19 77 40 56 80 13 39 19 77 40 56 80
13 39 19 5 39 19 77 40 56 80 13 39 19 77 40 56 80
13 39 19 5 19 77 40 56 80 13 39 19 77 40 56 80
13 39 19 77 5 19 77 40 56 80 13 39 19 77 40 56 80

69 41 24 22 17 85 98 69 41 24 22 17 85 98
69 41 24 22 17 85 98 69 41 18 41 24 22 17 85 98
69 41 24 22 17 85 98 69 41 24 18 41 24 22 17 85 98
69 41 24 22 17 85 98 69 41 24 18 24 22 17 85 98
69 41 24 22 17 85 98 69 41 24 22 18 24 22 17 85 98
69 41 18 41 24 22 17 85 98 69 41 24 22 17 85 98
69 41 24 18 41 24 22 17 85 98 69 41 24 22 17 85 98
69 41 24 18 24 22 17 85 98 69 41 24 22 17 85 98
69 41 24 22 18 24 22 17 85 98 69 41 24 22 17 85 98

50 55 72 67 65 54 70 50 55 72 67 65 54 70
50 55 72 67 65 54 70 50 55 16 55 72 67 65 54 70
50 55 72 67 65 54 70 50 55 72 16 55 72 67 65 54 70
50 55 72 67 65 54 70 50 55 72 16 72 67 65 54 70
50 55 72 67 65 54 70 50 55 72 67 16 72 67 65 54 70
50 55 16 55 72 67 65 54 70 50 55 72 67 65 54 70
50 55 72 16 55 72 67 65 54 70 50 55 72 67 65 54 70
50 55 72 16 72 67 65 54 70 50 55 72 67 65 54 70
50 55 72 67 16 72 67 65 54 70 50 55 72 67 65 54 70

84 50 86 65 54 54 91 84 50 86 65 54 54 91
84 50 86 65 54 54 91 84 50 7 50 86 65 54 54 91
84 50 86 65 54 54 91 84 50 86 7 50 86 65 54 54 91
84 50 86 65 54 54 91 84 50 86 7 86 65 54 54 91
84 50 86 65 54 54 91 84 50 86 65 7 86 65 54 54 91
84 50 7 50 86 65 54 54 91 84 50 86 65 54 54 91
84 50 86 7 50 86 65 54 54 91 84 50 86 65 54 54 91
84 50 86 7 86 65 54 54 91 84 50 86 65 54 54 91
84 50 86 65 7 86 65 54 54 91 84 50 86 65 54 54 91

98 38 79 60 36 98 21 98 38 79 60 36 98 21
98 38 79 60 36 98 21 98 38 17 38 79 60 36 98 21
98 38 79 60 36 98 21 98 38 79 17 38 79 60 36 98 21
98 38 79 60 36 98 21 98 38 79 17 79 60 36 98 21
98 38 79 60 36 98 21 98 38 79 60 17 79 60 36 98 21
98 38 17 38 79 60 36 98 21 98 38 79 60 36 98 21
98 38 79 17 38 79 60 36 98 21 98 38 79 60 36 98 21
98 38 79 17 79 60 36 98 21 98 38 79 60 36 98 21
98 38 79 60 17 79 60 36 98 21 98 38 79 60 36 98 21

67 58 15 92 27 9 40 67 58 15 92 27 9 40
67 58 15 92 27 9 40 67 58 14 58 15 92 27 9 40
67 58 15 92 27 9 40 67 58 15 14 58 15 92 27 9 40
67 58 15 92 27 9 40 67 58 15 14 15 92 27 9 40
67 58 15 92 27 9 40 67 58 15 92 14 15 92 27 9 40
67 58 14 58 15 92 27 9 40 67 58 15 92 27 9 40
67 58 15 14 58 15 92 27 9 40 67 58 15 92 27 9 40
67 58 15 14 15 92 27 9 40 67 58 15 92 27 9 40
67 58 15 92 14 15 92 27 9 40 67 58 15 92 27 9 40

26 40 8 15 16 71 83 26 40 8 15 16 71 83
26 40 8 15 16 71 83 26 40 7 40 8 15 16 71 83
26 40 8 15 16 71 83 26 40 8 7 40 8 15 16 71 83
26 40 8 15 16 71 83 26 40 8 7 8 15 16 71 83
26 40 8 15 16 71 83 26 40 8 15 7 8 15 16 71 83
26 40 7 40 8 15 16 71 83 26 40 8 15 16 71 83
26 40 8 7 40 8 15 16 71 83 26 40 8 15 16 71 83
26 40 8 7 8 15 16 71 83 26 40 8 15 16 71 83
26 40 8 15 7 8 15 16 71 83 26 40 8 15 16 71 83

47 50 61 16 43 39 50 47 50 61 16 43 39 50
47 50 61 16 43 39 50 47 50 18 50 61 16 43 39 50
47 50 61 16 43 39 50 47 50 61 18 50 61 16 43 39 50
47 50 61 16 43 39 50 47 50 61 18 61 16 43 39 50
47 50 61 16 43 39 50 47 50 61 16 18 61 16 43 39 50
47 50 18 50 61 16 43 39 50 47 50 61 16 43 39 50
47 50 61 18 50 61 16 43 39 50 47 50 61 16 43 39 50
47 50 61 18 61 16 43 39 50 47 50 61 16 43 39 50
47 50 61 16 18 61 16 43 39 50 47 50 61 16 43 39 50

18 16 79 65 81 99 91 18 16 79 65 81 99 91
18 16 79 65 81 99 91 18 16 7 16 79 65 81 99 91
18 16 79 65 81 99 91 18 16 79 7 16 79 65 81 99 91
18 16 79 65 81 99 91 18 16 79 7 79 65 81 99 91
18 16 79 65 81 99 91 18 16 79 65 7 79 65 81 99 91
18 16 7 16 79 65 81 99 91 18 16 79 65 81 99 91
18 16 79 7 16 79 65 81 99 91 18 16 79 65 81 99 91
18 16 79 7 79 65 81 99 91 18 16 79 65 81 99 91
18 16 79 65 7 79 65 81 99 91 18 16 79 65 81 99 91

94 76 89 86 81 29 67 94 76 89 86 81 29 67
94 76 89 86 81 29 67 94 76 12 76 89 86 81 29 67
94 76 89 86 81 29 67 94 76 89 12 76 89 86 81 29 67
94 76 89 86 81 29 67 94 76 89 12 89 86 81 29 67
94 76 89 86 81 29 67 94 76 89 86 12 89 86 81 29 67
94 76 12 76 89 86 81 29 67 94 76 89 86 81 29 67
94 76 89 12 76 89 86 81 29 67 94 76 89 86 81 29 67
94 76 89 12 89 86 81 29 67 94 76 89 86 81 29 67
94 76 89 86 12 89 86 81 29 67 94 76 89 86 81 29 67

26 46 24 100 98 32 24 26 46 24 100 98 32 24
26 46 24 100 98 32 24 26 46 15 46 24 100 98 32 24
26 46 24 100 98 32 24 26 46 24 15 46 24 100 98 32 24
26 46 24 100 98 32 24 26 46 24 15 24 100 98 32 24
26 46 24 100 98 32 24 26 46 24 100 15 24 100 98 32 24
26 46 15 46 24 100 98 32 24 26 46 24 100 98 32 24
26 46 24 15 46 24 100 98 32 24 26 46 24 100 98 32 24
26 46 24 15 24 100 98 32 24 26 46 24 100 98 32 24
26 46 24 100 15 24 100 98 32 24 26 46 24 100 98 32 24

92 89 45 63 6 72 49 92 89 45 63 6 72 49
92 89 45 63 6 72 49 92 89 12 89 45 63 6 72 49
92 89 45 63 6 72 49 92 89 45 12 89 45 63 6 72 49
92 89 45 63 6 72 49 92 89 45 12 45 63 6 72 49
92 89 45 63 6 72 49 92 89 45 63 12 45 63 6 72 49
92 89 12 89 45 63 6 72 49 92 89 45 63 6 72 49
92 89 45 12 89 45 63 6 72 49 92 89 45 63 6 72 49
92 89 45 12 45 63 6 72 49 92 89 45 63 6 72 49
92 89 45 63 12 45 63 6 72 49 92 89 45 63 6 72 49

43 28 81 92 46 52 88 43 28 81 92 46 52 88
43 28 81 92 46 52 88 43 28 15 28 81 92 46 52 88
43 28 81 92 46 52 88 43 28 81 15 28 81 92 46 52 88
43 28 81 92 46 52 88 43 28 81 15 81 92 46 52 88
43 28 81 92 46 52 88 43 28 81 92 15 81 92 46 52 88
43 28 15 28 81 92 46 52 88 43 28 81 92 46 52 88
43 28 81 15 28 81 92 46 52 88 43 28 81 92 46 52 88
43 28 81 15 81 92 46 52 88 43 28 81 92 46 52 88
43 28 81 92 15 81 92 46 52 88 43 28 81 92 46 52 88

94 60 90 61 61 14 98 94 60 90 61 61 14 98
94 60 90 61 61 14 98 94 60 11 60 90 61 61 14 98
94 60 90 61 61 14 98 94 60 90 11 60 90 61 61 14 98
94 60 90 61 61 14 98 94 60 90 11 90 61 61 14 98
94 60 90 61 61 14 98 94 60 90 61 11 90 61 61 14 98
94 60 11 60 90 61 61 14 98 94 60 90 61 61 14 98
94 60 90 11 60 90 61 61 14 98 94 60 90 61 61 14 98
94 60 90 11 90 61 61 14 98 94 60 90 61 61 14 98
94 60 90 61 11 90 61 61 14 98 94 60 90 61 61 14 98

32 54 5 29 62 69 44 32 54 5 29 62 69 44
32 54 5 29 62 69 44 32 54 15 54 5 29 62 69 44
32 54 5 29 62 69 44 32 54 5 15 54 5 29 62 69 44
32 54 5 29 62 69 44 32 54 5 15 5 29 62 69 44
32 54 5 29 62 69 44 32 54 5 29 15 5 29 62 69 44
32 54 15 54 5 29 62 69 44 32 54 5 29 62 69 44
32 54 5 15 54 5 29 62 69 44 32 54 5 29 62 69 44
32 54 5 15 5 29 62 69 44 32 54 5 29 62 69 44
32 54 5 29 15 5 29 62 69 44 32 54 5 29 62 69 44

42 58 87 24 53 32 53 42 58 87 24 53 32 53
42 58 87 24 53 32 53 42 58 20 58 87 24 53 32 53
42 58 87 24 53 32 53 42 58 87 20 58 87 24 53 32 53
42 58 87 24 53 32 53 42 58 87 20 87 24 53 32 53
42 58 87 24 53 32 53 42 58 87 24 20 87 24 53 32 53
42 58 20 58 87 24 53 32 53 42 58 87 24 53 32 53
42 58 87 20 58 87 24 53 32 53 42 58 87 24 53 32 53
42 58 87 20 87 24 53 32 53 42 58 87 24 53 32 53
42 58 87 24 20 87 24 53 32 53 42 58 87 24 53 32 53

85 62 8 88 86 43 99 85 62 8 88 86 43 99
85 62 8 88 86 43 99 85 62 20 62 8 88 86 43 99
85 62 8 88 86 43 99 85 62 8 20 62 8 88 86 43 99
85 62 8 88 86 43 99 85 62 8 20 8 88 86 43 99
85 62 8 88 86 43 99 85 62 8 88 20 8 88 86 43 99
85 62 20 62 8 88 86 43 99 85 62 8 88 86 43 99
85 62 8 20 62 8 88 86 43 99 85 62 8 88 86 43 99
85 62 8 20 8 88 86 43 99 85 62 8 88 86 43 99
85 62 8 88 20 8 88 86 43 99 85 62 8 88 86 43 99

39 39 22 76 96 83 11 39 39 22 76 96 83 11
39 39 22 76 96 83 11 39 39 11 39 22 76 96 83 11
39 39 22 76 96 83 11 39 39 22 11 39 22 76 96 83 11
39 39 22 76 96 83 11 39 39 22 11 22 76 96 83 11
39 39 22 76 96 83 11 39 39 22 76 11 22 76 96 83 11
39 39 11 39 22 76 96 83 11 39 39 22 76 96 83 11
39 39 22 11 39 22 76 96 83 11 39 39 22 76 96 83 11
39 39 22 11 22 76 96 83 11 39 39 22 76 96 83 11
39 39 22 76 11 22 76 96 83 11 39 39 22 76 96 83 11

73 60 46 15 35 45 20 73 60 46 15 35 45 20
73 60 46 15 35 45 20 73 60 17 60 46 15 35 45 20
73 60 46 15 35 45 20 73 60 46 17 60 46 15 35 45 20
73 60 46 15 35 45 20 73 60 46 17 46 15 35 45 20
73 60 46 15 35 45 20 73 60 46 15 17 46 15 35 45 20
73 60 17 60 46 15 35 45 20 73 60 46 15 35 45 20
73 60 46 17 60 46 15 35 45 20 73 60 46 15 35 45 20
73 60 46 17 46 15 35 45 20 73 60 46 15 35 45 20
73 60 46 15 17 46 15 35 45 20 73 60 46 15 35 45 20

25 48 88 100 71 17 6 25 48 88 100 71 17 6
25 48 88 100 71 17 6 25 48 10 48 88 100 71 17 6
25 48 88 100 71 17 6 25 48 88 10 48 88 100 71 17 6
25 48 88 100 71 17 6 25 48 88 10 88 100 71 17 6
25 48 88 100 71 17 6 25 48 88 100 10 88 100 71 17 6
25 48 10 48 88 100 71 17 6 25 48 88 100 71 17 6
25 48 88 10 48 88 100 71 17 6 25 48 88 100 71 17 6
25 48 88 10 88 100 71 17 6 25 48 88 100 71 17 6
25 48 88 100 10 88 100 71 17 6 25 48 88 100 71 17 6

75 69 43 97 46 9 94 75 69 43 97 46 9 94
75 69 43 97 46 9 94 75 69 14 69 43 97 46 9 94
75 69 43 97 46 9 94 75 69 43 14 69 43 97 46 9 94
75 69 43 97 46 9 94 75 69 43 14 43 97 46 9 94
75 69 43 97 46 9 94 75 69 43 97 14 43 97 46 9 94
75 69 14 69 43 97 46 9 94 75 69 43 97 46 9 94
75 69 43 14 69 43 97 46 9 94 75 69 43 97 46 9 94
75 69 43 14 43 97 46 9 94 75 69 43 97 46 9 94
75 69 43 97 14 43 97 46 9 94 75 69 43 97 46 9 94

18 12 35 77 31 97 55 18 12 35 77 31 97 55
18 12 35 77 31 97 55 18 12 12 12 35 77 31 97 55
18 12 35 77 31 97 55 18 12 35 12 12 35 77 31 97 55
18 12 35 77 31 97 55 18 12 35 12 35 77 31 97 55
18 12 35 77 31 97 55 18 12 35 77 12 35 77 31 97 55
18 12 12 12 35 77 31 97 55 18 12 35 77 31 97 55
18 12 35 12 12 35 77 31 97 55 18 12 35 77 31 97 55
18 12 35 12 35 77 31 97 55 18 12 35 77 31 97 55
18 12 35 77 12 35 77 31 97 55 18 12 35 77 31 97 55

78 16 77 49 8 81 29 78 16 77 49 8 81 29
78 16 77 49 8 81 29 78 16 10 16 77 49 8 81 29
78 16 77 49 8 81 29 78 16 77 10 16 77 49 8 81 29
78 16 77 49 8 81 29 78 16 77 10 77 49 8 81 29
78 16 77 49 8 81 29 78 16 77 49 10 77 49 8 81 29
78 16 10 16 77 49 8 81 29 78 16 77 49 8 81 29
78 16 77 10 16 77 49 8 81 29 78 16 77 49 8 81 29
78 16 77 10 77 49 8 81 29 78 16 77 49 8 81 29
78 16 77 49 10 77 49 8 81 29 78 16 77 49 8 81 29

29 90 80 78 62 82 7 29 90 80 78 62 82 7
29 90 80 78 62 82 7 29 90 8 90 80 78 62 82 7
29 90 80 78 62 82 7 29 90 80 8 90 80 78 62 82 7
29 90 80 78 62 82 7 29 90 80 8 80 78 62 82 7
29 90 80 78 62 82 7 29 90 80 78 8 80 78 62 82 7
29 90 8 90 80 78 62 82 7 29 90 80 78 62 82 7
29 90 80 8 90 80 78 62 82 7 29 90 80 78 62 82 7
29 90 80 8 80 78 62 82 7 29 90 80 78 62 82 7
29 90 80 78 8 80 78 62 82 7 29 90 80 78 62 82 7

25 60 35 34 84 37 54 25 60 35 34 84 37 54
25 60 35 34 84 37 54 25 60 15 60 35 34 84 37 54
25 60 35 34 84 37 54 25 60 35 15 60 35 34 84 37 54
25 60 35 34 84 37 54 25 60 35 15 35 34 84 37 54
25 60 35 34 84 37 54 25 60 35 34 15 35 34 84 37 54
25 60 15 60 35 34 84 37 54 25 60 35 34 84 37 54
25 60 35 15 60 35 34 84 37 54 25 60 35 34 84 37 54
25 60 35 15 35 34 84 37 54 25 60 35 34 84 37 54
25 60 35 34 15 35 34 84 37 54 25 60 35 34 84 37 54

53 72 27 33 64 42 45 53 72 27 33 64 42 45
53 72 27 33 64 42 45 53 72 6 72 27 33 64 42 45
53 72 27 33 64 42 45 53 72 27 6 72 27 33 64 42 45
53 72 27 33 64 42 45 53 72 27 6 27 33 64 42 45
53 72 27 33 64 42 45 53 72 27 33 6 27 33 64 42 45
53 72 6 72 27 33 64 42 45 53 72 27 33 64 42 45
53 72 27 6 72 27 33 64 42 45 53 72 27 33 64 42 45
53 72 27 6 27 33 64 42 45 53 72 27 33 64 42 45
53 72 27 33 6 27 33 64 42 45 53 72 27 33 64 42 45

47 63 85 21 24 88 47 47 63 85 21 24 88 47
47 63 85 21 24 88 47 47 63 20 63 85 21 24 88 47
47 63 85 21 24 88 47 47 63 85 20 63 85 21 24 88 47
47 63 85 21 24 88 47 47 63 85 20 85 21 24 88 47
47 63 85 21 24 88 47 47 63 85 21 20 85 21 24 88 47
47 63 20 63 85 21 24 88 47 47 63 85 21 24 88 47
47 63 85 20 63 85 21 24 88 47 47 63 85 21 24 88 47
47 63 85 20 85 21 24 88 47 47 63 85 21 24 88 47
47 63 85 21 20 85 21 24 88 47 47 63 85 21 24 88 47

60 59 5 92 97 36 13 60 59 5 92 97 36 13
60 59 5 92 97 36 13 60 59 15 59 5 92 97 36 13
60 59 5 92 97 36 13 60 59 5 15 59 5 92 97 36 13
60 59 5 92 97 36 13 60 59 5 15 5 92 97 36 13
60 59 5 92 97 36 13 60 59 5 92 15 5 92 97 36 13
60 59 15 59 5 92 97 36 13 60 59 5 92 97 36 13
60 59 5 15 59 5 92 97 36 13 60 59 5 92 97 36 13
60 59 5 15 5 92 97 36 13 60 59 5 92 97 36 13
60 59 5 92 15 5 92 97 36 13 60 59 5 92 97 36 13

11 63 5 42 71 36 40 11 63 5 42 71 36 40
11 63 5 42 71 36 40 11 63 8 63 5 42 71 36 40
11 63 5 42 71 36 40 11 63 5 8 63 5 42 71 36 40
11 63 5 42 71 36 40 11 63 5 8 5 42 71 36 40
11 63 5 42 71 36 40 11 63 5 42 8 5 42 71 36 40
11 63 8 63 5 42 71 36 40 11 63 5 42 71 36 40
11 63 5 8 63 5 42 71 36 40 11 63 5 42 71 36 40
11 63 5 8 5 42 71 36 40 11 63 5 42 71 36 40
11 63 5 42 8 5 42 71 36 40 11 63 5 42 71 36 40

43 98 6 88 8 31 70 43 98 6 88 8 31 70
43 98 6 88 8 31 70 43 98 15 98 6 88 8 31 70
43 98 6 88 8 31 70 43 98 6 15 98 6 88 8 31 70
43 98 6 88 8 31 70 43 98 6 15 6 88 8 31 70
43 98 6 88 8 31 70 43 98 6 88 15 6 88 8 31 70
43 98 15 98 6 88 8 31 70 43 98 6 88 8 31 70
43 98 6 15 98 6 88 8 31 70 43 98 6 88 8 31 70
43 98 6 15 6 88 8 31 70 43 98 6 88 8 31 70
43 98 6 88 15 6 88 8 31 70 43 98 6 88 8 31 70

28 13 13 98 56 71 6 28 13 13 98 56 71 6
28 13 13 98 56 71 6 28 13 5 13 13 98 56 71 6
28 13 13 98 56 71 6 28 13 13 5 13 13 98 56 71 6
28 13 13 98 56 71 6 28 13 13 5 13 98 56 71 6
28 13 13 98 56 71 6 28 13 13 98 5 13 98 56 71 6
28 13 5 13 13 98 56 71 6 28 13 13 98 56 71 6
28 13 13 5 13 13 98 56 71 6 28 13 13 98 56 71 6
28 13 13 5 13 98 56 71 6 28 13 13 98 56 71 6
28 13 13 98 5 13 98 56 71 6 28 13 13 98 56 71 6

92 88 85 60 21 12 30 92 88 85 60 21 12 30
92 88 85 60 21 12 30 92 88 13 88 85 60 21 12 30
92 88 85 60 21 12 30 92 88 85 13 88 85 60 21 12 30
92 88 85 60 21 12 30 92 88 85 13 85 60 21 12 30
92 88 85 60 21 12 30 92 88 85 60 13 85 60 21 12 30
92 88 13 88 85 60 21 12 30 92 88 85 60 21 12 30
92 88 85 13 88 85 60 21 12 30 92 88 85 60 21 12 30
92 88 85 13 85 60 21 12 30 92 88 85 60 21 12 30
92 88 85 60 13 85 60 21 12 30 92 88 85 60 21 12 30

36 32 18 21 60 74 54 36 32 18 21 60 74 54
36 32 18 21 60 74 54 36 32 12 32 18 21 60 74 54
36 32 18 21 60 74 54 36 32 18 12 32 18 21 60 74 54
36 32 18 21 60 74 54 36 32 18 12 18 21 60 74 54
36 32 18 21 60 74 54 36 32 18 21 12 18 21 60 74 54
36 32 12 32 18 21 60 74 54 36 32 18 21 60 74 54
36 32 18 12 32 18 21 60 74 54 36 32 18 21 60 74 54
36 32 18 12 18 21 60 74 54 36 32 18 21 60 74 54
36 32 18 21 12 18 21 60 74 54 36 32 18 21 60 74 54

16 64 83 95 12 58 89 16 64 83 95 12 58 89
16 64 83 95 12 58 89 16 64 8 64 83 95 12 58 89
16 64 83 95 12 58 89 16 64 83 8 64 83 95 12 58 89
16 64 83 95 12 58 89 16 64 83 8 83 95 12 58 89
16 64 83 95 12 58 89 16 64 83 95 8 83 95 12 58 89
16 64 8 64 83 95 12 58 89 16 64 83 95 12 58 89
16 64 83 8 64 83 95 12 58 89 16 64 83 95 12 58 89
16 64 83 8 83 95 12 58 89 16 64 83 95 12 58 89
16 64 83 95 8 83 95 12 58 89 16 64 83 95 12 58 89

17 15 88 38 92 94 73 17 15 88 38 92 94 73
17 15 88 38 92 94 73 17 15 5 15 88 38 92 94 73
17 15 88 38 92 94 73 17 15 88 5 15 88 38 92 94 73
17 15 88 38 92 94 73 17 15 88 5 88 38 92 94 73
17 15 88 38 92 94 73 17 15 88 38 5 88 38 92 94 73
17 15 5 15 88 38 92 94 73 17 15 88 38 92 94 73
17 15 88 5 15 88 38 92 94 73 17 15 88 38 92 94 73
17 15 88 5 88 38 92 94 73 17 15 88 38 92 94 73
17 15 88 38 5 88 38 92 94 73 17 15 88 38 92 94 73

99 19 44 45 30 72 38 99 19 44 45 30 72 38
99 19 44 45 30 72 38 99 19 20 19 44 45 30 72 38
99 19 44 45 30 72 38 99 19 44 20 19 44 45 30 72 38
99 19 44 45 30 72 38 99 19 44 20 44 45 30 72 38
99 19 44 45 30 72 38 99 19 44 45 20 44 45 30 72 38
99 19 20 19 44 45 30 72 38 99 19 44 45 30 72 38
99 19 44 20 19 44 45 30 72 38 99 19 44 45 30 72 38
99 19 44 20 44 45 30 72 38 99 19 44 45 30 72 38
99 19 44 45 20 44 45 30 72 38 99 19 44 45 30 72 38

92 7 36 5 31 64 34 92 7 36 5 31 64 34
92 7 36 5 31 64 34 92 7 20 7 36 5 31 64 34
92 7 36 5 31 64 34 92 7 36 20 7 36 5 31 64 34
92 7 36 5 31 64 34 92 7 36 20 36 5 31 64 34
92 7 36 5 31 64 34 92 7 36 5 20 36 5 31 64 34
92 7 20 7 36 5 31 64 34 92 7 36 5 31 64 34
92 7 36 20 7 36 5 31 64 34 92 7 36 5 31 64 34
92 7 36 20 36 5 31 64 34 92 7 36 5 31 64 34
92 7 36 5 20 36 5 31 64 34 92 7 36 5 31 64 34

89 92 6 47 61 100 68 89 92 6 47 61 100 68
89 92 6 47 61 100 68 89 92 12 92 6 47 61 100 68
89 92 6 47 61 100 68 89 92 6 12 92 6 47 61 100 68
89 92 6 47 61 100 68 89 92 6 12 6 47 61 100 68
89 92 6 47 61 100 68 89 92 6 47 12 6 47 61 100 68
89 92 12 92 6 47 61 100 68 89 92 6 47 61 100 68
89 92 6 12 92 6 47 61 100 68 89 92 6 47 61 100 68
89 92 6 12 6 47 61 100 68 89 92 6 47 61 100 68
89 92 6 47 12 6 47 61 100 68 89 92 6 47 61 100 68

75 35 79 15 14 30 46 75 35 79 15 14 30 46
75 35 79 15 14 30 46 75 35 8 35 79 15 14 30 46
75 35 79 15 14 30 46 75 35 79 8 35 79 15 14 30 46
75 35 79 15 14 30 46 75 35 79 8 79 15 14 30 46
75 35 79 15 14 30 46 75 35 79 15 8 79 15 14 30 46
75 35 8 35 79 15 14 30 46 75 35 79 15 14 30 46
75 35 79 8 35 79 15 14 30 46 75 35 79 15 14 30 46
75 35 79 8 79 15 14 30 46 75 35 79 15 14 30 46
75 35 79 15 8 79 15 14 30 46 75 35 79 15 14 30 46

38 84 72 62 85 50 15 38 84 72 62 85 50 15
38 84 72 62 85 50 15 38 84 9 84 72 62 85 50 15
38 84 72 62 85 50 15 38 84 72 9 84 72 62 85 50 15
38 84 72 62 85 50 15 38 84 72 9 72 62 85 50 15
38 84 72 62 85 50 15 38 84 72 62 9 72 62 85 50 15
38 84 9 84 72 62 85 50 15 38 84 72 62 85 50 15
38 84 72 9 84 72 62 85 50 15 38 84 72 62 85 50 15
38 84 72 9 72 62 85 50 15 38 84 72 62 85 50 15
38 84 72 62 9 72 62 85 50 15 38 84 72 62 85 50 15

93 27 38 29 14 76 14 93 27 38 29 14 76 14
93 27 38 29 14 76 14 93 27 12 27 38 29 14 76 14
93 27 38 29 14 76 14 93 27 38 12 27 38 29 14 76 14
93 27 38 29 14 76 14 93 27 38 12 38 29 14 76 14
93 27 38 29 14 76 14 93 27 38 29 12 38 29 14 76 14
93 27 12 27 38 29 14 76 14 93 27 38 29 14 76 14
93 27 38 12 27 38 29 14 76 14 93 27 38 29 14 76 14
93 27 38 12 38 29 14 76 14 93 27 38 29 14 76 14
93 27 38 29 12 38 29 14 76 14 93 27 38 29 14 76 14

8 42 11 75 69 7 82 8 42 11 75 69 7 82
8 42 11 75 69 7 82 8 42 18 42 11 75 69 7 82
8 42 11 75 69 7 82 8 42 11 18 42 11 75 69 7 82
8 42 11 75 69 7 82 8 42 11 18 11 75 69 7 82
8 42 11 75 69 7 82 8 42 11 75 18 11 75 69 7 82
8 42 18 42 11 75 69 7 82 8 42 11 75 69 7 82
8 42 11 18 42 11 75 69 7 82 8 42 11 75 69 7 82
8 42 11 18 11 75 69 7 82 8 42 11 75 69 7 82
8 42 11 75 18 11 75 69 7 82 8 42 11 75 69 7 82

7 89 48 51 94 81 37 7 89 48 51 94 81 37
7 89 48 51 94 81 37 7 89 18 89 48 51 94 81 37
7 89 48 51 94 81 37 7 89 48 18 89 48 51 94 81 37
7 89 48 51 94 81 37 7 89 48 18 48 51 94 81 37
7 89 48 51 94 81 37 7 89 48 51 18 48 51 94 81 37
7 89 18 89 48 51 94 81 37 7 89 48 51 94 81 37
7 89 48 18 89 48 51 94 81 37 7 89 48 51 94 81 37
7 89 48 18 48 51 94 81 37 7 89 48 51 94 81 37
7 89 48 51 18 48 51 94 81 37 7 89 48 51 94 81 37

61 46 55 6 45 99 63 61 46 55 6 45 99 63
61 46 55 6 45 99 63 61 46 15 46 55 6 45 99 63
61 46 55 6 45 99 63 61 46 55 15 46 55 6 45 99 63
61 46 55 6 45 99 63 61 46 55 15 55 6 45 99 63
61 46 55 6 45 99 63 61 46 55 6 15 55 6 45 99 63
61 46 15 46 55 6 45 99 63 61 46 55 6 45 99 63
61 46 55 15 46 55 6 45 99 63 61 46 55 6 45 99 63
61 46 55 15 55 6 45 99 63 61 46 55 6 45 99 63
61 46 55 6 15 55 6 45 99 63 61 46 55 6 45 99 63

29 52 63 89 45 99 91 29 52 63 89 45 99 91
29 52 63 89 45 99 91 29 52 19 52 63 89 45 99 91
29 52 63 89 45 99 91 29 52 63 19 52 63 89 45 99 91
29 52 63 89 45 99 91 29 52 63 19 63 89 45 99 91
29 52 63 89 45 99 91 29 52 63 89 19 63 89 45 99 91
29 52 19 52 63 89 45 99 91 29 52 63 89 45 99 91
29 52 63 19 52 63 89 45 99 91 29 52 63 89 45 99 91
29 52 63 19 63 89 45 99 91 29 52 63 89 45 99 91
29 52 63 89 19 63 89 45 99 91 29 52 63 89 45 99 91

83 83 61 64 20 57 36 83 83 61 64 20 57 36
83 83 61 64 20 57 36 83 83 12 83 61 64 20 57 36
83 83 61 64 20 57 36 83 83 61 12 83 61 64 20 57 36
83 83 61 64 20 57 36 83 83 61 12 61 64 20 57 36
83 83 61 64 20 57 36 83 83 61 64 12 61 64 20 57 36
83 83 12 83 61 64 20 57 36 83 83 61 64 20 57 36
83 83 61 12 83 61 64 20 57 36 83 83 61 64 20 57 36
83 83 61 12 61 64 20 57 36 83 83 61 64 20 57 36
83 83 61 64 12 61 64 20 57 36 83 83 61 64 20 57 36

98 49 97 91 64 58 19 98 49 97 91 64 58 19
98 49 97 91 64 58 19 98 49 14 49 97 91 64 58 19
98 49 97 91 64 58 19 98 49 97 14 49 97 91 64 58 19
98 49 97 91 64 58 19 98 49 97 14 97 91 64 58 19
98 49 97 91 64 58 19 98 49 97 91 14 97 91 64 58 19
98 49 14 49 97 91 64 58 19 98 49 97 91 64 58 19
98 49 97 14 49 97 91 64 58 19 98 49 97 91 64 58 19
98 49 97 14 97 91 64 58 19 98 49 97 91 64 58 19
98 49 97 91 14 97 91 64 58 19 98 49 97 91 64 58 19

21 37 12 96 32 27 38 21 37 12 96 32 27 38
21 37 12 96 32 27 38 21 37 12 37 12 96 32 27 38
21 37 12 96 32 27 38 21 37 12 12 37 12 96 32 27 38
21 37 12 96 32 27 38 21 37 12 12 12 96 32 27 38
21 37 12 96 32 27 38 21 37 12 96 12 12 96 32 27 38
21 37 12 37 12 96 32 27 38 21 37 12 96 32 27 38
21 37 12 12 37 12 96 32 27 38 21 37 12 96 32 27 38
21 37 12 12 12 96 32 27 38 21 37 12 96 32 27 38
21 37 12 96 12 12 96 32 27 38 21 37 12 96 32 27 38

33 19 27 77 8 75 50 33 19 27 77 8 75 50
33 19 27 77 8 75 50 33 19 18 19 27 77 8 75 50
33 19 27 77 8 75 50 33 19 27 18 19 27 77 8 75 50
33 19 27 77 8 75 50 33 19 27 18 27 77 8 75 50
33 19 27 77 8 75 50 33 19 27 77 18 27 77 8 75 50
33 19 18 19 27 77 8 75 50 33 19 27 77 8 75 50
33 19 27 18 19 27 77 8 75 50 33 19 27 77 8 75 50
33 19 27 18 27 77 8 75 50 33 19 27 77 8 75 50
33 19 27 77 18 27 77 8 75 50 33 19 27 77 8 75 50

86 75 45 27 13 52 47 86 75 45 27 13 52 47
86 75 45 27 13 52 47 86 75 9 75 45 27 13 52 47
86 75 45 27 13 52 47 86 75 45 9 75 45 27 13 52 47
86 75 45 27 13 52 47 86 75 45 9 45 27 13 52 47
86 75 45 27 13 52 47 86 75 45 27 9 45 27 13 52 47
86 75 9 75 45 27 13 52 47 86 75 45 27 13 52 47
86 75 45 9 75 45 27 13 52 47 86 75 45 27 13 52 47
86 75 45 9 45 27 13 52 47 86 75 45 27 13 52 47
86 75 45 27 9 45 27 13 52 47 86 75 45 27 13 52 47

65 53 83 27 40 34 44 65 53 83 27 40 34 44
65 53 83 27 40 34 44 65 53 7 53 83 27 40 34 44
65 53 83 27 40 34 44 65 53 83 7 53 83 27 40 34 44
65 53 83 27 40 34 44 65 53 83 7 83 27 40 34 44
65 53 83 27 40 34 44 65 53 83 27 7 83 27 40 34 44
65 53 7 53 83 27 40 34 44 65 53 83 27 40 34 44
65 53 83 7 53 83 27 40 34 44 65 53 83 27 40 34 44
65 53 83 7 83 27 40 34 44 65 53 83 27 40 34 44
65 53 83 27 7 83 27 40 34 44 65 53 83 27 40 34 44

55 75 28 7 38 87 65 55 75 28 7 38 87 65
55 75 28 7 38 87 65 55 75 5 75 28 7 38 87 65
55 75 28 7 38 87 65 55 75 28 5 75 28 7 38 87 65
55 75 28 7 38 87 65 55 75 28 5 28 7 38 87 65
55 75 28 7 38 87 65 55 75 28 7 5 28 7 38 87 65
55 75 5 75 28 7 38 87 65 55 75 28 7 38 87 65
55 75 28 5 75 28 7 38 87 65 55 75 28 7 38 87 65
55 75 28 5 28 7 38 87 65 55 75 28 7 38 87 65
55 75 28 7 5 28 7 38 87 65 55 75 28 7 38 87 65

75 85 75 58 80 86 16 75 85 75 58 80 86 16
75 85 75 58 80 86 16 75 85 9 85 75 58 80 86 16
75 85 75 58 80 86 16 75 85 75 9 85 75 58 80 86 16
75 85 75 58 80 86 16 75 85 75 9 75 58 80 86 16
75 85 75 58 80 86 16 75 85 75 58 9 75 58 80 86 16
75 85 9 85 75 58 80 86 16 75 85 75 58 80 86 16
75 85 75 9 85 75 58 80 86 16 75 85 75 58 80 86 16
75 85 75 9 75 58 80 86 16 75 85 75 58 80 86 16
75 85 75 58 9 75 58 80 86 16 75 85 75 58 80 86 16

16 90 54 94 50 44 83 16 90 54 94 50 44 83
16 90 54 94 50 44 83 16 90 11 90 54 94 50 44 83
16 90 54 94 50 44 83 16 90 54 11 90 54 94 50 44 83
16 90 54 94 50 44 83 16 90 54 11 54 94 50 44 83
16 90 54 94 50 44 83 16 90 54 94 11 54 94 50 44 83
16 90 11 90 54 94 50 44 83 16 90 54 94 50 44 83
16 90 54 11 90 54 94 50 44 83 16 90 54 94 50 44 83
16 90 54 11 54 94 50 44 83 16 90 54 94 50 44 83
16 90 54 94 11 54 94 50 44 83 16 90 54 94 50 44 83

83 36 5 86 53 6 9 83 36 5 86 53 6 9
83 36 5 86 53 6 9 83 36 5 36 5 86 53 6 9
83 36 5 86 53 6 9 83 36 5 5 36 5 86 53 6 9
83 36 5 86 53 6 9 83 36 5 5 5 86 53 6 9
83 36 5 86 53 6 9 83 36 5 86 5 5 86 53 6 9
83 36 5 36 5 86 53 6 9 83 36 5 86 53 6 9
83 36 5 5 36 5 86 53 6 9 83 36 5 86 53 6 9
83 36 5 5 5 86 53 6 9 83 36 5 86 53 6 9
83 36 5 86 5 5 86 53 6 9 83 36 5 86 53 6 9

26 71 16 19 39 92 65 26 71 16 19 39 92 65
26 71 16 19 39 92 65 26 71 12 71 16 19 39 92 65
26 71 16 19 39 92 65 26 71 16 12 71 16 19 39 92 65
26 71 16 19 39 92 65 26 71 16 12 16 19 39 92 65
26 71 16 19 39 92 65 26 71 16 19 12 16 19 39 92 65
26 71 12 71 16 19 39 92 65 26 71 16 19 39 92 65
26 71 16 12 71 16 19 39 92 65 26 71 16 19 39 92 65
26 71 16 12 16 19 39 92 65 26 71 16 19 39 92 65
26 71 16 19 12 16 19 39 92 65 26 71 16 19 39 92 65

10 6 10 33 58 54 48 10 6 10 33 58 54 48
10 6 10 33 58 54 48 10 6 14 6 10 33 58 54 48
10 6 10 33 58 54 48 10 6 10 14 6 10 33 58 54 48
10 6 10 33 58 54 48 10 6 10 14 10 33 58 54 48
10 6 10 33 58 54 48 10 6 10 33 14 10 33 58 54 48
10 6 14 6 10 33 58 54 48 10 6 10 33 58 54 48
10 6 10 14 6 10 33 58 54 48 10 6 10 33 58 54 48
10 6 10 14 10 33 58 54 48 10 6 10 33 58 54 48
10 6 10 33 14 10 33 58 54 48 10 6 10 33 58 54 48

41 38 85 44 19 88 77 41 38 85 44 19 88 77
41 38 85 44 19 88 77 41 38 12 38 85 44 19 88 77
41 38 85 44 19 88 77 41 38 85 12 38 85 44 19 88 77
41 38 85 44 19 88 77 41 38 85 12 85 44 19 88 77
41 38 85 44 19 88 77 41 38 85 44 12 85 44 19 88 77
41 38 12 38 85 44 19 88 77 41 38 85 44 19 88 77
41 38 85 12 38 85 44 19 88 77 41 38 85 44 19 88 77
41 38 85 12 85 44 19 88 77 41 38 85 44 19 88 77
41 38 85 44 12 85 44 19 88 77 41 38 85 44 19 88 77

86 70 61 42 35 79 52 86 70 61 42 35 79 52
86 70 61 42 35 79 52 86 70 15 70 61 42 35 79 52
86 70 61 42 35 79 52 86 70 61 15 70 61 42 35 79 52
86 70 61 42 35 79 52 86 70 61 15 61 42 35 79 52
86 70 61 42 35 79 52 86 70 61 42 15 61 42 35 79 52
86 70 15 70 61 42 35 79 52 86 70 61 42 35 79 52
86 70 61 15 70 61 42 35 79 52 86 70 61 42 35 79 52
86 70 61 15 61 42 35 79 52 86 70 61 42 35 79 52
86 70 61 42 15 61 42 35 79 52 86 70 61 42 35 79 52

41 87 10 20 100 42 19 41 87 10 20 100 42 19
41 87 10 20 100 42 19 41 87 13 87 10 20 100 42 19
41 87 10 20 100 42 19 41 87 10 13 87 10 20 100 42 19
41 87 10 20 100 42 19 41 87 10 13 10 20 100 42 19
41 87 10 20 100 42 19 41 87 10 20 13 10 20 100 42 19
41 87 13 87 10 20 100 42 19 41 87 10 20 100 42 19
41 87 10 13 87 10 20 100 42 19 41 87 10 20 100 42 19
41 87 10 13 10 20 100 42 19 41 87 10 20 100 42 19
41 87 10 20 13 10 20 100 42 19 41 87 10 20 100 42 19

89 86 39 89 18 95 22 89 86 39 89 18 95 22
89 86 39 89 18 95 22 89 86 17 86 39 89 18 95 22
89 86 39 89 18 95 22 89 86 39 17 86 39 89 18 95 22
89 86 39 89 18 95 22 89 86 39 17 39 89 18 95 22
89 86 39 89 18 95 22 89 86 39 89 17 39 89 18 95 22
89 86 17 86 39 89 18 95 22 89 86 39 89 18 95 22
89 86 39 17 86 39 89 18 95 22 89 86 39 89 18 95 22
89 86 39 17 39 89 18 95 22 89 86 39 89 18 95 22
89 86 39 89 17 39 89 18 95 22 89 86 39 89 18 95 22

33 90 67 63 9 67 68 33 90 67 63 9 67 68
33 90 67 63 9 67 68 33 90 20 90 67 63 9 67 68
33 90 67 63 9 67 68 33 90 67 20 90 67 63 9 67 68
33 90 67 63 9 67 68 33 90 67 20 67 63 9 67 68
33 90 67 63 9 67 68 33 90 67 63 20 67 63 9 67 68
33 90 20 90 67 63 9 67 68 33 90 67 63 9 67 68
33 90 67 20 90 67 63 9 67 68 33 90 67 63 9 67 68
33 90 67 20 67 63 9 67 68 33 90 67 63 9 67 68
33 90 67 63 20 67 63 9 67 68 33 90 67 63 9 67 68

51 36 95 36 6 37 68 51 36 95 36 6 37 68
51 36 95 36 6 37 68 51 36 16 36 95 36 6 37 68
51 36 95 36 6 37 68 51 36 95 16 36 95 36 6 37 68
51 36 95 36 6 37 68 51 36 95 16 95 36 6 37 68
51 36 95 36 6 37 68 51 36 95 36 16 95 36 6 37 68
51 36 16 36 95 36 6 37 68 51 36 95 36 6 37 68
51 36 95 16 36 95 36 6 37 68 51 36 95 36 6 37 68
51 36 95 16 95 36 6 37 68 51 36 95 36 6 37 68
51 36 95 36 16 95 36 6 37 68 51 36 95 36 6 37 68

81 67 13 24 88 26 38 81 67 13 24 88 26 38
81 67 13 24 88 26 38 81 67 8 67 13 24 88 26 38
81 67 13 24 88 26 38 81 67 13 8 67 13 24 88 26 38
81 67 13 24 88 26 38 81 67 13 8 13 24 88 26 38
81 67 13 24 88 26 38 81 67 13 24 8 13 24 88 26 38
81 67 8 67 13 24 88 26 38 81 67 13 24 88 26 38
81 67 13 8 67 13 24 88 26 38 81 67 13 24 88 26 38
81 67 13 8 13 24 88 26 38 81 67 13 24 88 26 38
81 67 13 24 8 13 24 88 26 38 81 67 13 24 88 26 38

18 77 11 7 46 53 77 18 77 11 7 46 53 77
18 77 11 7 46 53 77 18 77 19 77 11 7 46 53 77
18 77 11 7 46 53 77 18 77 11 19 77 11 7 46 53 77
18 77 11 7 46 53 77 18 77 11 19 11 7 46 53 77
18 77 11 7 46 53 77 18 77 11 7 19 11 7 46 53 77
18 77 19 77 11 7 46 53 77 18 77 11 7 46 53 77
18 77 11 19 77 11 7 46 53 77 18 77 11 7 46 53 77
18 77 11 19 11 7 46 53 77 18 77 11 7 46 53 77
18 77 11 7 19 11 7 46 53 77 18 77 11 7 46 53 77

56 94 16 87 74 39 18 56 94 16 87 74 39 18
56 94 16 87 74 39 18 56 94 15 94 16 87 74 39 18
56 94 16 87 74 39 18 56 94 16 15 94 16 87 74 39 18
56 94 16 87 74 39 18 56 94 16 15 16 87 74 39 18
56 94 16 87 74 39 18 56 94 16 87 15 16 87 74 39 18
56 94 15 94 16 87 74 39 18 56 94 16 87 74 39 18
56 94 16 15 94 16 87 74 39 18 56 94 16 87 74 39 18
56 94 16 15 16 87 74 39 18 56 94 16 87 74 39 18
56 94 16 87 15 16 87 74 39 18 56 94 16 87 74 39 18

59 28 97 78 35 67 67 59 28 97 78 35 67 67
59 28 97 78 35 67 67 59 28 17 28 97 78 35 67 67
59 28 97 78 35 67 67 59 28 97 17 28 97 78 35 67 67
59 28 97 78 35 67 67 59 28 97 17 97 78 35 67 67
59 28 97 78 35 67 67 59 28 97 78 17 97 78 35 67 67
59 28 17 28 97 78 35 67 67 59 28 97 78 35 67 67
59 28 97 17 28 97 78 35 67 67 59 28 97 78 35 67 67
59 28 97 17 97 78 35 67 67 59 28 97 78 35 67 67
59 28 97 78 17 97 78 35 67 67 59 28 97 78 35 67 67

8 68 46 85 46 75 63 8 68 46 85 46 75 63
8 68 46 85 46 75 63 8 68 5 68 46 85 46 75 63
8 68 46 85 46 75 63 8 68 46 5 68 46 85 46 75 63
8 68 46 85 46 75 63 8 68 46 5 46 85 46 75 63
8 68 46 85 46 75 63 8 68 46 85 5 46 85 46 75 63
8 68 5 68 46 85 46 75 63 8 68 46 85 46 75 63
8 68 46 5 68 46 85 46 75 63 8 68 46 85 46 75 63
8 68 46 5 46 85 46 75 63 8 68 46 85 46 75 63
8 68 46 85 5 46 85 46 75 63 8 68 46 85 46 75 63

80 14 35 11 27 28 48 80 14 35 11 27 28 48
80 14 35 11 27 28 48 80 14 7 14 35 11 27 28 48
80 14 35 11 27 28 48 80 14 35 7 14 35 11 27 28 48
80 14 35 11 27 28 48 80 14 35 7 35 11 27 28 48
80 14 35 11 27 28 48 80 14 35 11 7 35 11 27 28 48
80 14 7 14 35 11 27 28 48 80 14 35 11 27 28 48
80 14 35 7 14 35 11 27 28 48 80 14 35 11 27 28 48
80 14 35 7 35 11 27 28 48 80 14 35 11 27 28 48
80 14 35 11 7 35 11 27 28 48 80 14 35 11 27 28 48

59 21 20 55 79 87 64 59 21 20 55 79 87 64
59 21 20 55 79 87 64 59 21 11 21 20 55 79 87 64
59 21 20 55 79 87 64 59 21 20 11 21 20 55 79 87 64
59 21 20 55 79 87 64 59 21 20 11 20 55 79 87 64
59 21 20 55 79 87 64 59 21 20 55 11 20 55 79 87 64
59 21 11 21 20 55 79 87 64 59 21 20 55 79 87 64
59 21 20 11 21 20 55 79 87 64 59 21 20 55 79 87 64
59 21 20 11 20 55 79 87 64 59 21 20 55 79 87 64
59 21 20 55 11 20 55 79 87 64 59 21 20 55 79 87 64

82 69 32 73 61 66 42 82 69 32 73 61 66 42
82 69 32 73 61 66 42 82 69 11 69 32 73 61 66 42
82 69 32 73 61 66 42 82 69 32 11 69 32 73 61 66 42
82 69 32 73 61 66 42 82 69 32 11 32 73 61 66 42
82 69 32 73 61 66 42 82 69 32 73 11 32 73 61 66 42
82 69 11 69 32 73 61 66 42 82 69 32 73 61 66 42
82 69 32 11 69 32 73 61 66 42 82 69 32 73 61 66 42
82 69 32 11 32 73 61 66 42 82 69 32 73 61 66 42
82 69 32 73 11 32 73 61 66 42 82 69 32 73 61 66 42

86 12 84 9 27 99 98 86 12 84 9 27 99 98
86 12 84 9 27 99 98 86 12 7 12 84 9 27 99 98
86 12 84 9 27 99 98 86 12 84 7 12 84 9 27 99 98
86 12 84 9 27 99 98 86 12 84 7 84 9 27 99 98
86 12 84 9 27 99 98 86 12 84 9 7 84 9 27 99 98
86 12 7 12 84 9 27 99 98 86 12 84 9 27 99 98
86 12 84 7 12 84 9 27 99 98 86 12 84 9 27 99 98
86 12 84 7 84 9 27 99 98 86 12 84 9 27 99 98
86 12 84 9 7 84 9 27 99 98 86 12 84 9 27 99 98

40 55 73 53 14 83 91 40 55 73 53 14 83 91
40 55 73 53 14 83 91 40 55 20 55 73 53 14 83 91
40 55 73 53 14 83 91 40 55 73 20 55 73 53 14 83 91
40 55 73 53 14 83 91 40 55 73 20 73 53 14 83 91
40 55 73 53 14 83 91 40 55 73 53 20 73 53 14 83 91
40 55 20 55 73 53 14 83 91 40 55 73 53 14 83 91
40 55 73 20 55 73 53 14 83 91 40 55 73 53 14 83 91
40 55 73 20 73 53 14 83 91 40 55 73 53 14 83 91
40 55 73 53 20 73 53 14 83 91 40 55 73 53 14 83 91

62 93 6 65 95 44 51 62 93 6 65 95 44 51
62 93 6 65 95 44 51 62 93 17 93 6 65 95 44 51
62 93 6 65 95 44 51 62 93 6 17 93 6 65 95 44 51
62 93 6 65 95 44 51 62 93 6 17 6 65 95 44 51
62 93 6 65 95 44 51 62 93 6 65 17 6 65 95 44 51
62 93 17 93 6 65 95 44 51 62 93 6 65 95 44 51
62 93 6 17 93 6 65 95 44 51 62 93 6 65 95 44 51
62 93 6 17 6 65 95 44 51 62 93 6 65 95 44 51
62 93 6 65 17 6 65 95 44 51 62 93 6 65 95 44 51

16 45 43 21 9 24 87 16 45 43 21 9 24 87
16 45 43 21 9 24 87 16 45 18 45 43 21 9 24 87
16 45 43 21 9 24 87 16 45 43 18 45 43 21 9 24 87
16 45 43 21 9 24 87 16 45 43 18 43 21 9 24 87
16 45 43 21 9 24 87 16 45 43 21 18 43 21 9 24 87
16 45 18 45 43 21 9 24 87 16 45 43 21 9 24 87
16 45 43 18 45 43 21 9 24 87 16 45 43 21 9 24 87
16 45 43 18 43 21 9 24 87 16 45 43 21 9 24 87
16 45 43 21 18 43 21 9 24 87 16 45 43 21 9 24 87

58 13 32 20 40 31 75 58 13 32 20 40 31 75
58 13 32 20 40 31 75 58 13 17 13 32 20 40 31 75
58 13 32 20 40 31 75 58 13 32 17 13 32 20 40 31 75
58 13 32 20 40 31 75 58 13 32 17 32 20 40 31 75
58 13 32 20 40 31 75 58 13 32 20 17 32 20 40 31 75
58 13 17 13 32 20 40 31 75 58 13 32 20 40 31 75
58 13 32 17 13 32 20 40 31 75 58 13 32 20 40 31 75
58 13 32 17 32 20 40 31 75 58 13 32 20 40 31 75
58 13 32 20 17 32 20 40 31 75 58 13 32 20 40 31 75

92 93 33 51 44 88 38 92 93 33 51 44 88 38
92 93 33 51 44 88 38 92 93 17 93 33 51 44 88 38
92 93 33 51 44 88 38 92 93 33 17 93 33 51 44 88 38
92 93 33 51 44 88 38 92 93 33 17 33 51 44 88 38
92 93 33 51 44 88 38 92 93 33 51 17 33 51 44 88 38
92 93 17 93 33 51 44 88 38 92 93 33 51 44 88 38
92 93 33 17 93 33 51 44 88 38 92 93 33 51 44 88 38
92 93 33 17 33 51 44 88 38 92 93 33 51 44 88 38
92 93 33 51 17 33 51 44 88 38 92 93 33 51 44 88 38

37 50 6 79 21 96 95 37 50 6 79 21 96 95
37 50 6 79 21 96 95 37 50 15 50 6 79 21 96 95
37 50 6 79 21 96 95 37 50 6 15 50 6 79 21 96 95
37 50 6 79 21 96 95 37 50 6 15 6 79 21 96 95
37 50 6 79 21 96 95 37 50 6 79 15 6 79 21 96 95
37 50 15 50 6 79 21 96 95 37 50 6 79 21 96 95
37 50 6 15 50 6 79 21 96 95 37 50 6 79 21 96 95
37 50 6 15 6 79 21 96 95 37 50 6 79 21 96 95
37 50 6 79 15 6 79 21 96 95 37 50 6 79 21 96 95

43 19 20 47 40 82 88 43 19 20 47 40 82 88
43 19 20 47 40 82 88 43 19 10 19 20 47 40 82 88
43 19 20 47 40 82 88 43 19 20 10 19 20 47 40 82 88
43 19 20 47 40 82 88 43 19 20 10 20 47 40 82 88
43 19 20 47 40 82 88 43 19 20 47 10 20 47 40 82 88
43 19 10 19 20 47 40 82 88 43 19 20 47 40 82 88
43 19 20 10 19 20 47 40 82 88 43 19 20 47 40 82 88
43 19 20 10 20 47 40 82 88 43 19 20 47 40 82 88
43 19 20 47 10 20 47 40 82 88 43 19 20 47 40 82 88

34 18 72 8 72 59 82 34 18 72 8 72 59 82
34 18 72 8 72 59 82 34 18 17 18 72 8 72 59 82
34 18 72 8 72 59 82 34 18 72 17 18 72 8 72 59 82
34 18 72 8 72 59 82 34 18 72 17 72 8 72 59 82
34 18 72 8 72 59 82 34 18 72 8 17 72 8 72 59 82
34 18 17 18 72 8 72 59 82 34 18 72 8 72 59 82
34 18 72 17 18 72 8 72 59 82 34 18 72 8 72 59 82
34 18 72 17 72 8 72 59 82 34 18 72 8 72 59 82
34 18 72 8 17 72 8 72 59 82 34 18 72 8 72 59 82

47 29 12 96 65 78 95 47 29 12 96 65 78 95
47 29 12 96 65 78 95 47 29 20 29 12 96 65 78 95
47 29 12 96 65 78 95 47 29 12 20 29 12 96 65 78 95
47 29 12 96 65 78 95 47 29 12 20 12 96 65 78 95
47 29 12 96 65 78 95 47 29 12 96 20 12 96 65 78 95
47 29 20 29 12 96 65 78 95 47 29 12 96 65 78 95
47 29 12 20 29 12 96 65 78 95 47 29 12 96 65 78 95
47 29 12 20 12 96 65 78 95 47 29 12 96 65 78 95
47 29 12 96 20 12 96 65 78 95 47 29 12 96 65 78 95

58 17 27 97 85 42 22 58 17 27 97 85 42 22
58 17 27 97 85 42 22 58 17 12 17 27 97 85 42 22
58 17 27 97 85 42 22 58 17 27 12 17 27 97 85 42 22
58 17 27 97 85 42 22 58 17 27 12 27 97 85 42 22
58 17 27 97 85 42 22 58 17 27 97 12 27 97 85 42 22
58 17 12 17 27 97 85 42 22 58 17 27 97 85 42 22
58 17 27 12 17 27 97 85 42 22 58 17 27 97 85 42 22
58 17 27 12 27 97 85 42 22 58 17 27 97 85 42 22
58 17 27 97 12 27 97 85 42 22 58 17 27 97 85 42 22

39 56 77 30 55 56 39 39 56 77 30 55 56 39
39 56 77 30 55 56 39 39 56 12 56 77 30 55 56 39
39 56 77 30 55 56 39 39 56 77 12 56 77 30 55 56 39
39 56 77 30 55 56 39 39 56 77 12 77 30 55 56 39
39 56 77 30 55 56 39 39 56 77 30 12 77 30 55 56 39
39 56 12 56 77 30 55 56 39 39 56 77 30 55 56 39
39 56 77 12 56 77 30 55 56 39 39 56 77 30 55 56 39
39 56 77 12 77 30 55 56 39 39 56 77 30 55 56 39
39 56 77 30 12 77 30 55 56 39 39 56 77 30 55 56 39

56 21 76 33 52 76 85 56 21 76 33 52 76 85
56 21 76 33 52 76 85 56 21 8 21 76 33 52 76 85
56 21 76 33 52 76 85 56 21 76 8 21 76 33 52 76 85
56 21 76 33 52 76 85 56 21 76 8 76 33 52 76 85
56 21 76 33 52 76 85 56 21 76 33 8 76 33 52 76 85
56 21 8 21 76 33 52 76 85 56 21 76 33 52 76 85
56 21 76 8 21 76 33 52 76 85 56 21 76 33 52 76 85
56 21 76 8 76 33 52 76 85 56 21 76 33 52 76 85
56 21 76 33 8 76 33 52 76 85 56 21 76 33 52 76 85

29 62 88 94 77 78 42 29 62 88 94 77 78 42
29 62 88 94 77 78 42 29 62 6 62 88 94 77 78 42
29 62 88 94 77 78 42 29 62 88 6 62 88 94 77 78 42
29 62 88 94 77 78 42 29 62 88 6 88 94 77 78 42
29 62 88 94 77 78 42 29 62 88 94 6 88 94 77 78 42
29 62 6 62 88 94 77 78 42 29 62 88 94 77 78 42
29 62 88 6 62 88 94 77 78 42 29 62 88 94 77 78 42
29 62 88 6 88 94 77 78 42 29 62 88 94 77 78 42
29 62 88 94 6 88 94 77 78 42 29 62 88 94 77 78 42

85 23 59 52 45 46 62 85 23 59 52 45 46 62
85 23 59 52 45 46 62 85 23 13 23 59 52 45 46 62
85 23 59 52 45 46 62 85 23 59 13 23 59 52 45 46 62
85 23 59 52 45 46 62 85 23 59 13 59 52 45 46 62
85 23 59 52 45 46 62 85 23 59 52 13 59 52 45 46 62
85 23 13 23 59 52 45 46 62 85 23 59 52 45 46 62
85 23 59 13 23 59 52 45 46 62 85 23 59 52 45 46 62
85 23 59 13 59 52 45 46 62 85 23 59 52 45 46 62
85 23 59 52 13 59 52 45 46 62 85 23 59 52 45 46 62

24 11 94 16 41 90 56 24 11 94 16 41 90 56
24 11 94 16 41 90 56 24 11 17 11 94 16 41 90 56
24 11 94 16 41 90 56 24 11 94 17 11 94 16 41 90 56
24 11 94 16 41 90 56 24 11 94 17 94 16 41 90 56
24 11 94 16 41 90 56 24 11 94 16 17 94 16 41 90 56
24 11 17 11 94 16 41 90 56 24 11 94 16 41 90 56
24 11 94 17 11 94 16 41 90 56 24 11 94 16 41 90 56
24 11 94 17 94 16 41 90 56 24 11 94 16 41 90 56
24 11 94 16 17 94 16 41 90 56 24 11 94 16 41 90 56

25 37 41 5 74 54 38 25 37 41 5 74 54 38
25 37 41 5 74 54 38 25 37 7 37 41 5 74 54 38
25 37 41 5 74 54 38 25 37 41 7 37 41 5 74 54 38
25 37 41 5 74 54 38 25 37 41 7 41 5 74 54 38
25 37 41 5 74 54 38 25 37 41 5 7 41 5 74 54 38
25 37 7 37 41 5 74 54 38 25 37 41 5 74 54 38
25 37 41 7 37 41 5 74 54 38 25 37 41 5 74 54 38
25 37 41 7 41 5 74 54 38 25 37 41 5 74 54 38
25 37 41 5 7 41 5 74 54 38 25 37 41 5 74 54 38

15 99 95 81 98 17 94 15 99 95 81 98 17 94
15 99 95 81 98 17 94 15 99 12 99 95 81 98 17 94
15 99 95 81 98 17 94 15 99 95 12 99 95 81 98 17 94
15 99 95 81 98 17 94 15 99 95 12 95 81 98 17 94
15 99 95 81 98 17 94 15 99 95 81 12 95 81 98 17 94
15 99 12 99 95 81 98 17 94 15 99 95 81 98 17 94
15 99 95 12 99 95 81 98 17 94 15 99 95 81 98 17 94
15 99 95 12 95 81 98 17 94 15 99 95 81 98 17 94
15 99 95 81 12 95 81 98 17 94 15 99 95 81 98 17 94

100 8 66 94 84 83 21 100 8 66 94 84 83 21
100 8 66 94 84 83 21 100 8 6 8 66 94 84 83 21
100 8 66 94 84 83 21 100 8 66 6 8 66 94 84 83 21
100 8 66 94 84 83 21 100 8 66 6 66 94 84 83 21
100 8 66 94 84 83 21 100 8 66 94 6 66 94 84 83 21
100 8 6 8 66 94 84 83 21 100 8 66 94 84 83 21
100 8 66 6 8 66 94 84 83 21 100 8 66 94 84 83 21
100 8 66 6 66 94 84 83 21 100 8 66 94 84 83 21
100 8 66 94 6 66 94 84 83 21 100 8 66 94 84 83 21

18 75 40 16 19 11 48 18 75 40 16 19 11 48
18 75 40 16 19 11 48 18 75 20 75 40 16 19 11 48
18 75 40 16 19 11 48 18 75 40 20 75 40 16 19 11 48
18 75 40 16 19 11 48 18 75 40 20 40 16 19 11 48
18 75 40 16 19 11 48 18 75 40 16 20 40 16 19 11 48
18 75 20 75 40 16 19 11 48 18 75 40 16 19 11 48
18 75 40 20 75 40 16 19 11 48 18 75 40 16 19 11 48
18 75 40 20 40 16 19 11 48 18 75 40 16 19 11 48
18 75 40 16 20 40 16 19 11 48 18 75 40 16 19 11 48

7 71 79 82 96 15 58 7 71 79 82 96 15 58
7 71 79 82 96 15 58 7 71 16 71 79 82 96 15 58
7 71 79 82 96 15 58 7 71 79 16 71 79 82 96 15 58
7 71 79 82 96 15 58 7 71 79 16 79 82 96 15 58
7 71 79 82 96 15 58 7 71 79 82 16 79 82 96 15 58
7 71 16 71 79 82 96 15 58 7 71 79 82 96 15 58
7 71 79 16 71 79 82 96 15 58 7 71 79 82 96 15 58
7 71 79 16 79 82 96 15 58 7 71 79 82 96 15 58
7 71 79 82 16 79 82 96 15 58 7 71 79 82 96 15 58

57 86 80 58 24 57 43 57 86 80 58 24 57 43
57 86 80 58 24 57 43 57 86 5 86 80 58 24 57 43
57 86 80 58 24 57 43 57 86 80 5 86 80 58 24 57 43
57 86 80 58 24 57 43 57 86 80 5 80 58 24 57 43
57 86 80 58 24 57 43 57 86 80 58 5 80 58 24 57 43
57 86 5 86 80 58 24 57 43 57 86 80 58 24 57 43
57 86 80 5 86 80 58 24 57 43 57 86 80 58 24 57 43
57 86 80 5 80 58 24 57 43 57 86 80 58 24 57 43
57 86 80 58 5 80 58 24 57 43 57 86 80 58 24 57 43

83 36 35 72 53 78 20 83 36 35 72 53 78 20
83 36 35 72 53 78 20 83 36 6 36 35 72 53 78 20
83 36 35 72 53 78 20 83 36 35 6 36 35 72 53 78 20
83 36 35 72 53 78 20 83 36 35 6 35 72 53 78 20
83 36 35 72 53 78 20 83 36 35 72 6 35 72 53 78 20
83 36 6 36 35 72 53 78 20 83 36 35 72 53 78 20
83 36 35 6 36 35 72 53 78 20 83 36 35 72 53 78 20
83 36 35 6 35 72 53 78 20 83 36 35 72 53 78 20
83 36 35 72 6 35 72 53 78 20 83 36 35 72 53 78 20

94 65 34 83 24 36 27 94 65 34 83 24 36 27
94 65 34 83 24 36 27 94 65 14 65 34 83 24 36 27
94 65 34 83 24 36 27 94 65 34 14 65 34 83 24 36 27
94 65 34 83 24 36 27 94 65 34 14 34 83 24 36 27
94 65 34 83 24 36 27 94 65 34 83 14 34 83 24 36 27
94 65 14 65 34 83 24 36 27 94 65 34 83 24 36 27
94 65 34 14 65 34 83 24 36 27 94 65 34 83 24 36 27
94 65 34 14 34 83 24 36 27 94 65 34 83 24 36 27
94 65 34 83 14 34 83 24 36 27 94 65 34 83 24 36 27

94 35 5 12 57 74 38 94 35 5 12 57 74 38
94 35 5 12 57 74 38 94 35 17 35 5 12 57 74 38
94 35 5 12 57 74 38 94 35 5 17 35 5 12 57 74 38
94 35 5 12 57 74 38 94 35 5 17 5 12 57 74 38
94 35 5 12 57 74 38 94 35 5 12 17 5 12 57 74 38
94 35 17 35 5 12 57 74 38 94 35 5 12 57 74 38
94 35 5 17 35 5 12 57 74 38 94 35 5 12 57 74 38
94 35 5 17 5 12 57 74 38 94 35 5 12 57 74 38
94 35 5 12 17 5 12 57 74 38 94 35 5 12 57 74 38

50 25 62 76 13 73 46 50 25 62 76 13 73 46
50 25 62 76 13 73 46 50 25 18 25 62 76 13 73 46
50 25 62 76 13 73 46 50 25 62 18 25 62 76 13 73 46
50 25 62 76 13 73 46 50 25 62 18 62 76 13 73 46
50 25 62 76 13 73 46 50 25 62 76 18 62 76 13 73 46
50 25 18 25 62 76 13 73 46 50 25 62 76 13 73 46
50 25 62 18 25 62 76 13 73 46 50 25 62 76 13 73 46
50 25 62 18 62 76 13 73 46 50 25 62 76 13 73 46
50 25 62 76 18 62 76 13 73 46 50 25 62 76 13 73 46

48 25 86 18 29 62 59 48 25 86 18 29 62 59
48 25 86 18 29 62 59 48 25 16 25 86 18 29 62 59
48 25 86 18 29 62 59 48 25 86 16 25 86 18 29 62 59
48 25 86 18 29 62 59 48 25 86 16 86 18 29 62 59
48 25 86 18 29 62 59 48 25 86 18 16 86 18 29 62 59
48 25 16 25 86 18 29 62 59 48 25 86 18 29 62 59
48 25 86 16 25 86 18 29 62 59 48 25 86 18 29 62 59
48 25 86 16 86 18 29 62 59 48 25 86 18 29 62 59
48 25 86 18 16 86 18 29 62 59 48 25 86 18 29 62 59

34 56 89 19 69 85 18 34 56 89 19 69 85 18
34 56 89 19 69 85 18 34 56 17 56 89 19 69 85 18
34 56 89 19 69 85 18 34 56 89 17 56 89 19 69 85 18
34 56 89 19 69 85 18 34 56 89 17 89 19 69 85 18
34 56 89 19 69 85 18 34 56 89 19 17 89 19 69 85 18
34 56 17 56 89 19 69 85 18 34 56 89 19 69 85 18
34 56 89 17 56 89 19 69 85 18 34 56 89 19 69 85 18
34 56 89 17 89 19 69 85 18 34 56 89 19 69 85 18
34 56 89 19 17 89 19 69 85 18 34 56 89 19 69 85 18

76 23 47 22 83 83 5 76 23 47 22 83 83 5
76 23 47 22 83 83 5 76 23 11 23 47 22 83 83 5
76 23 47 22 83 83 5 76 23 47 11 23 47 22 83 83 5
76 23 47 22 83 83 5 76 23 47 11 47 22 83 83 5
76 23 47 22 83 83 5 76 23 47 22 11 47 22 83 83 5
76 23 11 23 47 22 83 83 5 76 23 47 22 83 83 5
76 23 47 11 23 47 22 83 83 5 76 23 47 22 83 83 5
76 23 47 11 47 22 83 83 5 76 23 47 22 83 83 5
76 23 47 22 11 47 22 83 83 5 76 23 47 22 83 83 5

12 86 28 78 44 54 63 12 86 28 78 44 54 63
12 86 28 78 44 54 63 12 86 16 86 28 78 44 54 63
12 86 28 78 44 54 63 12 86 28 16 86 28 78 44 54 63
12 86 28 78 44 54 63 12 86 28 16 28 78 44 54 63
12 86 28 78 44 54 63 12 86 28 78 16 28 78 44 54 63
12 86 16 86 28 78 44 54 63 12 86 28 78 44 54 63
12 86 28 16 86 28 78 44 54 63 12 86 28 78 44 54 63
12 86 28 16 28 78 44 54 63 12 86 28 78 44 54 63
12 86 28 78 16 28 78 44 54 63 12 86 28 78 44 54 63

19 69 70 85 33 76 14 19 69 70 85 33 76 14
19 69 70 85 33 76 14 19 69 20 69 70 85 33 76 14
19 69 70 85 33 76 14 19 69 70 20 69 70 85 33 76 14
19 69 70 85 33 76 14 19 69 70 20 70 85 33 76 14
19 69 70 85 33 76 14 19 69 70 85 20 70 85 33 76 14
19 69 20 69 70 85 33 76 14 19 69 70 85 33 76 14
19 69 70 20 69 70 85 33 76 14 19 69 70 85 33 76 14
19 69 70 20 70 85 33 76 14 19 69 70 85 33 76 14
19 69 70 85 20 70 85 33 76 14 19 69 70 85 33 76 14

