200
7
2
2

17
26
29
17
19
29
27
17
3
1
1
15
26
30
7
3
5
2
28
18
0
24
0
3
15
16
8
23
30
11
24
9
4
3
14
26
8
8
11
28
2
3
8
2
3
15
6
19
19
5
22
25
13
19
7
19
6
7
13
9
1
23
1
19
24
1
20
28
11
13
20
11
8
10
16
17
1
11
3
23
7
21
23
3
16
30
7
27
20
15
4
1
25
18
15
9
25
18
28
12
15
27
18
18
14
11
13
6
4
1
8
16
0
28
8
23
9
30
18
9
10
25
17
3
29
0
19
20
25
24
13
6
21
9
0
1
12
25
18
10
28
16
8
30
16
6
22
13
25
0
5
16
29
1
4
25
7
0
28
28
9
12
3
18
14
26
17
19
19
21
16
22
1
22
18
28
4
11
9
23
20
6
30
3
26
29
10
16
9
27
17
8
26
5
9
30
19
27
12
19

76 26 
99 97 
96 72 
89 55 
16 93 
35 45 
38 72 
27 67 
20 80 
54 85 
52 78 
39 80 
116 97 
96 51 
62 60 
88 85 
74 59 
59 96 
25 89 
23 113 
13 116 
108 89 
86 35 
110 65 
111 56 
118 97 
44 75 
24 81 
101 108 
105 68 
116 75 
83 32 
33 67 
55 69 
67 91 
41 46 
60 89 
91 118 
103 34 
103 118 
103 99 
38 50 
66 33 
73 119 
62 52 
33 77 
117 35 
95 87 
50 60 
47 87 
85 59 
112 106 
49 54 
31 88 
91 51 
33 94 
12 43 
67 103 
108 26 
48 89 
19 66 
84 105 
112 45 
30 53 
76 57 
47 67 
38 17 
104 50 
42 111 
101 35 
61 87 
46 45 
62 76 
52 29 
64 80 
28 26 
35 97 
19 99 
59 24 
53 70 
73 49 
76 20 
41 57 
71 23 
22 27 
39 52 
52 33 
67 98 
24 86 
17 47 
24 26 
72 25 
106 63 
29 100 
49 18 
102 65 
62 43 
59 52 
27 69 
22 112 
22 62 
113 55 
108 24 
63 48 
86 43 
108 94 
53 16 
72 43 
64 28 
59 39 
23 60 
52 52 
20 48 
91 108 
56 99 
30 21 
88 27 
82 52 
99 70 
85 54 
49 20 
73 94 
72 71 
24 32 
112 20 
50 75 
44 64 
105 101 
45 79 
67 19 
115 94 
77 118 
104 79 
24 85 
99 17 
92 98 
113 80 
13 57 
53 55 
36 47 
22 100 
52 77 
95 97 
96 21 
80 87 
61 112 
35 50 
97 76 
112 18 
106 91 
87 87 
63 58 
43 64 
117 20 
23 66 
83 42 
85 41 
102 97 
59 85 
78 107 
81 23 
103 66 
96 74 
40 27 
97 98 
95 24 
25 51 
69 92 
72 38 
43 46 
89 88 
42 35 
57 41 
30 91 
91 88 
69 97 
65 68 
30 34 
82 105 
63 20 
92 95 
73 70 
52 99 
64 40 
95 57 
86 103 
66 65 
49 19 
61 105 
25 96 
68 63 
54 50 
28 35 
37 57 
35 89 
38 93 
84 112 
115 23 
32 77 
34 55 

2276
2483
2347
2031
1653
1463
1763
1988
2041
1666
1883
1316
2139
2120
1952
2050
1831
2354
1796
1717
1860
2561
1777
2440
2201
2249
1901
1439
2004
1580
1675
1655
1680
1310
1947
1140
2347
2055
2242
2288
2409
908
1751
2125
1343
2179
1560
2127
1740
2109
2063
2252
1677
1719
1466
1601
1286
1612
1881
2230
2371
2188
1504
1674
1871
2026
1147
1505
1604
2125
1678
1522
2097
1950
1837
1324
2025
1681
2147
2253
1823
1822
1670
1669
1137
1537
1564
2653
2033
1474
1136
903
2195
1932
1657
1789
1667
2226
2123
1970
1630
2304
2455
1703
1569
1951
1434
1694
1856
2113
1456
1531
1667
2343
2321
1171
1292
1873
2225
1626
1503
2033
2351
1130
1979
1710
1159
1723
1986
2422
2362
2278
1591
1614
2389
2032
1823
1373
1653
2267
1958
2349
2347
1474
2282
2095
1472
2305
1631
2348
1998
1679
1596
1555
1638
2455
2380
1700
2002
2700
1674
1882
2094
1540
2379
1791
1454
2128
2214
1831
2605
1321
1950
1600
2445
1753
2385
1257
1703
1274
2149
1821
1846
1830
2017
1941
1973
1084
1995
1498
1947
1546
1075
1795
2145
1895
2007
1405
1645
1222

1 2 3 4 5 1 2 3 4 5 6 7
1 2 3 4 5 1 2 100 102 3 4 5 6 7
1 2 3 4 5 1 2 3 100 102 103 4 5 6 7
1 2 3 4 5 1 2 3 100 103 4 5 6 7
1 2 3 4 5 1 2 3 4 100 103 104 5 6 7
1 2 100 102 3 4 5 1 2 3 4 5 6 7
1 2 3 100 102 103 4 5 1 2 3 4 5 6 7
1 2 3 100 103 4 5 1 2 3 4 5 6 7
1 2 3 4 100 103 104 5 1 2 3 4 5 6 7

63 82 61 9 92 57 100 63 82 61 9 92 57 100
63 82 61 9 92 57 100 63 82 20 82 61 9 92 57 100
63 82 61 9 92 57 100 63 82 61 20 82 61 9 92 57 100
63 82 61 9 92 57 100 63 82 61 20 61 9 92 57 100
63 82 61 9 92 57 100 63 82 61 9 20 61 9 92 57 100
63 82 20 82 61 9 92 57 100 63 82 61 9 92 57 100
63 82 61 20 82 61 9 92 57 100 63 82 61 9 92 57 100
63 82 61 20 61 9 92 57 100 63 82 61 9 92 57 100
63 82 61 9 20 61 9 92 57 100 63 82 61 9 92 57 100

33 36 91 85 100 85 58 33 36 91 85 100 85 58
33 36 91 85 100 85 58 33 36 17 36 91 85 100 85 58
33 36 91 85 100 85 58 33 36 91 17 36 91 85 100 85 58
33 36 91 85 100 85 58 33 36 91 17 91 85 100 85 58
33 36 91 85 100 85 58 33 36 91 85 17 91 85 100 85 58
33 36 17 36 91 85 100 85 58 33 36 91 85 100 85 58
33 36 91 17 36 91 85 100 85 58 33 36 91 85 100 85 58
33 36 91 17 91 85 100 85 58 33 36 91 85 100 85 58
33 36 91 85 17 91 85 100 85 58 33 36 91 85 100 85 58

88 58 89 54 63 67 38 88 58 89 54 63 67 38
88 58 89 54 63 67 38 88 58 13 58 89 54 63 67 38
88 58 89 54 63 67 38 88 58 89 13 58 89 54 63 67 38
88 58 89 54 63 67 38 88 58 89 13 89 54 63 67 38
88 58 89 54 63 67 38 88 58 89 54 13 89 54 63 67 38
88 58 13 58 89 54 63 67 38 88 58 89 54 63 67 38
88 58 89 13 58 89 54 63 67 38 88 58 89 54 63 67 38
88 58 89 13 89 54 63 67 38 88 58 89 54 63 67 38
88 58 89 54 13 89 54 63 67 38 88 58 89 54 63 67 38

21 60 81 40 69 66 90 21 60 81 40 69 66 90
21 60 81 40 69 66 90 21 60 15 60 81 40 69 66 90
21 60 81 40 69 66 90 21 60 81 15 60 81 40 69 66 90
21 60 81 40 69 66 90 21 60 81 15 81 40 69 66 90
21 60 81 40 69 66 90 21 60 81 40 15 81 40 69 66 90
21 60 15 60 81 40 69 66 90 21 60 81 40 69 66 90
21 60 81 15 60 81 40 69 66 90 21 60 81 40 69 66 90
21 60 81 15 81 40 69 66 90 21 60 81 40 69 66 90
21 60 81 40 15 81 40 69 66 90 21 60 81 40 69 66 90

6 62 7 80 53 63 82 6 62 7 80 53 63 82
6 62 7 80 53 63 82 6 62 17 62 7 80 53 63 82
6 62 7 80 53 63 82 6 62 7 17 62 7 80 53 63 82
6 62 7 80 53 63 82 6 62 7 17 7 80 53 63 82
6 62 7 80 53 63 82 6 62 7 80 17 7 80 53 63 82
6 62 17 62 7 80 53 63 82 6 62 7 80 53 63 82
6 62 7 17 62 7 80 53 63 82 6 62 7 80 53 63 82
6 62 7 17 7 80 53 63 82 6 62 7 80 53 63 82
6 62 7 80 17 7 80 53 63 82 6 62 7 80 53 63 82

68 78 30 28 23 36 6 68 78 30 28 23 36 6
68 78 30 28 23 36 6 68 78 17 78 30 28 23 36 6
68 78 30 28 23 36 6 68 78 30 17 78 30 28 23 36 6
68 78 30 28 23 36 6 68 78 30 17 30 28 23 36 6
68 78 30 28 23 36 6 68 78 30 28 17 30 28 23 36 6
68 78 17 78 30 28 23 36 6 68 78 30 28 23 36 6
68 78 30 17 78 30 28 23 36 6 68 78 30 28 23 36 6
68 78 30 17 30 28 23 36 6 68 78 30 28 23 36 6
68 78 30 28 17 30 28 23 36 6 68 78 30 28 23 36 6

54 53 27 65 49 34 58 54 53 27 65 49 34 58
54 53 27 65 49 34 58 54 53 16 53 27 65 49 34 58
54 53 27 65 49 34 58 54 53 27 16 53 27 65 49 34 58
54 53 27 65 49 34 58 54 53 27 16 27 65 49 34 58
54 53 27 65 49 34 58 54 53 27 65 16 27 65 49 34 58
54 53 16 53 27 65 49 34 58 54 53 27 65 49 34 58
54 53 27 16 53 27 65 49 34 58 54 53 27 65 49 34 58
54 53 27 16 27 65 49 34 58 54 53 27 65 49 34 58
54 53 27 65 16 27 65 49 34 58 54 53 27 65 49 34 58

98 72 13 60 64 23 36 98 72 13 60 64 23 36
98 72 13 60 64 23 36 98 72 11 72 13 60 64 23 36
98 72 13 60 64 23 36 98 72 13 11 72 13 60 64 23 36
98 72 13 60 64 23 36 98 72 13 11 13 60 64 23 36
98 72 13 60 64 23 36 98 72 13 60 11 13 60 64 23 36
98 72 11 72 13 60 64 23 36 98 72 13 60 64 23 36
98 72 13 11 72 13 60 64 23 36 98 72 13 60 64 23 36
98 72 13 11 13 60 64 23 36 98 72 13 60 64 23 36
98 72 13 60 11 13 60 64 23 36 98 72 13 60 64 23 36

84 37 14 70 88 77 39 84 37 14 70 88 77 39
84 37 14 70 88 77 39 84 37 17 37 14 70 88 77 39
84 37 14 70 88 77 39 84 37 14 17 37 14 70 88 77 39
84 37 14 70 88 77 39 84 37 14 17 14 70 88 77 39
84 37 14 70 88 77 39 84 37 14 70 17 14 70 88 77 39
84 37 17 37 14 70 88 77 39 84 37 14 70 88 77 39
84 37 14 17 37 14 70 88 77 39 84 37 14 70 88 77 39
84 37 14 17 14 70 88 77 39 84 37 14 70 88 77 39
84 37 14 70 17 14 70 88 77 39 84 37 14 70 88 77 39

29 20 42 68 46 77 78 29 20 42 68 46 77 78
29 20 42 68 46 77 78 29 20 20 20 42 68 46 77 78
29 20 42 68 46 77 78 29 20 42 20 20 42 68 46 77 78
29 20 42 68 46 77 78 29 20 42 20 42 68 46 77 78
29 20 42 68 46 77 78 29 20 42 68 20 42 68 46 77 78
29 20 20 20 42 68 46 77 78 29 20 42 68 46 77 78
29 20 42 20 20 42 68 46 77 78 29 20 42 68 46 77 78
29 20 42 20 42 68 46 77 78 29 20 42 68 46 77 78
29 20 42 68 20 42 68 46 77 78 29 20 42 68 46 77 78

23 25 34 62 94 97 77 23 25 34 62 94 97 77
23 25 34 62 94 97 77 23 25 6 25 34 62 94 97 77
23 25 34 62 94 97 77 23 25 34 6 25 34 62 94 97 77
23 25 34 62 94 97 77 23 25 34 6 34 62 94 97 77
23 25 34 62 94 97 77 23 25 34 62 6 34 62 94 97 77
23 25 6 25 34 62 94 97 77 23 25 34 62 94 97 77
23 25 34 6 25 34 62 94 97 77 23 25 34 62 94 97 77
23 25 34 6 34 62 94 97 77 23 25 34 62 94 97 77
23 25 34 62 6 34 62 94 97 77 23 25 34 62 94 97 77

14 54 21 63 17 14 94 14 54 21 63 17 14 94
14 54 21 63 17 14 94 14 54 20 54 21 63 17 14 94
14 54 21 63 17 14 94 14 54 21 20 54 21 63 17 14 94
14 54 21 63 17 14 94 14 54 21 20 21 63 17 14 94
14 54 21 63 17 14 94 14 54 21 63 20 21 63 17 14 94
14 54 20 54 21 63 17 14 94 14 54 21 63 17 14 94
14 54 21 20 54 21 63 17 14 94 14 54 21 63 17 14 94
14 54 21 20 21 63 17 14 94 14 54 21 63 17 14 94
14 54 21 63 20 21 63 17 14 94 14 54 21 63 17 14 94

42 65 96 83 33 12 70 42 65 96 83 33 12 70
42 65 96 83 33 12 70 42 65 7 65 96 83 33 12 70
42 65 96 83 33 12 70 42 65 96 7 65 96 83 33 12 70
42 65 96 83 33 12 70 42 65 96 7 96 83 33 12 70
42 65 96 83 33 12 70 42 65 96 83 7 96 83 33 12 70
42 65 7 65 96 83 33 12 70 42 65 96 83 33 12 70
42 65 96 7 65 96 83 33 12 70 42 65 96 83 33 12 70
42 65 96 7 96 83 33 12 70 42 65 96 83 33 12 70
42 65 96 83 7 96 83 33 12 70 42 65 96 83 33 12 70

25 63 91 35 79 99 35 25 63 91 35 79 99 35
25 63 91 35 79 99 35 25 63 15 63 91 35 79 99 35
25 63 91 35 79 99 35 25 63 91 15 63 91 35 79 99 35
25 63 91 35 79 99 35 25 63 91 15 91 35 79 99 35
25 63 91 35 79 99 35 25 63 91 35 15 91 35 79 99 35
25 63 15 63 91 35 79 99 35 25 63 91 35 79 99 35
25 63 91 15 63 91 35 79 99 35 25 63 91 35 79 99 35
25 63 91 15 91 35 79 99 35 25 63 91 35 79 99 35
25 63 91 35 15 91 35 79 99 35 25 63 91 35 79 99 35

68 84 54 52 31 70 25 68 84 54 52 31 70 25
68 84 54 52 31 70 25 68 84 17 84 54 52 31 70 25
68 84 54 52 31 70 25 68 84 54 17 84 54 52 31 70 25
68 84 54 52 31 70 25 68 84 54 17 54 52 31 70 25
68 84 54 52 31 70 25 68 84 54 52 17 54 52 31 70 25
68 84 17 84 54 52 31 70 25 68 84 54 52 31 70 25
68 84 54 17 84 54 52 31 70 25 68 84 54 52 31 70 25
68 84 54 17 54 52 31 70 25 68 84 54 52 31 70 25
68 84 54 52 17 54 52 31 70 25 68 84 54 52 31 70 25

88 27 80 78 26 23 98 88 27 80 78 26 23 98
88 27 80 78 26 23 98 88 27 10 27 80 78 26 23 98
88 27 80 78 26 23 98 88 27 80 10 27 80 78 26 23 98
88 27 80 78 26 23 98 88 27 80 10 80 78 26 23 98
88 27 80 78 26 23 98 88 27 80 78 10 80 78 26 23 98
88 27 10 27 80 78 26 23 98 88 27 80 78 26 23 98
88 27 80 10 27 80 78 26 23 98 88 27 80 78 26 23 98
88 27 80 10 80 78 26 23 98 88 27 80 78 26 23 98
88 27 80 78 10 80 78 26 23 98 88 27 80 78 26 23 98

70 45 55 44 49 90 14 70 45 55 44 49 90 14
70 45 55 44 49 90 14 70 45 20 45 55 44 49 90 14
70 45 55 44 49 90 14 70 45 55 20 45 55 44 49 90 14
70 45 55 44 49 90 14 70 45 55 20 55 44 49 90 14
70 45 55 44 49 90 14 70 45 55 44 20 55 44 49 90 14
70 45 20 45 55 44 49 90 14 70 45 55 44 49 90 14
70 45 55 20 45 55 44 49 90 14 70 45 55 44 49 90 14
70 45 55 20 55 44 49 90 14 70 45 55 44 49 90 14
70 45 55 44 20 55 44 49 90 14 70 45 55 44 49 90 14

95 58 48 86 67 86 8 95 58 48 86 67 86 8
95 58 48 86 67 86 8 95 58 6 58 48 86 67 86 8
95 58 48 86 67 86 8 95 58 48 6 58 48 86 67 86 8
95 58 48 86 67 86 8 95 58 48 6 48 86 67 86 8
95 58 48 86 67 86 8 95 58 48 86 6 48 86 67 86 8
95 58 6 58 48 86 67 86 8 95 58 48 86 67 86 8
95 58 48 6 58 48 86 67 86 8 95 58 48 86 67 86 8
95 58 48 6 48 86 67 86 8 95 58 48 86 67 86 8
95 58 48 86 6 48 86 67 86 8 95 58 48 86 67 86 8

82 91 9 71 43 5 20 82 91 9 71 43 5 20
82 91 9 71 43 5 20 82 91 14 91 9 71 43 5 20
82 91 9 71 43 5 20 82 91 9 14 91 9 71 43 5 20
82 91 9 71 43 5 20 82 91 9 14 9 71 43 5 20
82 91 9 71 43 5 20 82 91 9 71 14 9 71 43 5 20
82 91 14 91 9 71 43 5 20 82 91 9 71 43 5 20
82 91 9 14 91 9 71 43 5 20 82 91 9 71 43 5 20
82 91 9 14 9 71 43 5 20 82 91 9 71 43 5 20
82 91 9 71 14 9 71 43 5 20 82 91 9 71 43 5 20

73 7 10 96 88 17 23 73 7 10 96 88 17 23
73 7 10 96 88 17 23 73 7 5 7 10 96 88 17 23
73 7 10 96 88 17 23 73 7 10 5 7 10 96 88 17 23
73 7 10 96 88 17 23 73 7 10 5 10 96 88 17 23
73 7 10 96 88 17 23 73 7 10 96 5 10 96 88 17 23
73 7 5 7 10 96 88 17 23 73 7 10 96 88 17 23
73 7 10 5 7 10 96 88 17 23 73 7 10 96 88 17 23
73 7 10 5 10 96 88 17 23 73 7 10 96 88 17 23
73 7 10 96 5 10 96 88 17 23 73 7 10 96 88 17 23

54 38 6 97 64 37 86 54 38 6 97 64 37 86
54 38 6 97 64 37 86 54 38 19 38 6 97 64 37 86
54 38 6 97 64 37 86 54 38 6 19 38 6 97 64 37 86
54 38 6 97 64 37 86 54 38 6 19 6 97 64 37 86
54 38 6 97 64 37 86 54 38 6 97 19 6 97 64 37 86
54 38 19 38 6 97 64 37 86 54 38 6 97 64 37 86
54 38 6 19 38 6 97 64 37 86 54 38 6 97 64 37 86
54 38 6 19 6 97 64 37 86 54 38 6 97 64 37 86
54 38 6 97 19 6 97 64 37 86 54 38 6 97 64 37 86

58 62 99 77 88 68 47 58 62 99 77 88 68 47
58 62 99 77 88 68 47 58 62 18 62 99 77 88 68 47
58 62 99 77 88 68 47 58 62 99 18 62 99 77 88 68 47
58 62 99 77 88 68 47 58 62 99 18 99 77 88 68 47
58 62 99 77 88 68 47 58 62 99 77 18 99 77 88 68 47
58 62 18 62 99 77 88 68 47 58 62 99 77 88 68 47
58 62 99 18 62 99 77 88 68 47 58 62 99 77 88 68 47
58 62 99 18 99 77 88 68 47 58 62 99 77 88 68 47
58 62 99 77 18 99 77 88 68 47 58 62 99 77 88 68 47

67 96 69 24 27 38 8 67 96 69 24 27 38 8
67 96 69 24 27 38 8 67 96 10 96 69 24 27 38 8
67 96 69 24 27 38 8 67 96 69 10 96 69 24 27 38 8
67 96 69 24 27 38 8 67 96 69 10 69 24 27 38 8
67 96 69 24 27 38 8 67 96 69 24 10 69 24 27 38 8
67 96 10 96 69 24 27 38 8 67 96 69 24 27 38 8
67 96 69 10 96 69 24 27 38 8 67 96 69 24 27 38 8
67 96 69 10 69 24 27 38 8 67 96 69 24 27 38 8
67 96 69 24 10 69 24 27 38 8 67 96 69 24 27 38 8

49 93 90 48 89 55 56 49 93 90 48 89 55 56
49 93 90 48 89 55 56 49 93 11 93 90 48 89 55 56
49 93 90 48 89 55 56 49 93 90 11 93 90 48 89 55 56
49 93 90 48 89 55 56 49 93 90 11 90 48 89 55 56
49 93 90 48 89 55 56 49 93 90 48 11 90 48 89 55 56
49 93 11 93 90 48 89 55 56 49 93 90 48 89 55 56
49 93 90 11 93 90 48 89 55 56 49 93 90 48 89 55 56
49 93 90 11 90 48 89 55 56 49 93 90 48 89 55 56
49 93 90 48 11 90 48 89 55 56 49 93 90 48 89 55 56

53 82 94 45 9 88 97 53 82 94 45 9 88 97
53 82 94 45 9 88 97 53 82 17 82 94 45 9 88 97
53 82 94 45 9 88 97 53 82 94 17 82 94 45 9 88 97
53 82 94 45 9 88 97 53 82 94 17 94 45 9 88 97
53 82 94 45 9 88 97 53 82 94 45 17 94 45 9 88 97
53 82 17 82 94 45 9 88 97 53 82 94 45 9 88 97
53 82 94 17 82 94 45 9 88 97 53 82 94 45 9 88 97
53 82 94 17 94 45 9 88 97 53 82 94 45 9 88 97
53 82 94 45 17 94 45 9 88 97 53 82 94 45 9 88 97

12 45 99 81 100 64 29 12 45 99 81 100 64 29
12 45 99 81 100 64 29 12 45 18 45 99 81 100 64 29
12 45 99 81 100 64 29 12 45 99 18 45 99 81 100 64 29
12 45 99 81 100 64 29 12 45 99 18 99 81 100 64 29
12 45 99 81 100 64 29 12 45 99 81 18 99 81 100 64 29
12 45 18 45 99 81 100 64 29 12 45 99 81 100 64 29
12 45 99 18 45 99 81 100 64 29 12 45 99 81 100 64 29
12 45 99 18 99 81 100 64 29 12 45 99 81 100 64 29
12 45 99 81 18 99 81 100 64 29 12 45 99 81 100 64 29

64 52 37 61 83 41 18 64 52 37 61 83 41 18
64 52 37 61 83 41 18 64 52 10 52 37 61 83 41 18
64 52 37 61 83 41 18 64 52 37 10 52 37 61 83 41 18
64 52 37 61 83 41 18 64 52 37 10 37 61 83 41 18
64 52 37 61 83 41 18 64 52 37 61 10 37 61 83 41 18
64 52 10 52 37 61 83 41 18 64 52 37 61 83 41 18
64 52 37 10 52 37 61 83 41 18 64 52 37 61 83 41 18
64 52 37 10 37 61 83 41 18 64 52 37 61 83 41 18
64 52 37 61 10 37 61 83 41 18 64 52 37 61 83 41 18

82 14 12 64 18 26 92 82 14 12 64 18 26 92
82 14 12 64 18 26 92 82 14 5 14 12 64 18 26 92
82 14 12 64 18 26 92 82 14 12 5 14 12 64 18 26 92
82 14 12 64 18 26 92 82 14 12 5 12 64 18 26 92
82 14 12 64 18 26 92 82 14 12 64 5 12 64 18 26 92
82 14 5 14 12 64 18 26 92 82 14 12 64 18 26 92
82 14 12 5 14 12 64 18 26 92 82 14 12 64 18 26 92
82 14 12 5 12 64 18 26 92 82 14 12 64 18 26 92
82 14 12 64 5 12 64 18 26 92 82 14 12 64 18 26 92

20 49 83 95 66 35 7 20 49 83 95 66 35 7
20 49 83 95 66 35 7 20 49 9 49 83 95 66 35 7
20 49 83 95 66 35 7 20 49 83 9 49 83 95 66 35 7
20 49 83 95 66 35 7 20 49 83 9 83 95 66 35 7
20 49 83 95 66 35 7 20 49 83 95 9 83 95 66 35 7
20 49 9 49 83 95 66 35 7 20 49 83 95 66 35 7
20 49 83 9 49 83 95 66 35 7 20 49 83 95 66 35 7
20 49 83 9 83 95 66 35 7 20 49 83 95 66 35 7
20 49 83 95 9 83 95 66 35 7 20 49 83 95 66 35 7

7 24 86 48 75 49 19 7 24 86 48 75 49 19
7 24 86 48 75 49 19 7 24 19 24 86 48 75 49 19
7 24 86 48 75 49 19 7 24 86 19 24 86 48 75 49 19
7 24 86 48 75 49 19 7 24 86 19 86 48 75 49 19
7 24 86 48 75 49 19 7 24 86 48 19 86 48 75 49 19
7 24 19 24 86 48 75 49 19 7 24 86 48 75 49 19
7 24 86 19 24 86 48 75 49 19 7 24 86 48 75 49 19
7 24 86 19 86 48 75 49 19 7 24 86 48 75 49 19
7 24 86 48 19 86 48 75 49 19 7 24 86 48 75 49 19

44 47 96 67 7 25 32 44 47 96 67 7 25 32
44 47 96 67 7 25 32 44 47 6 47 96 67 7 25 32
44 47 96 67 7 25 32 44 47 96 6 47 96 67 7 25 32
44 47 96 67 7 25 32 44 47 96 6 96 67 7 25 32
44 47 96 67 7 25 32 44 47 96 67 6 96 67 7 25 32
44 47 6 47 96 67 7 25 32 44 47 96 67 7 25 32
44 47 96 6 47 96 67 7 25 32 44 47 96 67 7 25 32
44 47 96 6 96 67 7 25 32 44 47 96 67 7 25 32
44 47 96 67 6 96 67 7 25 32 44 47 96 67 7 25 32

53 94 64 18 11 68 29 53 94 64 18 11 68 29
53 94 64 18 11 68 29 53 94 12 94 64 18 11 68 29
53 94 64 18 11 68 29 53 94 64 12 94 64 18 11 68 29
53 94 64 18 11 68 29 53 94 64 12 64 18 11 68 29
53 94 64 18 11 68 29 53 94 64 18 12 64 18 11 68 29
53 94 12 94 64 18 11 68 29 53 94 64 18 11 68 29
53 94 64 12 94 64 18 11 68 29 53 94 64 18 11 68 29
53 94 64 12 64 18 11 68 29 53 94 64 18 11 68 29
53 94 64 18 12 64 18 11 68 29 53 94 64 18 11 68 29

83 35 26 54 30 27 90 83 35 26 54 30 27 90
83 35 26 54 30 27 90 83 35 8 35 26 54 30 27 90
83 35 26 54 30 27 90 83 35 26 8 35 26 54 30 27 90
83 35 26 54 30 27 90 83 35 26 8 26 54 30 27 90
83 35 26 54 30 27 90 83 35 26 54 8 26 54 30 27 90
83 35 8 35 26 54 30 27 90 83 35 26 54 30 27 90
83 35 26 8 35 26 54 30 27 90 83 35 26 54 30 27 90
83 35 26 8 26 54 30 27 90 83 35 26 54 30 27 90
83 35 26 54 8 26 54 30 27 90 83 35 26 54 30 27 90

54 26 41 51 21 48 22 54 26 41 51 21 48 22
54 26 41 51 21 48 22 54 26 19 26 41 51 21 48 22
54 26 41 51 21 48 22 54 26 41 19 26 41 51 21 48 22
54 26 41 51 21 48 22 54 26 41 19 41 51 21 48 22
54 26 41 51 21 48 22 54 26 41 51 19 41 51 21 48 22
54 26 19 26 41 51 21 48 22 54 26 41 51 21 48 22
54 26 41 19 26 41 51 21 48 22 54 26 41 51 21 48 22
54 26 41 19 41 51 21 48 22 54 26 41 51 21 48 22
54 26 41 51 19 41 51 21 48 22 54 26 41 51 21 48 22

75 74 57 79 18 10 38 75 74 57 79 18 10 38
75 74 57 79 18 10 38 75 74 16 74 57 79 18 10 38
75 74 57 79 18 10 38 75 74 57 16 74 57 79 18 10 38
75 74 57 79 18 10 38 75 74 57 16 57 79 18 10 38
75 74 57 79 18 10 38 75 74 57 79 16 57 79 18 10 38
75 74 16 74 57 79 18 10 38 75 74 57 79 18 10 38
75 74 57 16 74 57 79 18 10 38 75 74 57 79 18 10 38
75 74 57 16 57 79 18 10 38 75 74 57 79 18 10 38
75 74 57 79 16 57 79 18 10 38 75 74 57 79 18 10 38

8 32 25 37 51 15 67 8 32 25 37 51 15 67
8 32 25 37 51 15 67 8 32 10 32 25 37 51 15 67
8 32 25 37 51 15 67 8 32 25 10 32 25 37 51 15 67
8 32 25 37 51 15 67 8 32 25 10 25 37 51 15 67
8 32 25 37 51 15 67 8 32 25 37 10 25 37 51 15 67
8 32 10 32 25 37 51 15 67 8 32 25 37 51 15 67
8 32 25 10 32 25 37 51 15 67 8 32 25 37 51 15 67
8 32 25 10 25 37 51 15 67 8 32 25 37 51 15 67
8 32 25 37 10 25 37 51 15 67 8 32 25 37 51 15 67

86 77 42 84 73 77 21 86 77 42 84 73 77 21
86 77 42 84 73 77 21 86 77 11 77 42 84 73 77 21
86 77 42 84 73 77 21 86 77 42 11 77 42 84 73 77 21
86 77 42 84 73 77 21 86 77 42 11 42 84 73 77 21
86 77 42 84 73 77 21 86 77 42 84 11 42 84 73 77 21
86 77 11 77 42 84 73 77 21 86 77 42 84 73 77 21
86 77 42 11 77 42 84 73 77 21 86 77 42 84 73 77 21
86 77 42 11 42 84 73 77 21 86 77 42 84 73 77 21
86 77 42 84 11 42 84 73 77 21 86 77 42 84 73 77 21

37 11 71 99 74 48 83 37 11 71 99 74 48 83
37 11 71 99 74 48 83 37 11 11 11 71 99 74 48 83
37 11 71 99 74 48 83 37 11 71 11 11 71 99 74 48 83
37 11 71 99 74 48 83 37 11 71 11 71 99 74 48 83
37 11 71 99 74 48 83 37 11 71 99 11 71 99 74 48 83
37 11 11 11 71 99 74 48 83 37 11 71 99 74 48 83
37 11 71 11 11 71 99 74 48 83 37 11 71 99 74 48 83
37 11 71 11 71 99 74 48 83 37 11 71 99 74 48 83
37 11 71 99 11 71 99 74 48 83 37 11 71 99 74 48 83

63 75 92 24 74 26 91 63 75 92 24 74 26 91
63 75 92 24 74 26 91 63 75 10 75 92 24 74 26 91
63 75 92 24 74 26 91 63 75 92 10 75 92 24 74 26 91
63 75 92 24 74 26 91 63 75 92 10 92 24 74 26 91
63 75 92 24 74 26 91 63 75 92 24 10 92 24 74 26 91
63 75 10 75 92 24 74 26 91 63 75 92 24 74 26 91
63 75 92 10 75 92 24 74 26 91 63 75 92 24 74 26 91
63 75 92 10 92 24 74 26 91 63 75 92 24 74 26 91
63 75 92 24 10 92 24 74 26 91 63 75 92 24 74 26 91

58 39 98 99 40 52 56 58 39 98 99 40 52 56
58 39 98 99 40 52 56 58 39 19 39 98 99 40 52 56
58 39 98 99 40 52 56 58 39 98 19 39 98 99 40 52 56
58 39 98 99 40 52 56 58 39 98 19 98 99 40 52 56
58 39 98 99 40 52 56 58 39 98 99 19 98 99 40 52 56
58 39 19 39 98 99 40 52 56 58 39 98 99 40 52 56
58 39 98 19 39 98 99 40 52 56 58 39 98 99 40 52 56
58 39 98 19 98 99 40 52 56 58 39 98 99 40 52 56
58 39 98 99 19 98 99 40 52 56 58 39 98 99 40 52 56

29 81 90 89 85 36 58 29 81 90 89 85 36 58
29 81 90 89 85 36 58 29 81 18 81 90 89 85 36 58
29 81 90 89 85 36 58 29 81 90 18 81 90 89 85 36 58
29 81 90 89 85 36 58 29 81 90 18 90 89 85 36 58
29 81 90 89 85 36 58 29 81 90 89 18 90 89 85 36 58
29 81 18 81 90 89 85 36 58 29 81 90 89 85 36 58
29 81 90 18 81 90 89 85 36 58 29 81 90 89 85 36 58
29 81 90 18 90 89 85 36 58 29 81 90 89 85 36 58
29 81 90 89 18 90 89 85 36 58 29 81 90 89 85 36 58

15 30 29 45 12 37 17 15 30 29 45 12 37 17
15 30 29 45 12 37 17 15 30 5 30 29 45 12 37 17
15 30 29 45 12 37 17 15 30 29 5 30 29 45 12 37 17
15 30 29 45 12 37 17 15 30 29 5 29 45 12 37 17
15 30 29 45 12 37 17 15 30 29 45 5 29 45 12 37 17
15 30 5 30 29 45 12 37 17 15 30 29 45 12 37 17
15 30 29 5 30 29 45 12 37 17 15 30 29 45 12 37 17
15 30 29 5 29 45 12 37 17 15 30 29 45 12 37 17
15 30 29 45 5 29 45 12 37 17 15 30 29 45 12 37 17

61 75 54 26 30 71 37 61 75 54 26 30 71 37
61 75 54 26 30 71 37 61 75 18 75 54 26 30 71 37
61 75 54 26 30 71 37 61 75 54 18 75 54 26 30 71 37
61 75 54 26 30 71 37 61 75 54 18 54 26 30 71 37
61 75 54 26 30 71 37 61 75 54 26 18 54 26 30 71 37
61 75 18 75 54 26 30 71 37 61 75 54 26 30 71 37
61 75 54 18 75 54 26 30 71 37 61 75 54 26 30 71 37
61 75 54 18 54 26 30 71 37 61 75 54 26 30 71 37
61 75 54 26 18 54 26 30 71 37 61 75 54 26 30 71 37

47 13 57 100 94 73 47 47 13 57 100 94 73 47
47 13 57 100 94 73 47 47 13 11 13 57 100 94 73 47
47 13 57 100 94 73 47 47 13 57 11 13 57 100 94 73 47
47 13 57 100 94 73 47 47 13 57 11 57 100 94 73 47
47 13 57 100 94 73 47 47 13 57 100 11 57 100 94 73 47
47 13 11 13 57 100 94 73 47 47 13 57 100 94 73 47
47 13 57 11 13 57 100 94 73 47 47 13 57 100 94 73 47
47 13 57 11 57 100 94 73 47 47 13 57 100 94 73 47
47 13 57 100 11 57 100 94 73 47 47 13 57 100 94 73 47

33 23 42 46 24 38 91 33 23 42 46 24 38 91
33 23 42 46 24 38 91 33 23 16 23 42 46 24 38 91
33 23 42 46 24 38 91 33 23 42 16 23 42 46 24 38 91
33 23 42 46 24 38 91 33 23 42 16 42 46 24 38 91
33 23 42 46 24 38 91 33 23 42 46 16 42 46 24 38 91
33 23 16 23 42 46 24 38 91 33 23 42 46 24 38 91
33 23 42 16 23 42 46 24 38 91 33 23 42 46 24 38 91
33 23 42 16 42 46 24 38 91 33 23 42 46 24 38 91
33 23 42 46 16 42 46 24 38 91 33 23 42 46 24 38 91

48 91 28 65 57 73 92 48 91 28 65 57 73 92
48 91 28 65 57 73 92 48 91 7 91 28 65 57 73 92
48 91 28 65 57 73 92 48 91 28 7 91 28 65 57 73 92
48 91 28 65 57 73 92 48 91 28 7 28 65 57 73 92
48 91 28 65 57 73 92 48 91 28 65 7 28 65 57 73 92
48 91 7 91 28 65 57 73 92 48 91 28 65 57 73 92
48 91 28 7 91 28 65 57 73 92 48 91 28 65 57 73 92
48 91 28 7 28 65 57 73 92 48 91 28 65 57 73 92
48 91 28 65 7 28 65 57 73 92 48 91 28 65 57 73 92

19 21 99 21 44 98 30 19 21 99 21 44 98 30
19 21 99 21 44 98 30 19 21 11 21 99 21 44 98 30
19 21 99 21 44 98 30 19 21 99 11 21 99 21 44 98 30
19 21 99 21 44 98 30 19 21 99 11 99 21 44 98 30
19 21 99 21 44 98 30 19 21 99 21 11 99 21 44 98 30
19 21 11 21 99 21 44 98 30 19 21 99 21 44 98 30
19 21 99 11 21 99 21 44 98 30 19 21 99 21 44 98 30
19 21 99 11 99 21 44 98 30 19 21 99 21 44 98 30
19 21 99 21 11 99 21 44 98 30 19 21 99 21 44 98 30

46 39 79 80 61 97 30 46 39 79 80 61 97 30
46 39 79 80 61 97 30 46 39 5 39 79 80 61 97 30
46 39 79 80 61 97 30 46 39 79 5 39 79 80 61 97 30
46 39 79 80 61 97 30 46 39 79 5 79 80 61 97 30
46 39 79 80 61 97 30 46 39 79 80 5 79 80 61 97 30
46 39 5 39 79 80 61 97 30 46 39 79 80 61 97 30
46 39 79 5 39 79 80 61 97 30 46 39 79 80 61 97 30
46 39 79 5 79 80 61 97 30 46 39 79 80 61 97 30
46 39 79 80 5 79 80 61 97 30 46 39 79 80 61 97 30

54 78 34 55 25 28 63 54 78 34 55 25 28 63
54 78 34 55 25 28 63 54 78 14 78 34 55 25 28 63
54 78 34 55 25 28 63 54 78 34 14 78 34 55 25 28 63
54 78 34 55 25 28 63 54 78 34 14 34 55 25 28 63
54 78 34 55 25 28 63 54 78 34 55 14 34 55 25 28 63
54 78 14 78 34 55 25 28 63 54 78 34 55 25 28 63
54 78 34 14 78 34 55 25 28 63 54 78 34 55 25 28 63
54 78 34 14 34 55 25 28 63 54 78 34 55 25 28 63
54 78 34 55 14 34 55 25 28 63 54 78 34 55 25 28 63

44 56 33 78 76 61 90 44 56 33 78 76 61 90
44 56 33 78 76 61 90 44 56 10 56 33 78 76 61 90
44 56 33 78 76 61 90 44 56 33 10 56 33 78 76 61 90
44 56 33 78 76 61 90 44 56 33 10 33 78 76 61 90
44 56 33 78 76 61 90 44 56 33 78 10 33 78 76 61 90
44 56 10 56 33 78 76 61 90 44 56 33 78 76 61 90
44 56 33 10 56 33 78 76 61 90 44 56 33 78 76 61 90
44 56 33 10 33 78 76 61 90 44 56 33 78 76 61 90
44 56 33 78 10 33 78 76 61 90 44 56 33 78 76 61 90

44 66 72 42 85 32 55 44 66 72 42 85 32 55
44 66 72 42 85 32 55 44 66 14 66 72 42 85 32 55
44 66 72 42 85 32 55 44 66 72 14 66 72 42 85 32 55
44 66 72 42 85 32 55 44 66 72 14 72 42 85 32 55
44 66 72 42 85 32 55 44 66 72 42 14 72 42 85 32 55
44 66 14 66 72 42 85 32 55 44 66 72 42 85 32 55
44 66 72 14 66 72 42 85 32 55 44 66 72 42 85 32 55
44 66 72 14 72 42 85 32 55 44 66 72 42 85 32 55
44 66 72 42 14 72 42 85 32 55 44 66 72 42 85 32 55

57 57 94 92 54 7 68 57 57 94 92 54 7 68
57 57 94 92 54 7 68 57 57 7 57 94 92 54 7 68
57 57 94 92 54 7 68 57 57 94 7 57 94 92 54 7 68
57 57 94 92 54 7 68 57 57 94 7 94 92 54 7 68
57 57 94 92 54 7 68 57 57 94 92 7 94 92 54 7 68
57 57 7 57 94 92 54 7 68 57 57 94 92 54 7 68
57 57 94 7 57 94 92 54 7 68 57 57 94 92 54 7 68
57 57 94 7 94 92 54 7 68 57 57 94 92 54 7 68
57 57 94 92 7 94 92 54 7 68 57 57 94 92 54 7 68

43 38 34 48 59 58 62 43 38 34 48 59 58 62
43 38 34 48 59 58 62 43 38 19 38 34 48 59 58 62
43 38 34 48 59 58 62 43 38 34 19 38 34 48 59 58 62
43 38 34 48 59 58 62 43 38 34 19 34 48 59 58 62
43 38 34 48 59 58 62 43 38 34 48 19 34 48 59 58 62
43 38 19 38 34 48 59 58 62 43 38 34 48 59 58 62
43 38 34 19 38 34 48 59 58 62 43 38 34 48 59 58 62
43 38 34 19 34 48 59 58 62 43 38 34 48 59 58 62
43 38 34 48 19 34 48 59 58 62 43 38 34 48 59 58 62

35 36 21 69 46 82 86 35 36 21 69 46 82 86
35 36 21 69 46 82 86 35 36 10 36 21 69 46 82 86
35 36 21 69 46 82 86 35 36 21 10 36 21 69 46 82 86
35 36 21 69 46 82 86 35 36 21 10 21 69 46 82 86
35 36 21 69 46 82 86 35 36 21 69 10 21 69 46 82 86
35 36 10 36 21 69 46 82 86 35 36 21 69 46 82 86
35 36 21 10 36 21 69 46 82 86 35 36 21 69 46 82 86
35 36 21 10 21 69 46 82 86 35 36 21 69 46 82 86
35 36 21 69 10 21 69 46 82 86 35 36 21 69 46 82 86

11 7 83 38 92 6 31 11 7 83 38 92 6 31
11 7 83 38 92 6 31 11 7 7 7 83 38 92 6 31
11 7 83 38 92 6 31 11 7 83 7 7 83 38 92 6 31
11 7 83 38 92 6 31 11 7 83 7 83 38 92 6 31
11 7 83 38 92 6 31 11 7 83 38 7 83 38 92 6 31
11 7 7 7 83 38 92 6 31 11 7 83 38 92 6 31
11 7 83 7 7 83 38 92 6 31 11 7 83 38 92 6 31
11 7 83 7 83 38 92 6 31 11 7 83 38 92 6 31
11 7 83 38 7 83 38 92 6 31 11 7 83 38 92 6 31

30 54 26 81 62 18 29 30 54 26 81 62 18 29
30 54 26 81 62 18 29 30 54 12 54 26 81 62 18 29
30 54 26 81 62 18 29 30 54 26 12 54 26 81 62 18 29
30 54 26 81 62 18 29 30 54 26 12 26 81 62 18 29
30 54 26 81 62 18 29 30 54 26 81 12 26 81 62 18 29
30 54 12 54 26 81 62 18 29 30 54 26 81 62 18 29
30 54 26 12 54 26 81 62 18 29 30 54 26 81 62 18 29
30 54 26 12 26 81 62 18 29 30 54 26 81 62 18 29
30 54 26 81 12 26 81 62 18 29 30 54 26 81 62 18 29

18 66 5 34 5 89 94 18 66 5 34 5 89 94
18 66 5 34 5 89 94 18 66 15 66 5 34 5 89 94
18 66 5 34 5 89 94 18 66 5 15 66 5 34 5 89 94
18 66 5 34 5 89 94 18 66 5 15 5 34 5 89 94
18 66 5 34 5 89 94 18 66 5 34 15 5 34 5 89 94
18 66 15 66 5 34 5 89 94 18 66 5 34 5 89 94
18 66 5 15 66 5 34 5 89 94 18 66 5 34 5 89 94
18 66 5 15 5 34 5 89 94 18 66 5 34 5 89 94
18 66 5 34 15 5 34 5 89 94 18 66 5 34 5 89 94

25 9 49 86 55 12 99 25 9 49 86 55 12 99
25 9 49 86 55 12 99 25 9 6 9 49 86 55 12 99
25 9 49 86 55 12 99 25 9 49 6 9 49 86 55 12 99
25 9 49 86 55 12 99 25 9 49 6 49 86 55 12 99
25 9 49 86 55 12 99 25 9 49 86 6 49 86 55 12 99
25 9 6 9 49 86 55 12 99 25 9 49 86 55 12 99
25 9 49 6 9 49 86 55 12 99 25 9 49 86 55 12 99
25 9 49 6 49 86 55 12 99 25 9 49 86 55 12 99
25 9 49 86 6 49 86 55 12 99 25 9 49 86 55 12 99

79 47 93 6 43 49 69 79 47 93 6 43 49 69
79 47 93 6 43 49 69 79 47 6 47 93 6 43 49 69
79 47 93 6 43 49 69 79 47 93 6 47 93 6 43 49 69
79 47 93 6 43 49 69 79 47 93 6 93 6 43 49 69
79 47 93 6 43 49 69 79 47 93 6 6 93 6 43 49 69
79 47 6 47 93 6 43 49 69 79 47 93 6 43 49 69
79 47 93 6 47 93 6 43 49 69 79 47 93 6 43 49 69
79 47 93 6 93 6 43 49 69 79 47 93 6 43 49 69
79 47 93 6 6 93 6 43 49 69 79 47 93 6 43 49 69

99 83 36 75 80 7 11 99 83 36 75 80 7 11
99 83 36 75 80 7 11 99 83 9 83 36 75 80 7 11
99 83 36 75 80 7 11 99 83 36 9 83 36 75 80 7 11
99 83 36 75 80 7 11 99 83 36 9 36 75 80 7 11
99 83 36 75 80 7 11 99 83 36 75 9 36 75 80 7 11
99 83 9 83 36 75 80 7 11 99 83 36 75 80 7 11
99 83 36 9 83 36 75 80 7 11 99 83 36 75 80 7 11
99 83 36 9 36 75 80 7 11 99 83 36 75 80 7 11
99 83 36 75 9 36 75 80 7 11 99 83 36 75 80 7 11

77 84 9 55 99 83 79 77 84 9 55 99 83 79
77 84 9 55 99 83 79 77 84 11 84 9 55 99 83 79
77 84 9 55 99 83 79 77 84 9 11 84 9 55 99 83 79
77 84 9 55 99 83 79 77 84 9 11 9 55 99 83 79
77 84 9 55 99 83 79 77 84 9 55 11 9 55 99 83 79
77 84 11 84 9 55 99 83 79 77 84 9 55 99 83 79
77 84 9 11 84 9 55 99 83 79 77 84 9 55 99 83 79
77 84 9 11 9 55 99 83 79 77 84 9 55 99 83 79
77 84 9 55 11 9 55 99 83 79 77 84 9 55 99 83 79

66 54 79 90 8 74 79 66 54 79 90 8 74 79
66 54 79 90 8 74 79 66 54 11 54 79 90 8 74 79
66 54 79 90 8 74 79 66 54 79 11 54 79 90 8 74 79
66 54 79 90 8 74 79 66 54 79 11 79 90 8 74 79
66 54 79 90 8 74 79 66 54 79 90 11 79 90 8 74 79
66 54 11 54 79 90 8 74 79 66 54 79 90 8 74 79
66 54 79 11 54 79 90 8 74 79 66 54 79 90 8 74 79
66 54 79 11 79 90 8 74 79 66 54 79 90 8 74 79
66 54 79 90 11 79 90 8 74 79 66 54 79 90 8 74 79

84 10 93 28 12 8 56 84 10 93 28 12 8 56
84 10 93 28 12 8 56 84 10 11 10 93 28 12 8 56
84 10 93 28 12 8 56 84 10 93 11 10 93 28 12 8 56
84 10 93 28 12 8 56 84 10 93 11 93 28 12 8 56
84 10 93 28 12 8 56 84 10 93 28 11 93 28 12 8 56
84 10 11 10 93 28 12 8 56 84 10 93 28 12 8 56
84 10 93 11 10 93 28 12 8 56 84 10 93 28 12 8 56
84 10 93 11 93 28 12 8 56 84 10 93 28 12 8 56
84 10 93 28 11 93 28 12 8 56 84 10 93 28 12 8 56

77 60 12 48 45 50 31 77 60 12 48 45 50 31
77 60 12 48 45 50 31 77 60 12 60 12 48 45 50 31
77 60 12 48 45 50 31 77 60 12 12 60 12 48 45 50 31
77 60 12 48 45 50 31 77 60 12 12 12 48 45 50 31
77 60 12 48 45 50 31 77 60 12 48 12 12 48 45 50 31
77 60 12 60 12 48 45 50 31 77 60 12 48 45 50 31
77 60 12 12 60 12 48 45 50 31 77 60 12 48 45 50 31
77 60 12 12 12 48 45 50 31 77 60 12 48 45 50 31
77 60 12 48 12 12 48 45 50 31 77 60 12 48 45 50 31

87 46 58 38 25 71 64 87 46 58 38 25 71 64
87 46 58 38 25 71 64 87 46 17 46 58 38 25 71 64
87 46 58 38 25 71 64 87 46 58 17 46 58 38 25 71 64
87 46 58 38 25 71 64 87 46 58 17 58 38 25 71 64
87 46 58 38 25 71 64 87 46 58 38 17 58 38 25 71 64
87 46 17 46 58 38 25 71 64 87 46 58 38 25 71 64
87 46 58 17 46 58 38 25 71 64 87 46 58 38 25 71 64
87 46 58 17 58 38 25 71 64 87 46 58 38 25 71 64
87 46 58 38 17 58 38 25 71 64 87 46 58 38 25 71 64

15 92 37 58 52 99 90 15 92 37 58 52 99 90
15 92 37 58 52 99 90 15 92 6 92 37 58 52 99 90
15 92 37 58 52 99 90 15 92 37 6 92 37 58 52 99 90
15 92 37 58 52 99 90 15 92 37 6 37 58 52 99 90
15 92 37 58 52 99 90 15 92 37 58 6 37 58 52 99 90
15 92 6 92 37 58 52 99 90 15 92 37 58 52 99 90
15 92 37 6 92 37 58 52 99 90 15 92 37 58 52 99 90
15 92 37 6 37 58 52 99 90 15 92 37 58 52 99 90
15 92 37 58 6 37 58 52 99 90 15 92 37 58 52 99 90

47 41 32 8 30 22 53 47 41 32 8 30 22 53
47 41 32 8 30 22 53 47 41 9 41 32 8 30 22 53
47 41 32 8 30 22 53 47 41 32 9 41 32 8 30 22 53
47 41 32 8 30 22 53 47 41 32 9 32 8 30 22 53
47 41 32 8 30 22 53 47 41 32 8 9 32 8 30 22 53
47 41 9 41 32 8 30 22 53 47 41 32 8 30 22 53
47 41 32 9 41 32 8 30 22 53 47 41 32 8 30 22 53
47 41 32 9 32 8 30 22 53 47 41 32 8 30 22 53
47 41 32 8 9 32 8 30 22 53 47 41 32 8 30 22 53

83 5 84 37 24 33 9 83 5 84 37 24 33 9
83 5 84 37 24 33 9 83 5 14 5 84 37 24 33 9
83 5 84 37 24 33 9 83 5 84 14 5 84 37 24 33 9
83 5 84 37 24 33 9 83 5 84 14 84 37 24 33 9
83 5 84 37 24 33 9 83 5 84 37 14 84 37 24 33 9
83 5 14 5 84 37 24 33 9 83 5 84 37 24 33 9
83 5 84 14 5 84 37 24 33 9 83 5 84 37 24 33 9
83 5 84 14 84 37 24 33 9 83 5 84 37 24 33 9
83 5 84 37 14 84 37 24 33 9 83 5 84 37 24 33 9

29 38 27 95 52 11 63 29 38 27 95 52 11 63
29 38 27 95 52 11 63 29 38 7 38 27 95 52 11 63
29 38 27 95 52 11 63 29 38 27 7 38 27 95 52 11 63
29 38 27 95 52 11 63 29 38 27 7 27 95 52 11 63
29 38 27 95 52 11 63 29 38 27 95 7 27 95 52 11 63
29 38 7 38 27 95 52 11 63 29 38 27 95 52 11 63
29 38 27 7 38 27 95 52 11 63 29 38 27 95 52 11 63
29 38 27 7 27 95 52 11 63 29 38 27 95 52 11 63
29 38 27 95 7 27 95 52 11 63 29 38 27 95 52 11 63

51 62 93 30 67 95 30 51 62 93 30 67 95 30
51 62 93 30 67 95 30 51 62 9 62 93 30 67 95 30
51 62 93 30 67 95 30 51 62 93 9 62 93 30 67 95 30
51 62 93 30 67 95 30 51 62 93 9 93 30 67 95 30
51 62 93 30 67 95 30 51 62 93 30 9 93 30 67 95 30
51 62 9 62 93 30 67 95 30 51 62 93 30 67 95 30
51 62 93 9 62 93 30 67 95 30 51 62 93 30 67 95 30
51 62 93 9 93 30 67 95 30 51 62 93 30 67 95 30
51 62 93 30 9 93 30 67 95 30 51 62 93 30 67 95 30

20 29 56 67 80 52 26 20 29 56 67 80 52 26
20 29 56 67 80 52 26 20 29 12 29 56 67 80 52 26
20 29 56 67 80 52 26 20 29 56 12 29 56 67 80 52 26
20 29 56 67 80 52 26 20 29 56 12 56 67 80 52 26
20 29 56 67 80 52 26 20 29 56 67 12 56 67 80 52 26
20 29 12 29 56 67 80 52 26 20 29 56 67 80 52 26
20 29 56 12 29 56 67 80 52 26 20 29 56 67 80 52 26
20 29 56 12 56 67 80 52 26 20 29 56 67 80 52 26
20 29 56 67 12 56 67 80 52 26 20 29 56 67 80 52 26

38 14 40 28 82 35 78 38 14 40 28 82 35 78
38 14 40 28 82 35 78 38 14 5 14 40 28 82 35 78
38 14 40 28 82 35 78 38 14 40 5 14 40 28 82 35 78
38 14 40 28 82 35 78 38 14 40 5 40 28 82 35 78
38 14 40 28 82 35 78 38 14 40 28 5 40 28 82 35 78
38 14 5 14 40 28 82 35 78 38 14 40 28 82 35 78
38 14 40 5 14 40 28 82 35 78 38 14 40 28 82 35 78
38 14 40 5 40 28 82 35 78 38 14 40 28 82 35 78
38 14 40 28 5 40 28 82 35 78 38 14 40 28 82 35 78

83 22 49 57 75 91 61 83 22 49 57 75 91 61
83 22 49 57 75 91 61 83 22 20 22 49 57 75 91 61
83 22 49 57 75 91 61 83 22 49 20 22 49 57 75 91 61
83 22 49 57 75 91 61 83 22 49 20 49 57 75 91 61
83 22 49 57 75 91 61 83 22 49 57 20 49 57 75 91 61
83 22 20 22 49 57 75 91 61 83 22 49 57 75 91 61
83 22 49 20 22 49 57 75 91 61 83 22 49 57 75 91 61
83 22 49 20 49 57 75 91 61 83 22 49 57 75 91 61
83 22 49 57 20 49 57 75 91 61 83 22 49 57 75 91 61

96 55 34 19 86 46 49 96 55 34 19 86 46 49
96 55 34 19 86 46 49 96 55 10 55 34 19 86 46 49
96 55 34 19 86 46 49 96 55 34 10 55 34 19 86 46 49
96 55 34 19 86 46 49 96 55 34 10 34 19 86 46 49
96 55 34 19 86 46 49 96 55 34 19 10 34 19 86 46 49
96 55 10 55 34 19 86 46 49 96 55 34 19 86 46 49
96 55 34 10 55 34 19 86 46 49 96 55 34 19 86 46 49
96 55 34 10 34 19 86 46 49 96 55 34 19 86 46 49
96 55 34 19 10 34 19 86 46 49 96 55 34 19 86 46 49

27 40 57 61 62 38 86 27 40 57 61 62 38 86
27 40 57 61 62 38 86 27 40 12 40 57 61 62 38 86
27 40 57 61 62 38 86 27 40 57 12 40 57 61 62 38 86
27 40 57 61 62 38 86 27 40 57 12 57 61 62 38 86
27 40 57 61 62 38 86 27 40 57 61 12 57 61 62 38 86
27 40 12 40 57 61 62 38 86 27 40 57 61 62 38 86
27 40 57 12 40 57 61 62 38 86 27 40 57 61 62 38 86
27 40 57 12 57 61 62 38 86 27 40 57 61 62 38 86
27 40 57 61 12 57 61 62 38 86 27 40 57 61 62 38 86

43 47 17 6 64 22 81 43 47 17 6 64 22 81
43 47 17 6 64 22 81 43 47 16 47 17 6 64 22 81
43 47 17 6 64 22 81 43 47 17 16 47 17 6 64 22 81
43 47 17 6 64 22 81 43 47 17 16 17 6 64 22 81
43 47 17 6 64 22 81 43 47 17 6 16 17 6 64 22 81
43 47 16 47 17 6 64 22 81 43 47 17 6 64 22 81
43 47 17 16 47 17 6 64 22 81 43 47 17 6 64 22 81
43 47 17 16 17 6 64 22 81 43 47 17 6 64 22 81
43 47 17 6 16 17 6 64 22 81 43 47 17 6 64 22 81

65 25 22 91 87 23 96 65 25 22 91 87 23 96
65 25 22 91 87 23 96 65 25 19 25 22 91 87 23 96
65 25 22 91 87 23 96 65 25 22 19 25 22 91 87 23 96
65 25 22 91 87 23 96 65 25 22 19 22 91 87 23 96
65 25 22 91 87 23 96 65 25 22 91 19 22 91 87 23 96
65 25 19 25 22 91 87 23 96 65 25 22 91 87 23 96
65 25 22 19 25 22 91 87 23 96 65 25 22 91 87 23 96
65 25 22 19 22 91 87 23 96 65 25 22 91 87 23 96
65 25 22 91 19 22 91 87 23 96 65 25 22 91 87 23 96

8 35 6 93 75 87 58 8 35 6 93 75 87 58
8 35 6 93 75 87 58 8 35 10 35 6 93 75 87 58
8 35 6 93 75 87 58 8 35 6 10 35 6 93 75 87 58
8 35 6 93 75 87 58 8 35 6 10 6 93 75 87 58
8 35 6 93 75 87 58 8 35 6 93 10 6 93 75 87 58
8 35 10 35 6 93 75 87 58 8 35 6 93 75 87 58
8 35 6 10 35 6 93 75 87 58 8 35 6 93 75 87 58
8 35 6 10 6 93 75 87 58 8 35 6 93 75 87 58
8 35 6 93 10 6 93 75 87 58 8 35 6 93 75 87 58

88 98 47 16 79 71 16 88 98 47 16 79 71 16
88 98 47 16 79 71 16 88 98 12 98 47 16 79 71 16
88 98 47 16 79 71 16 88 98 47 12 98 47 16 79 71 16
88 98 47 16 79 71 16 88 98 47 12 47 16 79 71 16
88 98 47 16 79 71 16 88 98 47 16 12 47 16 79 71 16
88 98 12 98 47 16 79 71 16 88 98 47 16 79 71 16
88 98 47 12 98 47 16 79 71 16 88 98 47 16 79 71 16
88 98 47 12 47 16 79 71 16 88 98 47 16 79 71 16
88 98 47 16 12 47 16 79 71 16 88 98 47 16 79 71 16

59 95 35 61 58 64 92 59 95 35 61 58 64 92
59 95 35 61 58 64 92 59 95 18 95 35 61 58 64 92
59 95 35 61 58 64 92 59 95 35 18 95 35 61 58 64 92
59 95 35 61 58 64 92 59 95 35 18 35 61 58 64 92
59 95 35 61 58 64 92 59 95 35 61 18 35 61 58 64 92
59 95 18 95 35 61 58 64 92 59 95 35 61 58 64 92
59 95 35 18 95 35 61 58 64 92 59 95 35 61 58 64 92
59 95 35 18 35 61 58 64 92 59 95 35 61 58 64 92
59 95 35 61 18 35 61 58 64 92 59 95 35 61 58 64 92

81 21 64 36 87 11 41 81 21 64 36 87 11 41
81 21 64 36 87 11 41 81 21 11 21 64 36 87 11 41
81 21 64 36 87 11 41 81 21 64 11 21 64 36 87 11 41
81 21 64 36 87 11 41 81 21 64 11 64 36 87 11 41
81 21 64 36 87 11 41 81 21 64 36 11 64 36 87 11 41
81 21 11 21 64 36 87 11 41 81 21 64 36 87 11 41
81 21 64 11 21 64 36 87 11 41 81 21 64 36 87 11 41
81 21 64 11 64 36 87 11 41 81 21 64 36 87 11 41
81 21 64 36 11 64 36 87 11 41 81 21 64 36 87 11 41

97 13 71 5 90 13 52 97 13 71 5 90 13 52
97 13 71 5 90 13 52 97 13 18 13 71 5 90 13 52
97 13 71 5 90 13 52 97 13 71 18 13 71 5 90 13 52
97 13 71 5 90 13 52 97 13 71 18 71 5 90 13 52
97 13 71 5 90 13 52 97 13 71 5 18 71 5 90 13 52
97 13 18 13 71 5 90 13 52 97 13 71 5 90 13 52
97 13 71 18 13 71 5 90 13 52 97 13 71 5 90 13 52
97 13 71 18 71 5 90 13 52 97 13 71 5 90 13 52
97 13 71 5 18 71 5 90 13 52 97 13 71 5 90 13 52

40 39 29 42 61 70 82 40 39 29 42 61 70 82
40 39 29 42 61 70 82 40 39 17 39 29 42 61 70 82
40 39 29 42 61 70 82 40 39 29 17 39 29 42 61 70 82
40 39 29 42 61 70 82 40 39 29 17 29 42 61 70 82
40 39 29 42 61 70 82 40 39 29 42 17 29 42 61 70 82
40 39 17 39 29 42 61 70 82 40 39 29 42 61 70 82
40 39 29 17 39 29 42 61 70 82 40 39 29 42 61 70 82
40 39 29 17 29 42 61 70 82 40 39 29 42 61 70 82
40 39 29 42 17 29 42 61 70 82 40 39 29 42 61 70 82

77 28 60 18 55 60 48 77 28 60 18 55 60 48
77 28 60 18 55 60 48 77 28 10 28 60 18 55 60 48
77 28 60 18 55 60 48 77 28 60 10 28 60 18 55 60 48
77 28 60 18 55 60 48 77 28 60 10 60 18 55 60 48
77 28 60 18 55 60 48 77 28 60 18 10 60 18 55 60 48
77 28 10 28 60 18 55 60 48 77 28 60 18 55 60 48
77 28 60 10 28 60 18 55 60 48 77 28 60 18 55 60 48
77 28 60 10 60 18 55 60 48 77 28 60 18 55 60 48
77 28 60 18 10 60 18 55 60 48 77 28 60 18 55 60 48

25 7 7 11 75 70 70 25 7 7 11 75 70 70
25 7 7 11 75 70 70 25 7 15 7 7 11 75 70 70
25 7 7 11 75 70 70 25 7 7 15 7 7 11 75 70 70
25 7 7 11 75 70 70 25 7 7 15 7 11 75 70 70
25 7 7 11 75 70 70 25 7 7 11 15 7 11 75 70 70
25 7 15 7 7 11 75 70 70 25 7 7 11 75 70 70
25 7 7 15 7 7 11 75 70 70 25 7 7 11 75 70 70
25 7 7 15 7 11 75 70 70 25 7 7 11 75 70 70
25 7 7 11 15 7 11 75 70 70 25 7 7 11 75 70 70

5 67 30 46 48 27 97 5 67 30 46 48 27 97
5 67 30 46 48 27 97 5 67 10 67 30 46 48 27 97
5 67 30 46 48 27 97 5 67 30 10 67 30 46 48 27 97
5 67 30 46 48 27 97 5 67 30 10 30 46 48 27 97
5 67 30 46 48 27 97 5 67 30 46 10 30 46 48 27 97
5 67 10 67 30 46 48 27 97 5 67 30 46 48 27 97
5 67 30 10 67 30 46 48 27 97 5 67 30 46 48 27 97
5 67 30 10 30 46 48 27 97 5 67 30 46 48 27 97
5 67 30 46 10 30 46 48 27 97 5 67 30 46 48 27 97

81 28 35 24 47 53 47 81 28 35 24 47 53 47
81 28 35 24 47 53 47 81 28 14 28 35 24 47 53 47
81 28 35 24 47 53 47 81 28 35 14 28 35 24 47 53 47
81 28 35 24 47 53 47 81 28 35 14 35 24 47 53 47
81 28 35 24 47 53 47 81 28 35 24 14 35 24 47 53 47
81 28 14 28 35 24 47 53 47 81 28 35 24 47 53 47
81 28 35 14 28 35 24 47 53 47 81 28 35 24 47 53 47
81 28 35 14 35 24 47 53 47 81 28 35 24 47 53 47
81 28 35 24 14 35 24 47 53 47 81 28 35 24 47 53 47

91 86 55 87 96 57 28 91 86 55 87 96 57 28
91 86 55 87 96 57 28 91 86 6 86 55 87 96 57 28
91 86 55 87 96 57 28 91 86 55 6 86 55 87 96 57 28
91 86 55 87 96 57 28 91 86 55 6 55 87 96 57 28
91 86 55 87 96 57 28 91 86 55 87 6 55 87 96 57 28
91 86 6 86 55 87 96 57 28 91 86 55 87 96 57 28
91 86 55 6 86 55 87 96 57 28 91 86 55 87 96 57 28
91 86 55 6 55 87 96 57 28 91 86 55 87 96 57 28
91 86 55 87 6 55 87 96 57 28 91 86 55 87 96 57 28

87 41 7 72 99 31 54 87 41 7 72 99 31 54
87 41 7 72 99 31 54 87 41 14 41 7 72 99 31 54
87 41 7 72 99 31 54 87 41 7 14 41 7 72 99 31 54
87 41 7 72 99 31 54 87 41 7 14 7 72 99 31 54
87 41 7 72 99 31 54 87 41 7 72 14 7 72 99 31 54
87 41 14 41 7 72 99 31 54 87 41 7 72 99 31 54
87 41 7 14 41 7 72 99 31 54 87 41 7 72 99 31 54
87 41 7 14 7 72 99 31 54 87 41 7 72 99 31 54
87 41 7 72 14 7 72 99 31 54 87 41 7 72 99 31 54

70 23 6 37 31 84 78 70 23 6 37 31 84 78
70 23 6 37 31 84 78 70 23 10 23 6 37 31 84 78
70 23 6 37 31 84 78 70 23 6 10 23 6 37 31 84 78
70 23 6 37 31 84 78 70 23 6 10 6 37 31 84 78
70 23 6 37 31 84 78 70 23 6 37 10 6 37 31 84 78
70 23 10 23 6 37 31 84 78 70 23 6 37 31 84 78
70 23 6 10 23 6 37 31 84 78 70 23 6 37 31 84 78
70 23 6 10 6 37 31 84 78 70 23 6 37 31 84 78
70 23 6 37 10 6 37 31 84 78 70 23 6 37 31 84 78

58 14 7 19 63 48 17 58 14 7 19 63 48 17
58 14 7 19 63 48 17 58 14 9 14 7 19 63 48 17
58 14 7 19 63 48 17 58 14 7 9 14 7 19 63 48 17
58 14 7 19 63 48 17 58 14 7 9 7 19 63 48 17
58 14 7 19 63 48 17 58 14 7 19 9 7 19 63 48 17
58 14 9 14 7 19 63 48 17 58 14 7 19 63 48 17
58 14 7 9 14 7 19 63 48 17 58 14 7 19 63 48 17
58 14 7 9 7 19 63 48 17 58 14 7 19 63 48 17
58 14 7 19 9 7 19 63 48 17 58 14 7 19 63 48 17

26 40 55 19 7 8 9 26 40 55 19 7 8 9
26 40 55 19 7 8 9 26 40 6 40 55 19 7 8 9
26 40 55 19 7 8 9 26 40 55 6 40 55 19 7 8 9
26 40 55 19 7 8 9 26 40 55 6 55 19 7 8 9
26 40 55 19 7 8 9 26 40 55 19 6 55 19 7 8 9
26 40 6 40 55 19 7 8 9 26 40 55 19 7 8 9
26 40 55 6 40 55 19 7 8 9 26 40 55 19 7 8 9
26 40 55 6 55 19 7 8 9 26 40 55 19 7 8 9
26 40 55 19 6 55 19 7 8 9 26 40 55 19 7 8 9

15 59 98 43 95 98 16 15 59 98 43 95 98 16
15 59 98 43 95 98 16 15 59 15 59 98 43 95 98 16
15 59 98 43 95 98 16 15 59 98 15 59 98 43 95 98 16
15 59 98 43 95 98 16 15 59 98 15 98 43 95 98 16
15 59 98 43 95 98 16 15 59 98 43 15 98 43 95 98 16
15 59 15 59 98 43 95 98 16 15 59 98 43 95 98 16
15 59 98 15 59 98 43 95 98 16 15 59 98 43 95 98 16
15 59 98 15 98 43 95 98 16 15 59 98 43 95 98 16
15 59 98 43 15 98 43 95 98 16 15 59 98 43 95 98 16

34 45 15 92 98 78 26 34 45 15 92 98 78 26
34 45 15 92 98 78 26 34 45 18 45 15 92 98 78 26
34 45 15 92 98 78 26 34 45 15 18 45 15 92 98 78 26
34 45 15 92 98 78 26 34 45 15 18 15 92 98 78 26
34 45 15 92 98 78 26 34 45 15 92 18 15 92 98 78 26
34 45 18 45 15 92 98 78 26 34 45 15 92 98 78 26
34 45 15 18 45 15 92 98 78 26 34 45 15 92 98 78 26
34 45 15 18 15 92 98 78 26 34 45 15 92 98 78 26
34 45 15 92 18 15 92 98 78 26 34 45 15 92 98 78 26

93 31 36 6 91 28 15 93 31 36 6 91 28 15
93 31 36 6 91 28 15 93 31 19 31 36 6 91 28 15
93 31 36 6 91 28 15 93 31 36 19 31 36 6 91 28 15
93 31 36 6 91 28 15 93 31 36 19 36 6 91 28 15
93 31 36 6 91 28 15 93 31 36 6 19 36 6 91 28 15
93 31 19 31 36 6 91 28 15 93 31 36 6 91 28 15
93 31 36 19 31 36 6 91 28 15 93 31 36 6 91 28 15
93 31 36 19 36 6 91 28 15 93 31 36 6 91 28 15
93 31 36 6 19 36 6 91 28 15 93 31 36 6 91 28 15

8 32 94 56 36 75 75 8 32 94 56 36 75 75
8 32 94 56 36 75 75 8 32 16 32 94 56 36 75 75
8 32 94 56 36 75 75 8 32 94 16 32 94 56 36 75 75
8 32 94 56 36 75 75 8 32 94 16 94 56 36 75 75
8 32 94 56 36 75 75 8 32 94 56 16 94 56 36 75 75
8 32 16 32 94 56 36 75 75 8 32 94 56 36 75 75
8 32 94 16 32 94 56 36 75 75 8 32 94 56 36 75 75
8 32 94 16 94 56 36 75 75 8 32 94 56 36 75 75
8 32 94 56 16 94 56 36 75 75 8 32 94 56 36 75 75

79 50 48 25 36 65 15 79 50 48 25 36 65 15
79 50 48 25 36 65 15 79 50 7 50 48 25 36 65 15
79 50 48 25 36 65 15 79 50 48 7 50 48 25 36 65 15
79 50 48 25 36 65 15 79 50 48 7 48 25 36 65 15
79 50 48 25 36 65 15 79 50 48 25 7 48 25 36 65 15
79 50 7 50 48 25 36 65 15 79 50 48 25 36 65 15
79 50 48 7 50 48 25 36 65 15 79 50 48 25 36 65 15
79 50 48 7 48 25 36 65 15 79 50 48 25 36 65 15
79 50 48 25 7 48 25 36 65 15 79 50 48 25 36 65 15

83 98 45 47 57 100 11 83 98 45 47 57 100 11
83 98 45 47 57 100 11 83 98 7 98 45 47 57 100 11
83 98 45 47 57 100 11 83 98 45 7 98 45 47 57 100 11
83 98 45 47 57 100 11 83 98 45 7 45 47 57 100 11
83 98 45 47 57 100 11 83 98 45 47 7 45 47 57 100 11
83 98 7 98 45 47 57 100 11 83 98 45 47 57 100 11
83 98 45 7 98 45 47 57 100 11 83 98 45 47 57 100 11
83 98 45 7 45 47 57 100 11 83 98 45 47 57 100 11
83 98 45 47 7 45 47 57 100 11 83 98 45 47 57 100 11

75 92 17 50 56 73 65 75 92 17 50 56 73 65
75 92 17 50 56 73 65 75 92 6 92 17 50 56 73 65
75 92 17 50 56 73 65 75 92 17 6 92 17 50 56 73 65
75 92 17 50 56 73 65 75 92 17 6 17 50 56 73 65
75 92 17 50 56 73 65 75 92 17 50 6 17 50 56 73 65
75 92 6 92 17 50 56 73 65 75 92 17 50 56 73 65
75 92 17 6 92 17 50 56 73 65 75 92 17 50 56 73 65
75 92 17 6 17 50 56 73 65 75 92 17 50 56 73 65
75 92 17 50 6 17 50 56 73 65 75 92 17 50 56 73 65

39 14 8 94 97 71 92 39 14 8 94 97 71 92
39 14 8 94 97 71 92 39 14 19 14 8 94 97 71 92
39 14 8 94 97 71 92 39 14 8 19 14 8 94 97 71 92
39 14 8 94 97 71 92 39 14 8 19 8 94 97 71 92
39 14 8 94 97 71 92 39 14 8 94 19 8 94 97 71 92
39 14 19 14 8 94 97 71 92 39 14 8 94 97 71 92
39 14 8 19 14 8 94 97 71 92 39 14 8 94 97 71 92
39 14 8 19 8 94 97 71 92 39 14 8 94 97 71 92
39 14 8 94 19 8 94 97 71 92 39 14 8 94 97 71 92

37 25 7 54 67 84 96 37 25 7 54 67 84 96
37 25 7 54 67 84 96 37 25 7 25 7 54 67 84 96
37 25 7 54 67 84 96 37 25 7 7 25 7 54 67 84 96
37 25 7 54 67 84 96 37 25 7 7 7 54 67 84 96
37 25 7 54 67 84 96 37 25 7 54 7 7 54 67 84 96
37 25 7 25 7 54 67 84 96 37 25 7 54 67 84 96
37 25 7 7 25 7 54 67 84 96 37 25 7 54 67 84 96
37 25 7 7 7 54 67 84 96 37 25 7 54 67 84 96
37 25 7 54 7 7 54 67 84 96 37 25 7 54 67 84 96

63 43 96 42 83 43 90 63 43 96 42 83 43 90
63 43 96 42 83 43 90 63 43 13 43 96 42 83 43 90
63 43 96 42 83 43 90 63 43 96 13 43 96 42 83 43 90
63 43 96 42 83 43 90 63 43 96 13 96 42 83 43 90
63 43 96 42 83 43 90 63 43 96 42 13 96 42 83 43 90
63 43 13 43 96 42 83 43 90 63 43 96 42 83 43 90
63 43 96 13 43 96 42 83 43 90 63 43 96 42 83 43 90
63 43 96 13 96 42 83 43 90 63 43 96 42 83 43 90
63 43 96 42 13 96 42 83 43 90 63 43 96 42 83 43 90

94 70 95 11 94 67 55 94 70 95 11 94 67 55
94 70 95 11 94 67 55 94 70 20 70 95 11 94 67 55
94 70 95 11 94 67 55 94 70 95 20 70 95 11 94 67 55
94 70 95 11 94 67 55 94 70 95 20 95 11 94 67 55
94 70 95 11 94 67 55 94 70 95 11 20 95 11 94 67 55
94 70 20 70 95 11 94 67 55 94 70 95 11 94 67 55
94 70 95 20 70 95 11 94 67 55 94 70 95 11 94 67 55
94 70 95 20 95 11 94 67 55 94 70 95 11 94 67 55
94 70 95 11 20 95 11 94 67 55 94 70 95 11 94 67 55

12 83 55 40 45 44 63 12 83 55 40 45 44 63
12 83 55 40 45 44 63 12 83 7 83 55 40 45 44 63
12 83 55 40 45 44 63 12 83 55 7 83 55 40 45 44 63
12 83 55 40 45 44 63 12 83 55 7 55 40 45 44 63
12 83 55 40 45 44 63 12 83 55 40 7 55 40 45 44 63
12 83 7 83 55 40 45 44 63 12 83 55 40 45 44 63
12 83 55 7 83 55 40 45 44 63 12 83 55 40 45 44 63
12 83 55 7 55 40 45 44 63 12 83 55 40 45 44 63
12 83 55 40 7 55 40 45 44 63 12 83 55 40 45 44 63

36 23 71 38 65 51 30 36 23 71 38 65 51 30
36 23 71 38 65 51 30 36 23 15 23 71 38 65 51 30
36 23 71 38 65 51 30 36 23 71 15 23 71 38 65 51 30
36 23 71 38 65 51 30 36 23 71 15 71 38 65 51 30
36 23 71 38 65 51 30 36 23 71 38 15 71 38 65 51 30
36 23 15 23 71 38 65 51 30 36 23 71 38 65 51 30
36 23 71 15 23 71 38 65 51 30 36 23 71 38 65 51 30
36 23 71 15 71 38 65 51 30 36 23 71 38 65 51 30
36 23 71 38 15 71 38 65 51 30 36 23 71 38 65 51 30

33 69 90 76 10 76 29 33 69 90 76 10 76 29
33 69 90 76 10 76 29 33 69 16 69 90 76 10 76 29
33 69 90 76 10 76 29 33 69 90 16 69 90 76 10 76 29
33 69 90 76 10 76 29 33 69 90 16 90 76 10 76 29
33 69 90 76 10 76 29 33 69 90 76 16 90 76 10 76 29
33 69 16 69 90 76 10 76 29 33 69 90 76 10 76 29
33 69 90 16 69 90 76 10 76 29 33 69 90 76 10 76 29
33 69 90 16 90 76 10 76 29 33 69 90 76 10 76 29
33 69 90 76 16 90 76 10 76 29 33 69 90 76 10 76 29

46 89 33 5 17 17 92 46 89 33 5 17 17 92
46 89 33 5 17 17 92 46 89 5 89 33 5 17 17 92
46 89 33 5 17 17 92 46 89 33 5 89 33 5 17 17 92
46 89 33 5 17 17 92 46 89 33 5 33 5 17 17 92
46 89 33 5 17 17 92 46 89 33 5 5 33 5 17 17 92
46 89 5 89 33 5 17 17 92 46 89 33 5 17 17 92
46 89 33 5 89 33 5 17 17 92 46 89 33 5 17 17 92
46 89 33 5 33 5 17 17 92 46 89 33 5 17 17 92
46 89 33 5 5 33 5 17 17 92 46 89 33 5 17 17 92

54 8 64 36 70 45 74 54 8 64 36 70 45 74
54 8 64 36 70 45 74 54 8 16 8 64 36 70 45 74
54 8 64 36 70 45 74 54 8 64 16 8 64 36 70 45 74
54 8 64 36 70 45 74 54 8 64 16 64 36 70 45 74
54 8 64 36 70 45 74 54 8 64 36 16 64 36 70 45 74
54 8 16 8 64 36 70 45 74 54 8 64 36 70 45 74
54 8 64 16 8 64 36 70 45 74 54 8 64 36 70 45 74
54 8 64 16 64 36 70 45 74 54 8 64 36 70 45 74
54 8 64 36 16 64 36 70 45 74 54 8 64 36 70 45 74

23 70 48 23 87 98 34 23 70 48 23 87 98 34
23 70 48 23 87 98 34 23 70 15 70 48 23 87 98 34
23 70 48 23 87 98 34 23 70 48 15 70 48 23 87 98 34
23 70 48 23 87 98 34 23 70 48 15 48 23 87 98 34
23 70 48 23 87 98 34 23 70 48 23 15 48 23 87 98 34
23 70 15 70 48 23 87 98 34 23 70 48 23 87 98 34
23 70 48 15 70 48 23 87 98 34 23 70 48 23 87 98 34
23 70 48 15 48 23 87 98 34 23 70 48 23 87 98 34
23 70 48 23 15 48 23 87 98 34 23 70 48 23 87 98 34

49 96 44 30 84 65 58 49 96 44 30 84 65 58
49 96 44 30 84 65 58 49 96 14 96 44 30 84 65 58
49 96 44 30 84 65 58 49 96 44 14 96 44 30 84 65 58
49 96 44 30 84 65 58 49 96 44 14 44 30 84 65 58
49 96 44 30 84 65 58 49 96 44 30 14 44 30 84 65 58
49 96 14 96 44 30 84 65 58 49 96 44 30 84 65 58
49 96 44 14 96 44 30 84 65 58 49 96 44 30 84 65 58
49 96 44 14 44 30 84 65 58 49 96 44 30 84 65 58
49 96 44 30 14 44 30 84 65 58 49 96 44 30 84 65 58

8 45 11 46 98 49 35 8 45 11 46 98 49 35
8 45 11 46 98 49 35 8 45 19 45 11 46 98 49 35
8 45 11 46 98 49 35 8 45 11 19 45 11 46 98 49 35
8 45 11 46 98 49 35 8 45 11 19 11 46 98 49 35
8 45 11 46 98 49 35 8 45 11 46 19 11 46 98 49 35
8 45 19 45 11 46 98 49 35 8 45 11 46 98 49 35
8 45 11 19 45 11 46 98 49 35 8 45 11 46 98 49 35
8 45 11 19 11 46 98 49 35 8 45 11 46 98 49 35
8 45 11 46 19 11 46 98 49 35 8 45 11 46 98 49 35

32 47 37 46 21 84 70 32 47 37 46 21 84 70
32 47 37 46 21 84 70 32 47 6 47 37 46 21 84 70
32 47 37 46 21 84 70 32 47 37 6 47 37 46 21 84 70
32 47 37 46 21 84 70 32 47 37 6 37 46 21 84 70
32 47 37 46 21 84 70 32 47 37 46 6 37 46 21 84 70
32 47 6 47 37 46 21 84 70 32 47 37 46 21 84 70
32 47 37 6 47 37 46 21 84 70 32 47 37 46 21 84 70
32 47 37 6 37 46 21 84 70 32 47 37 46 21 84 70
32 47 37 46 6 37 46 21 84 70 32 47 37 46 21 84 70

77 44 11 38 75 53 32 77 44 11 38 75 53 32
77 44 11 38 75 53 32 77 44 8 44 11 38 75 53 32
77 44 11 38 75 53 32 77 44 11 8 44 11 38 75 53 32
77 44 11 38 75 53 32 77 44 11 8 11 38 75 53 32
77 44 11 38 75 53 32 77 44 11 38 8 11 38 75 53 32
77 44 8 44 11 38 75 53 32 77 44 11 38 75 53 32
77 44 11 8 44 11 38 75 53 32 77 44 11 38 75 53 32
77 44 11 8 11 38 75 53 32 77 44 11 38 75 53 32
77 44 11 38 8 11 38 75 53 32 77 44 11 38 75 53 32

91 5 73 93 91 46 51 91 5 73 93 91 46 51
91 5 73 93 91 46 51 91 5 5 5 73 93 91 46 51
91 5 73 93 91 46 51 91 5 73 5 5 73 93 91 46 51
91 5 73 93 91 46 51 91 5 73 5 73 93 91 46 51
91 5 73 93 91 46 51 91 5 73 93 5 73 93 91 46 51
91 5 5 5 73 93 91 46 51 91 5 73 93 91 46 51
91 5 73 5 5 73 93 91 46 51 91 5 73 93 91 46 51
91 5 73 5 73 93 91 46 51 91 5 73 93 91 46 51
91 5 73 93 5 73 93 91 46 51 91 5 73 93 91 46 51

43 70 47 88 97 39 78 43 70 47 88 97 39 78
43 70 47 88 97 39 78 43 70 10 70 47 88 97 39 78
43 70 47 88 97 39 78 43 70 47 10 70 47 88 97 39 78
43 70 47 88 97 39 78 43 70 47 10 47 88 97 39 78
43 70 47 88 97 39 78 43 70 47 88 10 47 88 97 39 78
43 70 10 70 47 88 97 39 78 43 70 47 88 97 39 78
43 70 47 10 70 47 88 97 39 78 43 70 47 88 97 39 78
43 70 47 10 47 88 97 39 78 43 70 47 88 97 39 78
43 70 47 88 10 47 88 97 39 78 43 70 47 88 97 39 78

25 69 19 11 29 59 35 25 69 19 11 29 59 35
25 69 19 11 29 59 35 25 69 10 69 19 11 29 59 35
25 69 19 11 29 59 35 25 69 19 10 69 19 11 29 59 35
25 69 19 11 29 59 35 25 69 19 10 19 11 29 59 35
25 69 19 11 29 59 35 25 69 19 11 10 19 11 29 59 35
25 69 10 69 19 11 29 59 35 25 69 19 11 29 59 35
25 69 19 10 69 19 11 29 59 35 25 69 19 11 29 59 35
25 69 19 10 19 11 29 59 35 25 69 19 11 29 59 35
25 69 19 11 10 19 11 29 59 35 25 69 19 11 29 59 35

67 16 68 20 34 5 34 67 16 68 20 34 5 34
67 16 68 20 34 5 34 67 16 18 16 68 20 34 5 34
67 16 68 20 34 5 34 67 16 68 18 16 68 20 34 5 34
67 16 68 20 34 5 34 67 16 68 18 68 20 34 5 34
67 16 68 20 34 5 34 67 16 68 20 18 68 20 34 5 34
67 16 18 16 68 20 34 5 34 67 16 68 20 34 5 34
67 16 68 18 16 68 20 34 5 34 67 16 68 20 34 5 34
67 16 68 18 68 20 34 5 34 67 16 68 20 34 5 34
67 16 68 20 18 68 20 34 5 34 67 16 68 20 34 5 34

47 36 71 45 49 93 55 47 36 71 45 49 93 55
47 36 71 45 49 93 55 47 36 17 36 71 45 49 93 55
47 36 71 45 49 93 55 47 36 71 17 36 71 45 49 93 55
47 36 71 45 49 93 55 47 36 71 17 71 45 49 93 55
47 36 71 45 49 93 55 47 36 71 45 17 71 45 49 93 55
47 36 17 36 71 45 49 93 55 47 36 71 45 49 93 55
47 36 71 17 36 71 45 49 93 55 47 36 71 45 49 93 55
47 36 71 17 71 45 49 93 55 47 36 71 45 49 93 55
47 36 71 45 17 71 45 49 93 55 47 36 71 45 49 93 55

53 93 81 58 69 12 41 53 93 81 58 69 12 41
53 93 81 58 69 12 41 53 93 17 93 81 58 69 12 41
53 93 81 58 69 12 41 53 93 81 17 93 81 58 69 12 41
53 93 81 58 69 12 41 53 93 81 17 81 58 69 12 41
53 93 81 58 69 12 41 53 93 81 58 17 81 58 69 12 41
53 93 17 93 81 58 69 12 41 53 93 81 58 69 12 41
53 93 81 17 93 81 58 69 12 41 53 93 81 58 69 12 41
53 93 81 17 81 58 69 12 41 53 93 81 58 69 12 41
53 93 81 58 17 81 58 69 12 41 53 93 81 58 69 12 41

16 39 68 34 60 71 59 16 39 68 34 60 71 59
16 39 68 34 60 71 59 16 39 18 39 68 34 60 71 59
16 39 68 34 60 71 59 16 39 68 18 39 68 34 60 71 59
16 39 68 34 60 71 59 16 39 68 18 68 34 60 71 59
16 39 68 34 60 71 59 16 39 68 34 18 68 34 60 71 59
16 39 18 39 68 34 60 71 59 16 39 68 34 60 71 59
16 39 68 18 39 68 34 60 71 59 16 39 68 34 60 71 59
16 39 68 18 68 34 60 71 59 16 39 68 34 60 71 59
16 39 68 34 18 68 34 60 71 59 16 39 68 34 60 71 59

25 87 40 9 50 69 14 25 87 40 9 50 69 14
25 87 40 9 50 69 14 25 87 20 87 40 9 50 69 14
25 87 40 9 50 69 14 25 87 40 20 87 40 9 50 69 14
25 87 40 9 50 69 14 25 87 40 20 40 9 50 69 14
25 87 40 9 50 69 14 25 87 40 9 20 40 9 50 69 14
25 87 20 87 40 9 50 69 14 25 87 40 9 50 69 14
25 87 40 20 87 40 9 50 69 14 25 87 40 9 50 69 14
25 87 40 20 40 9 50 69 14 25 87 40 9 50 69 14
25 87 40 9 20 40 9 50 69 14 25 87 40 9 50 69 14

61 58 59 78 36 57 38 61 58 59 78 36 57 38
61 58 59 78 36 57 38 61 58 18 58 59 78 36 57 38
61 58 59 78 36 57 38 61 58 59 18 58 59 78 36 57 38
61 58 59 78 36 57 38 61 58 59 18 59 78 36 57 38
61 58 59 78 36 57 38 61 58 59 78 18 59 78 36 57 38
61 58 18 58 59 78 36 57 38 61 58 59 78 36 57 38
61 58 59 18 58 59 78 36 57 38 61 58 59 78 36 57 38
61 58 59 18 59 78 36 57 38 61 58 59 78 36 57 38
61 58 59 78 18 59 78 36 57 38 61 58 59 78 36 57 38

83 69 61 56 82 23 77 83 69 61 56 82 23 77
83 69 61 56 82 23 77 83 69 19 69 61 56 82 23 77
83 69 61 56 82 23 77 83 69 61 19 69 61 56 82 23 77
83 69 61 56 82 23 77 83 69 61 19 61 56 82 23 77
83 69 61 56 82 23 77 83 69 61 56 19 61 56 82 23 77
83 69 19 69 61 56 82 23 77 83 69 61 56 82 23 77
83 69 61 19 69 61 56 82 23 77 83 69 61 56 82 23 77
83 69 61 19 61 56 82 23 77 83 69 61 56 82 23 77
83 69 61 56 19 61 56 82 23 77 83 69 61 56 82 23 77

10 96 14 15 22 35 41 10 96 14 15 22 35 41
10 96 14 15 22 35 41 10 96 17 96 14 15 22 35 41
10 96 14 15 22 35 41 10 96 14 17 96 14 15 22 35 41
10 96 14 15 22 35 41 10 96 14 17 14 15 22 35 41
10 96 14 15 22 35 41 10 96 14 15 17 14 15 22 35 41
10 96 17 96 14 15 22 35 41 10 96 14 15 22 35 41
10 96 14 17 96 14 15 22 35 41 10 96 14 15 22 35 41
10 96 14 17 14 15 22 35 41 10 96 14 15 22 35 41
10 96 14 15 17 14 15 22 35 41 10 96 14 15 22 35 41

91 63 98 10 24 70 40 91 63 98 10 24 70 40
91 63 98 10 24 70 40 91 63 6 63 98 10 24 70 40
91 63 98 10 24 70 40 91 63 98 6 63 98 10 24 70 40
91 63 98 10 24 70 40 91 63 98 6 98 10 24 70 40
91 63 98 10 24 70 40 91 63 98 10 6 98 10 24 70 40
91 63 6 63 98 10 24 70 40 91 63 98 10 24 70 40
91 63 98 6 63 98 10 24 70 40 91 63 98 10 24 70 40
91 63 98 6 98 10 24 70 40 91 63 98 10 24 70 40
91 63 98 10 6 98 10 24 70 40 91 63 98 10 24 70 40

64 9 33 64 100 29 19 64 9 33 64 100 29 19
64 9 33 64 100 29 19 64 9 18 9 33 64 100 29 19
64 9 33 64 100 29 19 64 9 33 18 9 33 64 100 29 19
64 9 33 64 100 29 19 64 9 33 18 33 64 100 29 19
64 9 33 64 100 29 19 64 9 33 64 18 33 64 100 29 19
64 9 18 9 33 64 100 29 19 64 9 33 64 100 29 19
64 9 33 18 9 33 64 100 29 19 64 9 33 64 100 29 19
64 9 33 18 33 64 100 29 19 64 9 33 64 100 29 19
64 9 33 64 18 33 64 100 29 19 64 9 33 64 100 29 19

21 27 34 44 18 87 18 21 27 34 44 18 87 18
21 27 34 44 18 87 18 21 27 13 27 34 44 18 87 18
21 27 34 44 18 87 18 21 27 34 13 27 34 44 18 87 18
21 27 34 44 18 87 18 21 27 34 13 34 44 18 87 18
21 27 34 44 18 87 18 21 27 34 44 13 34 44 18 87 18
21 27 13 27 34 44 18 87 18 21 27 34 44 18 87 18
21 27 34 13 27 34 44 18 87 18 21 27 34 44 18 87 18
21 27 34 13 34 44 18 87 18 21 27 34 44 18 87 18
21 27 34 44 13 34 44 18 87 18 21 27 34 44 18 87 18

24 18 98 92 33 32 37 24 18 98 92 33 32 37
24 18 98 92 33 32 37 24 18 19 18 98 92 33 32 37
24 18 98 92 33 32 37 24 18 98 19 18 98 92 33 32 37
24 18 98 92 33 32 37 24 18 98 19 98 92 33 32 37
24 18 98 92 33 32 37 24 18 98 92 19 98 92 33 32 37
24 18 19 18 98 92 33 32 37 24 18 98 92 33 32 37
24 18 98 19 18 98 92 33 32 37 24 18 98 92 33 32 37
24 18 98 19 98 92 33 32 37 24 18 98 92 33 32 37
24 18 98 92 19 98 92 33 32 37 24 18 98 92 33 32 37

82 100 39 66 21 10 51 82 100 39 66 21 10 51
82 100 39 66 21 10 51 82 100 17 100 39 66 21 10 51
82 100 39 66 21 10 51 82 100 39 17 100 39 66 21 10 51
82 100 39 66 21 10 51 82 100 39 17 39 66 21 10 51
82 100 39 66 21 10 51 82 100 39 66 17 39 66 21 10 51
82 100 17 100 39 66 21 10 51 82 100 39 66 21 10 51
82 100 39 17 100 39 66 21 10 51 82 100 39 66 21 10 51
82 100 39 17 39 66 21 10 51 82 100 39 66 21 10 51
82 100 39 66 17 39 66 21 10 51 82 100 39 66 21 10 51

93 79 59 7 86 65 100 93 79 59 7 86 65 100
93 79 59 7 86 65 100 93 79 8 79 59 7 86 65 100
93 79 59 7 86 65 100 93 79 59 8 79 59 7 86 65 100
93 79 59 7 86 65 100 93 79 59 8 59 7 86 65 100
93 79 59 7 86 65 100 93 79 59 7 8 59 7 86 65 100
93 79 8 79 59 7 86 65 100 93 79 59 7 86 65 100
93 79 59 8 79 59 7 86 65 100 93 79 59 7 86 65 100
93 79 59 8 59 7 86 65 100 93 79 59 7 86 65 100
93 79 59 7 8 59 7 86 65 100 93 79 59 7 86 65 100

19 96 95 87 34 73 73 19 96 95 87 34 73 73
19 96 95 87 34 73 73 19 96 11 96 95 87 34 73 73
19 96 95 87 34 73 73 19 96 95 11 96 95 87 34 73 73
19 96 95 87 34 73 73 19 96 95 11 95 87 34 73 73
19 96 95 87 34 73 73 19 96 95 87 11 95 87 34 73 73
19 96 11 96 95 87 34 73 73 19 96 95 87 34 73 73
19 96 95 11 96 95 87 34 73 73 19 96 95 87 34 73 73
19 96 95 11 95 87 34 73 73 19 96 95 87 34 73 73
19 96 95 87 11 95 87 34 73 73 19 96 95 87 34 73 73

78 35 70 100 79 18 27 78 35 70 100 79 18 27
78 35 70 100 79 18 27 78 35 17 35 70 100 79 18 27
78 35 70 100 79 18 27 78 35 70 17 35 70 100 79 18 27
78 35 70 100 79 18 27 78 35 70 17 70 100 79 18 27
78 35 70 100 79 18 27 78 35 70 100 17 70 100 79 18 27
78 35 17 35 70 100 79 18 27 78 35 70 100 79 18 27
78 35 70 17 35 70 100 79 18 27 78 35 70 100 79 18 27
78 35 70 17 70 100 79 18 27 78 35 70 100 79 18 27
78 35 70 100 17 70 100 79 18 27 78 35 70 100 79 18 27

51 25 98 63 15 6 23 51 25 98 63 15 6 23
51 25 98 63 15 6 23 51 25 5 25 98 63 15 6 23
51 25 98 63 15 6 23 51 25 98 5 25 98 63 15 6 23
51 25 98 63 15 6 23 51 25 98 5 98 63 15 6 23
51 25 98 63 15 6 23 51 25 98 63 5 98 63 15 6 23
51 25 5 25 98 63 15 6 23 51 25 98 63 15 6 23
51 25 98 5 25 98 63 15 6 23 51 25 98 63 15 6 23
51 25 98 5 98 63 15 6 23 51 25 98 63 15 6 23
51 25 98 63 5 98 63 15 6 23 51 25 98 63 15 6 23

84 15 6 70 42 89 33 84 15 6 70 42 89 33
84 15 6 70 42 89 33 84 15 17 15 6 70 42 89 33
84 15 6 70 42 89 33 84 15 6 17 15 6 70 42 89 33
84 15 6 70 42 89 33 84 15 6 17 6 70 42 89 33
84 15 6 70 42 89 33 84 15 6 70 17 6 70 42 89 33
84 15 17 15 6 70 42 89 33 84 15 6 70 42 89 33
84 15 6 17 15 6 70 42 89 33 84 15 6 70 42 89 33
84 15 6 17 6 70 42 89 33 84 15 6 70 42 89 33
84 15 6 70 17 6 70 42 89 33 84 15 6 70 42 89 33

86 69 91 8 99 97 17 86 69 91 8 99 97 17
86 69 91 8 99 97 17 86 69 16 69 91 8 99 97 17
86 69 91 8 99 97 17 86 69 91 16 69 91 8 99 97 17
86 69 91 8 99 97 17 86 69 91 16 91 8 99 97 17
86 69 91 8 99 97 17 86 69 91 8 16 91 8 99 97 17
86 69 16 69 91 8 99 97 17 86 69 91 8 99 97 17
86 69 91 16 69 91 8 99 97 17 86 69 91 8 99 97 17
86 69 91 16 91 8 99 97 17 86 69 91 8 99 97 17
86 69 91 8 16 91 8 99 97 17 86 69 91 8 99 97 17

68 34 72 93 40 14 74 68 34 72 93 40 14 74
68 34 72 93 40 14 74 68 34 14 34 72 93 40 14 74
68 34 72 93 40 14 74 68 34 72 14 34 72 93 40 14 74
68 34 72 93 40 14 74 68 34 72 14 72 93 40 14 74
68 34 72 93 40 14 74 68 34 72 93 14 72 93 40 14 74
68 34 14 34 72 93 40 14 74 68 34 72 93 40 14 74
68 34 72 14 34 72 93 40 14 74 68 34 72 93 40 14 74
68 34 72 14 72 93 40 14 74 68 34 72 93 40 14 74
68 34 72 93 14 72 93 40 14 74 68 34 72 93 40 14 74

11 26 93 71 56 91 11 11 26 93 71 56 91 11
11 26 93 71 56 91 11 11 26 16 26 93 71 56 91 11
11 26 93 71 56 91 11 11 26 93 16 26 93 71 56 91 11
11 26 93 71 56 91 11 11 26 93 16 93 71 56 91 11
11 26 93 71 56 91 11 11 26 93 71 16 93 71 56 91 11
11 26 16 26 93 71 56 91 11 11 26 93 71 56 91 11
11 26 93 16 26 93 71 56 91 11 11 26 93 71 56 91 11
11 26 93 16 93 71 56 91 11 11 26 93 71 56 91 11
11 26 93 71 16 93 71 56 91 11 11 26 93 71 56 91 11

53 8 7 37 77 86 9 53 8 7 37 77 86 9
53 8 7 37 77 86 9 53 8 19 8 7 37 77 86 9
53 8 7 37 77 86 9 53 8 7 19 8 7 37 77 86 9
53 8 7 37 77 86 9 53 8 7 19 7 37 77 86 9
53 8 7 37 77 86 9 53 8 7 37 19 7 37 77 86 9
53 8 19 8 7 37 77 86 9 53 8 7 37 77 86 9
53 8 7 19 8 7 37 77 86 9 53 8 7 37 77 86 9
53 8 7 19 7 37 77 86 9 53 8 7 37 77 86 9
53 8 7 37 19 7 37 77 86 9 53 8 7 37 77 86 9

30 98 44 50 25 20 48 30 98 44 50 25 20 48
30 98 44 50 25 20 48 30 98 14 98 44 50 25 20 48
30 98 44 50 25 20 48 30 98 44 14 98 44 50 25 20 48
30 98 44 50 25 20 48 30 98 44 14 44 50 25 20 48
30 98 44 50 25 20 48 30 98 44 50 14 44 50 25 20 48
30 98 14 98 44 50 25 20 48 30 98 44 50 25 20 48
30 98 44 14 98 44 50 25 20 48 30 98 44 50 25 20 48
30 98 44 14 44 50 25 20 48 30 98 44 50 25 20 48
30 98 44 50 14 44 50 25 20 48 30 98 44 50 25 20 48

73 77 28 28 99 100 63 73 77 28 28 99 100 63
73 77 28 28 99 100 63 73 77 18 77 28 28 99 100 63
73 77 28 28 99 100 63 73 77 28 18 77 28 28 99 100 63
73 77 28 28 99 100 63 73 77 28 18 28 28 99 100 63
73 77 28 28 99 100 63 73 77 28 28 18 28 28 99 100 63
73 77 18 77 28 28 99 100 63 73 77 28 28 99 100 63
73 77 28 18 77 28 28 99 100 63 73 77 28 28 99 100 63
73 77 28 18 28 28 99 100 63 73 77 28 28 99 100 63
73 77 28 28 18 28 28 99 100 63 73 77 28 28 99 100 63

23 83 16 87 76 59 37 23 83 16 87 76 59 37
23 83 16 87 76 59 37 23 83 10 83 16 87 76 59 37
23 83 16 87 76 59 37 23 83 16 10 83 16 87 76 59 37
23 83 16 87 76 59 37 23 83 16 10 16 87 76 59 37
23 83 16 87 76 59 37 23 83 16 87 10 16 87 76 59 37
23 83 10 83 16 87 76 59 37 23 83 16 87 76 59 37
23 83 16 10 83 16 87 76 59 37 23 83 16 87 76 59 37
23 83 16 10 16 87 76 59 37 23 83 16 87 76 59 37
23 83 16 87 10 16 87 76 59 37 23 83 16 87 76 59 37

85 57 34 65 92 81 48 85 57 34 65 92 81 48
85 57 34 65 92 81 48 85 57 15 57 34 65 92 81 48
85 57 34 65 92 81 48 85 57 34 15 57 34 65 92 81 48
85 57 34 65 92 81 48 85 57 34 15 34 65 92 81 48
85 57 34 65 92 81 48 85 57 34 65 15 34 65 92 81 48
85 57 15 57 34 65 92 81 48 85 57 34 65 92 81 48
85 57 34 15 57 34 65 92 81 48 85 57 34 65 92 81 48
85 57 34 15 34 65 92 81 48 85 57 34 65 92 81 48
85 57 34 65 15 34 65 92 81 48 85 57 34 65 92 81 48

61 14 88 87 83 84 42 61 14 88 87 83 84 42
61 14 88 87 83 84 42 61 14 14 14 88 87 83 84 42
61 14 88 87 83 84 42 61 14 88 14 14 88 87 83 84 42
61 14 88 87 83 84 42 61 14 88 14 88 87 83 84 42
61 14 88 87 83 84 42 61 14 88 87 14 88 87 83 84 42
61 14 14 14 88 87 83 84 42 61 14 88 87 83 84 42
61 14 88 14 14 88 87 83 84 42 61 14 88 87 83 84 42
61 14 88 14 88 87 83 84 42 61 14 88 87 83 84 42
61 14 88 87 14 88 87 83 84 42 61 14 88 87 83 84 42

51 22 78 10 21 82 59 51 22 78 10 21 82 59
51 22 78 10 21 82 59 51 22 14 22 78 10 21 82 59
51 22 78 10 21 82 59 51 22 78 14 22 78 10 21 82 59
51 22 78 10 21 82 59 51 22 78 14 78 10 21 82 59
51 22 78 10 21 82 59 51 22 78 10 14 78 10 21 82 59
51 22 14 22 78 10 21 82 59 51 22 78 10 21 82 59
51 22 78 14 22 78 10 21 82 59 51 22 78 10 21 82 59
51 22 78 14 78 10 21 82 59 51 22 78 10 21 82 59
51 22 78 10 14 78 10 21 82 59 51 22 78 10 21 82 59

92 86 65 73 35 83 6 92 86 65 73 35 83 6
92 86 65 73 35 83 6 92 86 20 86 65 73 35 83 6
92 86 65 73 35 83 6 92 86 65 20 86 65 73 35 83 6
92 86 65 73 35 83 6 92 86 65 20 65 73 35 83 6
92 86 65 73 35 83 6 92 86 65 73 20 65 73 35 83 6
92 86 20 86 65 73 35 83 6 92 86 65 73 35 83 6
92 86 65 20 86 65 73 35 83 6 92 86 65 73 35 83 6
92 86 65 20 65 73 35 83 6 92 86 65 73 35 83 6
92 86 65 73 20 65 73 35 83 6 92 86 65 73 35 83 6

65 38 43 95 38 94 79 65 38 43 95 38 94 79
65 38 43 95 38 94 79 65 38 17 38 43 95 38 94 79
65 38 43 95 38 94 79 65 38 43 17 38 43 95 38 94 79
65 38 43 95 38 94 79 65 38 43 17 43 95 38 94 79
65 38 43 95 38 94 79 65 38 43 95 17 43 95 38 94 79
65 38 17 38 43 95 38 94 79 65 38 43 95 38 94 79
65 38 43 17 38 43 95 38 94 79 65 38 43 95 38 94 79
65 38 43 17 43 95 38 94 79 65 38 43 95 38 94 79
65 38 43 95 17 43 95 38 94 79 65 38 43 95 38 94 79

93 27 20 35 20 94 10 93 27 20 35 20 94 10
93 27 20 35 20 94 10 93 27 16 27 20 35 20 94 10
93 27 20 35 20 94 10 93 27 20 16 27 20 35 20 94 10
93 27 20 35 20 94 10 93 27 20 16 20 35 20 94 10
93 27 20 35 20 94 10 93 27 20 35 16 20 35 20 94 10
93 27 16 27 20 35 20 94 10 93 27 20 35 20 94 10
93 27 20 16 27 20 35 20 94 10 93 27 20 35 20 94 10
93 27 20 16 20 35 20 94 10 93 27 20 35 20 94 10
93 27 20 35 16 20 35 20 94 10 93 27 20 35 20 94 10

52 81 90 69 66 47 28 52 81 90 69 66 47 28
52 81 90 69 66 47 28 52 81 12 81 90 69 66 47 28
52 81 90 69 66 47 28 52 81 90 12 81 90 69 66 47 28
52 81 90 69 66 47 28 52 81 90 12 90 69 66 47 28
52 81 90 69 66 47 28 52 81 90 69 12 90 69 66 47 28
52 81 12 81 90 69 66 47 28 52 81 90 69 66 47 28
52 81 90 12 81 90 69 66 47 28 52 81 90 69 66 47 28
52 81 90 12 90 69 66 47 28 52 81 90 69 66 47 28
52 81 90 69 12 90 69 66 47 28 52 81 90 69 66 47 28

51 94 93 10 9 14 32 51 94 93 10 9 14 32
51 94 93 10 9 14 32 51 94 11 94 93 10 9 14 32
51 94 93 10 9 14 32 51 94 93 11 94 93 10 9 14 32
51 94 93 10 9 14 32 51 94 93 11 93 10 9 14 32
51 94 93 10 9 14 32 51 94 93 10 11 93 10 9 14 32
51 94 11 94 93 10 9 14 32 51 94 93 10 9 14 32
51 94 93 11 94 93 10 9 14 32 51 94 93 10 9 14 32
51 94 93 11 93 10 9 14 32 51 94 93 10 9 14 32
51 94 93 10 11 93 10 9 14 32 51 94 93 10 9 14 32

31 61 96 83 98 77 6 31 61 96 83 98 77 6
31 61 96 83 98 77 6 31 61 9 61 96 83 98 77 6
31 61 96 83 98 77 6 31 61 96 9 61 96 83 98 77 6
31 61 96 83 98 77 6 31 61 96 9 96 83 98 77 6
31 61 96 83 98 77 6 31 61 96 83 9 96 83 98 77 6
31 61 9 61 96 83 98 77 6 31 61 96 83 98 77 6
31 61 96 9 61 96 83 98 77 6 31 61 96 83 98 77 6
31 61 96 9 96 83 98 77 6 31 61 96 83 98 77 6
31 61 96 83 9 96 83 98 77 6 31 61 96 83 98 77 6

41 27 69 82 88 19 49 41 27 69 82 88 19 49
41 27 69 82 88 19 49 41 27 9 27 69 82 88 19 49
41 27 69 82 88 19 49 41 27 69 9 27 69 82 88 19 49
41 27 69 82 88 19 49 41 27 69 9 69 82 88 19 49
41 27 69 82 88 19 49 41 27 69 82 9 69 82 88 19 49
41 27 9 27 69 82 88 19 49 41 27 69 82 88 19 49
41 27 69 9 27 69 82 88 19 49 41 27 69 82 88 19 49
41 27 69 9 69 82 88 19 49 41 27 69 82 88 19 49
41 27 69 82 9 69 82 88 19 49 41 27 69 82 88 19 49

52 57 46 43 53 28 42 52 57 46 43 53 28 42
52 57 46 43 53 28 42 52 57 16 57 46 43 53 28 42
52 57 46 43 53 28 42 52 57 46 16 57 46 43 53 28 42
52 57 46 43 53 28 42 52 57 46 16 46 43 53 28 42
52 57 46 43 53 28 42 52 57 46 43 16 46 43 53 28 42
52 57 16 57 46 43 53 28 42 52 57 46 43 53 28 42
52 57 46 16 57 46 43 53 28 42 52 57 46 43 53 28 42
52 57 46 16 46 43 53 28 42 52 57 46 43 53 28 42
52 57 46 43 16 46 43 53 28 42 52 57 46 43 53 28 42

51 89 33 49 13 45 25 51 89 33 49 13 45 25
51 89 33 49 13 45 25 51 89 12 89 33 49 13 45 25
51 89 33 49 13 45 25 51 89 33 12 89 33 49 13 45 25
51 89 33 49 13 45 25 51 89 33 12 33 49 13 45 25
51 89 33 49 13 45 25 51 89 33 49 12 33 49 13 45 25
51 89 12 89 33 49 13 45 25 51 89 33 49 13 45 25
51 89 33 12 89 33 49 13 45 25 51 89 33 49 13 45 25
51 89 33 12 33 49 13 45 25 51 89 33 49 13 45 25
51 89 33 49 12 33 49 13 45 25 51 89 33 49 13 45 25

45 36 97 14 51 11 39 45 36 97 14 51 11 39
45 36 97 14 51 11 39 45 36 20 36 97 14 51 11 39
45 36 97 14 51 11 39 45 36 97 20 36 97 14 51 11 39
45 36 97 14 51 11 39 45 36 97 20 97 14 51 11 39
45 36 97 14 51 11 39 45 36 97 14 20 97 14 51 11 39
45 36 20 36 97 14 51 11 39 45 36 97 14 51 11 39
45 36 97 20 36 97 14 51 11 39 45 36 97 14 51 11 39
45 36 97 20 97 14 51 11 39 45 36 97 14 51 11 39
45 36 97 14 20 97 14 51 11 39 45 36 97 14 51 11 39

56 68 11 61 53 39 25 56 68 11 61 53 39 25
56 68 11 61 53 39 25 56 68 15 68 11 61 53 39 25
56 68 11 61 53 39 25 56 68 11 15 68 11 61 53 39 25
56 68 11 61 53 39 25 56 68 11 15 11 61 53 39 25
56 68 11 61 53 39 25 56 68 11 61 15 11 61 53 39 25
56 68 15 68 11 61 53 39 25 56 68 11 61 53 39 25
56 68 11 15 68 11 61 53 39 25 56 68 11 61 53 39 25
56 68 11 15 11 61 53 39 25 56 68 11 61 53 39 25
56 68 11 61 15 11 61 53 39 25 56 68 11 61 53 39 25

76 89 76 37 74 53 72 76 89 76 37 74 53 72
76 89 76 37 74 53 72 76 89 17 89 76 37 74 53 72
76 89 76 37 74 53 72 76 89 76 17 89 76 37 74 53 72
76 89 76 37 74 53 72 76 89 76 17 76 37 74 53 72
76 89 76 37 74 53 72 76 89 76 37 17 76 37 74 53 72
76 89 17 89 76 37 74 53 72 76 89 76 37 74 53 72
76 89 76 17 89 76 37 74 53 72 76 89 76 37 74 53 72
76 89 76 17 76 37 74 53 72 76 89 76 37 74 53 72
76 89 76 37 17 76 37 74 53 72 76 89 76 37 74 53 72

83 69 80 26 80 89 65 83 69 80 26 80 89 65
83 69 80 26 80 89 65 83 69 19 69 80 26 80 89 65
83 69 80 26 80 89 65 83 69 80 19 69 80 26 80 89 65
83 69 80 26 80 89 65 83 69 80 19 80 26 80 89 65
83 69 80 26 80 89 65 83 69 80 26 19 80 26 80 89 65
83 69 19 69 80 26 80 89 65 83 69 80 26 80 89 65
83 69 80 19 69 80 26 80 89 65 83 69 80 26 80 89 65
83 69 80 19 80 26 80 89 65 83 69 80 26 80 89 65
83 69 80 26 19 80 26 80 89 65 83 69 80 26 80 89 65

25 35 89 77 47 17 22 25 35 89 77 47 17 22
25 35 89 77 47 17 22 25 35 18 35 89 77 47 17 22
25 35 89 77 47 17 22 25 35 89 18 35 89 77 47 17 22
25 35 89 77 47 17 22 25 35 89 18 89 77 47 17 22
25 35 89 77 47 17 22 25 35 89 77 18 89 77 47 17 22
25 35 18 35 89 77 47 17 22 25 35 89 77 47 17 22
25 35 89 18 35 89 77 47 17 22 25 35 89 77 47 17 22
25 35 89 18 89 77 47 17 22 25 35 89 77 47 17 22
25 35 89 77 18 89 77 47 17 22 25 35 89 77 47 17 22

49 46 41 76 99 22 37 49 46 41 76 99 22 37
49 46 41 76 99 22 37 49 46 7 46 41 76 99 22 37
49 46 41 76 99 22 37 49 46 41 7 46 41 76 99 22 37
49 46 41 76 99 22 37 49 46 41 7 41 76 99 22 37
49 46 41 76 99 22 37 49 46 41 76 7 41 76 99 22 37
49 46 7 46 41 76 99 22 37 49 46 41 76 99 22 37
49 46 41 7 46 41 76 99 22 37 49 46 41 76 99 22 37
49 46 41 7 41 76 99 22 37 49 46 41 76 99 22 37
49 46 41 76 7 41 76 99 22 37 49 46 41 76 99 22 37

78 91 71 87 53 67 85 78 91 71 87 53 67 85
78 91 71 87 53 67 85 78 91 10 91 71 87 53 67 85
78 91 71 87 53 67 85 78 91 71 10 91 71 87 53 67 85
78 91 71 87 53 67 85 78 91 71 10 71 87 53 67 85
78 91 71 87 53 67 85 78 91 71 87 10 71 87 53 67 85
78 91 10 91 71 87 53 67 85 78 91 71 87 53 67 85
78 91 71 10 91 71 87 53 67 85 78 91 71 87 53 67 85
78 91 71 10 71 87 53 67 85 78 91 71 87 53 67 85
78 91 71 87 10 71 87 53 67 85 78 91 71 87 53 67 85

46 45 73 12 61 63 28 46 45 73 12 61 63 28
46 45 73 12 61 63 28 46 45 7 45 73 12 61 63 28
46 45 73 12 61 63 28 46 45 73 7 45 73 12 61 63 28
46 45 73 12 61 63 28 46 45 73 7 73 12 61 63 28
46 45 73 12 61 63 28 46 45 73 12 7 73 12 61 63 28
46 45 7 45 73 12 61 63 28 46 45 73 12 61 63 28
46 45 73 7 45 73 12 61 63 28 46 45 73 12 61 63 28
46 45 73 7 73 12 61 63 28 46 45 73 12 61 63 28
46 45 73 12 7 73 12 61 63 28 46 45 73 12 61 63 28

41 30 83 61 34 48 88 41 30 83 61 34 48 88
41 30 83 61 34 48 88 41 30 20 30 83 61 34 48 88
41 30 83 61 34 48 88 41 30 83 20 30 83 61 34 48 88
41 30 83 61 34 48 88 41 30 83 20 83 61 34 48 88
41 30 83 61 34 48 88 41 30 83 61 20 83 61 34 48 88
41 30 20 30 83 61 34 48 88 41 30 83 61 34 48 88
41 30 83 20 30 83 61 34 48 88 41 30 83 61 34 48 88
41 30 83 20 83 61 34 48 88 41 30 83 61 34 48 88
41 30 83 61 20 83 61 34 48 88 41 30 83 61 34 48 88

89 26 85 60 47 81 33 89 26 85 60 47 81 33
89 26 85 60 47 81 33 89 26 7 26 85 60 47 81 33
89 26 85 60 47 81 33 89 26 85 7 26 85 60 47 81 33
89 26 85 60 47 81 33 89 26 85 7 85 60 47 81 33
89 26 85 60 47 81 33 89 26 85 60 7 85 60 47 81 33
89 26 7 26 85 60 47 81 33 89 26 85 60 47 81 33
89 26 85 7 26 85 60 47 81 33 89 26 85 60 47 81 33
89 26 85 7 85 60 47 81 33 89 26 85 60 47 81 33
89 26 85 60 7 85 60 47 81 33 89 26 85 60 47 81 33

47 35 27 22 73 85 22 47 35 27 22 73 85 22
47 35 27 22 73 85 22 47 35 20 35 27 22 73 85 22
47 35 27 22 73 85 22 47 35 27 20 35 27 22 73 85 22
47 35 27 22 73 85 22 47 35 27 20 27 22 73 85 22
47 35 27 22 73 85 22 47 35 27 22 20 27 22 73 85 22
47 35 20 35 27 22 73 85 22 47 35 27 22 73 85 22
47 35 27 20 35 27 22 73 85 22 47 35 27 22 73 85 22
47 35 27 20 27 22 73 85 22 47 35 27 22 73 85 22
47 35 27 22 20 27 22 73 85 22 47 35 27 22 73 85 22

91 99 79 79 44 22 12 91 99 79 79 44 22 12
91 99 79 79 44 22 12 91 99 5 99 79 79 44 22 12
91 99 79 79 44 22 12 91 99 79 5 99 79 79 44 22 12
91 99 79 79 44 22 12 91 99 79 5 79 79 44 22 12
91 99 79 79 44 22 12 91 99 79 79 5 79 79 44 22 12
91 99 5 99 79 79 44 22 12 91 99 79 79 44 22 12
91 99 79 5 99 79 79 44 22 12 91 99 79 79 44 22 12
91 99 79 5 79 79 44 22 12 91 99 79 79 44 22 12
91 99 79 79 5 79 79 44 22 12 91 99 79 79 44 22 12

12 29 89 14 58 94 100 12 29 89 14 58 94 100
12 29 89 14 58 94 100 12 29 12 29 89 14 58 94 100
12 29 89 14 58 94 100 12 29 89 12 29 89 14 58 94 100
12 29 89 14 58 94 100 12 29 89 12 89 14 58 94 100
12 29 89 14 58 94 100 12 29 89 14 12 89 14 58 94 100
12 29 12 29 89 14 58 94 100 12 29 89 14 58 94 100
12 29 89 12 29 89 14 58 94 100 12 29 89 14 58 94 100
12 29 89 12 89 14 58 94 100 12 29 89 14 58 94 100
12 29 89 14 12 89 14 58 94 100 12 29 89 14 58 94 100

30 79 8 38 26 98 34 30 79 8 38 26 98 34
30 79 8 38 26 98 34 30 79 20 79 8 38 26 98 34
30 79 8 38 26 98 34 30 79 8 20 79 8 38 26 98 34
30 79 8 38 26 98 34 30 79 8 20 8 38 26 98 34
30 79 8 38 26 98 34 30 79 8 38 20 8 38 26 98 34
30 79 20 79 8 38 26 98 34 30 79 8 38 26 98 34
30 79 8 20 79 8 38 26 98 34 30 79 8 38 26 98 34
30 79 8 20 8 38 26 98 34 30 79 8 38 26 98 34
30 79 8 38 20 8 38 26 98 34 30 79 8 38 26 98 34

47 33 62 82 88 32 86 47 33 62 82 88 32 86
47 33 62 82 88 32 86 47 33 7 33 62 82 88 32 86
47 33 62 82 88 32 86 47 33 62 7 33 62 82 88 32 86
47 33 62 82 88 32 86 47 33 62 7 62 82 88 32 86
47 33 62 82 88 32 86 47 33 62 82 7 62 82 88 32 86
47 33 7 33 62 82 88 32 86 47 33 62 82 88 32 86
47 33 62 7 33 62 82 88 32 86 47 33 62 82 88 32 86
47 33 62 7 62 82 88 32 86 47 33 62 82 88 32 86
47 33 62 82 7 62 82 88 32 86 47 33 62 82 88 32 86

65 86 65 30 62 70 64 65 86 65 30 62 70 64
65 86 65 30 62 70 64 65 86 9 86 65 30 62 70 64
65 86 65 30 62 70 64 65 86 65 9 86 65 30 62 70 64
65 86 65 30 62 70 64 65 86 65 9 65 30 62 70 64
65 86 65 30 62 70 64 65 86 65 30 9 65 30 62 70 64
65 86 9 86 65 30 62 70 64 65 86 65 30 62 70 64
65 86 65 9 86 65 30 62 70 64 65 86 65 30 62 70 64
65 86 65 9 65 30 62 70 64 65 86 65 30 62 70 64
65 86 65 30 9 65 30 62 70 64 65 86 65 30 62 70 64

68 100 23 27 19 61 94 68 100 23 27 19 61 94
68 100 23 27 19 61 94 68 100 13 100 23 27 19 61 94
68 100 23 27 19 61 94 68 100 23 13 100 23 27 19 61 94
68 100 23 27 19 61 94 68 100 23 13 23 27 19 61 94
68 100 23 27 19 61 94 68 100 23 27 13 23 27 19 61 94
68 100 13 100 23 27 19 61 94 68 100 23 27 19 61 94
68 100 23 13 100 23 27 19 61 94 68 100 23 27 19 61 94
68 100 23 13 23 27 19 61 94 68 100 23 27 19 61 94
68 100 23 27 13 23 27 19 61 94 68 100 23 27 19 61 94

96 76 74 78 99 11 36 96 76 74 78 99 11 36
96 76 74 78 99 11 36 96 76 11 76 74 78 99 11 36
96 76 74 78 99 11 36 96 76 74 11 76 74 78 99 11 36
96 76 74 78 99 11 36 96 76 74 11 74 78 99 11 36
96 76 74 78 99 11 36 96 76 74 78 11 74 78 99 11 36
96 76 11 76 74 78 99 11 36 96 76 74 78 99 11 36
96 76 74 11 76 74 78 99 11 36 96 76 74 78 99 11 36
96 76 74 11 74 78 99 11 36 96 76 74 78 99 11 36
96 76 74 78 11 74 78 99 11 36 96 76 74 78 99 11 36

15 44 32 20 39 98 45 15 44 32 20 39 98 45
15 44 32 20 39 98 45 15 44 6 44 32 20 39 98 45
15 44 32 20 39 98 45 15 44 32 6 44 32 20 39 98 45
15 44 32 20 39 98 45 15 44 32 6 32 20 39 98 45
15 44 32 20 39 98 45 15 44 32 20 6 32 20 39 98 45
15 44 6 44 32 20 39 98 45 15 44 32 20 39 98 45
15 44 32 6 44 32 20 39 98 45 15 44 32 20 39 98 45
15 44 32 6 32 20 39 98 45 15 44 32 20 39 98 45
15 44 32 20 6 32 20 39 98 45 15 44 32 20 39 98 45

87 68 45 28 50 81 29 87 68 45 28 50 81 29
87 68 45 28 50 81 29 87 68 18 68 45 28 50 81 29
87 68 45 28 50 81 29 87 68 45 18 68 45 28 50 81 29
87 68 45 28 50 81 29 87 68 45 18 45 28 50 81 29
87 68 45 28 50 81 29 87 68 45 28 18 45 28 50 81 29
87 68 18 68 45 28 50 81 29 87 68 45 28 50 81 29
87 68 45 18 68 45 28 50 81 29 87 68 45 28 50 81 29
87 68 45 18 45 28 50 81 29 87 68 45 28 50 81 29
87 68 45 28 18 45 28 50 81 29 87 68 45 28 50 81 29

16 69 10 75 44 63 63 16 69 10 75 44 63 63
16 69 10 75 44 63 63 16 69 5 69 10 75 44 63 63
16 69 10 75 44 63 63 16 69 10 5 69 10 75 44 63 63
16 69 10 75 44 63 63 16 69 10 5 10 75 44 63 63
16 69 10 75 44 63 63 16 69 10 75 5 10 75 44 63 63
16 69 5 69 10 75 44 63 63 16 69 10 75 44 63 63
16 69 10 5 69 10 75 44 63 63 16 69 10 75 44 63 63
16 69 10 5 10 75 44 63 63 16 69 10 75 44 63 63
16 69 10 75 5 10 75 44 63 63 16 69 10 75 44 63 63

80 62 85 82 93 21 11 80 62 85 82 93 21 11
80 62 85 82 93 21 11 80 62 19 62 85 82 93 21 11
80 62 85 82 93 21 11 80 62 85 19 62 85 82 93 21 11
80 62 85 82 93 21 11 80 62 85 19 85 82 93 21 11
80 62 85 82 93 21 11 80 62 85 82 19 85 82 93 21 11
80 62 19 62 85 82 93 21 11 80 62 85 82 93 21 11
80 62 85 19 62 85 82 93 21 11 80 62 85 82 93 21 11
80 62 85 19 85 82 93 21 11 80 62 85 82 93 21 11
80 62 85 82 19 85 82 93 21 11 80 62 85 82 93 21 11

15 87 59 77 6 21 87 15 87 59 77 6 21 87
15 87 59 77 6 21 87 15 87 8 87 59 77 6 21 87
15 87 59 77 6 21 87 15 87 59 8 87 59 77 6 21 87
15 87 59 77 6 21 87 15 87 59 8 59 77 6 21 87
15 87 59 77 6 21 87 15 87 59 77 8 59 77 6 21 87
15 87 8 87 59 77 6 21 87 15 87 59 77 6 21 87
15 87 59 8 87 59 77 6 21 87 15 87 59 77 6 21 87
15 87 59 8 59 77 6 21 87 15 87 59 77 6 21 87
15 87 59 77 8 59 77 6 21 87 15 87 59 77 6 21 87

44 85 54 62 92 60 90 44 85 54 62 92 60 90
44 85 54 62 92 60 90 44 85 17 85 54 62 92 60 90
44 85 54 62 92 60 90 44 85 54 17 85 54 62 92 60 90
44 85 54 62 92 60 90 44 85 54 17 54 62 92 60 90
44 85 54 62 92 60 90 44 85 54 62 17 54 62 92 60 90
44 85 17 85 54 62 92 60 90 44 85 54 62 92 60 90
44 85 54 17 85 54 62 92 60 90 44 85 54 62 92 60 90
44 85 54 17 54 62 92 60 90 44 85 54 62 92 60 90
44 85 54 62 17 54 62 92 60 90 44 85 54 62 92 60 90

26 81 10 19 25 85 24 26 81 10 19 25 85 24
26 81 10 19 25 85 24 26 81 19 81 10 19 25 85 24
26 81 10 19 25 85 24 26 81 10 19 81 10 19 25 85 24
26 81 10 19 25 85 24 26 81 10 19 10 19 25 85 24
26 81 10 19 25 85 24 26 81 10 19 19 10 19 25 85 24
26 81 19 81 10 19 25 85 24 26 81 10 19 25 85 24
26 81 10 19 81 10 19 25 85 24 26 81 10 19 25 85 24
26 81 10 19 10 19 25 85 24 26 81 10 19 25 85 24
26 81 10 19 19 10 19 25 85 24 26 81 10 19 25 85 24

26 36 63 99 17 29 62 26 36 63 99 17 29 62
26 36 63 99 17 29 62 26 36 5 36 63 99 17 29 62
26 36 63 99 17 29 62 26 36 63 5 36 63 99 17 29 62
26 36 63 99 17 29 62 26 36 63 5 63 99 17 29 62
26 36 63 99 17 29 62 26 36 63 99 5 63 99 17 29 62
26 36 5 36 63 99 17 29 62 26 36 63 99 17 29 62
26 36 63 5 36 63 99 17 29 62 26 36 63 99 17 29 62
26 36 63 5 63 99 17 29 62 26 36 63 99 17 29 62
26 36 63 99 5 63 99 17 29 62 26 36 63 99 17 29 62

51 14 51 13 31 29 89 51 14 51 13 31 29 89
51 14 51 13 31 29 89 51 14 9 14 51 13 31 29 89
51 14 51 13 31 29 89 51 14 51 9 14 51 13 31 29 89
51 14 51 13 31 29 89 51 14 51 9 51 13 31 29 89
51 14 51 13 31 29 89 51 14 51 13 9 51 13 31 29 89
51 14 9 14 51 13 31 29 89 51 14 51 13 31 29 89
51 14 51 9 14 51 13 31 29 89 51 14 51 13 31 29 89
51 14 51 9 51 13 31 29 89 51 14 51 13 31 29 89
51 14 51 13 9 51 13 31 29 89 51 14 51 13 31 29 89

5 73 73 81 84 38 65 5 73 73 81 84 38 65
5 73 73 81 84 38 65 5 73 14 73 73 81 84 38 65
5 73 73 81 84 38 65 5 73 73 14 73 73 81 84 38 65
5 73 73 81 84 38 65 5 73 73 14 73 81 84 38 65
5 73 73 81 84 38 65 5 73 73 81 14 73 81 84 38 65
5 73 14 73 73 81 84 38 65 5 73 73 81 84 38 65
5 73 73 14 73 73 81 84 38 65 5 73 73 81 84 38 65
5 73 73 14 73 81 84 38 65 5 73 73 81 84 38 65
5 73 73 81 14 73 81 84 38 65 5 73 73 81 84 38 65

10 20 67 60 98 78 43 10 20 67 60 98 78 43
10 20 67 60 98 78 43 10 20 7 20 67 60 98 78 43
10 20 67 60 98 78 43 10 20 67 7 20 67 60 98 78 43
10 20 67 60 98 78 43 10 20 67 7 67 60 98 78 43
10 20 67 60 98 78 43 10 20 67 60 7 67 60 98 78 43
10 20 7 20 67 60 98 78 43 10 20 67 60 98 78 43
10 20 67 7 20 67 60 98 78 43 10 20 67 60 98 78 43
10 20 67 7 67 60 98 78 43 10 20 67 60 98 78 43
10 20 67 60 7 67 60 98 78 43 10 20 67 60 98 78 43

23 34 45 85 77 70 18 23 34 45 85 77 70 18
23 34 45 85 77 70 18 23 34 8 34 45 85 77 70 18
23 34 45 85 77 70 18 23 34 45 8 34 45 85 77 70 18
23 34 45 85 77 70 18 23 34 45 8 45 85 77 70 18
23 34 45 85 77 70 18 23 34 45 85 8 45 85 77 70 18
23 34 8 34 45 85 77 70 18 23 34 45 85 77 70 18
23 34 45 8 34 45 85 77 70 18 23 34 45 85 77 70 18
23 34 45 8 45 85 77 70 18 23 34 45 85 77 70 18
23 34 45 85 8 45 85 77 70 18 23 34 45 85 77 70 18

42 86 53 32 59 79 11 42 86 53 32 59 79 11
42 86 53 32 59 79 11 42 86 10 86 53 32 59 79 11
42 86 53 32 59 79 11 42 86 53 10 86 53 32 59 79 11
42 86 53 32 59 79 11 42 86 53 10 53 32 59 79 11
42 86 53 32 59 79 11 42 86 53 32 10 53 32 59 79 11
42 86 10 86 53 32 59 79 11 42 86 53 32 59 79 11
42 86 53 10 86 53 32 59 79 11 42 86 53 32 59 79 11
42 86 53 10 53 32 59 79 11 42 86 53 32 59 79 11
42 86 53 32 10 53 32 59 79 11 42 86 53 32 59 79 11

16 53 75 47 100 55 58 16 53 75 47 100 55 58
16 53 75 47 100 55 58 16 53 7 53 75 47 100 55 58
16 53 75 47 100 55 58 16 53 75 7 53 75 47 100 55 58
16 53 75 47 100 55 58 16 53 75 7 75 47 100 55 58
16 53 75 47 100 55 58 16 53 75 47 7 75 47 100 55 58
16 53 7 53 75 47 100 55 58 16 53 75 47 100 55 58
16 53 75 7 53 75 47 100 55 58 16 53 75 47 100 55 58
16 53 75 7 75 47 100 55 58 16 53 75 47 100 55 58
16 53 75 47 7 75 47 100 55 58 16 53 75 47 100 55 58

32 38 71 92 20 94 70 32 38 71 92 20 94 70
32 38 71 92 20 94 70 32 38 9 38 71 92 20 94 70
32 38 71 92 20 94 70 32 38 71 9 38 71 92 20 94 70
32 38 71 92 20 94 70 32 38 71 9 71 92 20 94 70
32 38 71 92 20 94 70 32 38 71 92 9 71 92 20 94 70
32 38 9 38 71 92 20 94 70 32 38 71 92 20 94 70
32 38 71 9 38 71 92 20 94 70 32 38 71 92 20 94 70
32 38 71 9 71 92 20 94 70 32 38 71 92 20 94 70
32 38 71 92 9 71 92 20 94 70 32 38 71 92 20 94 70

54 37 52 48 98 59 47 54 37 52 48 98 59 47
54 37 52 48 98 59 47 54 37 8 37 52 48 98 59 47
54 37 52 48 98 59 47 54 37 52 8 37 52 48 98 59 47
54 37 52 48 98 59 47 54 37 52 8 52 48 98 59 47
54 37 52 48 98 59 47 54 37 52 48 8 52 48 98 59 47
54 37 8 37 52 48 98 59 47 54 37 52 48 98 59 47
54 37 52 8 37 52 48 98 59 47 54 37 52 48 98 59 47
54 37 52 8 52 48 98 59 47 54 37 52 48 98 59 47
54 37 52 48 8 52 48 98 59 47 54 37 52 48 98 59 47

18 6 37 11 43 65 72 18 6 37 11 43 65 72
18 6 37 11 43 65 72 18 6 9 6 37 11 43 65 72
18 6 37 11 43 65 72 18 6 37 9 6 37 11 43 65 72
18 6 37 11 43 65 72 18 6 37 9 37 11 43 65 72
18 6 37 11 43 65 72 18 6 37 11 9 37 11 43 65 72
18 6 9 6 37 11 43 65 72 18 6 37 11 43 65 72
18 6 37 9 6 37 11 43 65 72 18 6 37 11 43 65 72
18 6 37 9 37 11 43 65 72 18 6 37 11 43 65 72
18 6 37 11 9 37 11 43 65 72 18 6 37 11 43 65 72

59 38 51 99 30 95 49 59 38 51 99 30 95 49
59 38 51 99 30 95 49 59 38 5 38 51 99 30 95 49
59 38 51 99 30 95 49 59 38 51 5 38 51 99 30 95 49
59 38 51 99 30 95 49 59 38 51 5 51 99 30 95 49
59 38 51 99 30 95 49 59 38 51 99 5 51 99 30 95 49
59 38 5 38 51 99 30 95 49 59 38 51 99 30 95 49
59 38 51 5 38 51 99 30 95 49 59 38 51 99 30 95 49
59 38 51 5 51 99 30 95 49 59 38 51 99 30 95 49
59 38 51 99 5 51 99 30 95 49 59 38 51 99 30 95 49

47 52 12 81 18 34 61 47 52 12 81 18 34 61
47 52 12 81 18 34 61 47 52 14 52 12 81 18 34 61
47 52 12 81 18 34 61 47 52 12 14 52 12 81 18 34 61
47 52 12 81 18 34 61 47 52 12 14 12 81 18 34 61
47 52 12 81 18 34 61 47 52 12 81 14 12 81 18 34 61
47 52 14 52 12 81 18 34 61 47 52 12 81 18 34 61
47 52 12 14 52 12 81 18 34 61 47 52 12 81 18 34 61
47 52 12 14 12 81 18 34 61 47 52 12 81 18 34 61
47 52 12 81 14 12 81 18 34 61 47 52 12 81 18 34 61

43 88 55 58 44 40 47 43 88 55 58 44 40 47
43 88 55 58 44 40 47 43 88 7 88 55 58 44 40 47
43 88 55 58 44 40 47 43 88 55 7 88 55 58 44 40 47
43 88 55 58 44 40 47 43 88 55 7 55 58 44 40 47
43 88 55 58 44 40 47 43 88 55 58 7 55 58 44 40 47
43 88 7 88 55 58 44 40 47 43 88 55 58 44 40 47
43 88 55 7 88 55 58 44 40 47 43 88 55 58 44 40 47
43 88 55 7 55 58 44 40 47 43 88 55 58 44 40 47
43 88 55 58 7 55 58 44 40 47 43 88 55 58 44 40 47

33 21 34 30 76 91 47 33 21 34 30 76 91 47
33 21 34 30 76 91 47 33 21 9 21 34 30 76 91 47
33 21 34 30 76 91 47 33 21 34 9 21 34 30 76 91 47
33 21 34 30 76 91 47 33 21 34 9 34 30 76 91 47
33 21 34 30 76 91 47 33 21 34 30 9 34 30 76 91 47
33 21 9 21 34 30 76 91 47 33 21 34 30 76 91 47
33 21 34 9 21 34 30 76 91 47 33 21 34 30 76 91 47
33 21 34 9 34 30 76 91 47 33 21 34 30 76 91 47
33 21 34 30 9 34 30 76 91 47 33 21 34 30 76 91 47

5 66 9 26 32 42 48 5 66 9 26 32 42 48
5 66 9 26 32 42 48 5 66 12 66 9 26 32 42 48
5 66 9 26 32 42 48 5 66 9 12 66 9 26 32 42 48
5 66 9 26 32 42 48 5 66 9 12 9 26 32 42 48
5 66 9 26 32 42 48 5 66 9 26 12 9 26 32 42 48
5 66 12 66 9 26 32 42 48 5 66 9 26 32 42 48
5 66 9 12 66 9 26 32 42 48 5 66 9 26 32 42 48
5 66 9 12 9 26 32 42 48 5 66 9 26 32 42 48
5 66 9 26 12 9 26 32 42 48 5 66 9 26 32 42 48

56 54 32 50 58 93 14 56 54 32 50 58 93 14
56 54 32 50 58 93 14 56 54 16 54 32 50 58 93 14
56 54 32 50 58 93 14 56 54 32 16 54 32 50 58 93 14
56 54 32 50 58 93 14 56 54 32 16 32 50 58 93 14
56 54 32 50 58 93 14 56 54 32 50 16 32 50 58 93 14
56 54 16 54 32 50 58 93 14 56 54 32 50 58 93 14
56 54 32 16 54 32 50 58 93 14 56 54 32 50 58 93 14
56 54 32 16 32 50 58 93 14 56 54 32 50 58 93 14
56 54 32 50 16 32 50 58 93 14 56 54 32 50 58 93 14

85 51 15 79 73 42 89 85 51 15 79 73 42 89
85 51 15 79 73 42 89 85 51 18 51 15 79 73 42 89
85 51 15 79 73 42 89 85 51 15 18 51 15 79 73 42 89
85 51 15 79 73 42 89 85 51 15 18 15 79 73 42 89
85 51 15 79 73 42 89 85 51 15 79 18 15 79 73 42 89
85 51 18 51 15 79 73 42 89 85 51 15 79 73 42 89
85 51 15 18 51 15 79 73 42 89 85 51 15 79 73 42 89
85 51 15 18 15 79 73 42 89 85 51 15 79 73 42 89
85 51 15 79 18 15 79 73 42 89 85 51 15 79 73 42 89

46 73 25 86 49 41 53 46 73 25 86 49 41 53
46 73 25 86 49 41 53 46 73 18 73 25 86 49 41 53
46 73 25 86 49 41 53 46 73 25 18 73 25 86 49 41 53
46 73 25 86 49 41 53 46 73 25 18 25 86 49 41 53
46 73 25 86 49 41 53 46 73 25 86 18 25 86 49 41 53
46 73 18 73 25 86 49 41 53 46 73 25 86 49 41 53
46 73 25 18 73 25 86 49 41 53 46 73 25 86 49 41 53
46 73 25 18 25 86 49 41 53 46 73 25 86 49 41 53
46 73 25 86 18 25 86 49 41 53 46 73 25 86 49 41 53

100 32 66 93 33 21 22 100 32 66 93 33 21 22
100 32 66 93 33 21 22 100 32 5 32 66 93 33 21 22
100 32 66 93 33 21 22 100 32 66 5 32 66 93 33 21 22
100 32 66 93 33 21 22 100 32 66 5 66 93 33 21 22
100 32 66 93 33 21 22 100 32 66 93 5 66 93 33 21 22
100 32 5 32 66 93 33 21 22 100 32 66 93 33 21 22
100 32 66 5 32 66 93 33 21 22 100 32 66 93 33 21 22
100 32 66 5 66 93 33 21 22 100 32 66 93 33 21 22
100 32 66 93 5 66 93 33 21 22 100 32 66 93 33 21 22

12 72 96 10 8 16 59 12 72 96 10 8 16 59
12 72 96 10 8 16 59 12 72 9 72 96 10 8 16 59
12 72 96 10 8 16 59 12 72 96 9 72 96 10 8 16 59
12 72 96 10 8 16 59 12 72 96 9 96 10 8 16 59
12 72 96 10 8 16 59 12 72 96 10 9 96 10 8 16 59
12 72 9 72 96 10 8 16 59 12 72 96 10 8 16 59
12 72 96 9 72 96 10 8 16 59 12 72 96 10 8 16 59
12 72 96 9 96 10 8 16 59 12 72 96 10 8 16 59
12 72 96 10 9 96 10 8 16 59 12 72 96 10 8 16 59

15 83 22 63 44 14 90 15 83 22 63 44 14 90
15 83 22 63 44 14 90 15 83 16 83 22 63 44 14 90
15 83 22 63 44 14 90 15 83 22 16 83 22 63 44 14 90
15 83 22 63 44 14 90 15 83 22 16 22 63 44 14 90
15 83 22 63 44 14 90 15 83 22 63 16 22 63 44 14 90
15 83 16 83 22 63 44 14 90 15 83 22 63 44 14 90
15 83 22 16 83 22 63 44 14 90 15 83 22 63 44 14 90
15 83 22 16 22 63 44 14 90 15 83 22 63 44 14 90
15 83 22 63 16 22 63 44 14 90 15 83 22 63 44 14 90

11 41 21 35 76 10 41 11 41 21 35 76 10 41
11 41 21 35 76 10 41 11 41 5 41 21 35 76 10 41
11 41 21 35 76 10 41 11 41 21 5 41 21 35 76 10 41
11 41 21 35 76 10 41 11 41 21 5 21 35 76 10 41
11 41 21 35 76 10 41 11 41 21 35 5 21 35 76 10 41
11 41 5 41 21 35 76 10 41 11 41 21 35 76 10 41
11 41 21 5 41 21 35 76 10 41 11 41 21 35 76 10 41
11 41 21 5 21 35 76 10 41 11 41 21 35 76 10 41
11 41 21 35 5 21 35 76 10 41 11 41 21 35 76 10 41

