200
7
4
2

1
19
19
20
9
3
15
28
17
29
19
13
8
29
15
23
20
29
4
23
3
21
30
18
13
3
20
23
19
18
15
26
17
6
18
1
6
21
17
6
27
0
9
12
26
10
12
1
15
18
24
11
0
25
12
5
12
9
4
15
6
25
27
19
7
29
10
27
10
7
30
0
28
1
3
10
30
4
26
1
6
22
16
24
0
30
27
12
21
27
3
15
7
24
8
4
20
27
3
1
3
29
20
26
26
8
22
1
6
3
4
13
17
18
9
1
18
13
29
19
6
2
24
28
26
9
28
23
25
16
19
4
22
14
0
21
3
10
7
9
11
18
24
9
9
19
10
22
14
8
18
4
21
10
30
20
6
6
26
29
11
21
15
15
20
1
0
8
5
5
30
30
3
18
5
25
21
20
1
22
3
26
7
29
16
14
13
27
29
12
19
25
24
20
28
2
27
6
16
18

88 98 
102 85 
95 81 
59 105 
56 71 
96 68 
106 98 
33 76 
50 40 
11 110 
90 102 
74 63 
102 99 
22 82 
29 62 
74 84 
85 61 
74 58 
48 114 
108 69 
47 76 
85 58 
70 71 
17 104 
91 54 
108 38 
87 80 
61 28 
56 75 
111 18 
85 37 
98 22 
75 88 
117 66 
102 27 
49 19 
54 32 
55 57 
110 88 
94 105 
86 49 
56 91 
98 84 
77 47 
95 64 
112 109 
96 74 
33 69 
114 66 
74 64 
104 31 
49 74 
42 100 
64 74 
67 97 
30 58 
104 25 
54 94 
71 28 
96 27 
86 89 
86 90 
76 82 
23 23 
13 98 
34 87 
14 82 
68 87 
13 46 
49 107 
105 27 
47 45 
99 81 
89 116 
111 25 
89 71 
95 99 
20 37 
103 58 
69 19 
25 67 
64 86 
38 53 
87 42 
73 42 
89 16 
119 22 
117 72 
53 44 
75 84 
75 22 
70 52 
40 101 
40 30 
38 84 
102 38 
42 88 
86 96 
104 72 
15 45 
26 43 
27 36 
37 68 
76 54 
107 83 
81 81 
67 110 
93 78 
56 23 
99 97 
50 83 
22 61 
59 91 
18 83 
36 61 
94 63 
82 62 
82 97 
82 90 
78 102 
74 112 
103 21 
83 110 
89 93 
85 67 
50 28 
104 16 
67 110 
15 34 
96 39 
66 31 
48 28 
21 58 
75 104 
44 118 
50 54 
93 56 
38 105 
97 67 
60 89 
33 83 
50 66 
52 100 
111 76 
41 91 
98 70 
33 35 
93 101 
103 38 
75 18 
111 36 
102 72 
116 106 
68 84 
23 25 
47 57 
34 109 
104 66 
28 101 
113 112 
80 40 
46 15 
48 63 
60 92 
72 68 
36 17 
20 87 
55 107 
113 55 
36 86 
97 52 
54 25 
106 101 
38 14 
86 37 
100 85 
63 116 
98 23 
67 46 
88 102 
94 77 
81 32 
70 45 
109 22 
25 25 
62 85 
118 92 
55 82 
84 85 
50 95 
113 81 
97 27 
30 97 
104 102 
23 87 
81 36 
62 76 
53 112 
41 43 
25 31 

2023
2101
2564
2190
1623
2121
2237
1989
1711
1767
2131
1945
2212
1176
1272
2204
2008
2462
2410
2248
2023
1764
1556
1741
1943
2586
2282
1686
1947
1686
1686
2204
2227
2473
1609
985
1811
1827
1870
2517
2241
1770
1869
1348
1931
2085
2367
1152
2164
2101
1642
1426
1644
2128
2245
1667
1448
2138
1495
1951
2046
2031
2249
641
2084
1465
1876
1734
1857
2816
1634
2290
2179
2317
1818
2234
1744
1410
2476
1173
1534
2067
1644
1639
1570
1147
2041
2011
1535
1970
1466
1507
1856
1556
2488
1781
1860
2601
2492
1180
1431
1804
1714
1540
2832
2319
2295
1669
1481
2213
1694
1647
1940
1706
1204
2092
1639
1534
2303
2840
2303
1809
2166
2549
2375
1376
2339
2228
816
1590
1688
1738
1681
1341
1342
2224
1858
1939
1587
1931
2379
1630
2323
2168
1972
1840
1744
2367
1974
1631
1959
1982
2498
1984
1496
1768
1794
2010
1697
2516
1604
1544
1564
2678
1942
1522
1538
1970
1806
1726
1438
1338
2250
1494
1772
1970
2056
2370
1985
1881
1699
1503
1585
2528
1587
2139
2034
2154
2480
1974
2361
1614
1021
1963
1569
1561
1819
1962
1657
1111

1 2 3 4 5 1 2 3 4 5 6 7
1 2 3 4 5 1 2 100 102 3 4 5 6 7
1 2 3 4 5 1 2 3 100 102 103 4 5 6 7
1 2 3 4 5 1 2 3 100 103 4 5 6 7
1 2 3 4 5 1 2 3 4 100 103 104 5 6 7
1 2 100 102 3 4 5 1 2 3 4 5 6 7
1 2 3 100 102 103 4 5 1 2 3 4 5 6 7
1 2 3 100 103 4 5 1 2 3 4 5 6 7
1 2 3 4 100 103 104 5 1 2 3 4 5 6 7

48 82 77 82 12 82 18 48 82 77 82 12 82 18
48 82 77 82 12 82 18 48 82 12 82 77 82 12 82 18
48 82 77 82 12 82 18 48 82 77 12 82 77 82 12 82 18
48 82 77 82 12 82 18 48 82 77 12 77 82 12 82 18
48 82 77 82 12 82 18 48 82 77 82 12 77 82 12 82 18
48 82 12 82 77 82 12 82 18 48 82 77 82 12 82 18
48 82 77 12 82 77 82 12 82 18 48 82 77 82 12 82 18
48 82 77 12 77 82 12 82 18 48 82 77 82 12 82 18
48 82 77 82 12 77 82 12 82 18 48 82 77 82 12 82 18

48 21 97 73 56 96 40 48 21 97 73 56 96 40
48 21 97 73 56 96 40 48 21 18 21 97 73 56 96 40
48 21 97 73 56 96 40 48 21 97 18 21 97 73 56 96 40
48 21 97 73 56 96 40 48 21 97 18 97 73 56 96 40
48 21 97 73 56 96 40 48 21 97 73 18 97 73 56 96 40
48 21 18 21 97 73 56 96 40 48 21 97 73 56 96 40
48 21 97 18 21 97 73 56 96 40 48 21 97 73 56 96 40
48 21 97 18 97 73 56 96 40 48 21 97 73 56 96 40
48 21 97 73 18 97 73 56 96 40 48 21 97 73 56 96 40

77 48 88 68 79 87 76 77 48 88 68 79 87 76
77 48 88 68 79 87 76 77 48 15 48 88 68 79 87 76
77 48 88 68 79 87 76 77 48 88 15 48 88 68 79 87 76
77 48 88 68 79 87 76 77 48 88 15 88 68 79 87 76
77 48 88 68 79 87 76 77 48 88 68 15 88 68 79 87 76
77 48 15 48 88 68 79 87 76 77 48 88 68 79 87 76
77 48 88 15 48 88 68 79 87 76 77 48 88 68 79 87 76
77 48 88 15 88 68 79 87 76 77 48 88 68 79 87 76
77 48 88 68 15 88 68 79 87 76 77 48 88 68 79 87 76

40 57 53 88 41 97 86 40 57 53 88 41 97 86
40 57 53 88 41 97 86 40 57 12 57 53 88 41 97 86
40 57 53 88 41 97 86 40 57 53 12 57 53 88 41 97 86
40 57 53 88 41 97 86 40 57 53 12 53 88 41 97 86
40 57 53 88 41 97 86 40 57 53 88 12 53 88 41 97 86
40 57 12 57 53 88 41 97 86 40 57 53 88 41 97 86
40 57 53 12 57 53 88 41 97 86 40 57 53 88 41 97 86
40 57 53 12 53 88 41 97 86 40 57 53 88 41 97 86
40 57 53 88 12 53 88 41 97 86 40 57 53 88 41 97 86

92 5 39 56 14 97 50 92 5 39 56 14 97 50
92 5 39 56 14 97 50 92 5 19 5 39 56 14 97 50
92 5 39 56 14 97 50 92 5 39 19 5 39 56 14 97 50
92 5 39 56 14 97 50 92 5 39 19 39 56 14 97 50
92 5 39 56 14 97 50 92 5 39 56 19 39 56 14 97 50
92 5 19 5 39 56 14 97 50 92 5 39 56 14 97 50
92 5 39 19 5 39 56 14 97 50 92 5 39 56 14 97 50
92 5 39 19 39 56 14 97 50 92 5 39 56 14 97 50
92 5 39 56 19 39 56 14 97 50 92 5 39 56 14 97 50

61 17 85 51 79 100 37 61 17 85 51 79 100 37
61 17 85 51 79 100 37 61 17 10 17 85 51 79 100 37
61 17 85 51 79 100 37 61 17 85 10 17 85 51 79 100 37
61 17 85 51 79 100 37 61 17 85 10 85 51 79 100 37
61 17 85 51 79 100 37 61 17 85 51 10 85 51 79 100 37
61 17 10 17 85 51 79 100 37 61 17 85 51 79 100 37
61 17 85 10 17 85 51 79 100 37 61 17 85 51 79 100 37
61 17 85 10 85 51 79 100 37 61 17 85 51 79 100 37
61 17 85 51 10 85 51 79 100 37 61 17 85 51 79 100 37

63 74 100 92 22 8 59 63 74 100 92 22 8 59
63 74 100 92 22 8 59 63 74 6 74 100 92 22 8 59
63 74 100 92 22 8 59 63 74 100 6 74 100 92 22 8 59
63 74 100 92 22 8 59 63 74 100 6 100 92 22 8 59
63 74 100 92 22 8 59 63 74 100 92 6 100 92 22 8 59
63 74 6 74 100 92 22 8 59 63 74 100 92 22 8 59
63 74 100 6 74 100 92 22 8 59 63 74 100 92 22 8 59
63 74 100 6 100 92 22 8 59 63 74 100 92 22 8 59
63 74 100 92 6 100 92 22 8 59 63 74 100 92 22 8 59

92 98 27 69 12 42 29 92 98 27 69 12 42 29
92 98 27 69 12 42 29 92 98 16 98 27 69 12 42 29
92 98 27 69 12 42 29 92 98 27 16 98 27 69 12 42 29
92 98 27 69 12 42 29 92 98 27 16 27 69 12 42 29
92 98 27 69 12 42 29 92 98 27 69 16 27 69 12 42 29
92 98 16 98 27 69 12 42 29 92 98 27 69 12 42 29
92 98 27 16 98 27 69 12 42 29 92 98 27 69 12 42 29
92 98 27 16 27 69 12 42 29 92 98 27 69 12 42 29
92 98 27 69 16 27 69 12 42 29 92 98 27 69 12 42 29

49 49 35 34 56 95 45 49 49 35 34 56 95 45
49 49 35 34 56 95 45 49 49 12 49 35 34 56 95 45
49 49 35 34 56 95 45 49 49 35 12 49 35 34 56 95 45
49 49 35 34 56 95 45 49 49 35 12 35 34 56 95 45
49 49 35 34 56 95 45 49 49 35 34 12 35 34 56 95 45
49 49 12 49 35 34 56 95 45 49 49 35 34 56 95 45
49 49 35 12 49 35 34 56 95 45 49 49 35 34 56 95 45
49 49 35 12 35 34 56 95 45 49 49 35 34 56 95 45
49 49 35 34 12 35 34 56 95 45 49 49 35 34 56 95 45

20 47 6 95 74 71 53 20 47 6 95 74 71 53
20 47 6 95 74 71 53 20 47 18 47 6 95 74 71 53
20 47 6 95 74 71 53 20 47 6 18 47 6 95 74 71 53
20 47 6 95 74 71 53 20 47 6 18 6 95 74 71 53
20 47 6 95 74 71 53 20 47 6 95 18 6 95 74 71 53
20 47 18 47 6 95 74 71 53 20 47 6 95 74 71 53
20 47 6 18 47 6 95 74 71 53 20 47 6 95 74 71 53
20 47 6 18 6 95 74 71 53 20 47 6 95 74 71 53
20 47 6 95 18 6 95 74 71 53 20 47 6 95 74 71 53

37 52 72 82 90 53 7 37 52 72 82 90 53 7
37 52 72 82 90 53 7 37 52 6 52 72 82 90 53 7
37 52 72 82 90 53 7 37 52 72 6 52 72 82 90 53 7
37 52 72 82 90 53 7 37 52 72 6 72 82 90 53 7
37 52 72 82 90 53 7 37 52 72 82 6 72 82 90 53 7
37 52 6 52 72 82 90 53 7 37 52 72 82 90 53 7
37 52 72 6 52 72 82 90 53 7 37 52 72 82 90 53 7
37 52 72 6 72 82 90 53 7 37 52 72 82 90 53 7
37 52 72 82 6 72 82 90 53 7 37 52 72 82 90 53 7

56 47 55 44 98 20 47 56 47 55 44 98 20 47
56 47 55 44 98 20 47 56 47 8 47 55 44 98 20 47
56 47 55 44 98 20 47 56 47 55 8 47 55 44 98 20 47
56 47 55 44 98 20 47 56 47 55 8 55 44 98 20 47
56 47 55 44 98 20 47 56 47 55 44 8 55 44 98 20 47
56 47 8 47 55 44 98 20 47 56 47 55 44 98 20 47
56 47 55 8 47 55 44 98 20 47 56 47 55 44 98 20 47
56 47 55 8 55 44 98 20 47 56 47 55 44 98 20 47
56 47 55 44 8 55 44 98 20 47 56 47 55 44 98 20 47

65 27 89 80 86 33 41 65 27 89 80 86 33 41
65 27 89 80 86 33 41 65 27 18 27 89 80 86 33 41
65 27 89 80 86 33 41 65 27 89 18 27 89 80 86 33 41
65 27 89 80 86 33 41 65 27 89 18 89 80 86 33 41
65 27 89 80 86 33 41 65 27 89 80 18 89 80 86 33 41
65 27 18 27 89 80 86 33 41 65 27 89 80 86 33 41
65 27 89 18 27 89 80 86 33 41 65 27 89 80 86 33 41
65 27 89 18 89 80 86 33 41 65 27 89 80 86 33 41
65 27 89 80 18 89 80 86 33 41 65 27 89 80 86 33 41

36 19 8 72 14 84 15 36 19 8 72 14 84 15
36 19 8 72 14 84 15 36 19 7 19 8 72 14 84 15
36 19 8 72 14 84 15 36 19 8 7 19 8 72 14 84 15
36 19 8 72 14 84 15 36 19 8 7 8 72 14 84 15
36 19 8 72 14 84 15 36 19 8 72 7 8 72 14 84 15
36 19 7 19 8 72 14 84 15 36 19 8 72 14 84 15
36 19 8 7 19 8 72 14 84 15 36 19 8 72 14 84 15
36 19 8 7 8 72 14 84 15 36 19 8 72 14 84 15
36 19 8 72 7 8 72 14 84 15 36 19 8 72 14 84 15

77 14 20 44 30 28 29 77 14 20 44 30 28 29
77 14 20 44 30 28 29 77 14 7 14 20 44 30 28 29
77 14 20 44 30 28 29 77 14 20 7 14 20 44 30 28 29
77 14 20 44 30 28 29 77 14 20 7 20 44 30 28 29
77 14 20 44 30 28 29 77 14 20 44 7 20 44 30 28 29
77 14 7 14 20 44 30 28 29 77 14 20 44 30 28 29
77 14 20 7 14 20 44 30 28 29 77 14 20 44 30 28 29
77 14 20 7 20 44 30 28 29 77 14 20 44 30 28 29
77 14 20 44 7 20 44 30 28 29 77 14 20 44 30 28 29

55 91 56 70 42 91 39 55 91 56 70 42 91 39
55 91 56 70 42 91 39 55 91 11 91 56 70 42 91 39
55 91 56 70 42 91 39 55 91 56 11 91 56 70 42 91 39
55 91 56 70 42 91 39 55 91 56 11 56 70 42 91 39
55 91 56 70 42 91 39 55 91 56 70 11 56 70 42 91 39
55 91 11 91 56 70 42 91 39 55 91 56 70 42 91 39
55 91 56 11 91 56 70 42 91 39 55 91 56 70 42 91 39
55 91 56 11 56 70 42 91 39 55 91 56 70 42 91 39
55 91 56 70 11 56 70 42 91 39 55 91 56 70 42 91 39

40 61 75 48 80 38 48 40 61 75 48 80 38 48
40 61 75 48 80 38 48 40 61 17 61 75 48 80 38 48
40 61 75 48 80 38 48 40 61 75 17 61 75 48 80 38 48
40 61 75 48 80 38 48 40 61 75 17 75 48 80 38 48
40 61 75 48 80 38 48 40 61 75 48 17 75 48 80 38 48
40 61 17 61 75 48 80 38 48 40 61 75 48 80 38 48
40 61 75 17 61 75 48 80 38 48 40 61 75 48 80 38 48
40 61 75 17 75 48 80 38 48 40 61 75 48 80 38 48
40 61 75 48 17 75 48 80 38 48 40 61 75 48 80 38 48

81 89 56 49 58 94 70 81 89 56 49 58 94 70
81 89 56 49 58 94 70 81 89 6 89 56 49 58 94 70
81 89 56 49 58 94 70 81 89 56 6 89 56 49 58 94 70
81 89 56 49 58 94 70 81 89 56 6 56 49 58 94 70
81 89 56 49 58 94 70 81 89 56 49 6 56 49 58 94 70
81 89 6 89 56 49 58 94 70 81 89 56 49 58 94 70
81 89 56 6 89 56 49 58 94 70 81 89 56 49 58 94 70
81 89 56 6 56 49 58 94 70 81 89 56 49 58 94 70
81 89 56 49 6 56 49 58 94 70 81 89 56 49 58 94 70

52 66 33 95 85 87 86 52 66 33 95 85 87 86
52 66 33 95 85 87 86 52 66 13 66 33 95 85 87 86
52 66 33 95 85 87 86 52 66 33 13 66 33 95 85 87 86
52 66 33 95 85 87 86 52 66 33 13 33 95 85 87 86
52 66 33 95 85 87 86 52 66 33 95 13 33 95 85 87 86
52 66 13 66 33 95 85 87 86 52 66 33 95 85 87 86
52 66 33 13 66 33 95 85 87 86 52 66 33 95 85 87 86
52 66 33 13 33 95 85 87 86 52 66 33 95 85 87 86
52 66 33 95 13 33 95 85 87 86 52 66 33 95 85 87 86

44 20 95 60 79 80 97 44 20 95 60 79 80 97
44 20 95 60 79 80 97 44 20 12 20 95 60 79 80 97
44 20 95 60 79 80 97 44 20 95 12 20 95 60 79 80 97
44 20 95 60 79 80 97 44 20 95 12 95 60 79 80 97
44 20 95 60 79 80 97 44 20 95 60 12 95 60 79 80 97
44 20 12 20 95 60 79 80 97 44 20 95 60 79 80 97
44 20 95 12 20 95 60 79 80 97 44 20 95 60 79 80 97
44 20 95 12 95 60 79 80 97 44 20 95 60 79 80 97
44 20 95 60 12 95 60 79 80 97 44 20 95 60 79 80 97

98 87 30 66 52 7 19 98 87 30 66 52 7 19
98 87 30 66 52 7 19 98 87 6 87 30 66 52 7 19
98 87 30 66 52 7 19 98 87 30 6 87 30 66 52 7 19
98 87 30 66 52 7 19 98 87 30 6 30 66 52 7 19
98 87 30 66 52 7 19 98 87 30 66 6 30 66 52 7 19
98 87 6 87 30 66 52 7 19 98 87 30 66 52 7 19
98 87 30 6 87 30 66 52 7 19 98 87 30 66 52 7 19
98 87 30 6 30 66 52 7 19 98 87 30 66 52 7 19
98 87 30 66 6 30 66 52 7 19 98 87 30 66 52 7 19

14 100 74 50 8 99 9 14 100 74 50 8 99 9
14 100 74 50 8 99 9 14 100 15 100 74 50 8 99 9
14 100 74 50 8 99 9 14 100 74 15 100 74 50 8 99 9
14 100 74 50 8 99 9 14 100 74 15 74 50 8 99 9
14 100 74 50 8 99 9 14 100 74 50 15 74 50 8 99 9
14 100 15 100 74 50 8 99 9 14 100 74 50 8 99 9
14 100 74 15 100 74 50 8 99 9 14 100 74 50 8 99 9
14 100 74 15 74 50 8 99 9 14 100 74 50 8 99 9
14 100 74 50 15 74 50 8 99 9 14 100 74 50 8 99 9

19 23 60 54 38 65 73 19 23 60 54 38 65 73
19 23 60 54 38 65 73 19 23 14 23 60 54 38 65 73
19 23 60 54 38 65 73 19 23 60 14 23 60 54 38 65 73
19 23 60 54 38 65 73 19 23 60 14 60 54 38 65 73
19 23 60 54 38 65 73 19 23 60 54 14 60 54 38 65 73
19 23 14 23 60 54 38 65 73 19 23 60 54 38 65 73
19 23 60 14 23 60 54 38 65 73 19 23 60 54 38 65 73
19 23 60 14 60 54 38 65 73 19 23 60 54 38 65 73
19 23 60 54 14 60 54 38 65 73 19 23 60 54 38 65 73

29 91 10 84 25 99 23 29 91 10 84 25 99 23
29 91 10 84 25 99 23 29 91 17 91 10 84 25 99 23
29 91 10 84 25 99 23 29 91 10 17 91 10 84 25 99 23
29 91 10 84 25 99 23 29 91 10 17 10 84 25 99 23
29 91 10 84 25 99 23 29 91 10 84 17 10 84 25 99 23
29 91 17 91 10 84 25 99 23 29 91 10 84 25 99 23
29 91 10 17 91 10 84 25 99 23 29 91 10 84 25 99 23
29 91 10 17 10 84 25 99 23 29 91 10 84 25 99 23
29 91 10 84 17 10 84 25 99 23 29 91 10 84 25 99 23

93 68 75 44 6 65 39 93 68 75 44 6 65 39
93 68 75 44 6 65 39 93 68 9 68 75 44 6 65 39
93 68 75 44 6 65 39 93 68 75 9 68 75 44 6 65 39
93 68 75 44 6 65 39 93 68 75 9 75 44 6 65 39
93 68 75 44 6 65 39 93 68 75 44 9 75 44 6 65 39
93 68 9 68 75 44 6 65 39 93 68 75 44 6 65 39
93 68 75 9 68 75 44 6 65 39 93 68 75 44 6 65 39
93 68 75 9 75 44 6 65 39 93 68 75 44 6 65 39
93 68 75 44 9 75 44 6 65 39 93 68 75 44 6 65 39

91 92 88 28 94 75 17 91 92 88 28 94 75 17
91 92 88 28 94 75 17 91 92 13 92 88 28 94 75 17
91 92 88 28 94 75 17 91 92 88 13 92 88 28 94 75 17
91 92 88 28 94 75 17 91 92 88 13 88 28 94 75 17
91 92 88 28 94 75 17 91 92 88 28 13 88 28 94 75 17
91 92 13 92 88 28 94 75 17 91 92 88 28 94 75 17
91 92 88 13 92 88 28 94 75 17 91 92 88 28 94 75 17
91 92 88 13 88 28 94 75 17 91 92 88 28 94 75 17
91 92 88 28 13 88 28 94 75 17 91 92 88 28 94 75 17

100 82 70 64 23 26 77 100 82 70 64 23 26 77
100 82 70 64 23 26 77 100 82 11 82 70 64 23 26 77
100 82 70 64 23 26 77 100 82 70 11 82 70 64 23 26 77
100 82 70 64 23 26 77 100 82 70 11 70 64 23 26 77
100 82 70 64 23 26 77 100 82 70 64 11 70 64 23 26 77
100 82 11 82 70 64 23 26 77 100 82 70 64 23 26 77
100 82 70 11 82 70 64 23 26 77 100 82 70 64 23 26 77
100 82 70 11 70 64 23 26 77 100 82 70 64 23 26 77
100 82 70 64 11 70 64 23 26 77 100 82 70 64 23 26 77

62 82 55 21 17 52 54 62 82 55 21 17 52 54
62 82 55 21 17 52 54 62 82 13 82 55 21 17 52 54
62 82 55 21 17 52 54 62 82 55 13 82 55 21 17 52 54
62 82 55 21 17 52 54 62 82 55 13 55 21 17 52 54
62 82 55 21 17 52 54 62 82 55 21 13 55 21 17 52 54
62 82 13 82 55 21 17 52 54 62 82 55 21 17 52 54
62 82 55 13 82 55 21 17 52 54 62 82 55 21 17 52 54
62 82 55 13 55 21 17 52 54 62 82 55 21 17 52 54
62 82 55 21 13 55 21 17 52 54 62 82 55 21 17 52 54

58 79 40 65 13 75 76 58 79 40 65 13 75 76
58 79 40 65 13 75 76 58 79 13 79 40 65 13 75 76
58 79 40 65 13 75 76 58 79 40 13 79 40 65 13 75 76
58 79 40 65 13 75 76 58 79 40 13 40 65 13 75 76
58 79 40 65 13 75 76 58 79 40 65 13 40 65 13 75 76
58 79 13 79 40 65 13 75 76 58 79 40 65 13 75 76
58 79 40 13 79 40 65 13 75 76 58 79 40 65 13 75 76
58 79 40 13 40 65 13 75 76 58 79 40 65 13 75 76
58 79 40 65 13 40 65 13 75 76 58 79 40 65 13 75 76

83 9 91 11 51 66 21 83 9 91 11 51 66 21
83 9 91 11 51 66 21 83 9 8 9 91 11 51 66 21
83 9 91 11 51 66 21 83 9 91 8 9 91 11 51 66 21
83 9 91 11 51 66 21 83 9 91 8 91 11 51 66 21
83 9 91 11 51 66 21 83 9 91 11 8 91 11 51 66 21
83 9 8 9 91 11 51 66 21 83 9 91 11 51 66 21
83 9 91 8 9 91 11 51 66 21 83 9 91 11 51 66 21
83 9 91 8 91 11 51 66 21 83 9 91 11 51 66 21
83 9 91 11 8 91 11 51 66 21 83 9 91 11 51 66 21

32 79 73 24 13 37 94 32 79 73 24 13 37 94
32 79 73 24 13 37 94 32 79 7 79 73 24 13 37 94
32 79 73 24 13 37 94 32 79 73 7 79 73 24 13 37 94
32 79 73 24 13 37 94 32 79 73 7 73 24 13 37 94
32 79 73 24 13 37 94 32 79 73 24 7 73 24 13 37 94
32 79 7 79 73 24 13 37 94 32 79 73 24 13 37 94
32 79 73 7 79 73 24 13 37 94 32 79 73 24 13 37 94
32 79 73 7 73 24 13 37 94 32 79 73 24 13 37 94
32 79 73 24 7 73 24 13 37 94 32 79 73 24 13 37 94

62 93 82 12 74 72 30 62 93 82 12 74 72 30
62 93 82 12 74 72 30 62 93 18 93 82 12 74 72 30
62 93 82 12 74 72 30 62 93 82 18 93 82 12 74 72 30
62 93 82 12 74 72 30 62 93 82 18 82 12 74 72 30
62 93 82 12 74 72 30 62 93 82 12 18 82 12 74 72 30
62 93 18 93 82 12 74 72 30 62 93 82 12 74 72 30
62 93 82 18 93 82 12 74 72 30 62 93 82 12 74 72 30
62 93 82 18 82 12 74 72 30 62 93 82 12 74 72 30
62 93 82 12 18 82 12 74 72 30 62 93 82 12 74 72 30

13 61 56 76 98 57 84 13 61 56 76 98 57 84
13 61 56 76 98 57 84 13 61 14 61 56 76 98 57 84
13 61 56 76 98 57 84 13 61 56 14 61 56 76 98 57 84
13 61 56 76 98 57 84 13 61 56 14 56 76 98 57 84
13 61 56 76 98 57 84 13 61 56 76 14 56 76 98 57 84
13 61 14 61 56 76 98 57 84 13 61 56 76 98 57 84
13 61 56 14 61 56 76 98 57 84 13 61 56 76 98 57 84
13 61 56 14 56 76 98 57 84 13 61 56 76 98 57 84
13 61 56 76 14 56 76 98 57 84 13 61 56 76 98 57 84

92 47 97 52 76 30 100 92 47 97 52 76 30 100
92 47 97 52 76 30 100 92 47 12 47 97 52 76 30 100
92 47 97 52 76 30 100 92 47 97 12 47 97 52 76 30 100
92 47 97 52 76 30 100 92 47 97 12 97 52 76 30 100
92 47 97 52 76 30 100 92 47 97 52 12 97 52 76 30 100
92 47 12 47 97 52 76 30 100 92 47 97 52 76 30 100
92 47 97 12 47 97 52 76 30 100 92 47 97 52 76 30 100
92 47 97 12 97 52 76 30 100 92 47 97 52 76 30 100
92 47 97 52 12 97 52 76 30 100 92 47 97 52 76 30 100

36 31 90 19 70 48 11 36 31 90 19 70 48 11
36 31 90 19 70 48 11 36 31 9 31 90 19 70 48 11
36 31 90 19 70 48 11 36 31 90 9 31 90 19 70 48 11
36 31 90 19 70 48 11 36 31 90 9 90 19 70 48 11
36 31 90 19 70 48 11 36 31 90 19 9 90 19 70 48 11
36 31 9 31 90 19 70 48 11 36 31 90 19 70 48 11
36 31 90 9 31 90 19 70 48 11 36 31 90 19 70 48 11
36 31 90 9 90 19 70 48 11 36 31 90 19 70 48 11
36 31 90 19 9 90 19 70 48 11 36 31 90 19 70 48 11

12 11 41 13 45 82 7 12 11 41 13 45 82 7
12 11 41 13 45 82 7 12 11 18 11 41 13 45 82 7
12 11 41 13 45 82 7 12 11 41 18 11 41 13 45 82 7
12 11 41 13 45 82 7 12 11 41 18 41 13 45 82 7
12 11 41 13 45 82 7 12 11 41 13 18 41 13 45 82 7
12 11 18 11 41 13 45 82 7 12 11 41 13 45 82 7
12 11 41 18 11 41 13 45 82 7 12 11 41 13 45 82 7
12 11 41 18 41 13 45 82 7 12 11 41 13 45 82 7
12 11 41 13 18 41 13 45 82 7 12 11 41 13 45 82 7

61 87 46 26 53 64 14 61 87 46 26 53 64 14
61 87 46 26 53 64 14 61 87 7 87 46 26 53 64 14
61 87 46 26 53 64 14 61 87 46 7 87 46 26 53 64 14
61 87 46 26 53 64 14 61 87 46 7 46 26 53 64 14
61 87 46 26 53 64 14 61 87 46 26 7 46 26 53 64 14
61 87 7 87 46 26 53 64 14 61 87 46 26 53 64 14
61 87 46 7 87 46 26 53 64 14 61 87 46 26 53 64 14
61 87 46 7 46 26 53 64 14 61 87 46 26 53 64 14
61 87 46 26 7 46 26 53 64 14 61 87 46 26 53 64 14

7 74 50 41 100 35 33 7 74 50 41 100 35 33
7 74 50 41 100 35 33 7 74 6 74 50 41 100 35 33
7 74 50 41 100 35 33 7 74 50 6 74 50 41 100 35 33
7 74 50 41 100 35 33 7 74 50 6 50 41 100 35 33
7 74 50 41 100 35 33 7 74 50 41 6 50 41 100 35 33
7 74 6 74 50 41 100 35 33 7 74 50 41 100 35 33
7 74 50 6 74 50 41 100 35 33 7 74 50 41 100 35 33
7 74 50 6 50 41 100 35 33 7 74 50 41 100 35 33
7 74 50 41 6 50 41 100 35 33 7 74 50 41 100 35 33

26 43 92 71 34 84 34 26 43 92 71 34 84 34
26 43 92 71 34 84 34 26 43 16 43 92 71 34 84 34
26 43 92 71 34 84 34 26 43 92 16 43 92 71 34 84 34
26 43 92 71 34 84 34 26 43 92 16 92 71 34 84 34
26 43 92 71 34 84 34 26 43 92 71 16 92 71 34 84 34
26 43 16 43 92 71 34 84 34 26 43 92 71 34 84 34
26 43 92 16 43 92 71 34 84 34 26 43 92 71 34 84 34
26 43 92 16 92 71 34 84 34 26 43 92 71 34 84 34
26 43 92 71 16 92 71 34 84 34 26 43 92 71 34 84 34

25 100 87 98 71 63 45 25 100 87 98 71 63 45
25 100 87 98 71 63 45 25 100 7 100 87 98 71 63 45
25 100 87 98 71 63 45 25 100 87 7 100 87 98 71 63 45
25 100 87 98 71 63 45 25 100 87 7 87 98 71 63 45
25 100 87 98 71 63 45 25 100 87 98 7 87 98 71 63 45
25 100 7 100 87 98 71 63 45 25 100 87 98 71 63 45
25 100 87 7 100 87 98 71 63 45 25 100 87 98 71 63 45
25 100 87 7 87 98 71 63 45 25 100 87 98 71 63 45
25 100 87 98 7 87 98 71 63 45 25 100 87 98 71 63 45

64 92 79 41 14 98 91 64 92 79 41 14 98 91
64 92 79 41 14 98 91 64 92 8 92 79 41 14 98 91
64 92 79 41 14 98 91 64 92 79 8 92 79 41 14 98 91
64 92 79 41 14 98 91 64 92 79 8 79 41 14 98 91
64 92 79 41 14 98 91 64 92 79 41 8 79 41 14 98 91
64 92 8 92 79 41 14 98 91 64 92 79 41 14 98 91
64 92 79 8 92 79 41 14 98 91 64 92 79 41 14 98 91
64 92 79 8 79 41 14 98 91 64 92 79 41 14 98 91
64 92 79 41 8 79 41 14 98 91 64 92 79 41 14 98 91

8 87 48 78 29 25 81 8 87 48 78 29 25 81
8 87 48 78 29 25 81 8 87 16 87 48 78 29 25 81
8 87 48 78 29 25 81 8 87 48 16 87 48 78 29 25 81
8 87 48 78 29 25 81 8 87 48 16 48 78 29 25 81
8 87 48 78 29 25 81 8 87 48 78 16 48 78 29 25 81
8 87 16 87 48 78 29 25 81 8 87 48 78 29 25 81
8 87 48 16 87 48 78 29 25 81 8 87 48 78 29 25 81
8 87 48 16 48 78 29 25 81 8 87 48 78 29 25 81
8 87 48 78 16 48 78 29 25 81 8 87 48 78 29 25 81

53 19 78 79 33 93 15 53 19 78 79 33 93 15
53 19 78 79 33 93 15 53 19 9 19 78 79 33 93 15
53 19 78 79 33 93 15 53 19 78 9 19 78 79 33 93 15
53 19 78 79 33 93 15 53 19 78 9 78 79 33 93 15
53 19 78 79 33 93 15 53 19 78 79 9 78 79 33 93 15
53 19 9 19 78 79 33 93 15 53 19 78 79 33 93 15
53 19 78 9 19 78 79 33 93 15 53 19 78 79 33 93 15
53 19 78 9 78 79 33 93 15 53 19 78 79 33 93 15
53 19 78 79 9 78 79 33 93 15 53 19 78 79 33 93 15

14 20 67 37 52 23 65 14 20 67 37 52 23 65
14 20 67 37 52 23 65 14 20 12 20 67 37 52 23 65
14 20 67 37 52 23 65 14 20 67 12 20 67 37 52 23 65
14 20 67 37 52 23 65 14 20 67 12 67 37 52 23 65
14 20 67 37 52 23 65 14 20 67 37 12 67 37 52 23 65
14 20 12 20 67 37 52 23 65 14 20 67 37 52 23 65
14 20 67 12 20 67 37 52 23 65 14 20 67 37 52 23 65
14 20 67 12 67 37 52 23 65 14 20 67 37 52 23 65
14 20 67 37 12 67 37 52 23 65 14 20 67 37 52 23 65

58 18 90 49 41 95 60 58 18 90 49 41 95 60
58 18 90 49 41 95 60 58 18 15 18 90 49 41 95 60
58 18 90 49 41 95 60 58 18 90 15 18 90 49 41 95 60
58 18 90 49 41 95 60 58 18 90 15 90 49 41 95 60
58 18 90 49 41 95 60 58 18 90 49 15 90 49 41 95 60
58 18 15 18 90 49 41 95 60 58 18 90 49 41 95 60
58 18 90 15 18 90 49 41 95 60 58 18 90 49 41 95 60
58 18 90 15 90 49 41 95 60 58 18 90 49 41 95 60
58 18 90 49 15 90 49 41 95 60 58 18 90 49 41 95 60

33 18 99 100 40 53 91 33 18 99 100 40 53 91
33 18 99 100 40 53 91 33 18 18 18 99 100 40 53 91
33 18 99 100 40 53 91 33 18 99 18 18 99 100 40 53 91
33 18 99 100 40 53 91 33 18 99 18 99 100 40 53 91
33 18 99 100 40 53 91 33 18 99 100 18 99 100 40 53 91
33 18 18 18 99 100 40 53 91 33 18 99 100 40 53 91
33 18 99 18 18 99 100 40 53 91 33 18 99 100 40 53 91
33 18 99 18 99 100 40 53 91 33 18 99 100 40 53 91
33 18 99 100 18 99 100 40 53 91 33 18 99 100 40 53 91

85 45 84 54 80 61 40 85 45 84 54 80 61 40
85 45 84 54 80 61 40 85 45 17 45 84 54 80 61 40
85 45 84 54 80 61 40 85 45 84 17 45 84 54 80 61 40
85 45 84 54 80 61 40 85 45 84 17 84 54 80 61 40
85 45 84 54 80 61 40 85 45 84 54 17 84 54 80 61 40
85 45 17 45 84 54 80 61 40 85 45 84 54 80 61 40
85 45 84 17 45 84 54 80 61 40 85 45 84 54 80 61 40
85 45 84 17 84 54 80 61 40 85 45 84 54 80 61 40
85 45 84 54 17 84 54 80 61 40 85 45 84 54 80 61 40

59 14 16 59 37 20 14 59 14 16 59 37 20 14
59 14 16 59 37 20 14 59 14 7 14 16 59 37 20 14
59 14 16 59 37 20 14 59 14 16 7 14 16 59 37 20 14
59 14 16 59 37 20 14 59 14 16 7 16 59 37 20 14
59 14 16 59 37 20 14 59 14 16 59 7 16 59 37 20 14
59 14 7 14 16 59 37 20 14 59 14 16 59 37 20 14
59 14 16 7 14 16 59 37 20 14 59 14 16 59 37 20 14
59 14 16 7 16 59 37 20 14 59 14 16 59 37 20 14
59 14 16 59 7 16 59 37 20 14 59 14 16 59 37 20 14

65 45 99 54 67 6 62 65 45 99 54 67 6 62
65 45 99 54 67 6 62 65 45 13 45 99 54 67 6 62
65 45 99 54 67 6 62 65 45 99 13 45 99 54 67 6 62
65 45 99 54 67 6 62 65 45 99 13 99 54 67 6 62
65 45 99 54 67 6 62 65 45 99 54 13 99 54 67 6 62
65 45 13 45 99 54 67 6 62 65 45 99 54 67 6 62
65 45 99 13 45 99 54 67 6 62 65 45 99 54 67 6 62
65 45 99 13 99 54 67 6 62 65 45 99 54 67 6 62
65 45 99 54 13 99 54 67 6 62 65 45 99 54 67 6 62

75 65 60 54 63 64 7 75 65 60 54 63 64 7
75 65 60 54 63 64 7 75 65 20 65 60 54 63 64 7
75 65 60 54 63 64 7 75 65 60 20 65 60 54 63 64 7
75 65 60 54 63 64 7 75 65 60 20 60 54 63 64 7
75 65 60 54 63 64 7 75 65 60 54 20 60 54 63 64 7
75 65 20 65 60 54 63 64 7 75 65 60 54 63 64 7
75 65 60 20 65 60 54 63 64 7 75 65 60 54 63 64 7
75 65 60 20 60 54 63 64 7 75 65 60 54 63 64 7
75 65 60 54 20 60 54 63 64 7 75 65 60 54 63 64 7

14 36 92 16 30 75 96 14 36 92 16 30 75 96
14 36 92 16 30 75 96 14 36 15 36 92 16 30 75 96
14 36 92 16 30 75 96 14 36 92 15 36 92 16 30 75 96
14 36 92 16 30 75 96 14 36 92 15 92 16 30 75 96
14 36 92 16 30 75 96 14 36 92 16 15 92 16 30 75 96
14 36 15 36 92 16 30 75 96 14 36 92 16 30 75 96
14 36 92 15 36 92 16 30 75 96 14 36 92 16 30 75 96
14 36 92 15 92 16 30 75 96 14 36 92 16 30 75 96
14 36 92 16 15 92 16 30 75 96 14 36 92 16 30 75 96

20 23 42 61 60 13 62 20 23 42 61 60 13 62
20 23 42 61 60 13 62 20 23 18 23 42 61 60 13 62
20 23 42 61 60 13 62 20 23 42 18 23 42 61 60 13 62
20 23 42 61 60 13 62 20 23 42 18 42 61 60 13 62
20 23 42 61 60 13 62 20 23 42 61 18 42 61 60 13 62
20 23 18 23 42 61 60 13 62 20 23 42 61 60 13 62
20 23 42 18 23 42 61 60 13 62 20 23 42 61 60 13 62
20 23 42 18 42 61 60 13 62 20 23 42 61 60 13 62
20 23 42 61 18 42 61 60 13 62 20 23 42 61 60 13 62

11 64 24 91 25 44 99 11 64 24 91 25 44 99
11 64 24 91 25 44 99 11 64 16 64 24 91 25 44 99
11 64 24 91 25 44 99 11 64 24 16 64 24 91 25 44 99
11 64 24 91 25 44 99 11 64 24 16 24 91 25 44 99
11 64 24 91 25 44 99 11 64 24 91 16 24 91 25 44 99
11 64 16 64 24 91 25 44 99 11 64 24 91 25 44 99
11 64 24 16 64 24 91 25 44 99 11 64 24 91 25 44 99
11 64 24 16 24 91 25 44 99 11 64 24 91 25 44 99
11 64 24 91 16 24 91 25 44 99 11 64 24 91 25 44 99

64 87 59 60 31 17 98 64 87 59 60 31 17 98
64 87 59 60 31 17 98 64 87 8 87 59 60 31 17 98
64 87 59 60 31 17 98 64 87 59 8 87 59 60 31 17 98
64 87 59 60 31 17 98 64 87 59 8 59 60 31 17 98
64 87 59 60 31 17 98 64 87 59 60 8 59 60 31 17 98
64 87 8 87 59 60 31 17 98 64 87 59 60 31 17 98
64 87 59 8 87 59 60 31 17 98 64 87 59 60 31 17 98
64 87 59 8 59 60 31 17 98 64 87 59 60 31 17 98
64 87 59 60 8 59 60 31 17 98 64 87 59 60 31 17 98

96 33 53 89 97 15 21 96 33 53 89 97 15 21
96 33 53 89 97 15 21 96 33 6 33 53 89 97 15 21
96 33 53 89 97 15 21 96 33 53 6 33 53 89 97 15 21
96 33 53 89 97 15 21 96 33 53 6 53 89 97 15 21
96 33 53 89 97 15 21 96 33 53 89 6 53 89 97 15 21
96 33 6 33 53 89 97 15 21 96 33 53 89 97 15 21
96 33 53 6 33 53 89 97 15 21 96 33 53 89 97 15 21
96 33 53 6 53 89 97 15 21 96 33 53 89 97 15 21
96 33 53 89 6 53 89 97 15 21 96 33 53 89 97 15 21

38 39 24 49 49 99 71 38 39 24 49 49 99 71
38 39 24 49 49 99 71 38 39 16 39 24 49 49 99 71
38 39 24 49 49 99 71 38 39 24 16 39 24 49 49 99 71
38 39 24 49 49 99 71 38 39 24 16 24 49 49 99 71
38 39 24 49 49 99 71 38 39 24 49 16 24 49 49 99 71
38 39 16 39 24 49 49 99 71 38 39 24 49 49 99 71
38 39 24 16 39 24 49 49 99 71 38 39 24 49 49 99 71
38 39 24 16 24 49 49 99 71 38 39 24 49 49 99 71
38 39 24 49 16 24 49 49 99 71 38 39 24 49 49 99 71

18 68 90 7 38 20 40 18 68 90 7 38 20 40
18 68 90 7 38 20 40 18 68 9 68 90 7 38 20 40
18 68 90 7 38 20 40 18 68 90 9 68 90 7 38 20 40
18 68 90 7 38 20 40 18 68 90 9 90 7 38 20 40
18 68 90 7 38 20 40 18 68 90 7 9 90 7 38 20 40
18 68 9 68 90 7 38 20 40 18 68 90 7 38 20 40
18 68 90 9 68 90 7 38 20 40 18 68 90 7 38 20 40
18 68 90 9 90 7 38 20 40 18 68 90 7 38 20 40
18 68 90 7 9 90 7 38 20 40 18 68 90 7 38 20 40

22 94 47 89 60 45 66 22 94 47 89 60 45 66
22 94 47 89 60 45 66 22 94 10 94 47 89 60 45 66
22 94 47 89 60 45 66 22 94 47 10 94 47 89 60 45 66
22 94 47 89 60 45 66 22 94 47 10 47 89 60 45 66
22 94 47 89 60 45 66 22 94 47 89 10 47 89 60 45 66
22 94 10 94 47 89 60 45 66 22 94 47 89 60 45 66
22 94 47 10 94 47 89 60 45 66 22 94 47 89 60 45 66
22 94 47 10 47 89 60 45 66 22 94 47 89 60 45 66
22 94 47 89 10 47 89 60 45 66 22 94 47 89 60 45 66

74 70 65 17 16 25 14 74 70 65 17 16 25 14
74 70 65 17 16 25 14 74 70 13 70 65 17 16 25 14
74 70 65 17 16 25 14 74 70 65 13 70 65 17 16 25 14
74 70 65 17 16 25 14 74 70 65 13 65 17 16 25 14
74 70 65 17 16 25 14 74 70 65 17 13 65 17 16 25 14
74 70 13 70 65 17 16 25 14 74 70 65 17 16 25 14
74 70 65 13 70 65 17 16 25 14 74 70 65 17 16 25 14
74 70 65 13 65 17 16 25 14 74 70 65 17 16 25 14
74 70 65 17 13 65 17 16 25 14 74 70 65 17 16 25 14

40 75 82 15 52 64 87 40 75 82 15 52 64 87
40 75 82 15 52 64 87 40 75 6 75 82 15 52 64 87
40 75 82 15 52 64 87 40 75 82 6 75 82 15 52 64 87
40 75 82 15 52 64 87 40 75 82 6 82 15 52 64 87
40 75 82 15 52 64 87 40 75 82 15 6 82 15 52 64 87
40 75 6 75 82 15 52 64 87 40 75 82 15 52 64 87
40 75 82 6 75 82 15 52 64 87 40 75 82 15 52 64 87
40 75 82 6 82 15 52 64 87 40 75 82 15 52 64 87
40 75 82 15 6 82 15 52 64 87 40 75 82 15 52 64 87

16 82 76 79 47 65 37 16 82 76 79 47 65 37
16 82 76 79 47 65 37 16 82 6 82 76 79 47 65 37
16 82 76 79 47 65 37 16 82 76 6 82 76 79 47 65 37
16 82 76 79 47 65 37 16 82 76 6 76 79 47 65 37
16 82 76 79 47 65 37 16 82 76 79 6 76 79 47 65 37
16 82 6 82 76 79 47 65 37 16 82 76 79 47 65 37
16 82 76 6 82 76 79 47 65 37 16 82 76 79 47 65 37
16 82 76 6 76 79 47 65 37 16 82 76 79 47 65 37
16 82 76 79 6 76 79 47 65 37 16 82 76 79 47 65 37

53 21 70 73 64 32 100 53 21 70 73 64 32 100
53 21 70 73 64 32 100 53 21 12 21 70 73 64 32 100
53 21 70 73 64 32 100 53 21 70 12 21 70 73 64 32 100
53 21 70 73 64 32 100 53 21 70 12 70 73 64 32 100
53 21 70 73 64 32 100 53 21 70 73 12 70 73 64 32 100
53 21 12 21 70 73 64 32 100 53 21 70 73 64 32 100
53 21 70 12 21 70 73 64 32 100 53 21 70 73 64 32 100
53 21 70 12 70 73 64 32 100 53 21 70 73 64 32 100
53 21 70 73 12 70 73 64 32 100 53 21 70 73 64 32 100

72 85 61 69 56 46 40 72 85 61 69 56 46 40
72 85 61 69 56 46 40 72 85 10 85 61 69 56 46 40
72 85 61 69 56 46 40 72 85 61 10 85 61 69 56 46 40
72 85 61 69 56 46 40 72 85 61 10 61 69 56 46 40
72 85 61 69 56 46 40 72 85 61 69 10 61 69 56 46 40
72 85 10 85 61 69 56 46 40 72 85 61 69 56 46 40
72 85 61 10 85 61 69 56 46 40 72 85 61 69 56 46 40
72 85 61 10 61 69 56 46 40 72 85 61 69 56 46 40
72 85 61 69 10 61 69 56 46 40 72 85 61 69 56 46 40

29 13 11 5 11 41 32 29 13 11 5 11 41 32
29 13 11 5 11 41 32 29 13 11 13 11 5 11 41 32
29 13 11 5 11 41 32 29 13 11 11 13 11 5 11 41 32
29 13 11 5 11 41 32 29 13 11 11 11 5 11 41 32
29 13 11 5 11 41 32 29 13 11 5 11 11 5 11 41 32
29 13 11 13 11 5 11 41 32 29 13 11 5 11 41 32
29 13 11 11 13 11 5 11 41 32 29 13 11 5 11 41 32
29 13 11 11 11 5 11 41 32 29 13 11 5 11 41 32
29 13 11 5 11 11 5 11 41 32 29 13 11 5 11 41 32

59 34 8 93 98 46 77 59 34 8 93 98 46 77
59 34 8 93 98 46 77 59 34 7 34 8 93 98 46 77
59 34 8 93 98 46 77 59 34 8 7 34 8 93 98 46 77
59 34 8 93 98 46 77 59 34 8 7 8 93 98 46 77
59 34 8 93 98 46 77 59 34 8 93 7 8 93 98 46 77
59 34 7 34 8 93 98 46 77 59 34 8 93 98 46 77
59 34 8 7 34 8 93 98 46 77 59 34 8 93 98 46 77
59 34 8 7 8 93 98 46 77 59 34 8 93 98 46 77
59 34 8 93 7 8 93 98 46 77 59 34 8 93 98 46 77

37 45 16 69 43 47 25 37 45 16 69 43 47 25
37 45 16 69 43 47 25 37 45 17 45 16 69 43 47 25
37 45 16 69 43 47 25 37 45 16 17 45 16 69 43 47 25
37 45 16 69 43 47 25 37 45 16 17 16 69 43 47 25
37 45 16 69 43 47 25 37 45 16 69 17 16 69 43 47 25
37 45 17 45 16 69 43 47 25 37 45 16 69 43 47 25
37 45 16 17 45 16 69 43 47 25 37 45 16 69 43 47 25
37 45 16 17 16 69 43 47 25 37 45 16 69 43 47 25
37 45 16 69 17 16 69 43 47 25 37 45 16 69 43 47 25

45 51 5 69 78 57 97 45 51 5 69 78 57 97
45 51 5 69 78 57 97 45 51 20 51 5 69 78 57 97
45 51 5 69 78 57 97 45 51 5 20 51 5 69 78 57 97
45 51 5 69 78 57 97 45 51 5 20 5 69 78 57 97
45 51 5 69 78 57 97 45 51 5 69 20 5 69 78 57 97
45 51 20 51 5 69 78 57 97 45 51 5 69 78 57 97
45 51 5 20 51 5 69 78 57 97 45 51 5 69 78 57 97
45 51 5 20 5 69 78 57 97 45 51 5 69 78 57 97
45 51 5 69 20 5 69 78 57 97 45 51 5 69 78 57 97

47 26 52 82 63 5 51 47 26 52 82 63 5 51
47 26 52 82 63 5 51 47 26 18 26 52 82 63 5 51
47 26 52 82 63 5 51 47 26 52 18 26 52 82 63 5 51
47 26 52 82 63 5 51 47 26 52 18 52 82 63 5 51
47 26 52 82 63 5 51 47 26 52 82 18 52 82 63 5 51
47 26 18 26 52 82 63 5 51 47 26 52 82 63 5 51
47 26 52 18 26 52 82 63 5 51 47 26 52 82 63 5 51
47 26 52 18 52 82 63 5 51 47 26 52 82 63 5 51
47 26 52 82 18 52 82 63 5 51 47 26 52 82 63 5 51

92 60 8 37 48 88 59 92 60 8 37 48 88 59
92 60 8 37 48 88 59 92 60 16 60 8 37 48 88 59
92 60 8 37 48 88 59 92 60 8 16 60 8 37 48 88 59
92 60 8 37 48 88 59 92 60 8 16 8 37 48 88 59
92 60 8 37 48 88 59 92 60 8 37 16 8 37 48 88 59
92 60 16 60 8 37 48 88 59 92 60 8 37 48 88 59
92 60 8 16 60 8 37 48 88 59 92 60 8 37 48 88 59
92 60 8 16 8 37 48 88 59 92 60 8 37 48 88 59
92 60 8 37 16 8 37 48 88 59 92 60 8 37 48 88 59

89 94 41 97 71 79 90 89 94 41 97 71 79 90
89 94 41 97 71 79 90 89 94 12 94 41 97 71 79 90
89 94 41 97 71 79 90 89 94 41 12 94 41 97 71 79 90
89 94 41 97 71 79 90 89 94 41 12 41 97 71 79 90
89 94 41 97 71 79 90 89 94 41 97 12 41 97 71 79 90
89 94 12 94 41 97 71 79 90 89 94 41 97 71 79 90
89 94 41 12 94 41 97 71 79 90 89 94 41 97 71 79 90
89 94 41 12 41 97 71 79 90 89 94 41 97 71 79 90
89 94 41 97 12 41 97 71 79 90 89 94 41 97 71 79 90

90 8 100 18 19 5 71 90 8 100 18 19 5 71
90 8 100 18 19 5 71 90 8 20 8 100 18 19 5 71
90 8 100 18 19 5 71 90 8 100 20 8 100 18 19 5 71
90 8 100 18 19 5 71 90 8 100 20 100 18 19 5 71
90 8 100 18 19 5 71 90 8 100 18 20 100 18 19 5 71
90 8 20 8 100 18 19 5 71 90 8 100 18 19 5 71
90 8 100 20 8 100 18 19 5 71 90 8 100 18 19 5 71
90 8 100 20 100 18 19 5 71 90 8 100 18 19 5 71
90 8 100 18 20 100 18 19 5 71 90 8 100 18 19 5 71

99 59 40 27 93 86 63 99 59 40 27 93 86 63
99 59 40 27 93 86 63 99 59 7 59 40 27 93 86 63
99 59 40 27 93 86 63 99 59 40 7 59 40 27 93 86 63
99 59 40 27 93 86 63 99 59 40 7 40 27 93 86 63
99 59 40 27 93 86 63 99 59 40 27 7 40 27 93 86 63
99 59 7 59 40 27 93 86 63 99 59 40 27 93 86 63
99 59 40 7 59 40 27 93 86 63 99 59 40 27 93 86 63
99 59 40 7 40 27 93 86 63 99 59 40 27 93 86 63
99 59 40 27 7 40 27 93 86 63 99 59 40 27 93 86 63

83 8 83 62 87 77 13 83 8 83 62 87 77 13
83 8 83 62 87 77 13 83 8 5 8 83 62 87 77 13
83 8 83 62 87 77 13 83 8 83 5 8 83 62 87 77 13
83 8 83 62 87 77 13 83 8 83 5 83 62 87 77 13
83 8 83 62 87 77 13 83 8 83 62 5 83 62 87 77 13
83 8 5 8 83 62 87 77 13 83 8 83 62 87 77 13
83 8 83 5 8 83 62 87 77 13 83 8 83 62 87 77 13
83 8 83 5 83 62 87 77 13 83 8 83 62 87 77 13
83 8 83 62 5 83 62 87 77 13 83 8 83 62 87 77 13

23 51 77 99 94 54 55 23 51 77 99 94 54 55
23 51 77 99 94 54 55 23 51 9 51 77 99 94 54 55
23 51 77 99 94 54 55 23 51 77 9 51 77 99 94 54 55
23 51 77 99 94 54 55 23 51 77 9 77 99 94 54 55
23 51 77 99 94 54 55 23 51 77 99 9 77 99 94 54 55
23 51 9 51 77 99 94 54 55 23 51 77 99 94 54 55
23 51 77 9 51 77 99 94 54 55 23 51 77 99 94 54 55
23 51 77 9 77 99 94 54 55 23 51 77 99 94 54 55
23 51 77 99 9 77 99 94 54 55 23 51 77 99 94 54 55

77 27 96 15 27 82 66 77 27 96 15 27 82 66
77 27 96 15 27 82 66 77 27 19 27 96 15 27 82 66
77 27 96 15 27 82 66 77 27 96 19 27 96 15 27 82 66
77 27 96 15 27 82 66 77 27 96 19 96 15 27 82 66
77 27 96 15 27 82 66 77 27 96 15 19 96 15 27 82 66
77 27 19 27 96 15 27 82 66 77 27 96 15 27 82 66
77 27 96 19 27 96 15 27 82 66 77 27 96 15 27 82 66
77 27 96 19 96 15 27 82 66 77 27 96 15 27 82 66
77 27 96 15 19 96 15 27 82 66 77 27 96 15 27 82 66

28 49 74 53 96 93 80 28 49 74 53 96 93 80
28 49 74 53 96 93 80 28 49 8 49 74 53 96 93 80
28 49 74 53 96 93 80 28 49 74 8 49 74 53 96 93 80
28 49 74 53 96 93 80 28 49 74 8 74 53 96 93 80
28 49 74 53 96 93 80 28 49 74 53 8 74 53 96 93 80
28 49 8 49 74 53 96 93 80 28 49 74 53 96 93 80
28 49 74 8 49 74 53 96 93 80 28 49 74 53 96 93 80
28 49 74 8 74 53 96 93 80 28 49 74 53 96 93 80
28 49 74 53 8 74 53 96 93 80 28 49 74 53 96 93 80

14 30 86 93 7 69 64 14 30 86 93 7 69 64
14 30 86 93 7 69 64 14 30 14 30 86 93 7 69 64
14 30 86 93 7 69 64 14 30 86 14 30 86 93 7 69 64
14 30 86 93 7 69 64 14 30 86 14 86 93 7 69 64
14 30 86 93 7 69 64 14 30 86 93 14 86 93 7 69 64
14 30 14 30 86 93 7 69 64 14 30 86 93 7 69 64
14 30 86 14 30 86 93 7 69 64 14 30 86 93 7 69 64
14 30 86 14 86 93 7 69 64 14 30 86 93 7 69 64
14 30 86 93 14 86 93 7 69 64 14 30 86 93 7 69 64

87 44 7 27 41 48 24 87 44 7 27 41 48 24
87 44 7 27 41 48 24 87 44 15 44 7 27 41 48 24
87 44 7 27 41 48 24 87 44 7 15 44 7 27 41 48 24
87 44 7 27 41 48 24 87 44 7 15 7 27 41 48 24
87 44 7 27 41 48 24 87 44 7 27 15 7 27 41 48 24
87 44 15 44 7 27 41 48 24 87 44 7 27 41 48 24
87 44 7 15 44 7 27 41 48 24 87 44 7 27 41 48 24
87 44 7 15 7 27 41 48 24 87 44 7 27 41 48 24
87 44 7 27 15 7 27 41 48 24 87 44 7 27 41 48 24

19 92 94 47 76 83 96 19 92 94 47 76 83 96
19 92 94 47 76 83 96 19 92 15 92 94 47 76 83 96
19 92 94 47 76 83 96 19 92 94 15 92 94 47 76 83 96
19 92 94 47 76 83 96 19 92 94 15 94 47 76 83 96
19 92 94 47 76 83 96 19 92 94 47 15 94 47 76 83 96
19 92 15 92 94 47 76 83 96 19 92 94 47 76 83 96
19 92 94 15 92 94 47 76 83 96 19 92 94 47 76 83 96
19 92 94 15 94 47 76 83 96 19 92 94 47 76 83 96
19 92 94 47 15 94 47 76 83 96 19 92 94 47 76 83 96

19 86 54 11 10 41 11 19 86 54 11 10 41 11
19 86 54 11 10 41 11 19 86 10 86 54 11 10 41 11
19 86 54 11 10 41 11 19 86 54 10 86 54 11 10 41 11
19 86 54 11 10 41 11 19 86 54 10 54 11 10 41 11
19 86 54 11 10 41 11 19 86 54 11 10 54 11 10 41 11
19 86 10 86 54 11 10 41 11 19 86 54 11 10 41 11
19 86 54 10 86 54 11 10 41 11 19 86 54 11 10 41 11
19 86 54 10 54 11 10 41 11 19 86 54 11 10 41 11
19 86 54 11 10 54 11 10 41 11 19 86 54 11 10 41 11

85 49 11 50 21 49 41 85 49 11 50 21 49 41
85 49 11 50 21 49 41 85 49 7 49 11 50 21 49 41
85 49 11 50 21 49 41 85 49 11 7 49 11 50 21 49 41
85 49 11 50 21 49 41 85 49 11 7 11 50 21 49 41
85 49 11 50 21 49 41 85 49 11 50 7 11 50 21 49 41
85 49 7 49 11 50 21 49 41 85 49 11 50 21 49 41
85 49 11 7 49 11 50 21 49 41 85 49 11 50 21 49 41
85 49 11 7 11 50 21 49 41 85 49 11 50 21 49 41
85 49 11 50 7 11 50 21 49 41 85 49 11 50 21 49 41

81 50 50 80 54 9 78 81 50 50 80 54 9 78
81 50 50 80 54 9 78 81 50 8 50 50 80 54 9 78
81 50 50 80 54 9 78 81 50 50 8 50 50 80 54 9 78
81 50 50 80 54 9 78 81 50 50 8 50 80 54 9 78
81 50 50 80 54 9 78 81 50 50 80 8 50 80 54 9 78
81 50 8 50 50 80 54 9 78 81 50 50 80 54 9 78
81 50 50 8 50 50 80 54 9 78 81 50 50 80 54 9 78
81 50 50 8 50 80 54 9 78 81 50 50 80 54 9 78
81 50 50 80 8 50 80 54 9 78 81 50 50 80 54 9 78

18 68 26 36 91 21 52 18 68 26 36 91 21 52
18 68 26 36 91 21 52 18 68 13 68 26 36 91 21 52
18 68 26 36 91 21 52 18 68 26 13 68 26 36 91 21 52
18 68 26 36 91 21 52 18 68 26 13 26 36 91 21 52
18 68 26 36 91 21 52 18 68 26 36 13 26 36 91 21 52
18 68 13 68 26 36 91 21 52 18 68 26 36 91 21 52
18 68 26 13 68 26 36 91 21 52 18 68 26 36 91 21 52
18 68 26 13 26 36 91 21 52 18 68 26 36 91 21 52
18 68 26 36 13 26 36 91 21 52 18 68 26 36 91 21 52

81 7 76 23 23 83 64 81 7 76 23 23 83 64
81 7 76 23 23 83 64 81 7 11 7 76 23 23 83 64
81 7 76 23 23 83 64 81 7 76 11 7 76 23 23 83 64
81 7 76 23 23 83 64 81 7 76 11 76 23 23 83 64
81 7 76 23 23 83 64 81 7 76 23 11 76 23 23 83 64
81 7 11 7 76 23 23 83 64 81 7 76 23 23 83 64
81 7 76 11 7 76 23 23 83 64 81 7 76 23 23 83 64
81 7 76 11 76 23 23 83 64 81 7 76 23 23 83 64
81 7 76 23 11 76 23 23 83 64 81 7 76 23 23 83 64

83 52 61 34 19 15 39 83 52 61 34 19 15 39
83 52 61 34 19 15 39 83 52 13 52 61 34 19 15 39
83 52 61 34 19 15 39 83 52 61 13 52 61 34 19 15 39
83 52 61 34 19 15 39 83 52 61 13 61 34 19 15 39
83 52 61 34 19 15 39 83 52 61 34 13 61 34 19 15 39
83 52 13 52 61 34 19 15 39 83 52 61 34 19 15 39
83 52 61 13 52 61 34 19 15 39 83 52 61 34 19 15 39
83 52 61 13 61 34 19 15 39 83 52 61 34 19 15 39
83 52 61 34 13 61 34 19 15 39 83 52 61 34 19 15 39

34 26 69 10 33 26 9 34 26 69 10 33 26 9
34 26 69 10 33 26 9 34 26 19 26 69 10 33 26 9
34 26 69 10 33 26 9 34 26 69 19 26 69 10 33 26 9
34 26 69 10 33 26 9 34 26 69 19 69 10 33 26 9
34 26 69 10 33 26 9 34 26 69 10 19 69 10 33 26 9
34 26 19 26 69 10 33 26 9 34 26 69 10 33 26 9
34 26 69 19 26 69 10 33 26 9 34 26 69 10 33 26 9
34 26 69 19 69 10 33 26 9 34 26 69 10 33 26 9
34 26 69 10 19 69 10 33 26 9 34 26 69 10 33 26 9

59 85 99 16 39 16 78 59 85 99 16 39 16 78
59 85 99 16 39 16 78 59 85 19 85 99 16 39 16 78
59 85 99 16 39 16 78 59 85 99 19 85 99 16 39 16 78
59 85 99 16 39 16 78 59 85 99 19 99 16 39 16 78
59 85 99 16 39 16 78 59 85 99 16 19 99 16 39 16 78
59 85 19 85 99 16 39 16 78 59 85 99 16 39 16 78
59 85 99 19 85 99 16 39 16 78 59 85 99 16 39 16 78
59 85 99 19 99 16 39 16 78 59 85 99 16 39 16 78
59 85 99 16 19 99 16 39 16 78 59 85 99 16 39 16 78

22 85 99 57 51 41 7 22 85 99 57 51 41 7
22 85 99 57 51 41 7 22 85 6 85 99 57 51 41 7
22 85 99 57 51 41 7 22 85 99 6 85 99 57 51 41 7
22 85 99 57 51 41 7 22 85 99 6 99 57 51 41 7
22 85 99 57 51 41 7 22 85 99 57 6 99 57 51 41 7
22 85 6 85 99 57 51 41 7 22 85 99 57 51 41 7
22 85 99 6 85 99 57 51 41 7 22 85 99 57 51 41 7
22 85 99 6 99 57 51 41 7 22 85 99 57 51 41 7
22 85 99 57 6 99 57 51 41 7 22 85 99 57 51 41 7

35 17 47 25 91 6 86 35 17 47 25 91 6 86
35 17 47 25 91 6 86 35 17 16 17 47 25 91 6 86
35 17 47 25 91 6 86 35 17 47 16 17 47 25 91 6 86
35 17 47 25 91 6 86 35 17 47 16 47 25 91 6 86
35 17 47 25 91 6 86 35 17 47 25 16 47 25 91 6 86
35 17 16 17 47 25 91 6 86 35 17 47 25 91 6 86
35 17 47 16 17 47 25 91 6 86 35 17 47 25 91 6 86
35 17 47 16 47 25 91 6 86 35 17 47 25 91 6 86
35 17 47 25 16 47 25 91 6 86 35 17 47 25 91 6 86

49 33 66 75 84 15 34 49 33 66 75 84 15 34
49 33 66 75 84 15 34 49 33 9 33 66 75 84 15 34
49 33 66 75 84 15 34 49 33 66 9 33 66 75 84 15 34
49 33 66 75 84 15 34 49 33 66 9 66 75 84 15 34
49 33 66 75 84 15 34 49 33 66 75 9 66 75 84 15 34
49 33 9 33 66 75 84 15 34 49 33 66 75 84 15 34
49 33 66 9 33 66 75 84 15 34 49 33 66 75 84 15 34
49 33 66 9 66 75 84 15 34 49 33 66 75 84 15 34
49 33 66 75 9 66 75 84 15 34 49 33 66 75 84 15 34

49 71 67 17 25 13 32 49 71 67 17 25 13 32
49 71 67 17 25 13 32 49 71 18 71 67 17 25 13 32
49 71 67 17 25 13 32 49 71 67 18 71 67 17 25 13 32
49 71 67 17 25 13 32 49 71 67 18 67 17 25 13 32
49 71 67 17 25 13 32 49 71 67 17 18 67 17 25 13 32
49 71 18 71 67 17 25 13 32 49 71 67 17 25 13 32
49 71 67 18 71 67 17 25 13 32 49 71 67 17 25 13 32
49 71 67 18 67 17 25 13 32 49 71 67 17 25 13 32
49 71 67 17 18 67 17 25 13 32 49 71 67 17 25 13 32

99 27 57 33 8 60 17 99 27 57 33 8 60 17
99 27 57 33 8 60 17 99 27 6 27 57 33 8 60 17
99 27 57 33 8 60 17 99 27 57 6 27 57 33 8 60 17
99 27 57 33 8 60 17 99 27 57 6 57 33 8 60 17
99 27 57 33 8 60 17 99 27 57 33 6 57 33 8 60 17
99 27 6 27 57 33 8 60 17 99 27 57 33 8 60 17
99 27 57 6 27 57 33 8 60 17 99 27 57 33 8 60 17
99 27 57 6 57 33 8 60 17 99 27 57 33 8 60 17
99 27 57 33 6 57 33 8 60 17 99 27 57 33 8 60 17

54 39 27 91 47 87 47 54 39 27 91 47 87 47
54 39 27 91 47 87 47 54 39 13 39 27 91 47 87 47
54 39 27 91 47 87 47 54 39 27 13 39 27 91 47 87 47
54 39 27 91 47 87 47 54 39 27 13 27 91 47 87 47
54 39 27 91 47 87 47 54 39 27 91 13 27 91 47 87 47
54 39 13 39 27 91 47 87 47 54 39 27 91 47 87 47
54 39 27 13 39 27 91 47 87 47 54 39 27 91 47 87 47
54 39 27 13 27 91 47 87 47 54 39 27 91 47 87 47
54 39 27 91 13 27 91 47 87 47 54 39 27 91 47 87 47

47 49 27 14 55 79 59 47 49 27 14 55 79 59
47 49 27 14 55 79 59 47 49 15 49 27 14 55 79 59
47 49 27 14 55 79 59 47 49 27 15 49 27 14 55 79 59
47 49 27 14 55 79 59 47 49 27 15 27 14 55 79 59
47 49 27 14 55 79 59 47 49 27 14 15 27 14 55 79 59
47 49 15 49 27 14 55 79 59 47 49 27 14 55 79 59
47 49 27 15 49 27 14 55 79 59 47 49 27 14 55 79 59
47 49 27 15 27 14 55 79 59 47 49 27 14 55 79 59
47 49 27 14 15 27 14 55 79 59 47 49 27 14 55 79 59

93 77 19 69 92 91 77 93 77 19 69 92 91 77
93 77 19 69 92 91 77 93 77 17 77 19 69 92 91 77
93 77 19 69 92 91 77 93 77 19 17 77 19 69 92 91 77
93 77 19 69 92 91 77 93 77 19 17 19 69 92 91 77
93 77 19 69 92 91 77 93 77 19 69 17 19 69 92 91 77
93 77 17 77 19 69 92 91 77 93 77 19 69 92 91 77
93 77 19 17 77 19 69 92 91 77 93 77 19 69 92 91 77
93 77 19 17 19 69 92 91 77 93 77 19 69 92 91 77
93 77 19 69 17 19 69 92 91 77 93 77 19 69 92 91 77

29 11 96 27 93 54 45 29 11 96 27 93 54 45
29 11 96 27 93 54 45 29 11 6 11 96 27 93 54 45
29 11 96 27 93 54 45 29 11 96 6 11 96 27 93 54 45
29 11 96 27 93 54 45 29 11 96 6 96 27 93 54 45
29 11 96 27 93 54 45 29 11 96 27 6 96 27 93 54 45
29 11 6 11 96 27 93 54 45 29 11 96 27 93 54 45
29 11 96 6 11 96 27 93 54 45 29 11 96 27 93 54 45
29 11 96 6 96 27 93 54 45 29 11 96 27 93 54 45
29 11 96 27 6 96 27 93 54 45 29 11 96 27 93 54 45

71 44 22 78 99 11 7 71 44 22 78 99 11 7
71 44 22 78 99 11 7 71 44 20 44 22 78 99 11 7
71 44 22 78 99 11 7 71 44 22 20 44 22 78 99 11 7
71 44 22 78 99 11 7 71 44 22 20 22 78 99 11 7
71 44 22 78 99 11 7 71 44 22 78 20 22 78 99 11 7
71 44 20 44 22 78 99 11 7 71 44 22 78 99 11 7
71 44 22 20 44 22 78 99 11 7 71 44 22 78 99 11 7
71 44 22 20 22 78 99 11 7 71 44 22 78 99 11 7
71 44 22 78 20 22 78 99 11 7 71 44 22 78 99 11 7

97 73 81 84 67 40 39 97 73 81 84 67 40 39
97 73 81 84 67 40 39 97 73 10 73 81 84 67 40 39
97 73 81 84 67 40 39 97 73 81 10 73 81 84 67 40 39
97 73 81 84 67 40 39 97 73 81 10 81 84 67 40 39
97 73 81 84 67 40 39 97 73 81 84 10 81 84 67 40 39
97 73 10 73 81 84 67 40 39 97 73 81 84 67 40 39
97 73 81 10 73 81 84 67 40 39 97 73 81 84 67 40 39
97 73 81 10 81 84 67 40 39 97 73 81 84 67 40 39
97 73 81 84 10 81 84 67 40 39 97 73 81 84 67 40 39

38 89 98 66 98 48 26 38 89 98 66 98 48 26
38 89 98 66 98 48 26 38 89 17 89 98 66 98 48 26
38 89 98 66 98 48 26 38 89 98 17 89 98 66 98 48 26
38 89 98 66 98 48 26 38 89 98 17 98 66 98 48 26
38 89 98 66 98 48 26 38 89 98 66 17 98 66 98 48 26
38 89 17 89 98 66 98 48 26 38 89 98 66 98 48 26
38 89 98 17 89 98 66 98 48 26 38 89 98 66 98 48 26
38 89 98 17 98 66 98 48 26 38 89 98 66 98 48 26
38 89 98 66 17 98 66 98 48 26 38 89 98 66 98 48 26

25 11 5 40 41 57 99 25 11 5 40 41 57 99
25 11 5 40 41 57 99 25 11 15 11 5 40 41 57 99
25 11 5 40 41 57 99 25 11 5 15 11 5 40 41 57 99
25 11 5 40 41 57 99 25 11 5 15 5 40 41 57 99
25 11 5 40 41 57 99 25 11 5 40 15 5 40 41 57 99
25 11 15 11 5 40 41 57 99 25 11 5 40 41 57 99
25 11 5 15 11 5 40 41 57 99 25 11 5 40 41 57 99
25 11 5 15 5 40 41 57 99 25 11 5 40 41 57 99
25 11 5 40 15 5 40 41 57 99 25 11 5 40 41 57 99

20 52 10 36 52 69 80 20 52 10 36 52 69 80
20 52 10 36 52 69 80 20 52 11 52 10 36 52 69 80
20 52 10 36 52 69 80 20 52 10 11 52 10 36 52 69 80
20 52 10 36 52 69 80 20 52 10 11 10 36 52 69 80
20 52 10 36 52 69 80 20 52 10 36 11 10 36 52 69 80
20 52 11 52 10 36 52 69 80 20 52 10 36 52 69 80
20 52 10 11 52 10 36 52 69 80 20 52 10 36 52 69 80
20 52 10 11 10 36 52 69 80 20 52 10 36 52 69 80
20 52 10 36 11 10 36 52 69 80 20 52 10 36 52 69 80

89 6 11 29 83 90 95 89 6 11 29 83 90 95
89 6 11 29 83 90 95 89 6 9 6 11 29 83 90 95
89 6 11 29 83 90 95 89 6 11 9 6 11 29 83 90 95
89 6 11 29 83 90 95 89 6 11 9 11 29 83 90 95
89 6 11 29 83 90 95 89 6 11 29 9 11 29 83 90 95
89 6 9 6 11 29 83 90 95 89 6 11 29 83 90 95
89 6 11 9 6 11 29 83 90 95 89 6 11 29 83 90 95
89 6 11 9 11 29 83 90 95 89 6 11 29 83 90 95
89 6 11 29 9 11 29 83 90 95 89 6 11 29 83 90 95

77 26 31 62 67 39 14 77 26 31 62 67 39 14
77 26 31 62 67 39 14 77 26 17 26 31 62 67 39 14
77 26 31 62 67 39 14 77 26 31 17 26 31 62 67 39 14
77 26 31 62 67 39 14 77 26 31 17 31 62 67 39 14
77 26 31 62 67 39 14 77 26 31 62 17 31 62 67 39 14
77 26 17 26 31 62 67 39 14 77 26 31 62 67 39 14
77 26 31 17 26 31 62 67 39 14 77 26 31 62 67 39 14
77 26 31 17 31 62 67 39 14 77 26 31 62 67 39 14
77 26 31 62 17 31 62 67 39 14 77 26 31 62 67 39 14

8 49 67 39 69 42 18 8 49 67 39 69 42 18
8 49 67 39 69 42 18 8 49 20 49 67 39 69 42 18
8 49 67 39 69 42 18 8 49 67 20 49 67 39 69 42 18
8 49 67 39 69 42 18 8 49 67 20 67 39 69 42 18
8 49 67 39 69 42 18 8 49 67 39 20 67 39 69 42 18
8 49 20 49 67 39 69 42 18 8 49 67 39 69 42 18
8 49 67 20 49 67 39 69 42 18 8 49 67 39 69 42 18
8 49 67 20 67 39 69 42 18 8 49 67 39 69 42 18
8 49 67 39 20 67 39 69 42 18 8 49 67 39 69 42 18

84 85 95 69 72 95 48 84 85 95 69 72 95 48
84 85 95 69 72 95 48 84 85 14 85 95 69 72 95 48
84 85 95 69 72 95 48 84 85 95 14 85 95 69 72 95 48
84 85 95 69 72 95 48 84 85 95 14 95 69 72 95 48
84 85 95 69 72 95 48 84 85 95 69 14 95 69 72 95 48
84 85 14 85 95 69 72 95 48 84 85 95 69 72 95 48
84 85 95 14 85 95 69 72 95 48 84 85 95 69 72 95 48
84 85 95 14 95 69 72 95 48 84 85 95 69 72 95 48
84 85 95 69 14 95 69 72 95 48 84 85 95 69 72 95 48

53 36 74 67 91 84 64 53 36 74 67 91 84 64
53 36 74 67 91 84 64 53 36 6 36 74 67 91 84 64
53 36 74 67 91 84 64 53 36 74 6 36 74 67 91 84 64
53 36 74 67 91 84 64 53 36 74 6 74 67 91 84 64
53 36 74 67 91 84 64 53 36 74 67 6 74 67 91 84 64
53 36 6 36 74 67 91 84 64 53 36 74 67 91 84 64
53 36 74 6 36 74 67 91 84 64 53 36 74 67 91 84 64
53 36 74 6 74 67 91 84 64 53 36 74 67 91 84 64
53 36 74 67 6 74 67 91 84 64 53 36 74 67 91 84 64

8 96 61 90 75 66 66 8 96 61 90 75 66 66
8 96 61 90 75 66 66 8 96 7 96 61 90 75 66 66
8 96 61 90 75 66 66 8 96 61 7 96 61 90 75 66 66
8 96 61 90 75 66 66 8 96 61 7 61 90 75 66 66
8 96 61 90 75 66 66 8 96 61 90 7 61 90 75 66 66
8 96 7 96 61 90 75 66 66 8 96 61 90 75 66 66
8 96 61 7 96 61 90 75 66 66 8 96 61 90 75 66 66
8 96 61 7 61 90 75 66 66 8 96 61 90 75 66 66
8 96 61 90 7 61 90 75 66 66 8 96 61 90 75 66 66

39 5 76 71 14 72 83 39 5 76 71 14 72 83
39 5 76 71 14 72 83 39 5 7 5 76 71 14 72 83
39 5 76 71 14 72 83 39 5 76 7 5 76 71 14 72 83
39 5 76 71 14 72 83 39 5 76 7 76 71 14 72 83
39 5 76 71 14 72 83 39 5 76 71 7 76 71 14 72 83
39 5 7 5 76 71 14 72 83 39 5 76 71 14 72 83
39 5 76 7 5 76 71 14 72 83 39 5 76 71 14 72 83
39 5 76 7 76 71 14 72 83 39 5 76 71 14 72 83
39 5 76 71 7 76 71 14 72 83 39 5 76 71 14 72 83

28 39 50 8 74 79 31 28 39 50 8 74 79 31
28 39 50 8 74 79 31 28 39 8 39 50 8 74 79 31
28 39 50 8 74 79 31 28 39 50 8 39 50 8 74 79 31
28 39 50 8 74 79 31 28 39 50 8 50 8 74 79 31
28 39 50 8 74 79 31 28 39 50 8 8 50 8 74 79 31
28 39 8 39 50 8 74 79 31 28 39 50 8 74 79 31
28 39 50 8 39 50 8 74 79 31 28 39 50 8 74 79 31
28 39 50 8 50 8 74 79 31 28 39 50 8 74 79 31
28 39 50 8 8 50 8 74 79 31 28 39 50 8 74 79 31

7 88 93 88 42 39 77 7 88 93 88 42 39 77
7 88 93 88 42 39 77 7 88 5 88 93 88 42 39 77
7 88 93 88 42 39 77 7 88 93 5 88 93 88 42 39 77
7 88 93 88 42 39 77 7 88 93 5 93 88 42 39 77
7 88 93 88 42 39 77 7 88 93 88 5 93 88 42 39 77
7 88 5 88 93 88 42 39 77 7 88 93 88 42 39 77
7 88 93 5 88 93 88 42 39 77 7 88 93 88 42 39 77
7 88 93 5 93 88 42 39 77 7 88 93 88 42 39 77
7 88 93 88 5 93 88 42 39 77 7 88 93 88 42 39 77

78 52 32 67 25 34 37 78 52 32 67 25 34 37
78 52 32 67 25 34 37 78 52 10 52 32 67 25 34 37
78 52 32 67 25 34 37 78 52 32 10 52 32 67 25 34 37
78 52 32 67 25 34 37 78 52 32 10 32 67 25 34 37
78 52 32 67 25 34 37 78 52 32 67 10 32 67 25 34 37
78 52 10 52 32 67 25 34 37 78 52 32 67 25 34 37
78 52 32 10 52 32 67 25 34 37 78 52 32 67 25 34 37
78 52 32 10 32 67 25 34 37 78 52 32 67 25 34 37
78 52 32 67 10 32 67 25 34 37 78 52 32 67 25 34 37

82 30 17 48 78 21 39 82 30 17 48 78 21 39
82 30 17 48 78 21 39 82 30 7 30 17 48 78 21 39
82 30 17 48 78 21 39 82 30 17 7 30 17 48 78 21 39
82 30 17 48 78 21 39 82 30 17 7 17 48 78 21 39
82 30 17 48 78 21 39 82 30 17 48 7 17 48 78 21 39
82 30 7 30 17 48 78 21 39 82 30 17 48 78 21 39
82 30 17 7 30 17 48 78 21 39 82 30 17 48 78 21 39
82 30 17 7 17 48 78 21 39 82 30 17 48 78 21 39
82 30 17 48 7 17 48 78 21 39 82 30 17 48 78 21 39

19 77 52 86 47 11 85 19 77 52 86 47 11 85
19 77 52 86 47 11 85 19 77 5 77 52 86 47 11 85
19 77 52 86 47 11 85 19 77 52 5 77 52 86 47 11 85
19 77 52 86 47 11 85 19 77 52 5 52 86 47 11 85
19 77 52 86 47 11 85 19 77 52 86 5 52 86 47 11 85
19 77 5 77 52 86 47 11 85 19 77 52 86 47 11 85
19 77 52 5 77 52 86 47 11 85 19 77 52 86 47 11 85
19 77 52 5 52 86 47 11 85 19 77 52 86 47 11 85
19 77 52 86 5 52 86 47 11 85 19 77 52 86 47 11 85

83 19 5 77 33 70 89 83 19 5 77 33 70 89
83 19 5 77 33 70 89 83 19 5 19 5 77 33 70 89
83 19 5 77 33 70 89 83 19 5 5 19 5 77 33 70 89
83 19 5 77 33 70 89 83 19 5 5 5 77 33 70 89
83 19 5 77 33 70 89 83 19 5 77 5 5 77 33 70 89
83 19 5 19 5 77 33 70 89 83 19 5 77 33 70 89
83 19 5 5 19 5 77 33 70 89 83 19 5 77 33 70 89
83 19 5 5 5 77 33 70 89 83 19 5 77 33 70 89
83 19 5 77 5 5 77 33 70 89 83 19 5 77 33 70 89

24 37 17 50 57 9 30 24 37 17 50 57 9 30
24 37 17 50 57 9 30 24 37 17 37 17 50 57 9 30
24 37 17 50 57 9 30 24 37 17 17 37 17 50 57 9 30
24 37 17 50 57 9 30 24 37 17 17 17 50 57 9 30
24 37 17 50 57 9 30 24 37 17 50 17 17 50 57 9 30
24 37 17 37 17 50 57 9 30 24 37 17 50 57 9 30
24 37 17 17 37 17 50 57 9 30 24 37 17 50 57 9 30
24 37 17 17 17 50 57 9 30 24 37 17 50 57 9 30
24 37 17 50 17 17 50 57 9 30 24 37 17 50 57 9 30

20 48 80 56 73 94 76 20 48 80 56 73 94 76
20 48 80 56 73 94 76 20 48 15 48 80 56 73 94 76
20 48 80 56 73 94 76 20 48 80 15 48 80 56 73 94 76
20 48 80 56 73 94 76 20 48 80 15 80 56 73 94 76
20 48 80 56 73 94 76 20 48 80 56 15 80 56 73 94 76
20 48 15 48 80 56 73 94 76 20 48 80 56 73 94 76
20 48 80 15 48 80 56 73 94 76 20 48 80 56 73 94 76
20 48 80 15 80 56 73 94 76 20 48 80 56 73 94 76
20 48 80 56 15 80 56 73 94 76 20 48 80 56 73 94 76

20 54 66 53 29 19 89 20 54 66 53 29 19 89
20 54 66 53 29 19 89 20 54 8 54 66 53 29 19 89
20 54 66 53 29 19 89 20 54 66 8 54 66 53 29 19 89
20 54 66 53 29 19 89 20 54 66 8 66 53 29 19 89
20 54 66 53 29 19 89 20 54 66 53 8 66 53 29 19 89
20 54 8 54 66 53 29 19 89 20 54 66 53 29 19 89
20 54 66 8 54 66 53 29 19 89 20 54 66 53 29 19 89
20 54 66 8 66 53 29 19 89 20 54 66 53 29 19 89
20 54 66 53 8 66 53 29 19 89 20 54 66 53 29 19 89

22 57 72 83 5 19 18 22 57 72 83 5 19 18
22 57 72 83 5 19 18 22 57 20 57 72 83 5 19 18
22 57 72 83 5 19 18 22 57 72 20 57 72 83 5 19 18
22 57 72 83 5 19 18 22 57 72 20 72 83 5 19 18
22 57 72 83 5 19 18 22 57 72 83 20 72 83 5 19 18
22 57 20 57 72 83 5 19 18 22 57 72 83 5 19 18
22 57 72 20 57 72 83 5 19 18 22 57 72 83 5 19 18
22 57 72 20 72 83 5 19 18 22 57 72 83 5 19 18
22 57 72 83 20 72 83 5 19 18 22 57 72 83 5 19 18

55 56 69 84 80 75 36 55 56 69 84 80 75 36
55 56 69 84 80 75 36 55 56 17 56 69 84 80 75 36
55 56 69 84 80 75 36 55 56 69 17 56 69 84 80 75 36
55 56 69 84 80 75 36 55 56 69 17 69 84 80 75 36
55 56 69 84 80 75 36 55 56 69 84 17 69 84 80 75 36
55 56 17 56 69 84 80 75 36 55 56 69 84 80 75 36
55 56 69 17 56 69 84 80 75 36 55 56 69 84 80 75 36
55 56 69 17 69 84 80 75 36 55 56 69 84 80 75 36
55 56 69 84 17 69 84 80 75 36 55 56 69 84 80 75 36

98 84 68 94 96 19 58 98 84 68 94 96 19 58
98 84 68 94 96 19 58 98 84 18 84 68 94 96 19 58
98 84 68 94 96 19 58 98 84 68 18 84 68 94 96 19 58
98 84 68 94 96 19 58 98 84 68 18 68 94 96 19 58
98 84 68 94 96 19 58 98 84 68 94 18 68 94 96 19 58
98 84 18 84 68 94 96 19 58 98 84 68 94 96 19 58
98 84 68 18 84 68 94 96 19 58 98 84 68 94 96 19 58
98 84 68 18 68 94 96 19 58 98 84 68 94 96 19 58
98 84 68 94 18 68 94 96 19 58 98 84 68 94 96 19 58

16 67 54 100 99 100 24 16 67 54 100 99 100 24
16 67 54 100 99 100 24 16 67 14 67 54 100 99 100 24
16 67 54 100 99 100 24 16 67 54 14 67 54 100 99 100 24
16 67 54 100 99 100 24 16 67 54 14 54 100 99 100 24
16 67 54 100 99 100 24 16 67 54 100 14 54 100 99 100 24
16 67 14 67 54 100 99 100 24 16 67 54 100 99 100 24
16 67 54 14 67 54 100 99 100 24 16 67 54 100 99 100 24
16 67 54 14 54 100 99 100 24 16 67 54 100 99 100 24
16 67 54 100 14 54 100 99 100 24 16 67 54 100 99 100 24

17 54 84 14 76 55 76 17 54 84 14 76 55 76
17 54 84 14 76 55 76 17 54 20 54 84 14 76 55 76
17 54 84 14 76 55 76 17 54 84 20 54 84 14 76 55 76
17 54 84 14 76 55 76 17 54 84 20 84 14 76 55 76
17 54 84 14 76 55 76 17 54 84 14 20 84 14 76 55 76
17 54 20 54 84 14 76 55 76 17 54 84 14 76 55 76
17 54 84 20 54 84 14 76 55 76 17 54 84 14 76 55 76
17 54 84 20 84 14 76 55 76 17 54 84 14 76 55 76
17 54 84 14 20 84 14 76 55 76 17 54 84 14 76 55 76

12 55 75 92 70 98 43 12 55 75 92 70 98 43
12 55 75 92 70 98 43 12 55 10 55 75 92 70 98 43
12 55 75 92 70 98 43 12 55 75 10 55 75 92 70 98 43
12 55 75 92 70 98 43 12 55 75 10 75 92 70 98 43
12 55 75 92 70 98 43 12 55 75 92 10 75 92 70 98 43
12 55 10 55 75 92 70 98 43 12 55 75 92 70 98 43
12 55 75 10 55 75 92 70 98 43 12 55 75 92 70 98 43
12 55 75 10 75 92 70 98 43 12 55 75 92 70 98 43
12 55 75 92 10 75 92 70 98 43 12 55 75 92 70 98 43

88 46 74 87 84 67 43 88 46 74 87 84 67 43
88 46 74 87 84 67 43 88 46 10 46 74 87 84 67 43
88 46 74 87 84 67 43 88 46 74 10 46 74 87 84 67 43
88 46 74 87 84 67 43 88 46 74 10 74 87 84 67 43
88 46 74 87 84 67 43 88 46 74 87 10 74 87 84 67 43
88 46 10 46 74 87 84 67 43 88 46 74 87 84 67 43
88 46 74 10 46 74 87 84 67 43 88 46 74 87 84 67 43
88 46 74 10 74 87 84 67 43 88 46 74 87 84 67 43
88 46 74 87 10 74 87 84 67 43 88 46 74 87 84 67 43

60 98 65 53 100 28 33 60 98 65 53 100 28 33
60 98 65 53 100 28 33 60 98 5 98 65 53 100 28 33
60 98 65 53 100 28 33 60 98 65 5 98 65 53 100 28 33
60 98 65 53 100 28 33 60 98 65 5 65 53 100 28 33
60 98 65 53 100 28 33 60 98 65 53 5 65 53 100 28 33
60 98 5 98 65 53 100 28 33 60 98 65 53 100 28 33
60 98 65 5 98 65 53 100 28 33 60 98 65 53 100 28 33
60 98 65 5 65 53 100 28 33 60 98 65 53 100 28 33
60 98 65 53 5 65 53 100 28 33 60 98 65 53 100 28 33

9 73 37 13 52 70 26 9 73 37 13 52 70 26
9 73 37 13 52 70 26 9 73 7 73 37 13 52 70 26
9 73 37 13 52 70 26 9 73 37 7 73 37 13 52 70 26
9 73 37 13 52 70 26 9 73 37 7 37 13 52 70 26
9 73 37 13 52 70 26 9 73 37 13 7 37 13 52 70 26
9 73 7 73 37 13 52 70 26 9 73 37 13 52 70 26
9 73 37 7 73 37 13 52 70 26 9 73 37 13 52 70 26
9 73 37 7 37 13 52 70 26 9 73 37 13 52 70 26
9 73 37 13 7 37 13 52 70 26 9 73 37 13 52 70 26

45 97 96 6 94 74 34 45 97 96 6 94 74 34
45 97 96 6 94 74 34 45 97 7 97 96 6 94 74 34
45 97 96 6 94 74 34 45 97 96 7 97 96 6 94 74 34
45 97 96 6 94 74 34 45 97 96 7 96 6 94 74 34
45 97 96 6 94 74 34 45 97 96 6 7 96 6 94 74 34
45 97 7 97 96 6 94 74 34 45 97 96 6 94 74 34
45 97 96 7 97 96 6 94 74 34 45 97 96 6 94 74 34
45 97 96 7 96 6 94 74 34 45 97 96 6 94 74 34
45 97 96 6 7 96 6 94 74 34 45 97 96 6 94 74 34

92 22 51 92 77 82 19 92 22 51 92 77 82 19
92 22 51 92 77 82 19 92 22 17 22 51 92 77 82 19
92 22 51 92 77 82 19 92 22 51 17 22 51 92 77 82 19
92 22 51 92 77 82 19 92 22 51 17 51 92 77 82 19
92 22 51 92 77 82 19 92 22 51 92 17 51 92 77 82 19
92 22 17 22 51 92 77 82 19 92 22 51 92 77 82 19
92 22 51 17 22 51 92 77 82 19 92 22 51 92 77 82 19
92 22 51 17 51 92 77 82 19 92 22 51 92 77 82 19
92 22 51 92 17 51 92 77 82 19 92 22 51 92 77 82 19

8 48 5 20 19 67 7 8 48 5 20 19 67 7
8 48 5 20 19 67 7 8 48 12 48 5 20 19 67 7
8 48 5 20 19 67 7 8 48 5 12 48 5 20 19 67 7
8 48 5 20 19 67 7 8 48 5 12 5 20 19 67 7
8 48 5 20 19 67 7 8 48 5 20 12 5 20 19 67 7
8 48 12 48 5 20 19 67 7 8 48 5 20 19 67 7
8 48 5 12 48 5 20 19 67 7 8 48 5 20 19 67 7
8 48 5 12 5 20 19 67 7 8 48 5 20 19 67 7
8 48 5 20 12 5 20 19 67 7 8 48 5 20 19 67 7

56 69 80 20 13 26 34 56 69 80 20 13 26 34
56 69 80 20 13 26 34 56 69 7 69 80 20 13 26 34
56 69 80 20 13 26 34 56 69 80 7 69 80 20 13 26 34
56 69 80 20 13 26 34 56 69 80 7 80 20 13 26 34
56 69 80 20 13 26 34 56 69 80 20 7 80 20 13 26 34
56 69 7 69 80 20 13 26 34 56 69 80 20 13 26 34
56 69 80 7 69 80 20 13 26 34 56 69 80 20 13 26 34
56 69 80 7 80 20 13 26 34 56 69 80 20 13 26 34
56 69 80 20 7 80 20 13 26 34 56 69 80 20 13 26 34

65 16 49 23 88 45 53 65 16 49 23 88 45 53
65 16 49 23 88 45 53 65 16 7 16 49 23 88 45 53
65 16 49 23 88 45 53 65 16 49 7 16 49 23 88 45 53
65 16 49 23 88 45 53 65 16 49 7 49 23 88 45 53
65 16 49 23 88 45 53 65 16 49 23 7 49 23 88 45 53
65 16 7 16 49 23 88 45 53 65 16 49 23 88 45 53
65 16 49 7 16 49 23 88 45 53 65 16 49 23 88 45 53
65 16 49 7 49 23 88 45 53 65 16 49 23 88 45 53
65 16 49 23 7 49 23 88 45 53 65 16 49 23 88 45 53

94 9 43 18 78 57 49 94 9 43 18 78 57 49
94 9 43 18 78 57 49 94 9 8 9 43 18 78 57 49
94 9 43 18 78 57 49 94 9 43 8 9 43 18 78 57 49
94 9 43 18 78 57 49 94 9 43 8 43 18 78 57 49
94 9 43 18 78 57 49 94 9 43 18 8 43 18 78 57 49
94 9 8 9 43 18 78 57 49 94 9 43 18 78 57 49
94 9 43 8 9 43 18 78 57 49 94 9 43 18 78 57 49
94 9 43 8 43 18 78 57 49 94 9 43 18 78 57 49
94 9 43 18 8 43 18 78 57 49 94 9 43 18 78 57 49

32 56 12 42 81 67 58 32 56 12 42 81 67 58
32 56 12 42 81 67 58 32 56 10 56 12 42 81 67 58
32 56 12 42 81 67 58 32 56 12 10 56 12 42 81 67 58
32 56 12 42 81 67 58 32 56 12 10 12 42 81 67 58
32 56 12 42 81 67 58 32 56 12 42 10 12 42 81 67 58
32 56 10 56 12 42 81 67 58 32 56 12 42 81 67 58
32 56 12 10 56 12 42 81 67 58 32 56 12 42 81 67 58
32 56 12 10 12 42 81 67 58 32 56 12 42 81 67 58
32 56 12 42 10 12 42 81 67 58 32 56 12 42 81 67 58

28 24 60 97 7 15 18 28 24 60 97 7 15 18
28 24 60 97 7 15 18 28 24 16 24 60 97 7 15 18
28 24 60 97 7 15 18 28 24 60 16 24 60 97 7 15 18
28 24 60 97 7 15 18 28 24 60 16 60 97 7 15 18
28 24 60 97 7 15 18 28 24 60 97 16 60 97 7 15 18
28 24 16 24 60 97 7 15 18 28 24 60 97 7 15 18
28 24 60 16 24 60 97 7 15 18 28 24 60 97 7 15 18
28 24 60 16 60 97 7 15 18 28 24 60 97 7 15 18
28 24 60 97 16 60 97 7 15 18 28 24 60 97 7 15 18

18 12 34 98 48 36 7 18 12 34 98 48 36 7
18 12 34 98 48 36 7 18 12 7 12 34 98 48 36 7
18 12 34 98 48 36 7 18 12 34 7 12 34 98 48 36 7
18 12 34 98 48 36 7 18 12 34 7 34 98 48 36 7
18 12 34 98 48 36 7 18 12 34 98 7 34 98 48 36 7
18 12 7 12 34 98 48 36 7 18 12 34 98 48 36 7
18 12 34 7 12 34 98 48 36 7 18 12 34 98 48 36 7
18 12 34 7 34 98 48 36 7 18 12 34 98 48 36 7
18 12 34 98 7 34 98 48 36 7 18 12 34 98 48 36 7

51 91 33 46 77 66 92 51 91 33 46 77 66 92
51 91 33 46 77 66 92 51 91 6 91 33 46 77 66 92
51 91 33 46 77 66 92 51 91 33 6 91 33 46 77 66 92
51 91 33 46 77 66 92 51 91 33 6 33 46 77 66 92
51 91 33 46 77 66 92 51 91 33 46 6 33 46 77 66 92
51 91 6 91 33 46 77 66 92 51 91 33 46 77 66 92
51 91 33 6 91 33 46 77 66 92 51 91 33 46 77 66 92
51 91 33 6 33 46 77 66 92 51 91 33 46 77 66 92
51 91 33 46 6 33 46 77 66 92 51 91 33 46 77 66 92

35 26 86 48 60 96 33 35 26 86 48 60 96 33
35 26 86 48 60 96 33 35 26 14 26 86 48 60 96 33
35 26 86 48 60 96 33 35 26 86 14 26 86 48 60 96 33
35 26 86 48 60 96 33 35 26 86 14 86 48 60 96 33
35 26 86 48 60 96 33 35 26 86 48 14 86 48 60 96 33
35 26 14 26 86 48 60 96 33 35 26 86 48 60 96 33
35 26 86 14 26 86 48 60 96 33 35 26 86 48 60 96 33
35 26 86 14 86 48 60 96 33 35 26 86 48 60 96 33
35 26 86 48 14 86 48 60 96 33 35 26 86 48 60 96 33

25 94 30 99 63 16 24 25 94 30 99 63 16 24
25 94 30 99 63 16 24 25 94 9 94 30 99 63 16 24
25 94 30 99 63 16 24 25 94 30 9 94 30 99 63 16 24
25 94 30 99 63 16 24 25 94 30 9 30 99 63 16 24
25 94 30 99 63 16 24 25 94 30 99 9 30 99 63 16 24
25 94 9 94 30 99 63 16 24 25 94 30 99 63 16 24
25 94 30 9 94 30 99 63 16 24 25 94 30 99 63 16 24
25 94 30 9 30 99 63 16 24 25 94 30 99 63 16 24
25 94 30 99 9 30 99 63 16 24 25 94 30 99 63 16 24

20 11 88 50 32 90 63 20 11 88 50 32 90 63
20 11 88 50 32 90 63 20 11 15 11 88 50 32 90 63
20 11 88 50 32 90 63 20 11 88 15 11 88 50 32 90 63
20 11 88 50 32 90 63 20 11 88 15 88 50 32 90 63
20 11 88 50 32 90 63 20 11 88 50 15 88 50 32 90 63
20 11 15 11 88 50 32 90 63 20 11 88 50 32 90 63
20 11 88 15 11 88 50 32 90 63 20 11 88 50 32 90 63
20 11 88 15 88 50 32 90 63 20 11 88 50 32 90 63
20 11 88 50 15 88 50 32 90 63 20 11 88 50 32 90 63

42 48 51 78 94 12 15 42 48 51 78 94 12 15
42 48 51 78 94 12 15 42 48 14 48 51 78 94 12 15
42 48 51 78 94 12 15 42 48 51 14 48 51 78 94 12 15
42 48 51 78 94 12 15 42 48 51 14 51 78 94 12 15
42 48 51 78 94 12 15 42 48 51 78 14 51 78 94 12 15
42 48 14 48 51 78 94 12 15 42 48 51 78 94 12 15
42 48 51 14 48 51 78 94 12 15 42 48 51 78 94 12 15
42 48 51 14 51 78 94 12 15 42 48 51 78 94 12 15
42 48 51 78 14 51 78 94 12 15 42 48 51 78 94 12 15

95 94 25 67 62 100 46 95 94 25 67 62 100 46
95 94 25 67 62 100 46 95 94 14 94 25 67 62 100 46
95 94 25 67 62 100 46 95 94 25 14 94 25 67 62 100 46
95 94 25 67 62 100 46 95 94 25 14 25 67 62 100 46
95 94 25 67 62 100 46 95 94 25 67 14 25 67 62 100 46
95 94 14 94 25 67 62 100 46 95 94 25 67 62 100 46
95 94 25 14 94 25 67 62 100 46 95 94 25 67 62 100 46
95 94 25 14 25 67 62 100 46 95 94 25 67 62 100 46
95 94 25 67 14 25 67 62 100 46 95 94 25 67 62 100 46

77 51 44 56 25 26 17 77 51 44 56 25 26 17
77 51 44 56 25 26 17 77 51 6 51 44 56 25 26 17
77 51 44 56 25 26 17 77 51 44 6 51 44 56 25 26 17
77 51 44 56 25 26 17 77 51 44 6 44 56 25 26 17
77 51 44 56 25 26 17 77 51 44 56 6 44 56 25 26 17
77 51 6 51 44 56 25 26 17 77 51 44 56 25 26 17
77 51 44 6 51 44 56 25 26 17 77 51 44 56 25 26 17
77 51 44 6 44 56 25 26 17 77 51 44 56 25 26 17
77 51 44 56 6 44 56 25 26 17 77 51 44 56 25 26 17

82 69 46 86 45 86 58 82 69 46 86 45 86 58
82 69 46 86 45 86 58 82 69 5 69 46 86 45 86 58
82 69 46 86 45 86 58 82 69 46 5 69 46 86 45 86 58
82 69 46 86 45 86 58 82 69 46 5 46 86 45 86 58
82 69 46 86 45 86 58 82 69 46 86 5 46 86 45 86 58
82 69 5 69 46 86 45 86 58 82 69 46 86 45 86 58
82 69 46 5 69 46 86 45 86 58 82 69 46 86 45 86 58
82 69 46 5 46 86 45 86 58 82 69 46 86 45 86 58
82 69 46 86 5 46 86 45 86 58 82 69 46 86 45 86 58

36 91 100 69 29 68 29 36 91 100 69 29 68 29
36 91 100 69 29 68 29 36 91 19 91 100 69 29 68 29
36 91 100 69 29 68 29 36 91 100 19 91 100 69 29 68 29
36 91 100 69 29 68 29 36 91 100 19 100 69 29 68 29
36 91 100 69 29 68 29 36 91 100 69 19 100 69 29 68 29
36 91 19 91 100 69 29 68 29 36 91 100 69 29 68 29
36 91 100 19 91 100 69 29 68 29 36 91 100 69 29 68 29
36 91 100 19 100 69 29 68 29 36 91 100 69 29 68 29
36 91 100 69 19 100 69 29 68 29 36 91 100 69 29 68 29

41 36 24 82 67 87 77 41 36 24 82 67 87 77
41 36 24 82 67 87 77 41 36 11 36 24 82 67 87 77
41 36 24 82 67 87 77 41 36 24 11 36 24 82 67 87 77
41 36 24 82 67 87 77 41 36 24 11 24 82 67 87 77
41 36 24 82 67 87 77 41 36 24 82 11 24 82 67 87 77
41 36 11 36 24 82 67 87 77 41 36 24 82 67 87 77
41 36 24 11 36 24 82 67 87 77 41 36 24 82 67 87 77
41 36 24 11 24 82 67 87 77 41 36 24 82 67 87 77
41 36 24 82 11 24 82 67 87 77 41 36 24 82 67 87 77

34 61 83 64 29 62 26 34 61 83 64 29 62 26
34 61 83 64 29 62 26 34 61 11 61 83 64 29 62 26
34 61 83 64 29 62 26 34 61 83 11 61 83 64 29 62 26
34 61 83 64 29 62 26 34 61 83 11 83 64 29 62 26
34 61 83 64 29 62 26 34 61 83 64 11 83 64 29 62 26
34 61 11 61 83 64 29 62 26 34 61 83 64 29 62 26
34 61 83 11 61 83 64 29 62 26 34 61 83 64 29 62 26
34 61 83 11 83 64 29 62 26 34 61 83 64 29 62 26
34 61 83 64 11 83 64 29 62 26 34 61 83 64 29 62 26

79 5 15 28 95 89 73 79 5 15 28 95 89 73
79 5 15 28 95 89 73 79 5 7 5 15 28 95 89 73
79 5 15 28 95 89 73 79 5 15 7 5 15 28 95 89 73
79 5 15 28 95 89 73 79 5 15 7 15 28 95 89 73
79 5 15 28 95 89 73 79 5 15 28 7 15 28 95 89 73
79 5 7 5 15 28 95 89 73 79 5 15 28 95 89 73
79 5 15 7 5 15 28 95 89 73 79 5 15 28 95 89 73
79 5 15 7 15 28 95 89 73 79 5 15 28 95 89 73
79 5 15 28 7 15 28 95 89 73 79 5 15 28 95 89 73

46 95 79 90 35 75 42 46 95 79 90 35 75 42
46 95 79 90 35 75 42 46 95 15 95 79 90 35 75 42
46 95 79 90 35 75 42 46 95 79 15 95 79 90 35 75 42
46 95 79 90 35 75 42 46 95 79 15 79 90 35 75 42
46 95 79 90 35 75 42 46 95 79 90 15 79 90 35 75 42
46 95 15 95 79 90 35 75 42 46 95 79 90 35 75 42
46 95 79 15 95 79 90 35 75 42 46 95 79 90 35 75 42
46 95 79 15 79 90 35 75 42 46 95 79 90 35 75 42
46 95 79 90 15 79 90 35 75 42 46 95 79 90 35 75 42

49 100 96 20 26 40 61 49 100 96 20 26 40 61
49 100 96 20 26 40 61 49 100 5 100 96 20 26 40 61
49 100 96 20 26 40 61 49 100 96 5 100 96 20 26 40 61
49 100 96 20 26 40 61 49 100 96 5 96 20 26 40 61
49 100 96 20 26 40 61 49 100 96 20 5 96 20 26 40 61
49 100 5 100 96 20 26 40 61 49 100 96 20 26 40 61
49 100 96 5 100 96 20 26 40 61 49 100 96 20 26 40 61
49 100 96 5 96 20 26 40 61 49 100 96 20 26 40 61
49 100 96 20 5 96 20 26 40 61 49 100 96 20 26 40 61

28 100 61 9 57 13 42 28 100 61 9 57 13 42
28 100 61 9 57 13 42 28 100 5 100 61 9 57 13 42
28 100 61 9 57 13 42 28 100 61 5 100 61 9 57 13 42
28 100 61 9 57 13 42 28 100 61 5 61 9 57 13 42
28 100 61 9 57 13 42 28 100 61 9 5 61 9 57 13 42
28 100 5 100 61 9 57 13 42 28 100 61 9 57 13 42
28 100 61 5 100 61 9 57 13 42 28 100 61 9 57 13 42
28 100 61 5 61 9 57 13 42 28 100 61 9 57 13 42
28 100 61 9 5 61 9 57 13 42 28 100 61 9 57 13 42

88 75 97 28 16 24 35 88 75 97 28 16 24 35
88 75 97 28 16 24 35 88 75 10 75 97 28 16 24 35
88 75 97 28 16 24 35 88 75 97 10 75 97 28 16 24 35
88 75 97 28 16 24 35 88 75 97 10 97 28 16 24 35
88 75 97 28 16 24 35 88 75 97 28 10 97 28 16 24 35
88 75 10 75 97 28 16 24 35 88 75 97 28 16 24 35
88 75 97 10 75 97 28 16 24 35 88 75 97 28 16 24 35
88 75 97 10 97 28 16 24 35 88 75 97 28 16 24 35
88 75 97 28 10 97 28 16 24 35 88 75 97 28 16 24 35

94 39 86 55 18 57 45 94 39 86 55 18 57 45
94 39 86 55 18 57 45 94 39 9 39 86 55 18 57 45
94 39 86 55 18 57 45 94 39 86 9 39 86 55 18 57 45
94 39 86 55 18 57 45 94 39 86 9 86 55 18 57 45
94 39 86 55 18 57 45 94 39 86 55 9 86 55 18 57 45
94 39 9 39 86 55 18 57 45 94 39 86 55 18 57 45
94 39 86 9 39 86 55 18 57 45 94 39 86 55 18 57 45
94 39 86 9 86 55 18 57 45 94 39 86 55 18 57 45
94 39 86 55 9 86 55 18 57 45 94 39 86 55 18 57 45

83 53 97 94 59 32 44 83 53 97 94 59 32 44
83 53 97 94 59 32 44 83 53 14 53 97 94 59 32 44
83 53 97 94 59 32 44 83 53 97 14 53 97 94 59 32 44
83 53 97 94 59 32 44 83 53 97 14 97 94 59 32 44
83 53 97 94 59 32 44 83 53 97 94 14 97 94 59 32 44
83 53 14 53 97 94 59 32 44 83 53 97 94 59 32 44
83 53 97 14 53 97 94 59 32 44 83 53 97 94 59 32 44
83 53 97 14 97 94 59 32 44 83 53 97 94 59 32 44
83 53 97 94 14 97 94 59 32 44 83 53 97 94 59 32 44

18 40 51 78 91 41 96 18 40 51 78 91 41 96
18 40 51 78 91 41 96 18 40 7 40 51 78 91 41 96
18 40 51 78 91 41 96 18 40 51 7 40 51 78 91 41 96
18 40 51 78 91 41 96 18 40 51 7 51 78 91 41 96
18 40 51 78 91 41 96 18 40 51 78 7 51 78 91 41 96
18 40 7 40 51 78 91 41 96 18 40 51 78 91 41 96
18 40 51 7 40 51 78 91 41 96 18 40 51 78 91 41 96
18 40 51 7 51 78 91 41 96 18 40 51 78 91 41 96
18 40 51 78 7 51 78 91 41 96 18 40 51 78 91 41 96

76 53 5 19 57 56 24 76 53 5 19 57 56 24
76 53 5 19 57 56 24 76 53 11 53 5 19 57 56 24
76 53 5 19 57 56 24 76 53 5 11 53 5 19 57 56 24
76 53 5 19 57 56 24 76 53 5 11 5 19 57 56 24
76 53 5 19 57 56 24 76 53 5 19 11 5 19 57 56 24
76 53 11 53 5 19 57 56 24 76 53 5 19 57 56 24
76 53 5 11 53 5 19 57 56 24 76 53 5 19 57 56 24
76 53 5 11 5 19 57 56 24 76 53 5 19 57 56 24
76 53 5 19 11 5 19 57 56 24 76 53 5 19 57 56 24

37 87 35 40 79 20 16 37 87 35 40 79 20 16
37 87 35 40 79 20 16 37 87 17 87 35 40 79 20 16
37 87 35 40 79 20 16 37 87 35 17 87 35 40 79 20 16
37 87 35 40 79 20 16 37 87 35 17 35 40 79 20 16
37 87 35 40 79 20 16 37 87 35 40 17 35 40 79 20 16
37 87 17 87 35 40 79 20 16 37 87 35 40 79 20 16
37 87 35 17 87 35 40 79 20 16 37 87 35 40 79 20 16
37 87 35 17 35 40 79 20 16 37 87 35 40 79 20 16
37 87 35 40 17 35 40 79 20 16 37 87 35 40 79 20 16

58 47 20 97 13 93 48 58 47 20 97 13 93 48
58 47 20 97 13 93 48 58 47 7 47 20 97 13 93 48
58 47 20 97 13 93 48 58 47 20 7 47 20 97 13 93 48
58 47 20 97 13 93 48 58 47 20 7 20 97 13 93 48
58 47 20 97 13 93 48 58 47 20 97 7 20 97 13 93 48
58 47 7 47 20 97 13 93 48 58 47 20 97 13 93 48
58 47 20 7 47 20 97 13 93 48 58 47 20 97 13 93 48
58 47 20 7 20 97 13 93 48 58 47 20 97 13 93 48
58 47 20 97 7 20 97 13 93 48 58 47 20 97 13 93 48

37 45 95 60 61 8 77 37 45 95 60 61 8 77
37 45 95 60 61 8 77 37 45 20 45 95 60 61 8 77
37 45 95 60 61 8 77 37 45 95 20 45 95 60 61 8 77
37 45 95 60 61 8 77 37 45 95 20 95 60 61 8 77
37 45 95 60 61 8 77 37 45 95 60 20 95 60 61 8 77
37 45 20 45 95 60 61 8 77 37 45 95 60 61 8 77
37 45 95 20 45 95 60 61 8 77 37 45 95 60 61 8 77
37 45 95 20 95 60 61 8 77 37 45 95 60 61 8 77
37 45 95 60 20 95 60 61 8 77 37 45 95 60 61 8 77

90 26 19 84 23 65 19 90 26 19 84 23 65 19
90 26 19 84 23 65 19 90 26 8 26 19 84 23 65 19
90 26 19 84 23 65 19 90 26 19 8 26 19 84 23 65 19
90 26 19 84 23 65 19 90 26 19 8 19 84 23 65 19
90 26 19 84 23 65 19 90 26 19 84 8 19 84 23 65 19
90 26 8 26 19 84 23 65 19 90 26 19 84 23 65 19
90 26 19 8 26 19 84 23 65 19 90 26 19 84 23 65 19
90 26 19 8 19 84 23 65 19 90 26 19 84 23 65 19
90 26 19 84 8 19 84 23 65 19 90 26 19 84 23 65 19

49 84 100 93 35 44 97 49 84 100 93 35 44 97
49 84 100 93 35 44 97 49 84 14 84 100 93 35 44 97
49 84 100 93 35 44 97 49 84 100 14 84 100 93 35 44 97
49 84 100 93 35 44 97 49 84 100 14 100 93 35 44 97
49 84 100 93 35 44 97 49 84 100 93 14 100 93 35 44 97
49 84 14 84 100 93 35 44 97 49 84 100 93 35 44 97
49 84 100 14 84 100 93 35 44 97 49 84 100 93 35 44 97
49 84 100 14 100 93 35 44 97 49 84 100 93 35 44 97
49 84 100 93 14 100 93 35 44 97 49 84 100 93 35 44 97

59 26 72 32 29 69 53 59 26 72 32 29 69 53
59 26 72 32 29 69 53 59 26 8 26 72 32 29 69 53
59 26 72 32 29 69 53 59 26 72 8 26 72 32 29 69 53
59 26 72 32 29 69 53 59 26 72 8 72 32 29 69 53
59 26 72 32 29 69 53 59 26 72 32 8 72 32 29 69 53
59 26 8 26 72 32 29 69 53 59 26 72 32 29 69 53
59 26 72 8 26 72 32 29 69 53 59 26 72 32 29 69 53
59 26 72 8 72 32 29 69 53 59 26 72 32 29 69 53
59 26 72 32 8 72 32 29 69 53 59 26 72 32 29 69 53

57 83 39 8 29 41 60 57 83 39 8 29 41 60
57 83 39 8 29 41 60 57 83 6 83 39 8 29 41 60
57 83 39 8 29 41 60 57 83 39 6 83 39 8 29 41 60
57 83 39 8 29 41 60 57 83 39 6 39 8 29 41 60
57 83 39 8 29 41 60 57 83 39 8 6 39 8 29 41 60
57 83 6 83 39 8 29 41 60 57 83 39 8 29 41 60
57 83 39 6 83 39 8 29 41 60 57 83 39 8 29 41 60
57 83 39 6 39 8 29 41 60 57 83 39 8 29 41 60
57 83 39 8 6 39 8 29 41 60 57 83 39 8 29 41 60

57 11 41 45 73 32 54 57 11 41 45 73 32 54
57 11 41 45 73 32 54 57 11 14 11 41 45 73 32 54
57 11 41 45 73 32 54 57 11 41 14 11 41 45 73 32 54
57 11 41 45 73 32 54 57 11 41 14 41 45 73 32 54
57 11 41 45 73 32 54 57 11 41 45 14 41 45 73 32 54
57 11 14 11 41 45 73 32 54 57 11 41 45 73 32 54
57 11 41 14 11 41 45 73 32 54 57 11 41 45 73 32 54
57 11 41 14 41 45 73 32 54 57 11 41 45 73 32 54
57 11 41 45 14 41 45 73 32 54 57 11 41 45 73 32 54

96 76 55 79 98 90 20 96 76 55 79 98 90 20
96 76 55 79 98 90 20 96 76 15 76 55 79 98 90 20
96 76 55 79 98 90 20 96 76 55 15 76 55 79 98 90 20
96 76 55 79 98 90 20 96 76 55 15 55 79 98 90 20
96 76 55 79 98 90 20 96 76 55 79 15 55 79 98 90 20
96 76 15 76 55 79 98 90 20 96 76 55 79 98 90 20
96 76 55 15 76 55 79 98 90 20 96 76 55 79 98 90 20
96 76 55 15 55 79 98 90 20 96 76 55 79 98 90 20
96 76 55 79 15 55 79 98 90 20 96 76 55 79 98 90 20

45 58 64 53 20 78 95 45 58 64 53 20 78 95
45 58 64 53 20 78 95 45 58 17 58 64 53 20 78 95
45 58 64 53 20 78 95 45 58 64 17 58 64 53 20 78 95
45 58 64 53 20 78 95 45 58 64 17 64 53 20 78 95
45 58 64 53 20 78 95 45 58 64 53 17 64 53 20 78 95
45 58 17 58 64 53 20 78 95 45 58 64 53 20 78 95
45 58 64 17 58 64 53 20 78 95 45 58 64 53 20 78 95
45 58 64 17 64 53 20 78 95 45 58 64 53 20 78 95
45 58 64 53 17 64 53 20 78 95 45 58 64 53 20 78 95

43 38 24 7 62 88 99 43 38 24 7 62 88 99
43 38 24 7 62 88 99 43 38 7 38 24 7 62 88 99
43 38 24 7 62 88 99 43 38 24 7 38 24 7 62 88 99
43 38 24 7 62 88 99 43 38 24 7 24 7 62 88 99
43 38 24 7 62 88 99 43 38 24 7 7 24 7 62 88 99
43 38 7 38 24 7 62 88 99 43 38 24 7 62 88 99
43 38 24 7 38 24 7 62 88 99 43 38 24 7 62 88 99
43 38 24 7 24 7 62 88 99 43 38 24 7 62 88 99
43 38 24 7 7 24 7 62 88 99 43 38 24 7 62 88 99

63 43 11 73 43 37 28 63 43 11 73 43 37 28
63 43 11 73 43 37 28 63 43 7 43 11 73 43 37 28
63 43 11 73 43 37 28 63 43 11 7 43 11 73 43 37 28
63 43 11 73 43 37 28 63 43 11 7 11 73 43 37 28
63 43 11 73 43 37 28 63 43 11 73 7 11 73 43 37 28
63 43 7 43 11 73 43 37 28 63 43 11 73 43 37 28
63 43 11 7 43 11 73 43 37 28 63 43 11 73 43 37 28
63 43 11 7 11 73 43 37 28 63 43 11 73 43 37 28
63 43 11 73 7 11 73 43 37 28 63 43 11 73 43 37 28

19 31 41 98 97 63 30 19 31 41 98 97 63 30
19 31 41 98 97 63 30 19 31 10 31 41 98 97 63 30
19 31 41 98 97 63 30 19 31 41 10 31 41 98 97 63 30
19 31 41 98 97 63 30 19 31 41 10 41 98 97 63 30
19 31 41 98 97 63 30 19 31 41 98 10 41 98 97 63 30
19 31 10 31 41 98 97 63 30 19 31 41 98 97 63 30
19 31 41 10 31 41 98 97 63 30 19 31 41 98 97 63 30
19 31 41 10 41 98 97 63 30 19 31 41 98 97 63 30
19 31 41 98 10 41 98 97 63 30 19 31 41 98 97 63 30

58 19 100 45 11 94 71 58 19 100 45 11 94 71
58 19 100 45 11 94 71 58 19 9 19 100 45 11 94 71
58 19 100 45 11 94 71 58 19 100 9 19 100 45 11 94 71
58 19 100 45 11 94 71 58 19 100 9 100 45 11 94 71
58 19 100 45 11 94 71 58 19 100 45 9 100 45 11 94 71
58 19 9 19 100 45 11 94 71 58 19 100 45 11 94 71
58 19 100 9 19 100 45 11 94 71 58 19 100 45 11 94 71
58 19 100 9 100 45 11 94 71 58 19 100 45 11 94 71
58 19 100 45 9 100 45 11 94 71 58 19 100 45 11 94 71

92 35 20 78 14 48 57 92 35 20 78 14 48 57
92 35 20 78 14 48 57 92 35 9 35 20 78 14 48 57
92 35 20 78 14 48 57 92 35 20 9 35 20 78 14 48 57
92 35 20 78 14 48 57 92 35 20 9 20 78 14 48 57
92 35 20 78 14 48 57 92 35 20 78 9 20 78 14 48 57
92 35 9 35 20 78 14 48 57 92 35 20 78 14 48 57
92 35 20 9 35 20 78 14 48 57 92 35 20 78 14 48 57
92 35 20 9 20 78 14 48 57 92 35 20 78 14 48 57
92 35 20 78 9 20 78 14 48 57 92 35 20 78 14 48 57

50 41 79 33 6 57 19 50 41 79 33 6 57 19
50 41 79 33 6 57 19 50 41 12 41 79 33 6 57 19
50 41 79 33 6 57 19 50 41 79 12 41 79 33 6 57 19
50 41 79 33 6 57 19 50 41 79 12 79 33 6 57 19
50 41 79 33 6 57 19 50 41 79 33 12 79 33 6 57 19
50 41 12 41 79 33 6 57 19 50 41 79 33 6 57 19
50 41 79 12 41 79 33 6 57 19 50 41 79 33 6 57 19
50 41 79 12 79 33 6 57 19 50 41 79 33 6 57 19
50 41 79 33 12 79 33 6 57 19 50 41 79 33 6 57 19

26 12 37 11 74 69 70 26 12 37 11 74 69 70
26 12 37 11 74 69 70 26 12 14 12 37 11 74 69 70
26 12 37 11 74 69 70 26 12 37 14 12 37 11 74 69 70
26 12 37 11 74 69 70 26 12 37 14 37 11 74 69 70
26 12 37 11 74 69 70 26 12 37 11 14 37 11 74 69 70
26 12 14 12 37 11 74 69 70 26 12 37 11 74 69 70
26 12 37 14 12 37 11 74 69 70 26 12 37 11 74 69 70
26 12 37 14 37 11 74 69 70 26 12 37 11 74 69 70
26 12 37 11 14 37 11 74 69 70 26 12 37 11 74 69 70

60 46 91 95 30 77 67 60 46 91 95 30 77 67
60 46 91 95 30 77 67 60 46 6 46 91 95 30 77 67
60 46 91 95 30 77 67 60 46 91 6 46 91 95 30 77 67
60 46 91 95 30 77 67 60 46 91 6 91 95 30 77 67
60 46 91 95 30 77 67 60 46 91 95 6 91 95 30 77 67
60 46 6 46 91 95 30 77 67 60 46 91 95 30 77 67
60 46 91 6 46 91 95 30 77 67 60 46 91 95 30 77 67
60 46 91 6 91 95 30 77 67 60 46 91 95 30 77 67
60 46 91 95 6 91 95 30 77 67 60 46 91 95 30 77 67

39 85 21 8 31 72 69 39 85 21 8 31 72 69
39 85 21 8 31 72 69 39 85 16 85 21 8 31 72 69
39 85 21 8 31 72 69 39 85 21 16 85 21 8 31 72 69
39 85 21 8 31 72 69 39 85 21 16 21 8 31 72 69
39 85 21 8 31 72 69 39 85 21 8 16 21 8 31 72 69
39 85 16 85 21 8 31 72 69 39 85 21 8 31 72 69
39 85 21 16 85 21 8 31 72 69 39 85 21 8 31 72 69
39 85 21 16 21 8 31 72 69 39 85 21 8 31 72 69
39 85 21 8 16 21 8 31 72 69 39 85 21 8 31 72 69

53 71 73 21 20 71 65 53 71 73 21 20 71 65
53 71 73 21 20 71 65 53 71 11 71 73 21 20 71 65
53 71 73 21 20 71 65 53 71 73 11 71 73 21 20 71 65
53 71 73 21 20 71 65 53 71 73 11 73 21 20 71 65
53 71 73 21 20 71 65 53 71 73 21 11 73 21 20 71 65
53 71 11 71 73 21 20 71 65 53 71 73 21 20 71 65
53 71 73 11 71 73 21 20 71 65 53 71 73 21 20 71 65
53 71 73 11 73 21 20 71 65 53 71 73 21 20 71 65
53 71 73 21 11 73 21 20 71 65 53 71 73 21 20 71 65

12 44 93 67 58 81 37 12 44 93 67 58 81 37
12 44 93 67 58 81 37 12 44 5 44 93 67 58 81 37
12 44 93 67 58 81 37 12 44 93 5 44 93 67 58 81 37
12 44 93 67 58 81 37 12 44 93 5 93 67 58 81 37
12 44 93 67 58 81 37 12 44 93 67 5 93 67 58 81 37
12 44 5 44 93 67 58 81 37 12 44 93 67 58 81 37
12 44 93 5 44 93 67 58 81 37 12 44 93 67 58 81 37
12 44 93 5 93 67 58 81 37 12 44 93 67 58 81 37
12 44 93 67 5 93 67 58 81 37 12 44 93 67 58 81 37

48 91 49 100 14 84 14 48 91 49 100 14 84 14
48 91 49 100 14 84 14 48 91 7 91 49 100 14 84 14
48 91 49 100 14 84 14 48 91 49 7 91 49 100 14 84 14
48 91 49 100 14 84 14 48 91 49 7 49 100 14 84 14
48 91 49 100 14 84 14 48 91 49 100 7 49 100 14 84 14
48 91 7 91 49 100 14 84 14 48 91 49 100 14 84 14
48 91 49 7 91 49 100 14 84 14 48 91 49 100 14 84 14
48 91 49 7 49 100 14 84 14 48 91 49 100 14 84 14
48 91 49 100 7 49 100 14 84 14 48 91 49 100 14 84 14

88 90 84 8 68 82 47 88 90 84 8 68 82 47
88 90 84 8 68 82 47 88 90 6 90 84 8 68 82 47
88 90 84 8 68 82 47 88 90 84 6 90 84 8 68 82 47
88 90 84 8 68 82 47 88 90 84 6 84 8 68 82 47
88 90 84 8 68 82 47 88 90 84 8 6 84 8 68 82 47
88 90 6 90 84 8 68 82 47 88 90 84 8 68 82 47
88 90 84 6 90 84 8 68 82 47 88 90 84 8 68 82 47
88 90 84 6 84 8 68 82 47 88 90 84 8 68 82 47
88 90 84 8 6 84 8 68 82 47 88 90 84 8 68 82 47

82 55 56 40 28 75 94 82 55 56 40 28 75 94
82 55 56 40 28 75 94 82 55 5 55 56 40 28 75 94
82 55 56 40 28 75 94 82 55 56 5 55 56 40 28 75 94
82 55 56 40 28 75 94 82 55 56 5 56 40 28 75 94
82 55 56 40 28 75 94 82 55 56 40 5 56 40 28 75 94
82 55 5 55 56 40 28 75 94 82 55 56 40 28 75 94
82 55 56 5 55 56 40 28 75 94 82 55 56 40 28 75 94
82 55 56 5 56 40 28 75 94 82 55 56 40 28 75 94
82 55 56 40 5 56 40 28 75 94 82 55 56 40 28 75 94

88 12 74 85 30 39 18 88 12 74 85 30 39 18
88 12 74 85 30 39 18 88 12 8 12 74 85 30 39 18
88 12 74 85 30 39 18 88 12 74 8 12 74 85 30 39 18
88 12 74 85 30 39 18 88 12 74 8 74 85 30 39 18
88 12 74 85 30 39 18 88 12 74 85 8 74 85 30 39 18
88 12 8 12 74 85 30 39 18 88 12 74 85 30 39 18
88 12 74 8 12 74 85 30 39 18 88 12 74 85 30 39 18
88 12 74 8 74 85 30 39 18 88 12 74 85 30 39 18
88 12 74 85 8 74 85 30 39 18 88 12 74 85 30 39 18

51 27 75 57 53 6 64 51 27 75 57 53 6 64
51 27 75 57 53 6 64 51 27 8 27 75 57 53 6 64
51 27 75 57 53 6 64 51 27 75 8 27 75 57 53 6 64
51 27 75 57 53 6 64 51 27 75 8 75 57 53 6 64
51 27 75 57 53 6 64 51 27 75 57 8 75 57 53 6 64
51 27 8 27 75 57 53 6 64 51 27 75 57 53 6 64
51 27 75 8 27 75 57 53 6 64 51 27 75 57 53 6 64
51 27 75 8 75 57 53 6 64 51 27 75 57 53 6 64
51 27 75 57 8 75 57 53 6 64 51 27 75 57 53 6 64

12 68 74 18 26 64 50 12 68 74 18 26 64 50
12 68 74 18 26 64 50 12 68 17 68 74 18 26 64 50
12 68 74 18 26 64 50 12 68 74 17 68 74 18 26 64 50
12 68 74 18 26 64 50 12 68 74 17 74 18 26 64 50
12 68 74 18 26 64 50 12 68 74 18 17 74 18 26 64 50
12 68 17 68 74 18 26 64 50 12 68 74 18 26 64 50
12 68 74 17 68 74 18 26 64 50 12 68 74 18 26 64 50
12 68 74 17 74 18 26 64 50 12 68 74 18 26 64 50
12 68 74 18 17 74 18 26 64 50 12 68 74 18 26 64 50

12 5 50 26 96 100 75 12 5 50 26 96 100 75
12 5 50 26 96 100 75 12 5 19 5 50 26 96 100 75
12 5 50 26 96 100 75 12 5 50 19 5 50 26 96 100 75
12 5 50 26 96 100 75 12 5 50 19 50 26 96 100 75
12 5 50 26 96 100 75 12 5 50 26 19 50 26 96 100 75
12 5 19 5 50 26 96 100 75 12 5 50 26 96 100 75
12 5 50 19 5 50 26 96 100 75 12 5 50 26 96 100 75
12 5 50 19 50 26 96 100 75 12 5 50 26 96 100 75
12 5 50 26 19 50 26 96 100 75 12 5 50 26 96 100 75

100 47 93 7 93 91 88 100 47 93 7 93 91 88
100 47 93 7 93 91 88 100 47 10 47 93 7 93 91 88
100 47 93 7 93 91 88 100 47 93 10 47 93 7 93 91 88
100 47 93 7 93 91 88 100 47 93 10 93 7 93 91 88
100 47 93 7 93 91 88 100 47 93 7 10 93 7 93 91 88
100 47 10 47 93 7 93 91 88 100 47 93 7 93 91 88
100 47 93 10 47 93 7 93 91 88 100 47 93 7 93 91 88
100 47 93 10 93 7 93 91 88 100 47 93 7 93 91 88
100 47 93 7 10 93 7 93 91 88 100 47 93 7 93 91 88

63 99 16 11 13 66 78 63 99 16 11 13 66 78
63 99 16 11 13 66 78 63 99 15 99 16 11 13 66 78
63 99 16 11 13 66 78 63 99 16 15 99 16 11 13 66 78
63 99 16 11 13 66 78 63 99 16 15 16 11 13 66 78
63 99 16 11 13 66 78 63 99 16 11 15 16 11 13 66 78
63 99 15 99 16 11 13 66 78 63 99 16 11 13 66 78
63 99 16 15 99 16 11 13 66 78 63 99 16 11 13 66 78
63 99 16 15 16 11 13 66 78 63 99 16 11 13 66 78
63 99 16 11 15 16 11 13 66 78 63 99 16 11 13 66 78

62 73 50 71 61 64 29 62 73 50 71 61 64 29
62 73 50 71 61 64 29 62 73 17 73 50 71 61 64 29
62 73 50 71 61 64 29 62 73 50 17 73 50 71 61 64 29
62 73 50 71 61 64 29 62 73 50 17 50 71 61 64 29
62 73 50 71 61 64 29 62 73 50 71 17 50 71 61 64 29
62 73 17 73 50 71 61 64 29 62 73 50 71 61 64 29
62 73 50 17 73 50 71 61 64 29 62 73 50 71 61 64 29
62 73 50 17 50 71 61 64 29 62 73 50 71 61 64 29
62 73 50 71 17 50 71 61 64 29 62 73 50 71 61 64 29

59 8 98 80 52 86 9 59 8 98 80 52 86 9
59 8 98 80 52 86 9 59 8 18 8 98 80 52 86 9
59 8 98 80 52 86 9 59 8 98 18 8 98 80 52 86 9
59 8 98 80 52 86 9 59 8 98 18 98 80 52 86 9
59 8 98 80 52 86 9 59 8 98 80 18 98 80 52 86 9
59 8 18 8 98 80 52 86 9 59 8 98 80 52 86 9
59 8 98 18 8 98 80 52 86 9 59 8 98 80 52 86 9
59 8 98 18 98 80 52 86 9 59 8 98 80 52 86 9
59 8 98 80 18 98 80 52 86 9 59 8 98 80 52 86 9

48 97 47 72 49 18 85 48 97 47 72 49 18 85
48 97 47 72 49 18 85 48 97 11 97 47 72 49 18 85
48 97 47 72 49 18 85 48 97 47 11 97 47 72 49 18 85
48 97 47 72 49 18 85 48 97 47 11 47 72 49 18 85
48 97 47 72 49 18 85 48 97 47 72 11 47 72 49 18 85
48 97 11 97 47 72 49 18 85 48 97 47 72 49 18 85
48 97 47 11 97 47 72 49 18 85 48 97 47 72 49 18 85
48 97 47 11 47 72 49 18 85 48 97 47 72 49 18 85
48 97 47 72 11 47 72 49 18 85 48 97 47 72 49 18 85

79 80 70 71 43 50 99 79 80 70 71 43 50 99
79 80 70 71 43 50 99 79 80 19 80 70 71 43 50 99
79 80 70 71 43 50 99 79 80 70 19 80 70 71 43 50 99
79 80 70 71 43 50 99 79 80 70 19 70 71 43 50 99
79 80 70 71 43 50 99 79 80 70 71 19 70 71 43 50 99
79 80 19 80 70 71 43 50 99 79 80 70 71 43 50 99
79 80 70 19 80 70 71 43 50 99 79 80 70 71 43 50 99
79 80 70 19 70 71 43 50 99 79 80 70 71 43 50 99
79 80 70 71 19 70 71 43 50 99 79 80 70 71 43 50 99

79 17 39 80 78 81 7 79 17 39 80 78 81 7
79 17 39 80 78 81 7 79 17 12 17 39 80 78 81 7
79 17 39 80 78 81 7 79 17 39 12 17 39 80 78 81 7
79 17 39 80 78 81 7 79 17 39 12 39 80 78 81 7
79 17 39 80 78 81 7 79 17 39 80 12 39 80 78 81 7
79 17 12 17 39 80 78 81 7 79 17 39 80 78 81 7
79 17 39 12 17 39 80 78 81 7 79 17 39 80 78 81 7
79 17 39 12 39 80 78 81 7 79 17 39 80 78 81 7
79 17 39 80 12 39 80 78 81 7 79 17 39 80 78 81 7

57 46 100 75 92 46 25 57 46 100 75 92 46 25
57 46 100 75 92 46 25 57 46 13 46 100 75 92 46 25
57 46 100 75 92 46 25 57 46 100 13 46 100 75 92 46 25
57 46 100 75 92 46 25 57 46 100 13 100 75 92 46 25
57 46 100 75 92 46 25 57 46 100 75 13 100 75 92 46 25
57 46 13 46 100 75 92 46 25 57 46 100 75 92 46 25
57 46 100 13 46 100 75 92 46 25 57 46 100 75 92 46 25
57 46 100 13 100 75 92 46 25 57 46 100 75 92 46 25
57 46 100 75 13 100 75 92 46 25 57 46 100 75 92 46 25

65 10 80 17 61 50 28 65 10 80 17 61 50 28
65 10 80 17 61 50 28 65 10 15 10 80 17 61 50 28
65 10 80 17 61 50 28 65 10 80 15 10 80 17 61 50 28
65 10 80 17 61 50 28 65 10 80 15 80 17 61 50 28
65 10 80 17 61 50 28 65 10 80 17 15 80 17 61 50 28
65 10 15 10 80 17 61 50 28 65 10 80 17 61 50 28
65 10 80 15 10 80 17 61 50 28 65 10 80 17 61 50 28
65 10 80 15 80 17 61 50 28 65 10 80 17 61 50 28
65 10 80 17 15 80 17 61 50 28 65 10 80 17 61 50 28

7 12 14 83 20 10 58 7 12 14 83 20 10 58
7 12 14 83 20 10 58 7 12 11 12 14 83 20 10 58
7 12 14 83 20 10 58 7 12 14 11 12 14 83 20 10 58
7 12 14 83 20 10 58 7 12 14 11 14 83 20 10 58
7 12 14 83 20 10 58 7 12 14 83 11 14 83 20 10 58
7 12 11 12 14 83 20 10 58 7 12 14 83 20 10 58
7 12 14 11 12 14 83 20 10 58 7 12 14 83 20 10 58
7 12 14 11 14 83 20 10 58 7 12 14 83 20 10 58
7 12 14 83 11 14 83 20 10 58 7 12 14 83 20 10 58

32 24 90 86 89 30 10 32 24 90 86 89 30 10
32 24 90 86 89 30 10 32 24 5 24 90 86 89 30 10
32 24 90 86 89 30 10 32 24 90 5 24 90 86 89 30 10
32 24 90 86 89 30 10 32 24 90 5 90 86 89 30 10
32 24 90 86 89 30 10 32 24 90 86 5 90 86 89 30 10
32 24 5 24 90 86 89 30 10 32 24 90 86 89 30 10
32 24 90 5 24 90 86 89 30 10 32 24 90 86 89 30 10
32 24 90 5 90 86 89 30 10 32 24 90 86 89 30 10
32 24 90 86 5 90 86 89 30 10 32 24 90 86 89 30 10

24 13 15 78 66 91 50 24 13 15 78 66 91 50
24 13 15 78 66 91 50 24 13 11 13 15 78 66 91 50
24 13 15 78 66 91 50 24 13 15 11 13 15 78 66 91 50
24 13 15 78 66 91 50 24 13 15 11 15 78 66 91 50
24 13 15 78 66 91 50 24 13 15 78 11 15 78 66 91 50
24 13 11 13 15 78 66 91 50 24 13 15 78 66 91 50
24 13 15 11 13 15 78 66 91 50 24 13 15 78 66 91 50
24 13 15 11 15 78 66 91 50 24 13 15 78 66 91 50
24 13 15 78 11 15 78 66 91 50 24 13 15 78 66 91 50

12 69 72 18 63 32 38 12 69 72 18 63 32 38
12 69 72 18 63 32 38 12 69 11 69 72 18 63 32 38
12 69 72 18 63 32 38 12 69 72 11 69 72 18 63 32 38
12 69 72 18 63 32 38 12 69 72 11 72 18 63 32 38
12 69 72 18 63 32 38 12 69 72 18 11 72 18 63 32 38
12 69 11 69 72 18 63 32 38 12 69 72 18 63 32 38
12 69 72 11 69 72 18 63 32 38 12 69 72 18 63 32 38
12 69 72 11 72 18 63 32 38 12 69 72 18 63 32 38
12 69 72 18 11 72 18 63 32 38 12 69 72 18 63 32 38

31 14 57 61 76 38 93 31 14 57 61 76 38 93
31 14 57 61 76 38 93 31 14 7 14 57 61 76 38 93
31 14 57 61 76 38 93 31 14 57 7 14 57 61 76 38 93
31 14 57 61 76 38 93 31 14 57 7 57 61 76 38 93
31 14 57 61 76 38 93 31 14 57 61 7 57 61 76 38 93
31 14 7 14 57 61 76 38 93 31 14 57 61 76 38 93
31 14 57 7 14 57 61 76 38 93 31 14 57 61 76 38 93
31 14 57 7 57 61 76 38 93 31 14 57 61 76 38 93
31 14 57 61 7 57 61 76 38 93 31 14 57 61 76 38 93

32 44 44 96 57 79 41 32 44 44 96 57 79 41
32 44 44 96 57 79 41 32 44 9 44 44 96 57 79 41
32 44 44 96 57 79 41 32 44 44 9 44 44 96 57 79 41
32 44 44 96 57 79 41 32 44 44 9 44 96 57 79 41
32 44 44 96 57 79 41 32 44 44 96 9 44 96 57 79 41
32 44 9 44 44 96 57 79 41 32 44 44 96 57 79 41
32 44 44 9 44 44 96 57 79 41 32 44 44 96 57 79 41
32 44 44 9 44 96 57 79 41 32 44 44 96 57 79 41
32 44 44 96 9 44 96 57 79 41 32 44 44 96 57 79 41

69 42 23 30 75 53 39 69 42 23 30 75 53 39
69 42 23 30 75 53 39 69 42 14 42 23 30 75 53 39
69 42 23 30 75 53 39 69 42 23 14 42 23 30 75 53 39
69 42 23 30 75 53 39 69 42 23 14 23 30 75 53 39
69 42 23 30 75 53 39 69 42 23 30 14 23 30 75 53 39
69 42 14 42 23 30 75 53 39 69 42 23 30 75 53 39
69 42 23 14 42 23 30 75 53 39 69 42 23 30 75 53 39
69 42 23 14 23 30 75 53 39 69 42 23 30 75 53 39
69 42 23 30 14 23 30 75 53 39 69 42 23 30 75 53 39

71 7 10 19 34 83 18 71 7 10 19 34 83 18
71 7 10 19 34 83 18 71 7 9 7 10 19 34 83 18
71 7 10 19 34 83 18 71 7 10 9 7 10 19 34 83 18
71 7 10 19 34 83 18 71 7 10 9 10 19 34 83 18
71 7 10 19 34 83 18 71 7 10 19 9 10 19 34 83 18
71 7 9 7 10 19 34 83 18 71 7 10 19 34 83 18
71 7 10 9 7 10 19 34 83 18 71 7 10 19 34 83 18
71 7 10 9 10 19 34 83 18 71 7 10 19 34 83 18
71 7 10 19 9 10 19 34 83 18 71 7 10 19 34 83 18

