80
7
2
2

21
0
0
23
21
0
18
29
9
17
13
3
0
21
29
18
23
29
10
21
3
24
8
4
28
4
10
30
11
26
23
21
8
13
26
7
3
2
19
28
23
20
28
28
18
27
12
25
27
14
13
20
16
19
17
17
12
9
27
1
21
22
25
11
20
27
10
22
17
22
23
0
6
21
3
14
15
6
19
23

92 104 
85 82 
53 100 
110 84 
32 98 
19 48 
53 41 
33 76 
79 66 
47 83 
29 59 
105 29 
16 62 
61 63 
68 101 
48 45 
114 20 
85 103 
80 106 
56 83 
85 80 
34 72 
48 41 
39 74 
42 33 
30 49 
108 22 
61 88 
81 88 
21 102 
77 81 
110 25 
41 21 
28 80 
57 26 
79 97 
31 71 
84 107 
101 16 
111 74 
60 99 
38 19 
64 14 
61 70 
35 36 
114 93 
58 30 
83 56 
105 77 
67 110 
54 101 
20 85 
53 87 
55 93 
10 47 
69 82 
80 32 
99 36 
25 81 
22 94 
38 32 
86 35 
103 55 
20 77 
84 30 
31 92 
73 92 
35 47 
91 28 
36 57 
88 69 
41 50 
63 87 
95 100 
18 110 
41 36 
44 56 
71 67 
25 100 
47 15 

2886
1347
1658
2296
2287
1154
1386
1644
1881
1243
1744
2084
1523
1815
2608
1056
1532
1805
2312
1768
1774
1842
1640
2118
1895
1544
1695
2656
2371
1532
2455
2091
1425
1619
1526
2146
1526
2227
1260
2182
1883
2264
1894
1689
1663
2333
1062
2380
1865
2243
2136
1494
1775
2048
1702
1592
1543
1821
1436
1200
1313
1723
2362
2045
1588
1087
1775
1271
1961
1475
1720
1199
2041
1959
1782
1275
2209
2296
2072
1070

1 2 3 4 5 1 2 3 4 5 6 7
1 2 3 4 5 1 2 100 102 3 4 5 6 7
1 2 3 4 5 1 2 3 100 102 103 4 5 6 7
1 2 3 4 5 1 2 3 100 103 4 5 6 7
1 2 3 4 5 1 2 3 4 100 103 104 5 6 7
1 2 100 102 3 4 5 1 2 3 4 5 6 7
1 2 3 100 102 103 4 5 1 2 3 4 5 6 7
1 2 3 100 103 4 5 1 2 3 4 5 6 7
1 2 3 4 100 103 104 5 1 2 3 4 5 6 7

75 78 82 97 95 71 79 75 78 82 97 95 71 79
75 78 82 97 95 71 79 75 78 20 78 82 97 95 71 79
75 78 82 97 95 71 79 75 78 82 20 78 82 97 95 71 79
75 78 82 97 95 71 79 75 78 82 20 82 97 95 71 79
75 78 82 97 95 71 79 75 78 82 97 20 82 97 95 71 79
75 78 20 78 82 97 95 71 79 75 78 82 97 95 71 79
75 78 82 20 78 82 97 95 71 79 75 78 82 97 95 71 79
75 78 82 20 82 97 95 71 79 75 78 82 97 95 71 79
75 78 82 97 20 82 97 95 71 79 75 78 82 97 95 71 79

56 14 65 70 11 14 27 56 14 65 70 11 14 27
56 14 65 70 11 14 27 56 14 6 14 65 70 11 14 27
56 14 65 70 11 14 27 56 14 65 6 14 65 70 11 14 27
56 14 65 70 11 14 27 56 14 65 6 65 70 11 14 27
56 14 65 70 11 14 27 56 14 65 70 6 65 70 11 14 27
56 14 6 14 65 70 11 14 27 56 14 65 70 11 14 27
56 14 65 6 14 65 70 11 14 27 56 14 65 70 11 14 27
56 14 65 6 65 70 11 14 27 56 14 65 70 11 14 27
56 14 65 70 6 65 70 11 14 27 56 14 65 70 11 14 27

27 27 34 84 45 38 100 27 27 34 84 45 38 100
27 27 34 84 45 38 100 27 27 10 27 34 84 45 38 100
27 27 34 84 45 38 100 27 27 34 10 27 34 84 45 38 100
27 27 34 84 45 38 100 27 27 34 10 34 84 45 38 100
27 27 34 84 45 38 100 27 27 34 84 10 34 84 45 38 100
27 27 10 27 34 84 45 38 100 27 27 34 84 45 38 100
27 27 34 10 27 34 84 45 38 100 27 27 34 84 45 38 100
27 27 34 10 34 84 45 38 100 27 27 34 84 45 38 100
27 27 34 84 10 34 84 45 38 100 27 27 34 84 45 38 100

96 39 99 64 25 74 66 96 39 99 64 25 74 66
96 39 99 64 25 74 66 96 39 20 39 99 64 25 74 66
96 39 99 64 25 74 66 96 39 99 20 39 99 64 25 74 66
96 39 99 64 25 74 66 96 39 99 20 99 64 25 74 66
96 39 99 64 25 74 66 96 39 99 64 20 99 64 25 74 66
96 39 20 39 99 64 25 74 66 96 39 99 64 25 74 66
96 39 99 20 39 99 64 25 74 66 96 39 99 64 25 74 66
96 39 99 20 99 64 25 74 66 96 39 99 64 25 74 66
96 39 99 64 20 99 64 25 74 66 96 39 99 64 25 74 66

94 76 26 85 55 62 63 94 76 26 85 55 62 63
94 76 26 85 55 62 63 94 76 14 76 26 85 55 62 63
94 76 26 85 55 62 63 94 76 26 14 76 26 85 55 62 63
94 76 26 85 55 62 63 94 76 26 14 26 85 55 62 63
94 76 26 85 55 62 63 94 76 26 85 14 26 85 55 62 63
94 76 14 76 26 85 55 62 63 94 76 26 85 55 62 63
94 76 26 14 76 26 85 55 62 63 94 76 26 85 55 62 63
94 76 26 14 26 85 55 62 63 94 76 26 85 55 62 63
94 76 26 85 14 26 85 55 62 63 94 76 26 85 55 62 63

14 6 11 34 60 92 62 14 6 11 34 60 92 62
14 6 11 34 60 92 62 14 6 5 6 11 34 60 92 62
14 6 11 34 60 92 62 14 6 11 5 6 11 34 60 92 62
14 6 11 34 60 92 62 14 6 11 5 11 34 60 92 62
14 6 11 34 60 92 62 14 6 11 34 5 11 34 60 92 62
14 6 5 6 11 34 60 92 62 14 6 11 34 60 92 62
14 6 11 5 6 11 34 60 92 62 14 6 11 34 60 92 62
14 6 11 5 11 34 60 92 62 14 6 11 34 60 92 62
14 6 11 34 5 11 34 60 92 62 14 6 11 34 60 92 62

15 30 44 34 57 67 39 15 30 44 34 57 67 39
15 30 44 34 57 67 39 15 30 17 30 44 34 57 67 39
15 30 44 34 57 67 39 15 30 44 17 30 44 34 57 67 39
15 30 44 34 57 67 39 15 30 44 17 44 34 57 67 39
15 30 44 34 57 67 39 15 30 44 34 17 44 34 57 67 39
15 30 17 30 44 34 57 67 39 15 30 44 34 57 67 39
15 30 44 17 30 44 34 57 67 39 15 30 44 34 57 67 39
15 30 44 17 44 34 57 67 39 15 30 44 34 57 67 39
15 30 44 34 17 44 34 57 67 39 15 30 44 34 57 67 39

83 9 18 68 81 20 8 83 9 18 68 81 20 8
83 9 18 68 81 20 8 83 9 16 9 18 68 81 20 8
83 9 18 68 81 20 8 83 9 18 16 9 18 68 81 20 8
83 9 18 68 81 20 8 83 9 18 16 18 68 81 20 8
83 9 18 68 81 20 8 83 9 18 68 16 18 68 81 20 8
83 9 16 9 18 68 81 20 8 83 9 18 68 81 20 8
83 9 18 16 9 18 68 81 20 8 83 9 18 68 81 20 8
83 9 18 16 18 68 81 20 8 83 9 18 68 81 20 8
83 9 18 68 16 18 68 81 20 8 83 9 18 68 81 20 8

13 51 66 51 81 33 82 13 51 66 51 81 33 82
13 51 66 51 81 33 82 13 51 11 51 66 51 81 33 82
13 51 66 51 81 33 82 13 51 66 11 51 66 51 81 33 82
13 51 66 51 81 33 82 13 51 66 11 66 51 81 33 82
13 51 66 51 81 33 82 13 51 66 51 11 66 51 81 33 82
13 51 11 51 66 51 81 33 82 13 51 66 51 81 33 82
13 51 66 11 51 66 51 81 33 82 13 51 66 51 81 33 82
13 51 66 11 66 51 81 33 82 13 51 66 51 81 33 82
13 51 66 51 11 66 51 81 33 82 13 51 66 51 81 33 82

10 31 38 76 28 20 40 10 31 38 76 28 20 40
10 31 38 76 28 20 40 10 31 11 31 38 76 28 20 40
10 31 38 76 28 20 40 10 31 38 11 31 38 76 28 20 40
10 31 38 76 28 20 40 10 31 38 11 38 76 28 20 40
10 31 38 76 28 20 40 10 31 38 76 11 38 76 28 20 40
10 31 11 31 38 76 28 20 40 10 31 38 76 28 20 40
10 31 38 11 31 38 76 28 20 40 10 31 38 76 28 20 40
10 31 38 11 38 76 28 20 40 10 31 38 76 28 20 40
10 31 38 76 11 38 76 28 20 40 10 31 38 76 28 20 40

39 72 12 40 80 63 41 39 72 12 40 80 63 41
39 72 12 40 80 63 41 39 72 18 72 12 40 80 63 41
39 72 12 40 80 63 41 39 72 12 18 72 12 40 80 63 41
39 72 12 40 80 63 41 39 72 12 18 12 40 80 63 41
39 72 12 40 80 63 41 39 72 12 40 18 12 40 80 63 41
39 72 18 72 12 40 80 63 41 39 72 12 40 80 63 41
39 72 12 18 72 12 40 80 63 41 39 72 12 40 80 63 41
39 72 12 18 12 40 80 63 41 39 72 12 40 80 63 41
39 72 12 40 18 12 40 80 63 41 39 72 12 40 80 63 41

96 10 94 14 63 86 86 96 10 94 14 63 86 86
96 10 94 14 63 86 86 96 10 12 10 94 14 63 86 86
96 10 94 14 63 86 86 96 10 94 12 10 94 14 63 86 86
96 10 94 14 63 86 86 96 10 94 12 94 14 63 86 86
96 10 94 14 63 86 86 96 10 94 14 12 94 14 63 86 86
96 10 12 10 94 14 63 86 86 96 10 94 14 63 86 86
96 10 94 12 10 94 14 63 86 86 96 10 94 14 63 86 86
96 10 94 12 94 14 63 86 86 96 10 94 14 63 86 86
96 10 94 14 12 94 14 63 86 86 96 10 94 14 63 86 86

74 17 5 46 51 90 52 74 17 5 46 51 90 52
74 17 5 46 51 90 52 74 17 8 17 5 46 51 90 52
74 17 5 46 51 90 52 74 17 5 8 17 5 46 51 90 52
74 17 5 46 51 90 52 74 17 5 8 5 46 51 90 52
74 17 5 46 51 90 52 74 17 5 46 8 5 46 51 90 52
74 17 8 17 5 46 51 90 52 74 17 5 46 51 90 52
74 17 5 8 17 5 46 51 90 52 74 17 5 46 51 90 52
74 17 5 8 5 46 51 90 52 74 17 5 46 51 90 52
74 17 5 46 8 5 46 51 90 52 74 17 5 46 51 90 52

36 91 47 53 39 45 34 36 91 47 53 39 45 34
36 91 47 53 39 45 34 36 91 9 91 47 53 39 45 34
36 91 47 53 39 45 34 36 91 47 9 91 47 53 39 45 34
36 91 47 53 39 45 34 36 91 47 9 47 53 39 45 34
36 91 47 53 39 45 34 36 91 47 53 9 47 53 39 45 34
36 91 9 91 47 53 39 45 34 36 91 47 53 39 45 34
36 91 47 9 91 47 53 39 45 34 36 91 47 53 39 45 34
36 91 47 9 47 53 39 45 34 36 91 47 53 39 45 34
36 91 47 53 9 47 53 39 45 34 36 91 47 53 39 45 34

76 62 56 87 85 81 83 76 62 56 87 85 81 83
76 62 56 87 85 81 83 76 62 19 62 56 87 85 81 83
76 62 56 87 85 81 83 76 62 56 19 62 56 87 85 81 83
76 62 56 87 85 81 83 76 62 56 19 56 87 85 81 83
76 62 56 87 85 81 83 76 62 56 87 19 56 87 85 81 83
76 62 19 62 56 87 85 81 83 76 62 56 87 85 81 83
76 62 56 19 62 56 87 85 81 83 76 62 56 87 85 81 83
76 62 56 19 56 87 85 81 83 76 62 56 87 85 81 83
76 62 56 87 19 56 87 85 81 83 76 62 56 87 85 81 83

26 8 42 32 8 99 28 26 8 42 32 8 99 28
26 8 42 32 8 99 28 26 8 7 8 42 32 8 99 28
26 8 42 32 8 99 28 26 8 42 7 8 42 32 8 99 28
26 8 42 32 8 99 28 26 8 42 7 42 32 8 99 28
26 8 42 32 8 99 28 26 8 42 32 7 42 32 8 99 28
26 8 7 8 42 32 8 99 28 26 8 42 32 8 99 28
26 8 42 7 8 42 32 8 99 28 26 8 42 32 8 99 28
26 8 42 7 42 32 8 99 28 26 8 42 32 8 99 28
26 8 42 32 7 42 32 8 99 28 26 8 42 32 8 99 28

11 71 95 15 43 20 39 11 71 95 15 43 20 39
11 71 95 15 43 20 39 11 71 17 71 95 15 43 20 39
11 71 95 15 43 20 39 11 71 95 17 71 95 15 43 20 39
11 71 95 15 43 20 39 11 71 95 17 95 15 43 20 39
11 71 95 15 43 20 39 11 71 95 15 17 95 15 43 20 39
11 71 17 71 95 15 43 20 39 11 71 95 15 43 20 39
11 71 95 17 71 95 15 43 20 39 11 71 95 15 43 20 39
11 71 95 17 95 15 43 20 39 11 71 95 15 43 20 39
11 71 95 15 17 95 15 43 20 39 11 71 95 15 43 20 39

42 75 80 87 7 25 11 42 75 80 87 7 25 11
42 75 80 87 7 25 11 42 75 18 75 80 87 7 25 11
42 75 80 87 7 25 11 42 75 80 18 75 80 87 7 25 11
42 75 80 87 7 25 11 42 75 80 18 80 87 7 25 11
42 75 80 87 7 25 11 42 75 80 87 18 80 87 7 25 11
42 75 18 75 80 87 7 25 11 42 75 80 87 7 25 11
42 75 80 18 75 80 87 7 25 11 42 75 80 87 7 25 11
42 75 80 18 80 87 7 25 11 42 75 80 87 7 25 11
42 75 80 87 18 80 87 7 25 11 42 75 80 87 7 25 11

57 56 72 94 60 56 54 57 56 72 94 60 56 54
57 56 72 94 60 56 54 57 56 16 56 72 94 60 56 54
57 56 72 94 60 56 54 57 56 72 16 56 72 94 60 56 54
57 56 72 94 60 56 54 57 56 72 16 72 94 60 56 54
57 56 72 94 60 56 54 57 56 72 94 16 72 94 60 56 54
57 56 16 56 72 94 60 56 54 57 56 72 94 60 56 54
57 56 72 16 56 72 94 60 56 54 57 56 72 94 60 56 54
57 56 72 16 72 94 60 56 54 57 56 72 94 60 56 54
57 56 72 94 16 72 94 60 56 54 57 56 72 94 60 56 54

53 89 43 65 17 12 62 53 89 43 65 17 12 62
53 89 43 65 17 12 62 53 89 15 89 43 65 17 12 62
53 89 43 65 17 12 62 53 89 43 15 89 43 65 17 12 62
53 89 43 65 17 12 62 53 89 43 15 43 65 17 12 62
53 89 43 65 17 12 62 53 89 43 65 15 43 65 17 12 62
53 89 15 89 43 65 17 12 62 53 89 43 65 17 12 62
53 89 43 15 89 43 65 17 12 62 53 89 43 65 17 12 62
53 89 43 15 43 65 17 12 62 53 89 43 65 17 12 62
53 89 43 65 15 43 65 17 12 62 53 89 43 65 17 12 62

61 5 78 65 51 42 46 61 5 78 65 51 42 46
61 5 78 65 51 42 46 61 5 13 5 78 65 51 42 46
61 5 78 65 51 42 46 61 5 78 13 5 78 65 51 42 46
61 5 78 65 51 42 46 61 5 78 13 78 65 51 42 46
61 5 78 65 51 42 46 61 5 78 65 13 78 65 51 42 46
61 5 13 5 78 65 51 42 46 61 5 78 65 51 42 46
61 5 78 13 5 78 65 51 42 46 61 5 78 65 51 42 46
61 5 78 13 78 65 51 42 46 61 5 78 65 51 42 46
61 5 78 65 13 78 65 51 42 46 61 5 78 65 51 42 46

65 85 17 58 39 79 31 65 85 17 58 39 79 31
65 85 17 58 39 79 31 65 85 16 85 17 58 39 79 31
65 85 17 58 39 79 31 65 85 17 16 85 17 58 39 79 31
65 85 17 58 39 79 31 65 85 17 16 17 58 39 79 31
65 85 17 58 39 79 31 65 85 17 58 16 17 58 39 79 31
65 85 16 85 17 58 39 79 31 65 85 17 58 39 79 31
65 85 17 16 85 17 58 39 79 31 65 85 17 58 39 79 31
65 85 17 16 17 58 39 79 31 65 85 17 58 39 79 31
65 85 17 58 16 17 58 39 79 31 65 85 17 58 39 79 31

83 30 33 29 56 17 74 83 30 33 29 56 17 74
83 30 33 29 56 17 74 83 30 19 30 33 29 56 17 74
83 30 33 29 56 17 74 83 30 33 19 30 33 29 56 17 74
83 30 33 29 56 17 74 83 30 33 19 33 29 56 17 74
83 30 33 29 56 17 74 83 30 33 29 19 33 29 56 17 74
83 30 19 30 33 29 56 17 74 83 30 33 29 56 17 74
83 30 33 19 30 33 29 56 17 74 83 30 33 29 56 17 74
83 30 33 19 33 29 56 17 74 83 30 33 29 56 17 74
83 30 33 29 19 33 29 56 17 74 83 30 33 29 56 17 74

34 79 22 56 94 95 60 34 79 22 56 94 95 60
34 79 22 56 94 95 60 34 79 14 79 22 56 94 95 60
34 79 22 56 94 95 60 34 79 22 14 79 22 56 94 95 60
34 79 22 56 94 95 60 34 79 22 14 22 56 94 95 60
34 79 22 56 94 95 60 34 79 22 56 14 22 56 94 95 60
34 79 14 79 22 56 94 95 60 34 79 22 56 94 95 60
34 79 22 14 79 22 56 94 95 60 34 79 22 56 94 95 60
34 79 22 14 22 56 94 95 60 34 79 22 56 94 95 60
34 79 22 56 14 22 56 94 95 60 34 79 22 56 94 95 60

93 60 23 25 32 90 94 93 60 23 25 32 90 94
93 60 23 25 32 90 94 93 60 11 60 23 25 32 90 94
93 60 23 25 32 90 94 93 60 23 11 60 23 25 32 90 94
93 60 23 25 32 90 94 93 60 23 11 23 25 32 90 94
93 60 23 25 32 90 94 93 60 23 25 11 23 25 32 90 94
93 60 11 60 23 25 32 90 94 93 60 23 25 32 90 94
93 60 23 11 60 23 25 32 90 94 93 60 23 25 32 90 94
93 60 23 11 23 25 32 90 94 93 60 23 25 32 90 94
93 60 23 25 11 23 25 32 90 94 93 60 23 25 32 90 94

19 71 23 30 96 23 33 19 71 23 30 96 23 33
19 71 23 30 96 23 33 19 71 15 71 23 30 96 23 33
19 71 23 30 96 23 33 19 71 23 15 71 23 30 96 23 33
19 71 23 30 96 23 33 19 71 23 15 23 30 96 23 33
19 71 23 30 96 23 33 19 71 23 30 15 23 30 96 23 33
19 71 15 71 23 30 96 23 33 19 71 23 30 96 23 33
19 71 23 15 71 23 30 96 23 33 19 71 23 30 96 23 33
19 71 23 15 23 30 96 23 33 19 71 23 30 96 23 33
19 71 23 30 15 23 30 96 23 33 19 71 23 30 96 23 33

5 51 90 8 77 74 52 5 51 90 8 77 74 52
5 51 90 8 77 74 52 5 51 6 51 90 8 77 74 52
5 51 90 8 77 74 52 5 51 90 6 51 90 8 77 74 52
5 51 90 8 77 74 52 5 51 90 6 90 8 77 74 52
5 51 90 8 77 74 52 5 51 90 8 6 90 8 77 74 52
5 51 6 51 90 8 77 74 52 5 51 90 8 77 74 52
5 51 90 6 51 90 8 77 74 52 5 51 90 8 77 74 52
5 51 90 6 90 8 77 74 52 5 51 90 8 77 74 52
5 51 90 8 6 90 8 77 74 52 5 51 90 8 77 74 52

88 100 46 73 78 90 33 88 100 46 73 78 90 33
88 100 46 73 78 90 33 88 100 10 100 46 73 78 90 33
88 100 46 73 78 90 33 88 100 46 10 100 46 73 78 90 33
88 100 46 73 78 90 33 88 100 46 10 46 73 78 90 33
88 100 46 73 78 90 33 88 100 46 73 10 46 73 78 90 33
88 100 10 100 46 73 78 90 33 88 100 46 73 78 90 33
88 100 46 10 100 46 73 78 90 33 88 100 46 73 78 90 33
88 100 46 10 46 73 78 90 33 88 100 46 73 78 90 33
88 100 46 73 10 46 73 78 90 33 88 100 46 73 78 90 33

25 99 62 81 84 58 39 25 99 62 81 84 58 39
25 99 62 81 84 58 39 25 99 19 99 62 81 84 58 39
25 99 62 81 84 58 39 25 99 62 19 99 62 81 84 58 39
25 99 62 81 84 58 39 25 99 62 19 62 81 84 58 39
25 99 62 81 84 58 39 25 99 62 81 19 62 81 84 58 39
25 99 19 99 62 81 84 58 39 25 99 62 81 84 58 39
25 99 62 19 99 62 81 84 58 39 25 99 62 81 84 58 39
25 99 62 19 62 81 84 58 39 25 99 62 81 84 58 39
25 99 62 81 19 62 81 84 58 39 25 99 62 81 84 58 39

13 58 14 84 31 84 36 13 58 14 84 31 84 36
13 58 14 84 31 84 36 13 58 8 58 14 84 31 84 36
13 58 14 84 31 84 36 13 58 14 8 58 14 84 31 84 36
13 58 14 84 31 84 36 13 58 14 8 14 84 31 84 36
13 58 14 84 31 84 36 13 58 14 84 8 14 84 31 84 36
13 58 8 58 14 84 31 84 36 13 58 14 84 31 84 36
13 58 14 8 58 14 84 31 84 36 13 58 14 84 31 84 36
13 58 14 8 14 84 31 84 36 13 58 14 84 31 84 36
13 58 14 84 8 14 84 31 84 36 13 58 14 84 31 84 36

84 89 59 74 90 9 31 84 89 59 74 90 9 31
84 89 59 74 90 9 31 84 89 13 89 59 74 90 9 31
84 89 59 74 90 9 31 84 89 59 13 89 59 74 90 9 31
84 89 59 74 90 9 31 84 89 59 13 59 74 90 9 31
84 89 59 74 90 9 31 84 89 59 74 13 59 74 90 9 31
84 89 13 89 59 74 90 9 31 84 89 59 74 90 9 31
84 89 59 13 89 59 74 90 9 31 84 89 59 74 90 9 31
84 89 59 13 59 74 90 9 31 84 89 59 74 90 9 31
84 89 59 74 13 59 74 90 9 31 84 89 59 74 90 9 31

93 84 100 10 28 69 29 93 84 100 10 28 69 29
93 84 100 10 28 69 29 93 84 13 84 100 10 28 69 29
93 84 100 10 28 69 29 93 84 100 13 84 100 10 28 69 29
93 84 100 10 28 69 29 93 84 100 13 100 10 28 69 29
93 84 100 10 28 69 29 93 84 100 10 13 100 10 28 69 29
93 84 13 84 100 10 28 69 29 93 84 100 10 28 69 29
93 84 100 13 84 100 10 28 69 29 93 84 100 10 28 69 29
93 84 100 13 100 10 28 69 29 93 84 100 10 28 69 29
93 84 100 10 13 100 10 28 69 29 93 84 100 10 28 69 29

63 71 31 5 21 45 58 63 71 31 5 21 45 58
63 71 31 5 21 45 58 63 71 16 71 31 5 21 45 58
63 71 31 5 21 45 58 63 71 31 16 71 31 5 21 45 58
63 71 31 5 21 45 58 63 71 31 16 31 5 21 45 58
63 71 31 5 21 45 58 63 71 31 5 16 31 5 21 45 58
63 71 16 71 31 5 21 45 58 63 71 31 5 21 45 58
63 71 31 16 71 31 5 21 45 58 63 71 31 5 21 45 58
63 71 31 16 31 5 21 45 58 63 71 31 5 21 45 58
63 71 31 5 16 31 5 21 45 58 63 71 31 5 21 45 58

14 65 12 69 82 24 49 14 65 12 69 82 24 49
14 65 12 69 82 24 49 14 65 5 65 12 69 82 24 49
14 65 12 69 82 24 49 14 65 12 5 65 12 69 82 24 49
14 65 12 69 82 24 49 14 65 12 5 12 69 82 24 49
14 65 12 69 82 24 49 14 65 12 69 5 12 69 82 24 49
14 65 5 65 12 69 82 24 49 14 65 12 69 82 24 49
14 65 12 5 65 12 69 82 24 49 14 65 12 69 82 24 49
14 65 12 5 12 69 82 24 49 14 65 12 69 82 24 49
14 65 12 69 5 12 69 82 24 49 14 65 12 69 82 24 49

79 37 41 10 11 74 95 79 37 41 10 11 74 95
79 37 41 10 11 74 95 79 37 18 37 41 10 11 74 95
79 37 41 10 11 74 95 79 37 41 18 37 41 10 11 74 95
79 37 41 10 11 74 95 79 37 41 18 41 10 11 74 95
79 37 41 10 11 74 95 79 37 41 10 18 41 10 11 74 95
79 37 18 37 41 10 11 74 95 79 37 41 10 11 74 95
79 37 41 18 37 41 10 11 74 95 79 37 41 10 11 74 95
79 37 41 18 41 10 11 74 95 79 37 41 10 11 74 95
79 37 41 10 18 41 10 11 74 95 79 37 41 10 11 74 95

53 90 65 88 17 52 53 53 90 65 88 17 52 53
53 90 65 88 17 52 53 53 90 10 90 65 88 17 52 53
53 90 65 88 17 52 53 53 90 65 10 90 65 88 17 52 53
53 90 65 88 17 52 53 53 90 65 10 65 88 17 52 53
53 90 65 88 17 52 53 53 90 65 88 10 65 88 17 52 53
53 90 10 90 65 88 17 52 53 53 90 65 88 17 52 53
53 90 65 10 90 65 88 17 52 53 53 90 65 88 17 52 53
53 90 65 10 65 88 17 52 53 53 90 65 88 17 52 53
53 90 65 88 10 65 88 17 52 53 53 90 65 88 17 52 53

75 39 11 66 19 72 38 75 39 11 66 19 72 38
75 39 11 66 19 72 38 75 39 5 39 11 66 19 72 38
75 39 11 66 19 72 38 75 39 11 5 39 11 66 19 72 38
75 39 11 66 19 72 38 75 39 11 5 11 66 19 72 38
75 39 11 66 19 72 38 75 39 11 66 5 11 66 19 72 38
75 39 5 39 11 66 19 72 38 75 39 11 66 19 72 38
75 39 11 5 39 11 66 19 72 38 75 39 11 66 19 72 38
75 39 11 5 11 66 19 72 38 75 39 11 66 19 72 38
75 39 11 66 5 11 66 19 72 38 75 39 11 66 19 72 38

73 20 79 91 74 30 76 73 20 79 91 74 30 76
73 20 79 91 74 30 76 73 20 10 20 79 91 74 30 76
73 20 79 91 74 30 76 73 20 79 10 20 79 91 74 30 76
73 20 79 91 74 30 76 73 20 79 10 79 91 74 30 76
73 20 79 91 74 30 76 73 20 79 91 10 79 91 74 30 76
73 20 10 20 79 91 74 30 76 73 20 79 91 74 30 76
73 20 79 10 20 79 91 74 30 76 73 20 79 91 74 30 76
73 20 79 10 79 91 74 30 76 73 20 79 91 74 30 76
73 20 79 91 10 79 91 74 30 76 73 20 79 91 74 30 76

41 5 94 7 33 63 6 41 5 94 7 33 63 6
41 5 94 7 33 63 6 41 5 8 5 94 7 33 63 6
41 5 94 7 33 63 6 41 5 94 8 5 94 7 33 63 6
41 5 94 7 33 63 6 41 5 94 8 94 7 33 63 6
41 5 94 7 33 63 6 41 5 94 7 8 94 7 33 63 6
41 5 8 5 94 7 33 63 6 41 5 94 7 33 63 6
41 5 94 8 5 94 7 33 63 6 41 5 94 7 33 63 6
41 5 94 8 94 7 33 63 6 41 5 94 7 33 63 6
41 5 94 7 8 94 7 33 63 6 41 5 94 7 33 63 6

95 28 98 54 16 76 98 95 28 98 54 16 76 98
95 28 98 54 16 76 98 95 28 18 28 98 54 16 76 98
95 28 98 54 16 76 98 95 28 98 18 28 98 54 16 76 98
95 28 98 54 16 76 98 95 28 98 18 98 54 16 76 98
95 28 98 54 16 76 98 95 28 98 54 18 98 54 16 76 98
95 28 18 28 98 54 16 76 98 95 28 98 54 16 76 98
95 28 98 18 28 98 54 16 76 98 95 28 98 54 16 76 98
95 28 98 18 98 54 16 76 98 95 28 98 54 16 76 98
95 28 98 54 18 98 54 16 76 98 95 28 98 54 16 76 98

29 71 40 80 47 75 22 29 71 40 80 47 75 22
29 71 40 80 47 75 22 29 71 7 71 40 80 47 75 22
29 71 40 80 47 75 22 29 71 40 7 71 40 80 47 75 22
29 71 40 80 47 75 22 29 71 40 7 40 80 47 75 22
29 71 40 80 47 75 22 29 71 40 80 7 40 80 47 75 22
29 71 7 71 40 80 47 75 22 29 71 40 80 47 75 22
29 71 40 7 71 40 80 47 75 22 29 71 40 80 47 75 22
29 71 40 7 40 80 47 75 22 29 71 40 80 47 75 22
29 71 40 80 7 40 80 47 75 22 29 71 40 80 47 75 22

75 84 30 5 98 94 91 75 84 30 5 98 94 91
75 84 30 5 98 94 91 75 84 12 84 30 5 98 94 91
75 84 30 5 98 94 91 75 84 30 12 84 30 5 98 94 91
75 84 30 5 98 94 91 75 84 30 12 30 5 98 94 91
75 84 30 5 98 94 91 75 84 30 5 12 30 5 98 94 91
75 84 12 84 30 5 98 94 91 75 84 30 5 98 94 91
75 84 30 12 84 30 5 98 94 91 75 84 30 5 98 94 91
75 84 30 12 30 5 98 94 91 75 84 30 5 98 94 91
75 84 30 5 12 30 5 98 94 91 75 84 30 5 98 94 91

79 74 49 9 68 62 27 79 74 49 9 68 62 27
79 74 49 9 68 62 27 79 74 19 74 49 9 68 62 27
79 74 49 9 68 62 27 79 74 49 19 74 49 9 68 62 27
79 74 49 9 68 62 27 79 74 49 19 49 9 68 62 27
79 74 49 9 68 62 27 79 74 49 9 19 49 9 68 62 27
79 74 19 74 49 9 68 62 27 79 74 49 9 68 62 27
79 74 49 19 74 49 9 68 62 27 79 74 49 9 68 62 27
79 74 49 19 49 9 68 62 27 79 74 49 9 68 62 27
79 74 49 9 19 49 9 68 62 27 79 74 49 9 68 62 27

5 42 44 55 71 50 86 5 42 44 55 71 50 86
5 42 44 55 71 50 86 5 42 20 42 44 55 71 50 86
5 42 44 55 71 50 86 5 42 44 20 42 44 55 71 50 86
5 42 44 55 71 50 86 5 42 44 20 44 55 71 50 86
5 42 44 55 71 50 86 5 42 44 55 20 44 55 71 50 86
5 42 20 42 44 55 71 50 86 5 42 44 55 71 50 86
5 42 44 20 42 44 55 71 50 86 5 42 44 55 71 50 86
5 42 44 20 44 55 71 50 86 5 42 44 55 71 50 86
5 42 44 55 20 44 55 71 50 86 5 42 44 55 71 50 86

68 85 27 23 61 21 8 68 85 27 23 61 21 8
68 85 27 23 61 21 8 68 85 11 85 27 23 61 21 8
68 85 27 23 61 21 8 68 85 27 11 85 27 23 61 21 8
68 85 27 23 61 21 8 68 85 27 11 27 23 61 21 8
68 85 27 23 61 21 8 68 85 27 23 11 27 23 61 21 8
68 85 11 85 27 23 61 21 8 68 85 27 23 61 21 8
68 85 27 11 85 27 23 61 21 8 68 85 27 23 61 21 8
68 85 27 11 27 23 61 21 8 68 85 27 23 61 21 8
68 85 27 23 11 27 23 61 21 8 68 85 27 23 61 21 8

12 69 100 80 68 61 69 12 69 100 80 68 61 69
12 69 100 80 68 61 69 12 69 5 69 100 80 68 61 69
12 69 100 80 68 61 69 12 69 100 5 69 100 80 68 61 69
12 69 100 80 68 61 69 12 69 100 5 100 80 68 61 69
12 69 100 80 68 61 69 12 69 100 80 5 100 80 68 61 69
12 69 5 69 100 80 68 61 69 12 69 100 80 68 61 69
12 69 100 5 69 100 80 68 61 69 12 69 100 80 68 61 69
12 69 100 5 100 80 68 61 69 12 69 100 80 68 61 69
12 69 100 80 5 100 80 68 61 69 12 69 100 80 68 61 69

37 26 42 22 13 49 31 37 26 42 22 13 49 31
37 26 42 22 13 49 31 37 26 14 26 42 22 13 49 31
37 26 42 22 13 49 31 37 26 42 14 26 42 22 13 49 31
37 26 42 22 13 49 31 37 26 42 14 42 22 13 49 31
37 26 42 22 13 49 31 37 26 42 22 14 42 22 13 49 31
37 26 14 26 42 22 13 49 31 37 26 42 22 13 49 31
37 26 42 14 26 42 22 13 49 31 37 26 42 22 13 49 31
37 26 42 14 42 22 13 49 31 37 26 42 22 13 49 31
37 26 42 22 14 42 22 13 49 31 37 26 42 22 13 49 31

83 57 74 51 91 99 11 83 57 74 51 91 99 11
83 57 74 51 91 99 11 83 57 6 57 74 51 91 99 11
83 57 74 51 91 99 11 83 57 74 6 57 74 51 91 99 11
83 57 74 51 91 99 11 83 57 74 6 74 51 91 99 11
83 57 74 51 91 99 11 83 57 74 51 6 74 51 91 99 11
83 57 6 57 74 51 91 99 11 83 57 74 51 91 99 11
83 57 74 6 57 74 51 91 99 11 83 57 74 51 91 99 11
83 57 74 6 74 51 91 99 11 83 57 74 51 91 99 11
83 57 74 51 6 74 51 91 99 11 83 57 74 51 91 99 11

27 20 97 71 72 18 49 27 20 97 71 72 18 49
27 20 97 71 72 18 49 27 20 9 20 97 71 72 18 49
27 20 97 71 72 18 49 27 20 97 9 20 97 71 72 18 49
27 20 97 71 72 18 49 27 20 97 9 97 71 72 18 49
27 20 97 71 72 18 49 27 20 97 71 9 97 71 72 18 49
27 20 9 20 97 71 72 18 49 27 20 97 71 72 18 49
27 20 97 9 20 97 71 72 18 49 27 20 97 71 72 18 49
27 20 97 9 97 71 72 18 49 27 20 97 71 72 18 49
27 20 97 71 9 97 71 72 18 49 27 20 97 71 72 18 49

51 30 58 95 67 85 74 51 30 58 95 67 85 74
51 30 58 95 67 85 74 51 30 6 30 58 95 67 85 74
51 30 58 95 67 85 74 51 30 58 6 30 58 95 67 85 74
51 30 58 95 67 85 74 51 30 58 6 58 95 67 85 74
51 30 58 95 67 85 74 51 30 58 95 6 58 95 67 85 74
51 30 6 30 58 95 67 85 74 51 30 58 95 67 85 74
51 30 58 6 30 58 95 67 85 74 51 30 58 95 67 85 74
51 30 58 6 58 95 67 85 74 51 30 58 95 67 85 74
51 30 58 95 6 58 95 67 85 74 51 30 58 95 67 85 74

68 56 49 91 51 27 80 68 56 49 91 51 27 80
68 56 49 91 51 27 80 68 56 5 56 49 91 51 27 80
68 56 49 91 51 27 80 68 56 49 5 56 49 91 51 27 80
68 56 49 91 51 27 80 68 56 49 5 49 91 51 27 80
68 56 49 91 51 27 80 68 56 49 91 5 49 91 51 27 80
68 56 5 56 49 91 51 27 80 68 56 49 91 51 27 80
68 56 49 5 56 49 91 51 27 80 68 56 49 91 51 27 80
68 56 49 5 49 91 51 27 80 68 56 49 91 51 27 80
68 56 49 91 5 49 91 51 27 80 68 56 49 91 51 27 80

69 29 9 68 27 64 46 69 29 9 68 27 64 46
69 29 9 68 27 64 46 69 29 12 29 9 68 27 64 46
69 29 9 68 27 64 46 69 29 9 12 29 9 68 27 64 46
69 29 9 68 27 64 46 69 29 9 12 9 68 27 64 46
69 29 9 68 27 64 46 69 29 9 68 12 9 68 27 64 46
69 29 12 29 9 68 27 64 46 69 29 9 68 27 64 46
69 29 9 12 29 9 68 27 64 46 69 29 9 68 27 64 46
69 29 9 12 9 68 27 64 46 69 29 9 68 27 64 46
69 29 9 68 12 9 68 27 64 46 69 29 9 68 27 64 46

43 51 35 71 56 77 23 43 51 35 71 56 77 23
43 51 35 71 56 77 23 43 51 6 51 35 71 56 77 23
43 51 35 71 56 77 23 43 51 35 6 51 35 71 56 77 23
43 51 35 71 56 77 23 43 51 35 6 35 71 56 77 23
43 51 35 71 56 77 23 43 51 35 71 6 35 71 56 77 23
43 51 6 51 35 71 56 77 23 43 51 35 71 56 77 23
43 51 35 6 51 35 71 56 77 23 43 51 35 71 56 77 23
43 51 35 6 35 71 56 77 23 43 51 35 71 56 77 23
43 51 35 71 6 35 71 56 77 23 43 51 35 71 56 77 23

16 89 45 74 57 59 78 16 89 45 74 57 59 78
16 89 45 74 57 59 78 16 89 19 89 45 74 57 59 78
16 89 45 74 57 59 78 16 89 45 19 89 45 74 57 59 78
16 89 45 74 57 59 78 16 89 45 19 45 74 57 59 78
16 89 45 74 57 59 78 16 89 45 74 19 45 74 57 59 78
16 89 19 89 45 74 57 59 78 16 89 45 74 57 59 78
16 89 45 19 89 45 74 57 59 78 16 89 45 74 57 59 78
16 89 45 19 45 74 57 59 78 16 89 45 74 57 59 78
16 89 45 74 19 45 74 57 59 78 16 89 45 74 57 59 78

24 83 5 39 100 27 58 24 83 5 39 100 27 58
24 83 5 39 100 27 58 24 83 9 83 5 39 100 27 58
24 83 5 39 100 27 58 24 83 5 9 83 5 39 100 27 58
24 83 5 39 100 27 58 24 83 5 9 5 39 100 27 58
24 83 5 39 100 27 58 24 83 5 39 9 5 39 100 27 58
24 83 9 83 5 39 100 27 58 24 83 5 39 100 27 58
24 83 5 9 83 5 39 100 27 58 24 83 5 39 100 27 58
24 83 5 9 5 39 100 27 58 24 83 5 39 100 27 58
24 83 5 39 9 5 39 100 27 58 24 83 5 39 100 27 58

37 24 63 68 30 57 44 37 24 63 68 30 57 44
37 24 63 68 30 57 44 37 24 6 24 63 68 30 57 44
37 24 63 68 30 57 44 37 24 63 6 24 63 68 30 57 44
37 24 63 68 30 57 44 37 24 63 6 63 68 30 57 44
37 24 63 68 30 57 44 37 24 63 68 6 63 68 30 57 44
37 24 6 24 63 68 30 57 44 37 24 63 68 30 57 44
37 24 63 6 24 63 68 30 57 44 37 24 63 68 30 57 44
37 24 63 6 63 68 30 57 44 37 24 63 68 30 57 44
37 24 63 68 6 63 68 30 57 44 37 24 63 68 30 57 44

8 42 69 21 66 37 72 8 42 69 21 66 37 72
8 42 69 21 66 37 72 8 42 17 42 69 21 66 37 72
8 42 69 21 66 37 72 8 42 69 17 42 69 21 66 37 72
8 42 69 21 66 37 72 8 42 69 17 69 21 66 37 72
8 42 69 21 66 37 72 8 42 69 21 17 69 21 66 37 72
8 42 17 42 69 21 66 37 72 8 42 69 21 66 37 72
8 42 69 17 42 69 21 66 37 72 8 42 69 21 66 37 72
8 42 69 17 69 21 66 37 72 8 42 69 21 66 37 72
8 42 69 21 17 69 21 66 37 72 8 42 69 21 66 37 72

88 27 89 28 28 35 67 88 27 89 28 28 35 67
88 27 89 28 28 35 67 88 27 20 27 89 28 28 35 67
88 27 89 28 28 35 67 88 27 89 20 27 89 28 28 35 67
88 27 89 28 28 35 67 88 27 89 20 89 28 28 35 67
88 27 89 28 28 35 67 88 27 89 28 20 89 28 28 35 67
88 27 20 27 89 28 28 35 67 88 27 89 28 28 35 67
88 27 89 20 27 89 28 28 35 67 88 27 89 28 28 35 67
88 27 89 20 89 28 28 35 67 88 27 89 28 28 35 67
88 27 89 28 20 89 28 28 35 67 88 27 89 28 28 35 67

52 9 19 74 59 20 31 52 9 19 74 59 20 31
52 9 19 74 59 20 31 52 9 11 9 19 74 59 20 31
52 9 19 74 59 20 31 52 9 19 11 9 19 74 59 20 31
52 9 19 74 59 20 31 52 9 19 11 19 74 59 20 31
52 9 19 74 59 20 31 52 9 19 74 11 19 74 59 20 31
52 9 11 9 19 74 59 20 31 52 9 19 74 59 20 31
52 9 19 11 9 19 74 59 20 31 52 9 19 74 59 20 31
52 9 19 11 19 74 59 20 31 52 9 19 74 59 20 31
52 9 19 74 11 19 74 59 20 31 52 9 19 74 59 20 31

17 45 6 86 13 24 63 17 45 6 86 13 24 63
17 45 6 86 13 24 63 17 45 13 45 6 86 13 24 63
17 45 6 86 13 24 63 17 45 6 13 45 6 86 13 24 63
17 45 6 86 13 24 63 17 45 6 13 6 86 13 24 63
17 45 6 86 13 24 63 17 45 6 86 13 6 86 13 24 63
17 45 13 45 6 86 13 24 63 17 45 6 86 13 24 63
17 45 6 13 45 6 86 13 24 63 17 45 6 86 13 24 63
17 45 6 13 6 86 13 24 63 17 45 6 86 13 24 63
17 45 6 86 13 6 86 13 24 63 17 45 6 86 13 24 63

57 47 33 14 12 83 30 57 47 33 14 12 83 30
57 47 33 14 12 83 30 57 47 10 47 33 14 12 83 30
57 47 33 14 12 83 30 57 47 33 10 47 33 14 12 83 30
57 47 33 14 12 83 30 57 47 33 10 33 14 12 83 30
57 47 33 14 12 83 30 57 47 33 14 10 33 14 12 83 30
57 47 10 47 33 14 12 83 30 57 47 33 14 12 83 30
57 47 33 10 47 33 14 12 83 30 57 47 33 14 12 83 30
57 47 33 10 33 14 12 83 30 57 47 33 14 12 83 30
57 47 33 14 10 33 14 12 83 30 57 47 33 14 12 83 30

64 30 71 17 34 56 98 64 30 71 17 34 56 98
64 30 71 17 34 56 98 64 30 11 30 71 17 34 56 98
64 30 71 17 34 56 98 64 30 71 11 30 71 17 34 56 98
64 30 71 17 34 56 98 64 30 71 11 71 17 34 56 98
64 30 71 17 34 56 98 64 30 71 17 11 71 17 34 56 98
64 30 11 30 71 17 34 56 98 64 30 71 17 34 56 98
64 30 71 11 30 71 17 34 56 98 64 30 71 17 34 56 98
64 30 71 11 71 17 34 56 98 64 30 71 17 34 56 98
64 30 71 17 11 71 17 34 56 98 64 30 71 17 34 56 98

95 44 84 49 68 12 99 95 44 84 49 68 12 99
95 44 84 49 68 12 99 95 44 16 44 84 49 68 12 99
95 44 84 49 68 12 99 95 44 84 16 44 84 49 68 12 99
95 44 84 49 68 12 99 95 44 84 16 84 49 68 12 99
95 44 84 49 68 12 99 95 44 84 49 16 84 49 68 12 99
95 44 16 44 84 49 68 12 99 95 44 84 49 68 12 99
95 44 84 16 44 84 49 68 12 99 95 44 84 49 68 12 99
95 44 84 16 84 49 68 12 99 95 44 84 49 68 12 99
95 44 84 49 16 84 49 68 12 99 95 44 84 49 68 12 99

85 100 12 62 50 73 8 85 100 12 62 50 73 8
85 100 12 62 50 73 8 85 100 6 100 12 62 50 73 8
85 100 12 62 50 73 8 85 100 12 6 100 12 62 50 73 8
85 100 12 62 50 73 8 85 100 12 6 12 62 50 73 8
85 100 12 62 50 73 8 85 100 12 62 6 12 62 50 73 8
85 100 6 100 12 62 50 73 8 85 100 12 62 50 73 8
85 100 12 6 100 12 62 50 73 8 85 100 12 62 50 73 8
85 100 12 6 12 62 50 73 8 85 100 12 62 50 73 8
85 100 12 62 6 12 62 50 73 8 85 100 12 62 50 73 8

30 9 76 14 76 63 60 30 9 76 14 76 63 60
30 9 76 14 76 63 60 30 9 19 9 76 14 76 63 60
30 9 76 14 76 63 60 30 9 76 19 9 76 14 76 63 60
30 9 76 14 76 63 60 30 9 76 19 76 14 76 63 60
30 9 76 14 76 63 60 30 9 76 14 19 76 14 76 63 60
30 9 19 9 76 14 76 63 60 30 9 76 14 76 63 60
30 9 76 19 9 76 14 76 63 60 30 9 76 14 76 63 60
30 9 76 19 76 14 76 63 60 30 9 76 14 76 63 60
30 9 76 14 19 76 14 76 63 60 30 9 76 14 76 63 60

8 8 16 77 11 37 90 8 8 16 77 11 37 90
8 8 16 77 11 37 90 8 8 15 8 16 77 11 37 90
8 8 16 77 11 37 90 8 8 16 15 8 16 77 11 37 90
8 8 16 77 11 37 90 8 8 16 15 16 77 11 37 90
8 8 16 77 11 37 90 8 8 16 77 15 16 77 11 37 90
8 8 15 8 16 77 11 37 90 8 8 16 77 11 37 90
8 8 16 15 8 16 77 11 37 90 8 8 16 77 11 37 90
8 8 16 15 16 77 11 37 90 8 8 16 77 11 37 90
8 8 16 77 15 16 77 11 37 90 8 8 16 77 11 37 90

13 46 56 81 86 39 9 13 46 56 81 86 39 9
13 46 56 81 86 39 9 13 46 8 46 56 81 86 39 9
13 46 56 81 86 39 9 13 46 56 8 46 56 81 86 39 9
13 46 56 81 86 39 9 13 46 56 8 56 81 86 39 9
13 46 56 81 86 39 9 13 46 56 81 8 56 81 86 39 9
13 46 8 46 56 81 86 39 9 13 46 56 81 86 39 9
13 46 56 8 46 56 81 86 39 9 13 46 56 81 86 39 9
13 46 56 8 56 81 86 39 9 13 46 56 81 86 39 9
13 46 56 81 8 56 81 86 39 9 13 46 56 81 86 39 9

40 31 22 38 30 76 26 40 31 22 38 30 76 26
40 31 22 38 30 76 26 40 31 16 31 22 38 30 76 26
40 31 22 38 30 76 26 40 31 22 16 31 22 38 30 76 26
40 31 22 38 30 76 26 40 31 22 16 22 38 30 76 26
40 31 22 38 30 76 26 40 31 22 38 16 22 38 30 76 26
40 31 16 31 22 38 30 76 26 40 31 22 38 30 76 26
40 31 22 16 31 22 38 30 76 26 40 31 22 38 30 76 26
40 31 22 16 22 38 30 76 26 40 31 22 38 30 76 26
40 31 22 38 16 22 38 30 76 26 40 31 22 38 30 76 26

81 50 83 14 41 73 68 81 50 83 14 41 73 68
81 50 83 14 41 73 68 81 50 10 50 83 14 41 73 68
81 50 83 14 41 73 68 81 50 83 10 50 83 14 41 73 68
81 50 83 14 41 73 68 81 50 83 10 83 14 41 73 68
81 50 83 14 41 73 68 81 50 83 14 10 83 14 41 73 68
81 50 10 50 83 14 41 73 68 81 50 83 14 41 73 68
81 50 83 10 50 83 14 41 73 68 81 50 83 14 41 73 68
81 50 83 10 83 14 41 73 68 81 50 83 14 41 73 68
81 50 83 14 10 83 14 41 73 68 81 50 83 14 41 73 68

61 39 22 42 64 43 11 61 39 22 42 64 43 11
61 39 22 42 64 43 11 61 39 8 39 22 42 64 43 11
61 39 22 42 64 43 11 61 39 22 8 39 22 42 64 43 11
61 39 22 42 64 43 11 61 39 22 8 22 42 64 43 11
61 39 22 42 64 43 11 61 39 22 42 8 22 42 64 43 11
61 39 8 39 22 42 64 43 11 61 39 22 42 64 43 11
61 39 22 8 39 22 42 64 43 11 61 39 22 42 64 43 11
61 39 22 8 22 42 64 43 11 61 39 22 42 64 43 11
61 39 22 42 8 22 42 64 43 11 61 39 22 42 64 43 11

14 36 83 55 57 30 58 14 36 83 55 57 30 58
14 36 83 55 57 30 58 14 36 11 36 83 55 57 30 58
14 36 83 55 57 30 58 14 36 83 11 36 83 55 57 30 58
14 36 83 55 57 30 58 14 36 83 11 83 55 57 30 58
14 36 83 55 57 30 58 14 36 83 55 11 83 55 57 30 58
14 36 11 36 83 55 57 30 58 14 36 83 55 57 30 58
14 36 83 11 36 83 55 57 30 58 14 36 83 55 57 30 58
14 36 83 11 83 55 57 30 58 14 36 83 55 57 30 58
14 36 83 55 11 83 55 57 30 58 14 36 83 55 57 30 58

19 36 24 32 38 90 25 19 36 24 32 38 90 25
19 36 24 32 38 90 25 19 36 15 36 24 32 38 90 25
19 36 24 32 38 90 25 19 36 24 15 36 24 32 38 90 25
19 36 24 32 38 90 25 19 36 24 15 24 32 38 90 25
19 36 24 32 38 90 25 19 36 24 32 15 24 32 38 90 25
19 36 15 36 24 32 38 90 25 19 36 24 32 38 90 25
19 36 24 15 36 24 32 38 90 25 19 36 24 32 38 90 25
19 36 24 15 24 32 38 90 25 19 36 24 32 38 90 25
19 36 24 32 15 24 32 38 90 25 19 36 24 32 38 90 25

90 38 51 78 81 12 22 90 38 51 78 81 12 22
90 38 51 78 81 12 22 90 38 9 38 51 78 81 12 22
90 38 51 78 81 12 22 90 38 51 9 38 51 78 81 12 22
90 38 51 78 81 12 22 90 38 51 9 51 78 81 12 22
90 38 51 78 81 12 22 90 38 51 78 9 51 78 81 12 22
90 38 9 38 51 78 81 12 22 90 38 51 78 81 12 22
90 38 51 9 38 51 78 81 12 22 90 38 51 78 81 12 22
90 38 51 9 51 78 81 12 22 90 38 51 78 81 12 22
90 38 51 78 9 51 78 81 12 22 90 38 51 78 81 12 22

12 86 78 94 16 34 56 12 86 78 94 16 34 56
12 86 78 94 16 34 56 12 86 14 86 78 94 16 34 56
12 86 78 94 16 34 56 12 86 78 14 86 78 94 16 34 56
12 86 78 94 16 34 56 12 86 78 14 78 94 16 34 56
12 86 78 94 16 34 56 12 86 78 94 14 78 94 16 34 56
12 86 14 86 78 94 16 34 56 12 86 78 94 16 34 56
12 86 78 14 86 78 94 16 34 56 12 86 78 94 16 34 56
12 86 78 14 78 94 16 34 56 12 86 78 94 16 34 56
12 86 78 94 14 78 94 16 34 56 12 86 78 94 16 34 56

91 79 7 100 7 28 25 91 79 7 100 7 28 25
91 79 7 100 7 28 25 91 79 7 79 7 100 7 28 25
91 79 7 100 7 28 25 91 79 7 7 79 7 100 7 28 25
91 79 7 100 7 28 25 91 79 7 7 7 100 7 28 25
91 79 7 100 7 28 25 91 79 7 100 7 7 100 7 28 25
91 79 7 79 7 100 7 28 25 91 79 7 100 7 28 25
91 79 7 7 79 7 100 7 28 25 91 79 7 100 7 28 25
91 79 7 7 7 100 7 28 25 91 79 7 100 7 28 25
91 79 7 100 7 7 100 7 28 25 91 79 7 100 7 28 25

12 6 21 20 100 26 84 12 6 21 20 100 26 84
12 6 21 20 100 26 84 12 6 14 6 21 20 100 26 84
12 6 21 20 100 26 84 12 6 21 14 6 21 20 100 26 84
12 6 21 20 100 26 84 12 6 21 14 21 20 100 26 84
12 6 21 20 100 26 84 12 6 21 20 14 21 20 100 26 84
12 6 14 6 21 20 100 26 84 12 6 21 20 100 26 84
12 6 21 14 6 21 20 100 26 84 12 6 21 20 100 26 84
12 6 21 14 21 20 100 26 84 12 6 21 20 100 26 84
12 6 21 20 14 21 20 100 26 84 12 6 21 20 100 26 84

69 71 26 51 94 38 88 69 71 26 51 94 38 88
69 71 26 51 94 38 88 69 71 6 71 26 51 94 38 88
69 71 26 51 94 38 88 69 71 26 6 71 26 51 94 38 88
69 71 26 51 94 38 88 69 71 26 6 26 51 94 38 88
69 71 26 51 94 38 88 69 71 26 51 6 26 51 94 38 88
69 71 6 71 26 51 94 38 88 69 71 26 51 94 38 88
69 71 26 6 71 26 51 94 38 88 69 71 26 51 94 38 88
69 71 26 6 26 51 94 38 88 69 71 26 51 94 38 88
69 71 26 51 6 26 51 94 38 88 69 71 26 51 94 38 88

64 67 63 59 83 100 31 64 67 63 59 83 100 31
64 67 63 59 83 100 31 64 67 7 67 63 59 83 100 31
64 67 63 59 83 100 31 64 67 63 7 67 63 59 83 100 31
64 67 63 59 83 100 31 64 67 63 7 63 59 83 100 31
64 67 63 59 83 100 31 64 67 63 59 7 63 59 83 100 31
64 67 7 67 63 59 83 100 31 64 67 63 59 83 100 31
64 67 63 7 67 63 59 83 100 31 64 67 63 59 83 100 31
64 67 63 7 63 59 83 100 31 64 67 63 59 83 100 31
64 67 63 59 7 63 59 83 100 31 64 67 63 59 83 100 31

70 92 7 84 76 24 20 70 92 7 84 76 24 20
70 92 7 84 76 24 20 70 92 20 92 7 84 76 24 20
70 92 7 84 76 24 20 70 92 7 20 92 7 84 76 24 20
70 92 7 84 76 24 20 70 92 7 20 7 84 76 24 20
70 92 7 84 76 24 20 70 92 7 84 20 7 84 76 24 20
70 92 20 92 7 84 76 24 20 70 92 7 84 76 24 20
70 92 7 20 92 7 84 76 24 20 70 92 7 84 76 24 20
70 92 7 20 7 84 76 24 20 70 92 7 84 76 24 20
70 92 7 84 20 7 84 76 24 20 70 92 7 84 76 24 20

73 19 36 5 32 13 23 73 19 36 5 32 13 23
73 19 36 5 32 13 23 73 19 17 19 36 5 32 13 23
73 19 36 5 32 13 23 73 19 36 17 19 36 5 32 13 23
73 19 36 5 32 13 23 73 19 36 17 36 5 32 13 23
73 19 36 5 32 13 23 73 19 36 5 17 36 5 32 13 23
73 19 17 19 36 5 32 13 23 73 19 36 5 32 13 23
73 19 36 17 19 36 5 32 13 23 73 19 36 5 32 13 23
73 19 36 17 36 5 32 13 23 73 19 36 5 32 13 23
73 19 36 5 17 36 5 32 13 23 73 19 36 5 32 13 23

