80
7
4
2

16
8
23
1
17
8
15
22
15
6
7
5
24
14
2
26
22
3
9
21
7
29
18
2
10
22
8
28
2
11
30
29
26
0
27
10
20
10
21
7
13
2
16
1
19
13
23
9
18
19
6
17
27
17
10
18
6
6
30
20
0
24
23
27
8
2
22
11
6
29
12
1
26
21
1
28
4
8
5
20

65 84 
101 19 
14 37 
102 111 
24 78 
95 87 
106 90 
75 27 
20 116 
86 47 
39 106 
77 66 
83 90 
97 95 
72 21 
58 60 
90 60 
49 51 
38 80 
22 70 
50 23 
63 75 
26 87 
50 21 
85 111 
94 98 
103 37 
100 106 
56 31 
39 46 
99 95 
61 25 
107 22 
38 95 
27 85 
118 117 
93 55 
47 59 
41 36 
94 77 
113 22 
81 57 
79 102 
33 91 
85 38 
40 70 
77 94 
101 95 
57 49 
45 70 
42 59 
24 45 
42 117 
83 106 
62 21 
113 49 
69 104 
27 29 
77 54 
95 27 
40 112 
35 85 
57 103 
33 85 
50 66 
106 68 
74 72 
88 62 
96 59 
73 55 
63 26 
65 82 
94 73 
64 85 
102 105 
73 84 
47 37 
36 87 
56 27 
73 52 

1958
2040
1798
2346
2028
2549
1863
2225
2258
1998
1135
1997
2607
2057
1951
1671
1567
1174
1944
1135
1922
2009
1701
2104
2314
2425
1786
2629
1051
1496
1794
1852
1562
1902
1842
2840
1412
1975
1687
2254
1297
1892
2523
1777
1797
1290
1805
2104
1402
1677
1796
1322
2136
2087
770
2443
1781
1269
2044
1783
1650
1793
2219
1630
2012
2059
1795
1614
1678
2083
1914
1970
2465
1693
2190
2462
1251
1901
1888
1691

1 2 3 4 5 1 2 3 4 5 6 7
1 2 3 4 5 1 2 100 102 3 4 5 6 7
1 2 3 4 5 1 2 3 100 102 103 4 5 6 7
1 2 3 4 5 1 2 3 100 103 4 5 6 7
1 2 3 4 5 1 2 3 4 100 103 104 5 6 7
1 2 100 102 3 4 5 1 2 3 4 5 6 7
1 2 3 100 102 103 4 5 1 2 3 4 5 6 7
1 2 3 100 103 4 5 1 2 3 4 5 6 7
1 2 3 4 100 103 104 5 1 2 3 4 5 6 7

77 28 53 67 80 39 11 77 28 53 67 80 39 11
77 28 53 67 80 39 11 77 28 19 28 53 67 80 39 11
77 28 53 67 80 39 11 77 28 53 19 28 53 67 80 39 11
77 28 53 67 80 39 11 77 28 53 19 53 67 80 39 11
77 28 53 67 80 39 11 77 28 53 67 19 53 67 80 39 11
77 28 19 28 53 67 80 39 11 77 28 53 67 80 39 11
77 28 53 19 28 53 67 80 39 11 77 28 53 67 80 39 11
77 28 53 19 53 67 80 39 11 77 28 53 67 80 39 11
77 28 53 67 19 53 67 80 39 11 77 28 53 67 80 39 11

8 97 95 10 82 48 77 8 97 95 10 82 48 77
8 97 95 10 82 48 77 8 97 19 97 95 10 82 48 77
8 97 95 10 82 48 77 8 97 95 19 97 95 10 82 48 77
8 97 95 10 82 48 77 8 97 95 19 95 10 82 48 77
8 97 95 10 82 48 77 8 97 95 10 19 95 10 82 48 77
8 97 19 97 95 10 82 48 77 8 97 95 10 82 48 77
8 97 95 19 97 95 10 82 48 77 8 97 95 10 82 48 77
8 97 95 19 95 10 82 48 77 8 97 95 10 82 48 77
8 97 95 10 19 95 10 82 48 77 8 97 95 10 82 48 77

91 87 7 18 44 47 81 91 87 7 18 44 47 81
91 87 7 18 44 47 81 91 87 12 87 7 18 44 47 81
91 87 7 18 44 47 81 91 87 7 12 87 7 18 44 47 81
91 87 7 18 44 47 81 91 87 7 12 7 18 44 47 81
91 87 7 18 44 47 81 91 87 7 18 12 7 18 44 47 81
91 87 12 87 7 18 44 47 81 91 87 7 18 44 47 81
91 87 7 12 87 7 18 44 47 81 91 87 7 18 44 47 81
91 87 7 12 7 18 44 47 81 91 87 7 18 44 47 81
91 87 7 18 12 7 18 44 47 81 91 87 7 18 44 47 81

94 19 94 93 38 61 56 94 19 94 93 38 61 56
94 19 94 93 38 61 56 94 19 7 19 94 93 38 61 56
94 19 94 93 38 61 56 94 19 94 7 19 94 93 38 61 56
94 19 94 93 38 61 56 94 19 94 7 94 93 38 61 56
94 19 94 93 38 61 56 94 19 94 93 7 94 93 38 61 56
94 19 7 19 94 93 38 61 56 94 19 94 93 38 61 56
94 19 94 7 19 94 93 38 61 56 94 19 94 93 38 61 56
94 19 94 7 94 93 38 61 56 94 19 94 93 38 61 56
94 19 94 93 7 94 93 38 61 56 94 19 94 93 38 61 56

81 75 7 71 30 57 98 81 75 7 71 30 57 98
81 75 7 71 30 57 98 81 75 19 75 7 71 30 57 98
81 75 7 71 30 57 98 81 75 7 19 75 7 71 30 57 98
81 75 7 71 30 57 98 81 75 7 19 7 71 30 57 98
81 75 7 71 30 57 98 81 75 7 71 19 7 71 30 57 98
81 75 19 75 7 71 30 57 98 81 75 7 71 30 57 98
81 75 7 19 75 7 71 30 57 98 81 75 7 71 30 57 98
81 75 7 19 7 71 30 57 98 81 75 7 71 30 57 98
81 75 7 71 19 7 71 30 57 98 81 75 7 71 30 57 98

10 92 86 81 88 98 59 10 92 86 81 88 98 59
10 92 86 81 88 98 59 10 92 12 92 86 81 88 98 59
10 92 86 81 88 98 59 10 92 86 12 92 86 81 88 98 59
10 92 86 81 88 98 59 10 92 86 12 86 81 88 98 59
10 92 86 81 88 98 59 10 92 86 81 12 86 81 88 98 59
10 92 12 92 86 81 88 98 59 10 92 86 81 88 98 59
10 92 86 12 92 86 81 88 98 59 10 92 86 81 88 98 59
10 92 86 12 86 81 88 98 59 10 92 86 81 88 98 59
10 92 86 81 12 86 81 88 98 59 10 92 86 81 88 98 59

28 68 86 78 23 50 30 28 68 86 78 23 50 30
28 68 86 78 23 50 30 28 68 11 68 86 78 23 50 30
28 68 86 78 23 50 30 28 68 86 11 68 86 78 23 50 30
28 68 86 78 23 50 30 28 68 86 11 86 78 23 50 30
28 68 86 78 23 50 30 28 68 86 78 11 86 78 23 50 30
28 68 11 68 86 78 23 50 30 28 68 86 78 23 50 30
28 68 86 11 68 86 78 23 50 30 28 68 86 78 23 50 30
28 68 86 11 86 78 23 50 30 28 68 86 78 23 50 30
28 68 86 78 11 86 78 23 50 30 28 68 86 78 23 50 30

54 97 66 12 67 91 70 54 97 66 12 67 91 70
54 97 66 12 67 91 70 54 97 15 97 66 12 67 91 70
54 97 66 12 67 91 70 54 97 66 15 97 66 12 67 91 70
54 97 66 12 67 91 70 54 97 66 15 66 12 67 91 70
54 97 66 12 67 91 70 54 97 66 12 15 66 12 67 91 70
54 97 15 97 66 12 67 91 70 54 97 66 12 67 91 70
54 97 66 15 97 66 12 67 91 70 54 97 66 12 67 91 70
54 97 66 15 66 12 67 91 70 54 97 66 12 67 91 70
54 97 66 12 15 66 12 67 91 70 54 97 66 12 67 91 70

98 95 15 97 12 88 61 98 95 15 97 12 88 61
98 95 15 97 12 88 61 98 95 8 95 15 97 12 88 61
98 95 15 97 12 88 61 98 95 15 8 95 15 97 12 88 61
98 95 15 97 12 88 61 98 95 15 8 15 97 12 88 61
98 95 15 97 12 88 61 98 95 15 97 8 15 97 12 88 61
98 95 8 95 15 97 12 88 61 98 95 15 97 12 88 61
98 95 15 8 95 15 97 12 88 61 98 95 15 97 12 88 61
98 95 15 8 15 97 12 88 61 98 95 15 97 12 88 61
98 95 15 97 8 15 97 12 88 61 98 95 15 97 12 88 61

82 12 77 29 87 60 52 82 12 77 29 87 60 52
82 12 77 29 87 60 52 82 12 12 12 77 29 87 60 52
82 12 77 29 87 60 52 82 12 77 12 12 77 29 87 60 52
82 12 77 29 87 60 52 82 12 77 12 77 29 87 60 52
82 12 77 29 87 60 52 82 12 77 29 12 77 29 87 60 52
82 12 12 12 77 29 87 60 52 82 12 77 29 87 60 52
82 12 77 12 12 77 29 87 60 52 82 12 77 29 87 60 52
82 12 77 12 77 29 87 60 52 82 12 77 29 87 60 52
82 12 77 29 12 77 29 87 60 52 82 12 77 29 87 60 52

24 6 20 94 48 5 5 24 6 20 94 48 5 5
24 6 20 94 48 5 5 24 6 14 6 20 94 48 5 5
24 6 20 94 48 5 5 24 6 20 14 6 20 94 48 5 5
24 6 20 94 48 5 5 24 6 20 14 20 94 48 5 5
24 6 20 94 48 5 5 24 6 20 94 14 20 94 48 5 5
24 6 14 6 20 94 48 5 5 24 6 20 94 48 5 5
24 6 20 14 6 20 94 48 5 5 24 6 20 94 48 5 5
24 6 20 14 20 94 48 5 5 24 6 20 94 48 5 5
24 6 20 94 14 20 94 48 5 5 24 6 20 94 48 5 5

51 66 64 50 73 28 57 51 66 64 50 73 28 57
51 66 64 50 73 28 57 51 66 20 66 64 50 73 28 57
51 66 64 50 73 28 57 51 66 64 20 66 64 50 73 28 57
51 66 64 50 73 28 57 51 66 64 20 64 50 73 28 57
51 66 64 50 73 28 57 51 66 64 50 20 64 50 73 28 57
51 66 20 66 64 50 73 28 57 51 66 64 50 73 28 57
51 66 64 20 66 64 50 73 28 57 51 66 64 50 73 28 57
51 66 64 20 64 50 73 28 57 51 66 64 50 73 28 57
51 66 64 50 20 64 50 73 28 57 51 66 64 50 73 28 57

88 73 74 84 98 24 23 88 73 74 84 98 24 23
88 73 74 84 98 24 23 88 73 18 73 74 84 98 24 23
88 73 74 84 98 24 23 88 73 74 18 73 74 84 98 24 23
88 73 74 84 98 24 23 88 73 74 18 74 84 98 24 23
88 73 74 84 98 24 23 88 73 74 84 18 74 84 98 24 23
88 73 18 73 74 84 98 24 23 88 73 74 84 98 24 23
88 73 74 18 73 74 84 98 24 23 88 73 74 84 98 24 23
88 73 74 18 74 84 98 24 23 88 73 74 84 98 24 23
88 73 74 84 18 74 84 98 24 23 88 73 74 84 98 24 23

35 88 91 88 18 17 40 35 88 91 88 18 17 40
35 88 91 88 18 17 40 35 88 12 88 91 88 18 17 40
35 88 91 88 18 17 40 35 88 91 12 88 91 88 18 17 40
35 88 91 88 18 17 40 35 88 91 12 91 88 18 17 40
35 88 91 88 18 17 40 35 88 91 88 12 91 88 18 17 40
35 88 12 88 91 88 18 17 40 35 88 91 88 18 17 40
35 88 91 12 88 91 88 18 17 40 35 88 91 88 18 17 40
35 88 91 12 91 88 18 17 40 35 88 91 88 18 17 40
35 88 91 88 12 91 88 18 17 40 35 88 91 88 18 17 40

51 98 62 7 64 53 46 51 98 62 7 64 53 46
51 98 62 7 64 53 46 51 98 17 98 62 7 64 53 46
51 98 62 7 64 53 46 51 98 62 17 98 62 7 64 53 46
51 98 62 7 64 53 46 51 98 62 17 62 7 64 53 46
51 98 62 7 64 53 46 51 98 62 7 17 62 7 64 53 46
51 98 17 98 62 7 64 53 46 51 98 62 7 64 53 46
51 98 62 17 98 62 7 64 53 46 51 98 62 7 64 53 46
51 98 62 17 62 7 64 53 46 51 98 62 7 64 53 46
51 98 62 7 17 62 7 64 53 46 51 98 62 7 64 53 46

73 18 47 50 50 60 25 73 18 47 50 50 60 25
73 18 47 50 50 60 25 73 18 20 18 47 50 50 60 25
73 18 47 50 50 60 25 73 18 47 20 18 47 50 50 60 25
73 18 47 50 50 60 25 73 18 47 20 47 50 50 60 25
73 18 47 50 50 60 25 73 18 47 50 20 47 50 50 60 25
73 18 20 18 47 50 50 60 25 73 18 47 50 50 60 25
73 18 47 20 18 47 50 50 60 25 73 18 47 50 50 60 25
73 18 47 20 47 50 50 60 25 73 18 47 50 50 60 25
73 18 47 50 20 47 50 50 60 25 73 18 47 50 50 60 25

6 28 78 52 40 34 99 6 28 78 52 40 34 99
6 28 78 52 40 34 99 6 28 17 28 78 52 40 34 99
6 28 78 52 40 34 99 6 28 78 17 28 78 52 40 34 99
6 28 78 52 40 34 99 6 28 78 17 78 52 40 34 99
6 28 78 52 40 34 99 6 28 78 52 17 78 52 40 34 99
6 28 17 28 78 52 40 34 99 6 28 78 52 40 34 99
6 28 78 17 28 78 52 40 34 99 6 28 78 52 40 34 99
6 28 78 17 78 52 40 34 99 6 28 78 52 40 34 99
6 28 78 52 17 78 52 40 34 99 6 28 78 52 40 34 99

47 17 30 41 49 12 30 47 17 30 41 49 12 30
47 17 30 41 49 12 30 47 17 14 17 30 41 49 12 30
47 17 30 41 49 12 30 47 17 30 14 17 30 41 49 12 30
47 17 30 41 49 12 30 47 17 30 14 30 41 49 12 30
47 17 30 41 49 12 30 47 17 30 41 14 30 41 49 12 30
47 17 14 17 30 41 49 12 30 47 17 30 41 49 12 30
47 17 30 14 17 30 41 49 12 30 47 17 30 41 49 12 30
47 17 30 14 30 41 49 12 30 47 17 30 41 49 12 30
47 17 30 41 14 30 41 49 12 30 47 17 30 41 49 12 30

92 80 18 60 19 85 41 92 80 18 60 19 85 41
92 80 18 60 19 85 41 92 80 16 80 18 60 19 85 41
92 80 18 60 19 85 41 92 80 18 16 80 18 60 19 85 41
92 80 18 60 19 85 41 92 80 18 16 18 60 19 85 41
92 80 18 60 19 85 41 92 80 18 60 16 18 60 19 85 41
92 80 16 80 18 60 19 85 41 92 80 18 60 19 85 41
92 80 18 16 80 18 60 19 85 41 92 80 18 60 19 85 41
92 80 18 16 18 60 19 85 41 92 80 18 60 19 85 41
92 80 18 60 16 18 60 19 85 41 92 80 18 60 19 85 41

24 33 9 60 44 16 30 24 33 9 60 44 16 30
24 33 9 60 44 16 30 24 33 13 33 9 60 44 16 30
24 33 9 60 44 16 30 24 33 9 13 33 9 60 44 16 30
24 33 9 60 44 16 30 24 33 9 13 9 60 44 16 30
24 33 9 60 44 16 30 24 33 9 60 13 9 60 44 16 30
24 33 13 33 9 60 44 16 30 24 33 9 60 44 16 30
24 33 9 13 33 9 60 44 16 30 24 33 9 60 44 16 30
24 33 9 13 9 60 44 16 30 24 33 9 60 44 16 30
24 33 9 60 13 9 60 44 16 30 24 33 9 60 44 16 30

82 79 43 14 65 66 18 82 79 43 14 65 66 18
82 79 43 14 65 66 18 82 79 14 79 43 14 65 66 18
82 79 43 14 65 66 18 82 79 43 14 79 43 14 65 66 18
82 79 43 14 65 66 18 82 79 43 14 43 14 65 66 18
82 79 43 14 65 66 18 82 79 43 14 14 43 14 65 66 18
82 79 14 79 43 14 65 66 18 82 79 43 14 65 66 18
82 79 43 14 79 43 14 65 66 18 82 79 43 14 65 66 18
82 79 43 14 43 14 65 66 18 82 79 43 14 65 66 18
82 79 43 14 14 43 14 65 66 18 82 79 43 14 65 66 18

22 48 46 55 94 66 75 22 48 46 55 94 66 75
22 48 46 55 94 66 75 22 48 8 48 46 55 94 66 75
22 48 46 55 94 66 75 22 48 46 8 48 46 55 94 66 75
22 48 46 55 94 66 75 22 48 46 8 46 55 94 66 75
22 48 46 55 94 66 75 22 48 46 55 8 46 55 94 66 75
22 48 8 48 46 55 94 66 75 22 48 46 55 94 66 75
22 48 46 8 48 46 55 94 66 75 22 48 46 55 94 66 75
22 48 46 8 46 55 94 66 75 22 48 46 55 94 66 75
22 48 46 55 8 46 55 94 66 75 22 48 46 55 94 66 75

70 44 6 81 34 88 32 70 44 6 81 34 88 32
70 44 6 81 34 88 32 70 44 6 44 6 81 34 88 32
70 44 6 81 34 88 32 70 44 6 6 44 6 81 34 88 32
70 44 6 81 34 88 32 70 44 6 6 6 81 34 88 32
70 44 6 81 34 88 32 70 44 6 81 6 6 81 34 88 32
70 44 6 44 6 81 34 88 32 70 44 6 81 34 88 32
70 44 6 6 44 6 81 34 88 32 70 44 6 81 34 88 32
70 44 6 6 6 81 34 88 32 70 44 6 81 34 88 32
70 44 6 81 6 6 81 34 88 32 70 44 6 81 34 88 32

48 94 43 13 88 80 63 48 94 43 13 88 80 63
48 94 43 13 88 80 63 48 94 12 94 43 13 88 80 63
48 94 43 13 88 80 63 48 94 43 12 94 43 13 88 80 63
48 94 43 13 88 80 63 48 94 43 12 43 13 88 80 63
48 94 43 13 88 80 63 48 94 43 13 12 43 13 88 80 63
48 94 12 94 43 13 88 80 63 48 94 43 13 88 80 63
48 94 43 12 94 43 13 88 80 63 48 94 43 13 88 80 63
48 94 43 12 43 13 88 80 63 48 94 43 13 88 80 63
48 94 43 13 12 43 13 88 80 63 48 94 43 13 88 80 63

69 73 72 100 24 91 33 69 73 72 100 24 91 33
69 73 72 100 24 91 33 69 73 11 73 72 100 24 91 33
69 73 72 100 24 91 33 69 73 72 11 73 72 100 24 91 33
69 73 72 100 24 91 33 69 73 72 11 72 100 24 91 33
69 73 72 100 24 91 33 69 73 72 100 11 72 100 24 91 33
69 73 11 73 72 100 24 91 33 69 73 72 100 24 91 33
69 73 72 11 73 72 100 24 91 33 69 73 72 100 24 91 33
69 73 72 11 72 100 24 91 33 69 73 72 100 24 91 33
69 73 72 100 11 72 100 24 91 33 69 73 72 100 24 91 33

90 50 77 92 90 18 28 90 50 77 92 90 18 28
90 50 77 92 90 18 28 90 50 11 50 77 92 90 18 28
90 50 77 92 90 18 28 90 50 77 11 50 77 92 90 18 28
90 50 77 92 90 18 28 90 50 77 11 77 92 90 18 28
90 50 77 92 90 18 28 90 50 77 92 11 77 92 90 18 28
90 50 11 50 77 92 90 18 28 90 50 77 92 90 18 28
90 50 77 11 50 77 92 90 18 28 90 50 77 92 90 18 28
90 50 77 11 77 92 90 18 28 90 50 77 92 90 18 28
90 50 77 92 11 77 92 90 18 28 90 50 77 92 90 18 28

42 10 85 25 67 94 62 42 10 85 25 67 94 62
42 10 85 25 67 94 62 42 10 6 10 85 25 67 94 62
42 10 85 25 67 94 62 42 10 85 6 10 85 25 67 94 62
42 10 85 25 67 94 62 42 10 85 6 85 25 67 94 62
42 10 85 25 67 94 62 42 10 85 25 6 85 25 67 94 62
42 10 6 10 85 25 67 94 62 42 10 85 25 67 94 62
42 10 85 6 10 85 25 67 94 62 42 10 85 25 67 94 62
42 10 85 6 85 25 67 94 62 42 10 85 25 67 94 62
42 10 85 25 6 85 25 67 94 62 42 10 85 25 67 94 62

32 85 95 95 77 24 96 32 85 95 95 77 24 96
32 85 95 95 77 24 96 32 85 10 85 95 95 77 24 96
32 85 95 95 77 24 96 32 85 95 10 85 95 95 77 24 96
32 85 95 95 77 24 96 32 85 95 10 95 95 77 24 96
32 85 95 95 77 24 96 32 85 95 95 10 95 95 77 24 96
32 85 10 85 95 95 77 24 96 32 85 95 95 77 24 96
32 85 95 10 85 95 95 77 24 96 32 85 95 95 77 24 96
32 85 95 10 95 95 77 24 96 32 85 95 95 77 24 96
32 85 95 95 10 95 95 77 24 96 32 85 95 95 77 24 96

21 12 37 23 15 50 92 21 12 37 23 15 50 92
21 12 37 23 15 50 92 21 12 7 12 37 23 15 50 92
21 12 37 23 15 50 92 21 12 37 7 12 37 23 15 50 92
21 12 37 23 15 50 92 21 12 37 7 37 23 15 50 92
21 12 37 23 15 50 92 21 12 37 23 7 37 23 15 50 92
21 12 7 12 37 23 15 50 92 21 12 37 23 15 50 92
21 12 37 7 12 37 23 15 50 92 21 12 37 23 15 50 92
21 12 37 7 37 23 15 50 92 21 12 37 23 15 50 92
21 12 37 23 7 37 23 15 50 92 21 12 37 23 15 50 92

14 89 19 30 98 16 6 14 89 19 30 98 16 6
14 89 19 30 98 16 6 14 89 7 89 19 30 98 16 6
14 89 19 30 98 16 6 14 89 19 7 89 19 30 98 16 6
14 89 19 30 98 16 6 14 89 19 7 19 30 98 16 6
14 89 19 30 98 16 6 14 89 19 30 7 19 30 98 16 6
14 89 7 89 19 30 98 16 6 14 89 19 30 98 16 6
14 89 19 7 89 19 30 98 16 6 14 89 19 30 98 16 6
14 89 19 7 19 30 98 16 6 14 89 19 30 98 16 6
14 89 19 30 7 19 30 98 16 6 14 89 19 30 98 16 6

29 24 82 82 63 35 22 29 24 82 82 63 35 22
29 24 82 82 63 35 22 29 24 17 24 82 82 63 35 22
29 24 82 82 63 35 22 29 24 82 17 24 82 82 63 35 22
29 24 82 82 63 35 22 29 24 82 17 82 82 63 35 22
29 24 82 82 63 35 22 29 24 82 82 17 82 82 63 35 22
29 24 17 24 82 82 63 35 22 29 24 82 82 63 35 22
29 24 82 17 24 82 82 63 35 22 29 24 82 82 63 35 22
29 24 82 17 82 82 63 35 22 29 24 82 82 63 35 22
29 24 82 82 17 82 82 63 35 22 29 24 82 82 63 35 22

18 83 52 11 97 56 54 18 83 52 11 97 56 54
18 83 52 11 97 56 54 18 83 7 83 52 11 97 56 54
18 83 52 11 97 56 54 18 83 52 7 83 52 11 97 56 54
18 83 52 11 97 56 54 18 83 52 7 52 11 97 56 54
18 83 52 11 97 56 54 18 83 52 11 7 52 11 97 56 54
18 83 7 83 52 11 97 56 54 18 83 52 11 97 56 54
18 83 52 7 83 52 11 97 56 54 18 83 52 11 97 56 54
18 83 52 7 52 11 97 56 54 18 83 52 11 97 56 54
18 83 52 11 7 52 11 97 56 54 18 83 52 11 97 56 54

12 71 98 9 56 6 24 12 71 98 9 56 6 24
12 71 98 9 56 6 24 12 71 19 71 98 9 56 6 24
12 71 98 9 56 6 24 12 71 98 19 71 98 9 56 6 24
12 71 98 9 56 6 24 12 71 98 19 98 9 56 6 24
12 71 98 9 56 6 24 12 71 98 9 19 98 9 56 6 24
12 71 19 71 98 9 56 6 24 12 71 98 9 56 6 24
12 71 98 19 71 98 9 56 6 24 12 71 98 9 56 6 24
12 71 98 19 98 9 56 6 24 12 71 98 9 56 6 24
12 71 98 9 19 98 9 56 6 24 12 71 98 9 56 6 24

61 45 26 82 91 19 23 61 45 26 82 91 19 23
61 45 26 82 91 19 23 61 45 14 45 26 82 91 19 23
61 45 26 82 91 19 23 61 45 26 14 45 26 82 91 19 23
61 45 26 82 91 19 23 61 45 26 14 26 82 91 19 23
61 45 26 82 91 19 23 61 45 26 82 14 26 82 91 19 23
61 45 14 45 26 82 91 19 23 61 45 26 82 91 19 23
61 45 26 14 45 26 82 91 19 23 61 45 26 82 91 19 23
61 45 26 14 26 82 91 19 23 61 45 26 82 91 19 23
61 45 26 82 14 26 82 91 19 23 61 45 26 82 91 19 23

96 22 20 80 11 76 99 96 22 20 80 11 76 99
96 22 20 80 11 76 99 96 22 14 22 20 80 11 76 99
96 22 20 80 11 76 99 96 22 20 14 22 20 80 11 76 99
96 22 20 80 11 76 99 96 22 20 14 20 80 11 76 99
96 22 20 80 11 76 99 96 22 20 80 14 20 80 11 76 99
96 22 14 22 20 80 11 76 99 96 22 20 80 11 76 99
96 22 20 14 22 20 80 11 76 99 96 22 20 80 11 76 99
96 22 20 14 20 80 11 76 99 96 22 20 80 11 76 99
96 22 20 80 14 20 80 11 76 99 96 22 20 80 11 76 99

96 72 100 97 82 69 26 96 72 100 97 82 69 26
96 72 100 97 82 69 26 96 72 20 72 100 97 82 69 26
96 72 100 97 82 69 26 96 72 100 20 72 100 97 82 69 26
96 72 100 97 82 69 26 96 72 100 20 100 97 82 69 26
96 72 100 97 82 69 26 96 72 100 97 20 100 97 82 69 26
96 72 20 72 100 97 82 69 26 96 72 100 97 82 69 26
96 72 100 20 72 100 97 82 69 26 96 72 100 97 82 69 26
96 72 100 20 100 97 82 69 26 96 72 100 97 82 69 26
96 72 100 97 20 100 97 82 69 26 96 72 100 97 82 69 26

23 26 78 43 12 26 91 23 26 78 43 12 26 91
23 26 78 43 12 26 91 23 26 17 26 78 43 12 26 91
23 26 78 43 12 26 91 23 26 78 17 26 78 43 12 26 91
23 26 78 43 12 26 91 23 26 78 17 78 43 12 26 91
23 26 78 43 12 26 91 23 26 78 43 17 78 43 12 26 91
23 26 17 26 78 43 12 26 91 23 26 78 43 12 26 91
23 26 78 17 26 78 43 12 26 91 23 26 78 43 12 26 91
23 26 78 17 78 43 12 26 91 23 26 78 43 12 26 91
23 26 78 43 17 78 43 12 26 91 23 26 78 43 12 26 91

90 62 30 43 87 18 48 90 62 30 43 87 18 48
90 62 30 43 87 18 48 90 62 17 62 30 43 87 18 48
90 62 30 43 87 18 48 90 62 30 17 62 30 43 87 18 48
90 62 30 43 87 18 48 90 62 30 17 30 43 87 18 48
90 62 30 43 87 18 48 90 62 30 43 17 30 43 87 18 48
90 62 17 62 30 43 87 18 48 90 62 30 43 87 18 48
90 62 30 17 62 30 43 87 18 48 90 62 30 43 87 18 48
90 62 30 17 30 43 87 18 48 90 62 30 43 87 18 48
90 62 30 43 17 30 43 87 18 48 90 62 30 43 87 18 48

59 67 31 20 65 76 17 59 67 31 20 65 76 17
59 67 31 20 65 76 17 59 67 5 67 31 20 65 76 17
59 67 31 20 65 76 17 59 67 31 5 67 31 20 65 76 17
59 67 31 20 65 76 17 59 67 31 5 31 20 65 76 17
59 67 31 20 65 76 17 59 67 31 20 5 31 20 65 76 17
59 67 5 67 31 20 65 76 17 59 67 31 20 65 76 17
59 67 31 5 67 31 20 65 76 17 59 67 31 20 65 76 17
59 67 31 5 31 20 65 76 17 59 67 31 20 65 76 17
59 67 31 20 5 31 20 65 76 17 59 67 31 20 65 76 17

70 66 82 66 77 40 27 70 66 82 66 77 40 27
70 66 82 66 77 40 27 70 66 9 66 82 66 77 40 27
70 66 82 66 77 40 27 70 66 82 9 66 82 66 77 40 27
70 66 82 66 77 40 27 70 66 82 9 82 66 77 40 27
70 66 82 66 77 40 27 70 66 82 66 9 82 66 77 40 27
70 66 9 66 82 66 77 40 27 70 66 82 66 77 40 27
70 66 82 9 66 82 66 77 40 27 70 66 82 66 77 40 27
70 66 82 9 82 66 77 40 27 70 66 82 66 77 40 27
70 66 82 66 9 82 66 77 40 27 70 66 82 66 77 40 27

20 16 97 9 21 100 18 20 16 97 9 21 100 18
20 16 97 9 21 100 18 20 16 10 16 97 9 21 100 18
20 16 97 9 21 100 18 20 16 97 10 16 97 9 21 100 18
20 16 97 9 21 100 18 20 16 97 10 97 9 21 100 18
20 16 97 9 21 100 18 20 16 97 9 10 97 9 21 100 18
20 16 10 16 97 9 21 100 18 20 16 97 9 21 100 18
20 16 97 10 16 97 9 21 100 18 20 16 97 9 21 100 18
20 16 97 10 97 9 21 100 18 20 16 97 9 21 100 18
20 16 97 9 10 97 9 21 100 18 20 16 97 9 21 100 18

51 75 75 46 16 24 99 51 75 75 46 16 24 99
51 75 75 46 16 24 99 51 75 13 75 75 46 16 24 99
51 75 75 46 16 24 99 51 75 75 13 75 75 46 16 24 99
51 75 75 46 16 24 99 51 75 75 13 75 46 16 24 99
51 75 75 46 16 24 99 51 75 75 46 13 75 46 16 24 99
51 75 13 75 75 46 16 24 99 51 75 75 46 16 24 99
51 75 75 13 75 75 46 16 24 99 51 75 75 46 16 24 99
51 75 75 13 75 46 16 24 99 51 75 75 46 16 24 99
51 75 75 46 13 75 46 16 24 99 51 75 75 46 16 24 99

26 95 65 94 69 55 98 26 95 65 94 69 55 98
26 95 65 94 69 55 98 26 95 5 95 65 94 69 55 98
26 95 65 94 69 55 98 26 95 65 5 95 65 94 69 55 98
26 95 65 94 69 55 98 26 95 65 5 65 94 69 55 98
26 95 65 94 69 55 98 26 95 65 94 5 65 94 69 55 98
26 95 5 95 65 94 69 55 98 26 95 65 94 69 55 98
26 95 65 5 95 65 94 69 55 98 26 95 65 94 69 55 98
26 95 65 5 65 94 69 55 98 26 95 65 94 69 55 98
26 95 65 94 5 65 94 69 55 98 26 95 65 94 69 55 98

36 38 20 85 58 40 96 36 38 20 85 58 40 96
36 38 20 85 58 40 96 36 38 12 38 20 85 58 40 96
36 38 20 85 58 40 96 36 38 20 12 38 20 85 58 40 96
36 38 20 85 58 40 96 36 38 20 12 20 85 58 40 96
36 38 20 85 58 40 96 36 38 20 85 12 20 85 58 40 96
36 38 12 38 20 85 58 40 96 36 38 20 85 58 40 96
36 38 20 12 38 20 85 58 40 96 36 38 20 85 58 40 96
36 38 20 12 20 85 58 40 96 36 38 20 85 58 40 96
36 38 20 85 12 20 85 58 40 96 36 38 20 85 58 40 96

10 70 68 24 47 80 85 10 70 68 24 47 80 85
10 70 68 24 47 80 85 10 70 20 70 68 24 47 80 85
10 70 68 24 47 80 85 10 70 68 20 70 68 24 47 80 85
10 70 68 24 47 80 85 10 70 68 20 68 24 47 80 85
10 70 68 24 47 80 85 10 70 68 24 20 68 24 47 80 85
10 70 20 70 68 24 47 80 85 10 70 68 24 47 80 85
10 70 68 20 70 68 24 47 80 85 10 70 68 24 47 80 85
10 70 68 20 68 24 47 80 85 10 70 68 24 47 80 85
10 70 68 24 20 68 24 47 80 85 10 70 68 24 47 80 85

6 71 31 57 6 61 33 6 71 31 57 6 61 33
6 71 31 57 6 61 33 6 71 14 71 31 57 6 61 33
6 71 31 57 6 61 33 6 71 31 14 71 31 57 6 61 33
6 71 31 57 6 61 33 6 71 31 14 31 57 6 61 33
6 71 31 57 6 61 33 6 71 31 57 14 31 57 6 61 33
6 71 14 71 31 57 6 61 33 6 71 31 57 6 61 33
6 71 31 14 71 31 57 6 61 33 6 71 31 57 6 61 33
6 71 31 14 31 57 6 61 33 6 71 31 57 6 61 33
6 71 31 57 14 31 57 6 61 33 6 71 31 57 6 61 33

45 9 57 84 41 61 85 45 9 57 84 41 61 85
45 9 57 84 41 61 85 45 9 6 9 57 84 41 61 85
45 9 57 84 41 61 85 45 9 57 6 9 57 84 41 61 85
45 9 57 84 41 61 85 45 9 57 6 57 84 41 61 85
45 9 57 84 41 61 85 45 9 57 84 6 57 84 41 61 85
45 9 6 9 57 84 41 61 85 45 9 57 84 41 61 85
45 9 57 6 9 57 84 41 61 85 45 9 57 84 41 61 85
45 9 57 6 57 84 41 61 85 45 9 57 84 41 61 85
45 9 57 84 6 57 84 41 61 85 45 9 57 84 41 61 85

34 61 88 88 44 78 28 34 61 88 88 44 78 28
34 61 88 88 44 78 28 34 61 13 61 88 88 44 78 28
34 61 88 88 44 78 28 34 61 88 13 61 88 88 44 78 28
34 61 88 88 44 78 28 34 61 88 13 88 88 44 78 28
34 61 88 88 44 78 28 34 61 88 88 13 88 88 44 78 28
34 61 13 61 88 88 44 78 28 34 61 88 88 44 78 28
34 61 88 13 61 88 88 44 78 28 34 61 88 88 44 78 28
34 61 88 13 88 88 44 78 28 34 61 88 88 44 78 28
34 61 88 88 13 88 88 44 78 28 34 61 88 88 44 78 28

85 6 46 42 28 58 12 85 6 46 42 28 58 12
85 6 46 42 28 58 12 85 6 12 6 46 42 28 58 12
85 6 46 42 28 58 12 85 6 46 12 6 46 42 28 58 12
85 6 46 42 28 58 12 85 6 46 12 46 42 28 58 12
85 6 46 42 28 58 12 85 6 46 42 12 46 42 28 58 12
85 6 12 6 46 42 28 58 12 85 6 46 42 28 58 12
85 6 46 12 6 46 42 28 58 12 85 6 46 42 28 58 12
85 6 46 12 46 42 28 58 12 85 6 46 42 28 58 12
85 6 46 42 12 46 42 28 58 12 85 6 46 42 28 58 12

59 60 31 53 49 31 44 59 60 31 53 49 31 44
59 60 31 53 49 31 44 59 60 11 60 31 53 49 31 44
59 60 31 53 49 31 44 59 60 31 11 60 31 53 49 31 44
59 60 31 53 49 31 44 59 60 31 11 31 53 49 31 44
59 60 31 53 49 31 44 59 60 31 53 11 31 53 49 31 44
59 60 11 60 31 53 49 31 44 59 60 31 53 49 31 44
59 60 31 11 60 31 53 49 31 44 59 60 31 53 49 31 44
59 60 31 11 31 53 49 31 44 59 60 31 53 49 31 44
59 60 31 53 11 31 53 49 31 44 59 60 31 53 49 31 44

30 18 22 51 91 97 98 30 18 22 51 91 97 98
30 18 22 51 91 97 98 30 18 17 18 22 51 91 97 98
30 18 22 51 91 97 98 30 18 22 17 18 22 51 91 97 98
30 18 22 51 91 97 98 30 18 22 17 22 51 91 97 98
30 18 22 51 91 97 98 30 18 22 51 17 22 51 91 97 98
30 18 17 18 22 51 91 97 98 30 18 22 51 91 97 98
30 18 22 17 18 22 51 91 97 98 30 18 22 51 91 97 98
30 18 22 17 22 51 91 97 98 30 18 22 51 91 97 98
30 18 22 51 17 22 51 91 97 98 30 18 22 51 91 97 98

83 15 12 34 21 73 49 83 15 12 34 21 73 49
83 15 12 34 21 73 49 83 15 7 15 12 34 21 73 49
83 15 12 34 21 73 49 83 15 12 7 15 12 34 21 73 49
83 15 12 34 21 73 49 83 15 12 7 12 34 21 73 49
83 15 12 34 21 73 49 83 15 12 34 7 12 34 21 73 49
83 15 7 15 12 34 21 73 49 83 15 12 34 21 73 49
83 15 12 7 15 12 34 21 73 49 83 15 12 34 21 73 49
83 15 12 7 12 34 21 73 49 83 15 12 34 21 73 49
83 15 12 34 7 12 34 21 73 49 83 15 12 34 21 73 49

98 19 27 97 66 19 92 98 19 27 97 66 19 92
98 19 27 97 66 19 92 98 19 16 19 27 97 66 19 92
98 19 27 97 66 19 92 98 19 27 16 19 27 97 66 19 92
98 19 27 97 66 19 92 98 19 27 16 27 97 66 19 92
98 19 27 97 66 19 92 98 19 27 97 16 27 97 66 19 92
98 19 16 19 27 97 66 19 92 98 19 27 97 66 19 92
98 19 27 16 19 27 97 66 19 92 98 19 27 97 66 19 92
98 19 27 16 27 97 66 19 92 98 19 27 97 66 19 92
98 19 27 97 16 27 97 66 19 92 98 19 27 97 66 19 92

29 59 78 89 94 17 9 29 59 78 89 94 17 9
29 59 78 89 94 17 9 29 59 6 59 78 89 94 17 9
29 59 78 89 94 17 9 29 59 78 6 59 78 89 94 17 9
29 59 78 89 94 17 9 29 59 78 6 78 89 94 17 9
29 59 78 89 94 17 9 29 59 78 89 6 78 89 94 17 9
29 59 6 59 78 89 94 17 9 29 59 78 89 94 17 9
29 59 78 6 59 78 89 94 17 9 29 59 78 89 94 17 9
29 59 78 6 78 89 94 17 9 29 59 78 89 94 17 9
29 59 78 89 6 78 89 94 17 9 29 59 78 89 94 17 9

12 10 53 6 10 5 80 12 10 53 6 10 5 80
12 10 53 6 10 5 80 12 10 20 10 53 6 10 5 80
12 10 53 6 10 5 80 12 10 53 20 10 53 6 10 5 80
12 10 53 6 10 5 80 12 10 53 20 53 6 10 5 80
12 10 53 6 10 5 80 12 10 53 6 20 53 6 10 5 80
12 10 20 10 53 6 10 5 80 12 10 53 6 10 5 80
12 10 53 20 10 53 6 10 5 80 12 10 53 6 10 5 80
12 10 53 20 53 6 10 5 80 12 10 53 6 10 5 80
12 10 53 6 20 53 6 10 5 80 12 10 53 6 10 5 80

45 96 94 42 62 62 81 45 96 94 42 62 62 81
45 96 94 42 62 62 81 45 96 16 96 94 42 62 62 81
45 96 94 42 62 62 81 45 96 94 16 96 94 42 62 62 81
45 96 94 42 62 62 81 45 96 94 16 94 42 62 62 81
45 96 94 42 62 62 81 45 96 94 42 16 94 42 62 62 81
45 96 16 96 94 42 62 62 81 45 96 94 42 62 62 81
45 96 94 16 96 94 42 62 62 81 45 96 94 42 62 62 81
45 96 94 16 94 42 62 62 81 45 96 94 42 62 62 81
45 96 94 42 16 94 42 62 62 81 45 96 94 42 62 62 81

42 52 64 93 8 76 26 42 52 64 93 8 76 26
42 52 64 93 8 76 26 42 52 9 52 64 93 8 76 26
42 52 64 93 8 76 26 42 52 64 9 52 64 93 8 76 26
42 52 64 93 8 76 26 42 52 64 9 64 93 8 76 26
42 52 64 93 8 76 26 42 52 64 93 9 64 93 8 76 26
42 52 9 52 64 93 8 76 26 42 52 64 93 8 76 26
42 52 64 9 52 64 93 8 76 26 42 52 64 93 8 76 26
42 52 64 9 64 93 8 76 26 42 52 64 93 8 76 26
42 52 64 93 9 64 93 8 76 26 42 52 64 93 8 76 26

9 90 17 20 57 39 11 9 90 17 20 57 39 11
9 90 17 20 57 39 11 9 90 19 90 17 20 57 39 11
9 90 17 20 57 39 11 9 90 17 19 90 17 20 57 39 11
9 90 17 20 57 39 11 9 90 17 19 17 20 57 39 11
9 90 17 20 57 39 11 9 90 17 20 19 17 20 57 39 11
9 90 19 90 17 20 57 39 11 9 90 17 20 57 39 11
9 90 17 19 90 17 20 57 39 11 9 90 17 20 57 39 11
9 90 17 19 17 20 57 39 11 9 90 17 20 57 39 11
9 90 17 20 19 17 20 57 39 11 9 90 17 20 57 39 11

65 70 62 37 68 56 40 65 70 62 37 68 56 40
65 70 62 37 68 56 40 65 70 12 70 62 37 68 56 40
65 70 62 37 68 56 40 65 70 62 12 70 62 37 68 56 40
65 70 62 37 68 56 40 65 70 62 12 62 37 68 56 40
65 70 62 37 68 56 40 65 70 62 37 12 62 37 68 56 40
65 70 12 70 62 37 68 56 40 65 70 62 37 68 56 40
65 70 62 12 70 62 37 68 56 40 65 70 62 37 68 56 40
65 70 62 12 62 37 68 56 40 65 70 62 37 68 56 40
65 70 62 37 12 62 37 68 56 40 65 70 62 37 68 56 40

55 69 88 8 53 5 58 55 69 88 8 53 5 58
55 69 88 8 53 5 58 55 69 19 69 88 8 53 5 58
55 69 88 8 53 5 58 55 69 88 19 69 88 8 53 5 58
55 69 88 8 53 5 58 55 69 88 19 88 8 53 5 58
55 69 88 8 53 5 58 55 69 88 8 19 88 8 53 5 58
55 69 19 69 88 8 53 5 58 55 69 88 8 53 5 58
55 69 88 19 69 88 8 53 5 58 55 69 88 8 53 5 58
55 69 88 19 88 8 53 5 58 55 69 88 8 53 5 58
55 69 88 8 19 88 8 53 5 58 55 69 88 8 53 5 58

41 28 35 99 7 54 93 41 28 35 99 7 54 93
41 28 35 99 7 54 93 41 28 9 28 35 99 7 54 93
41 28 35 99 7 54 93 41 28 35 9 28 35 99 7 54 93
41 28 35 99 7 54 93 41 28 35 9 35 99 7 54 93
41 28 35 99 7 54 93 41 28 35 99 9 35 99 7 54 93
41 28 9 28 35 99 7 54 93 41 28 35 99 7 54 93
41 28 35 9 28 35 99 7 54 93 41 28 35 99 7 54 93
41 28 35 9 35 99 7 54 93 41 28 35 99 7 54 93
41 28 35 99 9 35 99 7 54 93 41 28 35 99 7 54 93

60 77 18 80 7 94 26 60 77 18 80 7 94 26
60 77 18 80 7 94 26 60 77 13 77 18 80 7 94 26
60 77 18 80 7 94 26 60 77 18 13 77 18 80 7 94 26
60 77 18 80 7 94 26 60 77 18 13 18 80 7 94 26
60 77 18 80 7 94 26 60 77 18 80 13 18 80 7 94 26
60 77 13 77 18 80 7 94 26 60 77 18 80 7 94 26
60 77 18 13 77 18 80 7 94 26 60 77 18 80 7 94 26
60 77 18 13 18 80 7 94 26 60 77 18 80 7 94 26
60 77 18 80 13 18 80 7 94 26 60 77 18 80 7 94 26

29 83 38 96 98 42 24 29 83 38 96 98 42 24
29 83 38 96 98 42 24 29 83 11 83 38 96 98 42 24
29 83 38 96 98 42 24 29 83 38 11 83 38 96 98 42 24
29 83 38 96 98 42 24 29 83 38 11 38 96 98 42 24
29 83 38 96 98 42 24 29 83 38 96 11 38 96 98 42 24
29 83 11 83 38 96 98 42 24 29 83 38 96 98 42 24
29 83 38 11 83 38 96 98 42 24 29 83 38 96 98 42 24
29 83 38 11 38 96 98 42 24 29 83 38 96 98 42 24
29 83 38 96 11 38 96 98 42 24 29 83 38 96 98 42 24

43 69 21 75 42 6 56 43 69 21 75 42 6 56
43 69 21 75 42 6 56 43 69 15 69 21 75 42 6 56
43 69 21 75 42 6 56 43 69 21 15 69 21 75 42 6 56
43 69 21 75 42 6 56 43 69 21 15 21 75 42 6 56
43 69 21 75 42 6 56 43 69 21 75 15 21 75 42 6 56
43 69 15 69 21 75 42 6 56 43 69 21 75 42 6 56
43 69 21 15 69 21 75 42 6 56 43 69 21 75 42 6 56
43 69 21 15 21 75 42 6 56 43 69 21 75 42 6 56
43 69 21 75 15 21 75 42 6 56 43 69 21 75 42 6 56

33 74 43 55 91 13 81 33 74 43 55 91 13 81
33 74 43 55 91 13 81 33 74 7 74 43 55 91 13 81
33 74 43 55 91 13 81 33 74 43 7 74 43 55 91 13 81
33 74 43 55 91 13 81 33 74 43 7 43 55 91 13 81
33 74 43 55 91 13 81 33 74 43 55 7 43 55 91 13 81
33 74 7 74 43 55 91 13 81 33 74 43 55 91 13 81
33 74 43 7 74 43 55 91 13 81 33 74 43 55 91 13 81
33 74 43 7 43 55 91 13 81 33 74 43 55 91 13 81
33 74 43 55 7 43 55 91 13 81 33 74 43 55 91 13 81

89 23 96 48 71 13 56 89 23 96 48 71 13 56
89 23 96 48 71 13 56 89 23 16 23 96 48 71 13 56
89 23 96 48 71 13 56 89 23 96 16 23 96 48 71 13 56
89 23 96 48 71 13 56 89 23 96 16 96 48 71 13 56
89 23 96 48 71 13 56 89 23 96 48 16 96 48 71 13 56
89 23 16 23 96 48 71 13 56 89 23 96 48 71 13 56
89 23 96 16 23 96 48 71 13 56 89 23 96 48 71 13 56
89 23 96 16 96 48 71 13 56 89 23 96 48 71 13 56
89 23 96 48 16 96 48 71 13 56 89 23 96 48 71 13 56

24 72 65 60 16 48 81 24 72 65 60 16 48 81
24 72 65 60 16 48 81 24 72 11 72 65 60 16 48 81
24 72 65 60 16 48 81 24 72 65 11 72 65 60 16 48 81
24 72 65 60 16 48 81 24 72 65 11 65 60 16 48 81
24 72 65 60 16 48 81 24 72 65 60 11 65 60 16 48 81
24 72 11 72 65 60 16 48 81 24 72 65 60 16 48 81
24 72 65 11 72 65 60 16 48 81 24 72 65 60 16 48 81
24 72 65 11 65 60 16 48 81 24 72 65 60 16 48 81
24 72 65 60 11 65 60 16 48 81 24 72 65 60 16 48 81

45 8 70 44 57 18 87 45 8 70 44 57 18 87
45 8 70 44 57 18 87 45 8 8 8 70 44 57 18 87
45 8 70 44 57 18 87 45 8 70 8 8 70 44 57 18 87
45 8 70 44 57 18 87 45 8 70 8 70 44 57 18 87
45 8 70 44 57 18 87 45 8 70 44 8 70 44 57 18 87
45 8 8 8 70 44 57 18 87 45 8 70 44 57 18 87
45 8 70 8 8 70 44 57 18 87 45 8 70 44 57 18 87
45 8 70 8 70 44 57 18 87 45 8 70 44 57 18 87
45 8 70 44 8 70 44 57 18 87 45 8 70 44 57 18 87

71 37 79 53 26 5 39 71 37 79 53 26 5 39
71 37 79 53 26 5 39 71 37 18 37 79 53 26 5 39
71 37 79 53 26 5 39 71 37 79 18 37 79 53 26 5 39
71 37 79 53 26 5 39 71 37 79 18 79 53 26 5 39
71 37 79 53 26 5 39 71 37 79 53 18 79 53 26 5 39
71 37 18 37 79 53 26 5 39 71 37 79 53 26 5 39
71 37 79 18 37 79 53 26 5 39 71 37 79 53 26 5 39
71 37 79 18 79 53 26 5 39 71 37 79 53 26 5 39
71 37 79 53 18 79 53 26 5 39 71 37 79 53 26 5 39

77 24 55 47 86 85 58 77 24 55 47 86 85 58
77 24 55 47 86 85 58 77 24 17 24 55 47 86 85 58
77 24 55 47 86 85 58 77 24 55 17 24 55 47 86 85 58
77 24 55 47 86 85 58 77 24 55 17 55 47 86 85 58
77 24 55 47 86 85 58 77 24 55 47 17 55 47 86 85 58
77 24 17 24 55 47 86 85 58 77 24 55 47 86 85 58
77 24 55 17 24 55 47 86 85 58 77 24 55 47 86 85 58
77 24 55 17 55 47 86 85 58 77 24 55 47 86 85 58
77 24 55 47 17 55 47 86 85 58 77 24 55 47 86 85 58

33 81 49 21 90 35 75 33 81 49 21 90 35 75
33 81 49 21 90 35 75 33 81 8 81 49 21 90 35 75
33 81 49 21 90 35 75 33 81 49 8 81 49 21 90 35 75
33 81 49 21 90 35 75 33 81 49 8 49 21 90 35 75
33 81 49 21 90 35 75 33 81 49 21 8 49 21 90 35 75
33 81 8 81 49 21 90 35 75 33 81 49 21 90 35 75
33 81 49 8 81 49 21 90 35 75 33 81 49 21 90 35 75
33 81 49 8 49 21 90 35 75 33 81 49 21 90 35 75
33 81 49 21 8 49 21 90 35 75 33 81 49 21 90 35 75

63 36 51 67 86 32 41 63 36 51 67 86 32 41
63 36 51 67 86 32 41 63 36 14 36 51 67 86 32 41
63 36 51 67 86 32 41 63 36 51 14 36 51 67 86 32 41
63 36 51 67 86 32 41 63 36 51 14 51 67 86 32 41
63 36 51 67 86 32 41 63 36 51 67 14 51 67 86 32 41
63 36 14 36 51 67 86 32 41 63 36 51 67 86 32 41
63 36 51 14 36 51 67 86 32 41 63 36 51 67 86 32 41
63 36 51 14 51 67 86 32 41 63 36 51 67 86 32 41
63 36 51 67 14 51 67 86 32 41 63 36 51 67 86 32 41

40 87 83 64 98 20 71 40 87 83 64 98 20 71
40 87 83 64 98 20 71 40 87 16 87 83 64 98 20 71
40 87 83 64 98 20 71 40 87 83 16 87 83 64 98 20 71
40 87 83 64 98 20 71 40 87 83 16 83 64 98 20 71
40 87 83 64 98 20 71 40 87 83 64 16 83 64 98 20 71
40 87 16 87 83 64 98 20 71 40 87 83 64 98 20 71
40 87 83 16 87 83 64 98 20 71 40 87 83 64 98 20 71
40 87 83 16 83 64 98 20 71 40 87 83 64 98 20 71
40 87 83 64 16 83 64 98 20 71 40 87 83 64 98 20 71

31 58 45 73 51 33 25 31 58 45 73 51 33 25
31 58 45 73 51 33 25 31 58 15 58 45 73 51 33 25
31 58 45 73 51 33 25 31 58 45 15 58 45 73 51 33 25
31 58 45 73 51 33 25 31 58 45 15 45 73 51 33 25
31 58 45 73 51 33 25 31 58 45 73 15 45 73 51 33 25
31 58 15 58 45 73 51 33 25 31 58 45 73 51 33 25
31 58 45 15 58 45 73 51 33 25 31 58 45 73 51 33 25
31 58 45 15 45 73 51 33 25 31 58 45 73 51 33 25
31 58 45 73 15 45 73 51 33 25 31 58 45 73 51 33 25

97 58 96 90 9 47 15 97 58 96 90 9 47 15
97 58 96 90 9 47 15 97 58 5 58 96 90 9 47 15
97 58 96 90 9 47 15 97 58 96 5 58 96 90 9 47 15
97 58 96 90 9 47 15 97 58 96 5 96 90 9 47 15
97 58 96 90 9 47 15 97 58 96 90 5 96 90 9 47 15
97 58 5 58 96 90 9 47 15 97 58 96 90 9 47 15
97 58 96 5 58 96 90 9 47 15 97 58 96 90 9 47 15
97 58 96 5 96 90 9 47 15 97 58 96 90 9 47 15
97 58 96 90 5 96 90 9 47 15 97 58 96 90 9 47 15

36 80 60 74 80 95 76 36 80 60 74 80 95 76
36 80 60 74 80 95 76 36 80 20 80 60 74 80 95 76
36 80 60 74 80 95 76 36 80 60 20 80 60 74 80 95 76
36 80 60 74 80 95 76 36 80 60 20 60 74 80 95 76
36 80 60 74 80 95 76 36 80 60 74 20 60 74 80 95 76
36 80 20 80 60 74 80 95 76 36 80 60 74 80 95 76
36 80 60 20 80 60 74 80 95 76 36 80 60 74 80 95 76
36 80 60 20 60 74 80 95 76 36 80 60 74 80 95 76
36 80 60 74 20 60 74 80 95 76 36 80 60 74 80 95 76

37 56 35 28 11 42 59 37 56 35 28 11 42 59
37 56 35 28 11 42 59 37 56 14 56 35 28 11 42 59
37 56 35 28 11 42 59 37 56 35 14 56 35 28 11 42 59
37 56 35 28 11 42 59 37 56 35 14 35 28 11 42 59
37 56 35 28 11 42 59 37 56 35 28 14 35 28 11 42 59
37 56 14 56 35 28 11 42 59 37 56 35 28 11 42 59
37 56 35 14 56 35 28 11 42 59 37 56 35 28 11 42 59
37 56 35 14 35 28 11 42 59 37 56 35 28 11 42 59
37 56 35 28 14 35 28 11 42 59 37 56 35 28 11 42 59

27 78 27 73 56 74 62 27 78 27 73 56 74 62
27 78 27 73 56 74 62 27 78 6 78 27 73 56 74 62
27 78 27 73 56 74 62 27 78 27 6 78 27 73 56 74 62
27 78 27 73 56 74 62 27 78 27 6 27 73 56 74 62
27 78 27 73 56 74 62 27 78 27 73 6 27 73 56 74 62
27 78 6 78 27 73 56 74 62 27 78 27 73 56 74 62
27 78 27 6 78 27 73 56 74 62 27 78 27 73 56 74 62
27 78 27 6 27 73 56 74 62 27 78 27 73 56 74 62
27 78 27 73 6 27 73 56 74 62 27 78 27 73 56 74 62

59 59 45 15 56 87 86 59 59 45 15 56 87 86
59 59 45 15 56 87 86 59 59 6 59 45 15 56 87 86
59 59 45 15 56 87 86 59 59 45 6 59 45 15 56 87 86
59 59 45 15 56 87 86 59 59 45 6 45 15 56 87 86
59 59 45 15 56 87 86 59 59 45 15 6 45 15 56 87 86
59 59 6 59 45 15 56 87 86 59 59 45 15 56 87 86
59 59 45 6 59 45 15 56 87 86 59 59 45 15 56 87 86
59 59 45 6 45 15 56 87 86 59 59 45 15 56 87 86
59 59 45 15 6 45 15 56 87 86 59 59 45 15 56 87 86

44 31 57 42 52 34 95 44 31 57 42 52 34 95
44 31 57 42 52 34 95 44 31 15 31 57 42 52 34 95
44 31 57 42 52 34 95 44 31 57 15 31 57 42 52 34 95
44 31 57 42 52 34 95 44 31 57 15 57 42 52 34 95
44 31 57 42 52 34 95 44 31 57 42 15 57 42 52 34 95
44 31 15 31 57 42 52 34 95 44 31 57 42 52 34 95
44 31 57 15 31 57 42 52 34 95 44 31 57 42 52 34 95
44 31 57 15 57 42 52 34 95 44 31 57 42 52 34 95
44 31 57 42 15 57 42 52 34 95 44 31 57 42 52 34 95

