80
7
2
2

19
4
12
7
29
25
9
19
14
29
15
29
13
14
10
9
9
24
5
6
21
24
14
14
20
22
21
0
11
2
23
2
13
10
7
2
23
6
17
20
15
29
14
6
22
18
9
1
29
24
7
16
9
17
25
6
24
27
12
6
13
30
11
10
17
21
1
28
14
12
20
22
23
6
9
7
5
4
21
18

66 91 
75 39 
99 96 
58 61 
98 45 
27 26 
58 67 
82 39 
30 39 
68 75 
62 57 
23 69 
62 66 
113 67 
91 78 
71 59 
45 109 
91 53 
33 85 
73 99 
27 64 
41 38 
26 108 
20 27 
24 101 
38 85 
85 75 
45 46 
87 111 
32 99 
80 98 
75 98 
102 98 
41 33 
68 61 
103 108 
42 23 
16 64 
25 79 
64 47 
60 63 
30 59 
90 60 
63 38 
83 30 
48 54 
65 106 
42 22 
88 61 
24 72 
20 44 
51 74 
92 22 
64 89 
114 82 
100 77 
23 62 
94 86 
32 48 
104 70 
39 35 
69 99 
31 113 
92 104 
26 54 
112 98 
48 84 
102 68 
105 74 
18 79 
27 88 
75 40 
69 84 
21 12 
97 118 
79 95 
102 27 
110 22 
54 41 
42 106 

1948
2092
2140
2124
1362
2209
1793
1865
1696
2600
2310
1736
2008
1626
2327
2166
1871
1961
1661
2296
1480
1647
1525
1548
1372
2237
1765
1450
2377
2189
1994
1918
2120
1342
2179
2367
1359
1455
2318
2309
1911
1716
1495
1495
2125
2047
2722
1723
2015
1352
987
2290
1829
2086
2433
1984
1926
1934
1243
2103
922
1770
2097
2130
1399
2375
1933
2366
2219
1450
1830
2322
1852
1063
2467
2056
1900
1677
1411
1770

1 2 3 4 5 1 2 3 4 5 6 7
1 2 3 4 5 1 2 100 102 3 4 5 6 7
1 2 3 4 5 1 2 3 100 102 103 4 5 6 7
1 2 3 4 5 1 2 3 100 103 4 5 6 7
1 2 3 4 5 1 2 3 4 100 103 104 5 6 7
1 2 100 102 3 4 5 1 2 3 4 5 6 7
1 2 3 100 102 103 4 5 1 2 3 4 5 6 7
1 2 3 100 103 4 5 1 2 3 4 5 6 7
1 2 3 4 100 103 104 5 1 2 3 4 5 6 7

14 71 52 75 55 88 49 14 71 52 75 55 88 49
14 71 52 75 55 88 49 14 71 8 71 52 75 55 88 49
14 71 52 75 55 88 49 14 71 52 8 71 52 75 55 88 49
14 71 52 75 55 88 49 14 71 52 8 52 75 55 88 49
14 71 52 75 55 88 49 14 71 52 75 8 52 75 55 88 49
14 71 8 71 52 75 55 88 49 14 71 52 75 55 88 49
14 71 52 8 71 52 75 55 88 49 14 71 52 75 55 88 49
14 71 52 8 52 75 55 88 49 14 71 52 75 55 88 49
14 71 52 75 8 52 75 55 88 49 14 71 52 75 55 88 49

69 87 62 25 43 72 76 69 87 62 25 43 72 76
69 87 62 25 43 72 76 69 87 12 87 62 25 43 72 76
69 87 62 25 43 72 76 69 87 62 12 87 62 25 43 72 76
69 87 62 25 43 72 76 69 87 62 12 62 25 43 72 76
69 87 62 25 43 72 76 69 87 62 25 12 62 25 43 72 76
69 87 12 87 62 25 43 72 76 69 87 62 25 43 72 76
69 87 62 12 87 62 25 43 72 76 69 87 62 25 43 72 76
69 87 62 12 62 25 43 72 76 69 87 62 25 43 72 76
69 87 62 25 12 62 25 43 72 76 69 87 62 25 43 72 76

6 96 79 84 45 60 48 6 96 79 84 45 60 48
6 96 79 84 45 60 48 6 96 13 96 79 84 45 60 48
6 96 79 84 45 60 48 6 96 79 13 96 79 84 45 60 48
6 96 79 84 45 60 48 6 96 79 13 79 84 45 60 48
6 96 79 84 45 60 48 6 96 79 84 13 79 84 45 60 48
6 96 13 96 79 84 45 60 48 6 96 79 84 45 60 48
6 96 79 13 96 79 84 45 60 48 6 96 79 84 45 60 48
6 96 79 13 79 84 45 60 48 6 96 79 84 45 60 48
6 96 79 84 13 79 84 45 60 48 6 96 79 84 45 60 48

82 61 45 52 79 53 51 82 61 45 52 79 53 51
82 61 45 52 79 53 51 82 61 5 61 45 52 79 53 51
82 61 45 52 79 53 51 82 61 45 5 61 45 52 79 53 51
82 61 45 52 79 53 51 82 61 45 5 45 52 79 53 51
82 61 45 52 79 53 51 82 61 45 52 5 45 52 79 53 51
82 61 5 61 45 52 79 53 51 82 61 45 52 79 53 51
82 61 45 5 61 45 52 79 53 51 82 61 45 52 79 53 51
82 61 45 5 45 52 79 53 51 82 61 45 52 79 53 51
82 61 45 52 5 45 52 79 53 51 82 61 45 52 79 53 51

47 9 80 37 6 84 14 47 9 80 37 6 84 14
47 9 80 37 6 84 14 47 9 11 9 80 37 6 84 14
47 9 80 37 6 84 14 47 9 80 11 9 80 37 6 84 14
47 9 80 37 6 84 14 47 9 80 11 80 37 6 84 14
47 9 80 37 6 84 14 47 9 80 37 11 80 37 6 84 14
47 9 11 9 80 37 6 84 14 47 9 80 37 6 84 14
47 9 80 11 9 80 37 6 84 14 47 9 80 37 6 84 14
47 9 80 11 80 37 6 84 14 47 9 80 37 6 84 14
47 9 80 37 11 80 37 6 84 14 47 9 80 37 6 84 14

100 85 8 19 97 78 67 100 85 8 19 97 78 67
100 85 8 19 97 78 67 100 85 13 85 8 19 97 78 67
100 85 8 19 97 78 67 100 85 8 13 85 8 19 97 78 67
100 85 8 19 97 78 67 100 85 8 13 8 19 97 78 67
100 85 8 19 97 78 67 100 85 8 19 13 8 19 97 78 67
100 85 13 85 8 19 97 78 67 100 85 8 19 97 78 67
100 85 8 13 85 8 19 97 78 67 100 85 8 19 97 78 67
100 85 8 13 8 19 97 78 67 100 85 8 19 97 78 67
100 85 8 19 13 8 19 97 78 67 100 85 8 19 97 78 67

57 6 51 61 87 13 78 57 6 51 61 87 13 78
57 6 51 61 87 13 78 57 6 5 6 51 61 87 13 78
57 6 51 61 87 13 78 57 6 51 5 6 51 61 87 13 78
57 6 51 61 87 13 78 57 6 51 5 51 61 87 13 78
57 6 51 61 87 13 78 57 6 51 61 5 51 61 87 13 78
57 6 5 6 51 61 87 13 78 57 6 51 61 87 13 78
57 6 51 5 6 51 61 87 13 78 57 6 51 61 87 13 78
57 6 51 5 51 61 87 13 78 57 6 51 61 87 13 78
57 6 51 61 5 51 61 87 13 78 57 6 51 61 87 13 78

35 93 68 24 50 19 86 35 93 68 24 50 19 86
35 93 68 24 50 19 86 35 93 17 93 68 24 50 19 86
35 93 68 24 50 19 86 35 93 68 17 93 68 24 50 19 86
35 93 68 24 50 19 86 35 93 68 17 68 24 50 19 86
35 93 68 24 50 19 86 35 93 68 24 17 68 24 50 19 86
35 93 17 93 68 24 50 19 86 35 93 68 24 50 19 86
35 93 68 17 93 68 24 50 19 86 35 93 68 24 50 19 86
35 93 68 17 68 24 50 19 86 35 93 68 24 50 19 86
35 93 68 24 17 68 24 50 19 86 35 93 68 24 50 19 86

93 60 25 23 19 84 47 93 60 25 23 19 84 47
93 60 25 23 19 84 47 93 60 9 60 25 23 19 84 47
93 60 25 23 19 84 47 93 60 25 9 60 25 23 19 84 47
93 60 25 23 19 84 47 93 60 25 9 25 23 19 84 47
93 60 25 23 19 84 47 93 60 25 23 9 25 23 19 84 47
93 60 9 60 25 23 19 84 47 93 60 25 23 19 84 47
93 60 25 9 60 25 23 19 84 47 93 60 25 23 19 84 47
93 60 25 9 25 23 19 84 47 93 60 25 23 19 84 47
93 60 25 23 9 25 23 19 84 47 93 60 25 23 19 84 47

97 75 49 69 69 77 97 97 75 49 69 69 77 97
97 75 49 69 69 77 97 97 75 8 75 49 69 69 77 97
97 75 49 69 69 77 97 97 75 49 8 75 49 69 69 77 97
97 75 49 69 69 77 97 97 75 49 8 49 69 69 77 97
97 75 49 69 69 77 97 97 75 49 69 8 49 69 69 77 97
97 75 8 75 49 69 69 77 97 97 75 49 69 69 77 97
97 75 49 8 75 49 69 69 77 97 97 75 49 69 69 77 97
97 75 49 8 49 69 69 77 97 97 75 49 69 69 77 97
97 75 49 69 8 49 69 69 77 97 97 75 49 69 69 77 97

100 46 55 47 74 50 88 100 46 55 47 74 50 88
100 46 55 47 74 50 88 100 46 13 46 55 47 74 50 88
100 46 55 47 74 50 88 100 46 55 13 46 55 47 74 50 88
100 46 55 47 74 50 88 100 46 55 13 55 47 74 50 88
100 46 55 47 74 50 88 100 46 55 47 13 55 47 74 50 88
100 46 13 46 55 47 74 50 88 100 46 55 47 74 50 88
100 46 55 13 46 55 47 74 50 88 100 46 55 47 74 50 88
100 46 55 13 55 47 74 50 88 100 46 55 47 74 50 88
100 46 55 47 13 55 47 74 50 88 100 46 55 47 74 50 88

71 16 17 50 68 94 49 71 16 17 50 68 94 49
71 16 17 50 68 94 49 71 16 14 16 17 50 68 94 49
71 16 17 50 68 94 49 71 16 17 14 16 17 50 68 94 49
71 16 17 50 68 94 49 71 16 17 14 17 50 68 94 49
71 16 17 50 68 94 49 71 16 17 50 14 17 50 68 94 49
71 16 14 16 17 50 68 94 49 71 16 17 50 68 94 49
71 16 17 14 16 17 50 68 94 49 71 16 17 50 68 94 49
71 16 17 14 17 50 68 94 49 71 16 17 50 68 94 49
71 16 17 50 14 17 50 68 94 49 71 16 17 50 68 94 49

68 56 48 48 99 9 29 68 56 48 48 99 9 29
68 56 48 48 99 9 29 68 56 6 56 48 48 99 9 29
68 56 48 48 99 9 29 68 56 48 6 56 48 48 99 9 29
68 56 48 48 99 9 29 68 56 48 6 48 48 99 9 29
68 56 48 48 99 9 29 68 56 48 48 6 48 48 99 9 29
68 56 6 56 48 48 99 9 29 68 56 48 48 99 9 29
68 56 48 6 56 48 48 99 9 29 68 56 48 48 99 9 29
68 56 48 6 48 48 99 9 29 68 56 48 48 99 9 29
68 56 48 48 6 48 48 99 9 29 68 56 48 48 99 9 29

52 7 98 61 5 12 93 52 7 98 61 5 12 93
52 7 98 61 5 12 93 52 7 13 7 98 61 5 12 93
52 7 98 61 5 12 93 52 7 98 13 7 98 61 5 12 93
52 7 98 61 5 12 93 52 7 98 13 98 61 5 12 93
52 7 98 61 5 12 93 52 7 98 61 13 98 61 5 12 93
52 7 13 7 98 61 5 12 93 52 7 98 61 5 12 93
52 7 98 13 7 98 61 5 12 93 52 7 98 61 5 12 93
52 7 98 13 98 61 5 12 93 52 7 98 61 5 12 93
52 7 98 61 13 98 61 5 12 93 52 7 98 61 5 12 93

42 82 73 72 79 36 68 42 82 73 72 79 36 68
42 82 73 72 79 36 68 42 82 13 82 73 72 79 36 68
42 82 73 72 79 36 68 42 82 73 13 82 73 72 79 36 68
42 82 73 72 79 36 68 42 82 73 13 73 72 79 36 68
42 82 73 72 79 36 68 42 82 73 72 13 73 72 79 36 68
42 82 13 82 73 72 79 36 68 42 82 73 72 79 36 68
42 82 73 13 82 73 72 79 36 68 42 82 73 72 79 36 68
42 82 73 13 73 72 79 36 68 42 82 73 72 79 36 68
42 82 73 72 13 73 72 79 36 68 42 82 73 72 79 36 68

8 91 65 52 96 28 84 8 91 65 52 96 28 84
8 91 65 52 96 28 84 8 91 8 91 65 52 96 28 84
8 91 65 52 96 28 84 8 91 65 8 91 65 52 96 28 84
8 91 65 52 96 28 84 8 91 65 8 65 52 96 28 84
8 91 65 52 96 28 84 8 91 65 52 8 65 52 96 28 84
8 91 8 91 65 52 96 28 84 8 91 65 52 96 28 84
8 91 65 8 91 65 52 96 28 84 8 91 65 52 96 28 84
8 91 65 8 65 52 96 28 84 8 91 65 52 96 28 84
8 91 65 52 8 65 52 96 28 84 8 91 65 52 96 28 84

33 59 28 91 35 60 84 33 59 28 91 35 60 84
33 59 28 91 35 60 84 33 59 13 59 28 91 35 60 84
33 59 28 91 35 60 84 33 59 28 13 59 28 91 35 60 84
33 59 28 91 35 60 84 33 59 28 13 28 91 35 60 84
33 59 28 91 35 60 84 33 59 28 91 13 28 91 35 60 84
33 59 13 59 28 91 35 60 84 33 59 28 91 35 60 84
33 59 28 13 59 28 91 35 60 84 33 59 28 91 35 60 84
33 59 28 13 28 91 35 60 84 33 59 28 91 35 60 84
33 59 28 91 13 28 91 35 60 84 33 59 28 91 35 60 84

84 21 79 40 47 67 62 84 21 79 40 47 67 62
84 21 79 40 47 67 62 84 21 7 21 79 40 47 67 62
84 21 79 40 47 67 62 84 21 79 7 21 79 40 47 67 62
84 21 79 40 47 67 62 84 21 79 7 79 40 47 67 62
84 21 79 40 47 67 62 84 21 79 40 7 79 40 47 67 62
84 21 7 21 79 40 47 67 62 84 21 79 40 47 67 62
84 21 79 7 21 79 40 47 67 62 84 21 79 40 47 67 62
84 21 79 7 79 40 47 67 62 84 21 79 40 47 67 62
84 21 79 40 7 79 40 47 67 62 84 21 79 40 47 67 62

96 54 19 69 11 22 55 96 54 19 69 11 22 55
96 54 19 69 11 22 55 96 54 18 54 19 69 11 22 55
96 54 19 69 11 22 55 96 54 19 18 54 19 69 11 22 55
96 54 19 69 11 22 55 96 54 19 18 19 69 11 22 55
96 54 19 69 11 22 55 96 54 19 69 18 19 69 11 22 55
96 54 18 54 19 69 11 22 55 96 54 19 69 11 22 55
96 54 19 18 54 19 69 11 22 55 96 54 19 69 11 22 55
96 54 19 18 19 69 11 22 55 96 54 19 69 11 22 55
96 54 19 69 18 19 69 11 22 55 96 54 19 69 11 22 55

58 42 58 89 89 95 18 58 42 58 89 89 95 18
58 42 58 89 89 95 18 58 42 6 42 58 89 89 95 18
58 42 58 89 89 95 18 58 42 58 6 42 58 89 89 95 18
58 42 58 89 89 95 18 58 42 58 6 58 89 89 95 18
58 42 58 89 89 95 18 58 42 58 89 6 58 89 89 95 18
58 42 6 42 58 89 89 95 18 58 42 58 89 89 95 18
58 42 58 6 42 58 89 89 95 18 58 42 58 89 89 95 18
58 42 58 6 58 89 89 95 18 58 42 58 89 89 95 18
58 42 58 89 6 58 89 89 95 18 58 42 58 89 89 95 18

83 54 9 58 12 20 49 83 54 9 58 12 20 49
83 54 9 58 12 20 49 83 54 11 54 9 58 12 20 49
83 54 9 58 12 20 49 83 54 9 11 54 9 58 12 20 49
83 54 9 58 12 20 49 83 54 9 11 9 58 12 20 49
83 54 9 58 12 20 49 83 54 9 58 11 9 58 12 20 49
83 54 11 54 9 58 12 20 49 83 54 9 58 12 20 49
83 54 9 11 54 9 58 12 20 49 83 54 9 58 12 20 49
83 54 9 11 9 58 12 20 49 83 54 9 58 12 20 49
83 54 9 58 11 9 58 12 20 49 83 54 9 58 12 20 49

61 88 23 22 54 27 31 61 88 23 22 54 27 31
61 88 23 22 54 27 31 61 88 14 88 23 22 54 27 31
61 88 23 22 54 27 31 61 88 23 14 88 23 22 54 27 31
61 88 23 22 54 27 31 61 88 23 14 23 22 54 27 31
61 88 23 22 54 27 31 61 88 23 22 14 23 22 54 27 31
61 88 14 88 23 22 54 27 31 61 88 23 22 54 27 31
61 88 23 14 88 23 22 54 27 31 61 88 23 22 54 27 31
61 88 23 14 23 22 54 27 31 61 88 23 22 54 27 31
61 88 23 22 14 23 22 54 27 31 61 88 23 22 54 27 31

15 16 12 92 81 13 71 15 16 12 92 81 13 71
15 16 12 92 81 13 71 15 16 8 16 12 92 81 13 71
15 16 12 92 81 13 71 15 16 12 8 16 12 92 81 13 71
15 16 12 92 81 13 71 15 16 12 8 12 92 81 13 71
15 16 12 92 81 13 71 15 16 12 92 8 12 92 81 13 71
15 16 8 16 12 92 81 13 71 15 16 12 92 81 13 71
15 16 12 8 16 12 92 81 13 71 15 16 12 92 81 13 71
15 16 12 8 12 92 81 13 71 15 16 12 92 81 13 71
15 16 12 92 8 12 92 81 13 71 15 16 12 92 81 13 71

17 54 15 15 94 100 34 17 54 15 15 94 100 34
17 54 15 15 94 100 34 17 54 13 54 15 15 94 100 34
17 54 15 15 94 100 34 17 54 15 13 54 15 15 94 100 34
17 54 15 15 94 100 34 17 54 15 13 15 15 94 100 34
17 54 15 15 94 100 34 17 54 15 15 13 15 15 94 100 34
17 54 13 54 15 15 94 100 34 17 54 15 15 94 100 34
17 54 15 13 54 15 15 94 100 34 17 54 15 15 94 100 34
17 54 15 13 15 15 94 100 34 17 54 15 15 94 100 34
17 54 15 15 13 15 15 94 100 34 17 54 15 15 94 100 34

19 66 10 84 6 23 65 19 66 10 84 6 23 65
19 66 10 84 6 23 65 19 66 12 66 10 84 6 23 65
19 66 10 84 6 23 65 19 66 10 12 66 10 84 6 23 65
19 66 10 84 6 23 65 19 66 10 12 10 84 6 23 65
19 66 10 84 6 23 65 19 66 10 84 12 10 84 6 23 65
19 66 12 66 10 84 6 23 65 19 66 10 84 6 23 65
19 66 10 12 66 10 84 6 23 65 19 66 10 84 6 23 65
19 66 10 12 10 84 6 23 65 19 66 10 84 6 23 65
19 66 10 84 12 10 84 6 23 65 19 66 10 84 6 23 65

74 64 29 77 78 87 23 74 64 29 77 78 87 23
74 64 29 77 78 87 23 74 64 9 64 29 77 78 87 23
74 64 29 77 78 87 23 74 64 29 9 64 29 77 78 87 23
74 64 29 77 78 87 23 74 64 29 9 29 77 78 87 23
74 64 29 77 78 87 23 74 64 29 77 9 29 77 78 87 23
74 64 9 64 29 77 78 87 23 74 64 29 77 78 87 23
74 64 29 9 64 29 77 78 87 23 74 64 29 77 78 87 23
74 64 29 9 29 77 78 87 23 74 64 29 77 78 87 23
74 64 29 77 9 29 77 78 87 23 74 64 29 77 78 87 23

40 9 68 60 46 78 80 40 9 68 60 46 78 80
40 9 68 60 46 78 80 40 9 11 9 68 60 46 78 80
40 9 68 60 46 78 80 40 9 68 11 9 68 60 46 78 80
40 9 68 60 46 78 80 40 9 68 11 68 60 46 78 80
40 9 68 60 46 78 80 40 9 68 60 11 68 60 46 78 80
40 9 11 9 68 60 46 78 80 40 9 68 60 46 78 80
40 9 68 11 9 68 60 46 78 80 40 9 68 60 46 78 80
40 9 68 11 68 60 46 78 80 40 9 68 60 46 78 80
40 9 68 60 11 68 60 46 78 80 40 9 68 60 46 78 80

20 84 38 32 17 97 25 20 84 38 32 17 97 25
20 84 38 32 17 97 25 20 84 13 84 38 32 17 97 25
20 84 38 32 17 97 25 20 84 38 13 84 38 32 17 97 25
20 84 38 32 17 97 25 20 84 38 13 38 32 17 97 25
20 84 38 32 17 97 25 20 84 38 32 13 38 32 17 97 25
20 84 13 84 38 32 17 97 25 20 84 38 32 17 97 25
20 84 38 13 84 38 32 17 97 25 20 84 38 32 17 97 25
20 84 38 13 38 32 17 97 25 20 84 38 32 17 97 25
20 84 38 32 13 38 32 17 97 25 20 84 38 32 17 97 25

50 78 81 93 29 96 57 50 78 81 93 29 96 57
50 78 81 93 29 96 57 50 78 14 78 81 93 29 96 57
50 78 81 93 29 96 57 50 78 81 14 78 81 93 29 96 57
50 78 81 93 29 96 57 50 78 81 14 81 93 29 96 57
50 78 81 93 29 96 57 50 78 81 93 14 81 93 29 96 57
50 78 14 78 81 93 29 96 57 50 78 81 93 29 96 57
50 78 81 14 78 81 93 29 96 57 50 78 81 93 29 96 57
50 78 81 14 81 93 29 96 57 50 78 81 93 29 96 57
50 78 81 93 14 81 93 29 96 57 50 78 81 93 29 96 57

56 42 24 91 90 96 53 56 42 24 91 90 96 53
56 42 24 91 90 96 53 56 42 9 42 24 91 90 96 53
56 42 24 91 90 96 53 56 42 24 9 42 24 91 90 96 53
56 42 24 91 90 96 53 56 42 24 9 24 91 90 96 53
56 42 24 91 90 96 53 56 42 24 91 9 24 91 90 96 53
56 42 9 42 24 91 90 96 53 56 42 24 91 90 96 53
56 42 24 9 42 24 91 90 96 53 56 42 24 91 90 96 53
56 42 24 9 24 91 90 96 53 56 42 24 91 90 96 53
56 42 24 91 9 24 91 90 96 53 56 42 24 91 90 96 53

27 97 60 82 10 48 93 27 97 60 82 10 48 93
27 97 60 82 10 48 93 27 97 15 97 60 82 10 48 93
27 97 60 82 10 48 93 27 97 60 15 97 60 82 10 48 93
27 97 60 82 10 48 93 27 97 60 15 60 82 10 48 93
27 97 60 82 10 48 93 27 97 60 82 15 60 82 10 48 93
27 97 15 97 60 82 10 48 93 27 97 60 82 10 48 93
27 97 60 15 97 60 82 10 48 93 27 97 60 82 10 48 93
27 97 60 15 60 82 10 48 93 27 97 60 82 10 48 93
27 97 60 82 15 60 82 10 48 93 27 97 60 82 10 48 93

51 29 61 78 39 95 43 51 29 61 78 39 95 43
51 29 61 78 39 95 43 51 29 11 29 61 78 39 95 43
51 29 61 78 39 95 43 51 29 61 11 29 61 78 39 95 43
51 29 61 78 39 95 43 51 29 61 11 61 78 39 95 43
51 29 61 78 39 95 43 51 29 61 78 11 61 78 39 95 43
51 29 11 29 61 78 39 95 43 51 29 61 78 39 95 43
51 29 61 11 29 61 78 39 95 43 51 29 61 78 39 95 43
51 29 61 11 61 78 39 95 43 51 29 61 78 39 95 43
51 29 61 78 11 61 78 39 95 43 51 29 61 78 39 95 43

68 10 87 84 52 26 96 68 10 87 84 52 26 96
68 10 87 84 52 26 96 68 10 7 10 87 84 52 26 96
68 10 87 84 52 26 96 68 10 87 7 10 87 84 52 26 96
68 10 87 84 52 26 96 68 10 87 7 87 84 52 26 96
68 10 87 84 52 26 96 68 10 87 84 7 87 84 52 26 96
68 10 7 10 87 84 52 26 96 68 10 87 84 52 26 96
68 10 87 7 10 87 84 52 26 96 68 10 87 84 52 26 96
68 10 87 7 87 84 52 26 96 68 10 87 84 52 26 96
68 10 87 84 7 87 84 52 26 96 68 10 87 84 52 26 96

51 62 26 17 20 84 22 51 62 26 17 20 84 22
51 62 26 17 20 84 22 51 62 19 62 26 17 20 84 22
51 62 26 17 20 84 22 51 62 26 19 62 26 17 20 84 22
51 62 26 17 20 84 22 51 62 26 19 26 17 20 84 22
51 62 26 17 20 84 22 51 62 26 17 19 26 17 20 84 22
51 62 19 62 26 17 20 84 22 51 62 26 17 20 84 22
51 62 26 19 62 26 17 20 84 22 51 62 26 17 20 84 22
51 62 26 19 26 17 20 84 22 51 62 26 17 20 84 22
51 62 26 17 19 26 17 20 84 22 51 62 26 17 20 84 22

57 68 49 48 78 54 93 57 68 49 48 78 54 93
57 68 49 48 78 54 93 57 68 7 68 49 48 78 54 93
57 68 49 48 78 54 93 57 68 49 7 68 49 48 78 54 93
57 68 49 48 78 54 93 57 68 49 7 49 48 78 54 93
57 68 49 48 78 54 93 57 68 49 48 7 49 48 78 54 93
57 68 7 68 49 48 78 54 93 57 68 49 48 78 54 93
57 68 49 7 68 49 48 78 54 93 57 68 49 48 78 54 93
57 68 49 7 49 48 78 54 93 57 68 49 48 78 54 93
57 68 49 48 7 49 48 78 54 93 57 68 49 48 78 54 93

95 79 94 93 16 25 51 95 79 94 93 16 25 51
95 79 94 93 16 25 51 95 79 13 79 94 93 16 25 51
95 79 94 93 16 25 51 95 79 94 13 79 94 93 16 25 51
95 79 94 93 16 25 51 95 79 94 13 94 93 16 25 51
95 79 94 93 16 25 51 95 79 94 93 13 94 93 16 25 51
95 79 13 79 94 93 16 25 51 95 79 94 93 16 25 51
95 79 94 13 79 94 93 16 25 51 95 79 94 93 16 25 51
95 79 94 13 94 93 16 25 51 95 79 94 93 16 25 51
95 79 94 93 13 94 93 16 25 51 95 79 94 93 16 25 51

17 70 27 10 26 71 93 17 70 27 10 26 71 93
17 70 27 10 26 71 93 17 70 17 70 27 10 26 71 93
17 70 27 10 26 71 93 17 70 27 17 70 27 10 26 71 93
17 70 27 10 26 71 93 17 70 27 17 27 10 26 71 93
17 70 27 10 26 71 93 17 70 27 10 17 27 10 26 71 93
17 70 17 70 27 10 26 71 93 17 70 27 10 26 71 93
17 70 27 17 70 27 10 26 71 93 17 70 27 10 26 71 93
17 70 27 17 27 10 26 71 93 17 70 27 10 26 71 93
17 70 27 10 17 27 10 26 71 93 17 70 27 10 26 71 93

81 35 5 44 42 53 26 81 35 5 44 42 53 26
81 35 5 44 42 53 26 81 35 13 35 5 44 42 53 26
81 35 5 44 42 53 26 81 35 5 13 35 5 44 42 53 26
81 35 5 44 42 53 26 81 35 5 13 5 44 42 53 26
81 35 5 44 42 53 26 81 35 5 44 13 5 44 42 53 26
81 35 13 35 5 44 42 53 26 81 35 5 44 42 53 26
81 35 5 13 35 5 44 42 53 26 81 35 5 44 42 53 26
81 35 5 13 5 44 42 53 26 81 35 5 44 42 53 26
81 35 5 44 13 5 44 42 53 26 81 35 5 44 42 53 26

64 97 17 71 79 38 88 64 97 17 71 79 38 88
64 97 17 71 79 38 88 64 97 16 97 17 71 79 38 88
64 97 17 71 79 38 88 64 97 17 16 97 17 71 79 38 88
64 97 17 71 79 38 88 64 97 17 16 17 71 79 38 88
64 97 17 71 79 38 88 64 97 17 71 16 17 71 79 38 88
64 97 16 97 17 71 79 38 88 64 97 17 71 79 38 88
64 97 17 16 97 17 71 79 38 88 64 97 17 71 79 38 88
64 97 17 16 17 71 79 38 88 64 97 17 71 79 38 88
64 97 17 71 16 17 71 79 38 88 64 97 17 71 79 38 88

80 57 58 35 69 92 87 80 57 58 35 69 92 87
80 57 58 35 69 92 87 80 57 13 57 58 35 69 92 87
80 57 58 35 69 92 87 80 57 58 13 57 58 35 69 92 87
80 57 58 35 69 92 87 80 57 58 13 58 35 69 92 87
80 57 58 35 69 92 87 80 57 58 35 13 58 35 69 92 87
80 57 13 57 58 35 69 92 87 80 57 58 35 69 92 87
80 57 58 13 57 58 35 69 92 87 80 57 58 35 69 92 87
80 57 58 13 58 35 69 92 87 80 57 58 35 69 92 87
80 57 58 35 13 58 35 69 92 87 80 57 58 35 69 92 87

71 99 54 48 11 71 26 71 99 54 48 11 71 26
71 99 54 48 11 71 26 71 99 16 99 54 48 11 71 26
71 99 54 48 11 71 26 71 99 54 16 99 54 48 11 71 26
71 99 54 48 11 71 26 71 99 54 16 54 48 11 71 26
71 99 54 48 11 71 26 71 99 54 48 16 54 48 11 71 26
71 99 16 99 54 48 11 71 26 71 99 54 48 11 71 26
71 99 54 16 99 54 48 11 71 26 71 99 54 48 11 71 26
71 99 54 16 54 48 11 71 26 71 99 54 48 11 71 26
71 99 54 48 16 54 48 11 71 26 71 99 54 48 11 71 26

74 52 15 40 60 86 10 74 52 15 40 60 86 10
74 52 15 40 60 86 10 74 52 18 52 15 40 60 86 10
74 52 15 40 60 86 10 74 52 15 18 52 15 40 60 86 10
74 52 15 40 60 86 10 74 52 15 18 15 40 60 86 10
74 52 15 40 60 86 10 74 52 15 40 18 15 40 60 86 10
74 52 18 52 15 40 60 86 10 74 52 15 40 60 86 10
74 52 15 18 52 15 40 60 86 10 74 52 15 40 60 86 10
74 52 15 18 15 40 60 86 10 74 52 15 40 60 86 10
74 52 15 40 18 15 40 60 86 10 74 52 15 40 60 86 10

18 15 80 50 17 45 96 18 15 80 50 17 45 96
18 15 80 50 17 45 96 18 15 9 15 80 50 17 45 96
18 15 80 50 17 45 96 18 15 80 9 15 80 50 17 45 96
18 15 80 50 17 45 96 18 15 80 9 80 50 17 45 96
18 15 80 50 17 45 96 18 15 80 50 9 80 50 17 45 96
18 15 9 15 80 50 17 45 96 18 15 80 50 17 45 96
18 15 80 9 15 80 50 17 45 96 18 15 80 50 17 45 96
18 15 80 9 80 50 17 45 96 18 15 80 50 17 45 96
18 15 80 50 9 80 50 17 45 96 18 15 80 50 17 45 96

39 91 57 26 7 52 17 39 91 57 26 7 52 17
39 91 57 26 7 52 17 39 91 14 91 57 26 7 52 17
39 91 57 26 7 52 17 39 91 57 14 91 57 26 7 52 17
39 91 57 26 7 52 17 39 91 57 14 57 26 7 52 17
39 91 57 26 7 52 17 39 91 57 26 14 57 26 7 52 17
39 91 14 91 57 26 7 52 17 39 91 57 26 7 52 17
39 91 57 14 91 57 26 7 52 17 39 91 57 26 7 52 17
39 91 57 14 57 26 7 52 17 39 91 57 26 7 52 17
39 91 57 26 14 57 26 7 52 17 39 91 57 26 7 52 17

58 85 74 11 86 34 73 58 85 74 11 86 34 73
58 85 74 11 86 34 73 58 85 12 85 74 11 86 34 73
58 85 74 11 86 34 73 58 85 74 12 85 74 11 86 34 73
58 85 74 11 86 34 73 58 85 74 12 74 11 86 34 73
58 85 74 11 86 34 73 58 85 74 11 12 74 11 86 34 73
58 85 12 85 74 11 86 34 73 58 85 74 11 86 34 73
58 85 74 12 85 74 11 86 34 73 58 85 74 11 86 34 73
58 85 74 12 74 11 86 34 73 58 85 74 11 86 34 73
58 85 74 11 12 74 11 86 34 73 58 85 74 11 86 34 73

52 87 36 48 80 42 38 52 87 36 48 80 42 38
52 87 36 48 80 42 38 52 87 11 87 36 48 80 42 38
52 87 36 48 80 42 38 52 87 36 11 87 36 48 80 42 38
52 87 36 48 80 42 38 52 87 36 11 36 48 80 42 38
52 87 36 48 80 42 38 52 87 36 48 11 36 48 80 42 38
52 87 11 87 36 48 80 42 38 52 87 36 48 80 42 38
52 87 36 11 87 36 48 80 42 38 52 87 36 48 80 42 38
52 87 36 11 36 48 80 42 38 52 87 36 48 80 42 38
52 87 36 48 11 36 48 80 42 38 52 87 36 48 80 42 38

59 69 58 98 84 98 84 59 69 58 98 84 98 84
59 69 58 98 84 98 84 59 69 19 69 58 98 84 98 84
59 69 58 98 84 98 84 59 69 58 19 69 58 98 84 98 84
59 69 58 98 84 98 84 59 69 58 19 58 98 84 98 84
59 69 58 98 84 98 84 59 69 58 98 19 58 98 84 98 84
59 69 19 69 58 98 84 98 84 59 69 58 98 84 98 84
59 69 58 19 69 58 98 84 98 84 59 69 58 98 84 98 84
59 69 58 19 58 98 84 98 84 59 69 58 98 84 98 84
59 69 58 98 19 58 98 84 98 84 59 69 58 98 84 98 84

60 40 37 13 67 69 84 60 40 37 13 67 69 84
60 40 37 13 67 69 84 60 40 18 40 37 13 67 69 84
60 40 37 13 67 69 84 60 40 37 18 40 37 13 67 69 84
60 40 37 13 67 69 84 60 40 37 18 37 13 67 69 84
60 40 37 13 67 69 84 60 40 37 13 18 37 13 67 69 84
60 40 18 40 37 13 67 69 84 60 40 37 13 67 69 84
60 40 37 18 40 37 13 67 69 84 60 40 37 13 67 69 84
60 40 37 18 37 13 67 69 84 60 40 37 13 67 69 84
60 40 37 13 18 37 13 67 69 84 60 40 37 13 67 69 84

81 33 70 51 85 17 33 81 33 70 51 85 17 33
81 33 70 51 85 17 33 81 33 10 33 70 51 85 17 33
81 33 70 51 85 17 33 81 33 70 10 33 70 51 85 17 33
81 33 70 51 85 17 33 81 33 70 10 70 51 85 17 33
81 33 70 51 85 17 33 81 33 70 51 10 70 51 85 17 33
81 33 10 33 70 51 85 17 33 81 33 70 51 85 17 33
81 33 70 10 33 70 51 85 17 33 81 33 70 51 85 17 33
81 33 70 10 70 51 85 17 33 81 33 70 51 85 17 33
81 33 70 51 10 70 51 85 17 33 81 33 70 51 85 17 33

28 42 16 54 45 67 19 28 42 16 54 45 67 19
28 42 16 54 45 67 19 28 42 18 42 16 54 45 67 19
28 42 16 54 45 67 19 28 42 16 18 42 16 54 45 67 19
28 42 16 54 45 67 19 28 42 16 18 16 54 45 67 19
28 42 16 54 45 67 19 28 42 16 54 18 16 54 45 67 19
28 42 18 42 16 54 45 67 19 28 42 16 54 45 67 19
28 42 16 18 42 16 54 45 67 19 28 42 16 54 45 67 19
28 42 16 18 16 54 45 67 19 28 42 16 54 45 67 19
28 42 16 54 18 16 54 45 67 19 28 42 16 54 45 67 19

22 65 12 34 9 37 17 22 65 12 34 9 37 17
22 65 12 34 9 37 17 22 65 9 65 12 34 9 37 17
22 65 12 34 9 37 17 22 65 12 9 65 12 34 9 37 17
22 65 12 34 9 37 17 22 65 12 9 12 34 9 37 17
22 65 12 34 9 37 17 22 65 12 34 9 12 34 9 37 17
22 65 9 65 12 34 9 37 17 22 65 12 34 9 37 17
22 65 12 9 65 12 34 9 37 17 22 65 12 34 9 37 17
22 65 12 9 12 34 9 37 17 22 65 12 34 9 37 17
22 65 12 34 9 12 34 9 37 17 22 65 12 34 9 37 17

63 90 46 62 69 56 84 63 90 46 62 69 56 84
63 90 46 62 69 56 84 63 90 11 90 46 62 69 56 84
63 90 46 62 69 56 84 63 90 46 11 90 46 62 69 56 84
63 90 46 62 69 56 84 63 90 46 11 46 62 69 56 84
63 90 46 62 69 56 84 63 90 46 62 11 46 62 69 56 84
63 90 11 90 46 62 69 56 84 63 90 46 62 69 56 84
63 90 46 11 90 46 62 69 56 84 63 90 46 62 69 56 84
63 90 46 11 46 62 69 56 84 63 90 46 62 69 56 84
63 90 46 62 11 46 62 69 56 84 63 90 46 62 69 56 84

82 97 74 15 26 21 28 82 97 74 15 26 21 28
82 97 74 15 26 21 28 82 97 13 97 74 15 26 21 28
82 97 74 15 26 21 28 82 97 74 13 97 74 15 26 21 28
82 97 74 15 26 21 28 82 97 74 13 74 15 26 21 28
82 97 74 15 26 21 28 82 97 74 15 13 74 15 26 21 28
82 97 13 97 74 15 26 21 28 82 97 74 15 26 21 28
82 97 74 13 97 74 15 26 21 28 82 97 74 15 26 21 28
82 97 74 13 74 15 26 21 28 82 97 74 15 26 21 28
82 97 74 15 13 74 15 26 21 28 82 97 74 15 26 21 28

95 38 57 71 20 99 49 95 38 57 71 20 99 49
95 38 57 71 20 99 49 95 38 11 38 57 71 20 99 49
95 38 57 71 20 99 49 95 38 57 11 38 57 71 20 99 49
95 38 57 71 20 99 49 95 38 57 11 57 71 20 99 49
95 38 57 71 20 99 49 95 38 57 71 11 57 71 20 99 49
95 38 11 38 57 71 20 99 49 95 38 57 71 20 99 49
95 38 57 11 38 57 71 20 99 49 95 38 57 71 20 99 49
95 38 57 11 57 71 20 99 49 95 38 57 71 20 99 49
95 38 57 71 11 57 71 20 99 49 95 38 57 71 20 99 49

70 10 97 75 76 100 67 70 10 97 75 76 100 67
70 10 97 75 76 100 67 70 10 12 10 97 75 76 100 67
70 10 97 75 76 100 67 70 10 97 12 10 97 75 76 100 67
70 10 97 75 76 100 67 70 10 97 12 97 75 76 100 67
70 10 97 75 76 100 67 70 10 97 75 12 97 75 76 100 67
70 10 12 10 97 75 76 100 67 70 10 97 75 76 100 67
70 10 97 12 10 97 75 76 100 67 70 10 97 75 76 100 67
70 10 97 12 97 75 76 100 67 70 10 97 75 76 100 67
70 10 97 75 12 97 75 76 100 67 70 10 97 75 76 100 67

49 46 86 59 21 71 96 49 46 86 59 21 71 96
49 46 86 59 21 71 96 49 46 19 46 86 59 21 71 96
49 46 86 59 21 71 96 49 46 86 19 46 86 59 21 71 96
49 46 86 59 21 71 96 49 46 86 19 86 59 21 71 96
49 46 86 59 21 71 96 49 46 86 59 19 86 59 21 71 96
49 46 19 46 86 59 21 71 96 49 46 86 59 21 71 96
49 46 86 19 46 86 59 21 71 96 49 46 86 59 21 71 96
49 46 86 19 86 59 21 71 96 49 46 86 59 21 71 96
49 46 86 59 19 86 59 21 71 96 49 46 86 59 21 71 96

77 82 10 57 37 86 38 77 82 10 57 37 86 38
77 82 10 57 37 86 38 77 82 14 82 10 57 37 86 38
77 82 10 57 37 86 38 77 82 10 14 82 10 57 37 86 38
77 82 10 57 37 86 38 77 82 10 14 10 57 37 86 38
77 82 10 57 37 86 38 77 82 10 57 14 10 57 37 86 38
77 82 14 82 10 57 37 86 38 77 82 10 57 37 86 38
77 82 10 14 82 10 57 37 86 38 77 82 10 57 37 86 38
77 82 10 14 10 57 37 86 38 77 82 10 57 37 86 38
77 82 10 57 14 10 57 37 86 38 77 82 10 57 37 86 38

68 27 88 66 12 77 57 68 27 88 66 12 77 57
68 27 88 66 12 77 57 68 27 14 27 88 66 12 77 57
68 27 88 66 12 77 57 68 27 88 14 27 88 66 12 77 57
68 27 88 66 12 77 57 68 27 88 14 88 66 12 77 57
68 27 88 66 12 77 57 68 27 88 66 14 88 66 12 77 57
68 27 14 27 88 66 12 77 57 68 27 88 66 12 77 57
68 27 88 14 27 88 66 12 77 57 68 27 88 66 12 77 57
68 27 88 14 88 66 12 77 57 68 27 88 66 12 77 57
68 27 88 66 14 88 66 12 77 57 68 27 88 66 12 77 57

69 16 15 39 27 18 80 69 16 15 39 27 18 80
69 16 15 39 27 18 80 69 16 20 16 15 39 27 18 80
69 16 15 39 27 18 80 69 16 15 20 16 15 39 27 18 80
69 16 15 39 27 18 80 69 16 15 20 15 39 27 18 80
69 16 15 39 27 18 80 69 16 15 39 20 15 39 27 18 80
69 16 20 16 15 39 27 18 80 69 16 15 39 27 18 80
69 16 15 20 16 15 39 27 18 80 69 16 15 39 27 18 80
69 16 15 20 15 39 27 18 80 69 16 15 39 27 18 80
69 16 15 39 20 15 39 27 18 80 69 16 15 39 27 18 80

22 42 96 62 47 100 86 22 42 96 62 47 100 86
22 42 96 62 47 100 86 22 42 7 42 96 62 47 100 86
22 42 96 62 47 100 86 22 42 96 7 42 96 62 47 100 86
22 42 96 62 47 100 86 22 42 96 7 96 62 47 100 86
22 42 96 62 47 100 86 22 42 96 62 7 96 62 47 100 86
22 42 7 42 96 62 47 100 86 22 42 96 62 47 100 86
22 42 96 7 42 96 62 47 100 86 22 42 96 62 47 100 86
22 42 96 7 96 62 47 100 86 22 42 96 62 47 100 86
22 42 96 62 7 96 62 47 100 86 22 42 96 62 47 100 86

8 6 21 30 30 20 99 8 6 21 30 30 20 99
8 6 21 30 30 20 99 8 6 10 6 21 30 30 20 99
8 6 21 30 30 20 99 8 6 21 10 6 21 30 30 20 99
8 6 21 30 30 20 99 8 6 21 10 21 30 30 20 99
8 6 21 30 30 20 99 8 6 21 30 10 21 30 30 20 99
8 6 10 6 21 30 30 20 99 8 6 21 30 30 20 99
8 6 21 10 6 21 30 30 20 99 8 6 21 30 30 20 99
8 6 21 10 21 30 30 20 99 8 6 21 30 30 20 99
8 6 21 30 10 21 30 30 20 99 8 6 21 30 30 20 99

48 71 51 83 13 24 42 48 71 51 83 13 24 42
48 71 51 83 13 24 42 48 71 20 71 51 83 13 24 42
48 71 51 83 13 24 42 48 71 51 20 71 51 83 13 24 42
48 71 51 83 13 24 42 48 71 51 20 51 83 13 24 42
48 71 51 83 13 24 42 48 71 51 83 20 51 83 13 24 42
48 71 20 71 51 83 13 24 42 48 71 51 83 13 24 42
48 71 51 20 71 51 83 13 24 42 48 71 51 83 13 24 42
48 71 51 20 51 83 13 24 42 48 71 51 83 13 24 42
48 71 51 83 20 51 83 13 24 42 48 71 51 83 13 24 42

93 77 18 97 26 60 36 93 77 18 97 26 60 36
93 77 18 97 26 60 36 93 77 11 77 18 97 26 60 36
93 77 18 97 26 60 36 93 77 18 11 77 18 97 26 60 36
93 77 18 97 26 60 36 93 77 18 11 18 97 26 60 36
93 77 18 97 26 60 36 93 77 18 97 11 18 97 26 60 36
93 77 11 77 18 97 26 60 36 93 77 18 97 26 60 36
93 77 18 11 77 18 97 26 60 36 93 77 18 97 26 60 36
93 77 18 11 18 97 26 60 36 93 77 18 97 26 60 36
93 77 18 97 11 18 97 26 60 36 93 77 18 97 26 60 36

80 44 75 95 12 79 49 80 44 75 95 12 79 49
80 44 75 95 12 79 49 80 44 7 44 75 95 12 79 49
80 44 75 95 12 79 49 80 44 75 7 44 75 95 12 79 49
80 44 75 95 12 79 49 80 44 75 7 75 95 12 79 49
80 44 75 95 12 79 49 80 44 75 95 7 75 95 12 79 49
80 44 7 44 75 95 12 79 49 80 44 75 95 12 79 49
80 44 75 7 44 75 95 12 79 49 80 44 75 95 12 79 49
80 44 75 7 75 95 12 79 49 80 44 75 95 12 79 49
80 44 75 95 7 75 95 12 79 49 80 44 75 95 12 79 49

20 31 9 35 97 36 59 20 31 9 35 97 36 59
20 31 9 35 97 36 59 20 31 16 31 9 35 97 36 59
20 31 9 35 97 36 59 20 31 9 16 31 9 35 97 36 59
20 31 9 35 97 36 59 20 31 9 16 9 35 97 36 59
20 31 9 35 97 36 59 20 31 9 35 16 9 35 97 36 59
20 31 16 31 9 35 97 36 59 20 31 9 35 97 36 59
20 31 9 16 31 9 35 97 36 59 20 31 9 35 97 36 59
20 31 9 16 9 35 97 36 59 20 31 9 35 97 36 59
20 31 9 35 16 9 35 97 36 59 20 31 9 35 97 36 59

100 42 92 79 36 29 74 100 42 92 79 36 29 74
100 42 92 79 36 29 74 100 42 7 42 92 79 36 29 74
100 42 92 79 36 29 74 100 42 92 7 42 92 79 36 29 74
100 42 92 79 36 29 74 100 42 92 7 92 79 36 29 74
100 42 92 79 36 29 74 100 42 92 79 7 92 79 36 29 74
100 42 7 42 92 79 36 29 74 100 42 92 79 36 29 74
100 42 92 7 42 92 79 36 29 74 100 42 92 79 36 29 74
100 42 92 7 92 79 36 29 74 100 42 92 79 36 29 74
100 42 92 79 7 92 79 36 29 74 100 42 92 79 36 29 74

32 76 37 75 59 58 62 32 76 37 75 59 58 62
32 76 37 75 59 58 62 32 76 11 76 37 75 59 58 62
32 76 37 75 59 58 62 32 76 37 11 76 37 75 59 58 62
32 76 37 75 59 58 62 32 76 37 11 37 75 59 58 62
32 76 37 75 59 58 62 32 76 37 75 11 37 75 59 58 62
32 76 11 76 37 75 59 58 62 32 76 37 75 59 58 62
32 76 37 11 76 37 75 59 58 62 32 76 37 75 59 58 62
32 76 37 11 37 75 59 58 62 32 76 37 75 59 58 62
32 76 37 75 11 37 75 59 58 62 32 76 37 75 59 58 62

78 93 94 58 24 24 82 78 93 94 58 24 24 82
78 93 94 58 24 24 82 78 93 13 93 94 58 24 24 82
78 93 94 58 24 24 82 78 93 94 13 93 94 58 24 24 82
78 93 94 58 24 24 82 78 93 94 13 94 58 24 24 82
78 93 94 58 24 24 82 78 93 94 58 13 94 58 24 24 82
78 93 13 93 94 58 24 24 82 78 93 94 58 24 24 82
78 93 94 13 93 94 58 24 24 82 78 93 94 58 24 24 82
78 93 94 13 94 58 24 24 82 78 93 94 58 24 24 82
78 93 94 58 13 94 58 24 24 82 78 93 94 58 24 24 82

65 87 94 57 27 14 94 65 87 94 57 27 14 94
65 87 94 57 27 14 94 65 87 11 87 94 57 27 14 94
65 87 94 57 27 14 94 65 87 94 11 87 94 57 27 14 94
65 87 94 57 27 14 94 65 87 94 11 94 57 27 14 94
65 87 94 57 27 14 94 65 87 94 57 11 94 57 27 14 94
65 87 11 87 94 57 27 14 94 65 87 94 57 27 14 94
65 87 94 11 87 94 57 27 14 94 65 87 94 57 27 14 94
65 87 94 11 94 57 27 14 94 65 87 94 57 27 14 94
65 87 94 57 11 94 57 27 14 94 65 87 94 57 27 14 94

49 34 12 64 21 98 36 49 34 12 64 21 98 36
49 34 12 64 21 98 36 49 34 15 34 12 64 21 98 36
49 34 12 64 21 98 36 49 34 12 15 34 12 64 21 98 36
49 34 12 64 21 98 36 49 34 12 15 12 64 21 98 36
49 34 12 64 21 98 36 49 34 12 64 15 12 64 21 98 36
49 34 15 34 12 64 21 98 36 49 34 12 64 21 98 36
49 34 12 15 34 12 64 21 98 36 49 34 12 64 21 98 36
49 34 12 15 12 64 21 98 36 49 34 12 64 21 98 36
49 34 12 64 15 12 64 21 98 36 49 34 12 64 21 98 36

96 85 22 76 13 10 24 96 85 22 76 13 10 24
96 85 22 76 13 10 24 96 85 14 85 22 76 13 10 24
96 85 22 76 13 10 24 96 85 22 14 85 22 76 13 10 24
96 85 22 76 13 10 24 96 85 22 14 22 76 13 10 24
96 85 22 76 13 10 24 96 85 22 76 14 22 76 13 10 24
96 85 14 85 22 76 13 10 24 96 85 22 76 13 10 24
96 85 22 14 85 22 76 13 10 24 96 85 22 76 13 10 24
96 85 22 14 22 76 13 10 24 96 85 22 76 13 10 24
96 85 22 76 14 22 76 13 10 24 96 85 22 76 13 10 24

98 80 62 28 46 64 97 98 80 62 28 46 64 97
98 80 62 28 46 64 97 98 80 9 80 62 28 46 64 97
98 80 62 28 46 64 97 98 80 62 9 80 62 28 46 64 97
98 80 62 28 46 64 97 98 80 62 9 62 28 46 64 97
98 80 62 28 46 64 97 98 80 62 28 9 62 28 46 64 97
98 80 9 80 62 28 46 64 97 98 80 62 28 46 64 97
98 80 62 9 80 62 28 46 64 97 98 80 62 28 46 64 97
98 80 62 9 62 28 46 64 97 98 80 62 28 46 64 97
98 80 62 28 9 62 28 46 64 97 98 80 62 28 46 64 97

25 26 64 66 80 25 87 25 26 64 66 80 25 87
25 26 64 66 80 25 87 25 26 12 26 64 66 80 25 87
25 26 64 66 80 25 87 25 26 64 12 26 64 66 80 25 87
25 26 64 66 80 25 87 25 26 64 12 64 66 80 25 87
25 26 64 66 80 25 87 25 26 64 66 12 64 66 80 25 87
25 26 12 26 64 66 80 25 87 25 26 64 66 80 25 87
25 26 64 12 26 64 66 80 25 87 25 26 64 66 80 25 87
25 26 64 12 64 66 80 25 87 25 26 64 66 80 25 87
25 26 64 66 12 64 66 80 25 87 25 26 64 66 80 25 87

30 16 13 5 34 73 97 30 16 13 5 34 73 97
30 16 13 5 34 73 97 30 16 5 16 13 5 34 73 97
30 16 13 5 34 73 97 30 16 13 5 16 13 5 34 73 97
30 16 13 5 34 73 97 30 16 13 5 13 5 34 73 97
30 16 13 5 34 73 97 30 16 13 5 5 13 5 34 73 97
30 16 5 16 13 5 34 73 97 30 16 13 5 34 73 97
30 16 13 5 16 13 5 34 73 97 30 16 13 5 34 73 97
30 16 13 5 13 5 34 73 97 30 16 13 5 34 73 97
30 16 13 5 5 13 5 34 73 97 30 16 13 5 34 73 97

82 82 80 99 24 84 24 82 82 80 99 24 84 24
82 82 80 99 24 84 24 82 82 14 82 80 99 24 84 24
82 82 80 99 24 84 24 82 82 80 14 82 80 99 24 84 24
82 82 80 99 24 84 24 82 82 80 14 80 99 24 84 24
82 82 80 99 24 84 24 82 82 80 99 14 80 99 24 84 24
82 82 14 82 80 99 24 84 24 82 82 80 99 24 84 24
82 82 80 14 82 80 99 24 84 24 82 82 80 99 24 84 24
82 82 80 14 80 99 24 84 24 82 82 80 99 24 84 24
82 82 80 99 14 80 99 24 84 24 82 82 80 99 24 84 24

35 70 73 86 73 7 35 35 70 73 86 73 7 35
35 70 73 86 73 7 35 35 70 12 70 73 86 73 7 35
35 70 73 86 73 7 35 35 70 73 12 70 73 86 73 7 35
35 70 73 86 73 7 35 35 70 73 12 73 86 73 7 35
35 70 73 86 73 7 35 35 70 73 86 12 73 86 73 7 35
35 70 12 70 73 86 73 7 35 35 70 73 86 73 7 35
35 70 73 12 70 73 86 73 7 35 35 70 73 86 73 7 35
35 70 73 12 73 86 73 7 35 35 70 73 86 73 7 35
35 70 73 86 12 73 86 73 7 35 35 70 73 86 73 7 35

90 53 97 13 20 23 97 90 53 97 13 20 23 97
90 53 97 13 20 23 97 90 53 5 53 97 13 20 23 97
90 53 97 13 20 23 97 90 53 97 5 53 97 13 20 23 97
90 53 97 13 20 23 97 90 53 97 5 97 13 20 23 97
90 53 97 13 20 23 97 90 53 97 13 5 97 13 20 23 97
90 53 5 53 97 13 20 23 97 90 53 97 13 20 23 97
90 53 97 5 53 97 13 20 23 97 90 53 97 13 20 23 97
90 53 97 5 97 13 20 23 97 90 53 97 13 20 23 97
90 53 97 13 5 97 13 20 23 97 90 53 97 13 20 23 97

94 9 93 7 8 52 93 94 9 93 7 8 52 93
94 9 93 7 8 52 93 94 9 14 9 93 7 8 52 93
94 9 93 7 8 52 93 94 9 93 14 9 93 7 8 52 93
94 9 93 7 8 52 93 94 9 93 14 93 7 8 52 93
94 9 93 7 8 52 93 94 9 93 7 14 93 7 8 52 93
94 9 14 9 93 7 8 52 93 94 9 93 7 8 52 93
94 9 93 14 9 93 7 8 52 93 94 9 93 7 8 52 93
94 9 93 14 93 7 8 52 93 94 9 93 7 8 52 93
94 9 93 7 14 93 7 8 52 93 94 9 93 7 8 52 93

40 25 40 35 32 49 81 40 25 40 35 32 49 81
40 25 40 35 32 49 81 40 25 12 25 40 35 32 49 81
40 25 40 35 32 49 81 40 25 40 12 25 40 35 32 49 81
40 25 40 35 32 49 81 40 25 40 12 40 35 32 49 81
40 25 40 35 32 49 81 40 25 40 35 12 40 35 32 49 81
40 25 12 25 40 35 32 49 81 40 25 40 35 32 49 81
40 25 40 12 25 40 35 32 49 81 40 25 40 35 32 49 81
40 25 40 12 40 35 32 49 81 40 25 40 35 32 49 81
40 25 40 35 12 40 35 32 49 81 40 25 40 35 32 49 81

26 52 24 86 59 46 53 26 52 24 86 59 46 53
26 52 24 86 59 46 53 26 52 9 52 24 86 59 46 53
26 52 24 86 59 46 53 26 52 24 9 52 24 86 59 46 53
26 52 24 86 59 46 53 26 52 24 9 24 86 59 46 53
26 52 24 86 59 46 53 26 52 24 86 9 24 86 59 46 53
26 52 9 52 24 86 59 46 53 26 52 24 86 59 46 53
26 52 24 9 52 24 86 59 46 53 26 52 24 86 59 46 53
26 52 24 9 24 86 59 46 53 26 52 24 86 59 46 53
26 52 24 86 9 24 86 59 46 53 26 52 24 86 59 46 53

