80
7
2
2

0
28
26
20
16
4
1
5
16
5
26
2
24
11
27
12
8
23
15
11
18
6
2
16
29
12
16
2
9
3
4
17
7
4
15
25
30
3
22
23
26
8
9
19
30
7
5
26
0
7
23
15
28
15
25
27
15
26
26
15
22
2
11
9
27
12
3
5
26
1
29
22
9
26
29
14
29
4
6
18

54 107 
78 16 
21 102 
49 74 
89 53 
24 41 
91 78 
69 58 
17 70 
89 85 
53 73 
86 39 
89 73 
77 99 
93 91 
92 20 
110 30 
97 74 
116 66 
48 74 
87 111 
28 94 
70 20 
113 31 
41 64 
70 77 
96 75 
37 100 
58 97 
53 35 
78 38 
112 92 
51 30 
73 89 
89 18 
34 62 
59 54 
40 71 
104 96 
37 78 
104 73 
74 48 
65 37 
74 90 
29 57 
69 15 
109 38 
56 76 
111 100 
116 102 
52 74 
15 33 
59 113 
88 73 
19 83 
22 26 
41 44 
79 105 
77 94 
99 69 
51 83 
98 33 
22 54 
111 28 
74 43 
44 66 
86 95 
93 38 
102 47 
78 83 
69 80 
84 46 
14 104 
32 19 
81 49 
54 21 
51 74 
62 83 
76 108 
103 97 

1905
1631
2106
1668
1722
1424
1849
1702
1126
2132
1576
1578
1942
2445
2253
2266
1511
2376
2090
2395
2269
1801
1757
2154
2070
1863
2539
1570
1706
1216
1840
2682
1167
1915
1569
1379
2179
1614
2122
1568
2074
1504
1406
2355
1261
1814
1837
1265
2735
2391
1643
1491
2216
1709
1823
1590
1183
2464
2568
2136
1993
1659
1419
1678
1937
1653
2429
1930
1752
1874
2091
2291
2305
1306
1890
1734
1493
1596
2538
2081

1 2 3 4 5 1 2 3 4 5 6 7
1 2 3 4 5 1 2 100 102 3 4 5 6 7
1 2 3 4 5 1 2 3 100 102 103 4 5 6 7
1 2 3 4 5 1 2 3 100 103 4 5 6 7
1 2 3 4 5 1 2 3 4 100 103 104 5 6 7
1 2 100 102 3 4 5 1 2 3 4 5 6 7
1 2 3 100 102 103 4 5 1 2 3 4 5 6 7
1 2 3 100 103 4 5 1 2 3 4 5 6 7
1 2 3 4 100 103 104 5 1 2 3 4 5 6 7

28 37 35 100 64 80 51 28 37 35 100 64 80 51
28 37 35 100 64 80 51 28 37 17 37 35 100 64 80 51
28 37 35 100 64 80 51 28 37 35 17 37 35 100 64 80 51
28 37 35 100 64 80 51 28 37 35 17 35 100 64 80 51
28 37 35 100 64 80 51 28 37 35 100 17 35 100 64 80 51
28 37 17 37 35 100 64 80 51 28 37 35 100 64 80 51
28 37 35 17 37 35 100 64 80 51 28 37 35 100 64 80 51
28 37 35 17 35 100 64 80 51 28 37 35 100 64 80 51
28 37 35 100 17 35 100 64 80 51 28 37 35 100 64 80 51

88 25 68 5 39 32 76 88 25 68 5 39 32 76
88 25 68 5 39 32 76 88 25 17 25 68 5 39 32 76
88 25 68 5 39 32 76 88 25 68 17 25 68 5 39 32 76
88 25 68 5 39 32 76 88 25 68 17 68 5 39 32 76
88 25 68 5 39 32 76 88 25 68 5 17 68 5 39 32 76
88 25 17 25 68 5 39 32 76 88 25 68 5 39 32 76
88 25 68 17 25 68 5 39 32 76 88 25 68 5 39 32 76
88 25 68 17 68 5 39 32 76 88 25 68 5 39 32 76
88 25 68 5 17 68 5 39 32 76 88 25 68 5 39 32 76

89 75 7 94 63 39 18 89 75 7 94 63 39 18
89 75 7 94 63 39 18 89 75 19 75 7 94 63 39 18
89 75 7 94 63 39 18 89 75 7 19 75 7 94 63 39 18
89 75 7 94 63 39 18 89 75 7 19 7 94 63 39 18
89 75 7 94 63 39 18 89 75 7 94 19 7 94 63 39 18
89 75 19 75 7 94 63 39 18 89 75 7 94 63 39 18
89 75 7 19 75 7 94 63 39 18 89 75 7 94 63 39 18
89 75 7 19 7 94 63 39 18 89 75 7 94 63 39 18
89 75 7 94 19 7 94 63 39 18 89 75 7 94 63 39 18

91 35 37 65 23 43 13 91 35 37 65 23 43 13
91 35 37 65 23 43 13 91 35 14 35 37 65 23 43 13
91 35 37 65 23 43 13 91 35 37 14 35 37 65 23 43 13
91 35 37 65 23 43 13 91 35 37 14 37 65 23 43 13
91 35 37 65 23 43 13 91 35 37 65 14 37 65 23 43 13
91 35 14 35 37 65 23 43 13 91 35 37 65 23 43 13
91 35 37 14 35 37 65 23 43 13 91 35 37 65 23 43 13
91 35 37 14 37 65 23 43 13 91 35 37 65 23 43 13
91 35 37 65 14 37 65 23 43 13 91 35 37 65 23 43 13

58 15 76 36 27 65 92 58 15 76 36 27 65 92
58 15 76 36 27 65 92 58 15 5 15 76 36 27 65 92
58 15 76 36 27 65 92 58 15 76 5 15 76 36 27 65 92
58 15 76 36 27 65 92 58 15 76 5 76 36 27 65 92
58 15 76 36 27 65 92 58 15 76 36 5 76 36 27 65 92
58 15 5 15 76 36 27 65 92 58 15 76 36 27 65 92
58 15 76 5 15 76 36 27 65 92 58 15 76 36 27 65 92
58 15 76 5 76 36 27 65 92 58 15 76 36 27 65 92
58 15 76 36 5 76 36 27 65 92 58 15 76 36 27 65 92

48 75 10 22 53 13 68 48 75 10 22 53 13 68
48 75 10 22 53 13 68 48 75 18 75 10 22 53 13 68
48 75 10 22 53 13 68 48 75 10 18 75 10 22 53 13 68
48 75 10 22 53 13 68 48 75 10 18 10 22 53 13 68
48 75 10 22 53 13 68 48 75 10 22 18 10 22 53 13 68
48 75 18 75 10 22 53 13 68 48 75 10 22 53 13 68
48 75 10 18 75 10 22 53 13 68 48 75 10 22 53 13 68
48 75 10 18 10 22 53 13 68 48 75 10 22 53 13 68
48 75 10 22 18 10 22 53 13 68 48 75 10 22 53 13 68

30 58 76 60 19 78 78 30 58 76 60 19 78 78
30 58 76 60 19 78 78 30 58 6 58 76 60 19 78 78
30 58 76 60 19 78 78 30 58 76 6 58 76 60 19 78 78
30 58 76 60 19 78 78 30 58 76 6 76 60 19 78 78
30 58 76 60 19 78 78 30 58 76 60 6 76 60 19 78 78
30 58 6 58 76 60 19 78 78 30 58 76 60 19 78 78
30 58 76 6 58 76 60 19 78 78 30 58 76 60 19 78 78
30 58 76 6 76 60 19 78 78 30 58 76 60 19 78 78
30 58 76 60 6 76 60 19 78 78 30 58 76 60 19 78 78

50 43 51 49 22 78 70 50 43 51 49 22 78 70
50 43 51 49 22 78 70 50 43 8 43 51 49 22 78 70
50 43 51 49 22 78 70 50 43 51 8 43 51 49 22 78 70
50 43 51 49 22 78 70 50 43 51 8 51 49 22 78 70
50 43 51 49 22 78 70 50 43 51 49 8 51 49 22 78 70
50 43 8 43 51 49 22 78 70 50 43 51 49 22 78 70
50 43 51 8 43 51 49 22 78 70 50 43 51 49 22 78 70
50 43 51 8 51 49 22 78 70 50 43 51 49 22 78 70
50 43 51 49 8 51 49 22 78 70 50 43 51 49 22 78 70

39 11 5 64 18 49 60 39 11 5 64 18 49 60
39 11 5 64 18 49 60 39 11 18 11 5 64 18 49 60
39 11 5 64 18 49 60 39 11 5 18 11 5 64 18 49 60
39 11 5 64 18 49 60 39 11 5 18 5 64 18 49 60
39 11 5 64 18 49 60 39 11 5 64 18 5 64 18 49 60
39 11 18 11 5 64 18 49 60 39 11 5 64 18 49 60
39 11 5 18 11 5 64 18 49 60 39 11 5 64 18 49 60
39 11 5 18 5 64 18 49 60 39 11 5 64 18 49 60
39 11 5 64 18 5 64 18 49 60 39 11 5 64 18 49 60

90 24 74 67 47 84 44 90 24 74 67 47 84 44
90 24 74 67 47 84 44 90 24 10 24 74 67 47 84 44
90 24 74 67 47 84 44 90 24 74 10 24 74 67 47 84 44
90 24 74 67 47 84 44 90 24 74 10 74 67 47 84 44
90 24 74 67 47 84 44 90 24 74 67 10 74 67 47 84 44
90 24 10 24 74 67 47 84 44 90 24 74 67 47 84 44
90 24 74 10 24 74 67 47 84 44 90 24 74 67 47 84 44
90 24 74 10 74 67 47 84 44 90 24 74 67 47 84 44
90 24 74 67 10 74 67 47 84 44 90 24 74 67 47 84 44

11 48 47 58 6 97 90 11 48 47 58 6 97 90
11 48 47 58 6 97 90 11 48 7 48 47 58 6 97 90
11 48 47 58 6 97 90 11 48 47 7 48 47 58 6 97 90
11 48 47 58 6 97 90 11 48 47 7 47 58 6 97 90
11 48 47 58 6 97 90 11 48 47 58 7 47 58 6 97 90
11 48 7 48 47 58 6 97 90 11 48 47 58 6 97 90
11 48 47 7 48 47 58 6 97 90 11 48 47 58 6 97 90
11 48 47 7 47 58 6 97 90 11 48 47 58 6 97 90
11 48 47 58 7 47 58 6 97 90 11 48 47 58 6 97 90

62 18 81 22 39 89 14 62 18 81 22 39 89 14
62 18 81 22 39 89 14 62 18 11 18 81 22 39 89 14
62 18 81 22 39 89 14 62 18 81 11 18 81 22 39 89 14
62 18 81 22 39 89 14 62 18 81 11 81 22 39 89 14
62 18 81 22 39 89 14 62 18 81 22 11 81 22 39 89 14
62 18 11 18 81 22 39 89 14 62 18 81 22 39 89 14
62 18 81 11 18 81 22 39 89 14 62 18 81 22 39 89 14
62 18 81 11 81 22 39 89 14 62 18 81 22 39 89 14
62 18 81 22 11 81 22 39 89 14 62 18 81 22 39 89 14

9 97 84 62 8 99 33 9 97 84 62 8 99 33
9 97 84 62 8 99 33 9 97 20 97 84 62 8 99 33
9 97 84 62 8 99 33 9 97 84 20 97 84 62 8 99 33
9 97 84 62 8 99 33 9 97 84 20 84 62 8 99 33
9 97 84 62 8 99 33 9 97 84 62 20 84 62 8 99 33
9 97 20 97 84 62 8 99 33 9 97 84 62 8 99 33
9 97 84 20 97 84 62 8 99 33 9 97 84 62 8 99 33
9 97 84 20 84 62 8 99 33 9 97 84 62 8 99 33
9 97 84 62 20 84 62 8 99 33 9 97 84 62 8 99 33

63 78 71 91 77 40 32 63 78 71 91 77 40 32
63 78 71 91 77 40 32 63 78 19 78 71 91 77 40 32
63 78 71 91 77 40 32 63 78 71 19 78 71 91 77 40 32
63 78 71 91 77 40 32 63 78 71 19 71 91 77 40 32
63 78 71 91 77 40 32 63 78 71 91 19 71 91 77 40 32
63 78 19 78 71 91 77 40 32 63 78 71 91 77 40 32
63 78 71 19 78 71 91 77 40 32 63 78 71 91 77 40 32
63 78 71 19 71 91 77 40 32 63 78 71 91 77 40 32
63 78 71 91 19 71 91 77 40 32 63 78 71 91 77 40 32

43 42 84 73 66 76 78 43 42 84 73 66 76 78
43 42 84 73 66 76 78 43 42 12 42 84 73 66 76 78
43 42 84 73 66 76 78 43 42 84 12 42 84 73 66 76 78
43 42 84 73 66 76 78 43 42 84 12 84 73 66 76 78
43 42 84 73 66 76 78 43 42 84 73 12 84 73 66 76 78
43 42 12 42 84 73 66 76 78 43 42 84 73 66 76 78
43 42 84 12 42 84 73 66 76 78 43 42 84 73 66 76 78
43 42 84 12 84 73 66 76 78 43 42 84 73 66 76 78
43 42 84 73 12 84 73 66 76 78 43 42 84 73 66 76 78

56 82 80 5 86 91 78 56 82 80 5 86 91 78
56 82 80 5 86 91 78 56 82 16 82 80 5 86 91 78
56 82 80 5 86 91 78 56 82 80 16 82 80 5 86 91 78
56 82 80 5 86 91 78 56 82 80 16 80 5 86 91 78
56 82 80 5 86 91 78 56 82 80 5 16 80 5 86 91 78
56 82 16 82 80 5 86 91 78 56 82 80 5 86 91 78
56 82 80 16 82 80 5 86 91 78 56 82 80 5 86 91 78
56 82 80 16 80 5 86 91 78 56 82 80 5 86 91 78
56 82 80 5 16 80 5 86 91 78 56 82 80 5 86 91 78

24 28 100 21 48 42 33 24 28 100 21 48 42 33
24 28 100 21 48 42 33 24 28 18 28 100 21 48 42 33
24 28 100 21 48 42 33 24 28 100 18 28 100 21 48 42 33
24 28 100 21 48 42 33 24 28 100 18 100 21 48 42 33
24 28 100 21 48 42 33 24 28 100 21 18 100 21 48 42 33
24 28 18 28 100 21 48 42 33 24 28 100 21 48 42 33
24 28 100 18 28 100 21 48 42 33 24 28 100 21 48 42 33
24 28 100 18 100 21 48 42 33 24 28 100 21 48 42 33
24 28 100 21 18 100 21 48 42 33 24 28 100 21 48 42 33

98 47 85 59 89 21 38 98 47 85 59 89 21 38
98 47 85 59 89 21 38 98 47 7 47 85 59 89 21 38
98 47 85 59 89 21 38 98 47 85 7 47 85 59 89 21 38
98 47 85 59 89 21 38 98 47 85 7 85 59 89 21 38
98 47 85 59 89 21 38 98 47 85 59 7 85 59 89 21 38
98 47 7 47 85 59 89 21 38 98 47 85 59 89 21 38
98 47 85 7 47 85 59 89 21 38 98 47 85 59 89 21 38
98 47 85 7 85 59 89 21 38 98 47 85 59 89 21 38
98 47 85 59 7 85 59 89 21 38 98 47 85 59 89 21 38

56 36 98 57 51 88 18 56 36 98 57 51 88 18
56 36 98 57 51 88 18 56 36 5 36 98 57 51 88 18
56 36 98 57 51 88 18 56 36 98 5 36 98 57 51 88 18
56 36 98 57 51 88 18 56 36 98 5 98 57 51 88 18
56 36 98 57 51 88 18 56 36 98 57 5 98 57 51 88 18
56 36 5 36 98 57 51 88 18 56 36 98 57 51 88 18
56 36 98 5 36 98 57 51 88 18 56 36 98 57 51 88 18
56 36 98 5 98 57 51 88 18 56 36 98 57 51 88 18
56 36 98 57 5 98 57 51 88 18 56 36 98 57 51 88 18

99 84 28 56 70 80 72 99 84 28 56 70 80 72
99 84 28 56 70 80 72 99 84 8 84 28 56 70 80 72
99 84 28 56 70 80 72 99 84 28 8 84 28 56 70 80 72
99 84 28 56 70 80 72 99 84 28 8 28 56 70 80 72
99 84 28 56 70 80 72 99 84 28 56 8 28 56 70 80 72
99 84 8 84 28 56 70 80 72 99 84 28 56 70 80 72
99 84 28 8 84 28 56 70 80 72 99 84 28 56 70 80 72
99 84 28 8 28 56 70 80 72 99 84 28 56 70 80 72
99 84 28 56 8 28 56 70 80 72 99 84 28 56 70 80 72

25 67 70 95 44 86 96 25 67 70 95 44 86 96
25 67 70 95 44 86 96 25 67 5 67 70 95 44 86 96
25 67 70 95 44 86 96 25 67 70 5 67 70 95 44 86 96
25 67 70 95 44 86 96 25 67 70 5 70 95 44 86 96
25 67 70 95 44 86 96 25 67 70 95 5 70 95 44 86 96
25 67 5 67 70 95 44 86 96 25 67 70 95 44 86 96
25 67 70 5 67 70 95 44 86 96 25 67 70 95 44 86 96
25 67 70 5 70 95 44 86 96 25 67 70 95 44 86 96
25 67 70 95 5 70 95 44 86 96 25 67 70 95 44 86 96

35 49 15 78 88 66 26 35 49 15 78 88 66 26
35 49 15 78 88 66 26 35 49 20 49 15 78 88 66 26
35 49 15 78 88 66 26 35 49 15 20 49 15 78 88 66 26
35 49 15 78 88 66 26 35 49 15 20 15 78 88 66 26
35 49 15 78 88 66 26 35 49 15 78 20 15 78 88 66 26
35 49 20 49 15 78 88 66 26 35 49 15 78 88 66 26
35 49 15 20 49 15 78 88 66 26 35 49 15 78 88 66 26
35 49 15 20 15 78 88 66 26 35 49 15 78 88 66 26
35 49 15 78 20 15 78 88 66 26 35 49 15 78 88 66 26

35 65 53 11 51 80 94 35 65 53 11 51 80 94
35 65 53 11 51 80 94 35 65 15 65 53 11 51 80 94
35 65 53 11 51 80 94 35 65 53 15 65 53 11 51 80 94
35 65 53 11 51 80 94 35 65 53 15 53 11 51 80 94
35 65 53 11 51 80 94 35 65 53 11 15 53 11 51 80 94
35 65 15 65 53 11 51 80 94 35 65 53 11 51 80 94
35 65 53 15 65 53 11 51 80 94 35 65 53 11 51 80 94
35 65 53 15 53 11 51 80 94 35 65 53 11 51 80 94
35 65 53 11 15 53 11 51 80 94 35 65 53 11 51 80 94

83 86 93 22 29 22 86 83 86 93 22 29 22 86
83 86 93 22 29 22 86 83 86 18 86 93 22 29 22 86
83 86 93 22 29 22 86 83 86 93 18 86 93 22 29 22 86
83 86 93 22 29 22 86 83 86 93 18 93 22 29 22 86
83 86 93 22 29 22 86 83 86 93 22 18 93 22 29 22 86
83 86 18 86 93 22 29 22 86 83 86 93 22 29 22 86
83 86 93 18 86 93 22 29 22 86 83 86 93 22 29 22 86
83 86 93 18 93 22 29 22 86 83 86 93 22 29 22 86
83 86 93 22 18 93 22 29 22 86 83 86 93 22 29 22 86

95 47 26 59 92 28 31 95 47 26 59 92 28 31
95 47 26 59 92 28 31 95 47 12 47 26 59 92 28 31
95 47 26 59 92 28 31 95 47 26 12 47 26 59 92 28 31
95 47 26 59 92 28 31 95 47 26 12 26 59 92 28 31
95 47 26 59 92 28 31 95 47 26 59 12 26 59 92 28 31
95 47 12 47 26 59 92 28 31 95 47 26 59 92 28 31
95 47 26 12 47 26 59 92 28 31 95 47 26 59 92 28 31
95 47 26 12 26 59 92 28 31 95 47 26 59 92 28 31
95 47 26 59 12 26 59 92 28 31 95 47 26 59 92 28 31

49 87 59 57 15 11 81 49 87 59 57 15 11 81
49 87 59 57 15 11 81 49 87 7 87 59 57 15 11 81
49 87 59 57 15 11 81 49 87 59 7 87 59 57 15 11 81
49 87 59 57 15 11 81 49 87 59 7 59 57 15 11 81
49 87 59 57 15 11 81 49 87 59 57 7 59 57 15 11 81
49 87 7 87 59 57 15 11 81 49 87 59 57 15 11 81
49 87 59 7 87 59 57 15 11 81 49 87 59 57 15 11 81
49 87 59 7 59 57 15 11 81 49 87 59 57 15 11 81
49 87 59 57 7 59 57 15 11 81 49 87 59 57 15 11 81

46 95 77 68 77 69 88 46 95 77 68 77 69 88
46 95 77 68 77 69 88 46 95 16 95 77 68 77 69 88
46 95 77 68 77 69 88 46 95 77 16 95 77 68 77 69 88
46 95 77 68 77 69 88 46 95 77 16 77 68 77 69 88
46 95 77 68 77 69 88 46 95 77 68 16 77 68 77 69 88
46 95 16 95 77 68 77 69 88 46 95 77 68 77 69 88
46 95 77 16 95 77 68 77 69 88 46 95 77 68 77 69 88
46 95 77 16 77 68 77 69 88 46 95 77 68 77 69 88
46 95 77 68 16 77 68 77 69 88 46 95 77 68 77 69 88

51 14 25 85 91 11 7 51 14 25 85 91 11 7
51 14 25 85 91 11 7 51 14 20 14 25 85 91 11 7
51 14 25 85 91 11 7 51 14 25 20 14 25 85 91 11 7
51 14 25 85 91 11 7 51 14 25 20 25 85 91 11 7
51 14 25 85 91 11 7 51 14 25 85 20 25 85 91 11 7
51 14 20 14 25 85 91 11 7 51 14 25 85 91 11 7
51 14 25 20 14 25 85 91 11 7 51 14 25 85 91 11 7
51 14 25 20 25 85 91 11 7 51 14 25 85 91 11 7
51 14 25 85 20 25 85 91 11 7 51 14 25 85 91 11 7

96 16 50 87 25 42 6 96 16 50 87 25 42 6
96 16 50 87 25 42 6 96 16 11 16 50 87 25 42 6
96 16 50 87 25 42 6 96 16 50 11 16 50 87 25 42 6
96 16 50 87 25 42 6 96 16 50 11 50 87 25 42 6
96 16 50 87 25 42 6 96 16 50 87 11 50 87 25 42 6
96 16 11 16 50 87 25 42 6 96 16 50 87 25 42 6
96 16 50 11 16 50 87 25 42 6 96 16 50 87 25 42 6
96 16 50 11 50 87 25 42 6 96 16 50 87 25 42 6
96 16 50 87 11 50 87 25 42 6 96 16 50 87 25 42 6

43 10 44 28 21 25 99 43 10 44 28 21 25 99
43 10 44 28 21 25 99 43 10 5 10 44 28 21 25 99
43 10 44 28 21 25 99 43 10 44 5 10 44 28 21 25 99
43 10 44 28 21 25 99 43 10 44 5 44 28 21 25 99
43 10 44 28 21 25 99 43 10 44 28 5 44 28 21 25 99
43 10 5 10 44 28 21 25 99 43 10 44 28 21 25 99
43 10 44 5 10 44 28 21 25 99 43 10 44 28 21 25 99
43 10 44 5 44 28 21 25 99 43 10 44 28 21 25 99
43 10 44 28 5 44 28 21 25 99 43 10 44 28 21 25 99

44 7 66 29 99 44 93 44 7 66 29 99 44 93
44 7 66 29 99 44 93 44 7 9 7 66 29 99 44 93
44 7 66 29 99 44 93 44 7 66 9 7 66 29 99 44 93
44 7 66 29 99 44 93 44 7 66 9 66 29 99 44 93
44 7 66 29 99 44 93 44 7 66 29 9 66 29 99 44 93
44 7 9 7 66 29 99 44 93 44 7 66 29 99 44 93
44 7 66 9 7 66 29 99 44 93 44 7 66 29 99 44 93
44 7 66 9 66 29 99 44 93 44 7 66 29 99 44 93
44 7 66 29 9 66 29 99 44 93 44 7 66 29 99 44 93

56 93 94 87 46 100 81 56 93 94 87 46 100 81
56 93 94 87 46 100 81 56 93 5 93 94 87 46 100 81
56 93 94 87 46 100 81 56 93 94 5 93 94 87 46 100 81
56 93 94 87 46 100 81 56 93 94 5 94 87 46 100 81
56 93 94 87 46 100 81 56 93 94 87 5 94 87 46 100 81
56 93 5 93 94 87 46 100 81 56 93 94 87 46 100 81
56 93 94 5 93 94 87 46 100 81 56 93 94 87 46 100 81
56 93 94 5 94 87 46 100 81 56 93 94 87 46 100 81
56 93 94 87 5 94 87 46 100 81 56 93 94 87 46 100 81

30 11 37 18 82 26 21 30 11 37 18 82 26 21
30 11 37 18 82 26 21 30 11 16 11 37 18 82 26 21
30 11 37 18 82 26 21 30 11 37 16 11 37 18 82 26 21
30 11 37 18 82 26 21 30 11 37 16 37 18 82 26 21
30 11 37 18 82 26 21 30 11 37 18 16 37 18 82 26 21
30 11 16 11 37 18 82 26 21 30 11 37 18 82 26 21
30 11 37 16 11 37 18 82 26 21 30 11 37 18 82 26 21
30 11 37 16 37 18 82 26 21 30 11 37 18 82 26 21
30 11 37 18 16 37 18 82 26 21 30 11 37 18 82 26 21

18 98 63 74 13 53 75 18 98 63 74 13 53 75
18 98 63 74 13 53 75 18 98 15 98 63 74 13 53 75
18 98 63 74 13 53 75 18 98 63 15 98 63 74 13 53 75
18 98 63 74 13 53 75 18 98 63 15 63 74 13 53 75
18 98 63 74 13 53 75 18 98 63 74 15 63 74 13 53 75
18 98 15 98 63 74 13 53 75 18 98 63 74 13 53 75
18 98 63 15 98 63 74 13 53 75 18 98 63 74 13 53 75
18 98 63 15 63 74 13 53 75 18 98 63 74 13 53 75
18 98 63 74 15 63 74 13 53 75 18 98 63 74 13 53 75

21 23 78 5 44 90 94 21 23 78 5 44 90 94
21 23 78 5 44 90 94 21 23 9 23 78 5 44 90 94
21 23 78 5 44 90 94 21 23 78 9 23 78 5 44 90 94
21 23 78 5 44 90 94 21 23 78 9 78 5 44 90 94
21 23 78 5 44 90 94 21 23 78 5 9 78 5 44 90 94
21 23 9 23 78 5 44 90 94 21 23 78 5 44 90 94
21 23 78 9 23 78 5 44 90 94 21 23 78 5 44 90 94
21 23 78 9 78 5 44 90 94 21 23 78 5 44 90 94
21 23 78 5 9 78 5 44 90 94 21 23 78 5 44 90 94

28 67 21 49 43 49 8 28 67 21 49 43 49 8
28 67 21 49 43 49 8 28 67 13 67 21 49 43 49 8
28 67 21 49 43 49 8 28 67 21 13 67 21 49 43 49 8
28 67 21 49 43 49 8 28 67 21 13 21 49 43 49 8
28 67 21 49 43 49 8 28 67 21 49 13 21 49 43 49 8
28 67 13 67 21 49 43 49 8 28 67 21 49 43 49 8
28 67 21 13 67 21 49 43 49 8 28 67 21 49 43 49 8
28 67 21 13 21 49 43 49 8 28 67 21 49 43 49 8
28 67 21 49 13 21 49 43 49 8 28 67 21 49 43 49 8

65 78 49 45 94 67 20 65 78 49 45 94 67 20
65 78 49 45 94 67 20 65 78 7 78 49 45 94 67 20
65 78 49 45 94 67 20 65 78 49 7 78 49 45 94 67 20
65 78 49 45 94 67 20 65 78 49 7 49 45 94 67 20
65 78 49 45 94 67 20 65 78 49 45 7 49 45 94 67 20
65 78 7 78 49 45 94 67 20 65 78 49 45 94 67 20
65 78 49 7 78 49 45 94 67 20 65 78 49 45 94 67 20
65 78 49 7 49 45 94 67 20 65 78 49 45 94 67 20
65 78 49 45 7 49 45 94 67 20 65 78 49 45 94 67 20

87 28 24 51 38 87 13 87 28 24 51 38 87 13
87 28 24 51 38 87 13 87 28 14 28 24 51 38 87 13
87 28 24 51 38 87 13 87 28 24 14 28 24 51 38 87 13
87 28 24 51 38 87 13 87 28 24 14 24 51 38 87 13
87 28 24 51 38 87 13 87 28 24 51 14 24 51 38 87 13
87 28 14 28 24 51 38 87 13 87 28 24 51 38 87 13
87 28 24 14 28 24 51 38 87 13 87 28 24 51 38 87 13
87 28 24 14 24 51 38 87 13 87 28 24 51 38 87 13
87 28 24 51 14 24 51 38 87 13 87 28 24 51 38 87 13

14 63 87 76 93 62 7 14 63 87 76 93 62 7
14 63 87 76 93 62 7 14 63 15 63 87 76 93 62 7
14 63 87 76 93 62 7 14 63 87 15 63 87 76 93 62 7
14 63 87 76 93 62 7 14 63 87 15 87 76 93 62 7
14 63 87 76 93 62 7 14 63 87 76 15 87 76 93 62 7
14 63 15 63 87 76 93 62 7 14 63 87 76 93 62 7
14 63 87 15 63 87 76 93 62 7 14 63 87 76 93 62 7
14 63 87 15 87 76 93 62 7 14 63 87 76 93 62 7
14 63 87 76 15 87 76 93 62 7 14 63 87 76 93 62 7

71 25 30 71 47 9 26 71 25 30 71 47 9 26
71 25 30 71 47 9 26 71 25 14 25 30 71 47 9 26
71 25 30 71 47 9 26 71 25 30 14 25 30 71 47 9 26
71 25 30 71 47 9 26 71 25 30 14 30 71 47 9 26
71 25 30 71 47 9 26 71 25 30 71 14 30 71 47 9 26
71 25 14 25 30 71 47 9 26 71 25 30 71 47 9 26
71 25 30 14 25 30 71 47 9 26 71 25 30 71 47 9 26
71 25 30 14 30 71 47 9 26 71 25 30 71 47 9 26
71 25 30 71 14 30 71 47 9 26 71 25 30 71 47 9 26

22 64 96 58 33 82 92 22 64 96 58 33 82 92
22 64 96 58 33 82 92 22 64 8 64 96 58 33 82 92
22 64 96 58 33 82 92 22 64 96 8 64 96 58 33 82 92
22 64 96 58 33 82 92 22 64 96 8 96 58 33 82 92
22 64 96 58 33 82 92 22 64 96 58 8 96 58 33 82 92
22 64 8 64 96 58 33 82 92 22 64 96 58 33 82 92
22 64 96 8 64 96 58 33 82 92 22 64 96 58 33 82 92
22 64 96 8 96 58 33 82 92 22 64 96 58 33 82 92
22 64 96 58 8 96 58 33 82 92 22 64 96 58 33 82 92

24 28 66 32 84 25 30 24 28 66 32 84 25 30
24 28 66 32 84 25 30 24 28 15 28 66 32 84 25 30
24 28 66 32 84 25 30 24 28 66 15 28 66 32 84 25 30
24 28 66 32 84 25 30 24 28 66 15 66 32 84 25 30
24 28 66 32 84 25 30 24 28 66 32 15 66 32 84 25 30
24 28 15 28 66 32 84 25 30 24 28 66 32 84 25 30
24 28 66 15 28 66 32 84 25 30 24 28 66 32 84 25 30
24 28 66 15 66 32 84 25 30 24 28 66 32 84 25 30
24 28 66 32 15 66 32 84 25 30 24 28 66 32 84 25 30

60 20 53 18 47 34 49 60 20 53 18 47 34 49
60 20 53 18 47 34 49 60 20 13 20 53 18 47 34 49
60 20 53 18 47 34 49 60 20 53 13 20 53 18 47 34 49
60 20 53 18 47 34 49 60 20 53 13 53 18 47 34 49
60 20 53 18 47 34 49 60 20 53 18 13 53 18 47 34 49
60 20 13 20 53 18 47 34 49 60 20 53 18 47 34 49
60 20 53 13 20 53 18 47 34 49 60 20 53 18 47 34 49
60 20 53 13 53 18 47 34 49 60 20 53 18 47 34 49
60 20 53 18 13 53 18 47 34 49 60 20 53 18 47 34 49

86 40 66 78 76 49 57 86 40 66 78 76 49 57
86 40 66 78 76 49 57 86 40 11 40 66 78 76 49 57
86 40 66 78 76 49 57 86 40 66 11 40 66 78 76 49 57
86 40 66 78 76 49 57 86 40 66 11 66 78 76 49 57
86 40 66 78 76 49 57 86 40 66 78 11 66 78 76 49 57
86 40 11 40 66 78 76 49 57 86 40 66 78 76 49 57
86 40 66 11 40 66 78 76 49 57 86 40 66 78 76 49 57
86 40 66 11 66 78 76 49 57 86 40 66 78 76 49 57
86 40 66 78 11 66 78 76 49 57 86 40 66 78 76 49 57

38 47 23 40 30 60 11 38 47 23 40 30 60 11
38 47 23 40 30 60 11 38 47 10 47 23 40 30 60 11
38 47 23 40 30 60 11 38 47 23 10 47 23 40 30 60 11
38 47 23 40 30 60 11 38 47 23 10 23 40 30 60 11
38 47 23 40 30 60 11 38 47 23 40 10 23 40 30 60 11
38 47 10 47 23 40 30 60 11 38 47 23 40 30 60 11
38 47 23 10 47 23 40 30 60 11 38 47 23 40 30 60 11
38 47 23 10 23 40 30 60 11 38 47 23 40 30 60 11
38 47 23 40 10 23 40 30 60 11 38 47 23 40 30 60 11

95 62 63 8 54 18 29 95 62 63 8 54 18 29
95 62 63 8 54 18 29 95 62 18 62 63 8 54 18 29
95 62 63 8 54 18 29 95 62 63 18 62 63 8 54 18 29
95 62 63 8 54 18 29 95 62 63 18 63 8 54 18 29
95 62 63 8 54 18 29 95 62 63 8 18 63 8 54 18 29
95 62 18 62 63 8 54 18 29 95 62 63 8 54 18 29
95 62 63 18 62 63 8 54 18 29 95 62 63 8 54 18 29
95 62 63 18 63 8 54 18 29 95 62 63 8 54 18 29
95 62 63 8 18 63 8 54 18 29 95 62 63 8 54 18 29

41 13 91 31 98 7 79 41 13 91 31 98 7 79
41 13 91 31 98 7 79 41 13 15 13 91 31 98 7 79
41 13 91 31 98 7 79 41 13 91 15 13 91 31 98 7 79
41 13 91 31 98 7 79 41 13 91 15 91 31 98 7 79
41 13 91 31 98 7 79 41 13 91 31 15 91 31 98 7 79
41 13 15 13 91 31 98 7 79 41 13 91 31 98 7 79
41 13 91 15 13 91 31 98 7 79 41 13 91 31 98 7 79
41 13 91 15 91 31 98 7 79 41 13 91 31 98 7 79
41 13 91 31 15 91 31 98 7 79 41 13 91 31 98 7 79

59 13 45 61 7 28 27 59 13 45 61 7 28 27
59 13 45 61 7 28 27 59 13 14 13 45 61 7 28 27
59 13 45 61 7 28 27 59 13 45 14 13 45 61 7 28 27
59 13 45 61 7 28 27 59 13 45 14 45 61 7 28 27
59 13 45 61 7 28 27 59 13 45 61 14 45 61 7 28 27
59 13 14 13 45 61 7 28 27 59 13 45 61 7 28 27
59 13 45 14 13 45 61 7 28 27 59 13 45 61 7 28 27
59 13 45 14 45 61 7 28 27 59 13 45 61 7 28 27
59 13 45 61 14 45 61 7 28 27 59 13 45 61 7 28 27

71 60 98 92 91 25 76 71 60 98 92 91 25 76
71 60 98 92 91 25 76 71 60 18 60 98 92 91 25 76
71 60 98 92 91 25 76 71 60 98 18 60 98 92 91 25 76
71 60 98 92 91 25 76 71 60 98 18 98 92 91 25 76
71 60 98 92 91 25 76 71 60 98 92 18 98 92 91 25 76
71 60 18 60 98 92 91 25 76 71 60 98 92 91 25 76
71 60 98 18 60 98 92 91 25 76 71 60 98 92 91 25 76
71 60 98 18 98 92 91 25 76 71 60 98 92 91 25 76
71 60 98 92 18 98 92 91 25 76 71 60 98 92 91 25 76

96 27 99 88 31 95 46 96 27 99 88 31 95 46
96 27 99 88 31 95 46 96 27 14 27 99 88 31 95 46
96 27 99 88 31 95 46 96 27 99 14 27 99 88 31 95 46
96 27 99 88 31 95 46 96 27 99 14 99 88 31 95 46
96 27 99 88 31 95 46 96 27 99 88 14 99 88 31 95 46
96 27 14 27 99 88 31 95 46 96 27 99 88 31 95 46
96 27 99 14 27 99 88 31 95 46 96 27 99 88 31 95 46
96 27 99 14 99 88 31 95 46 96 27 99 88 31 95 46
96 27 99 88 14 99 88 31 95 46 96 27 99 88 31 95 46

11 44 44 69 43 87 51 11 44 44 69 43 87 51
11 44 44 69 43 87 51 11 44 14 44 44 69 43 87 51
11 44 44 69 43 87 51 11 44 44 14 44 44 69 43 87 51
11 44 44 69 43 87 51 11 44 44 14 44 69 43 87 51
11 44 44 69 43 87 51 11 44 44 69 14 44 69 43 87 51
11 44 14 44 44 69 43 87 51 11 44 44 69 43 87 51
11 44 44 14 44 44 69 43 87 51 11 44 44 69 43 87 51
11 44 44 14 44 69 43 87 51 11 44 44 69 43 87 51
11 44 44 69 14 44 69 43 87 51 11 44 44 69 43 87 51

30 69 6 26 67 71 47 30 69 6 26 67 71 47
30 69 6 26 67 71 47 30 69 13 69 6 26 67 71 47
30 69 6 26 67 71 47 30 69 6 13 69 6 26 67 71 47
30 69 6 26 67 71 47 30 69 6 13 6 26 67 71 47
30 69 6 26 67 71 47 30 69 6 26 13 6 26 67 71 47
30 69 13 69 6 26 67 71 47 30 69 6 26 67 71 47
30 69 6 13 69 6 26 67 71 47 30 69 6 26 67 71 47
30 69 6 13 6 26 67 71 47 30 69 6 26 67 71 47
30 69 6 26 13 6 26 67 71 47 30 69 6 26 67 71 47

35 26 52 93 97 94 66 35 26 52 93 97 94 66
35 26 52 93 97 94 66 35 26 10 26 52 93 97 94 66
35 26 52 93 97 94 66 35 26 52 10 26 52 93 97 94 66
35 26 52 93 97 94 66 35 26 52 10 52 93 97 94 66
35 26 52 93 97 94 66 35 26 52 93 10 52 93 97 94 66
35 26 10 26 52 93 97 94 66 35 26 52 93 97 94 66
35 26 52 10 26 52 93 97 94 66 35 26 52 93 97 94 66
35 26 52 10 52 93 97 94 66 35 26 52 93 97 94 66
35 26 52 93 10 52 93 97 94 66 35 26 52 93 97 94 66

65 6 80 59 36 48 43 65 6 80 59 36 48 43
65 6 80 59 36 48 43 65 6 14 6 80 59 36 48 43
65 6 80 59 36 48 43 65 6 80 14 6 80 59 36 48 43
65 6 80 59 36 48 43 65 6 80 14 80 59 36 48 43
65 6 80 59 36 48 43 65 6 80 59 14 80 59 36 48 43
65 6 14 6 80 59 36 48 43 65 6 80 59 36 48 43
65 6 80 14 6 80 59 36 48 43 65 6 80 59 36 48 43
65 6 80 14 80 59 36 48 43 65 6 80 59 36 48 43
65 6 80 59 14 80 59 36 48 43 65 6 80 59 36 48 43

47 49 5 74 90 64 20 47 49 5 74 90 64 20
47 49 5 74 90 64 20 47 49 15 49 5 74 90 64 20
47 49 5 74 90 64 20 47 49 5 15 49 5 74 90 64 20
47 49 5 74 90 64 20 47 49 5 15 5 74 90 64 20
47 49 5 74 90 64 20 47 49 5 74 15 5 74 90 64 20
47 49 15 49 5 74 90 64 20 47 49 5 74 90 64 20
47 49 5 15 49 5 74 90 64 20 47 49 5 74 90 64 20
47 49 5 15 5 74 90 64 20 47 49 5 74 90 64 20
47 49 5 74 15 5 74 90 64 20 47 49 5 74 90 64 20

70 53 12 8 68 38 83 70 53 12 8 68 38 83
70 53 12 8 68 38 83 70 53 18 53 12 8 68 38 83
70 53 12 8 68 38 83 70 53 12 18 53 12 8 68 38 83
70 53 12 8 68 38 83 70 53 12 18 12 8 68 38 83
70 53 12 8 68 38 83 70 53 12 8 18 12 8 68 38 83
70 53 18 53 12 8 68 38 83 70 53 12 8 68 38 83
70 53 12 18 53 12 8 68 38 83 70 53 12 8 68 38 83
70 53 12 18 12 8 68 38 83 70 53 12 8 68 38 83
70 53 12 8 18 12 8 68 38 83 70 53 12 8 68 38 83

20 28 26 34 58 22 44 20 28 26 34 58 22 44
20 28 26 34 58 22 44 20 28 10 28 26 34 58 22 44
20 28 26 34 58 22 44 20 28 26 10 28 26 34 58 22 44
20 28 26 34 58 22 44 20 28 26 10 26 34 58 22 44
20 28 26 34 58 22 44 20 28 26 34 10 26 34 58 22 44
20 28 10 28 26 34 58 22 44 20 28 26 34 58 22 44
20 28 26 10 28 26 34 58 22 44 20 28 26 34 58 22 44
20 28 26 10 26 34 58 22 44 20 28 26 34 58 22 44
20 28 26 34 10 26 34 58 22 44 20 28 26 34 58 22 44

95 90 63 87 50 6 71 95 90 63 87 50 6 71
95 90 63 87 50 6 71 95 90 15 90 63 87 50 6 71
95 90 63 87 50 6 71 95 90 63 15 90 63 87 50 6 71
95 90 63 87 50 6 71 95 90 63 15 63 87 50 6 71
95 90 63 87 50 6 71 95 90 63 87 15 63 87 50 6 71
95 90 15 90 63 87 50 6 71 95 90 63 87 50 6 71
95 90 63 15 90 63 87 50 6 71 95 90 63 87 50 6 71
95 90 63 15 63 87 50 6 71 95 90 63 87 50 6 71
95 90 63 87 15 63 87 50 6 71 95 90 63 87 50 6 71

66 66 69 78 100 69 33 66 66 69 78 100 69 33
66 66 69 78 100 69 33 66 66 7 66 69 78 100 69 33
66 66 69 78 100 69 33 66 66 69 7 66 69 78 100 69 33
66 66 69 78 100 69 33 66 66 69 7 69 78 100 69 33
66 66 69 78 100 69 33 66 66 69 78 7 69 78 100 69 33
66 66 7 66 69 78 100 69 33 66 66 69 78 100 69 33
66 66 69 7 66 69 78 100 69 33 66 66 69 78 100 69 33
66 66 69 7 69 78 100 69 33 66 66 69 78 100 69 33
66 66 69 78 7 69 78 100 69 33 66 66 69 78 100 69 33

48 100 85 51 59 5 53 48 100 85 51 59 5 53
48 100 85 51 59 5 53 48 100 11 100 85 51 59 5 53
48 100 85 51 59 5 53 48 100 85 11 100 85 51 59 5 53
48 100 85 51 59 5 53 48 100 85 11 85 51 59 5 53
48 100 85 51 59 5 53 48 100 85 51 11 85 51 59 5 53
48 100 11 100 85 51 59 5 53 48 100 85 51 59 5 53
48 100 85 11 100 85 51 59 5 53 48 100 85 51 59 5 53
48 100 85 11 85 51 59 5 53 48 100 85 51 59 5 53
48 100 85 51 11 85 51 59 5 53 48 100 85 51 59 5 53

51 62 42 64 78 58 18 51 62 42 64 78 58 18
51 62 42 64 78 58 18 51 62 14 62 42 64 78 58 18
51 62 42 64 78 58 18 51 62 42 14 62 42 64 78 58 18
51 62 42 64 78 58 18 51 62 42 14 42 64 78 58 18
51 62 42 64 78 58 18 51 62 42 64 14 42 64 78 58 18
51 62 14 62 42 64 78 58 18 51 62 42 64 78 58 18
51 62 42 14 62 42 64 78 58 18 51 62 42 64 78 58 18
51 62 42 14 42 64 78 58 18 51 62 42 64 78 58 18
51 62 42 64 14 42 64 78 58 18 51 62 42 64 78 58 18

56 26 89 21 44 85 5 56 26 89 21 44 85 5
56 26 89 21 44 85 5 56 26 11 26 89 21 44 85 5
56 26 89 21 44 85 5 56 26 89 11 26 89 21 44 85 5
56 26 89 21 44 85 5 56 26 89 11 89 21 44 85 5
56 26 89 21 44 85 5 56 26 89 21 11 89 21 44 85 5
56 26 11 26 89 21 44 85 5 56 26 89 21 44 85 5
56 26 89 11 26 89 21 44 85 5 56 26 89 21 44 85 5
56 26 89 11 89 21 44 85 5 56 26 89 21 44 85 5
56 26 89 21 11 89 21 44 85 5 56 26 89 21 44 85 5

34 41 11 35 72 62 29 34 41 11 35 72 62 29
34 41 11 35 72 62 29 34 41 7 41 11 35 72 62 29
34 41 11 35 72 62 29 34 41 11 7 41 11 35 72 62 29
34 41 11 35 72 62 29 34 41 11 7 11 35 72 62 29
34 41 11 35 72 62 29 34 41 11 35 7 11 35 72 62 29
34 41 7 41 11 35 72 62 29 34 41 11 35 72 62 29
34 41 11 7 41 11 35 72 62 29 34 41 11 35 72 62 29
34 41 11 7 11 35 72 62 29 34 41 11 35 72 62 29
34 41 11 35 7 11 35 72 62 29 34 41 11 35 72 62 29

24 33 96 10 67 58 64 24 33 96 10 67 58 64
24 33 96 10 67 58 64 24 33 11 33 96 10 67 58 64
24 33 96 10 67 58 64 24 33 96 11 33 96 10 67 58 64
24 33 96 10 67 58 64 24 33 96 11 96 10 67 58 64
24 33 96 10 67 58 64 24 33 96 10 11 96 10 67 58 64
24 33 11 33 96 10 67 58 64 24 33 96 10 67 58 64
24 33 96 11 33 96 10 67 58 64 24 33 96 10 67 58 64
24 33 96 11 96 10 67 58 64 24 33 96 10 67 58 64
24 33 96 10 11 96 10 67 58 64 24 33 96 10 67 58 64

32 21 54 36 98 87 89 32 21 54 36 98 87 89
32 21 54 36 98 87 89 32 21 6 21 54 36 98 87 89
32 21 54 36 98 87 89 32 21 54 6 21 54 36 98 87 89
32 21 54 36 98 87 89 32 21 54 6 54 36 98 87 89
32 21 54 36 98 87 89 32 21 54 36 6 54 36 98 87 89
32 21 6 21 54 36 98 87 89 32 21 54 36 98 87 89
32 21 54 6 21 54 36 98 87 89 32 21 54 36 98 87 89
32 21 54 6 54 36 98 87 89 32 21 54 36 98 87 89
32 21 54 36 6 54 36 98 87 89 32 21 54 36 98 87 89

98 14 33 50 29 66 47 98 14 33 50 29 66 47
98 14 33 50 29 66 47 98 14 5 14 33 50 29 66 47
98 14 33 50 29 66 47 98 14 33 5 14 33 50 29 66 47
98 14 33 50 29 66 47 98 14 33 5 33 50 29 66 47
98 14 33 50 29 66 47 98 14 33 50 5 33 50 29 66 47
98 14 5 14 33 50 29 66 47 98 14 33 50 29 66 47
98 14 33 5 14 33 50 29 66 47 98 14 33 50 29 66 47
98 14 33 5 33 50 29 66 47 98 14 33 50 29 66 47
98 14 33 50 5 33 50 29 66 47 98 14 33 50 29 66 47

43 56 78 84 97 53 53 43 56 78 84 97 53 53
43 56 78 84 97 53 53 43 56 8 56 78 84 97 53 53
43 56 78 84 97 53 53 43 56 78 8 56 78 84 97 53 53
43 56 78 84 97 53 53 43 56 78 8 78 84 97 53 53
43 56 78 84 97 53 53 43 56 78 84 8 78 84 97 53 53
43 56 8 56 78 84 97 53 53 43 56 78 84 97 53 53
43 56 78 8 56 78 84 97 53 53 43 56 78 84 97 53 53
43 56 78 8 78 84 97 53 53 43 56 78 84 97 53 53
43 56 78 84 8 78 84 97 53 53 43 56 78 84 97 53 53

15 81 81 20 81 74 35 15 81 81 20 81 74 35
15 81 81 20 81 74 35 15 81 19 81 81 20 81 74 35
15 81 81 20 81 74 35 15 81 81 19 81 81 20 81 74 35
15 81 81 20 81 74 35 15 81 81 19 81 20 81 74 35
15 81 81 20 81 74 35 15 81 81 20 19 81 20 81 74 35
15 81 19 81 81 20 81 74 35 15 81 81 20 81 74 35
15 81 81 19 81 81 20 81 74 35 15 81 81 20 81 74 35
15 81 81 19 81 20 81 74 35 15 81 81 20 81 74 35
15 81 81 20 19 81 20 81 74 35 15 81 81 20 81 74 35

53 42 86 39 39 71 15 53 42 86 39 39 71 15
53 42 86 39 39 71 15 53 42 5 42 86 39 39 71 15
53 42 86 39 39 71 15 53 42 86 5 42 86 39 39 71 15
53 42 86 39 39 71 15 53 42 86 5 86 39 39 71 15
53 42 86 39 39 71 15 53 42 86 39 5 86 39 39 71 15
53 42 5 42 86 39 39 71 15 53 42 86 39 39 71 15
53 42 86 5 42 86 39 39 71 15 53 42 86 39 39 71 15
53 42 86 5 86 39 39 71 15 53 42 86 39 39 71 15
53 42 86 39 5 86 39 39 71 15 53 42 86 39 39 71 15

11 61 66 65 91 11 42 11 61 66 65 91 11 42
11 61 66 65 91 11 42 11 61 8 61 66 65 91 11 42
11 61 66 65 91 11 42 11 61 66 8 61 66 65 91 11 42
11 61 66 65 91 11 42 11 61 66 8 66 65 91 11 42
11 61 66 65 91 11 42 11 61 66 65 8 66 65 91 11 42
11 61 8 61 66 65 91 11 42 11 61 66 65 91 11 42
11 61 66 8 61 66 65 91 11 42 11 61 66 65 91 11 42
11 61 66 8 66 65 91 11 42 11 61 66 65 91 11 42
11 61 66 65 8 66 65 91 11 42 11 61 66 65 91 11 42

74 54 64 60 16 79 97 74 54 64 60 16 79 97
74 54 64 60 16 79 97 74 54 16 54 64 60 16 79 97
74 54 64 60 16 79 97 74 54 64 16 54 64 60 16 79 97
74 54 64 60 16 79 97 74 54 64 16 64 60 16 79 97
74 54 64 60 16 79 97 74 54 64 60 16 64 60 16 79 97
74 54 16 54 64 60 16 79 97 74 54 64 60 16 79 97
74 54 64 16 54 64 60 16 79 97 74 54 64 60 16 79 97
74 54 64 16 64 60 16 79 97 74 54 64 60 16 79 97
74 54 64 60 16 64 60 16 79 97 74 54 64 60 16 79 97

67 63 67 35 99 62 55 67 63 67 35 99 62 55
67 63 67 35 99 62 55 67 63 7 63 67 35 99 62 55
67 63 67 35 99 62 55 67 63 67 7 63 67 35 99 62 55
67 63 67 35 99 62 55 67 63 67 7 67 35 99 62 55
67 63 67 35 99 62 55 67 63 67 35 7 67 35 99 62 55
67 63 7 63 67 35 99 62 55 67 63 67 35 99 62 55
67 63 67 7 63 67 35 99 62 55 67 63 67 35 99 62 55
67 63 67 7 67 35 99 62 55 67 63 67 35 99 62 55
67 63 67 35 7 67 35 99 62 55 67 63 67 35 99 62 55

88 96 5 93 66 42 55 88 96 5 93 66 42 55
88 96 5 93 66 42 55 88 96 6 96 5 93 66 42 55
88 96 5 93 66 42 55 88 96 5 6 96 5 93 66 42 55
88 96 5 93 66 42 55 88 96 5 6 5 93 66 42 55
88 96 5 93 66 42 55 88 96 5 93 6 5 93 66 42 55
88 96 6 96 5 93 66 42 55 88 96 5 93 66 42 55
88 96 5 6 96 5 93 66 42 55 88 96 5 93 66 42 55
88 96 5 6 5 93 66 42 55 88 96 5 93 66 42 55
88 96 5 93 6 5 93 66 42 55 88 96 5 93 66 42 55

80 48 22 8 13 23 75 80 48 22 8 13 23 75
80 48 22 8 13 23 75 80 48 13 48 22 8 13 23 75
80 48 22 8 13 23 75 80 48 22 13 48 22 8 13 23 75
80 48 22 8 13 23 75 80 48 22 13 22 8 13 23 75
80 48 22 8 13 23 75 80 48 22 8 13 22 8 13 23 75
80 48 13 48 22 8 13 23 75 80 48 22 8 13 23 75
80 48 22 13 48 22 8 13 23 75 80 48 22 8 13 23 75
80 48 22 13 22 8 13 23 75 80 48 22 8 13 23 75
80 48 22 8 13 22 8 13 23 75 80 48 22 8 13 23 75

22 78 76 35 51 49 80 22 78 76 35 51 49 80
22 78 76 35 51 49 80 22 78 7 78 76 35 51 49 80
22 78 76 35 51 49 80 22 78 76 7 78 76 35 51 49 80
22 78 76 35 51 49 80 22 78 76 7 76 35 51 49 80
22 78 76 35 51 49 80 22 78 76 35 7 76 35 51 49 80
22 78 7 78 76 35 51 49 80 22 78 76 35 51 49 80
22 78 76 7 78 76 35 51 49 80 22 78 76 35 51 49 80
22 78 76 7 76 35 51 49 80 22 78 76 35 51 49 80
22 78 76 35 7 76 35 51 49 80 22 78 76 35 51 49 80

62 83 37 9 64 30 60 62 83 37 9 64 30 60
62 83 37 9 64 30 60 62 83 17 83 37 9 64 30 60
62 83 37 9 64 30 60 62 83 37 17 83 37 9 64 30 60
62 83 37 9 64 30 60 62 83 37 17 37 9 64 30 60
62 83 37 9 64 30 60 62 83 37 9 17 37 9 64 30 60
62 83 17 83 37 9 64 30 60 62 83 37 9 64 30 60
62 83 37 17 83 37 9 64 30 60 62 83 37 9 64 30 60
62 83 37 17 37 9 64 30 60 62 83 37 9 64 30 60
62 83 37 9 17 37 9 64 30 60 62 83 37 9 64 30 60

31 62 36 65 8 18 74 31 62 36 65 8 18 74
31 62 36 65 8 18 74 31 62 17 62 36 65 8 18 74
31 62 36 65 8 18 74 31 62 36 17 62 36 65 8 18 74
31 62 36 65 8 18 74 31 62 36 17 36 65 8 18 74
31 62 36 65 8 18 74 31 62 36 65 17 36 65 8 18 74
31 62 17 62 36 65 8 18 74 31 62 36 65 8 18 74
31 62 36 17 62 36 65 8 18 74 31 62 36 65 8 18 74
31 62 36 17 36 65 8 18 74 31 62 36 65 8 18 74
31 62 36 65 17 36 65 8 18 74 31 62 36 65 8 18 74

13 14 55 70 57 33 98 13 14 55 70 57 33 98
13 14 55 70 57 33 98 13 14 20 14 55 70 57 33 98
13 14 55 70 57 33 98 13 14 55 20 14 55 70 57 33 98
13 14 55 70 57 33 98 13 14 55 20 55 70 57 33 98
13 14 55 70 57 33 98 13 14 55 70 20 55 70 57 33 98
13 14 20 14 55 70 57 33 98 13 14 55 70 57 33 98
13 14 55 20 14 55 70 57 33 98 13 14 55 70 57 33 98
13 14 55 20 55 70 57 33 98 13 14 55 70 57 33 98
13 14 55 70 20 55 70 57 33 98 13 14 55 70 57 33 98

82 63 62 93 71 62 64 82 63 62 93 71 62 64
82 63 62 93 71 62 64 82 63 9 63 62 93 71 62 64
82 63 62 93 71 62 64 82 63 62 9 63 62 93 71 62 64
82 63 62 93 71 62 64 82 63 62 9 62 93 71 62 64
82 63 62 93 71 62 64 82 63 62 93 9 62 93 71 62 64
82 63 9 63 62 93 71 62 64 82 63 62 93 71 62 64
82 63 62 9 63 62 93 71 62 64 82 63 62 93 71 62 64
82 63 62 9 62 93 71 62 64 82 63 62 93 71 62 64
82 63 62 93 9 62 93 71 62 64 82 63 62 93 71 62 64

38 23 95 90 44 100 23 38 23 95 90 44 100 23
38 23 95 90 44 100 23 38 23 6 23 95 90 44 100 23
38 23 95 90 44 100 23 38 23 95 6 23 95 90 44 100 23
38 23 95 90 44 100 23 38 23 95 6 95 90 44 100 23
38 23 95 90 44 100 23 38 23 95 90 6 95 90 44 100 23
38 23 6 23 95 90 44 100 23 38 23 95 90 44 100 23
38 23 95 6 23 95 90 44 100 23 38 23 95 90 44 100 23
38 23 95 6 95 90 44 100 23 38 23 95 90 44 100 23
38 23 95 90 6 95 90 44 100 23 38 23 95 90 44 100 23

