80
7
4
2

2
23
22
29
30
23
2
6
19
23
1
21
28
24
9
15
16
29
3
29
21
3
13
18
2
22
5
9
28
28
1
2
24
26
5
26
9
10
17
6
6
18
18
3
11
6
30
16
13
12
25
19
19
2
16
16
30
13
20
15
1
3
29
25
21
23
12
19
13
30
8
19
17
13
1
19
27
26
14
26

75 47 
95 91 
104 87 
46 64 
107 87 
91 32 
104 105 
39 77 
89 70 
88 68 
23 88 
90 64 
49 84 
99 110 
73 29 
73 98 
93 78 
26 26 
64 25 
77 27 
95 43 
95 34 
37 57 
29 105 
117 99 
53 114 
107 74 
19 60 
46 43 
87 44 
42 19 
106 66 
20 48 
15 45 
61 46 
95 32 
102 90 
77 99 
78 36 
23 33 
64 77 
78 28 
71 69 
71 74 
81 104 
84 41 
25 30 
17 37 
115 55 
24 29 
98 29 
27 107 
82 74 
112 56 
39 85 
43 66 
98 107 
52 54 
68 81 
70 23 
106 44 
29 105 
112 99 
36 105 
24 40 
101 102 
45 103 
19 39 
84 94 
78 77 
77 116 
106 24 
100 41 
76 108 
34 32 
37 103 
29 11 
39 59 
84 84 
113 43 

1435
1920
2283
1984
1500
1650
2717
2070
2070
2157
1528
2297
1841
1878
1469
2011
1952
1286
1181
2258
1375
1960
1857
1322
2517
1554
2790
1958
1248
1729
1815
1954
1902
1299
1828
1679
1497
2160
1844
1055
1753
1917
1387
1537
1938
2148
1679
1249
2602
1030
1793
2404
1834
2051
1653
1464
2498
1286
2160
1400
1788
2231
2582
2026
1345
2386
1362
1394
1746
2273
2350
1707
2380
1965
1059
1717
1652
1664
1938
2083

1 2 3 4 5 1 2 3 4 5 6 7
1 2 3 4 5 1 2 100 102 3 4 5 6 7
1 2 3 4 5 1 2 3 100 102 103 4 5 6 7
1 2 3 4 5 1 2 3 100 103 4 5 6 7
1 2 3 4 5 1 2 3 4 100 103 104 5 6 7
1 2 100 102 3 4 5 1 2 3 4 5 6 7
1 2 3 100 102 103 4 5 1 2 3 4 5 6 7
1 2 3 100 103 4 5 1 2 3 4 5 6 7
1 2 3 4 100 103 104 5 1 2 3 4 5 6 7

17 36 68 30 51 32 64 17 36 68 30 51 32 64
17 36 68 30 51 32 64 17 36 10 36 68 30 51 32 64
17 36 68 30 51 32 64 17 36 68 10 36 68 30 51 32 64
17 36 68 30 51 32 64 17 36 68 10 68 30 51 32 64
17 36 68 30 51 32 64 17 36 68 30 10 68 30 51 32 64
17 36 10 36 68 30 51 32 64 17 36 68 30 51 32 64
17 36 68 10 36 68 30 51 32 64 17 36 68 30 51 32 64
17 36 68 10 68 30 51 32 64 17 36 68 30 51 32 64
17 36 68 30 10 68 30 51 32 64 17 36 68 30 51 32 64

56 7 77 81 53 99 9 56 7 77 81 53 99 9
56 7 77 81 53 99 9 56 7 20 7 77 81 53 99 9
56 7 77 81 53 99 9 56 7 77 20 7 77 81 53 99 9
56 7 77 81 53 99 9 56 7 77 20 77 81 53 99 9
56 7 77 81 53 99 9 56 7 77 81 20 77 81 53 99 9
56 7 20 7 77 81 53 99 9 56 7 77 81 53 99 9
56 7 77 20 7 77 81 53 99 9 56 7 77 81 53 99 9
56 7 77 20 77 81 53 99 9 56 7 77 81 53 99 9
56 7 77 81 20 77 81 53 99 9 56 7 77 81 53 99 9

90 18 94 68 52 65 72 90 18 94 68 52 65 72
90 18 94 68 52 65 72 90 18 12 18 94 68 52 65 72
90 18 94 68 52 65 72 90 18 94 12 18 94 68 52 65 72
90 18 94 68 52 65 72 90 18 94 12 94 68 52 65 72
90 18 94 68 52 65 72 90 18 94 68 12 94 68 52 65 72
90 18 12 18 94 68 52 65 72 90 18 94 68 52 65 72
90 18 94 12 18 94 68 52 65 72 90 18 94 68 52 65 72
90 18 94 12 94 68 52 65 72 90 18 94 68 52 65 72
90 18 94 68 12 94 68 52 65 72 90 18 94 68 52 65 72

53 79 27 51 88 5 81 53 79 27 51 88 5 81
53 79 27 51 88 5 81 53 79 20 79 27 51 88 5 81
53 79 27 51 88 5 81 53 79 27 20 79 27 51 88 5 81
53 79 27 51 88 5 81 53 79 27 20 27 51 88 5 81
53 79 27 51 88 5 81 53 79 27 51 20 27 51 88 5 81
53 79 20 79 27 51 88 5 81 53 79 27 51 88 5 81
53 79 27 20 79 27 51 88 5 81 53 79 27 51 88 5 81
53 79 27 20 27 51 88 5 81 53 79 27 51 88 5 81
53 79 27 51 20 27 51 88 5 81 53 79 27 51 88 5 81

18 17 89 74 36 41 7 18 17 89 74 36 41 7
18 17 89 74 36 41 7 18 17 6 17 89 74 36 41 7
18 17 89 74 36 41 7 18 17 89 6 17 89 74 36 41 7
18 17 89 74 36 41 7 18 17 89 6 89 74 36 41 7
18 17 89 74 36 41 7 18 17 89 74 6 89 74 36 41 7
18 17 6 17 89 74 36 41 7 18 17 89 74 36 41 7
18 17 89 6 17 89 74 36 41 7 18 17 89 74 36 41 7
18 17 89 6 89 74 36 41 7 18 17 89 74 36 41 7
18 17 89 74 6 89 74 36 41 7 18 17 89 74 36 41 7

52 9 82 18 72 15 75 52 9 82 18 72 15 75
52 9 82 18 72 15 75 52 9 19 9 82 18 72 15 75
52 9 82 18 72 15 75 52 9 82 19 9 82 18 72 15 75
52 9 82 18 72 15 75 52 9 82 19 82 18 72 15 75
52 9 82 18 72 15 75 52 9 82 18 19 82 18 72 15 75
52 9 19 9 82 18 72 15 75 52 9 82 18 72 15 75
52 9 82 19 9 82 18 72 15 75 52 9 82 18 72 15 75
52 9 82 19 82 18 72 15 75 52 9 82 18 72 15 75
52 9 82 18 19 82 18 72 15 75 52 9 82 18 72 15 75

80 95 86 89 92 19 31 80 95 86 89 92 19 31
80 95 86 89 92 19 31 80 95 12 95 86 89 92 19 31
80 95 86 89 92 19 31 80 95 86 12 95 86 89 92 19 31
80 95 86 89 92 19 31 80 95 86 12 86 89 92 19 31
80 95 86 89 92 19 31 80 95 86 89 12 86 89 92 19 31
80 95 12 95 86 89 92 19 31 80 95 86 89 92 19 31
80 95 86 12 95 86 89 92 19 31 80 95 86 89 92 19 31
80 95 86 12 86 89 92 19 31 80 95 86 89 92 19 31
80 95 86 89 12 86 89 92 19 31 80 95 86 89 92 19 31

81 17 33 70 97 96 13 81 17 33 70 97 96 13
81 17 33 70 97 96 13 81 17 16 17 33 70 97 96 13
81 17 33 70 97 96 13 81 17 33 16 17 33 70 97 96 13
81 17 33 70 97 96 13 81 17 33 16 33 70 97 96 13
81 17 33 70 97 96 13 81 17 33 70 16 33 70 97 96 13
81 17 16 17 33 70 97 96 13 81 17 33 70 97 96 13
81 17 33 16 17 33 70 97 96 13 81 17 33 70 97 96 13
81 17 33 16 33 70 97 96 13 81 17 33 70 97 96 13
81 17 33 70 16 33 70 97 96 13 81 17 33 70 97 96 13

31 60 69 50 67 95 71 31 60 69 50 67 95 71
31 60 69 50 67 95 71 31 60 12 60 69 50 67 95 71
31 60 69 50 67 95 71 31 60 69 12 60 69 50 67 95 71
31 60 69 50 67 95 71 31 60 69 12 69 50 67 95 71
31 60 69 50 67 95 71 31 60 69 50 12 69 50 67 95 71
31 60 12 60 69 50 67 95 71 31 60 69 50 67 95 71
31 60 69 12 60 69 50 67 95 71 31 60 69 50 67 95 71
31 60 69 12 69 50 67 95 71 31 60 69 50 67 95 71
31 60 69 50 12 69 50 67 95 71 31 60 69 50 67 95 71

91 58 81 62 33 24 55 91 58 81 62 33 24 55
91 58 81 62 33 24 55 91 58 6 58 81 62 33 24 55
91 58 81 62 33 24 55 91 58 81 6 58 81 62 33 24 55
91 58 81 62 33 24 55 91 58 81 6 81 62 33 24 55
91 58 81 62 33 24 55 91 58 81 62 6 81 62 33 24 55
91 58 6 58 81 62 33 24 55 91 58 81 62 33 24 55
91 58 81 6 58 81 62 33 24 55 91 58 81 62 33 24 55
91 58 81 6 81 62 33 24 55 91 58 81 62 33 24 55
91 58 81 62 6 81 62 33 24 55 91 58 81 62 33 24 55

28 32 11 78 85 17 36 28 32 11 78 85 17 36
28 32 11 78 85 17 36 28 32 14 32 11 78 85 17 36
28 32 11 78 85 17 36 28 32 11 14 32 11 78 85 17 36
28 32 11 78 85 17 36 28 32 11 14 11 78 85 17 36
28 32 11 78 85 17 36 28 32 11 78 14 11 78 85 17 36
28 32 14 32 11 78 85 17 36 28 32 11 78 85 17 36
28 32 11 14 32 11 78 85 17 36 28 32 11 78 85 17 36
28 32 11 14 11 78 85 17 36 28 32 11 78 85 17 36
28 32 11 78 14 11 78 85 17 36 28 32 11 78 85 17 36

64 99 85 47 41 48 50 64 99 85 47 41 48 50
64 99 85 47 41 48 50 64 99 9 99 85 47 41 48 50
64 99 85 47 41 48 50 64 99 85 9 99 85 47 41 48 50
64 99 85 47 41 48 50 64 99 85 9 85 47 41 48 50
64 99 85 47 41 48 50 64 99 85 47 9 85 47 41 48 50
64 99 9 99 85 47 41 48 50 64 99 85 47 41 48 50
64 99 85 9 99 85 47 41 48 50 64 99 85 47 41 48 50
64 99 85 9 85 47 41 48 50 64 99 85 47 41 48 50
64 99 85 47 9 85 47 41 48 50 64 99 85 47 41 48 50

8 96 29 76 79 25 27 8 96 29 76 79 25 27
8 96 29 76 79 25 27 8 96 20 96 29 76 79 25 27
8 96 29 76 79 25 27 8 96 29 20 96 29 76 79 25 27
8 96 29 76 79 25 27 8 96 29 20 29 76 79 25 27
8 96 29 76 79 25 27 8 96 29 76 20 29 76 79 25 27
8 96 20 96 29 76 79 25 27 8 96 29 76 79 25 27
8 96 29 20 96 29 76 79 25 27 8 96 29 76 79 25 27
8 96 29 20 29 76 79 25 27 8 96 29 76 79 25 27
8 96 29 76 20 29 76 79 25 27 8 96 29 76 79 25 27

16 13 79 100 92 20 9 16 13 79 100 92 20 9
16 13 79 100 92 20 9 16 13 15 13 79 100 92 20 9
16 13 79 100 92 20 9 16 13 79 15 13 79 100 92 20 9
16 13 79 100 92 20 9 16 13 79 15 79 100 92 20 9
16 13 79 100 92 20 9 16 13 79 100 15 79 100 92 20 9
16 13 15 13 79 100 92 20 9 16 13 79 100 92 20 9
16 13 79 15 13 79 100 92 20 9 16 13 79 100 92 20 9
16 13 79 15 79 100 92 20 9 16 13 79 100 92 20 9
16 13 79 100 15 79 100 92 20 9 16 13 79 100 92 20 9

36 89 57 21 7 25 59 36 89 57 21 7 25 59
36 89 57 21 7 25 59 36 89 14 89 57 21 7 25 59
36 89 57 21 7 25 59 36 89 57 14 89 57 21 7 25 59
36 89 57 21 7 25 59 36 89 57 14 57 21 7 25 59
36 89 57 21 7 25 59 36 89 57 21 14 57 21 7 25 59
36 89 14 89 57 21 7 25 59 36 89 57 21 7 25 59
36 89 57 14 89 57 21 7 25 59 36 89 57 21 7 25 59
36 89 57 14 57 21 7 25 59 36 89 57 21 7 25 59
36 89 57 21 14 57 21 7 25 59 36 89 57 21 7 25 59

64 34 59 80 27 69 79 64 34 59 80 27 69 79
64 34 59 80 27 69 79 64 34 19 34 59 80 27 69 79
64 34 59 80 27 69 79 64 34 59 19 34 59 80 27 69 79
64 34 59 80 27 69 79 64 34 59 19 59 80 27 69 79
64 34 59 80 27 69 79 64 34 59 80 19 59 80 27 69 79
64 34 19 34 59 80 27 69 79 64 34 59 80 27 69 79
64 34 59 19 34 59 80 27 69 79 64 34 59 80 27 69 79
64 34 59 19 59 80 27 69 79 64 34 59 80 27 69 79
64 34 59 80 19 59 80 27 69 79 64 34 59 80 27 69 79

15 52 79 64 39 78 98 15 52 79 64 39 78 98
15 52 79 64 39 78 98 15 52 6 52 79 64 39 78 98
15 52 79 64 39 78 98 15 52 79 6 52 79 64 39 78 98
15 52 79 64 39 78 98 15 52 79 6 79 64 39 78 98
15 52 79 64 39 78 98 15 52 79 64 6 79 64 39 78 98
15 52 6 52 79 64 39 78 98 15 52 79 64 39 78 98
15 52 79 6 52 79 64 39 78 98 15 52 79 64 39 78 98
15 52 79 6 79 64 39 78 98 15 52 79 64 39 78 98
15 52 79 64 6 79 64 39 78 98 15 52 79 64 39 78 98

9 32 12 20 88 43 65 9 32 12 20 88 43 65
9 32 12 20 88 43 65 9 32 17 32 12 20 88 43 65
9 32 12 20 88 43 65 9 32 12 17 32 12 20 88 43 65
9 32 12 20 88 43 65 9 32 12 17 12 20 88 43 65
9 32 12 20 88 43 65 9 32 12 20 17 12 20 88 43 65
9 32 17 32 12 20 88 43 65 9 32 12 20 88 43 65
9 32 12 17 32 12 20 88 43 65 9 32 12 20 88 43 65
9 32 12 17 12 20 88 43 65 9 32 12 20 88 43 65
9 32 12 20 17 12 20 88 43 65 9 32 12 20 88 43 65

86 16 45 13 5 9 71 86 16 45 13 5 9 71
86 16 45 13 5 9 71 86 16 14 16 45 13 5 9 71
86 16 45 13 5 9 71 86 16 45 14 16 45 13 5 9 71
86 16 45 13 5 9 71 86 16 45 14 45 13 5 9 71
86 16 45 13 5 9 71 86 16 45 13 14 45 13 5 9 71
86 16 14 16 45 13 5 9 71 86 16 45 13 5 9 71
86 16 45 14 16 45 13 5 9 71 86 16 45 13 5 9 71
86 16 45 14 45 13 5 9 71 86 16 45 13 5 9 71
86 16 45 13 14 45 13 5 9 71 86 16 45 13 5 9 71

65 90 59 18 97 48 61 65 90 59 18 97 48 61
65 90 59 18 97 48 61 65 90 14 90 59 18 97 48 61
65 90 59 18 97 48 61 65 90 59 14 90 59 18 97 48 61
65 90 59 18 97 48 61 65 90 59 14 59 18 97 48 61
65 90 59 18 97 48 61 65 90 59 18 14 59 18 97 48 61
65 90 14 90 59 18 97 48 61 65 90 59 18 97 48 61
65 90 59 14 90 59 18 97 48 61 65 90 59 18 97 48 61
65 90 59 14 59 18 97 48 61 65 90 59 18 97 48 61
65 90 59 18 14 59 18 97 48 61 65 90 59 18 97 48 61

10 22 83 31 25 77 49 10 22 83 31 25 77 49
10 22 83 31 25 77 49 10 22 13 22 83 31 25 77 49
10 22 83 31 25 77 49 10 22 83 13 22 83 31 25 77 49
10 22 83 31 25 77 49 10 22 83 13 83 31 25 77 49
10 22 83 31 25 77 49 10 22 83 31 13 83 31 25 77 49
10 22 13 22 83 31 25 77 49 10 22 83 31 25 77 49
10 22 83 13 22 83 31 25 77 49 10 22 83 31 25 77 49
10 22 83 13 83 31 25 77 49 10 22 83 31 25 77 49
10 22 83 31 13 83 31 25 77 49 10 22 83 31 25 77 49

89 68 80 17 52 24 41 89 68 80 17 52 24 41
89 68 80 17 52 24 41 89 68 20 68 80 17 52 24 41
89 68 80 17 52 24 41 89 68 80 20 68 80 17 52 24 41
89 68 80 17 52 24 41 89 68 80 20 80 17 52 24 41
89 68 80 17 52 24 41 89 68 80 17 20 80 17 52 24 41
89 68 20 68 80 17 52 24 41 89 68 80 17 52 24 41
89 68 80 20 68 80 17 52 24 41 89 68 80 17 52 24 41
89 68 80 20 80 17 52 24 41 89 68 80 17 52 24 41
89 68 80 17 20 80 17 52 24 41 89 68 80 17 52 24 41

61 69 24 38 54 60 79 61 69 24 38 54 60 79
61 69 24 38 54 60 79 61 69 5 69 24 38 54 60 79
61 69 24 38 54 60 79 61 69 24 5 69 24 38 54 60 79
61 69 24 38 54 60 79 61 69 24 5 24 38 54 60 79
61 69 24 38 54 60 79 61 69 24 38 5 24 38 54 60 79
61 69 5 69 24 38 54 60 79 61 69 24 38 54 60 79
61 69 24 5 69 24 38 54 60 79 61 69 24 38 54 60 79
61 69 24 5 24 38 54 60 79 61 69 24 38 54 60 79
61 69 24 38 5 24 38 54 60 79 61 69 24 38 54 60 79

28 8 17 99 34 60 23 28 8 17 99 34 60 23
28 8 17 99 34 60 23 28 8 17 8 17 99 34 60 23
28 8 17 99 34 60 23 28 8 17 17 8 17 99 34 60 23
28 8 17 99 34 60 23 28 8 17 17 17 99 34 60 23
28 8 17 99 34 60 23 28 8 17 99 17 17 99 34 60 23
28 8 17 8 17 99 34 60 23 28 8 17 99 34 60 23
28 8 17 17 8 17 99 34 60 23 28 8 17 99 34 60 23
28 8 17 17 17 99 34 60 23 28 8 17 99 34 60 23
28 8 17 99 17 17 99 34 60 23 28 8 17 99 34 60 23

9 74 99 88 98 94 50 9 74 99 88 98 94 50
9 74 99 88 98 94 50 9 74 7 74 99 88 98 94 50
9 74 99 88 98 94 50 9 74 99 7 74 99 88 98 94 50
9 74 99 88 98 94 50 9 74 99 7 99 88 98 94 50
9 74 99 88 98 94 50 9 74 99 88 7 99 88 98 94 50
9 74 7 74 99 88 98 94 50 9 74 99 88 98 94 50
9 74 99 7 74 99 88 98 94 50 9 74 99 88 98 94 50
9 74 99 7 99 88 98 94 50 9 74 99 88 98 94 50
9 74 99 88 7 99 88 98 94 50 9 74 99 88 98 94 50

8 27 34 98 72 37 24 8 27 34 98 72 37 24
8 27 34 98 72 37 24 8 27 11 27 34 98 72 37 24
8 27 34 98 72 37 24 8 27 34 11 27 34 98 72 37 24
8 27 34 98 72 37 24 8 27 34 11 34 98 72 37 24
8 27 34 98 72 37 24 8 27 34 98 11 34 98 72 37 24
8 27 11 27 34 98 72 37 24 8 27 34 98 72 37 24
8 27 34 11 27 34 98 72 37 24 8 27 34 98 72 37 24
8 27 34 11 34 98 72 37 24 8 27 34 98 72 37 24
8 27 34 98 11 34 98 72 37 24 8 27 34 98 72 37 24

98 55 96 67 90 68 80 98 55 96 67 90 68 80
98 55 96 67 90 68 80 98 55 12 55 96 67 90 68 80
98 55 96 67 90 68 80 98 55 96 12 55 96 67 90 68 80
98 55 96 67 90 68 80 98 55 96 12 96 67 90 68 80
98 55 96 67 90 68 80 98 55 96 67 12 96 67 90 68 80
98 55 12 55 96 67 90 68 80 98 55 96 67 90 68 80
98 55 96 12 55 96 67 90 68 80 98 55 96 67 90 68 80
98 55 96 12 96 67 90 68 80 98 55 96 67 90 68 80
98 55 96 67 12 96 67 90 68 80 98 55 96 67 90 68 80

98 71 11 49 88 28 10 98 71 11 49 88 28 10
98 71 11 49 88 28 10 98 71 14 71 11 49 88 28 10
98 71 11 49 88 28 10 98 71 11 14 71 11 49 88 28 10
98 71 11 49 88 28 10 98 71 11 14 11 49 88 28 10
98 71 11 49 88 28 10 98 71 11 49 14 11 49 88 28 10
98 71 14 71 11 49 88 28 10 98 71 11 49 88 28 10
98 71 11 14 71 11 49 88 28 10 98 71 11 49 88 28 10
98 71 11 14 11 49 88 28 10 98 71 11 49 88 28 10
98 71 11 49 14 11 49 88 28 10 98 71 11 49 88 28 10

47 27 28 29 27 49 64 47 27 28 29 27 49 64
47 27 28 29 27 49 64 47 27 9 27 28 29 27 49 64
47 27 28 29 27 49 64 47 27 28 9 27 28 29 27 49 64
47 27 28 29 27 49 64 47 27 28 9 28 29 27 49 64
47 27 28 29 27 49 64 47 27 28 29 9 28 29 27 49 64
47 27 9 27 28 29 27 49 64 47 27 28 29 27 49 64
47 27 28 9 27 28 29 27 49 64 47 27 28 29 27 49 64
47 27 28 9 28 29 27 49 64 47 27 28 29 27 49 64
47 27 28 29 9 28 29 27 49 64 47 27 28 29 27 49 64

73 41 69 30 37 73 24 73 41 69 30 37 73 24
73 41 69 30 37 73 24 73 41 11 41 69 30 37 73 24
73 41 69 30 37 73 24 73 41 69 11 41 69 30 37 73 24
73 41 69 30 37 73 24 73 41 69 11 69 30 37 73 24
73 41 69 30 37 73 24 73 41 69 30 11 69 30 37 73 24
73 41 11 41 69 30 37 73 24 73 41 69 30 37 73 24
73 41 69 11 41 69 30 37 73 24 73 41 69 30 37 73 24
73 41 69 11 69 30 37 73 24 73 41 69 30 37 73 24
73 41 69 30 11 69 30 37 73 24 73 41 69 30 37 73 24

43 86 33 14 88 55 38 43 86 33 14 88 55 38
43 86 33 14 88 55 38 43 86 15 86 33 14 88 55 38
43 86 33 14 88 55 38 43 86 33 15 86 33 14 88 55 38
43 86 33 14 88 55 38 43 86 33 15 33 14 88 55 38
43 86 33 14 88 55 38 43 86 33 14 15 33 14 88 55 38
43 86 15 86 33 14 88 55 38 43 86 33 14 88 55 38
43 86 33 15 86 33 14 88 55 38 43 86 33 14 88 55 38
43 86 33 15 33 14 88 55 38 43 86 33 14 88 55 38
43 86 33 14 15 33 14 88 55 38 43 86 33 14 88 55 38

39 50 100 54 80 10 15 39 50 100 54 80 10 15
39 50 100 54 80 10 15 39 50 16 50 100 54 80 10 15
39 50 100 54 80 10 15 39 50 100 16 50 100 54 80 10 15
39 50 100 54 80 10 15 39 50 100 16 100 54 80 10 15
39 50 100 54 80 10 15 39 50 100 54 16 100 54 80 10 15
39 50 16 50 100 54 80 10 15 39 50 100 54 80 10 15
39 50 100 16 50 100 54 80 10 15 39 50 100 54 80 10 15
39 50 100 16 100 54 80 10 15 39 50 100 54 80 10 15
39 50 100 54 16 100 54 80 10 15 39 50 100 54 80 10 15

54 53 15 40 90 86 70 54 53 15 40 90 86 70
54 53 15 40 90 86 70 54 53 12 53 15 40 90 86 70
54 53 15 40 90 86 70 54 53 15 12 53 15 40 90 86 70
54 53 15 40 90 86 70 54 53 15 12 15 40 90 86 70
54 53 15 40 90 86 70 54 53 15 40 12 15 40 90 86 70
54 53 12 53 15 40 90 86 70 54 53 15 40 90 86 70
54 53 15 12 53 15 40 90 86 70 54 53 15 40 90 86 70
54 53 15 12 15 40 90 86 70 54 53 15 40 90 86 70
54 53 15 40 12 15 40 90 86 70 54 53 15 40 90 86 70

23 80 5 40 11 98 18 23 80 5 40 11 98 18
23 80 5 40 11 98 18 23 80 13 80 5 40 11 98 18
23 80 5 40 11 98 18 23 80 5 13 80 5 40 11 98 18
23 80 5 40 11 98 18 23 80 5 13 5 40 11 98 18
23 80 5 40 11 98 18 23 80 5 40 13 5 40 11 98 18
23 80 13 80 5 40 11 98 18 23 80 5 40 11 98 18
23 80 5 13 80 5 40 11 98 18 23 80 5 40 11 98 18
23 80 5 13 5 40 11 98 18 23 80 5 40 11 98 18
23 80 5 40 13 5 40 11 98 18 23 80 5 40 11 98 18

61 41 56 30 42 79 86 61 41 56 30 42 79 86
61 41 56 30 42 79 86 61 41 16 41 56 30 42 79 86
61 41 56 30 42 79 86 61 41 56 16 41 56 30 42 79 86
61 41 56 30 42 79 86 61 41 56 16 56 30 42 79 86
61 41 56 30 42 79 86 61 41 56 30 16 56 30 42 79 86
61 41 16 41 56 30 42 79 86 61 41 56 30 42 79 86
61 41 56 16 41 56 30 42 79 86 61 41 56 30 42 79 86
61 41 56 16 56 30 42 79 86 61 41 56 30 42 79 86
61 41 56 30 16 56 30 42 79 86 61 41 56 30 42 79 86

17 71 83 15 85 11 16 17 71 83 15 85 11 16
17 71 83 15 85 11 16 17 71 20 71 83 15 85 11 16
17 71 83 15 85 11 16 17 71 83 20 71 83 15 85 11 16
17 71 83 15 85 11 16 17 71 83 20 83 15 85 11 16
17 71 83 15 85 11 16 17 71 83 15 20 83 15 85 11 16
17 71 20 71 83 15 85 11 16 17 71 83 15 85 11 16
17 71 83 20 71 83 15 85 11 16 17 71 83 15 85 11 16
17 71 83 20 83 15 85 11 16 17 71 83 15 85 11 16
17 71 83 15 20 83 15 85 11 16 17 71 83 15 85 11 16

11 19 85 84 15 50 36 11 19 85 84 15 50 36
11 19 85 84 15 50 36 11 19 17 19 85 84 15 50 36
11 19 85 84 15 50 36 11 19 85 17 19 85 84 15 50 36
11 19 85 84 15 50 36 11 19 85 17 85 84 15 50 36
11 19 85 84 15 50 36 11 19 85 84 17 85 84 15 50 36
11 19 17 19 85 84 15 50 36 11 19 85 84 15 50 36
11 19 85 17 19 85 84 15 50 36 11 19 85 84 15 50 36
11 19 85 17 85 84 15 50 36 11 19 85 84 15 50 36
11 19 85 84 17 85 84 15 50 36 11 19 85 84 15 50 36

57 94 65 90 30 56 27 57 94 65 90 30 56 27
57 94 65 90 30 56 27 57 94 17 94 65 90 30 56 27
57 94 65 90 30 56 27 57 94 65 17 94 65 90 30 56 27
57 94 65 90 30 56 27 57 94 65 17 65 90 30 56 27
57 94 65 90 30 56 27 57 94 65 90 17 65 90 30 56 27
57 94 17 94 65 90 30 56 27 57 94 65 90 30 56 27
57 94 65 17 94 65 90 30 56 27 57 94 65 90 30 56 27
57 94 65 17 65 90 30 56 27 57 94 65 90 30 56 27
57 94 65 90 17 65 90 30 56 27 57 94 65 90 30 56 27

20 93 65 26 38 56 91 20 93 65 26 38 56 91
20 93 65 26 38 56 91 20 93 7 93 65 26 38 56 91
20 93 65 26 38 56 91 20 93 65 7 93 65 26 38 56 91
20 93 65 26 38 56 91 20 93 65 7 65 26 38 56 91
20 93 65 26 38 56 91 20 93 65 26 7 65 26 38 56 91
20 93 7 93 65 26 38 56 91 20 93 65 26 38 56 91
20 93 65 7 93 65 26 38 56 91 20 93 65 26 38 56 91
20 93 65 7 65 26 38 56 91 20 93 65 26 38 56 91
20 93 65 26 7 65 26 38 56 91 20 93 65 26 38 56 91

92 16 7 20 5 17 64 92 16 7 20 5 17 64
92 16 7 20 5 17 64 92 16 8 16 7 20 5 17 64
92 16 7 20 5 17 64 92 16 7 8 16 7 20 5 17 64
92 16 7 20 5 17 64 92 16 7 8 7 20 5 17 64
92 16 7 20 5 17 64 92 16 7 20 8 7 20 5 17 64
92 16 8 16 7 20 5 17 64 92 16 7 20 5 17 64
92 16 7 8 16 7 20 5 17 64 92 16 7 20 5 17 64
92 16 7 8 7 20 5 17 64 92 16 7 20 5 17 64
92 16 7 20 8 7 20 5 17 64 92 16 7 20 5 17 64

84 46 50 68 18 21 51 84 46 50 68 18 21 51
84 46 50 68 18 21 51 84 46 6 46 50 68 18 21 51
84 46 50 68 18 21 51 84 46 50 6 46 50 68 18 21 51
84 46 50 68 18 21 51 84 46 50 6 50 68 18 21 51
84 46 50 68 18 21 51 84 46 50 68 6 50 68 18 21 51
84 46 6 46 50 68 18 21 51 84 46 50 68 18 21 51
84 46 50 6 46 50 68 18 21 51 84 46 50 68 18 21 51
84 46 50 6 50 68 18 21 51 84 46 50 68 18 21 51
84 46 50 68 6 50 68 18 21 51 84 46 50 68 18 21 51

77 35 69 19 65 66 53 77 35 69 19 65 66 53
77 35 69 19 65 66 53 77 35 8 35 69 19 65 66 53
77 35 69 19 65 66 53 77 35 69 8 35 69 19 65 66 53
77 35 69 19 65 66 53 77 35 69 8 69 19 65 66 53
77 35 69 19 65 66 53 77 35 69 19 8 69 19 65 66 53
77 35 8 35 69 19 65 66 53 77 35 69 19 65 66 53
77 35 69 8 35 69 19 65 66 53 77 35 69 19 65 66 53
77 35 69 8 69 19 65 66 53 77 35 69 19 65 66 53
77 35 69 19 8 69 19 65 66 53 77 35 69 19 65 66 53

33 13 59 61 54 9 28 33 13 59 61 54 9 28
33 13 59 61 54 9 28 33 13 8 13 59 61 54 9 28
33 13 59 61 54 9 28 33 13 59 8 13 59 61 54 9 28
33 13 59 61 54 9 28 33 13 59 8 59 61 54 9 28
33 13 59 61 54 9 28 33 13 59 61 8 59 61 54 9 28
33 13 8 13 59 61 54 9 28 33 13 59 61 54 9 28
33 13 59 8 13 59 61 54 9 28 33 13 59 61 54 9 28
33 13 59 8 59 61 54 9 28 33 13 59 61 54 9 28
33 13 59 61 8 59 61 54 9 28 33 13 59 61 54 9 28

21 16 58 67 66 62 10 21 16 58 67 66 62 10
21 16 58 67 66 62 10 21 16 6 16 58 67 66 62 10
21 16 58 67 66 62 10 21 16 58 6 16 58 67 66 62 10
21 16 58 67 66 62 10 21 16 58 6 58 67 66 62 10
21 16 58 67 66 62 10 21 16 58 67 6 58 67 66 62 10
21 16 6 16 58 67 66 62 10 21 16 58 67 66 62 10
21 16 58 6 16 58 67 66 62 10 21 16 58 67 66 62 10
21 16 58 6 58 67 66 62 10 21 16 58 67 66 62 10
21 16 58 67 6 58 67 66 62 10 21 16 58 67 66 62 10

51 85 75 95 7 11 31 51 85 75 95 7 11 31
51 85 75 95 7 11 31 51 85 5 85 75 95 7 11 31
51 85 75 95 7 11 31 51 85 75 5 85 75 95 7 11 31
51 85 75 95 7 11 31 51 85 75 5 75 95 7 11 31
51 85 75 95 7 11 31 51 85 75 95 5 75 95 7 11 31
51 85 5 85 75 95 7 11 31 51 85 75 95 7 11 31
51 85 75 5 85 75 95 7 11 31 51 85 75 95 7 11 31
51 85 75 5 75 95 7 11 31 51 85 75 95 7 11 31
51 85 75 95 5 75 95 7 11 31 51 85 75 95 7 11 31

62 100 69 32 72 13 46 62 100 69 32 72 13 46
62 100 69 32 72 13 46 62 100 18 100 69 32 72 13 46
62 100 69 32 72 13 46 62 100 69 18 100 69 32 72 13 46
62 100 69 32 72 13 46 62 100 69 18 69 32 72 13 46
62 100 69 32 72 13 46 62 100 69 32 18 69 32 72 13 46
62 100 18 100 69 32 72 13 46 62 100 69 32 72 13 46
62 100 69 18 100 69 32 72 13 46 62 100 69 32 72 13 46
62 100 69 18 69 32 72 13 46 62 100 69 32 72 13 46
62 100 69 32 18 69 32 72 13 46 62 100 69 32 72 13 46

93 32 9 20 50 88 76 93 32 9 20 50 88 76
93 32 9 20 50 88 76 93 32 20 32 9 20 50 88 76
93 32 9 20 50 88 76 93 32 9 20 32 9 20 50 88 76
93 32 9 20 50 88 76 93 32 9 20 9 20 50 88 76
93 32 9 20 50 88 76 93 32 9 20 20 9 20 50 88 76
93 32 20 32 9 20 50 88 76 93 32 9 20 50 88 76
93 32 9 20 32 9 20 50 88 76 93 32 9 20 50 88 76
93 32 9 20 9 20 50 88 76 93 32 9 20 50 88 76
93 32 9 20 20 9 20 50 88 76 93 32 9 20 50 88 76

75 5 10 19 18 74 89 75 5 10 19 18 74 89
75 5 10 19 18 74 89 75 5 18 5 10 19 18 74 89
75 5 10 19 18 74 89 75 5 10 18 5 10 19 18 74 89
75 5 10 19 18 74 89 75 5 10 18 10 19 18 74 89
75 5 10 19 18 74 89 75 5 10 19 18 10 19 18 74 89
75 5 18 5 10 19 18 74 89 75 5 10 19 18 74 89
75 5 10 18 5 10 19 18 74 89 75 5 10 19 18 74 89
75 5 10 18 10 19 18 74 89 75 5 10 19 18 74 89
75 5 10 19 18 10 19 18 74 89 75 5 10 19 18 74 89

87 90 100 38 89 77 21 87 90 100 38 89 77 21
87 90 100 38 89 77 21 87 90 5 90 100 38 89 77 21
87 90 100 38 89 77 21 87 90 100 5 90 100 38 89 77 21
87 90 100 38 89 77 21 87 90 100 5 100 38 89 77 21
87 90 100 38 89 77 21 87 90 100 38 5 100 38 89 77 21
87 90 5 90 100 38 89 77 21 87 90 100 38 89 77 21
87 90 100 5 90 100 38 89 77 21 87 90 100 38 89 77 21
87 90 100 5 100 38 89 77 21 87 90 100 38 89 77 21
87 90 100 38 5 100 38 89 77 21 87 90 100 38 89 77 21

66 14 10 20 5 95 24 66 14 10 20 5 95 24
66 14 10 20 5 95 24 66 14 15 14 10 20 5 95 24
66 14 10 20 5 95 24 66 14 10 15 14 10 20 5 95 24
66 14 10 20 5 95 24 66 14 10 15 10 20 5 95 24
66 14 10 20 5 95 24 66 14 10 20 15 10 20 5 95 24
66 14 15 14 10 20 5 95 24 66 14 10 20 5 95 24
66 14 10 15 14 10 20 5 95 24 66 14 10 20 5 95 24
66 14 10 15 10 20 5 95 24 66 14 10 20 5 95 24
66 14 10 20 15 10 20 5 95 24 66 14 10 20 5 95 24

14 22 86 10 88 88 78 14 22 86 10 88 88 78
14 22 86 10 88 88 78 14 22 18 22 86 10 88 88 78
14 22 86 10 88 88 78 14 22 86 18 22 86 10 88 88 78
14 22 86 10 88 88 78 14 22 86 18 86 10 88 88 78
14 22 86 10 88 88 78 14 22 86 10 18 86 10 88 88 78
14 22 18 22 86 10 88 88 78 14 22 86 10 88 88 78
14 22 86 18 22 86 10 88 88 78 14 22 86 10 88 88 78
14 22 86 18 86 10 88 88 78 14 22 86 10 88 88 78
14 22 86 10 18 86 10 88 88 78 14 22 86 10 88 88 78

92 84 15 100 56 57 64 92 84 15 100 56 57 64
92 84 15 100 56 57 64 92 84 10 84 15 100 56 57 64
92 84 15 100 56 57 64 92 84 15 10 84 15 100 56 57 64
92 84 15 100 56 57 64 92 84 15 10 15 100 56 57 64
92 84 15 100 56 57 64 92 84 15 100 10 15 100 56 57 64
92 84 10 84 15 100 56 57 64 92 84 15 100 56 57 64
92 84 15 10 84 15 100 56 57 64 92 84 15 100 56 57 64
92 84 15 10 15 100 56 57 64 92 84 15 100 56 57 64
92 84 15 100 10 15 100 56 57 64 92 84 15 100 56 57 64

81 29 66 69 28 74 5 81 29 66 69 28 74 5
81 29 66 69 28 74 5 81 29 11 29 66 69 28 74 5
81 29 66 69 28 74 5 81 29 66 11 29 66 69 28 74 5
81 29 66 69 28 74 5 81 29 66 11 66 69 28 74 5
81 29 66 69 28 74 5 81 29 66 69 11 66 69 28 74 5
81 29 11 29 66 69 28 74 5 81 29 66 69 28 74 5
81 29 66 11 29 66 69 28 74 5 81 29 66 69 28 74 5
81 29 66 11 66 69 28 74 5 81 29 66 69 28 74 5
81 29 66 69 11 66 69 28 74 5 81 29 66 69 28 74 5

89 22 99 46 77 8 28 89 22 99 46 77 8 28
89 22 99 46 77 8 28 89 22 12 22 99 46 77 8 28
89 22 99 46 77 8 28 89 22 99 12 22 99 46 77 8 28
89 22 99 46 77 8 28 89 22 99 12 99 46 77 8 28
89 22 99 46 77 8 28 89 22 99 46 12 99 46 77 8 28
89 22 12 22 99 46 77 8 28 89 22 99 46 77 8 28
89 22 99 12 22 99 46 77 8 28 89 22 99 46 77 8 28
89 22 99 12 99 46 77 8 28 89 22 99 46 77 8 28
89 22 99 46 12 99 46 77 8 28 89 22 99 46 77 8 28

73 43 32 78 14 68 12 73 43 32 78 14 68 12
73 43 32 78 14 68 12 73 43 15 43 32 78 14 68 12
73 43 32 78 14 68 12 73 43 32 15 43 32 78 14 68 12
73 43 32 78 14 68 12 73 43 32 15 32 78 14 68 12
73 43 32 78 14 68 12 73 43 32 78 15 32 78 14 68 12
73 43 15 43 32 78 14 68 12 73 43 32 78 14 68 12
73 43 32 15 43 32 78 14 68 12 73 43 32 78 14 68 12
73 43 32 15 32 78 14 68 12 73 43 32 78 14 68 12
73 43 32 78 15 32 78 14 68 12 73 43 32 78 14 68 12

47 27 32 46 62 64 13 47 27 32 46 62 64 13
47 27 32 46 62 64 13 47 27 9 27 32 46 62 64 13
47 27 32 46 62 64 13 47 27 32 9 27 32 46 62 64 13
47 27 32 46 62 64 13 47 27 32 9 32 46 62 64 13
47 27 32 46 62 64 13 47 27 32 46 9 32 46 62 64 13
47 27 9 27 32 46 62 64 13 47 27 32 46 62 64 13
47 27 32 9 27 32 46 62 64 13 47 27 32 46 62 64 13
47 27 32 9 32 46 62 64 13 47 27 32 46 62 64 13
47 27 32 46 9 32 46 62 64 13 47 27 32 46 62 64 13

59 82 84 97 76 17 37 59 82 84 97 76 17 37
59 82 84 97 76 17 37 59 82 11 82 84 97 76 17 37
59 82 84 97 76 17 37 59 82 84 11 82 84 97 76 17 37
59 82 84 97 76 17 37 59 82 84 11 84 97 76 17 37
59 82 84 97 76 17 37 59 82 84 97 11 84 97 76 17 37
59 82 11 82 84 97 76 17 37 59 82 84 97 76 17 37
59 82 84 11 82 84 97 76 17 37 59 82 84 97 76 17 37
59 82 84 11 84 97 76 17 37 59 82 84 97 76 17 37
59 82 84 97 11 84 97 76 17 37 59 82 84 97 76 17 37

13 31 45 34 54 5 81 13 31 45 34 54 5 81
13 31 45 34 54 5 81 13 31 17 31 45 34 54 5 81
13 31 45 34 54 5 81 13 31 45 17 31 45 34 54 5 81
13 31 45 34 54 5 81 13 31 45 17 45 34 54 5 81
13 31 45 34 54 5 81 13 31 45 34 17 45 34 54 5 81
13 31 17 31 45 34 54 5 81 13 31 45 34 54 5 81
13 31 45 17 31 45 34 54 5 81 13 31 45 34 54 5 81
13 31 45 17 45 34 54 5 81 13 31 45 34 54 5 81
13 31 45 34 17 45 34 54 5 81 13 31 45 34 54 5 81

55 94 50 66 11 90 92 55 94 50 66 11 90 92
55 94 50 66 11 90 92 55 94 11 94 50 66 11 90 92
55 94 50 66 11 90 92 55 94 50 11 94 50 66 11 90 92
55 94 50 66 11 90 92 55 94 50 11 50 66 11 90 92
55 94 50 66 11 90 92 55 94 50 66 11 50 66 11 90 92
55 94 11 94 50 66 11 90 92 55 94 50 66 11 90 92
55 94 50 11 94 50 66 11 90 92 55 94 50 66 11 90 92
55 94 50 11 50 66 11 90 92 55 94 50 66 11 90 92
55 94 50 66 11 50 66 11 90 92 55 94 50 66 11 90 92

10 82 55 6 26 85 28 10 82 55 6 26 85 28
10 82 55 6 26 85 28 10 82 13 82 55 6 26 85 28
10 82 55 6 26 85 28 10 82 55 13 82 55 6 26 85 28
10 82 55 6 26 85 28 10 82 55 13 55 6 26 85 28
10 82 55 6 26 85 28 10 82 55 6 13 55 6 26 85 28
10 82 13 82 55 6 26 85 28 10 82 55 6 26 85 28
10 82 55 13 82 55 6 26 85 28 10 82 55 6 26 85 28
10 82 55 13 55 6 26 85 28 10 82 55 6 26 85 28
10 82 55 6 13 55 6 26 85 28 10 82 55 6 26 85 28

85 33 91 25 40 42 36 85 33 91 25 40 42 36
85 33 91 25 40 42 36 85 33 16 33 91 25 40 42 36
85 33 91 25 40 42 36 85 33 91 16 33 91 25 40 42 36
85 33 91 25 40 42 36 85 33 91 16 91 25 40 42 36
85 33 91 25 40 42 36 85 33 91 25 16 91 25 40 42 36
85 33 16 33 91 25 40 42 36 85 33 91 25 40 42 36
85 33 91 16 33 91 25 40 42 36 85 33 91 25 40 42 36
85 33 91 16 91 25 40 42 36 85 33 91 25 40 42 36
85 33 91 25 16 91 25 40 42 36 85 33 91 25 40 42 36

71 65 19 90 53 80 97 71 65 19 90 53 80 97
71 65 19 90 53 80 97 71 65 6 65 19 90 53 80 97
71 65 19 90 53 80 97 71 65 19 6 65 19 90 53 80 97
71 65 19 90 53 80 97 71 65 19 6 19 90 53 80 97
71 65 19 90 53 80 97 71 65 19 90 6 19 90 53 80 97
71 65 6 65 19 90 53 80 97 71 65 19 90 53 80 97
71 65 19 6 65 19 90 53 80 97 71 65 19 90 53 80 97
71 65 19 6 19 90 53 80 97 71 65 19 90 53 80 97
71 65 19 90 6 19 90 53 80 97 71 65 19 90 53 80 97

88 96 97 82 19 12 91 88 96 97 82 19 12 91
88 96 97 82 19 12 91 88 96 9 96 97 82 19 12 91
88 96 97 82 19 12 91 88 96 97 9 96 97 82 19 12 91
88 96 97 82 19 12 91 88 96 97 9 97 82 19 12 91
88 96 97 82 19 12 91 88 96 97 82 9 97 82 19 12 91
88 96 9 96 97 82 19 12 91 88 96 97 82 19 12 91
88 96 97 9 96 97 82 19 12 91 88 96 97 82 19 12 91
88 96 97 9 97 82 19 12 91 88 96 97 82 19 12 91
88 96 97 82 9 97 82 19 12 91 88 96 97 82 19 12 91

46 77 28 96 45 15 98 46 77 28 96 45 15 98
46 77 28 96 45 15 98 46 77 19 77 28 96 45 15 98
46 77 28 96 45 15 98 46 77 28 19 77 28 96 45 15 98
46 77 28 96 45 15 98 46 77 28 19 28 96 45 15 98
46 77 28 96 45 15 98 46 77 28 96 19 28 96 45 15 98
46 77 19 77 28 96 45 15 98 46 77 28 96 45 15 98
46 77 28 19 77 28 96 45 15 98 46 77 28 96 45 15 98
46 77 28 19 28 96 45 15 98 46 77 28 96 45 15 98
46 77 28 96 19 28 96 45 15 98 46 77 28 96 45 15 98

10 41 6 27 50 85 97 10 41 6 27 50 85 97
10 41 6 27 50 85 97 10 41 14 41 6 27 50 85 97
10 41 6 27 50 85 97 10 41 6 14 41 6 27 50 85 97
10 41 6 27 50 85 97 10 41 6 14 6 27 50 85 97
10 41 6 27 50 85 97 10 41 6 27 14 6 27 50 85 97
10 41 14 41 6 27 50 85 97 10 41 6 27 50 85 97
10 41 6 14 41 6 27 50 85 97 10 41 6 27 50 85 97
10 41 6 14 6 27 50 85 97 10 41 6 27 50 85 97
10 41 6 27 14 6 27 50 85 97 10 41 6 27 50 85 97

26 96 85 85 62 42 73 26 96 85 85 62 42 73
26 96 85 85 62 42 73 26 96 15 96 85 85 62 42 73
26 96 85 85 62 42 73 26 96 85 15 96 85 85 62 42 73
26 96 85 85 62 42 73 26 96 85 15 85 85 62 42 73
26 96 85 85 62 42 73 26 96 85 85 15 85 85 62 42 73
26 96 15 96 85 85 62 42 73 26 96 85 85 62 42 73
26 96 85 15 96 85 85 62 42 73 26 96 85 85 62 42 73
26 96 85 15 85 85 62 42 73 26 96 85 85 62 42 73
26 96 85 85 15 85 85 62 42 73 26 96 85 85 62 42 73

51 28 27 87 29 5 13 51 28 27 87 29 5 13
51 28 27 87 29 5 13 51 28 5 28 27 87 29 5 13
51 28 27 87 29 5 13 51 28 27 5 28 27 87 29 5 13
51 28 27 87 29 5 13 51 28 27 5 27 87 29 5 13
51 28 27 87 29 5 13 51 28 27 87 5 27 87 29 5 13
51 28 5 28 27 87 29 5 13 51 28 27 87 29 5 13
51 28 27 5 28 27 87 29 5 13 51 28 27 87 29 5 13
51 28 27 5 27 87 29 5 13 51 28 27 87 29 5 13
51 28 27 87 5 27 87 29 5 13 51 28 27 87 29 5 13

74 45 5 27 49 22 54 74 45 5 27 49 22 54
74 45 5 27 49 22 54 74 45 11 45 5 27 49 22 54
74 45 5 27 49 22 54 74 45 5 11 45 5 27 49 22 54
74 45 5 27 49 22 54 74 45 5 11 5 27 49 22 54
74 45 5 27 49 22 54 74 45 5 27 11 5 27 49 22 54
74 45 11 45 5 27 49 22 54 74 45 5 27 49 22 54
74 45 5 11 45 5 27 49 22 54 74 45 5 27 49 22 54
74 45 5 11 5 27 49 22 54 74 45 5 27 49 22 54
74 45 5 27 11 5 27 49 22 54 74 45 5 27 49 22 54

36 39 64 85 19 88 27 36 39 64 85 19 88 27
36 39 64 85 19 88 27 36 39 10 39 64 85 19 88 27
36 39 64 85 19 88 27 36 39 64 10 39 64 85 19 88 27
36 39 64 85 19 88 27 36 39 64 10 64 85 19 88 27
36 39 64 85 19 88 27 36 39 64 85 10 64 85 19 88 27
36 39 10 39 64 85 19 88 27 36 39 64 85 19 88 27
36 39 64 10 39 64 85 19 88 27 36 39 64 85 19 88 27
36 39 64 10 64 85 19 88 27 36 39 64 85 19 88 27
36 39 64 85 10 64 85 19 88 27 36 39 64 85 19 88 27

71 83 59 63 56 29 83 71 83 59 63 56 29 83
71 83 59 63 56 29 83 71 83 16 83 59 63 56 29 83
71 83 59 63 56 29 83 71 83 59 16 83 59 63 56 29 83
71 83 59 63 56 29 83 71 83 59 16 59 63 56 29 83
71 83 59 63 56 29 83 71 83 59 63 16 59 63 56 29 83
71 83 16 83 59 63 56 29 83 71 83 59 63 56 29 83
71 83 59 16 83 59 63 56 29 83 71 83 59 63 56 29 83
71 83 59 16 59 63 56 29 83 71 83 59 63 56 29 83
71 83 59 63 16 59 63 56 29 83 71 83 59 63 56 29 83

92 42 66 98 57 33 53 92 42 66 98 57 33 53
92 42 66 98 57 33 53 92 42 13 42 66 98 57 33 53
92 42 66 98 57 33 53 92 42 66 13 42 66 98 57 33 53
92 42 66 98 57 33 53 92 42 66 13 66 98 57 33 53
92 42 66 98 57 33 53 92 42 66 98 13 66 98 57 33 53
92 42 13 42 66 98 57 33 53 92 42 66 98 57 33 53
92 42 66 13 42 66 98 57 33 53 92 42 66 98 57 33 53
92 42 66 13 66 98 57 33 53 92 42 66 98 57 33 53
92 42 66 98 13 66 98 57 33 53 92 42 66 98 57 33 53

98 27 89 17 16 81 15 98 27 89 17 16 81 15
98 27 89 17 16 81 15 98 27 12 27 89 17 16 81 15
98 27 89 17 16 81 15 98 27 89 12 27 89 17 16 81 15
98 27 89 17 16 81 15 98 27 89 12 89 17 16 81 15
98 27 89 17 16 81 15 98 27 89 17 12 89 17 16 81 15
98 27 12 27 89 17 16 81 15 98 27 89 17 16 81 15
98 27 89 12 27 89 17 16 81 15 98 27 89 17 16 81 15
98 27 89 12 89 17 16 81 15 98 27 89 17 16 81 15
98 27 89 17 12 89 17 16 81 15 98 27 89 17 16 81 15

89 47 91 31 95 72 50 89 47 91 31 95 72 50
89 47 91 31 95 72 50 89 47 8 47 91 31 95 72 50
89 47 91 31 95 72 50 89 47 91 8 47 91 31 95 72 50
89 47 91 31 95 72 50 89 47 91 8 91 31 95 72 50
89 47 91 31 95 72 50 89 47 91 31 8 91 31 95 72 50
89 47 8 47 91 31 95 72 50 89 47 91 31 95 72 50
89 47 91 8 47 91 31 95 72 50 89 47 91 31 95 72 50
89 47 91 8 91 31 95 72 50 89 47 91 31 95 72 50
89 47 91 31 8 91 31 95 72 50 89 47 91 31 95 72 50

85 47 60 96 28 10 31 85 47 60 96 28 10 31
85 47 60 96 28 10 31 85 47 17 47 60 96 28 10 31
85 47 60 96 28 10 31 85 47 60 17 47 60 96 28 10 31
85 47 60 96 28 10 31 85 47 60 17 60 96 28 10 31
85 47 60 96 28 10 31 85 47 60 96 17 60 96 28 10 31
85 47 17 47 60 96 28 10 31 85 47 60 96 28 10 31
85 47 60 17 47 60 96 28 10 31 85 47 60 96 28 10 31
85 47 60 17 60 96 28 10 31 85 47 60 96 28 10 31
85 47 60 96 17 60 96 28 10 31 85 47 60 96 28 10 31

7 37 17 20 34 74 54 7 37 17 20 34 74 54
7 37 17 20 34 74 54 7 37 19 37 17 20 34 74 54
7 37 17 20 34 74 54 7 37 17 19 37 17 20 34 74 54
7 37 17 20 34 74 54 7 37 17 19 17 20 34 74 54
7 37 17 20 34 74 54 7 37 17 20 19 17 20 34 74 54
7 37 19 37 17 20 34 74 54 7 37 17 20 34 74 54
7 37 17 19 37 17 20 34 74 54 7 37 17 20 34 74 54
7 37 17 19 17 20 34 74 54 7 37 17 20 34 74 54
7 37 17 20 19 17 20 34 74 54 7 37 17 20 34 74 54

41 93 25 85 20 18 33 41 93 25 85 20 18 33
41 93 25 85 20 18 33 41 93 16 93 25 85 20 18 33
41 93 25 85 20 18 33 41 93 25 16 93 25 85 20 18 33
41 93 25 85 20 18 33 41 93 25 16 25 85 20 18 33
41 93 25 85 20 18 33 41 93 25 85 16 25 85 20 18 33
41 93 16 93 25 85 20 18 33 41 93 25 85 20 18 33
41 93 25 16 93 25 85 20 18 33 41 93 25 85 20 18 33
41 93 25 16 25 85 20 18 33 41 93 25 85 20 18 33
41 93 25 85 16 25 85 20 18 33 41 93 25 85 20 18 33

54 73 13 5 65 48 96 54 73 13 5 65 48 96
54 73 13 5 65 48 96 54 73 15 73 13 5 65 48 96
54 73 13 5 65 48 96 54 73 13 15 73 13 5 65 48 96
54 73 13 5 65 48 96 54 73 13 15 13 5 65 48 96
54 73 13 5 65 48 96 54 73 13 5 15 13 5 65 48 96
54 73 15 73 13 5 65 48 96 54 73 13 5 65 48 96
54 73 13 15 73 13 5 65 48 96 54 73 13 5 65 48 96
54 73 13 15 13 5 65 48 96 54 73 13 5 65 48 96
54 73 13 5 15 13 5 65 48 96 54 73 13 5 65 48 96

29 20 19 42 90 59 97 29 20 19 42 90 59 97
29 20 19 42 90 59 97 29 20 8 20 19 42 90 59 97
29 20 19 42 90 59 97 29 20 19 8 20 19 42 90 59 97
29 20 19 42 90 59 97 29 20 19 8 19 42 90 59 97
29 20 19 42 90 59 97 29 20 19 42 8 19 42 90 59 97
29 20 8 20 19 42 90 59 97 29 20 19 42 90 59 97
29 20 19 8 20 19 42 90 59 97 29 20 19 42 90 59 97
29 20 19 8 19 42 90 59 97 29 20 19 42 90 59 97
29 20 19 42 8 19 42 90 59 97 29 20 19 42 90 59 97

32 52 66 76 69 14 60 32 52 66 76 69 14 60
32 52 66 76 69 14 60 32 52 5 52 66 76 69 14 60
32 52 66 76 69 14 60 32 52 66 5 52 66 76 69 14 60
32 52 66 76 69 14 60 32 52 66 5 66 76 69 14 60
32 52 66 76 69 14 60 32 52 66 76 5 66 76 69 14 60
32 52 5 52 66 76 69 14 60 32 52 66 76 69 14 60
32 52 66 5 52 66 76 69 14 60 32 52 66 76 69 14 60
32 52 66 5 66 76 69 14 60 32 52 66 76 69 14 60
32 52 66 76 5 66 76 69 14 60 32 52 66 76 69 14 60

96 7 95 30 77 44 48 96 7 95 30 77 44 48
96 7 95 30 77 44 48 96 7 17 7 95 30 77 44 48
96 7 95 30 77 44 48 96 7 95 17 7 95 30 77 44 48
96 7 95 30 77 44 48 96 7 95 17 95 30 77 44 48
96 7 95 30 77 44 48 96 7 95 30 17 95 30 77 44 48
96 7 17 7 95 30 77 44 48 96 7 95 30 77 44 48
96 7 95 17 7 95 30 77 44 48 96 7 95 30 77 44 48
96 7 95 17 95 30 77 44 48 96 7 95 30 77 44 48
96 7 95 30 17 95 30 77 44 48 96 7 95 30 77 44 48

