80
7
4
2

16
15
27
18
22
22
21
7
5
18
19
17
8
19
29
6
1
10
23
27
26
28
25
0
5
24
19
0
5
24
26
14
0
6
7
7
6
23
26
1
25
6
4
20
13
6
10
3
12
30
9
10
20
4
17
21
17
19
29
1
13
8
16
10
24
10
18
8
20
4
13
22
0
14
15
20
30
15
4
13

110 47 
63 81 
42 54 
65 27 
98 117 
96 76 
76 95 
57 90 
23 74 
49 76 
104 65 
117 64 
81 64 
62 86 
21 33 
85 94 
50 87 
26 37 
93 97 
74 105 
99 36 
74 114 
94 38 
71 30 
66 94 
47 74 
80 20 
44 35 
35 48 
89 85 
88 42 
23 102 
53 91 
74 30 
57 68 
46 92 
67 48 
74 82 
38 38 
41 95 
49 94 
96 43 
62 29 
115 75 
36 104 
44 83 
30 78 
61 44 
84 105 
25 60 
67 92 
90 87 
78 78 
88 45 
76 51 
56 67 
107 90 
117 54 
22 77 
38 105 
28 99 
111 17 
102 77 
95 73 
80 44 
85 43 
65 97 
42 27 
106 48 
99 98 
108 79 
101 27 
37 44 
47 103 
29 22 
72 73 
114 100 
45 24 
60 106 
101 104 

1866
2019
1991
1903
2217
1604
2467
1872
1914
1275
2153
2523
2294
1802
1284
1651
1425
1028
1502
1629
1407
2839
1580
1776
2715
2054
1767
1608
1451
1719
1780
1503
1622
1656
2276
1800
1112
2087
1625
1730
1711
2201
1801
2179
1382
1514
1818
1370
2159
1849
1850
2326
2258
1492
1303
1120
1908
2291
2112
2011
1698
1410
2071
1648
1631
1798
1791
1475
2395
2615
1982
1714
1526
1746
826
2299
2035
1658
2129
1934

1 2 3 4 5 1 2 3 4 5 6 7
1 2 3 4 5 1 2 100 102 3 4 5 6 7
1 2 3 4 5 1 2 3 100 102 103 4 5 6 7
1 2 3 4 5 1 2 3 100 103 4 5 6 7
1 2 3 4 5 1 2 3 4 100 103 104 5 6 7
1 2 100 102 3 4 5 1 2 3 4 5 6 7
1 2 3 100 102 103 4 5 1 2 3 4 5 6 7
1 2 3 100 103 4 5 1 2 3 4 5 6 7
1 2 3 4 100 103 104 5 1 2 3 4 5 6 7

28 65 95 33 29 72 75 28 65 95 33 29 72 75
28 65 95 33 29 72 75 28 65 12 65 95 33 29 72 75
28 65 95 33 29 72 75 28 65 95 12 65 95 33 29 72 75
28 65 95 33 29 72 75 28 65 95 12 95 33 29 72 75
28 65 95 33 29 72 75 28 65 95 33 12 95 33 29 72 75
28 65 12 65 95 33 29 72 75 28 65 95 33 29 72 75
28 65 95 12 65 95 33 29 72 75 28 65 95 33 29 72 75
28 65 95 12 95 33 29 72 75 28 65 95 33 29 72 75
28 65 95 33 12 95 33 29 72 75 28 65 95 33 29 72 75

90 29 52 75 36 42 98 90 29 52 75 36 42 98
90 29 52 75 36 42 98 90 29 8 29 52 75 36 42 98
90 29 52 75 36 42 98 90 29 52 8 29 52 75 36 42 98
90 29 52 75 36 42 98 90 29 52 8 52 75 36 42 98
90 29 52 75 36 42 98 90 29 52 75 8 52 75 36 42 98
90 29 8 29 52 75 36 42 98 90 29 52 75 36 42 98
90 29 52 8 29 52 75 36 42 98 90 29 52 75 36 42 98
90 29 52 8 52 75 36 42 98 90 29 52 75 36 42 98
90 29 52 75 8 52 75 36 42 98 90 29 52 75 36 42 98

89 41 26 35 76 68 84 89 41 26 35 76 68 84
89 41 26 35 76 68 84 89 41 11 41 26 35 76 68 84
89 41 26 35 76 68 84 89 41 26 11 41 26 35 76 68 84
89 41 26 35 76 68 84 89 41 26 11 26 35 76 68 84
89 41 26 35 76 68 84 89 41 26 35 11 26 35 76 68 84
89 41 11 41 26 35 76 68 84 89 41 26 35 76 68 84
89 41 26 11 41 26 35 76 68 84 89 41 26 35 76 68 84
89 41 26 11 26 35 76 68 84 89 41 26 35 76 68 84
89 41 26 35 11 26 35 76 68 84 89 41 26 35 76 68 84

21 96 53 20 74 57 66 21 96 53 20 74 57 66
21 96 53 20 74 57 66 21 96 8 96 53 20 74 57 66
21 96 53 20 74 57 66 21 96 53 8 96 53 20 74 57 66
21 96 53 20 74 57 66 21 96 53 8 53 20 74 57 66
21 96 53 20 74 57 66 21 96 53 20 8 53 20 74 57 66
21 96 8 96 53 20 74 57 66 21 96 53 20 74 57 66
21 96 53 8 96 53 20 74 57 66 21 96 53 20 74 57 66
21 96 53 8 53 20 74 57 66 21 96 53 20 74 57 66
21 96 53 20 8 53 20 74 57 66 21 96 53 20 74 57 66

99 30 89 99 11 49 53 99 30 89 99 11 49 53
99 30 89 99 11 49 53 99 30 11 30 89 99 11 49 53
99 30 89 99 11 49 53 99 30 89 11 30 89 99 11 49 53
99 30 89 99 11 49 53 99 30 89 11 89 99 11 49 53
99 30 89 99 11 49 53 99 30 89 99 11 89 99 11 49 53
99 30 11 30 89 99 11 49 53 99 30 89 99 11 49 53
99 30 89 11 30 89 99 11 49 53 99 30 89 99 11 49 53
99 30 89 11 89 99 11 49 53 99 30 89 99 11 49 53
99 30 89 99 11 89 99 11 49 53 99 30 89 99 11 49 53

58 31 76 64 25 17 13 58 31 76 64 25 17 13
58 31 76 64 25 17 13 58 31 20 31 76 64 25 17 13
58 31 76 64 25 17 13 58 31 76 20 31 76 64 25 17 13
58 31 76 64 25 17 13 58 31 76 20 76 64 25 17 13
58 31 76 64 25 17 13 58 31 76 64 20 76 64 25 17 13
58 31 20 31 76 64 25 17 13 58 31 76 64 25 17 13
58 31 76 20 31 76 64 25 17 13 58 31 76 64 25 17 13
58 31 76 20 76 64 25 17 13 58 31 76 64 25 17 13
58 31 76 64 20 76 64 25 17 13 58 31 76 64 25 17 13

55 93 68 75 69 73 65 55 93 68 75 69 73 65
55 93 68 75 69 73 65 55 93 18 93 68 75 69 73 65
55 93 68 75 69 73 65 55 93 68 18 93 68 75 69 73 65
55 93 68 75 69 73 65 55 93 68 18 68 75 69 73 65
55 93 68 75 69 73 65 55 93 68 75 18 68 75 69 73 65
55 93 18 93 68 75 69 73 65 55 93 68 75 69 73 65
55 93 68 18 93 68 75 69 73 65 55 93 68 75 69 73 65
55 93 68 18 68 75 69 73 65 55 93 68 75 69 73 65
55 93 68 75 18 68 75 69 73 65 55 93 68 75 69 73 65

53 39 41 70 92 10 49 53 39 41 70 92 10 49
53 39 41 70 92 10 49 53 39 20 39 41 70 92 10 49
53 39 41 70 92 10 49 53 39 41 20 39 41 70 92 10 49
53 39 41 70 92 10 49 53 39 41 20 41 70 92 10 49
53 39 41 70 92 10 49 53 39 41 70 20 41 70 92 10 49
53 39 20 39 41 70 92 10 49 53 39 41 70 92 10 49
53 39 41 20 39 41 70 92 10 49 53 39 41 70 92 10 49
53 39 41 20 41 70 92 10 49 53 39 41 70 92 10 49
53 39 41 70 20 41 70 92 10 49 53 39 41 70 92 10 49

63 65 5 54 93 70 28 63 65 5 54 93 70 28
63 65 5 54 93 70 28 63 65 9 65 5 54 93 70 28
63 65 5 54 93 70 28 63 65 5 9 65 5 54 93 70 28
63 65 5 54 93 70 28 63 65 5 9 5 54 93 70 28
63 65 5 54 93 70 28 63 65 5 54 9 5 54 93 70 28
63 65 9 65 5 54 93 70 28 63 65 5 54 93 70 28
63 65 5 9 65 5 54 93 70 28 63 65 5 54 93 70 28
63 65 5 9 5 54 93 70 28 63 65 5 54 93 70 28
63 65 5 54 9 5 54 93 70 28 63 65 5 54 93 70 28

14 14 41 66 49 65 7 14 14 41 66 49 65 7
14 14 41 66 49 65 7 14 14 5 14 41 66 49 65 7
14 14 41 66 49 65 7 14 14 41 5 14 41 66 49 65 7
14 14 41 66 49 65 7 14 14 41 5 41 66 49 65 7
14 14 41 66 49 65 7 14 14 41 66 5 41 66 49 65 7
14 14 5 14 41 66 49 65 7 14 14 41 66 49 65 7
14 14 41 5 14 41 66 49 65 7 14 14 41 66 49 65 7
14 14 41 5 41 66 49 65 7 14 14 41 66 49 65 7
14 14 41 66 5 41 66 49 65 7 14 14 41 66 49 65 7

84 36 98 52 12 96 68 84 36 98 52 12 96 68
84 36 98 52 12 96 68 84 36 11 36 98 52 12 96 68
84 36 98 52 12 96 68 84 36 98 11 36 98 52 12 96 68
84 36 98 52 12 96 68 84 36 98 11 98 52 12 96 68
84 36 98 52 12 96 68 84 36 98 52 11 98 52 12 96 68
84 36 11 36 98 52 12 96 68 84 36 98 52 12 96 68
84 36 98 11 36 98 52 12 96 68 84 36 98 52 12 96 68
84 36 98 11 98 52 12 96 68 84 36 98 52 12 96 68
84 36 98 52 11 98 52 12 96 68 84 36 98 52 12 96 68

92 47 98 50 93 67 23 92 47 98 50 93 67 23
92 47 98 50 93 67 23 92 47 9 47 98 50 93 67 23
92 47 98 50 93 67 23 92 47 98 9 47 98 50 93 67 23
92 47 98 50 93 67 23 92 47 98 9 98 50 93 67 23
92 47 98 50 93 67 23 92 47 98 50 9 98 50 93 67 23
92 47 9 47 98 50 93 67 23 92 47 98 50 93 67 23
92 47 98 9 47 98 50 93 67 23 92 47 98 50 93 67 23
92 47 98 9 98 50 93 67 23 92 47 98 50 93 67 23
92 47 98 50 9 98 50 93 67 23 92 47 98 50 93 67 23

72 42 65 49 78 74 91 72 42 65 49 78 74 91
72 42 65 49 78 74 91 72 42 14 42 65 49 78 74 91
72 42 65 49 78 74 91 72 42 65 14 42 65 49 78 74 91
72 42 65 49 78 74 91 72 42 65 14 65 49 78 74 91
72 42 65 49 78 74 91 72 42 65 49 14 65 49 78 74 91
72 42 14 42 65 49 78 74 91 72 42 65 49 78 74 91
72 42 65 14 42 65 49 78 74 91 72 42 65 49 78 74 91
72 42 65 14 65 49 78 74 91 72 42 65 49 78 74 91
72 42 65 49 14 65 49 78 74 91 72 42 65 49 78 74 91

5 44 53 74 86 29 50 5 44 53 74 86 29 50
5 44 53 74 86 29 50 5 44 19 44 53 74 86 29 50
5 44 53 74 86 29 50 5 44 53 19 44 53 74 86 29 50
5 44 53 74 86 29 50 5 44 53 19 53 74 86 29 50
5 44 53 74 86 29 50 5 44 53 74 19 53 74 86 29 50
5 44 19 44 53 74 86 29 50 5 44 53 74 86 29 50
5 44 53 19 44 53 74 86 29 50 5 44 53 74 86 29 50
5 44 53 19 53 74 86 29 50 5 44 53 74 86 29 50
5 44 53 74 19 53 74 86 29 50 5 44 53 74 86 29 50

48 65 12 25 11 74 33 48 65 12 25 11 74 33
48 65 12 25 11 74 33 48 65 16 65 12 25 11 74 33
48 65 12 25 11 74 33 48 65 12 16 65 12 25 11 74 33
48 65 12 25 11 74 33 48 65 12 16 12 25 11 74 33
48 65 12 25 11 74 33 48 65 12 25 16 12 25 11 74 33
48 65 16 65 12 25 11 74 33 48 65 12 25 11 74 33
48 65 12 16 65 12 25 11 74 33 48 65 12 25 11 74 33
48 65 12 16 12 25 11 74 33 48 65 12 25 11 74 33
48 65 12 25 16 12 25 11 74 33 48 65 12 25 11 74 33

33 19 69 79 26 60 62 33 19 69 79 26 60 62
33 19 69 79 26 60 62 33 19 15 19 69 79 26 60 62
33 19 69 79 26 60 62 33 19 69 15 19 69 79 26 60 62
33 19 69 79 26 60 62 33 19 69 15 69 79 26 60 62
33 19 69 79 26 60 62 33 19 69 79 15 69 79 26 60 62
33 19 15 19 69 79 26 60 62 33 19 69 79 26 60 62
33 19 69 15 19 69 79 26 60 62 33 19 69 79 26 60 62
33 19 69 15 69 79 26 60 62 33 19 69 79 26 60 62
33 19 69 79 15 69 79 26 60 62 33 19 69 79 26 60 62

18 22 41 77 7 84 73 18 22 41 77 7 84 73
18 22 41 77 7 84 73 18 22 9 22 41 77 7 84 73
18 22 41 77 7 84 73 18 22 41 9 22 41 77 7 84 73
18 22 41 77 7 84 73 18 22 41 9 41 77 7 84 73
18 22 41 77 7 84 73 18 22 41 77 9 41 77 7 84 73
18 22 9 22 41 77 7 84 73 18 22 41 77 7 84 73
18 22 41 9 22 41 77 7 84 73 18 22 41 77 7 84 73
18 22 41 9 41 77 7 84 73 18 22 41 77 7 84 73
18 22 41 77 9 41 77 7 84 73 18 22 41 77 7 84 73

31 37 11 31 52 15 7 31 37 11 31 52 15 7
31 37 11 31 52 15 7 31 37 14 37 11 31 52 15 7
31 37 11 31 52 15 7 31 37 11 14 37 11 31 52 15 7
31 37 11 31 52 15 7 31 37 11 14 11 31 52 15 7
31 37 11 31 52 15 7 31 37 11 31 14 11 31 52 15 7
31 37 14 37 11 31 52 15 7 31 37 11 31 52 15 7
31 37 11 14 37 11 31 52 15 7 31 37 11 31 52 15 7
31 37 11 14 11 31 52 15 7 31 37 11 31 52 15 7
31 37 11 31 14 11 31 52 15 7 31 37 11 31 52 15 7

7 35 84 85 23 21 17 7 35 84 85 23 21 17
7 35 84 85 23 21 17 7 35 19 35 84 85 23 21 17
7 35 84 85 23 21 17 7 35 84 19 35 84 85 23 21 17
7 35 84 85 23 21 17 7 35 84 19 84 85 23 21 17
7 35 84 85 23 21 17 7 35 84 85 19 84 85 23 21 17
7 35 19 35 84 85 23 21 17 7 35 84 85 23 21 17
7 35 84 19 35 84 85 23 21 17 7 35 84 85 23 21 17
7 35 84 19 84 85 23 21 17 7 35 84 85 23 21 17
7 35 84 85 19 84 85 23 21 17 7 35 84 85 23 21 17

12 30 56 89 9 99 63 12 30 56 89 9 99 63
12 30 56 89 9 99 63 12 30 19 30 56 89 9 99 63
12 30 56 89 9 99 63 12 30 56 19 30 56 89 9 99 63
12 30 56 89 9 99 63 12 30 56 19 56 89 9 99 63
12 30 56 89 9 99 63 12 30 56 89 19 56 89 9 99 63
12 30 19 30 56 89 9 99 63 12 30 56 89 9 99 63
12 30 56 19 30 56 89 9 99 63 12 30 56 89 9 99 63
12 30 56 19 56 89 9 99 63 12 30 56 89 9 99 63
12 30 56 89 19 56 89 9 99 63 12 30 56 89 9 99 63

20 57 79 19 12 35 64 20 57 79 19 12 35 64
20 57 79 19 12 35 64 20 57 7 57 79 19 12 35 64
20 57 79 19 12 35 64 20 57 79 7 57 79 19 12 35 64
20 57 79 19 12 35 64 20 57 79 7 79 19 12 35 64
20 57 79 19 12 35 64 20 57 79 19 7 79 19 12 35 64
20 57 7 57 79 19 12 35 64 20 57 79 19 12 35 64
20 57 79 7 57 79 19 12 35 64 20 57 79 19 12 35 64
20 57 79 7 79 19 12 35 64 20 57 79 19 12 35 64
20 57 79 19 7 79 19 12 35 64 20 57 79 19 12 35 64

96 87 55 94 68 89 86 96 87 55 94 68 89 86
96 87 55 94 68 89 86 96 87 11 87 55 94 68 89 86
96 87 55 94 68 89 86 96 87 55 11 87 55 94 68 89 86
96 87 55 94 68 89 86 96 87 55 11 55 94 68 89 86
96 87 55 94 68 89 86 96 87 55 94 11 55 94 68 89 86
96 87 11 87 55 94 68 89 86 96 87 55 94 68 89 86
96 87 55 11 87 55 94 68 89 86 96 87 55 94 68 89 86
96 87 55 11 55 94 68 89 86 96 87 55 94 68 89 86
96 87 55 94 11 55 94 68 89 86 96 87 55 94 68 89 86

13 62 74 31 12 66 97 13 62 74 31 12 66 97
13 62 74 31 12 66 97 13 62 10 62 74 31 12 66 97
13 62 74 31 12 66 97 13 62 74 10 62 74 31 12 66 97
13 62 74 31 12 66 97 13 62 74 10 74 31 12 66 97
13 62 74 31 12 66 97 13 62 74 31 10 74 31 12 66 97
13 62 10 62 74 31 12 66 97 13 62 74 31 12 66 97
13 62 74 10 62 74 31 12 66 97 13 62 74 31 12 66 97
13 62 74 10 74 31 12 66 97 13 62 74 31 12 66 97
13 62 74 31 10 74 31 12 66 97 13 62 74 31 12 66 97

33 93 62 11 62 29 63 33 93 62 11 62 29 63
33 93 62 11 62 29 63 33 93 7 93 62 11 62 29 63
33 93 62 11 62 29 63 33 93 62 7 93 62 11 62 29 63
33 93 62 11 62 29 63 33 93 62 7 62 11 62 29 63
33 93 62 11 62 29 63 33 93 62 11 7 62 11 62 29 63
33 93 7 93 62 11 62 29 63 33 93 62 11 62 29 63
33 93 62 7 93 62 11 62 29 63 33 93 62 11 62 29 63
33 93 62 7 62 11 62 29 63 33 93 62 11 62 29 63
33 93 62 11 7 62 11 62 29 63 33 93 62 11 62 29 63

84 93 50 89 88 76 36 84 93 50 89 88 76 36
84 93 50 89 88 76 36 84 93 16 93 50 89 88 76 36
84 93 50 89 88 76 36 84 93 50 16 93 50 89 88 76 36
84 93 50 89 88 76 36 84 93 50 16 50 89 88 76 36
84 93 50 89 88 76 36 84 93 50 89 16 50 89 88 76 36
84 93 16 93 50 89 88 76 36 84 93 50 89 88 76 36
84 93 50 16 93 50 89 88 76 36 84 93 50 89 88 76 36
84 93 50 16 50 89 88 76 36 84 93 50 89 88 76 36
84 93 50 89 16 50 89 88 76 36 84 93 50 89 88 76 36

40 65 41 63 89 74 25 40 65 41 63 89 74 25
40 65 41 63 89 74 25 40 65 5 65 41 63 89 74 25
40 65 41 63 89 74 25 40 65 41 5 65 41 63 89 74 25
40 65 41 63 89 74 25 40 65 41 5 41 63 89 74 25
40 65 41 63 89 74 25 40 65 41 63 5 41 63 89 74 25
40 65 5 65 41 63 89 74 25 40 65 41 63 89 74 25
40 65 41 5 65 41 63 89 74 25 40 65 41 63 89 74 25
40 65 41 5 41 63 89 74 25 40 65 41 63 89 74 25
40 65 41 63 5 41 63 89 74 25 40 65 41 63 89 74 25

49 64 60 14 88 35 22 49 64 60 14 88 35 22
49 64 60 14 88 35 22 49 64 8 64 60 14 88 35 22
49 64 60 14 88 35 22 49 64 60 8 64 60 14 88 35 22
49 64 60 14 88 35 22 49 64 60 8 60 14 88 35 22
49 64 60 14 88 35 22 49 64 60 14 8 60 14 88 35 22
49 64 8 64 60 14 88 35 22 49 64 60 14 88 35 22
49 64 60 8 64 60 14 88 35 22 49 64 60 14 88 35 22
49 64 60 8 60 14 88 35 22 49 64 60 14 88 35 22
49 64 60 14 8 60 14 88 35 22 49 64 60 14 88 35 22

36 90 30 26 32 63 53 36 90 30 26 32 63 53
36 90 30 26 32 63 53 36 90 8 90 30 26 32 63 53
36 90 30 26 32 63 53 36 90 30 8 90 30 26 32 63 53
36 90 30 26 32 63 53 36 90 30 8 30 26 32 63 53
36 90 30 26 32 63 53 36 90 30 26 8 30 26 32 63 53
36 90 8 90 30 26 32 63 53 36 90 30 26 32 63 53
36 90 30 8 90 30 26 32 63 53 36 90 30 26 32 63 53
36 90 30 8 30 26 32 63 53 36 90 30 26 32 63 53
36 90 30 26 8 30 26 32 63 53 36 90 30 26 32 63 53

20 28 28 30 58 66 95 20 28 28 30 58 66 95
20 28 28 30 58 66 95 20 28 8 28 28 30 58 66 95
20 28 28 30 58 66 95 20 28 28 8 28 28 30 58 66 95
20 28 28 30 58 66 95 20 28 28 8 28 30 58 66 95
20 28 28 30 58 66 95 20 28 28 30 8 28 30 58 66 95
20 28 8 28 28 30 58 66 95 20 28 28 30 58 66 95
20 28 28 8 28 28 30 58 66 95 20 28 28 30 58 66 95
20 28 28 8 28 30 58 66 95 20 28 28 30 58 66 95
20 28 28 30 8 28 30 58 66 95 20 28 28 30 58 66 95

46 35 76 71 23 30 58 46 35 76 71 23 30 58
46 35 76 71 23 30 58 46 35 9 35 76 71 23 30 58
46 35 76 71 23 30 58 46 35 76 9 35 76 71 23 30 58
46 35 76 71 23 30 58 46 35 76 9 76 71 23 30 58
46 35 76 71 23 30 58 46 35 76 71 9 76 71 23 30 58
46 35 9 35 76 71 23 30 58 46 35 76 71 23 30 58
46 35 76 9 35 76 71 23 30 58 46 35 76 71 23 30 58
46 35 76 9 76 71 23 30 58 46 35 76 71 23 30 58
46 35 76 71 9 76 71 23 30 58 46 35 76 71 23 30 58

18 32 83 24 88 14 96 18 32 83 24 88 14 96
18 32 83 24 88 14 96 18 32 9 32 83 24 88 14 96
18 32 83 24 88 14 96 18 32 83 9 32 83 24 88 14 96
18 32 83 24 88 14 96 18 32 83 9 83 24 88 14 96
18 32 83 24 88 14 96 18 32 83 24 9 83 24 88 14 96
18 32 9 32 83 24 88 14 96 18 32 83 24 88 14 96
18 32 83 9 32 83 24 88 14 96 18 32 83 24 88 14 96
18 32 83 9 83 24 88 14 96 18 32 83 24 88 14 96
18 32 83 24 9 83 24 88 14 96 18 32 83 24 88 14 96

54 33 18 88 44 12 32 54 33 18 88 44 12 32
54 33 18 88 44 12 32 54 33 19 33 18 88 44 12 32
54 33 18 88 44 12 32 54 33 18 19 33 18 88 44 12 32
54 33 18 88 44 12 32 54 33 18 19 18 88 44 12 32
54 33 18 88 44 12 32 54 33 18 88 19 18 88 44 12 32
54 33 19 33 18 88 44 12 32 54 33 18 88 44 12 32
54 33 18 19 33 18 88 44 12 32 54 33 18 88 44 12 32
54 33 18 19 18 88 44 12 32 54 33 18 88 44 12 32
54 33 18 88 19 18 88 44 12 32 54 33 18 88 44 12 32

16 55 36 81 55 46 22 16 55 36 81 55 46 22
16 55 36 81 55 46 22 16 55 5 55 36 81 55 46 22
16 55 36 81 55 46 22 16 55 36 5 55 36 81 55 46 22
16 55 36 81 55 46 22 16 55 36 5 36 81 55 46 22
16 55 36 81 55 46 22 16 55 36 81 5 36 81 55 46 22
16 55 5 55 36 81 55 46 22 16 55 36 81 55 46 22
16 55 36 5 55 36 81 55 46 22 16 55 36 81 55 46 22
16 55 36 5 36 81 55 46 22 16 55 36 81 55 46 22
16 55 36 81 5 36 81 55 46 22 16 55 36 81 55 46 22

78 27 56 23 48 79 21 78 27 56 23 48 79 21
78 27 56 23 48 79 21 78 27 15 27 56 23 48 79 21
78 27 56 23 48 79 21 78 27 56 15 27 56 23 48 79 21
78 27 56 23 48 79 21 78 27 56 15 56 23 48 79 21
78 27 56 23 48 79 21 78 27 56 23 15 56 23 48 79 21
78 27 15 27 56 23 48 79 21 78 27 56 23 48 79 21
78 27 56 15 27 56 23 48 79 21 78 27 56 23 48 79 21
78 27 56 15 56 23 48 79 21 78 27 56 23 48 79 21
78 27 56 23 15 56 23 48 79 21 78 27 56 23 48 79 21

72 65 48 55 81 95 54 72 65 48 55 81 95 54
72 65 48 55 81 95 54 72 65 8 65 48 55 81 95 54
72 65 48 55 81 95 54 72 65 48 8 65 48 55 81 95 54
72 65 48 55 81 95 54 72 65 48 8 48 55 81 95 54
72 65 48 55 81 95 54 72 65 48 55 8 48 55 81 95 54
72 65 8 65 48 55 81 95 54 72 65 48 55 81 95 54
72 65 48 8 65 48 55 81 95 54 72 65 48 55 81 95 54
72 65 48 8 48 55 81 95 54 72 65 48 55 81 95 54
72 65 48 55 8 48 55 81 95 54 72 65 48 55 81 95 54

77 13 32 82 58 19 67 77 13 32 82 58 19 67
77 13 32 82 58 19 67 77 13 9 13 32 82 58 19 67
77 13 32 82 58 19 67 77 13 32 9 13 32 82 58 19 67
77 13 32 82 58 19 67 77 13 32 9 32 82 58 19 67
77 13 32 82 58 19 67 77 13 32 82 9 32 82 58 19 67
77 13 9 13 32 82 58 19 67 77 13 32 82 58 19 67
77 13 32 9 13 32 82 58 19 67 77 13 32 82 58 19 67
77 13 32 9 32 82 58 19 67 77 13 32 82 58 19 67
77 13 32 82 9 32 82 58 19 67 77 13 32 82 58 19 67

38 23 48 37 8 22 52 38 23 48 37 8 22 52
38 23 48 37 8 22 52 38 23 19 23 48 37 8 22 52
38 23 48 37 8 22 52 38 23 48 19 23 48 37 8 22 52
38 23 48 37 8 22 52 38 23 48 19 48 37 8 22 52
38 23 48 37 8 22 52 38 23 48 37 19 48 37 8 22 52
38 23 19 23 48 37 8 22 52 38 23 48 37 8 22 52
38 23 48 19 23 48 37 8 22 52 38 23 48 37 8 22 52
38 23 48 19 48 37 8 22 52 38 23 48 37 8 22 52
38 23 48 37 19 48 37 8 22 52 38 23 48 37 8 22 52

56 6 54 64 97 99 58 56 6 54 64 97 99 58
56 6 54 64 97 99 58 56 6 14 6 54 64 97 99 58
56 6 54 64 97 99 58 56 6 54 14 6 54 64 97 99 58
56 6 54 64 97 99 58 56 6 54 14 54 64 97 99 58
56 6 54 64 97 99 58 56 6 54 64 14 54 64 97 99 58
56 6 14 6 54 64 97 99 58 56 6 54 64 97 99 58
56 6 54 14 6 54 64 97 99 58 56 6 54 64 97 99 58
56 6 54 14 54 64 97 99 58 56 6 54 64 97 99 58
56 6 54 64 14 54 64 97 99 58 56 6 54 64 97 99 58

82 23 26 33 72 47 29 82 23 26 33 72 47 29
82 23 26 33 72 47 29 82 23 16 23 26 33 72 47 29
82 23 26 33 72 47 29 82 23 26 16 23 26 33 72 47 29
82 23 26 33 72 47 29 82 23 26 16 26 33 72 47 29
82 23 26 33 72 47 29 82 23 26 33 16 26 33 72 47 29
82 23 16 23 26 33 72 47 29 82 23 26 33 72 47 29
82 23 26 16 23 26 33 72 47 29 82 23 26 33 72 47 29
82 23 26 16 26 33 72 47 29 82 23 26 33 72 47 29
82 23 26 33 16 26 33 72 47 29 82 23 26 33 72 47 29

57 15 21 78 58 92 49 57 15 21 78 58 92 49
57 15 21 78 58 92 49 57 15 5 15 21 78 58 92 49
57 15 21 78 58 92 49 57 15 21 5 15 21 78 58 92 49
57 15 21 78 58 92 49 57 15 21 5 21 78 58 92 49
57 15 21 78 58 92 49 57 15 21 78 5 21 78 58 92 49
57 15 5 15 21 78 58 92 49 57 15 21 78 58 92 49
57 15 21 5 15 21 78 58 92 49 57 15 21 78 58 92 49
57 15 21 5 21 78 58 92 49 57 15 21 78 58 92 49
57 15 21 78 5 21 78 58 92 49 57 15 21 78 58 92 49

29 62 29 88 56 29 16 29 62 29 88 56 29 16
29 62 29 88 56 29 16 29 62 19 62 29 88 56 29 16
29 62 29 88 56 29 16 29 62 29 19 62 29 88 56 29 16
29 62 29 88 56 29 16 29 62 29 19 29 88 56 29 16
29 62 29 88 56 29 16 29 62 29 88 19 29 88 56 29 16
29 62 19 62 29 88 56 29 16 29 62 29 88 56 29 16
29 62 29 19 62 29 88 56 29 16 29 62 29 88 56 29 16
29 62 29 19 29 88 56 29 16 29 62 29 88 56 29 16
29 62 29 88 19 29 88 56 29 16 29 62 29 88 56 29 16

69 82 77 36 77 55 20 69 82 77 36 77 55 20
69 82 77 36 77 55 20 69 82 13 82 77 36 77 55 20
69 82 77 36 77 55 20 69 82 77 13 82 77 36 77 55 20
69 82 77 36 77 55 20 69 82 77 13 77 36 77 55 20
69 82 77 36 77 55 20 69 82 77 36 13 77 36 77 55 20
69 82 13 82 77 36 77 55 20 69 82 77 36 77 55 20
69 82 77 13 82 77 36 77 55 20 69 82 77 36 77 55 20
69 82 77 13 77 36 77 55 20 69 82 77 36 77 55 20
69 82 77 36 13 77 36 77 55 20 69 82 77 36 77 55 20

70 63 48 22 68 53 32 70 63 48 22 68 53 32
70 63 48 22 68 53 32 70 63 11 63 48 22 68 53 32
70 63 48 22 68 53 32 70 63 48 11 63 48 22 68 53 32
70 63 48 22 68 53 32 70 63 48 11 48 22 68 53 32
70 63 48 22 68 53 32 70 63 48 22 11 48 22 68 53 32
70 63 11 63 48 22 68 53 32 70 63 48 22 68 53 32
70 63 48 11 63 48 22 68 53 32 70 63 48 22 68 53 32
70 63 48 11 48 22 68 53 32 70 63 48 22 68 53 32
70 63 48 22 11 48 22 68 53 32 70 63 48 22 68 53 32

62 59 98 61 37 82 40 62 59 98 61 37 82 40
62 59 98 61 37 82 40 62 59 20 59 98 61 37 82 40
62 59 98 61 37 82 40 62 59 98 20 59 98 61 37 82 40
62 59 98 61 37 82 40 62 59 98 20 98 61 37 82 40
62 59 98 61 37 82 40 62 59 98 61 20 98 61 37 82 40
62 59 20 59 98 61 37 82 40 62 59 98 61 37 82 40
62 59 98 20 59 98 61 37 82 40 62 59 98 61 37 82 40
62 59 98 20 98 61 37 82 40 62 59 98 61 37 82 40
62 59 98 61 20 98 61 37 82 40 62 59 98 61 37 82 40

35 22 20 87 14 32 76 35 22 20 87 14 32 76
35 22 20 87 14 32 76 35 22 19 22 20 87 14 32 76
35 22 20 87 14 32 76 35 22 20 19 22 20 87 14 32 76
35 22 20 87 14 32 76 35 22 20 19 20 87 14 32 76
35 22 20 87 14 32 76 35 22 20 87 19 20 87 14 32 76
35 22 19 22 20 87 14 32 76 35 22 20 87 14 32 76
35 22 20 19 22 20 87 14 32 76 35 22 20 87 14 32 76
35 22 20 19 20 87 14 32 76 35 22 20 87 14 32 76
35 22 20 87 19 20 87 14 32 76 35 22 20 87 14 32 76

38 45 35 72 6 49 84 38 45 35 72 6 49 84
38 45 35 72 6 49 84 38 45 17 45 35 72 6 49 84
38 45 35 72 6 49 84 38 45 35 17 45 35 72 6 49 84
38 45 35 72 6 49 84 38 45 35 17 35 72 6 49 84
38 45 35 72 6 49 84 38 45 35 72 17 35 72 6 49 84
38 45 17 45 35 72 6 49 84 38 45 35 72 6 49 84
38 45 35 17 45 35 72 6 49 84 38 45 35 72 6 49 84
38 45 35 17 35 72 6 49 84 38 45 35 72 6 49 84
38 45 35 72 17 35 72 6 49 84 38 45 35 72 6 49 84

24 98 17 64 54 58 58 24 98 17 64 54 58 58
24 98 17 64 54 58 58 24 98 19 98 17 64 54 58 58
24 98 17 64 54 58 58 24 98 17 19 98 17 64 54 58 58
24 98 17 64 54 58 58 24 98 17 19 17 64 54 58 58
24 98 17 64 54 58 58 24 98 17 64 19 17 64 54 58 58
24 98 19 98 17 64 54 58 58 24 98 17 64 54 58 58
24 98 17 19 98 17 64 54 58 58 24 98 17 64 54 58 58
24 98 17 19 17 64 54 58 58 24 98 17 64 54 58 58
24 98 17 64 19 17 64 54 58 58 24 98 17 64 54 58 58

58 45 54 26 11 69 9 58 45 54 26 11 69 9
58 45 54 26 11 69 9 58 45 13 45 54 26 11 69 9
58 45 54 26 11 69 9 58 45 54 13 45 54 26 11 69 9
58 45 54 26 11 69 9 58 45 54 13 54 26 11 69 9
58 45 54 26 11 69 9 58 45 54 26 13 54 26 11 69 9
58 45 13 45 54 26 11 69 9 58 45 54 26 11 69 9
58 45 54 13 45 54 26 11 69 9 58 45 54 26 11 69 9
58 45 54 13 54 26 11 69 9 58 45 54 26 11 69 9
58 45 54 26 13 54 26 11 69 9 58 45 54 26 11 69 9

94 7 77 89 42 58 72 94 7 77 89 42 58 72
94 7 77 89 42 58 72 94 7 13 7 77 89 42 58 72
94 7 77 89 42 58 72 94 7 77 13 7 77 89 42 58 72
94 7 77 89 42 58 72 94 7 77 13 77 89 42 58 72
94 7 77 89 42 58 72 94 7 77 89 13 77 89 42 58 72
94 7 13 7 77 89 42 58 72 94 7 77 89 42 58 72
94 7 77 13 7 77 89 42 58 72 94 7 77 89 42 58 72
94 7 77 13 77 89 42 58 72 94 7 77 89 42 58 72
94 7 77 89 13 77 89 42 58 72 94 7 77 89 42 58 72

78 13 6 44 91 69 83 78 13 6 44 91 69 83
78 13 6 44 91 69 83 78 13 12 13 6 44 91 69 83
78 13 6 44 91 69 83 78 13 6 12 13 6 44 91 69 83
78 13 6 44 91 69 83 78 13 6 12 6 44 91 69 83
78 13 6 44 91 69 83 78 13 6 44 12 6 44 91 69 83
78 13 12 13 6 44 91 69 83 78 13 6 44 91 69 83
78 13 6 12 13 6 44 91 69 83 78 13 6 44 91 69 83
78 13 6 12 6 44 91 69 83 78 13 6 44 91 69 83
78 13 6 44 12 6 44 91 69 83 78 13 6 44 91 69 83

84 12 52 75 58 22 54 84 12 52 75 58 22 54
84 12 52 75 58 22 54 84 12 16 12 52 75 58 22 54
84 12 52 75 58 22 54 84 12 52 16 12 52 75 58 22 54
84 12 52 75 58 22 54 84 12 52 16 52 75 58 22 54
84 12 52 75 58 22 54 84 12 52 75 16 52 75 58 22 54
84 12 16 12 52 75 58 22 54 84 12 52 75 58 22 54
84 12 52 16 12 52 75 58 22 54 84 12 52 75 58 22 54
84 12 52 16 52 75 58 22 54 84 12 52 75 58 22 54
84 12 52 75 16 52 75 58 22 54 84 12 52 75 58 22 54

40 66 74 69 100 30 78 40 66 74 69 100 30 78
40 66 74 69 100 30 78 40 66 10 66 74 69 100 30 78
40 66 74 69 100 30 78 40 66 74 10 66 74 69 100 30 78
40 66 74 69 100 30 78 40 66 74 10 74 69 100 30 78
40 66 74 69 100 30 78 40 66 74 69 10 74 69 100 30 78
40 66 10 66 74 69 100 30 78 40 66 74 69 100 30 78
40 66 74 10 66 74 69 100 30 78 40 66 74 69 100 30 78
40 66 74 10 74 69 100 30 78 40 66 74 69 100 30 78
40 66 74 69 10 74 69 100 30 78 40 66 74 69 100 30 78

92 49 71 61 65 82 18 92 49 71 61 65 82 18
92 49 71 61 65 82 18 92 49 5 49 71 61 65 82 18
92 49 71 61 65 82 18 92 49 71 5 49 71 61 65 82 18
92 49 71 61 65 82 18 92 49 71 5 71 61 65 82 18
92 49 71 61 65 82 18 92 49 71 61 5 71 61 65 82 18
92 49 5 49 71 61 65 82 18 92 49 71 61 65 82 18
92 49 71 5 49 71 61 65 82 18 92 49 71 61 65 82 18
92 49 71 5 71 61 65 82 18 92 49 71 61 65 82 18
92 49 71 61 5 71 61 65 82 18 92 49 71 61 65 82 18

26 16 78 38 46 86 13 26 16 78 38 46 86 13
26 16 78 38 46 86 13 26 16 17 16 78 38 46 86 13
26 16 78 38 46 86 13 26 16 78 17 16 78 38 46 86 13
26 16 78 38 46 86 13 26 16 78 17 78 38 46 86 13
26 16 78 38 46 86 13 26 16 78 38 17 78 38 46 86 13
26 16 17 16 78 38 46 86 13 26 16 78 38 46 86 13
26 16 78 17 16 78 38 46 86 13 26 16 78 38 46 86 13
26 16 78 17 78 38 46 86 13 26 16 78 38 46 86 13
26 16 78 38 17 78 38 46 86 13 26 16 78 38 46 86 13

30 20 66 44 30 15 45 30 20 66 44 30 15 45
30 20 66 44 30 15 45 30 20 8 20 66 44 30 15 45
30 20 66 44 30 15 45 30 20 66 8 20 66 44 30 15 45
30 20 66 44 30 15 45 30 20 66 8 66 44 30 15 45
30 20 66 44 30 15 45 30 20 66 44 8 66 44 30 15 45
30 20 8 20 66 44 30 15 45 30 20 66 44 30 15 45
30 20 66 8 20 66 44 30 15 45 30 20 66 44 30 15 45
30 20 66 8 66 44 30 15 45 30 20 66 44 30 15 45
30 20 66 44 8 66 44 30 15 45 30 20 66 44 30 15 45

25 50 36 47 10 21 24 25 50 36 47 10 21 24
25 50 36 47 10 21 24 25 50 12 50 36 47 10 21 24
25 50 36 47 10 21 24 25 50 36 12 50 36 47 10 21 24
25 50 36 47 10 21 24 25 50 36 12 36 47 10 21 24
25 50 36 47 10 21 24 25 50 36 47 12 36 47 10 21 24
25 50 12 50 36 47 10 21 24 25 50 36 47 10 21 24
25 50 36 12 50 36 47 10 21 24 25 50 36 47 10 21 24
25 50 36 12 36 47 10 21 24 25 50 36 47 10 21 24
25 50 36 47 12 36 47 10 21 24 25 50 36 47 10 21 24

22 85 94 77 10 13 74 22 85 94 77 10 13 74
22 85 94 77 10 13 74 22 85 8 85 94 77 10 13 74
22 85 94 77 10 13 74 22 85 94 8 85 94 77 10 13 74
22 85 94 77 10 13 74 22 85 94 8 94 77 10 13 74
22 85 94 77 10 13 74 22 85 94 77 8 94 77 10 13 74
22 85 8 85 94 77 10 13 74 22 85 94 77 10 13 74
22 85 94 8 85 94 77 10 13 74 22 85 94 77 10 13 74
22 85 94 8 94 77 10 13 74 22 85 94 77 10 13 74
22 85 94 77 8 94 77 10 13 74 22 85 94 77 10 13 74

56 52 100 35 89 58 73 56 52 100 35 89 58 73
56 52 100 35 89 58 73 56 52 12 52 100 35 89 58 73
56 52 100 35 89 58 73 56 52 100 12 52 100 35 89 58 73
56 52 100 35 89 58 73 56 52 100 12 100 35 89 58 73
56 52 100 35 89 58 73 56 52 100 35 12 100 35 89 58 73
56 52 12 52 100 35 89 58 73 56 52 100 35 89 58 73
56 52 100 12 52 100 35 89 58 73 56 52 100 35 89 58 73
56 52 100 12 100 35 89 58 73 56 52 100 35 89 58 73
56 52 100 35 12 100 35 89 58 73 56 52 100 35 89 58 73

78 72 11 71 61 58 79 78 72 11 71 61 58 79
78 72 11 71 61 58 79 78 72 10 72 11 71 61 58 79
78 72 11 71 61 58 79 78 72 11 10 72 11 71 61 58 79
78 72 11 71 61 58 79 78 72 11 10 11 71 61 58 79
78 72 11 71 61 58 79 78 72 11 71 10 11 71 61 58 79
78 72 10 72 11 71 61 58 79 78 72 11 71 61 58 79
78 72 11 10 72 11 71 61 58 79 78 72 11 71 61 58 79
78 72 11 10 11 71 61 58 79 78 72 11 71 61 58 79
78 72 11 71 10 11 71 61 58 79 78 72 11 71 61 58 79

90 15 32 97 67 10 70 90 15 32 97 67 10 70
90 15 32 97 67 10 70 90 15 18 15 32 97 67 10 70
90 15 32 97 67 10 70 90 15 32 18 15 32 97 67 10 70
90 15 32 97 67 10 70 90 15 32 18 32 97 67 10 70
90 15 32 97 67 10 70 90 15 32 97 18 32 97 67 10 70
90 15 18 15 32 97 67 10 70 90 15 32 97 67 10 70
90 15 32 18 15 32 97 67 10 70 90 15 32 97 67 10 70
90 15 32 18 32 97 67 10 70 90 15 32 97 67 10 70
90 15 32 97 18 32 97 67 10 70 90 15 32 97 67 10 70

75 7 16 85 67 56 25 75 7 16 85 67 56 25
75 7 16 85 67 56 25 75 7 11 7 16 85 67 56 25
75 7 16 85 67 56 25 75 7 16 11 7 16 85 67 56 25
75 7 16 85 67 56 25 75 7 16 11 16 85 67 56 25
75 7 16 85 67 56 25 75 7 16 85 11 16 85 67 56 25
75 7 11 7 16 85 67 56 25 75 7 16 85 67 56 25
75 7 16 11 7 16 85 67 56 25 75 7 16 85 67 56 25
75 7 16 11 16 85 67 56 25 75 7 16 85 67 56 25
75 7 16 85 11 16 85 67 56 25 75 7 16 85 67 56 25

69 27 91 8 23 43 7 69 27 91 8 23 43 7
69 27 91 8 23 43 7 69 27 5 27 91 8 23 43 7
69 27 91 8 23 43 7 69 27 91 5 27 91 8 23 43 7
69 27 91 8 23 43 7 69 27 91 5 91 8 23 43 7
69 27 91 8 23 43 7 69 27 91 8 5 91 8 23 43 7
69 27 5 27 91 8 23 43 7 69 27 91 8 23 43 7
69 27 91 5 27 91 8 23 43 7 69 27 91 8 23 43 7
69 27 91 5 91 8 23 43 7 69 27 91 8 23 43 7
69 27 91 8 5 91 8 23 43 7 69 27 91 8 23 43 7

95 21 93 65 9 96 37 95 21 93 65 9 96 37
95 21 93 65 9 96 37 95 21 12 21 93 65 9 96 37
95 21 93 65 9 96 37 95 21 93 12 21 93 65 9 96 37
95 21 93 65 9 96 37 95 21 93 12 93 65 9 96 37
95 21 93 65 9 96 37 95 21 93 65 12 93 65 9 96 37
95 21 12 21 93 65 9 96 37 95 21 93 65 9 96 37
95 21 93 12 21 93 65 9 96 37 95 21 93 65 9 96 37
95 21 93 12 93 65 9 96 37 95 21 93 65 9 96 37
95 21 93 65 12 93 65 9 96 37 95 21 93 65 9 96 37

53 53 79 57 16 20 33 53 53 79 57 16 20 33
53 53 79 57 16 20 33 53 53 13 53 79 57 16 20 33
53 53 79 57 16 20 33 53 53 79 13 53 79 57 16 20 33
53 53 79 57 16 20 33 53 53 79 13 79 57 16 20 33
53 53 79 57 16 20 33 53 53 79 57 13 79 57 16 20 33
53 53 13 53 79 57 16 20 33 53 53 79 57 16 20 33
53 53 79 13 53 79 57 16 20 33 53 53 79 57 16 20 33
53 53 79 13 79 57 16 20 33 53 53 79 57 16 20 33
53 53 79 57 13 79 57 16 20 33 53 53 79 57 16 20 33

82 19 66 32 28 72 23 82 19 66 32 28 72 23
82 19 66 32 28 72 23 82 19 19 19 66 32 28 72 23
82 19 66 32 28 72 23 82 19 66 19 19 66 32 28 72 23
82 19 66 32 28 72 23 82 19 66 19 66 32 28 72 23
82 19 66 32 28 72 23 82 19 66 32 19 66 32 28 72 23
82 19 19 19 66 32 28 72 23 82 19 66 32 28 72 23
82 19 66 19 19 66 32 28 72 23 82 19 66 32 28 72 23
82 19 66 19 66 32 28 72 23 82 19 66 32 28 72 23
82 19 66 32 19 66 32 28 72 23 82 19 66 32 28 72 23

92 72 65 29 10 78 5 92 72 65 29 10 78 5
92 72 65 29 10 78 5 92 72 8 72 65 29 10 78 5
92 72 65 29 10 78 5 92 72 65 8 72 65 29 10 78 5
92 72 65 29 10 78 5 92 72 65 8 65 29 10 78 5
92 72 65 29 10 78 5 92 72 65 29 8 65 29 10 78 5
92 72 8 72 65 29 10 78 5 92 72 65 29 10 78 5
92 72 65 8 72 65 29 10 78 5 92 72 65 29 10 78 5
92 72 65 8 65 29 10 78 5 92 72 65 29 10 78 5
92 72 65 29 8 65 29 10 78 5 92 72 65 29 10 78 5

23 63 54 80 39 81 21 23 63 54 80 39 81 21
23 63 54 80 39 81 21 23 63 19 63 54 80 39 81 21
23 63 54 80 39 81 21 23 63 54 19 63 54 80 39 81 21
23 63 54 80 39 81 21 23 63 54 19 54 80 39 81 21
23 63 54 80 39 81 21 23 63 54 80 19 54 80 39 81 21
23 63 19 63 54 80 39 81 21 23 63 54 80 39 81 21
23 63 54 19 63 54 80 39 81 21 23 63 54 80 39 81 21
23 63 54 19 54 80 39 81 21 23 63 54 80 39 81 21
23 63 54 80 19 54 80 39 81 21 23 63 54 80 39 81 21

53 65 32 11 41 29 70 53 65 32 11 41 29 70
53 65 32 11 41 29 70 53 65 12 65 32 11 41 29 70
53 65 32 11 41 29 70 53 65 32 12 65 32 11 41 29 70
53 65 32 11 41 29 70 53 65 32 12 32 11 41 29 70
53 65 32 11 41 29 70 53 65 32 11 12 32 11 41 29 70
53 65 12 65 32 11 41 29 70 53 65 32 11 41 29 70
53 65 32 12 65 32 11 41 29 70 53 65 32 11 41 29 70
53 65 32 12 32 11 41 29 70 53 65 32 11 41 29 70
53 65 32 11 12 32 11 41 29 70 53 65 32 11 41 29 70

78 85 100 32 29 100 69 78 85 100 32 29 100 69
78 85 100 32 29 100 69 78 85 12 85 100 32 29 100 69
78 85 100 32 29 100 69 78 85 100 12 85 100 32 29 100 69
78 85 100 32 29 100 69 78 85 100 12 100 32 29 100 69
78 85 100 32 29 100 69 78 85 100 32 12 100 32 29 100 69
78 85 12 85 100 32 29 100 69 78 85 100 32 29 100 69
78 85 100 12 85 100 32 29 100 69 78 85 100 32 29 100 69
78 85 100 12 100 32 29 100 69 78 85 100 32 29 100 69
78 85 100 32 12 100 32 29 100 69 78 85 100 32 29 100 69

82 74 88 90 24 96 90 82 74 88 90 24 96 90
82 74 88 90 24 96 90 82 74 19 74 88 90 24 96 90
82 74 88 90 24 96 90 82 74 88 19 74 88 90 24 96 90
82 74 88 90 24 96 90 82 74 88 19 88 90 24 96 90
82 74 88 90 24 96 90 82 74 88 90 19 88 90 24 96 90
82 74 19 74 88 90 24 96 90 82 74 88 90 24 96 90
82 74 88 19 74 88 90 24 96 90 82 74 88 90 24 96 90
82 74 88 19 88 90 24 96 90 82 74 88 90 24 96 90
82 74 88 90 19 88 90 24 96 90 82 74 88 90 24 96 90

73 32 93 71 12 65 61 73 32 93 71 12 65 61
73 32 93 71 12 65 61 73 32 6 32 93 71 12 65 61
73 32 93 71 12 65 61 73 32 93 6 32 93 71 12 65 61
73 32 93 71 12 65 61 73 32 93 6 93 71 12 65 61
73 32 93 71 12 65 61 73 32 93 71 6 93 71 12 65 61
73 32 6 32 93 71 12 65 61 73 32 93 71 12 65 61
73 32 93 6 32 93 71 12 65 61 73 32 93 71 12 65 61
73 32 93 6 93 71 12 65 61 73 32 93 71 12 65 61
73 32 93 71 6 93 71 12 65 61 73 32 93 71 12 65 61

74 6 88 13 49 48 82 74 6 88 13 49 48 82
74 6 88 13 49 48 82 74 6 16 6 88 13 49 48 82
74 6 88 13 49 48 82 74 6 88 16 6 88 13 49 48 82
74 6 88 13 49 48 82 74 6 88 16 88 13 49 48 82
74 6 88 13 49 48 82 74 6 88 13 16 88 13 49 48 82
74 6 16 6 88 13 49 48 82 74 6 88 13 49 48 82
74 6 88 16 6 88 13 49 48 82 74 6 88 13 49 48 82
74 6 88 16 88 13 49 48 82 74 6 88 13 49 48 82
74 6 88 13 16 88 13 49 48 82 74 6 88 13 49 48 82

91 51 23 29 18 24 72 91 51 23 29 18 24 72
91 51 23 29 18 24 72 91 51 20 51 23 29 18 24 72
91 51 23 29 18 24 72 91 51 23 20 51 23 29 18 24 72
91 51 23 29 18 24 72 91 51 23 20 23 29 18 24 72
91 51 23 29 18 24 72 91 51 23 29 20 23 29 18 24 72
91 51 20 51 23 29 18 24 72 91 51 23 29 18 24 72
91 51 23 20 51 23 29 18 24 72 91 51 23 29 18 24 72
91 51 23 20 23 29 18 24 72 91 51 23 29 18 24 72
91 51 23 29 20 23 29 18 24 72 91 51 23 29 18 24 72

5 69 38 86 59 29 57 5 69 38 86 59 29 57
5 69 38 86 59 29 57 5 69 19 69 38 86 59 29 57
5 69 38 86 59 29 57 5 69 38 19 69 38 86 59 29 57
5 69 38 86 59 29 57 5 69 38 19 38 86 59 29 57
5 69 38 86 59 29 57 5 69 38 86 19 38 86 59 29 57
5 69 19 69 38 86 59 29 57 5 69 38 86 59 29 57
5 69 38 19 69 38 86 59 29 57 5 69 38 86 59 29 57
5 69 38 19 38 86 59 29 57 5 69 38 86 59 29 57
5 69 38 86 19 38 86 59 29 57 5 69 38 86 59 29 57

9 11 20 13 34 63 45 9 11 20 13 34 63 45
9 11 20 13 34 63 45 9 11 18 11 20 13 34 63 45
9 11 20 13 34 63 45 9 11 20 18 11 20 13 34 63 45
9 11 20 13 34 63 45 9 11 20 18 20 13 34 63 45
9 11 20 13 34 63 45 9 11 20 13 18 20 13 34 63 45
9 11 18 11 20 13 34 63 45 9 11 20 13 34 63 45
9 11 20 18 11 20 13 34 63 45 9 11 20 13 34 63 45
9 11 20 18 20 13 34 63 45 9 11 20 13 34 63 45
9 11 20 13 18 20 13 34 63 45 9 11 20 13 34 63 45

82 89 61 59 42 41 92 82 89 61 59 42 41 92
82 89 61 59 42 41 92 82 89 12 89 61 59 42 41 92
82 89 61 59 42 41 92 82 89 61 12 89 61 59 42 41 92
82 89 61 59 42 41 92 82 89 61 12 61 59 42 41 92
82 89 61 59 42 41 92 82 89 61 59 12 61 59 42 41 92
82 89 12 89 61 59 42 41 92 82 89 61 59 42 41 92
82 89 61 12 89 61 59 42 41 92 82 89 61 59 42 41 92
82 89 61 12 61 59 42 41 92 82 89 61 59 42 41 92
82 89 61 59 12 61 59 42 41 92 82 89 61 59 42 41 92

43 7 97 85 64 72 39 43 7 97 85 64 72 39
43 7 97 85 64 72 39 43 7 10 7 97 85 64 72 39
43 7 97 85 64 72 39 43 7 97 10 7 97 85 64 72 39
43 7 97 85 64 72 39 43 7 97 10 97 85 64 72 39
43 7 97 85 64 72 39 43 7 97 85 10 97 85 64 72 39
43 7 10 7 97 85 64 72 39 43 7 97 85 64 72 39
43 7 97 10 7 97 85 64 72 39 43 7 97 85 64 72 39
43 7 97 10 97 85 64 72 39 43 7 97 85 64 72 39
43 7 97 85 10 97 85 64 72 39 43 7 97 85 64 72 39

22 60 39 18 85 82 47 22 60 39 18 85 82 47
22 60 39 18 85 82 47 22 60 15 60 39 18 85 82 47
22 60 39 18 85 82 47 22 60 39 15 60 39 18 85 82 47
22 60 39 18 85 82 47 22 60 39 15 39 18 85 82 47
22 60 39 18 85 82 47 22 60 39 18 15 39 18 85 82 47
22 60 15 60 39 18 85 82 47 22 60 39 18 85 82 47
22 60 39 15 60 39 18 85 82 47 22 60 39 18 85 82 47
22 60 39 15 39 18 85 82 47 22 60 39 18 85 82 47
22 60 39 18 15 39 18 85 82 47 22 60 39 18 85 82 47

61 64 54 92 30 74 68 61 64 54 92 30 74 68
61 64 54 92 30 74 68 61 64 13 64 54 92 30 74 68
61 64 54 92 30 74 68 61 64 54 13 64 54 92 30 74 68
61 64 54 92 30 74 68 61 64 54 13 54 92 30 74 68
61 64 54 92 30 74 68 61 64 54 92 13 54 92 30 74 68
61 64 13 64 54 92 30 74 68 61 64 54 92 30 74 68
61 64 54 13 64 54 92 30 74 68 61 64 54 92 30 74 68
61 64 54 13 54 92 30 74 68 61 64 54 92 30 74 68
61 64 54 92 13 54 92 30 74 68 61 64 54 92 30 74 68

20 7 93 87 63 28 92 20 7 93 87 63 28 92
20 7 93 87 63 28 92 20 7 6 7 93 87 63 28 92
20 7 93 87 63 28 92 20 7 93 6 7 93 87 63 28 92
20 7 93 87 63 28 92 20 7 93 6 93 87 63 28 92
20 7 93 87 63 28 92 20 7 93 87 6 93 87 63 28 92
20 7 6 7 93 87 63 28 92 20 7 93 87 63 28 92
20 7 93 6 7 93 87 63 28 92 20 7 93 87 63 28 92
20 7 93 6 93 87 63 28 92 20 7 93 87 63 28 92
20 7 93 87 6 93 87 63 28 92 20 7 93 87 63 28 92

