80
7
4
2

23
6
30
30
23
18
0
27
25
14
16
25
23
16
7
6
25
8
0
19
0
28
28
16
22
11
19
1
22
25
12
6
26
12
11
19
14
25
11
6
20
23
22
0
30
18
7
15
0
9
9
9
1
10
21
15
17
12
2
22
0
26
9
5
5
18
25
15
3
26
16
12
10
28
28
25
18
26
18
30

113 20 
114 74 
68 35 
84 104 
117 82 
86 86 
109 47 
18 87 
111 69 
41 78 
66 35 
35 92 
90 36 
37 45 
27 86 
86 95 
35 71 
102 85 
111 44 
36 97 
83 98 
96 43 
81 72 
102 26 
35 110 
102 99 
30 23 
70 28 
53 99 
31 108 
43 75 
96 55 
59 43 
47 87 
100 66 
51 108 
29 75 
50 44 
100 94 
63 77 
114 67 
51 24 
89 91 
107 98 
82 62 
63 67 
35 61 
24 105 
44 102 
30 102 
23 100 
51 104 
74 90 
76 69 
39 87 
55 49 
115 19 
52 57 
60 116 
104 97 
23 25 
56 54 
45 75 
42 85 
23 13 
78 62 
64 55 
88 114 
60 72 
37 34 
83 56 
18 25 
105 56 
18 14 
41 43 
54 58 
67 21 
61 42 
57 23 
64 46 

1756
2183
1998
2457
2385
2491
1612
2137
1895
2215
2039
2316
1702
1401
2127
2200
1497
1596
1686
1473
2375
1360
2625
2190
1881
2378
1459
1851
1543
1719
1776
1550
1902
2102
1960
2382
1635
1590
2313
2007
1763
1610
2632
2104
2041
2376
1956
1391
1874
1675
1914
2066
2098
1906
1799
1607
1478
1523
2458
2446
904
1957
1253
1758
1391
2270
1966
2405
1798
1464
2617
1135
2621
1447
1697
1398
1586
1944
1887
1812

1 2 3 4 5 1 2 3 4 5 6 7
1 2 3 4 5 1 2 100 102 3 4 5 6 7
1 2 3 4 5 1 2 3 100 102 103 4 5 6 7
1 2 3 4 5 1 2 3 100 103 4 5 6 7
1 2 3 4 5 1 2 3 4 100 103 104 5 6 7
1 2 100 102 3 4 5 1 2 3 4 5 6 7
1 2 3 100 102 103 4 5 1 2 3 4 5 6 7
1 2 3 100 103 4 5 1 2 3 4 5 6 7
1 2 3 4 100 103 104 5 1 2 3 4 5 6 7

10 81 94 5 49 50 69 10 81 94 5 49 50 69
10 81 94 5 49 50 69 10 81 10 81 94 5 49 50 69
10 81 94 5 49 50 69 10 81 94 10 81 94 5 49 50 69
10 81 94 5 49 50 69 10 81 94 10 94 5 49 50 69
10 81 94 5 49 50 69 10 81 94 5 10 94 5 49 50 69
10 81 10 81 94 5 49 50 69 10 81 94 5 49 50 69
10 81 94 10 81 94 5 49 50 69 10 81 94 5 49 50 69
10 81 94 10 94 5 49 50 69 10 81 94 5 49 50 69
10 81 94 5 10 94 5 49 50 69 10 81 94 5 49 50 69

71 52 95 55 24 53 96 71 52 95 55 24 53 96
71 52 95 55 24 53 96 71 52 7 52 95 55 24 53 96
71 52 95 55 24 53 96 71 52 95 7 52 95 55 24 53 96
71 52 95 55 24 53 96 71 52 95 7 95 55 24 53 96
71 52 95 55 24 53 96 71 52 95 55 7 95 55 24 53 96
71 52 7 52 95 55 24 53 96 71 52 95 55 24 53 96
71 52 95 7 52 95 55 24 53 96 71 52 95 55 24 53 96
71 52 95 7 95 55 24 53 96 71 52 95 55 24 53 96
71 52 95 55 7 95 55 24 53 96 71 52 95 55 24 53 96

58 75 63 25 89 34 24 58 75 63 25 89 34 24
58 75 63 25 89 34 24 58 75 11 75 63 25 89 34 24
58 75 63 25 89 34 24 58 75 63 11 75 63 25 89 34 24
58 75 63 25 89 34 24 58 75 63 11 63 25 89 34 24
58 75 63 25 89 34 24 58 75 63 25 11 63 25 89 34 24
58 75 11 75 63 25 89 34 24 58 75 63 25 89 34 24
58 75 63 11 75 63 25 89 34 24 58 75 63 25 89 34 24
58 75 63 11 63 25 89 34 24 58 75 63 25 89 34 24
58 75 63 25 11 63 25 89 34 24 58 75 63 25 89 34 24

72 88 64 98 48 61 33 72 88 64 98 48 61 33
72 88 64 98 48 61 33 72 88 17 88 64 98 48 61 33
72 88 64 98 48 61 33 72 88 64 17 88 64 98 48 61 33
72 88 64 98 48 61 33 72 88 64 17 64 98 48 61 33
72 88 64 98 48 61 33 72 88 64 98 17 64 98 48 61 33
72 88 17 88 64 98 48 61 33 72 88 64 98 48 61 33
72 88 64 17 88 64 98 48 61 33 72 88 64 98 48 61 33
72 88 64 17 64 98 48 61 33 72 88 64 98 48 61 33
72 88 64 98 17 64 98 48 61 33 72 88 64 98 48 61 33

93 31 100 64 70 39 65 93 31 100 64 70 39 65
93 31 100 64 70 39 65 93 31 17 31 100 64 70 39 65
93 31 100 64 70 39 65 93 31 100 17 31 100 64 70 39 65
93 31 100 64 70 39 65 93 31 100 17 100 64 70 39 65
93 31 100 64 70 39 65 93 31 100 64 17 100 64 70 39 65
93 31 17 31 100 64 70 39 65 93 31 100 64 70 39 65
93 31 100 17 31 100 64 70 39 65 93 31 100 64 70 39 65
93 31 100 17 100 64 70 39 65 93 31 100 64 70 39 65
93 31 100 64 17 100 64 70 39 65 93 31 100 64 70 39 65

84 94 66 68 59 50 78 84 94 66 68 59 50 78
84 94 66 68 59 50 78 84 94 18 94 66 68 59 50 78
84 94 66 68 59 50 78 84 94 66 18 94 66 68 59 50 78
84 94 66 68 59 50 78 84 94 66 18 66 68 59 50 78
84 94 66 68 59 50 78 84 94 66 68 18 66 68 59 50 78
84 94 18 94 66 68 59 50 78 84 94 66 68 59 50 78
84 94 66 18 94 66 68 59 50 78 84 94 66 68 59 50 78
84 94 66 18 66 68 59 50 78 84 94 66 68 59 50 78
84 94 66 68 18 66 68 59 50 78 84 94 66 68 59 50 78

60 37 99 37 28 30 14 60 37 99 37 28 30 14
60 37 99 37 28 30 14 60 37 19 37 99 37 28 30 14
60 37 99 37 28 30 14 60 37 99 19 37 99 37 28 30 14
60 37 99 37 28 30 14 60 37 99 19 99 37 28 30 14
60 37 99 37 28 30 14 60 37 99 37 19 99 37 28 30 14
60 37 19 37 99 37 28 30 14 60 37 99 37 28 30 14
60 37 99 19 37 99 37 28 30 14 60 37 99 37 28 30 14
60 37 99 19 99 37 28 30 14 60 37 99 37 28 30 14
60 37 99 37 19 99 37 28 30 14 60 37 99 37 28 30 14

96 27 7 78 93 55 72 96 27 7 78 93 55 72
96 27 7 78 93 55 72 96 27 6 27 7 78 93 55 72
96 27 7 78 93 55 72 96 27 7 6 27 7 78 93 55 72
96 27 7 78 93 55 72 96 27 7 6 7 78 93 55 72
96 27 7 78 93 55 72 96 27 7 78 6 7 78 93 55 72
96 27 6 27 7 78 93 55 72 96 27 7 78 93 55 72
96 27 7 6 27 7 78 93 55 72 96 27 7 78 93 55 72
96 27 7 6 7 78 93 55 72 96 27 7 78 93 55 72
96 27 7 78 6 7 78 93 55 72 96 27 7 78 93 55 72

29 13 93 58 90 77 13 29 13 93 58 90 77 13
29 13 93 58 90 77 13 29 13 18 13 93 58 90 77 13
29 13 93 58 90 77 13 29 13 93 18 13 93 58 90 77 13
29 13 93 58 90 77 13 29 13 93 18 93 58 90 77 13
29 13 93 58 90 77 13 29 13 93 58 18 93 58 90 77 13
29 13 18 13 93 58 90 77 13 29 13 93 58 90 77 13
29 13 93 18 13 93 58 90 77 13 29 13 93 58 90 77 13
29 13 93 18 93 58 90 77 13 29 13 93 58 90 77 13
29 13 93 58 18 93 58 90 77 13 29 13 93 58 90 77 13

54 93 28 63 100 81 17 54 93 28 63 100 81 17
54 93 28 63 100 81 17 54 93 14 93 28 63 100 81 17
54 93 28 63 100 81 17 54 93 28 14 93 28 63 100 81 17
54 93 28 63 100 81 17 54 93 28 14 28 63 100 81 17
54 93 28 63 100 81 17 54 93 28 63 14 28 63 100 81 17
54 93 14 93 28 63 100 81 17 54 93 28 63 100 81 17
54 93 28 14 93 28 63 100 81 17 54 93 28 63 100 81 17
54 93 28 14 28 63 100 81 17 54 93 28 63 100 81 17
54 93 28 63 14 28 63 100 81 17 54 93 28 63 100 81 17

88 54 56 18 49 72 90 88 54 56 18 49 72 90
88 54 56 18 49 72 90 88 54 20 54 56 18 49 72 90
88 54 56 18 49 72 90 88 54 56 20 54 56 18 49 72 90
88 54 56 18 49 72 90 88 54 56 20 56 18 49 72 90
88 54 56 18 49 72 90 88 54 56 18 20 56 18 49 72 90
88 54 20 54 56 18 49 72 90 88 54 56 18 49 72 90
88 54 56 20 54 56 18 49 72 90 88 54 56 18 49 72 90
88 54 56 20 56 18 49 72 90 88 54 56 18 49 72 90
88 54 56 18 20 56 18 49 72 90 88 54 56 18 49 72 90

90 54 15 82 95 58 68 90 54 15 82 95 58 68
90 54 15 82 95 58 68 90 54 6 54 15 82 95 58 68
90 54 15 82 95 58 68 90 54 15 6 54 15 82 95 58 68
90 54 15 82 95 58 68 90 54 15 6 15 82 95 58 68
90 54 15 82 95 58 68 90 54 15 82 6 15 82 95 58 68
90 54 6 54 15 82 95 58 68 90 54 15 82 95 58 68
90 54 15 6 54 15 82 95 58 68 90 54 15 82 95 58 68
90 54 15 6 15 82 95 58 68 90 54 15 82 95 58 68
90 54 15 82 6 15 82 95 58 68 90 54 15 82 95 58 68

59 39 76 20 23 91 44 59 39 76 20 23 91 44
59 39 76 20 23 91 44 59 39 15 39 76 20 23 91 44
59 39 76 20 23 91 44 59 39 76 15 39 76 20 23 91 44
59 39 76 20 23 91 44 59 39 76 15 76 20 23 91 44
59 39 76 20 23 91 44 59 39 76 20 15 76 20 23 91 44
59 39 15 39 76 20 23 91 44 59 39 76 20 23 91 44
59 39 76 15 39 76 20 23 91 44 59 39 76 20 23 91 44
59 39 76 15 76 20 23 91 44 59 39 76 20 23 91 44
59 39 76 20 15 76 20 23 91 44 59 39 76 20 23 91 44

21 69 22 40 45 19 63 21 69 22 40 45 19 63
21 69 22 40 45 19 63 21 69 19 69 22 40 45 19 63
21 69 22 40 45 19 63 21 69 22 19 69 22 40 45 19 63
21 69 22 40 45 19 63 21 69 22 19 22 40 45 19 63
21 69 22 40 45 19 63 21 69 22 40 19 22 40 45 19 63
21 69 19 69 22 40 45 19 63 21 69 22 40 45 19 63
21 69 22 19 69 22 40 45 19 63 21 69 22 40 45 19 63
21 69 22 19 22 40 45 19 63 21 69 22 40 45 19 63
21 69 22 40 19 22 40 45 19 63 21 69 22 40 45 19 63

97 55 21 73 96 28 8 97 55 21 73 96 28 8
97 55 21 73 96 28 8 97 55 8 55 21 73 96 28 8
97 55 21 73 96 28 8 97 55 21 8 55 21 73 96 28 8
97 55 21 73 96 28 8 97 55 21 8 21 73 96 28 8
97 55 21 73 96 28 8 97 55 21 73 8 21 73 96 28 8
97 55 8 55 21 73 96 28 8 97 55 21 73 96 28 8
97 55 21 8 55 21 73 96 28 8 97 55 21 73 96 28 8
97 55 21 8 21 73 96 28 8 97 55 21 73 96 28 8
97 55 21 73 8 21 73 96 28 8 97 55 21 73 96 28 8

80 23 69 85 67 53 46 80 23 69 85 67 53 46
80 23 69 85 67 53 46 80 23 6 23 69 85 67 53 46
80 23 69 85 67 53 46 80 23 69 6 23 69 85 67 53 46
80 23 69 85 67 53 46 80 23 69 6 69 85 67 53 46
80 23 69 85 67 53 46 80 23 69 85 6 69 85 67 53 46
80 23 6 23 69 85 67 53 46 80 23 69 85 67 53 46
80 23 69 6 23 69 85 67 53 46 80 23 69 85 67 53 46
80 23 69 6 69 85 67 53 46 80 23 69 85 67 53 46
80 23 69 85 6 69 85 67 53 46 80 23 69 85 67 53 46

36 10 21 61 80 42 46 36 10 21 61 80 42 46
36 10 21 61 80 42 46 36 10 14 10 21 61 80 42 46
36 10 21 61 80 42 46 36 10 21 14 10 21 61 80 42 46
36 10 21 61 80 42 46 36 10 21 14 21 61 80 42 46
36 10 21 61 80 42 46 36 10 21 61 14 21 61 80 42 46
36 10 14 10 21 61 80 42 46 36 10 21 61 80 42 46
36 10 21 14 10 21 61 80 42 46 36 10 21 61 80 42 46
36 10 21 14 21 61 80 42 46 36 10 21 61 80 42 46
36 10 21 61 14 21 61 80 42 46 36 10 21 61 80 42 46

22 38 85 72 23 42 29 22 38 85 72 23 42 29
22 38 85 72 23 42 29 22 38 17 38 85 72 23 42 29
22 38 85 72 23 42 29 22 38 85 17 38 85 72 23 42 29
22 38 85 72 23 42 29 22 38 85 17 85 72 23 42 29
22 38 85 72 23 42 29 22 38 85 72 17 85 72 23 42 29
22 38 17 38 85 72 23 42 29 22 38 85 72 23 42 29
22 38 85 17 38 85 72 23 42 29 22 38 85 72 23 42 29
22 38 85 17 85 72 23 42 29 22 38 85 72 23 42 29
22 38 85 72 17 85 72 23 42 29 22 38 85 72 23 42 29

22 9 100 28 41 95 76 22 9 100 28 41 95 76
22 9 100 28 41 95 76 22 9 12 9 100 28 41 95 76
22 9 100 28 41 95 76 22 9 100 12 9 100 28 41 95 76
22 9 100 28 41 95 76 22 9 100 12 100 28 41 95 76
22 9 100 28 41 95 76 22 9 100 28 12 100 28 41 95 76
22 9 12 9 100 28 41 95 76 22 9 100 28 41 95 76
22 9 100 12 9 100 28 41 95 76 22 9 100 28 41 95 76
22 9 100 12 100 28 41 95 76 22 9 100 28 41 95 76
22 9 100 28 12 100 28 41 95 76 22 9 100 28 41 95 76

10 13 18 83 38 99 75 10 13 18 83 38 99 75
10 13 18 83 38 99 75 10 13 13 13 18 83 38 99 75
10 13 18 83 38 99 75 10 13 18 13 13 18 83 38 99 75
10 13 18 83 38 99 75 10 13 18 13 18 83 38 99 75
10 13 18 83 38 99 75 10 13 18 83 13 18 83 38 99 75
10 13 13 13 18 83 38 99 75 10 13 18 83 38 99 75
10 13 18 13 13 18 83 38 99 75 10 13 18 83 38 99 75
10 13 18 13 18 83 38 99 75 10 13 18 83 38 99 75
10 13 18 83 13 18 83 38 99 75 10 13 18 83 38 99 75

71 42 78 82 51 75 91 71 42 78 82 51 75 91
71 42 78 82 51 75 91 71 42 10 42 78 82 51 75 91
71 42 78 82 51 75 91 71 42 78 10 42 78 82 51 75 91
71 42 78 82 51 75 91 71 42 78 10 78 82 51 75 91
71 42 78 82 51 75 91 71 42 78 82 10 78 82 51 75 91
71 42 10 42 78 82 51 75 91 71 42 78 82 51 75 91
71 42 78 10 42 78 82 51 75 91 71 42 78 82 51 75 91
71 42 78 10 78 82 51 75 91 71 42 78 82 51 75 91
71 42 78 82 10 78 82 51 75 91 71 42 78 82 51 75 91

19 8 77 36 37 77 21 19 8 77 36 37 77 21
19 8 77 36 37 77 21 19 8 19 8 77 36 37 77 21
19 8 77 36 37 77 21 19 8 77 19 8 77 36 37 77 21
19 8 77 36 37 77 21 19 8 77 19 77 36 37 77 21
19 8 77 36 37 77 21 19 8 77 36 19 77 36 37 77 21
19 8 19 8 77 36 37 77 21 19 8 77 36 37 77 21
19 8 77 19 8 77 36 37 77 21 19 8 77 36 37 77 21
19 8 77 19 77 36 37 77 21 19 8 77 36 37 77 21
19 8 77 36 19 77 36 37 77 21 19 8 77 36 37 77 21

73 82 71 67 87 57 94 73 82 71 67 87 57 94
73 82 71 67 87 57 94 73 82 20 82 71 67 87 57 94
73 82 71 67 87 57 94 73 82 71 20 82 71 67 87 57 94
73 82 71 67 87 57 94 73 82 71 20 71 67 87 57 94
73 82 71 67 87 57 94 73 82 71 67 20 71 67 87 57 94
73 82 20 82 71 67 87 57 94 73 82 71 67 87 57 94
73 82 71 20 82 71 67 87 57 94 73 82 71 67 87 57 94
73 82 71 20 71 67 87 57 94 73 82 71 67 87 57 94
73 82 71 67 20 71 67 87 57 94 73 82 71 67 87 57 94

75 44 89 21 93 84 33 75 44 89 21 93 84 33
75 44 89 21 93 84 33 75 44 15 44 89 21 93 84 33
75 44 89 21 93 84 33 75 44 89 15 44 89 21 93 84 33
75 44 89 21 93 84 33 75 44 89 15 89 21 93 84 33
75 44 89 21 93 84 33 75 44 89 21 15 89 21 93 84 33
75 44 15 44 89 21 93 84 33 75 44 89 21 93 84 33
75 44 89 15 44 89 21 93 84 33 75 44 89 21 93 84 33
75 44 89 15 89 21 93 84 33 75 44 89 21 93 84 33
75 44 89 21 15 89 21 93 84 33 75 44 89 21 93 84 33

78 37 16 93 50 27 67 78 37 16 93 50 27 67
78 37 16 93 50 27 67 78 37 5 37 16 93 50 27 67
78 37 16 93 50 27 67 78 37 16 5 37 16 93 50 27 67
78 37 16 93 50 27 67 78 37 16 5 16 93 50 27 67
78 37 16 93 50 27 67 78 37 16 93 5 16 93 50 27 67
78 37 5 37 16 93 50 27 67 78 37 16 93 50 27 67
78 37 16 5 37 16 93 50 27 67 78 37 16 93 50 27 67
78 37 16 5 16 93 50 27 67 78 37 16 93 50 27 67
78 37 16 93 5 16 93 50 27 67 78 37 16 93 50 27 67

98 29 87 82 14 100 81 98 29 87 82 14 100 81
98 29 87 82 14 100 81 98 29 20 29 87 82 14 100 81
98 29 87 82 14 100 81 98 29 87 20 29 87 82 14 100 81
98 29 87 82 14 100 81 98 29 87 20 87 82 14 100 81
98 29 87 82 14 100 81 98 29 87 82 20 87 82 14 100 81
98 29 20 29 87 82 14 100 81 98 29 87 82 14 100 81
98 29 87 20 29 87 82 14 100 81 98 29 87 82 14 100 81
98 29 87 20 87 82 14 100 81 98 29 87 82 14 100 81
98 29 87 82 20 87 82 14 100 81 98 29 87 82 14 100 81

58 50 22 9 33 61 84 58 50 22 9 33 61 84
58 50 22 9 33 61 84 58 50 7 50 22 9 33 61 84
58 50 22 9 33 61 84 58 50 22 7 50 22 9 33 61 84
58 50 22 9 33 61 84 58 50 22 7 22 9 33 61 84
58 50 22 9 33 61 84 58 50 22 9 7 22 9 33 61 84
58 50 7 50 22 9 33 61 84 58 50 22 9 33 61 84
58 50 22 7 50 22 9 33 61 84 58 50 22 9 33 61 84
58 50 22 7 22 9 33 61 84 58 50 22 9 33 61 84
58 50 22 9 7 22 9 33 61 84 58 50 22 9 33 61 84

50 45 56 9 83 88 76 50 45 56 9 83 88 76
50 45 56 9 83 88 76 50 45 14 45 56 9 83 88 76
50 45 56 9 83 88 76 50 45 56 14 45 56 9 83 88 76
50 45 56 9 83 88 76 50 45 56 14 56 9 83 88 76
50 45 56 9 83 88 76 50 45 56 9 14 56 9 83 88 76
50 45 14 45 56 9 83 88 76 50 45 56 9 83 88 76
50 45 56 14 45 56 9 83 88 76 50 45 56 9 83 88 76
50 45 56 14 56 9 83 88 76 50 45 56 9 83 88 76
50 45 56 9 14 56 9 83 88 76 50 45 56 9 83 88 76

9 13 40 86 47 100 37 9 13 40 86 47 100 37
9 13 40 86 47 100 37 9 13 14 13 40 86 47 100 37
9 13 40 86 47 100 37 9 13 40 14 13 40 86 47 100 37
9 13 40 86 47 100 37 9 13 40 14 40 86 47 100 37
9 13 40 86 47 100 37 9 13 40 86 14 40 86 47 100 37
9 13 14 13 40 86 47 100 37 9 13 40 86 47 100 37
9 13 40 14 13 40 86 47 100 37 9 13 40 86 47 100 37
9 13 40 14 40 86 47 100 37 9 13 40 86 47 100 37
9 13 40 86 14 40 86 47 100 37 9 13 40 86 47 100 37

20 93 15 94 40 49 18 20 93 15 94 40 49 18
20 93 15 94 40 49 18 20 93 16 93 15 94 40 49 18
20 93 15 94 40 49 18 20 93 15 16 93 15 94 40 49 18
20 93 15 94 40 49 18 20 93 15 16 15 94 40 49 18
20 93 15 94 40 49 18 20 93 15 94 16 15 94 40 49 18
20 93 16 93 15 94 40 49 18 20 93 15 94 40 49 18
20 93 15 16 93 15 94 40 49 18 20 93 15 94 40 49 18
20 93 15 16 15 94 40 49 18 20 93 15 94 40 49 18
20 93 15 94 16 15 94 40 49 18 20 93 15 94 40 49 18

46 44 32 67 77 79 9 46 44 32 67 77 79 9
46 44 32 67 77 79 9 46 44 12 44 32 67 77 79 9
46 44 32 67 77 79 9 46 44 32 12 44 32 67 77 79 9
46 44 32 67 77 79 9 46 44 32 12 32 67 77 79 9
46 44 32 67 77 79 9 46 44 32 67 12 32 67 77 79 9
46 44 12 44 32 67 77 79 9 46 44 32 67 77 79 9
46 44 32 12 44 32 67 77 79 9 46 44 32 67 77 79 9
46 44 32 12 32 67 77 79 9 46 44 32 67 77 79 9
46 44 32 67 12 32 67 77 79 9 46 44 32 67 77 79 9

42 44 83 40 15 46 43 42 44 83 40 15 46 43
42 44 83 40 15 46 43 42 44 8 44 83 40 15 46 43
42 44 83 40 15 46 43 42 44 83 8 44 83 40 15 46 43
42 44 83 40 15 46 43 42 44 83 8 83 40 15 46 43
42 44 83 40 15 46 43 42 44 83 40 8 83 40 15 46 43
42 44 8 44 83 40 15 46 43 42 44 83 40 15 46 43
42 44 83 8 44 83 40 15 46 43 42 44 83 40 15 46 43
42 44 83 8 83 40 15 46 43 42 44 83 40 15 46 43
42 44 83 40 8 83 40 15 46 43 42 44 83 40 15 46 43

92 58 54 38 10 70 84 92 58 54 38 10 70 84
92 58 54 38 10 70 84 92 58 18 58 54 38 10 70 84
92 58 54 38 10 70 84 92 58 54 18 58 54 38 10 70 84
92 58 54 38 10 70 84 92 58 54 18 54 38 10 70 84
92 58 54 38 10 70 84 92 58 54 38 18 54 38 10 70 84
92 58 18 58 54 38 10 70 84 92 58 54 38 10 70 84
92 58 54 18 58 54 38 10 70 84 92 58 54 38 10 70 84
92 58 54 18 54 38 10 70 84 92 58 54 38 10 70 84
92 58 54 38 18 54 38 10 70 84 92 58 54 38 10 70 84

85 59 40 78 51 77 11 85 59 40 78 51 77 11
85 59 40 78 51 77 11 85 59 12 59 40 78 51 77 11
85 59 40 78 51 77 11 85 59 40 12 59 40 78 51 77 11
85 59 40 78 51 77 11 85 59 40 12 40 78 51 77 11
85 59 40 78 51 77 11 85 59 40 78 12 40 78 51 77 11
85 59 12 59 40 78 51 77 11 85 59 40 78 51 77 11
85 59 40 12 59 40 78 51 77 11 85 59 40 78 51 77 11
85 59 40 12 40 78 51 77 11 85 59 40 78 51 77 11
85 59 40 78 12 40 78 51 77 11 85 59 40 78 51 77 11

19 50 95 52 59 82 43 19 50 95 52 59 82 43
19 50 95 52 59 82 43 19 50 10 50 95 52 59 82 43
19 50 95 52 59 82 43 19 50 95 10 50 95 52 59 82 43
19 50 95 52 59 82 43 19 50 95 10 95 52 59 82 43
19 50 95 52 59 82 43 19 50 95 52 10 95 52 59 82 43
19 50 10 50 95 52 59 82 43 19 50 95 52 59 82 43
19 50 95 10 50 95 52 59 82 43 19 50 95 52 59 82 43
19 50 95 10 95 52 59 82 43 19 50 95 52 59 82 43
19 50 95 52 10 95 52 59 82 43 19 50 95 52 59 82 43

85 18 42 99 90 70 72 85 18 42 99 90 70 72
85 18 42 99 90 70 72 85 18 7 18 42 99 90 70 72
85 18 42 99 90 70 72 85 18 42 7 18 42 99 90 70 72
85 18 42 99 90 70 72 85 18 42 7 42 99 90 70 72
85 18 42 99 90 70 72 85 18 42 99 7 42 99 90 70 72
85 18 7 18 42 99 90 70 72 85 18 42 99 90 70 72
85 18 42 7 18 42 99 90 70 72 85 18 42 99 90 70 72
85 18 42 7 42 99 90 70 72 85 18 42 99 90 70 72
85 18 42 99 7 42 99 90 70 72 85 18 42 99 90 70 72

15 77 23 61 22 81 90 15 77 23 61 22 81 90
15 77 23 61 22 81 90 15 77 9 77 23 61 22 81 90
15 77 23 61 22 81 90 15 77 23 9 77 23 61 22 81 90
15 77 23 61 22 81 90 15 77 23 9 23 61 22 81 90
15 77 23 61 22 81 90 15 77 23 61 9 23 61 22 81 90
15 77 9 77 23 61 22 81 90 15 77 23 61 22 81 90
15 77 23 9 77 23 61 22 81 90 15 77 23 61 22 81 90
15 77 23 9 23 61 22 81 90 15 77 23 61 22 81 90
15 77 23 61 9 23 61 22 81 90 15 77 23 61 22 81 90

93 65 32 31 24 5 52 93 65 32 31 24 5 52
93 65 32 31 24 5 52 93 65 12 65 32 31 24 5 52
93 65 32 31 24 5 52 93 65 32 12 65 32 31 24 5 52
93 65 32 31 24 5 52 93 65 32 12 32 31 24 5 52
93 65 32 31 24 5 52 93 65 32 31 12 32 31 24 5 52
93 65 12 65 32 31 24 5 52 93 65 32 31 24 5 52
93 65 32 12 65 32 31 24 5 52 93 65 32 31 24 5 52
93 65 32 12 32 31 24 5 52 93 65 32 31 24 5 52
93 65 32 31 12 32 31 24 5 52 93 65 32 31 24 5 52

57 57 81 78 61 100 39 57 57 81 78 61 100 39
57 57 81 78 61 100 39 57 57 18 57 81 78 61 100 39
57 57 81 78 61 100 39 57 57 81 18 57 81 78 61 100 39
57 57 81 78 61 100 39 57 57 81 18 81 78 61 100 39
57 57 81 78 61 100 39 57 57 81 78 18 81 78 61 100 39
57 57 18 57 81 78 61 100 39 57 57 81 78 61 100 39
57 57 81 18 57 81 78 61 100 39 57 57 81 78 61 100 39
57 57 81 18 81 78 61 100 39 57 57 81 78 61 100 39
57 57 81 78 18 81 78 61 100 39 57 57 81 78 61 100 39

19 82 58 68 54 47 78 19 82 58 68 54 47 78
19 82 58 68 54 47 78 19 82 7 82 58 68 54 47 78
19 82 58 68 54 47 78 19 82 58 7 82 58 68 54 47 78
19 82 58 68 54 47 78 19 82 58 7 58 68 54 47 78
19 82 58 68 54 47 78 19 82 58 68 7 58 68 54 47 78
19 82 7 82 58 68 54 47 78 19 82 58 68 54 47 78
19 82 58 7 82 58 68 54 47 78 19 82 58 68 54 47 78
19 82 58 7 58 68 54 47 78 19 82 58 68 54 47 78
19 82 58 68 7 58 68 54 47 78 19 82 58 68 54 47 78

68 26 96 58 42 16 13 68 26 96 58 42 16 13
68 26 96 58 42 16 13 68 26 9 26 96 58 42 16 13
68 26 96 58 42 16 13 68 26 96 9 26 96 58 42 16 13
68 26 96 58 42 16 13 68 26 96 9 96 58 42 16 13
68 26 96 58 42 16 13 68 26 96 58 9 96 58 42 16 13
68 26 9 26 96 58 42 16 13 68 26 96 58 42 16 13
68 26 96 9 26 96 58 42 16 13 68 26 96 58 42 16 13
68 26 96 9 96 58 42 16 13 68 26 96 58 42 16 13
68 26 96 58 9 96 58 42 16 13 68 26 96 58 42 16 13

74 94 35 13 27 16 41 74 94 35 13 27 16 41
74 94 35 13 27 16 41 74 94 12 94 35 13 27 16 41
74 94 35 13 27 16 41 74 94 35 12 94 35 13 27 16 41
74 94 35 13 27 16 41 74 94 35 12 35 13 27 16 41
74 94 35 13 27 16 41 74 94 35 13 12 35 13 27 16 41
74 94 12 94 35 13 27 16 41 74 94 35 13 27 16 41
74 94 35 12 94 35 13 27 16 41 74 94 35 13 27 16 41
74 94 35 12 35 13 27 16 41 74 94 35 13 27 16 41
74 94 35 13 12 35 13 27 16 41 74 94 35 13 27 16 41

89 78 72 81 80 47 65 89 78 72 81 80 47 65
89 78 72 81 80 47 65 89 78 18 78 72 81 80 47 65
89 78 72 81 80 47 65 89 78 72 18 78 72 81 80 47 65
89 78 72 81 80 47 65 89 78 72 18 72 81 80 47 65
89 78 72 81 80 47 65 89 78 72 81 18 72 81 80 47 65
89 78 18 78 72 81 80 47 65 89 78 72 81 80 47 65
89 78 72 18 78 72 81 80 47 65 89 78 72 81 80 47 65
89 78 72 18 72 81 80 47 65 89 78 72 81 80 47 65
89 78 72 81 18 72 81 80 47 65 89 78 72 81 80 47 65

68 23 92 85 31 41 89 68 23 92 85 31 41 89
68 23 92 85 31 41 89 68 23 18 23 92 85 31 41 89
68 23 92 85 31 41 89 68 23 92 18 23 92 85 31 41 89
68 23 92 85 31 41 89 68 23 92 18 92 85 31 41 89
68 23 92 85 31 41 89 68 23 92 85 18 92 85 31 41 89
68 23 18 23 92 85 31 41 89 68 23 92 85 31 41 89
68 23 92 18 23 92 85 31 41 89 68 23 92 85 31 41 89
68 23 92 18 92 85 31 41 89 68 23 92 85 31 41 89
68 23 92 85 18 92 85 31 41 89 68 23 92 85 31 41 89

99 45 70 50 14 49 84 99 45 70 50 14 49 84
99 45 70 50 14 49 84 99 45 12 45 70 50 14 49 84
99 45 70 50 14 49 84 99 45 70 12 45 70 50 14 49 84
99 45 70 50 14 49 84 99 45 70 12 70 50 14 49 84
99 45 70 50 14 49 84 99 45 70 50 12 70 50 14 49 84
99 45 12 45 70 50 14 49 84 99 45 70 50 14 49 84
99 45 70 12 45 70 50 14 49 84 99 45 70 50 14 49 84
99 45 70 12 70 50 14 49 84 99 45 70 50 14 49 84
99 45 70 50 12 70 50 14 49 84 99 45 70 50 14 49 84

84 64 51 53 70 87 80 84 64 51 53 70 87 80
84 64 51 53 70 87 80 84 64 18 64 51 53 70 87 80
84 64 51 53 70 87 80 84 64 51 18 64 51 53 70 87 80
84 64 51 53 70 87 80 84 64 51 18 51 53 70 87 80
84 64 51 53 70 87 80 84 64 51 53 18 51 53 70 87 80
84 64 18 64 51 53 70 87 80 84 64 51 53 70 87 80
84 64 51 18 64 51 53 70 87 80 84 64 51 53 70 87 80
84 64 51 18 51 53 70 87 80 84 64 51 53 70 87 80
84 64 51 53 18 51 53 70 87 80 84 64 51 53 70 87 80

70 60 28 47 65 72 65 70 60 28 47 65 72 65
70 60 28 47 65 72 65 70 60 15 60 28 47 65 72 65
70 60 28 47 65 72 65 70 60 28 15 60 28 47 65 72 65
70 60 28 47 65 72 65 70 60 28 15 28 47 65 72 65
70 60 28 47 65 72 65 70 60 28 47 15 28 47 65 72 65
70 60 15 60 28 47 65 72 65 70 60 28 47 65 72 65
70 60 28 15 60 28 47 65 72 65 70 60 28 47 65 72 65
70 60 28 15 28 47 65 72 65 70 60 28 47 65 72 65
70 60 28 47 15 28 47 65 72 65 70 60 28 47 65 72 65

15 22 16 90 56 63 17 15 22 16 90 56 63 17
15 22 16 90 56 63 17 15 22 14 22 16 90 56 63 17
15 22 16 90 56 63 17 15 22 16 14 22 16 90 56 63 17
15 22 16 90 56 63 17 15 22 16 14 16 90 56 63 17
15 22 16 90 56 63 17 15 22 16 90 14 16 90 56 63 17
15 22 14 22 16 90 56 63 17 15 22 16 90 56 63 17
15 22 16 14 22 16 90 56 63 17 15 22 16 90 56 63 17
15 22 16 14 16 90 56 63 17 15 22 16 90 56 63 17
15 22 16 90 14 16 90 56 63 17 15 22 16 90 56 63 17

23 70 34 94 55 32 73 23 70 34 94 55 32 73
23 70 34 94 55 32 73 23 70 6 70 34 94 55 32 73
23 70 34 94 55 32 73 23 70 34 6 70 34 94 55 32 73
23 70 34 94 55 32 73 23 70 34 6 34 94 55 32 73
23 70 34 94 55 32 73 23 70 34 94 6 34 94 55 32 73
23 70 6 70 34 94 55 32 73 23 70 34 94 55 32 73
23 70 34 6 70 34 94 55 32 73 23 70 34 94 55 32 73
23 70 34 6 34 94 55 32 73 23 70 34 94 55 32 73
23 70 34 94 6 34 94 55 32 73 23 70 34 94 55 32 73

89 20 15 85 55 6 36 89 20 15 85 55 6 36
89 20 15 85 55 6 36 89 20 16 20 15 85 55 6 36
89 20 15 85 55 6 36 89 20 15 16 20 15 85 55 6 36
89 20 15 85 55 6 36 89 20 15 16 15 85 55 6 36
89 20 15 85 55 6 36 89 20 15 85 16 15 85 55 6 36
89 20 16 20 15 85 55 6 36 89 20 15 85 55 6 36
89 20 15 16 20 15 85 55 6 36 89 20 15 85 55 6 36
89 20 15 16 15 85 55 6 36 89 20 15 85 55 6 36
89 20 15 85 16 15 85 55 6 36 89 20 15 85 55 6 36

65 26 6 84 84 29 89 65 26 6 84 84 29 89
65 26 6 84 84 29 89 65 26 14 26 6 84 84 29 89
65 26 6 84 84 29 89 65 26 6 14 26 6 84 84 29 89
65 26 6 84 84 29 89 65 26 6 14 6 84 84 29 89
65 26 6 84 84 29 89 65 26 6 84 14 6 84 84 29 89
65 26 14 26 6 84 84 29 89 65 26 6 84 84 29 89
65 26 6 14 26 6 84 84 29 89 65 26 6 84 84 29 89
65 26 6 14 6 84 84 29 89 65 26 6 84 84 29 89
65 26 6 84 14 6 84 84 29 89 65 26 6 84 84 29 89

72 79 39 85 32 7 86 72 79 39 85 32 7 86
72 79 39 85 32 7 86 72 79 14 79 39 85 32 7 86
72 79 39 85 32 7 86 72 79 39 14 79 39 85 32 7 86
72 79 39 85 32 7 86 72 79 39 14 39 85 32 7 86
72 79 39 85 32 7 86 72 79 39 85 14 39 85 32 7 86
72 79 14 79 39 85 32 7 86 72 79 39 85 32 7 86
72 79 39 14 79 39 85 32 7 86 72 79 39 85 32 7 86
72 79 39 14 39 85 32 7 86 72 79 39 85 32 7 86
72 79 39 85 14 39 85 32 7 86 72 79 39 85 32 7 86

71 58 59 73 19 100 62 71 58 59 73 19 100 62
71 58 59 73 19 100 62 71 58 20 58 59 73 19 100 62
71 58 59 73 19 100 62 71 58 59 20 58 59 73 19 100 62
71 58 59 73 19 100 62 71 58 59 20 59 73 19 100 62
71 58 59 73 19 100 62 71 58 59 73 20 59 73 19 100 62
71 58 20 58 59 73 19 100 62 71 58 59 73 19 100 62
71 58 59 20 58 59 73 19 100 62 71 58 59 73 19 100 62
71 58 59 20 59 73 19 100 62 71 58 59 73 19 100 62
71 58 59 73 20 59 73 19 100 62 71 58 59 73 19 100 62

57 86 58 58 40 20 42 57 86 58 58 40 20 42
57 86 58 58 40 20 42 57 86 9 86 58 58 40 20 42
57 86 58 58 40 20 42 57 86 58 9 86 58 58 40 20 42
57 86 58 58 40 20 42 57 86 58 9 58 58 40 20 42
57 86 58 58 40 20 42 57 86 58 58 9 58 58 40 20 42
57 86 9 86 58 58 40 20 42 57 86 58 58 40 20 42
57 86 58 9 86 58 58 40 20 42 57 86 58 58 40 20 42
57 86 58 9 58 58 40 20 42 57 86 58 58 40 20 42
57 86 58 58 9 58 58 40 20 42 57 86 58 58 40 20 42

83 18 30 75 41 44 77 83 18 30 75 41 44 77
83 18 30 75 41 44 77 83 18 9 18 30 75 41 44 77
83 18 30 75 41 44 77 83 18 30 9 18 30 75 41 44 77
83 18 30 75 41 44 77 83 18 30 9 30 75 41 44 77
83 18 30 75 41 44 77 83 18 30 75 9 30 75 41 44 77
83 18 9 18 30 75 41 44 77 83 18 30 75 41 44 77
83 18 30 9 18 30 75 41 44 77 83 18 30 75 41 44 77
83 18 30 9 30 75 41 44 77 83 18 30 75 41 44 77
83 18 30 75 9 30 75 41 44 77 83 18 30 75 41 44 77

99 28 45 39 23 61 25 99 28 45 39 23 61 25
99 28 45 39 23 61 25 99 28 17 28 45 39 23 61 25
99 28 45 39 23 61 25 99 28 45 17 28 45 39 23 61 25
99 28 45 39 23 61 25 99 28 45 17 45 39 23 61 25
99 28 45 39 23 61 25 99 28 45 39 17 45 39 23 61 25
99 28 17 28 45 39 23 61 25 99 28 45 39 23 61 25
99 28 45 17 28 45 39 23 61 25 99 28 45 39 23 61 25
99 28 45 17 45 39 23 61 25 99 28 45 39 23 61 25
99 28 45 39 17 45 39 23 61 25 99 28 45 39 23 61 25

33 42 96 10 19 64 33 33 42 96 10 19 64 33
33 42 96 10 19 64 33 33 42 9 42 96 10 19 64 33
33 42 96 10 19 64 33 33 42 96 9 42 96 10 19 64 33
33 42 96 10 19 64 33 33 42 96 9 96 10 19 64 33
33 42 96 10 19 64 33 33 42 96 10 9 96 10 19 64 33
33 42 9 42 96 10 19 64 33 33 42 96 10 19 64 33
33 42 96 9 42 96 10 19 64 33 33 42 96 10 19 64 33
33 42 96 9 96 10 19 64 33 33 42 96 10 19 64 33
33 42 96 10 9 96 10 19 64 33 33 42 96 10 19 64 33

84 65 32 41 25 23 12 84 65 32 41 25 23 12
84 65 32 41 25 23 12 84 65 20 65 32 41 25 23 12
84 65 32 41 25 23 12 84 65 32 20 65 32 41 25 23 12
84 65 32 41 25 23 12 84 65 32 20 32 41 25 23 12
84 65 32 41 25 23 12 84 65 32 41 20 32 41 25 23 12
84 65 20 65 32 41 25 23 12 84 65 32 41 25 23 12
84 65 32 20 65 32 41 25 23 12 84 65 32 41 25 23 12
84 65 32 20 32 41 25 23 12 84 65 32 41 25 23 12
84 65 32 41 20 32 41 25 23 12 84 65 32 41 25 23 12

73 69 55 100 60 32 100 73 69 55 100 60 32 100
73 69 55 100 60 32 100 73 69 8 69 55 100 60 32 100
73 69 55 100 60 32 100 73 69 55 8 69 55 100 60 32 100
73 69 55 100 60 32 100 73 69 55 8 55 100 60 32 100
73 69 55 100 60 32 100 73 69 55 100 8 55 100 60 32 100
73 69 8 69 55 100 60 32 100 73 69 55 100 60 32 100
73 69 55 8 69 55 100 60 32 100 73 69 55 100 60 32 100
73 69 55 8 55 100 60 32 100 73 69 55 100 60 32 100
73 69 55 100 8 55 100 60 32 100 73 69 55 100 60 32 100

100 64 93 83 54 31 7 100 64 93 83 54 31 7
100 64 93 83 54 31 7 100 64 8 64 93 83 54 31 7
100 64 93 83 54 31 7 100 64 93 8 64 93 83 54 31 7
100 64 93 83 54 31 7 100 64 93 8 93 83 54 31 7
100 64 93 83 54 31 7 100 64 93 83 8 93 83 54 31 7
100 64 8 64 93 83 54 31 7 100 64 93 83 54 31 7
100 64 93 8 64 93 83 54 31 7 100 64 93 83 54 31 7
100 64 93 8 93 83 54 31 7 100 64 93 83 54 31 7
100 64 93 83 8 93 83 54 31 7 100 64 93 83 54 31 7

5 62 13 5 32 30 42 5 62 13 5 32 30 42
5 62 13 5 32 30 42 5 62 20 62 13 5 32 30 42
5 62 13 5 32 30 42 5 62 13 20 62 13 5 32 30 42
5 62 13 5 32 30 42 5 62 13 20 13 5 32 30 42
5 62 13 5 32 30 42 5 62 13 5 20 13 5 32 30 42
5 62 20 62 13 5 32 30 42 5 62 13 5 32 30 42
5 62 13 20 62 13 5 32 30 42 5 62 13 5 32 30 42
5 62 13 20 13 5 32 30 42 5 62 13 5 32 30 42
5 62 13 5 20 13 5 32 30 42 5 62 13 5 32 30 42

73 32 39 36 67 96 64 73 32 39 36 67 96 64
73 32 39 36 67 96 64 73 32 12 32 39 36 67 96 64
73 32 39 36 67 96 64 73 32 39 12 32 39 36 67 96 64
73 32 39 36 67 96 64 73 32 39 12 39 36 67 96 64
73 32 39 36 67 96 64 73 32 39 36 12 39 36 67 96 64
73 32 12 32 39 36 67 96 64 73 32 39 36 67 96 64
73 32 39 12 32 39 36 67 96 64 73 32 39 36 67 96 64
73 32 39 12 39 36 67 96 64 73 32 39 36 67 96 64
73 32 39 36 12 39 36 67 96 64 73 32 39 36 67 96 64

52 5 32 64 29 14 49 52 5 32 64 29 14 49
52 5 32 64 29 14 49 52 5 12 5 32 64 29 14 49
52 5 32 64 29 14 49 52 5 32 12 5 32 64 29 14 49
52 5 32 64 29 14 49 52 5 32 12 32 64 29 14 49
52 5 32 64 29 14 49 52 5 32 64 12 32 64 29 14 49
52 5 12 5 32 64 29 14 49 52 5 32 64 29 14 49
52 5 32 12 5 32 64 29 14 49 52 5 32 64 29 14 49
52 5 32 12 32 64 29 14 49 52 5 32 64 29 14 49
52 5 32 64 12 32 64 29 14 49 52 5 32 64 29 14 49

29 89 26 74 28 77 40 29 89 26 74 28 77 40
29 89 26 74 28 77 40 29 89 17 89 26 74 28 77 40
29 89 26 74 28 77 40 29 89 26 17 89 26 74 28 77 40
29 89 26 74 28 77 40 29 89 26 17 26 74 28 77 40
29 89 26 74 28 77 40 29 89 26 74 17 26 74 28 77 40
29 89 17 89 26 74 28 77 40 29 89 26 74 28 77 40
29 89 26 17 89 26 74 28 77 40 29 89 26 74 28 77 40
29 89 26 17 26 74 28 77 40 29 89 26 74 28 77 40
29 89 26 74 17 26 74 28 77 40 29 89 26 74 28 77 40

69 42 17 5 15 81 98 69 42 17 5 15 81 98
69 42 17 5 15 81 98 69 42 16 42 17 5 15 81 98
69 42 17 5 15 81 98 69 42 17 16 42 17 5 15 81 98
69 42 17 5 15 81 98 69 42 17 16 17 5 15 81 98
69 42 17 5 15 81 98 69 42 17 5 16 17 5 15 81 98
69 42 16 42 17 5 15 81 98 69 42 17 5 15 81 98
69 42 17 16 42 17 5 15 81 98 69 42 17 5 15 81 98
69 42 17 16 17 5 15 81 98 69 42 17 5 15 81 98
69 42 17 5 16 17 5 15 81 98 69 42 17 5 15 81 98

94 98 68 49 31 70 12 94 98 68 49 31 70 12
94 98 68 49 31 70 12 94 98 5 98 68 49 31 70 12
94 98 68 49 31 70 12 94 98 68 5 98 68 49 31 70 12
94 98 68 49 31 70 12 94 98 68 5 68 49 31 70 12
94 98 68 49 31 70 12 94 98 68 49 5 68 49 31 70 12
94 98 5 98 68 49 31 70 12 94 98 68 49 31 70 12
94 98 68 5 98 68 49 31 70 12 94 98 68 49 31 70 12
94 98 68 5 68 49 31 70 12 94 98 68 49 31 70 12
94 98 68 49 5 68 49 31 70 12 94 98 68 49 31 70 12

73 74 52 44 22 58 80 73 74 52 44 22 58 80
73 74 52 44 22 58 80 73 74 20 74 52 44 22 58 80
73 74 52 44 22 58 80 73 74 52 20 74 52 44 22 58 80
73 74 52 44 22 58 80 73 74 52 20 52 44 22 58 80
73 74 52 44 22 58 80 73 74 52 44 20 52 44 22 58 80
73 74 20 74 52 44 22 58 80 73 74 52 44 22 58 80
73 74 52 20 74 52 44 22 58 80 73 74 52 44 22 58 80
73 74 52 20 52 44 22 58 80 73 74 52 44 22 58 80
73 74 52 44 20 52 44 22 58 80 73 74 52 44 22 58 80

34 50 74 94 85 98 53 34 50 74 94 85 98 53
34 50 74 94 85 98 53 34 50 18 50 74 94 85 98 53
34 50 74 94 85 98 53 34 50 74 18 50 74 94 85 98 53
34 50 74 94 85 98 53 34 50 74 18 74 94 85 98 53
34 50 74 94 85 98 53 34 50 74 94 18 74 94 85 98 53
34 50 18 50 74 94 85 98 53 34 50 74 94 85 98 53
34 50 74 18 50 74 94 85 98 53 34 50 74 94 85 98 53
34 50 74 18 74 94 85 98 53 34 50 74 94 85 98 53
34 50 74 94 18 74 94 85 98 53 34 50 74 94 85 98 53

77 9 54 57 68 45 49 77 9 54 57 68 45 49
77 9 54 57 68 45 49 77 9 13 9 54 57 68 45 49
77 9 54 57 68 45 49 77 9 54 13 9 54 57 68 45 49
77 9 54 57 68 45 49 77 9 54 13 54 57 68 45 49
77 9 54 57 68 45 49 77 9 54 57 13 54 57 68 45 49
77 9 13 9 54 57 68 45 49 77 9 54 57 68 45 49
77 9 54 13 9 54 57 68 45 49 77 9 54 57 68 45 49
77 9 54 13 54 57 68 45 49 77 9 54 57 68 45 49
77 9 54 57 13 54 57 68 45 49 77 9 54 57 68 45 49

86 16 26 20 23 56 94 86 16 26 20 23 56 94
86 16 26 20 23 56 94 86 16 7 16 26 20 23 56 94
86 16 26 20 23 56 94 86 16 26 7 16 26 20 23 56 94
86 16 26 20 23 56 94 86 16 26 7 26 20 23 56 94
86 16 26 20 23 56 94 86 16 26 20 7 26 20 23 56 94
86 16 7 16 26 20 23 56 94 86 16 26 20 23 56 94
86 16 26 7 16 26 20 23 56 94 86 16 26 20 23 56 94
86 16 26 7 26 20 23 56 94 86 16 26 20 23 56 94
86 16 26 20 7 26 20 23 56 94 86 16 26 20 23 56 94

100 97 78 37 79 25 83 100 97 78 37 79 25 83
100 97 78 37 79 25 83 100 97 13 97 78 37 79 25 83
100 97 78 37 79 25 83 100 97 78 13 97 78 37 79 25 83
100 97 78 37 79 25 83 100 97 78 13 78 37 79 25 83
100 97 78 37 79 25 83 100 97 78 37 13 78 37 79 25 83
100 97 13 97 78 37 79 25 83 100 97 78 37 79 25 83
100 97 78 13 97 78 37 79 25 83 100 97 78 37 79 25 83
100 97 78 13 78 37 79 25 83 100 97 78 37 79 25 83
100 97 78 37 13 78 37 79 25 83 100 97 78 37 79 25 83

73 47 8 19 25 33 10 73 47 8 19 25 33 10
73 47 8 19 25 33 10 73 47 20 47 8 19 25 33 10
73 47 8 19 25 33 10 73 47 8 20 47 8 19 25 33 10
73 47 8 19 25 33 10 73 47 8 20 8 19 25 33 10
73 47 8 19 25 33 10 73 47 8 19 20 8 19 25 33 10
73 47 20 47 8 19 25 33 10 73 47 8 19 25 33 10
73 47 8 20 47 8 19 25 33 10 73 47 8 19 25 33 10
73 47 8 20 8 19 25 33 10 73 47 8 19 25 33 10
73 47 8 19 20 8 19 25 33 10 73 47 8 19 25 33 10

95 100 96 46 94 35 18 95 100 96 46 94 35 18
95 100 96 46 94 35 18 95 100 12 100 96 46 94 35 18
95 100 96 46 94 35 18 95 100 96 12 100 96 46 94 35 18
95 100 96 46 94 35 18 95 100 96 12 96 46 94 35 18
95 100 96 46 94 35 18 95 100 96 46 12 96 46 94 35 18
95 100 12 100 96 46 94 35 18 95 100 96 46 94 35 18
95 100 96 12 100 96 46 94 35 18 95 100 96 46 94 35 18
95 100 96 12 96 46 94 35 18 95 100 96 46 94 35 18
95 100 96 46 12 96 46 94 35 18 95 100 96 46 94 35 18

70 44 12 9 62 73 22 70 44 12 9 62 73 22
70 44 12 9 62 73 22 70 44 17 44 12 9 62 73 22
70 44 12 9 62 73 22 70 44 12 17 44 12 9 62 73 22
70 44 12 9 62 73 22 70 44 12 17 12 9 62 73 22
70 44 12 9 62 73 22 70 44 12 9 17 12 9 62 73 22
70 44 17 44 12 9 62 73 22 70 44 12 9 62 73 22
70 44 12 17 44 12 9 62 73 22 70 44 12 9 62 73 22
70 44 12 17 12 9 62 73 22 70 44 12 9 62 73 22
70 44 12 9 17 12 9 62 73 22 70 44 12 9 62 73 22

47 67 30 34 38 99 50 47 67 30 34 38 99 50
47 67 30 34 38 99 50 47 67 18 67 30 34 38 99 50
47 67 30 34 38 99 50 47 67 30 18 67 30 34 38 99 50
47 67 30 34 38 99 50 47 67 30 18 30 34 38 99 50
47 67 30 34 38 99 50 47 67 30 34 18 30 34 38 99 50
47 67 18 67 30 34 38 99 50 47 67 30 34 38 99 50
47 67 30 18 67 30 34 38 99 50 47 67 30 34 38 99 50
47 67 30 18 30 34 38 99 50 47 67 30 34 38 99 50
47 67 30 34 18 30 34 38 99 50 47 67 30 34 38 99 50

21 51 36 40 17 62 74 21 51 36 40 17 62 74
21 51 36 40 17 62 74 21 51 7 51 36 40 17 62 74
21 51 36 40 17 62 74 21 51 36 7 51 36 40 17 62 74
21 51 36 40 17 62 74 21 51 36 7 36 40 17 62 74
21 51 36 40 17 62 74 21 51 36 40 7 36 40 17 62 74
21 51 7 51 36 40 17 62 74 21 51 36 40 17 62 74
21 51 36 7 51 36 40 17 62 74 21 51 36 40 17 62 74
21 51 36 7 36 40 17 62 74 21 51 36 40 17 62 74
21 51 36 40 7 36 40 17 62 74 21 51 36 40 17 62 74

57 28 60 12 85 19 34 57 28 60 12 85 19 34
57 28 60 12 85 19 34 57 28 19 28 60 12 85 19 34
57 28 60 12 85 19 34 57 28 60 19 28 60 12 85 19 34
57 28 60 12 85 19 34 57 28 60 19 60 12 85 19 34
57 28 60 12 85 19 34 57 28 60 12 19 60 12 85 19 34
57 28 19 28 60 12 85 19 34 57 28 60 12 85 19 34
57 28 60 19 28 60 12 85 19 34 57 28 60 12 85 19 34
57 28 60 19 60 12 85 19 34 57 28 60 12 85 19 34
57 28 60 12 19 60 12 85 19 34 57 28 60 12 85 19 34

94 75 48 37 66 13 19 94 75 48 37 66 13 19
94 75 48 37 66 13 19 94 75 7 75 48 37 66 13 19
94 75 48 37 66 13 19 94 75 48 7 75 48 37 66 13 19
94 75 48 37 66 13 19 94 75 48 7 48 37 66 13 19
94 75 48 37 66 13 19 94 75 48 37 7 48 37 66 13 19
94 75 7 75 48 37 66 13 19 94 75 48 37 66 13 19
94 75 48 7 75 48 37 66 13 19 94 75 48 37 66 13 19
94 75 48 7 48 37 66 13 19 94 75 48 37 66 13 19
94 75 48 37 7 48 37 66 13 19 94 75 48 37 66 13 19

86 80 45 10 59 59 19 86 80 45 10 59 59 19
86 80 45 10 59 59 19 86 80 7 80 45 10 59 59 19
86 80 45 10 59 59 19 86 80 45 7 80 45 10 59 59 19
86 80 45 10 59 59 19 86 80 45 7 45 10 59 59 19
86 80 45 10 59 59 19 86 80 45 10 7 45 10 59 59 19
86 80 7 80 45 10 59 59 19 86 80 45 10 59 59 19
86 80 45 7 80 45 10 59 59 19 86 80 45 10 59 59 19
86 80 45 7 45 10 59 59 19 86 80 45 10 59 59 19
86 80 45 10 7 45 10 59 59 19 86 80 45 10 59 59 19

25 69 45 39 91 12 69 25 69 45 39 91 12 69
25 69 45 39 91 12 69 25 69 17 69 45 39 91 12 69
25 69 45 39 91 12 69 25 69 45 17 69 45 39 91 12 69
25 69 45 39 91 12 69 25 69 45 17 45 39 91 12 69
25 69 45 39 91 12 69 25 69 45 39 17 45 39 91 12 69
25 69 17 69 45 39 91 12 69 25 69 45 39 91 12 69
25 69 45 17 69 45 39 91 12 69 25 69 45 39 91 12 69
25 69 45 17 45 39 91 12 69 25 69 45 39 91 12 69
25 69 45 39 17 45 39 91 12 69 25 69 45 39 91 12 69

