80
7
4
2

24
26
20
20
21
18
16
9
27
24
6
6
25
24
29
26
2
21
3
14
17
15
30
6
10
16
6
19
20
7
8
9
20
26
22
18
27
25
19
6
5
5
16
27
16
13
20
20
24
22
4
5
0
26
25
0
12
4
1
13
21
26
17
8
13
14
0
29
28
17
22
0
5
12
14
15
14
13
27
14

97 77 
12 98 
60 101 
45 57 
84 32 
101 91 
103 101 
31 105 
68 59 
20 84 
88 42 
61 90 
23 56 
64 74 
76 51 
58 24 
111 72 
86 104 
19 58 
81 16 
108 40 
82 26 
31 55 
46 62 
22 111 
56 101 
111 69 
92 69 
43 119 
40 50 
71 73 
57 55 
104 109 
63 58 
115 100 
66 17 
40 105 
30 23 
99 55 
104 43 
78 114 
64 49 
40 34 
31 89 
68 19 
58 99 
59 91 
82 92 
90 71 
58 91 
50 25 
79 32 
84 76 
67 110 
71 40 
29 49 
52 89 
53 113 
23 106 
91 82 
15 82 
117 95 
90 99 
97 110 
81 64 
45 55 
63 21 
108 72 
90 66 
48 43 
48 32 
18 31 
116 78 
96 101 
21 66 
35 61 
19 35 
94 61 
65 68 
41 91 

2450
2003
2301
1943
1520
2746
2836
2088
1998
1155
2103
2034
1667
2024
1937
1096
2417
2136
1498
2111
2021
1931
2197
2218
1566
1295
1838
2240
2175
1890
2523
2388
2097
1765
2275
1447
2326
1485
2229
2945
2107
1492
1699
1844
1229
2215
2097
2372
1921
1849
1448
1703
2260
2437
1868
1155
2007
1997
1901
2368
1463
2133
2284
2254
1387
2042
1767
2411
1966
1294
1211
1595
1547
1695
1470
1674
1276
2196
1667
2401

1 2 3 4 5 1 2 3 4 5 6 7
1 2 3 4 5 1 2 100 102 3 4 5 6 7
1 2 3 4 5 1 2 3 100 102 103 4 5 6 7
1 2 3 4 5 1 2 3 100 103 4 5 6 7
1 2 3 4 5 1 2 3 4 100 103 104 5 6 7
1 2 100 102 3 4 5 1 2 3 4 5 6 7
1 2 3 100 102 103 4 5 1 2 3 4 5 6 7
1 2 3 100 103 4 5 1 2 3 4 5 6 7
1 2 3 4 100 103 104 5 1 2 3 4 5 6 7

79 58 82 63 78 89 16 79 58 82 63 78 89 16
79 58 82 63 78 89 16 79 58 20 58 82 63 78 89 16
79 58 82 63 78 89 16 79 58 82 20 58 82 63 78 89 16
79 58 82 63 78 89 16 79 58 82 20 82 63 78 89 16
79 58 82 63 78 89 16 79 58 82 63 20 82 63 78 89 16
79 58 20 58 82 63 78 89 16 79 58 82 63 78 89 16
79 58 82 20 58 82 63 78 89 16 79 58 82 63 78 89 16
79 58 82 20 82 63 78 89 16 79 58 82 63 78 89 16
79 58 82 63 20 82 63 78 89 16 79 58 82 63 78 89 16

80 75 6 91 60 53 11 80 75 6 91 60 53 11
80 75 6 91 60 53 11 80 75 20 75 6 91 60 53 11
80 75 6 91 60 53 11 80 75 6 20 75 6 91 60 53 11
80 75 6 91 60 53 11 80 75 6 20 6 91 60 53 11
80 75 6 91 60 53 11 80 75 6 91 20 6 91 60 53 11
80 75 20 75 6 91 60 53 11 80 75 6 91 60 53 11
80 75 6 20 75 6 91 60 53 11 80 75 6 91 60 53 11
80 75 6 20 6 91 60 53 11 80 75 6 91 60 53 11
80 75 6 91 20 6 91 60 53 11 80 75 6 91 60 53 11

79 34 55 89 98 54 18 79 34 55 89 98 54 18
79 34 55 89 98 54 18 79 34 15 34 55 89 98 54 18
79 34 55 89 98 54 18 79 34 55 15 34 55 89 98 54 18
79 34 55 89 98 54 18 79 34 55 15 55 89 98 54 18
79 34 55 89 98 54 18 79 34 55 89 15 55 89 98 54 18
79 34 15 34 55 89 98 54 18 79 34 55 89 98 54 18
79 34 55 15 34 55 89 98 54 18 79 34 55 89 98 54 18
79 34 55 15 55 89 98 54 18 79 34 55 89 98 54 18
79 34 55 89 15 55 89 98 54 18 79 34 55 89 98 54 18

79 41 37 51 36 83 85 79 41 37 51 36 83 85
79 41 37 51 36 83 85 79 41 10 41 37 51 36 83 85
79 41 37 51 36 83 85 79 41 37 10 41 37 51 36 83 85
79 41 37 51 36 83 85 79 41 37 10 37 51 36 83 85
79 41 37 51 36 83 85 79 41 37 51 10 37 51 36 83 85
79 41 10 41 37 51 36 83 85 79 41 37 51 36 83 85
79 41 37 10 41 37 51 36 83 85 79 41 37 51 36 83 85
79 41 37 10 37 51 36 83 85 79 41 37 51 36 83 85
79 41 37 51 10 37 51 36 83 85 79 41 37 51 36 83 85

39 67 64 18 19 50 52 39 67 64 18 19 50 52
39 67 64 18 19 50 52 39 67 17 67 64 18 19 50 52
39 67 64 18 19 50 52 39 67 64 17 67 64 18 19 50 52
39 67 64 18 19 50 52 39 67 64 17 64 18 19 50 52
39 67 64 18 19 50 52 39 67 64 18 17 64 18 19 50 52
39 67 17 67 64 18 19 50 52 39 67 64 18 19 50 52
39 67 64 17 67 64 18 19 50 52 39 67 64 18 19 50 52
39 67 64 17 64 18 19 50 52 39 67 64 18 19 50 52
39 67 64 18 17 64 18 19 50 52 39 67 64 18 19 50 52

34 74 86 83 98 100 86 34 74 86 83 98 100 86
34 74 86 83 98 100 86 34 74 5 74 86 83 98 100 86
34 74 86 83 98 100 86 34 74 86 5 74 86 83 98 100 86
34 74 86 83 98 100 86 34 74 86 5 86 83 98 100 86
34 74 86 83 98 100 86 34 74 86 83 5 86 83 98 100 86
34 74 5 74 86 83 98 100 86 34 74 86 83 98 100 86
34 74 86 5 74 86 83 98 100 86 34 74 86 83 98 100 86
34 74 86 5 86 83 98 100 86 34 74 86 83 98 100 86
34 74 86 83 5 86 83 98 100 86 34 74 86 83 98 100 86

76 80 94 88 81 61 56 76 80 94 88 81 61 56
76 80 94 88 81 61 56 76 80 20 80 94 88 81 61 56
76 80 94 88 81 61 56 76 80 94 20 80 94 88 81 61 56
76 80 94 88 81 61 56 76 80 94 20 94 88 81 61 56
76 80 94 88 81 61 56 76 80 94 88 20 94 88 81 61 56
76 80 20 80 94 88 81 61 56 76 80 94 88 81 61 56
76 80 94 20 80 94 88 81 61 56 76 80 94 88 81 61 56
76 80 94 20 94 88 81 61 56 76 80 94 88 81 61 56
76 80 94 88 20 94 88 81 61 56 76 80 94 88 81 61 56

63 41 12 90 86 86 42 63 41 12 90 86 86 42
63 41 12 90 86 86 42 63 41 11 41 12 90 86 86 42
63 41 12 90 86 86 42 63 41 12 11 41 12 90 86 86 42
63 41 12 90 86 86 42 63 41 12 11 12 90 86 86 42
63 41 12 90 86 86 42 63 41 12 90 11 12 90 86 86 42
63 41 11 41 12 90 86 86 42 63 41 12 90 86 86 42
63 41 12 11 41 12 90 86 86 42 63 41 12 90 86 86 42
63 41 12 11 12 90 86 86 42 63 41 12 90 86 86 42
63 41 12 90 11 12 90 86 86 42 63 41 12 90 86 86 42

81 59 52 45 31 49 95 81 59 52 45 31 49 95
81 59 52 45 31 49 95 81 59 7 59 52 45 31 49 95
81 59 52 45 31 49 95 81 59 52 7 59 52 45 31 49 95
81 59 52 45 31 49 95 81 59 52 7 52 45 31 49 95
81 59 52 45 31 49 95 81 59 52 45 7 52 45 31 49 95
81 59 7 59 52 45 31 49 95 81 59 52 45 31 49 95
81 59 52 7 59 52 45 31 49 95 81 59 52 45 31 49 95
81 59 52 7 52 45 31 49 95 81 59 52 45 31 49 95
81 59 52 45 7 52 45 31 49 95 81 59 52 45 31 49 95

17 24 14 65 25 88 5 17 24 14 65 25 88 5
17 24 14 65 25 88 5 17 24 18 24 14 65 25 88 5
17 24 14 65 25 88 5 17 24 14 18 24 14 65 25 88 5
17 24 14 65 25 88 5 17 24 14 18 14 65 25 88 5
17 24 14 65 25 88 5 17 24 14 65 18 14 65 25 88 5
17 24 18 24 14 65 25 88 5 17 24 14 65 25 88 5
17 24 14 18 24 14 65 25 88 5 17 24 14 65 25 88 5
17 24 14 18 14 65 25 88 5 17 24 14 65 25 88 5
17 24 14 65 18 14 65 25 88 5 17 24 14 65 25 88 5

77 68 69 23 48 70 95 77 68 69 23 48 70 95
77 68 69 23 48 70 95 77 68 16 68 69 23 48 70 95
77 68 69 23 48 70 95 77 68 69 16 68 69 23 48 70 95
77 68 69 23 48 70 95 77 68 69 16 69 23 48 70 95
77 68 69 23 48 70 95 77 68 69 23 16 69 23 48 70 95
77 68 16 68 69 23 48 70 95 77 68 69 23 48 70 95
77 68 69 16 68 69 23 48 70 95 77 68 69 23 48 70 95
77 68 69 16 69 23 48 70 95 77 68 69 23 48 70 95
77 68 69 23 16 69 23 48 70 95 77 68 69 23 48 70 95

65 60 49 80 47 23 71 65 60 49 80 47 23 71
65 60 49 80 47 23 71 65 60 19 60 49 80 47 23 71
65 60 49 80 47 23 71 65 60 49 19 60 49 80 47 23 71
65 60 49 80 47 23 71 65 60 49 19 49 80 47 23 71
65 60 49 80 47 23 71 65 60 49 80 19 49 80 47 23 71
65 60 19 60 49 80 47 23 71 65 60 49 80 47 23 71
65 60 49 19 60 49 80 47 23 71 65 60 49 80 47 23 71
65 60 49 19 49 80 47 23 71 65 60 49 80 47 23 71
65 60 49 80 19 49 80 47 23 71 65 60 49 80 47 23 71

18 88 13 40 99 11 45 18 88 13 40 99 11 45
18 88 13 40 99 11 45 18 88 20 88 13 40 99 11 45
18 88 13 40 99 11 45 18 88 13 20 88 13 40 99 11 45
18 88 13 40 99 11 45 18 88 13 20 13 40 99 11 45
18 88 13 40 99 11 45 18 88 13 40 20 13 40 99 11 45
18 88 20 88 13 40 99 11 45 18 88 13 40 99 11 45
18 88 13 20 88 13 40 99 11 45 18 88 13 40 99 11 45
18 88 13 20 13 40 99 11 45 18 88 13 40 99 11 45
18 88 13 40 20 13 40 99 11 45 18 88 13 40 99 11 45

27 60 59 63 98 57 12 27 60 59 63 98 57 12
27 60 59 63 98 57 12 27 60 18 60 59 63 98 57 12
27 60 59 63 98 57 12 27 60 59 18 60 59 63 98 57 12
27 60 59 63 98 57 12 27 60 59 18 59 63 98 57 12
27 60 59 63 98 57 12 27 60 59 63 18 59 63 98 57 12
27 60 18 60 59 63 98 57 12 27 60 59 63 98 57 12
27 60 59 18 60 59 63 98 57 12 27 60 59 63 98 57 12
27 60 59 18 59 63 98 57 12 27 60 59 63 98 57 12
27 60 59 63 18 59 63 98 57 12 27 60 59 63 98 57 12

66 77 67 46 22 47 43 66 77 67 46 22 47 43
66 77 67 46 22 47 43 66 77 7 77 67 46 22 47 43
66 77 67 46 22 47 43 66 77 67 7 77 67 46 22 47 43
66 77 67 46 22 47 43 66 77 67 7 67 46 22 47 43
66 77 67 46 22 47 43 66 77 67 46 7 67 46 22 47 43
66 77 7 77 67 46 22 47 43 66 77 67 46 22 47 43
66 77 67 7 77 67 46 22 47 43 66 77 67 46 22 47 43
66 77 67 7 67 46 22 47 43 66 77 67 46 22 47 43
66 77 67 46 7 67 46 22 47 43 66 77 67 46 22 47 43

37 25 44 8 39 51 18 37 25 44 8 39 51 18
37 25 44 8 39 51 18 37 25 13 25 44 8 39 51 18
37 25 44 8 39 51 18 37 25 44 13 25 44 8 39 51 18
37 25 44 8 39 51 18 37 25 44 13 44 8 39 51 18
37 25 44 8 39 51 18 37 25 44 8 13 44 8 39 51 18
37 25 13 25 44 8 39 51 18 37 25 44 8 39 51 18
37 25 44 13 25 44 8 39 51 18 37 25 44 8 39 51 18
37 25 44 13 44 8 39 51 18 37 25 44 8 39 51 18
37 25 44 8 13 44 8 39 51 18 37 25 44 8 39 51 18

85 71 94 66 66 24 47 85 71 94 66 66 24 47
85 71 94 66 66 24 47 85 71 19 71 94 66 66 24 47
85 71 94 66 66 24 47 85 71 94 19 71 94 66 66 24 47
85 71 94 66 66 24 47 85 71 94 19 94 66 66 24 47
85 71 94 66 66 24 47 85 71 94 66 19 94 66 66 24 47
85 71 19 71 94 66 66 24 47 85 71 94 66 66 24 47
85 71 94 19 71 94 66 66 24 47 85 71 94 66 66 24 47
85 71 94 19 94 66 66 24 47 85 71 94 66 66 24 47
85 71 94 66 19 94 66 66 24 47 85 71 94 66 66 24 47

55 75 81 94 41 31 17 55 75 81 94 41 31 17
55 75 81 94 41 31 17 55 75 10 75 81 94 41 31 17
55 75 81 94 41 31 17 55 75 81 10 75 81 94 41 31 17
55 75 81 94 41 31 17 55 75 81 10 81 94 41 31 17
55 75 81 94 41 31 17 55 75 81 94 10 81 94 41 31 17
55 75 10 75 81 94 41 31 17 55 75 81 94 41 31 17
55 75 81 10 75 81 94 41 31 17 55 75 81 94 41 31 17
55 75 81 10 81 94 41 31 17 55 75 81 94 41 31 17
55 75 81 94 10 81 94 41 31 17 55 75 81 94 41 31 17

51 33 13 48 19 86 99 51 33 13 48 19 86 99
51 33 13 48 19 86 99 51 33 6 33 13 48 19 86 99
51 33 13 48 19 86 99 51 33 13 6 33 13 48 19 86 99
51 33 13 48 19 86 99 51 33 13 6 13 48 19 86 99
51 33 13 48 19 86 99 51 33 13 48 6 13 48 19 86 99
51 33 6 33 13 48 19 86 99 51 33 13 48 19 86 99
51 33 13 6 33 13 48 19 86 99 51 33 13 48 19 86 99
51 33 13 6 13 48 19 86 99 51 33 13 48 19 86 99
51 33 13 48 6 13 48 19 86 99 51 33 13 48 19 86 99

74 83 73 8 97 32 33 74 83 73 8 97 32 33
74 83 73 8 97 32 33 74 83 14 83 73 8 97 32 33
74 83 73 8 97 32 33 74 83 73 14 83 73 8 97 32 33
74 83 73 8 97 32 33 74 83 73 14 73 8 97 32 33
74 83 73 8 97 32 33 74 83 73 8 14 73 8 97 32 33
74 83 14 83 73 8 97 32 33 74 83 73 8 97 32 33
74 83 73 14 83 73 8 97 32 33 74 83 73 8 97 32 33
74 83 73 14 73 8 97 32 33 74 83 73 8 97 32 33
74 83 73 8 14 73 8 97 32 33 74 83 73 8 97 32 33

42 95 88 34 40 57 43 42 95 88 34 40 57 43
42 95 88 34 40 57 43 42 95 13 95 88 34 40 57 43
42 95 88 34 40 57 43 42 95 88 13 95 88 34 40 57 43
42 95 88 34 40 57 43 42 95 88 13 88 34 40 57 43
42 95 88 34 40 57 43 42 95 88 34 13 88 34 40 57 43
42 95 13 95 88 34 40 57 43 42 95 88 34 40 57 43
42 95 88 13 95 88 34 40 57 43 42 95 88 34 40 57 43
42 95 88 13 88 34 40 57 43 42 95 88 34 40 57 43
42 95 88 34 13 88 34 40 57 43 42 95 88 34 40 57 43

86 78 76 13 8 68 63 86 78 76 13 8 68 63
86 78 76 13 8 68 63 86 78 15 78 76 13 8 68 63
86 78 76 13 8 68 63 86 78 76 15 78 76 13 8 68 63
86 78 76 13 8 68 63 86 78 76 15 76 13 8 68 63
86 78 76 13 8 68 63 86 78 76 13 15 76 13 8 68 63
86 78 15 78 76 13 8 68 63 86 78 76 13 8 68 63
86 78 76 15 78 76 13 8 68 63 86 78 76 13 8 68 63
86 78 76 15 76 13 8 68 63 86 78 76 13 8 68 63
86 78 76 13 15 76 13 8 68 63 86 78 76 13 8 68 63

86 81 19 49 63 59 96 86 81 19 49 63 59 96
86 81 19 49 63 59 96 86 81 9 81 19 49 63 59 96
86 81 19 49 63 59 96 86 81 19 9 81 19 49 63 59 96
86 81 19 49 63 59 96 86 81 19 9 19 49 63 59 96
86 81 19 49 63 59 96 86 81 19 49 9 19 49 63 59 96
86 81 9 81 19 49 63 59 96 86 81 19 49 63 59 96
86 81 19 9 81 19 49 63 59 96 86 81 19 49 63 59 96
86 81 19 9 19 49 63 59 96 86 81 19 49 63 59 96
86 81 19 49 9 19 49 63 59 96 86 81 19 49 63 59 96

38 87 37 54 74 72 100 38 87 37 54 74 72 100
38 87 37 54 74 72 100 38 87 7 87 37 54 74 72 100
38 87 37 54 74 72 100 38 87 37 7 87 37 54 74 72 100
38 87 37 54 74 72 100 38 87 37 7 37 54 74 72 100
38 87 37 54 74 72 100 38 87 37 54 7 37 54 74 72 100
38 87 7 87 37 54 74 72 100 38 87 37 54 74 72 100
38 87 37 7 87 37 54 74 72 100 38 87 37 54 74 72 100
38 87 37 7 37 54 74 72 100 38 87 37 54 74 72 100
38 87 37 54 7 37 54 74 72 100 38 87 37 54 74 72 100

13 59 12 100 35 78 11 13 59 12 100 35 78 11
13 59 12 100 35 78 11 13 59 9 59 12 100 35 78 11
13 59 12 100 35 78 11 13 59 12 9 59 12 100 35 78 11
13 59 12 100 35 78 11 13 59 12 9 12 100 35 78 11
13 59 12 100 35 78 11 13 59 12 100 9 12 100 35 78 11
13 59 9 59 12 100 35 78 11 13 59 12 100 35 78 11
13 59 12 9 59 12 100 35 78 11 13 59 12 100 35 78 11
13 59 12 9 12 100 35 78 11 13 59 12 100 35 78 11
13 59 12 100 9 12 100 35 78 11 13 59 12 100 35 78 11

21 21 41 87 16 71 6 21 21 41 87 16 71 6
21 21 41 87 16 71 6 21 21 18 21 41 87 16 71 6
21 21 41 87 16 71 6 21 21 41 18 21 41 87 16 71 6
21 21 41 87 16 71 6 21 21 41 18 41 87 16 71 6
21 21 41 87 16 71 6 21 21 41 87 18 41 87 16 71 6
21 21 18 21 41 87 16 71 6 21 21 41 87 16 71 6
21 21 41 18 21 41 87 16 71 6 21 21 41 87 16 71 6
21 21 41 18 41 87 16 71 6 21 21 41 87 16 71 6
21 21 41 87 18 41 87 16 71 6 21 21 41 87 16 71 6

45 28 91 54 45 23 77 45 28 91 54 45 23 77
45 28 91 54 45 23 77 45 28 16 28 91 54 45 23 77
45 28 91 54 45 23 77 45 28 91 16 28 91 54 45 23 77
45 28 91 54 45 23 77 45 28 91 16 91 54 45 23 77
45 28 91 54 45 23 77 45 28 91 54 16 91 54 45 23 77
45 28 16 28 91 54 45 23 77 45 28 91 54 45 23 77
45 28 91 16 28 91 54 45 23 77 45 28 91 54 45 23 77
45 28 91 16 91 54 45 23 77 45 28 91 54 45 23 77
45 28 91 54 16 91 54 45 23 77 45 28 91 54 45 23 77

51 83 77 54 68 48 62 51 83 77 54 68 48 62
51 83 77 54 68 48 62 51 83 11 83 77 54 68 48 62
51 83 77 54 68 48 62 51 83 77 11 83 77 54 68 48 62
51 83 77 54 68 48 62 51 83 77 11 77 54 68 48 62
51 83 77 54 68 48 62 51 83 77 54 11 77 54 68 48 62
51 83 11 83 77 54 68 48 62 51 83 77 54 68 48 62
51 83 77 11 83 77 54 68 48 62 51 83 77 54 68 48 62
51 83 77 11 77 54 68 48 62 51 83 77 54 68 48 62
51 83 77 54 11 77 54 68 48 62 51 83 77 54 68 48 62

50 90 35 100 21 96 47 50 90 35 100 21 96 47
50 90 35 100 21 96 47 50 90 8 90 35 100 21 96 47
50 90 35 100 21 96 47 50 90 35 8 90 35 100 21 96 47
50 90 35 100 21 96 47 50 90 35 8 35 100 21 96 47
50 90 35 100 21 96 47 50 90 35 100 8 35 100 21 96 47
50 90 8 90 35 100 21 96 47 50 90 35 100 21 96 47
50 90 35 8 90 35 100 21 96 47 50 90 35 100 21 96 47
50 90 35 8 35 100 21 96 47 50 90 35 100 21 96 47
50 90 35 100 8 35 100 21 96 47 50 90 35 100 21 96 47

42 90 26 34 87 72 16 42 90 26 34 87 72 16
42 90 26 34 87 72 16 42 90 14 90 26 34 87 72 16
42 90 26 34 87 72 16 42 90 26 14 90 26 34 87 72 16
42 90 26 34 87 72 16 42 90 26 14 26 34 87 72 16
42 90 26 34 87 72 16 42 90 26 34 14 26 34 87 72 16
42 90 14 90 26 34 87 72 16 42 90 26 34 87 72 16
42 90 26 14 90 26 34 87 72 16 42 90 26 34 87 72 16
42 90 26 14 26 34 87 72 16 42 90 26 34 87 72 16
42 90 26 34 14 26 34 87 72 16 42 90 26 34 87 72 16

89 62 61 58 97 86 49 89 62 61 58 97 86 49
89 62 61 58 97 86 49 89 62 16 62 61 58 97 86 49
89 62 61 58 97 86 49 89 62 61 16 62 61 58 97 86 49
89 62 61 58 97 86 49 89 62 61 16 61 58 97 86 49
89 62 61 58 97 86 49 89 62 61 58 16 61 58 97 86 49
89 62 16 62 61 58 97 86 49 89 62 61 58 97 86 49
89 62 61 16 62 61 58 97 86 49 89 62 61 58 97 86 49
89 62 61 16 61 58 97 86 49 89 62 61 58 97 86 49
89 62 61 58 16 61 58 97 86 49 89 62 61 58 97 86 49

75 97 46 48 91 28 73 75 97 46 48 91 28 73
75 97 46 48 91 28 73 75 97 6 97 46 48 91 28 73
75 97 46 48 91 28 73 75 97 46 6 97 46 48 91 28 73
75 97 46 48 91 28 73 75 97 46 6 46 48 91 28 73
75 97 46 48 91 28 73 75 97 46 48 6 46 48 91 28 73
75 97 6 97 46 48 91 28 73 75 97 46 48 91 28 73
75 97 46 6 97 46 48 91 28 73 75 97 46 48 91 28 73
75 97 46 6 46 48 91 28 73 75 97 46 48 91 28 73
75 97 46 48 6 46 48 91 28 73 75 97 46 48 91 28 73

63 13 91 90 51 33 59 63 13 91 90 51 33 59
63 13 91 90 51 33 59 63 13 9 13 91 90 51 33 59
63 13 91 90 51 33 59 63 13 91 9 13 91 90 51 33 59
63 13 91 90 51 33 59 63 13 91 9 91 90 51 33 59
63 13 91 90 51 33 59 63 13 91 90 9 91 90 51 33 59
63 13 9 13 91 90 51 33 59 63 13 91 90 51 33 59
63 13 91 9 13 91 90 51 33 59 63 13 91 90 51 33 59
63 13 91 9 91 90 51 33 59 63 13 91 90 51 33 59
63 13 91 90 9 91 90 51 33 59 63 13 91 90 51 33 59

5 69 43 43 77 41 80 5 69 43 43 77 41 80
5 69 43 43 77 41 80 5 69 8 69 43 43 77 41 80
5 69 43 43 77 41 80 5 69 43 8 69 43 43 77 41 80
5 69 43 43 77 41 80 5 69 43 8 43 43 77 41 80
5 69 43 43 77 41 80 5 69 43 43 8 43 43 77 41 80
5 69 8 69 43 43 77 41 80 5 69 43 43 77 41 80
5 69 43 8 69 43 43 77 41 80 5 69 43 43 77 41 80
5 69 43 8 43 43 77 41 80 5 69 43 43 77 41 80
5 69 43 43 8 43 43 77 41 80 5 69 43 43 77 41 80

69 6 99 94 84 48 36 69 6 99 94 84 48 36
69 6 99 94 84 48 36 69 6 11 6 99 94 84 48 36
69 6 99 94 84 48 36 69 6 99 11 6 99 94 84 48 36
69 6 99 94 84 48 36 69 6 99 11 99 94 84 48 36
69 6 99 94 84 48 36 69 6 99 94 11 99 94 84 48 36
69 6 11 6 99 94 84 48 36 69 6 99 94 84 48 36
69 6 99 11 6 99 94 84 48 36 69 6 99 94 84 48 36
69 6 99 11 99 94 84 48 36 69 6 99 94 84 48 36
69 6 99 94 11 99 94 84 48 36 69 6 99 94 84 48 36

90 23 46 8 32 59 44 90 23 46 8 32 59 44
90 23 46 8 32 59 44 90 23 8 23 46 8 32 59 44
90 23 46 8 32 59 44 90 23 46 8 23 46 8 32 59 44
90 23 46 8 32 59 44 90 23 46 8 46 8 32 59 44
90 23 46 8 32 59 44 90 23 46 8 8 46 8 32 59 44
90 23 8 23 46 8 32 59 44 90 23 46 8 32 59 44
90 23 46 8 23 46 8 32 59 44 90 23 46 8 32 59 44
90 23 46 8 46 8 32 59 44 90 23 46 8 32 59 44
90 23 46 8 8 46 8 32 59 44 90 23 46 8 32 59 44

67 94 20 98 57 36 98 67 94 20 98 57 36 98
67 94 20 98 57 36 98 67 94 11 94 20 98 57 36 98
67 94 20 98 57 36 98 67 94 20 11 94 20 98 57 36 98
67 94 20 98 57 36 98 67 94 20 11 20 98 57 36 98
67 94 20 98 57 36 98 67 94 20 98 11 20 98 57 36 98
67 94 11 94 20 98 57 36 98 67 94 20 98 57 36 98
67 94 20 11 94 20 98 57 36 98 67 94 20 98 57 36 98
67 94 20 11 20 98 57 36 98 67 94 20 98 57 36 98
67 94 20 98 11 20 98 57 36 98 67 94 20 98 57 36 98

70 16 20 8 80 12 100 70 16 20 8 80 12 100
70 16 20 8 80 12 100 70 16 9 16 20 8 80 12 100
70 16 20 8 80 12 100 70 16 20 9 16 20 8 80 12 100
70 16 20 8 80 12 100 70 16 20 9 20 8 80 12 100
70 16 20 8 80 12 100 70 16 20 8 9 20 8 80 12 100
70 16 9 16 20 8 80 12 100 70 16 20 8 80 12 100
70 16 20 9 16 20 8 80 12 100 70 16 20 8 80 12 100
70 16 20 9 20 8 80 12 100 70 16 20 8 80 12 100
70 16 20 8 9 20 8 80 12 100 70 16 20 8 80 12 100

98 95 93 37 12 56 29 98 95 93 37 12 56 29
98 95 93 37 12 56 29 98 95 5 95 93 37 12 56 29
98 95 93 37 12 56 29 98 95 93 5 95 93 37 12 56 29
98 95 93 37 12 56 29 98 95 93 5 93 37 12 56 29
98 95 93 37 12 56 29 98 95 93 37 5 93 37 12 56 29
98 95 5 95 93 37 12 56 29 98 95 93 37 12 56 29
98 95 93 5 95 93 37 12 56 29 98 95 93 37 12 56 29
98 95 93 5 93 37 12 56 29 98 95 93 37 12 56 29
98 95 93 37 5 93 37 12 56 29 98 95 93 37 12 56 29

93 100 96 29 100 78 84 93 100 96 29 100 78 84
93 100 96 29 100 78 84 93 100 17 100 96 29 100 78 84
93 100 96 29 100 78 84 93 100 96 17 100 96 29 100 78 84
93 100 96 29 100 78 84 93 100 96 17 96 29 100 78 84
93 100 96 29 100 78 84 93 100 96 29 17 96 29 100 78 84
93 100 17 100 96 29 100 78 84 93 100 96 29 100 78 84
93 100 96 17 100 96 29 100 78 84 93 100 96 29 100 78 84
93 100 96 17 96 29 100 78 84 93 100 96 29 100 78 84
93 100 96 29 17 96 29 100 78 84 93 100 96 29 100 78 84

16 46 67 100 82 95 6 16 46 67 100 82 95 6
16 46 67 100 82 95 6 16 46 10 46 67 100 82 95 6
16 46 67 100 82 95 6 16 46 67 10 46 67 100 82 95 6
16 46 67 100 82 95 6 16 46 67 10 67 100 82 95 6
16 46 67 100 82 95 6 16 46 67 100 10 67 100 82 95 6
16 46 10 46 67 100 82 95 6 16 46 67 100 82 95 6
16 46 67 10 46 67 100 82 95 6 16 46 67 100 82 95 6
16 46 67 10 67 100 82 95 6 16 46 67 100 82 95 6
16 46 67 100 10 67 100 82 95 6 16 46 67 100 82 95 6

74 32 45 32 32 78 10 74 32 45 32 32 78 10
74 32 45 32 32 78 10 74 32 14 32 45 32 32 78 10
74 32 45 32 32 78 10 74 32 45 14 32 45 32 32 78 10
74 32 45 32 32 78 10 74 32 45 14 45 32 32 78 10
74 32 45 32 32 78 10 74 32 45 32 14 45 32 32 78 10
74 32 14 32 45 32 32 78 10 74 32 45 32 32 78 10
74 32 45 14 32 45 32 32 78 10 74 32 45 32 32 78 10
74 32 45 14 45 32 32 78 10 74 32 45 32 32 78 10
74 32 45 32 14 45 32 32 78 10 74 32 45 32 32 78 10

76 44 29 24 68 86 11 76 44 29 24 68 86 11
76 44 29 24 68 86 11 76 44 16 44 29 24 68 86 11
76 44 29 24 68 86 11 76 44 29 16 44 29 24 68 86 11
76 44 29 24 68 86 11 76 44 29 16 29 24 68 86 11
76 44 29 24 68 86 11 76 44 29 24 16 29 24 68 86 11
76 44 16 44 29 24 68 86 11 76 44 29 24 68 86 11
76 44 29 16 44 29 24 68 86 11 76 44 29 24 68 86 11
76 44 29 16 29 24 68 86 11 76 44 29 24 68 86 11
76 44 29 24 16 29 24 68 86 11 76 44 29 24 68 86 11

31 100 16 80 7 71 96 31 100 16 80 7 71 96
31 100 16 80 7 71 96 31 100 16 100 16 80 7 71 96
31 100 16 80 7 71 96 31 100 16 16 100 16 80 7 71 96
31 100 16 80 7 71 96 31 100 16 16 16 80 7 71 96
31 100 16 80 7 71 96 31 100 16 80 16 16 80 7 71 96
31 100 16 100 16 80 7 71 96 31 100 16 80 7 71 96
31 100 16 16 100 16 80 7 71 96 31 100 16 80 7 71 96
31 100 16 16 16 80 7 71 96 31 100 16 80 7 71 96
31 100 16 80 16 16 80 7 71 96 31 100 16 80 7 71 96

34 26 60 8 60 13 30 34 26 60 8 60 13 30
34 26 60 8 60 13 30 34 26 6 26 60 8 60 13 30
34 26 60 8 60 13 30 34 26 60 6 26 60 8 60 13 30
34 26 60 8 60 13 30 34 26 60 6 60 8 60 13 30
34 26 60 8 60 13 30 34 26 60 8 6 60 8 60 13 30
34 26 6 26 60 8 60 13 30 34 26 60 8 60 13 30
34 26 60 6 26 60 8 60 13 30 34 26 60 8 60 13 30
34 26 60 6 60 8 60 13 30 34 26 60 8 60 13 30
34 26 60 8 6 60 8 60 13 30 34 26 60 8 60 13 30

62 59 42 91 66 67 64 62 59 42 91 66 67 64
62 59 42 91 66 67 64 62 59 19 59 42 91 66 67 64
62 59 42 91 66 67 64 62 59 42 19 59 42 91 66 67 64
62 59 42 91 66 67 64 62 59 42 19 42 91 66 67 64
62 59 42 91 66 67 64 62 59 42 91 19 42 91 66 67 64
62 59 19 59 42 91 66 67 64 62 59 42 91 66 67 64
62 59 42 19 59 42 91 66 67 64 62 59 42 91 66 67 64
62 59 42 19 42 91 66 67 64 62 59 42 91 66 67 64
62 59 42 91 19 42 91 66 67 64 62 59 42 91 66 67 64

92 48 44 82 12 73 99 92 48 44 82 12 73 99
92 48 44 82 12 73 99 92 48 13 48 44 82 12 73 99
92 48 44 82 12 73 99 92 48 44 13 48 44 82 12 73 99
92 48 44 82 12 73 99 92 48 44 13 44 82 12 73 99
92 48 44 82 12 73 99 92 48 44 82 13 44 82 12 73 99
92 48 13 48 44 82 12 73 99 92 48 44 82 12 73 99
92 48 44 13 48 44 82 12 73 99 92 48 44 82 12 73 99
92 48 44 13 44 82 12 73 99 92 48 44 82 12 73 99
92 48 44 82 13 44 82 12 73 99 92 48 44 82 12 73 99

82 35 70 86 53 77 88 82 35 70 86 53 77 88
82 35 70 86 53 77 88 82 35 20 35 70 86 53 77 88
82 35 70 86 53 77 88 82 35 70 20 35 70 86 53 77 88
82 35 70 86 53 77 88 82 35 70 20 70 86 53 77 88
82 35 70 86 53 77 88 82 35 70 86 20 70 86 53 77 88
82 35 20 35 70 86 53 77 88 82 35 70 86 53 77 88
82 35 70 20 35 70 86 53 77 88 82 35 70 86 53 77 88
82 35 70 20 70 86 53 77 88 82 35 70 86 53 77 88
82 35 70 86 20 70 86 53 77 88 82 35 70 86 53 77 88

50 24 82 56 52 53 68 50 24 82 56 52 53 68
50 24 82 56 52 53 68 50 24 5 24 82 56 52 53 68
50 24 82 56 52 53 68 50 24 82 5 24 82 56 52 53 68
50 24 82 56 52 53 68 50 24 82 5 82 56 52 53 68
50 24 82 56 52 53 68 50 24 82 56 5 82 56 52 53 68
50 24 5 24 82 56 52 53 68 50 24 82 56 52 53 68
50 24 82 5 24 82 56 52 53 68 50 24 82 56 52 53 68
50 24 82 5 82 56 52 53 68 50 24 82 56 52 53 68
50 24 82 56 5 82 56 52 53 68 50 24 82 56 52 53 68

26 50 41 74 45 98 71 26 50 41 74 45 98 71
26 50 41 74 45 98 71 26 50 10 50 41 74 45 98 71
26 50 41 74 45 98 71 26 50 41 10 50 41 74 45 98 71
26 50 41 74 45 98 71 26 50 41 10 41 74 45 98 71
26 50 41 74 45 98 71 26 50 41 74 10 41 74 45 98 71
26 50 10 50 41 74 45 98 71 26 50 41 74 45 98 71
26 50 41 10 50 41 74 45 98 71 26 50 41 74 45 98 71
26 50 41 10 41 74 45 98 71 26 50 41 74 45 98 71
26 50 41 74 10 41 74 45 98 71 26 50 41 74 45 98 71

80 18 35 16 6 93 89 80 18 35 16 6 93 89
80 18 35 16 6 93 89 80 18 6 18 35 16 6 93 89
80 18 35 16 6 93 89 80 18 35 6 18 35 16 6 93 89
80 18 35 16 6 93 89 80 18 35 6 35 16 6 93 89
80 18 35 16 6 93 89 80 18 35 16 6 35 16 6 93 89
80 18 6 18 35 16 6 93 89 80 18 35 16 6 93 89
80 18 35 6 18 35 16 6 93 89 80 18 35 16 6 93 89
80 18 35 6 35 16 6 93 89 80 18 35 16 6 93 89
80 18 35 16 6 35 16 6 93 89 80 18 35 16 6 93 89

48 24 67 20 91 57 36 48 24 67 20 91 57 36
48 24 67 20 91 57 36 48 24 10 24 67 20 91 57 36
48 24 67 20 91 57 36 48 24 67 10 24 67 20 91 57 36
48 24 67 20 91 57 36 48 24 67 10 67 20 91 57 36
48 24 67 20 91 57 36 48 24 67 20 10 67 20 91 57 36
48 24 10 24 67 20 91 57 36 48 24 67 20 91 57 36
48 24 67 10 24 67 20 91 57 36 48 24 67 20 91 57 36
48 24 67 10 67 20 91 57 36 48 24 67 20 91 57 36
48 24 67 20 10 67 20 91 57 36 48 24 67 20 91 57 36

45 98 64 56 97 20 45 45 98 64 56 97 20 45
45 98 64 56 97 20 45 45 98 12 98 64 56 97 20 45
45 98 64 56 97 20 45 45 98 64 12 98 64 56 97 20 45
45 98 64 56 97 20 45 45 98 64 12 64 56 97 20 45
45 98 64 56 97 20 45 45 98 64 56 12 64 56 97 20 45
45 98 12 98 64 56 97 20 45 45 98 64 56 97 20 45
45 98 64 12 98 64 56 97 20 45 45 98 64 56 97 20 45
45 98 64 12 64 56 97 20 45 45 98 64 56 97 20 45
45 98 64 56 12 64 56 97 20 45 45 98 64 56 97 20 45

83 79 52 97 40 58 63 83 79 52 97 40 58 63
83 79 52 97 40 58 63 83 79 8 79 52 97 40 58 63
83 79 52 97 40 58 63 83 79 52 8 79 52 97 40 58 63
83 79 52 97 40 58 63 83 79 52 8 52 97 40 58 63
83 79 52 97 40 58 63 83 79 52 97 8 52 97 40 58 63
83 79 8 79 52 97 40 58 63 83 79 52 97 40 58 63
83 79 52 8 79 52 97 40 58 63 83 79 52 97 40 58 63
83 79 52 8 52 97 40 58 63 83 79 52 97 40 58 63
83 79 52 97 8 52 97 40 58 63 83 79 52 97 40 58 63

71 39 56 35 58 44 76 71 39 56 35 58 44 76
71 39 56 35 58 44 76 71 39 14 39 56 35 58 44 76
71 39 56 35 58 44 76 71 39 56 14 39 56 35 58 44 76
71 39 56 35 58 44 76 71 39 56 14 56 35 58 44 76
71 39 56 35 58 44 76 71 39 56 35 14 56 35 58 44 76
71 39 14 39 56 35 58 44 76 71 39 56 35 58 44 76
71 39 56 14 39 56 35 58 44 76 71 39 56 35 58 44 76
71 39 56 14 56 35 58 44 76 71 39 56 35 58 44 76
71 39 56 35 14 56 35 58 44 76 71 39 56 35 58 44 76

8 57 14 29 59 42 28 8 57 14 29 59 42 28
8 57 14 29 59 42 28 8 57 20 57 14 29 59 42 28
8 57 14 29 59 42 28 8 57 14 20 57 14 29 59 42 28
8 57 14 29 59 42 28 8 57 14 20 14 29 59 42 28
8 57 14 29 59 42 28 8 57 14 29 20 14 29 59 42 28
8 57 20 57 14 29 59 42 28 8 57 14 29 59 42 28
8 57 14 20 57 14 29 59 42 28 8 57 14 29 59 42 28
8 57 14 20 14 29 59 42 28 8 57 14 29 59 42 28
8 57 14 29 20 14 29 59 42 28 8 57 14 29 59 42 28

98 21 38 81 56 28 68 98 21 38 81 56 28 68
98 21 38 81 56 28 68 98 21 7 21 38 81 56 28 68
98 21 38 81 56 28 68 98 21 38 7 21 38 81 56 28 68
98 21 38 81 56 28 68 98 21 38 7 38 81 56 28 68
98 21 38 81 56 28 68 98 21 38 81 7 38 81 56 28 68
98 21 7 21 38 81 56 28 68 98 21 38 81 56 28 68
98 21 38 7 21 38 81 56 28 68 98 21 38 81 56 28 68
98 21 38 7 38 81 56 28 68 98 21 38 81 56 28 68
98 21 38 81 7 38 81 56 28 68 98 21 38 81 56 28 68

11 97 39 96 46 43 74 11 97 39 96 46 43 74
11 97 39 96 46 43 74 11 97 12 97 39 96 46 43 74
11 97 39 96 46 43 74 11 97 39 12 97 39 96 46 43 74
11 97 39 96 46 43 74 11 97 39 12 39 96 46 43 74
11 97 39 96 46 43 74 11 97 39 96 12 39 96 46 43 74
11 97 12 97 39 96 46 43 74 11 97 39 96 46 43 74
11 97 39 12 97 39 96 46 43 74 11 97 39 96 46 43 74
11 97 39 12 39 96 46 43 74 11 97 39 96 46 43 74
11 97 39 96 12 39 96 46 43 74 11 97 39 96 46 43 74

26 91 10 100 61 28 45 26 91 10 100 61 28 45
26 91 10 100 61 28 45 26 91 8 91 10 100 61 28 45
26 91 10 100 61 28 45 26 91 10 8 91 10 100 61 28 45
26 91 10 100 61 28 45 26 91 10 8 10 100 61 28 45
26 91 10 100 61 28 45 26 91 10 100 8 10 100 61 28 45
26 91 8 91 10 100 61 28 45 26 91 10 100 61 28 45
26 91 10 8 91 10 100 61 28 45 26 91 10 100 61 28 45
26 91 10 8 10 100 61 28 45 26 91 10 100 61 28 45
26 91 10 100 8 10 100 61 28 45 26 91 10 100 61 28 45

45 70 74 71 100 36 71 45 70 74 71 100 36 71
45 70 74 71 100 36 71 45 70 9 70 74 71 100 36 71
45 70 74 71 100 36 71 45 70 74 9 70 74 71 100 36 71
45 70 74 71 100 36 71 45 70 74 9 74 71 100 36 71
45 70 74 71 100 36 71 45 70 74 71 9 74 71 100 36 71
45 70 9 70 74 71 100 36 71 45 70 74 71 100 36 71
45 70 74 9 70 74 71 100 36 71 45 70 74 71 100 36 71
45 70 74 9 74 71 100 36 71 45 70 74 71 100 36 71
45 70 74 71 9 74 71 100 36 71 45 70 74 71 100 36 71

33 26 6 74 56 9 90 33 26 6 74 56 9 90
33 26 6 74 56 9 90 33 26 8 26 6 74 56 9 90
33 26 6 74 56 9 90 33 26 6 8 26 6 74 56 9 90
33 26 6 74 56 9 90 33 26 6 8 6 74 56 9 90
33 26 6 74 56 9 90 33 26 6 74 8 6 74 56 9 90
33 26 8 26 6 74 56 9 90 33 26 6 74 56 9 90
33 26 6 8 26 6 74 56 9 90 33 26 6 74 56 9 90
33 26 6 8 6 74 56 9 90 33 26 6 74 56 9 90
33 26 6 74 8 6 74 56 9 90 33 26 6 74 56 9 90

69 24 97 76 8 100 73 69 24 97 76 8 100 73
69 24 97 76 8 100 73 69 24 20 24 97 76 8 100 73
69 24 97 76 8 100 73 69 24 97 20 24 97 76 8 100 73
69 24 97 76 8 100 73 69 24 97 20 97 76 8 100 73
69 24 97 76 8 100 73 69 24 97 76 20 97 76 8 100 73
69 24 20 24 97 76 8 100 73 69 24 97 76 8 100 73
69 24 97 20 24 97 76 8 100 73 69 24 97 76 8 100 73
69 24 97 20 97 76 8 100 73 69 24 97 76 8 100 73
69 24 97 76 20 97 76 8 100 73 69 24 97 76 8 100 73

99 29 73 79 54 86 18 99 29 73 79 54 86 18
99 29 73 79 54 86 18 99 29 6 29 73 79 54 86 18
99 29 73 79 54 86 18 99 29 73 6 29 73 79 54 86 18
99 29 73 79 54 86 18 99 29 73 6 73 79 54 86 18
99 29 73 79 54 86 18 99 29 73 79 6 73 79 54 86 18
99 29 6 29 73 79 54 86 18 99 29 73 79 54 86 18
99 29 73 6 29 73 79 54 86 18 99 29 73 79 54 86 18
99 29 73 6 73 79 54 86 18 99 29 73 79 54 86 18
99 29 73 79 6 73 79 54 86 18 99 29 73 79 54 86 18

41 53 85 98 27 72 100 41 53 85 98 27 72 100
41 53 85 98 27 72 100 41 53 17 53 85 98 27 72 100
41 53 85 98 27 72 100 41 53 85 17 53 85 98 27 72 100
41 53 85 98 27 72 100 41 53 85 17 85 98 27 72 100
41 53 85 98 27 72 100 41 53 85 98 17 85 98 27 72 100
41 53 17 53 85 98 27 72 100 41 53 85 98 27 72 100
41 53 85 17 53 85 98 27 72 100 41 53 85 98 27 72 100
41 53 85 17 85 98 27 72 100 41 53 85 98 27 72 100
41 53 85 98 17 85 98 27 72 100 41 53 85 98 27 72 100

25 11 67 51 17 59 79 25 11 67 51 17 59 79
25 11 67 51 17 59 79 25 11 14 11 67 51 17 59 79
25 11 67 51 17 59 79 25 11 67 14 11 67 51 17 59 79
25 11 67 51 17 59 79 25 11 67 14 67 51 17 59 79
25 11 67 51 17 59 79 25 11 67 51 14 67 51 17 59 79
25 11 14 11 67 51 17 59 79 25 11 67 51 17 59 79
25 11 67 14 11 67 51 17 59 79 25 11 67 51 17 59 79
25 11 67 14 67 51 17 59 79 25 11 67 51 17 59 79
25 11 67 51 14 67 51 17 59 79 25 11 67 51 17 59 79

62 86 25 45 69 43 82 62 86 25 45 69 43 82
62 86 25 45 69 43 82 62 86 11 86 25 45 69 43 82
62 86 25 45 69 43 82 62 86 25 11 86 25 45 69 43 82
62 86 25 45 69 43 82 62 86 25 11 25 45 69 43 82
62 86 25 45 69 43 82 62 86 25 45 11 25 45 69 43 82
62 86 11 86 25 45 69 43 82 62 86 25 45 69 43 82
62 86 25 11 86 25 45 69 43 82 62 86 25 45 69 43 82
62 86 25 11 25 45 69 43 82 62 86 25 45 69 43 82
62 86 25 45 11 25 45 69 43 82 62 86 25 45 69 43 82

10 88 45 12 90 92 16 10 88 45 12 90 92 16
10 88 45 12 90 92 16 10 88 15 88 45 12 90 92 16
10 88 45 12 90 92 16 10 88 45 15 88 45 12 90 92 16
10 88 45 12 90 92 16 10 88 45 15 45 12 90 92 16
10 88 45 12 90 92 16 10 88 45 12 15 45 12 90 92 16
10 88 15 88 45 12 90 92 16 10 88 45 12 90 92 16
10 88 45 15 88 45 12 90 92 16 10 88 45 12 90 92 16
10 88 45 15 45 12 90 92 16 10 88 45 12 90 92 16
10 88 45 12 15 45 12 90 92 16 10 88 45 12 90 92 16

83 47 89 62 86 22 51 83 47 89 62 86 22 51
83 47 89 62 86 22 51 83 47 19 47 89 62 86 22 51
83 47 89 62 86 22 51 83 47 89 19 47 89 62 86 22 51
83 47 89 62 86 22 51 83 47 89 19 89 62 86 22 51
83 47 89 62 86 22 51 83 47 89 62 19 89 62 86 22 51
83 47 19 47 89 62 86 22 51 83 47 89 62 86 22 51
83 47 89 19 47 89 62 86 22 51 83 47 89 62 86 22 51
83 47 89 19 89 62 86 22 51 83 47 89 62 86 22 51
83 47 89 62 19 89 62 86 22 51 83 47 89 62 86 22 51

86 76 80 49 18 23 15 86 76 80 49 18 23 15
86 76 80 49 18 23 15 86 76 9 76 80 49 18 23 15
86 76 80 49 18 23 15 86 76 80 9 76 80 49 18 23 15
86 76 80 49 18 23 15 86 76 80 9 80 49 18 23 15
86 76 80 49 18 23 15 86 76 80 49 9 80 49 18 23 15
86 76 9 76 80 49 18 23 15 86 76 80 49 18 23 15
86 76 80 9 76 80 49 18 23 15 86 76 80 49 18 23 15
86 76 80 9 80 49 18 23 15 86 76 80 49 18 23 15
86 76 80 49 9 80 49 18 23 15 86 76 80 49 18 23 15

7 31 30 28 66 42 83 7 31 30 28 66 42 83
7 31 30 28 66 42 83 7 31 11 31 30 28 66 42 83
7 31 30 28 66 42 83 7 31 30 11 31 30 28 66 42 83
7 31 30 28 66 42 83 7 31 30 11 30 28 66 42 83
7 31 30 28 66 42 83 7 31 30 28 11 30 28 66 42 83
7 31 11 31 30 28 66 42 83 7 31 30 28 66 42 83
7 31 30 11 31 30 28 66 42 83 7 31 30 28 66 42 83
7 31 30 11 30 28 66 42 83 7 31 30 28 66 42 83
7 31 30 28 11 30 28 66 42 83 7 31 30 28 66 42 83

35 33 36 24 26 70 37 35 33 36 24 26 70 37
35 33 36 24 26 70 37 35 33 14 33 36 24 26 70 37
35 33 36 24 26 70 37 35 33 36 14 33 36 24 26 70 37
35 33 36 24 26 70 37 35 33 36 14 36 24 26 70 37
35 33 36 24 26 70 37 35 33 36 24 14 36 24 26 70 37
35 33 14 33 36 24 26 70 37 35 33 36 24 26 70 37
35 33 36 14 33 36 24 26 70 37 35 33 36 24 26 70 37
35 33 36 14 36 24 26 70 37 35 33 36 24 26 70 37
35 33 36 24 14 36 24 26 70 37 35 33 36 24 26 70 37

69 20 8 21 99 46 60 69 20 8 21 99 46 60
69 20 8 21 99 46 60 69 20 6 20 8 21 99 46 60
69 20 8 21 99 46 60 69 20 8 6 20 8 21 99 46 60
69 20 8 21 99 46 60 69 20 8 6 8 21 99 46 60
69 20 8 21 99 46 60 69 20 8 21 6 8 21 99 46 60
69 20 6 20 8 21 99 46 60 69 20 8 21 99 46 60
69 20 8 6 20 8 21 99 46 60 69 20 8 21 99 46 60
69 20 8 6 8 21 99 46 60 69 20 8 21 99 46 60
69 20 8 21 6 8 21 99 46 60 69 20 8 21 99 46 60

50 22 100 61 16 9 17 50 22 100 61 16 9 17
50 22 100 61 16 9 17 50 22 11 22 100 61 16 9 17
50 22 100 61 16 9 17 50 22 100 11 22 100 61 16 9 17
50 22 100 61 16 9 17 50 22 100 11 100 61 16 9 17
50 22 100 61 16 9 17 50 22 100 61 11 100 61 16 9 17
50 22 11 22 100 61 16 9 17 50 22 100 61 16 9 17
50 22 100 11 22 100 61 16 9 17 50 22 100 61 16 9 17
50 22 100 11 100 61 16 9 17 50 22 100 61 16 9 17
50 22 100 61 11 100 61 16 9 17 50 22 100 61 16 9 17

52 16 88 89 5 48 33 52 16 88 89 5 48 33
52 16 88 89 5 48 33 52 16 7 16 88 89 5 48 33
52 16 88 89 5 48 33 52 16 88 7 16 88 89 5 48 33
52 16 88 89 5 48 33 52 16 88 7 88 89 5 48 33
52 16 88 89 5 48 33 52 16 88 89 7 88 89 5 48 33
52 16 7 16 88 89 5 48 33 52 16 88 89 5 48 33
52 16 88 7 16 88 89 5 48 33 52 16 88 89 5 48 33
52 16 88 7 88 89 5 48 33 52 16 88 89 5 48 33
52 16 88 89 7 88 89 5 48 33 52 16 88 89 5 48 33

71 76 9 52 7 10 67 71 76 9 52 7 10 67
71 76 9 52 7 10 67 71 76 20 76 9 52 7 10 67
71 76 9 52 7 10 67 71 76 9 20 76 9 52 7 10 67
71 76 9 52 7 10 67 71 76 9 20 9 52 7 10 67
71 76 9 52 7 10 67 71 76 9 52 20 9 52 7 10 67
71 76 20 76 9 52 7 10 67 71 76 9 52 7 10 67
71 76 9 20 76 9 52 7 10 67 71 76 9 52 7 10 67
71 76 9 20 9 52 7 10 67 71 76 9 52 7 10 67
71 76 9 52 20 9 52 7 10 67 71 76 9 52 7 10 67

83 28 27 51 14 88 84 83 28 27 51 14 88 84
83 28 27 51 14 88 84 83 28 17 28 27 51 14 88 84
83 28 27 51 14 88 84 83 28 27 17 28 27 51 14 88 84
83 28 27 51 14 88 84 83 28 27 17 27 51 14 88 84
83 28 27 51 14 88 84 83 28 27 51 17 27 51 14 88 84
83 28 17 28 27 51 14 88 84 83 28 27 51 14 88 84
83 28 27 17 28 27 51 14 88 84 83 28 27 51 14 88 84
83 28 27 17 27 51 14 88 84 83 28 27 51 14 88 84
83 28 27 51 17 27 51 14 88 84 83 28 27 51 14 88 84

58 24 8 28 45 88 21 58 24 8 28 45 88 21
58 24 8 28 45 88 21 58 24 16 24 8 28 45 88 21
58 24 8 28 45 88 21 58 24 8 16 24 8 28 45 88 21
58 24 8 28 45 88 21 58 24 8 16 8 28 45 88 21
58 24 8 28 45 88 21 58 24 8 28 16 8 28 45 88 21
58 24 16 24 8 28 45 88 21 58 24 8 28 45 88 21
58 24 8 16 24 8 28 45 88 21 58 24 8 28 45 88 21
58 24 8 16 8 28 45 88 21 58 24 8 28 45 88 21
58 24 8 28 16 8 28 45 88 21 58 24 8 28 45 88 21

39 98 85 45 51 51 59 39 98 85 45 51 51 59
39 98 85 45 51 51 59 39 98 19 98 85 45 51 51 59
39 98 85 45 51 51 59 39 98 85 19 98 85 45 51 51 59
39 98 85 45 51 51 59 39 98 85 19 85 45 51 51 59
39 98 85 45 51 51 59 39 98 85 45 19 85 45 51 51 59
39 98 19 98 85 45 51 51 59 39 98 85 45 51 51 59
39 98 85 19 98 85 45 51 51 59 39 98 85 45 51 51 59
39 98 85 19 85 45 51 51 59 39 98 85 45 51 51 59
39 98 85 45 19 85 45 51 51 59 39 98 85 45 51 51 59

17 40 45 58 71 42 52 17 40 45 58 71 42 52
17 40 45 58 71 42 52 17 40 5 40 45 58 71 42 52
17 40 45 58 71 42 52 17 40 45 5 40 45 58 71 42 52
17 40 45 58 71 42 52 17 40 45 5 45 58 71 42 52
17 40 45 58 71 42 52 17 40 45 58 5 45 58 71 42 52
17 40 5 40 45 58 71 42 52 17 40 45 58 71 42 52
17 40 45 5 40 45 58 71 42 52 17 40 45 58 71 42 52
17 40 45 5 45 58 71 42 52 17 40 45 58 71 42 52
17 40 45 58 5 45 58 71 42 52 17 40 45 58 71 42 52

96 28 22 74 86 97 99 96 28 22 74 86 97 99
96 28 22 74 86 97 99 96 28 6 28 22 74 86 97 99
96 28 22 74 86 97 99 96 28 22 6 28 22 74 86 97 99
96 28 22 74 86 97 99 96 28 22 6 22 74 86 97 99
96 28 22 74 86 97 99 96 28 22 74 6 22 74 86 97 99
96 28 6 28 22 74 86 97 99 96 28 22 74 86 97 99
96 28 22 6 28 22 74 86 97 99 96 28 22 74 86 97 99
96 28 22 6 22 74 86 97 99 96 28 22 74 86 97 99
96 28 22 74 6 22 74 86 97 99 96 28 22 74 86 97 99

