80
7
2
2

2
14
3
17
17
16
24
27
17
21
4
14
13
19
8
15
20
2
6
7
16
4
17
22
6
4
25
25
29
25
29
30
23
21
8
27
8
22
23
19
14
23
20
11
14
14
27
27
6
7
16
3
14
8
11
9
16
24
4
5
15
3
9
25
16
11
16
22
28
25
3
18
22
15
0
11
18
15
5
12

90 91 
92 34 
50 56 
30 20 
99 68 
28 50 
52 38 
59 99 
62 18 
70 71 
86 72 
47 36 
50 82 
64 69 
27 85 
26 104 
84 93 
50 70 
92 111 
16 69 
50 78 
86 28 
76 48 
87 79 
83 89 
76 65 
49 112 
62 81 
63 116 
33 82 
69 74 
46 108 
94 68 
110 12 
107 87 
25 111 
65 102 
101 79 
102 44 
86 74 
66 99 
87 82 
91 92 
49 108 
49 105 
14 63 
49 47 
31 65 
83 84 
97 116 
105 111 
104 105 
68 89 
74 86 
57 86 
67 67 
28 57 
41 64 
103 49 
75 42 
99 55 
22 108 
47 108 
23 34 
96 80 
103 116 
22 90 
92 37 
102 81 
103 82 
74 29 
111 31 
96 75 
99 35 
41 27 
61 60 
64 81 
99 78 
61 102 
98 116 

1900
1657
1725
1014
1872
1937
1781
1774
1411
2137
2157
1613
2036
1528
1904
1560
1992
1839
2621
1729
1824
1748
1597
2094
1805
2125
2426
1761
1929
1324
1718
2251
1902
1512
2264
1630
2019
1960
2270
2725
1920
1899
2116
2023
1708
1485
1296
1334
1762
2760
2143
2022
1980
2184
2041
1862
1537
1493
1866
1817
2280
2019
1612
1547
1979
2705
1616
1629
1459
1799
1267
2577
1926
1726
1391
1247
2632
1492
2118
2423

1 2 3 4 5 1 2 3 4 5 6 7
1 2 3 4 5 1 2 100 102 3 4 5 6 7
1 2 3 4 5 1 2 3 100 102 103 4 5 6 7
1 2 3 4 5 1 2 3 100 103 4 5 6 7
1 2 3 4 5 1 2 3 4 100 103 104 5 6 7
1 2 100 102 3 4 5 1 2 3 4 5 6 7
1 2 3 100 102 103 4 5 1 2 3 4 5 6 7
1 2 3 100 103 4 5 1 2 3 4 5 6 7
1 2 3 4 100 103 104 5 1 2 3 4 5 6 7

88 28 83 75 30 30 9 88 28 83 75 30 30 9
88 28 83 75 30 30 9 88 28 9 28 83 75 30 30 9
88 28 83 75 30 30 9 88 28 83 9 28 83 75 30 30 9
88 28 83 75 30 30 9 88 28 83 9 83 75 30 30 9
88 28 83 75 30 30 9 88 28 83 75 9 83 75 30 30 9
88 28 9 28 83 75 30 30 9 88 28 83 75 30 30 9
88 28 83 9 28 83 75 30 30 9 88 28 83 75 30 30 9
88 28 83 9 83 75 30 30 9 88 28 83 75 30 30 9
88 28 83 75 9 83 75 30 30 9 88 28 83 75 30 30 9

74 61 84 15 28 30 6 74 61 84 15 28 30 6
74 61 84 15 28 30 6 74 61 10 61 84 15 28 30 6
74 61 84 15 28 30 6 74 61 84 10 61 84 15 28 30 6
74 61 84 15 28 30 6 74 61 84 10 84 15 28 30 6
74 61 84 15 28 30 6 74 61 84 15 10 84 15 28 30 6
74 61 10 61 84 15 28 30 6 74 61 84 15 28 30 6
74 61 84 10 61 84 15 28 30 6 74 61 84 15 28 30 6
74 61 84 10 84 15 28 30 6 74 61 84 15 28 30 6
74 61 84 15 10 84 15 28 30 6 74 61 84 15 28 30 6

45 96 38 50 12 11 100 45 96 38 50 12 11 100
45 96 38 50 12 11 100 45 96 10 96 38 50 12 11 100
45 96 38 50 12 11 100 45 96 38 10 96 38 50 12 11 100
45 96 38 50 12 11 100 45 96 38 10 38 50 12 11 100
45 96 38 50 12 11 100 45 96 38 50 10 38 50 12 11 100
45 96 10 96 38 50 12 11 100 45 96 38 50 12 11 100
45 96 38 10 96 38 50 12 11 100 45 96 38 50 12 11 100
45 96 38 10 38 50 12 11 100 45 96 38 50 12 11 100
45 96 38 50 10 38 50 12 11 100 45 96 38 50 12 11 100

12 45 21 13 53 44 8 12 45 21 13 53 44 8
12 45 21 13 53 44 8 12 45 11 45 21 13 53 44 8
12 45 21 13 53 44 8 12 45 21 11 45 21 13 53 44 8
12 45 21 13 53 44 8 12 45 21 11 21 13 53 44 8
12 45 21 13 53 44 8 12 45 21 13 11 21 13 53 44 8
12 45 11 45 21 13 53 44 8 12 45 21 13 53 44 8
12 45 21 11 45 21 13 53 44 8 12 45 21 13 53 44 8
12 45 21 11 21 13 53 44 8 12 45 21 13 53 44 8
12 45 21 13 11 21 13 53 44 8 12 45 21 13 53 44 8

42 20 91 55 53 19 91 42 20 91 55 53 19 91
42 20 91 55 53 19 91 42 20 19 20 91 55 53 19 91
42 20 91 55 53 19 91 42 20 91 19 20 91 55 53 19 91
42 20 91 55 53 19 91 42 20 91 19 91 55 53 19 91
42 20 91 55 53 19 91 42 20 91 55 19 91 55 53 19 91
42 20 19 20 91 55 53 19 91 42 20 91 55 53 19 91
42 20 91 19 20 91 55 53 19 91 42 20 91 55 53 19 91
42 20 91 19 91 55 53 19 91 42 20 91 55 53 19 91
42 20 91 55 19 91 55 53 19 91 42 20 91 55 53 19 91

100 34 19 30 82 36 96 100 34 19 30 82 36 96
100 34 19 30 82 36 96 100 34 11 34 19 30 82 36 96
100 34 19 30 82 36 96 100 34 19 11 34 19 30 82 36 96
100 34 19 30 82 36 96 100 34 19 11 19 30 82 36 96
100 34 19 30 82 36 96 100 34 19 30 11 19 30 82 36 96
100 34 11 34 19 30 82 36 96 100 34 19 30 82 36 96
100 34 19 11 34 19 30 82 36 96 100 34 19 30 82 36 96
100 34 19 11 19 30 82 36 96 100 34 19 30 82 36 96
100 34 19 30 11 19 30 82 36 96 100 34 19 30 82 36 96

52 78 46 30 25 71 73 52 78 46 30 25 71 73
52 78 46 30 25 71 73 52 78 19 78 46 30 25 71 73
52 78 46 30 25 71 73 52 78 46 19 78 46 30 25 71 73
52 78 46 30 25 71 73 52 78 46 19 46 30 25 71 73
52 78 46 30 25 71 73 52 78 46 30 19 46 30 25 71 73
52 78 19 78 46 30 25 71 73 52 78 46 30 25 71 73
52 78 46 19 78 46 30 25 71 73 52 78 46 30 25 71 73
52 78 46 19 46 30 25 71 73 52 78 46 30 25 71 73
52 78 46 30 19 46 30 25 71 73 52 78 46 30 25 71 73

73 41 54 86 14 17 56 73 41 54 86 14 17 56
73 41 54 86 14 17 56 73 41 7 41 54 86 14 17 56
73 41 54 86 14 17 56 73 41 54 7 41 54 86 14 17 56
73 41 54 86 14 17 56 73 41 54 7 54 86 14 17 56
73 41 54 86 14 17 56 73 41 54 86 7 54 86 14 17 56
73 41 7 41 54 86 14 17 56 73 41 54 86 14 17 56
73 41 54 7 41 54 86 14 17 56 73 41 54 86 14 17 56
73 41 54 7 54 86 14 17 56 73 41 54 86 14 17 56
73 41 54 86 7 54 86 14 17 56 73 41 54 86 14 17 56

50 21 54 12 7 96 89 50 21 54 12 7 96 89
50 21 54 12 7 96 89 50 21 12 21 54 12 7 96 89
50 21 54 12 7 96 89 50 21 54 12 21 54 12 7 96 89
50 21 54 12 7 96 89 50 21 54 12 54 12 7 96 89
50 21 54 12 7 96 89 50 21 54 12 12 54 12 7 96 89
50 21 12 21 54 12 7 96 89 50 21 54 12 7 96 89
50 21 54 12 21 54 12 7 96 89 50 21 54 12 7 96 89
50 21 54 12 54 12 7 96 89 50 21 54 12 7 96 89
50 21 54 12 12 54 12 7 96 89 50 21 54 12 7 96 89

70 54 65 61 67 44 52 70 54 65 61 67 44 52
70 54 65 61 67 44 52 70 54 7 54 65 61 67 44 52
70 54 65 61 67 44 52 70 54 65 7 54 65 61 67 44 52
70 54 65 61 67 44 52 70 54 65 7 65 61 67 44 52
70 54 65 61 67 44 52 70 54 65 61 7 65 61 67 44 52
70 54 7 54 65 61 67 44 52 70 54 65 61 67 44 52
70 54 65 7 54 65 61 67 44 52 70 54 65 61 67 44 52
70 54 65 7 65 61 67 44 52 70 54 65 61 67 44 52
70 54 65 61 7 65 61 67 44 52 70 54 65 61 67 44 52

31 83 80 60 89 20 39 31 83 80 60 89 20 39
31 83 80 60 89 20 39 31 83 18 83 80 60 89 20 39
31 83 80 60 89 20 39 31 83 80 18 83 80 60 89 20 39
31 83 80 60 89 20 39 31 83 80 18 80 60 89 20 39
31 83 80 60 89 20 39 31 83 80 60 18 80 60 89 20 39
31 83 18 83 80 60 89 20 39 31 83 80 60 89 20 39
31 83 80 18 83 80 60 89 20 39 31 83 80 60 89 20 39
31 83 80 18 80 60 89 20 39 31 83 80 60 89 20 39
31 83 80 60 18 80 60 89 20 39 31 83 80 60 89 20 39

66 31 33 25 58 78 49 66 31 33 25 58 78 49
66 31 33 25 58 78 49 66 31 18 31 33 25 58 78 49
66 31 33 25 58 78 49 66 31 33 18 31 33 25 58 78 49
66 31 33 25 58 78 49 66 31 33 18 33 25 58 78 49
66 31 33 25 58 78 49 66 31 33 25 18 33 25 58 78 49
66 31 18 31 33 25 58 78 49 66 31 33 25 58 78 49
66 31 33 18 31 33 25 58 78 49 66 31 33 25 58 78 49
66 31 33 18 33 25 58 78 49 66 31 33 25 58 78 49
66 31 33 25 18 33 25 58 78 49 66 31 33 25 58 78 49

51 99 32 72 19 49 93 51 99 32 72 19 49 93
51 99 32 72 19 49 93 51 99 18 99 32 72 19 49 93
51 99 32 72 19 49 93 51 99 32 18 99 32 72 19 49 93
51 99 32 72 19 49 93 51 99 32 18 32 72 19 49 93
51 99 32 72 19 49 93 51 99 32 72 18 32 72 19 49 93
51 99 18 99 32 72 19 49 93 51 99 32 72 19 49 93
51 99 32 18 99 32 72 19 49 93 51 99 32 72 19 49 93
51 99 32 18 32 72 19 49 93 51 99 32 72 19 49 93
51 99 32 72 18 32 72 19 49 93 51 99 32 72 19 49 93

5 36 54 64 68 36 30 5 36 54 64 68 36 30
5 36 54 64 68 36 30 5 36 5 36 54 64 68 36 30
5 36 54 64 68 36 30 5 36 54 5 36 54 64 68 36 30
5 36 54 64 68 36 30 5 36 54 5 54 64 68 36 30
5 36 54 64 68 36 30 5 36 54 64 5 54 64 68 36 30
5 36 5 36 54 64 68 36 30 5 36 54 64 68 36 30
5 36 54 5 36 54 64 68 36 30 5 36 54 64 68 36 30
5 36 54 5 54 64 68 36 30 5 36 54 64 68 36 30
5 36 54 64 5 54 64 68 36 30 5 36 54 64 68 36 30

68 53 13 72 70 36 56 68 53 13 72 70 36 56
68 53 13 72 70 36 56 68 53 14 53 13 72 70 36 56
68 53 13 72 70 36 56 68 53 13 14 53 13 72 70 36 56
68 53 13 72 70 36 56 68 53 13 14 13 72 70 36 56
68 53 13 72 70 36 56 68 53 13 72 14 13 72 70 36 56
68 53 14 53 13 72 70 36 56 68 53 13 72 70 36 56
68 53 13 14 53 13 72 70 36 56 68 53 13 72 70 36 56
68 53 13 14 13 72 70 36 56 68 53 13 72 70 36 56
68 53 13 72 14 13 72 70 36 56 68 53 13 72 70 36 56

38 41 9 87 36 78 35 38 41 9 87 36 78 35
38 41 9 87 36 78 35 38 41 18 41 9 87 36 78 35
38 41 9 87 36 78 35 38 41 9 18 41 9 87 36 78 35
38 41 9 87 36 78 35 38 41 9 18 9 87 36 78 35
38 41 9 87 36 78 35 38 41 9 87 18 9 87 36 78 35
38 41 18 41 9 87 36 78 35 38 41 9 87 36 78 35
38 41 9 18 41 9 87 36 78 35 38 41 9 87 36 78 35
38 41 9 18 9 87 36 78 35 38 41 9 87 36 78 35
38 41 9 87 18 9 87 36 78 35 38 41 9 87 36 78 35

45 23 68 75 93 28 40 45 23 68 75 93 28 40
45 23 68 75 93 28 40 45 23 17 23 68 75 93 28 40
45 23 68 75 93 28 40 45 23 68 17 23 68 75 93 28 40
45 23 68 75 93 28 40 45 23 68 17 68 75 93 28 40
45 23 68 75 93 28 40 45 23 68 75 17 68 75 93 28 40
45 23 17 23 68 75 93 28 40 45 23 68 75 93 28 40
45 23 68 17 23 68 75 93 28 40 45 23 68 75 93 28 40
45 23 68 17 68 75 93 28 40 45 23 68 75 93 28 40
45 23 68 75 17 68 75 93 28 40 45 23 68 75 93 28 40

36 92 41 61 47 50 35 36 92 41 61 47 50 35
36 92 41 61 47 50 35 36 92 13 92 41 61 47 50 35
36 92 41 61 47 50 35 36 92 41 13 92 41 61 47 50 35
36 92 41 61 47 50 35 36 92 41 13 41 61 47 50 35
36 92 41 61 47 50 35 36 92 41 61 13 41 61 47 50 35
36 92 13 92 41 61 47 50 35 36 92 41 61 47 50 35
36 92 41 13 92 41 61 47 50 35 36 92 41 61 47 50 35
36 92 41 13 41 61 47 50 35 36 92 41 61 47 50 35
36 92 41 61 13 41 61 47 50 35 36 92 41 61 47 50 35

70 78 75 99 75 41 70 70 78 75 99 75 41 70
70 78 75 99 75 41 70 70 78 13 78 75 99 75 41 70
70 78 75 99 75 41 70 70 78 75 13 78 75 99 75 41 70
70 78 75 99 75 41 70 70 78 75 13 75 99 75 41 70
70 78 75 99 75 41 70 70 78 75 99 13 75 99 75 41 70
70 78 13 78 75 99 75 41 70 70 78 75 99 75 41 70
70 78 75 13 78 75 99 75 41 70 70 78 75 99 75 41 70
70 78 75 13 75 99 75 41 70 70 78 75 99 75 41 70
70 78 75 99 13 75 99 75 41 70 70 78 75 99 75 41 70

57 54 10 51 90 52 14 57 54 10 51 90 52 14
57 54 10 51 90 52 14 57 54 7 54 10 51 90 52 14
57 54 10 51 90 52 14 57 54 10 7 54 10 51 90 52 14
57 54 10 51 90 52 14 57 54 10 7 10 51 90 52 14
57 54 10 51 90 52 14 57 54 10 51 7 10 51 90 52 14
57 54 7 54 10 51 90 52 14 57 54 10 51 90 52 14
57 54 10 7 54 10 51 90 52 14 57 54 10 51 90 52 14
57 54 10 7 10 51 90 52 14 57 54 10 51 90 52 14
57 54 10 51 7 10 51 90 52 14 57 54 10 51 90 52 14

21 93 37 65 28 68 78 21 93 37 65 28 68 78
21 93 37 65 28 68 78 21 93 15 93 37 65 28 68 78
21 93 37 65 28 68 78 21 93 37 15 93 37 65 28 68 78
21 93 37 65 28 68 78 21 93 37 15 37 65 28 68 78
21 93 37 65 28 68 78 21 93 37 65 15 37 65 28 68 78
21 93 15 93 37 65 28 68 78 21 93 37 65 28 68 78
21 93 37 15 93 37 65 28 68 78 21 93 37 65 28 68 78
21 93 37 15 37 65 28 68 78 21 93 37 65 28 68 78
21 93 37 65 15 37 65 28 68 78 21 93 37 65 28 68 78

99 91 77 19 6 6 5 99 91 77 19 6 6 5
99 91 77 19 6 6 5 99 91 6 91 77 19 6 6 5
99 91 77 19 6 6 5 99 91 77 6 91 77 19 6 6 5
99 91 77 19 6 6 5 99 91 77 6 77 19 6 6 5
99 91 77 19 6 6 5 99 91 77 19 6 77 19 6 6 5
99 91 6 91 77 19 6 6 5 99 91 77 19 6 6 5
99 91 77 6 91 77 19 6 6 5 99 91 77 19 6 6 5
99 91 77 6 77 19 6 6 5 99 91 77 19 6 6 5
99 91 77 19 6 77 19 6 6 5 99 91 77 19 6 6 5

68 52 62 30 31 61 6 68 52 62 30 31 61 6
68 52 62 30 31 61 6 68 52 16 52 62 30 31 61 6
68 52 62 30 31 61 6 68 52 62 16 52 62 30 31 61 6
68 52 62 30 31 61 6 68 52 62 16 62 30 31 61 6
68 52 62 30 31 61 6 68 52 62 30 16 62 30 31 61 6
68 52 16 52 62 30 31 61 6 68 52 62 30 31 61 6
68 52 62 16 52 62 30 31 61 6 68 52 62 30 31 61 6
68 52 62 16 62 30 31 61 6 68 52 62 30 31 61 6
68 52 62 30 16 62 30 31 61 6 68 52 62 30 31 61 6

98 76 81 60 27 12 30 98 76 81 60 27 12 30
98 76 81 60 27 12 30 98 76 9 76 81 60 27 12 30
98 76 81 60 27 12 30 98 76 81 9 76 81 60 27 12 30
98 76 81 60 27 12 30 98 76 81 9 81 60 27 12 30
98 76 81 60 27 12 30 98 76 81 60 9 81 60 27 12 30
98 76 9 76 81 60 27 12 30 98 76 81 60 27 12 30
98 76 81 9 76 81 60 27 12 30 98 76 81 60 27 12 30
98 76 81 9 81 60 27 12 30 98 76 81 60 27 12 30
98 76 81 60 9 81 60 27 12 30 98 76 81 60 27 12 30

64 36 73 76 38 19 28 64 36 73 76 38 19 28
64 36 73 76 38 19 28 64 36 19 36 73 76 38 19 28
64 36 73 76 38 19 28 64 36 73 19 36 73 76 38 19 28
64 36 73 76 38 19 28 64 36 73 19 73 76 38 19 28
64 36 73 76 38 19 28 64 36 73 76 19 73 76 38 19 28
64 36 19 36 73 76 38 19 28 64 36 73 76 38 19 28
64 36 73 19 36 73 76 38 19 28 64 36 73 76 38 19 28
64 36 73 19 73 76 38 19 28 64 36 73 76 38 19 28
64 36 73 76 19 73 76 38 19 28 64 36 73 76 38 19 28

69 9 62 57 80 83 95 69 9 62 57 80 83 95
69 9 62 57 80 83 95 69 9 12 9 62 57 80 83 95
69 9 62 57 80 83 95 69 9 62 12 9 62 57 80 83 95
69 9 62 57 80 83 95 69 9 62 12 62 57 80 83 95
69 9 62 57 80 83 95 69 9 62 57 12 62 57 80 83 95
69 9 12 9 62 57 80 83 95 69 9 62 57 80 83 95
69 9 62 12 9 62 57 80 83 95 69 9 62 57 80 83 95
69 9 62 12 62 57 80 83 95 69 9 62 57 80 83 95
69 9 62 57 12 62 57 80 83 95 69 9 62 57 80 83 95

25 97 39 95 93 53 61 25 97 39 95 93 53 61
25 97 39 95 93 53 61 25 97 5 97 39 95 93 53 61
25 97 39 95 93 53 61 25 97 39 5 97 39 95 93 53 61
25 97 39 95 93 53 61 25 97 39 5 39 95 93 53 61
25 97 39 95 93 53 61 25 97 39 95 5 39 95 93 53 61
25 97 5 97 39 95 93 53 61 25 97 39 95 93 53 61
25 97 39 5 97 39 95 93 53 61 25 97 39 95 93 53 61
25 97 39 5 39 95 93 53 61 25 97 39 95 93 53 61
25 97 39 95 5 39 95 93 53 61 25 97 39 95 93 53 61

60 47 43 61 43 19 70 60 47 43 61 43 19 70
60 47 43 61 43 19 70 60 47 20 47 43 61 43 19 70
60 47 43 61 43 19 70 60 47 43 20 47 43 61 43 19 70
60 47 43 61 43 19 70 60 47 43 20 43 61 43 19 70
60 47 43 61 43 19 70 60 47 43 61 20 43 61 43 19 70
60 47 20 47 43 61 43 19 70 60 47 43 61 43 19 70
60 47 43 20 47 43 61 43 19 70 60 47 43 61 43 19 70
60 47 43 20 43 61 43 19 70 60 47 43 61 43 19 70
60 47 43 61 20 43 61 43 19 70 60 47 43 61 43 19 70

52 7 49 96 78 31 73 52 7 49 96 78 31 73
52 7 49 96 78 31 73 52 7 19 7 49 96 78 31 73
52 7 49 96 78 31 73 52 7 49 19 7 49 96 78 31 73
52 7 49 96 78 31 73 52 7 49 19 49 96 78 31 73
52 7 49 96 78 31 73 52 7 49 96 19 49 96 78 31 73
52 7 19 7 49 96 78 31 73 52 7 49 96 78 31 73
52 7 49 19 7 49 96 78 31 73 52 7 49 96 78 31 73
52 7 49 19 49 96 78 31 73 52 7 49 96 78 31 73
52 7 49 96 19 49 96 78 31 73 52 7 49 96 78 31 73

47 32 19 75 16 38 30 47 32 19 75 16 38 30
47 32 19 75 16 38 30 47 32 5 32 19 75 16 38 30
47 32 19 75 16 38 30 47 32 19 5 32 19 75 16 38 30
47 32 19 75 16 38 30 47 32 19 5 19 75 16 38 30
47 32 19 75 16 38 30 47 32 19 75 5 19 75 16 38 30
47 32 5 32 19 75 16 38 30 47 32 19 75 16 38 30
47 32 19 5 32 19 75 16 38 30 47 32 19 75 16 38 30
47 32 19 5 19 75 16 38 30 47 32 19 75 16 38 30
47 32 19 75 5 19 75 16 38 30 47 32 19 75 16 38 30

10 30 54 65 59 51 84 10 30 54 65 59 51 84
10 30 54 65 59 51 84 10 30 19 30 54 65 59 51 84
10 30 54 65 59 51 84 10 30 54 19 30 54 65 59 51 84
10 30 54 65 59 51 84 10 30 54 19 54 65 59 51 84
10 30 54 65 59 51 84 10 30 54 65 19 54 65 59 51 84
10 30 19 30 54 65 59 51 84 10 30 54 65 59 51 84
10 30 54 19 30 54 65 59 51 84 10 30 54 65 59 51 84
10 30 54 19 54 65 59 51 84 10 30 54 65 59 51 84
10 30 54 65 19 54 65 59 51 84 10 30 54 65 59 51 84

48 84 40 92 78 65 11 48 84 40 92 78 65 11
48 84 40 92 78 65 11 48 84 12 84 40 92 78 65 11
48 84 40 92 78 65 11 48 84 40 12 84 40 92 78 65 11
48 84 40 92 78 65 11 48 84 40 12 40 92 78 65 11
48 84 40 92 78 65 11 48 84 40 92 12 40 92 78 65 11
48 84 12 84 40 92 78 65 11 48 84 40 92 78 65 11
48 84 40 12 84 40 92 78 65 11 48 84 40 92 78 65 11
48 84 40 12 40 92 78 65 11 48 84 40 92 78 65 11
48 84 40 92 12 40 92 78 65 11 48 84 40 92 78 65 11

34 46 84 51 35 68 89 34 46 84 51 35 68 89
34 46 84 51 35 68 89 34 46 9 46 84 51 35 68 89
34 46 84 51 35 68 89 34 46 84 9 46 84 51 35 68 89
34 46 84 51 35 68 89 34 46 84 9 84 51 35 68 89
34 46 84 51 35 68 89 34 46 84 51 9 84 51 35 68 89
34 46 9 46 84 51 35 68 89 34 46 84 51 35 68 89
34 46 84 9 46 84 51 35 68 89 34 46 84 51 35 68 89
34 46 84 9 84 51 35 68 89 34 46 84 51 35 68 89
34 46 84 51 9 84 51 35 68 89 34 46 84 51 35 68 89

30 53 90 5 32 59 45 30 53 90 5 32 59 45
30 53 90 5 32 59 45 30 53 8 53 90 5 32 59 45
30 53 90 5 32 59 45 30 53 90 8 53 90 5 32 59 45
30 53 90 5 32 59 45 30 53 90 8 90 5 32 59 45
30 53 90 5 32 59 45 30 53 90 5 8 90 5 32 59 45
30 53 8 53 90 5 32 59 45 30 53 90 5 32 59 45
30 53 90 8 53 90 5 32 59 45 30 53 90 5 32 59 45
30 53 90 8 90 5 32 59 45 30 53 90 5 32 59 45
30 53 90 5 8 90 5 32 59 45 30 53 90 5 32 59 45

73 43 98 69 56 56 59 73 43 98 69 56 56 59
73 43 98 69 56 56 59 73 43 11 43 98 69 56 56 59
73 43 98 69 56 56 59 73 43 98 11 43 98 69 56 56 59
73 43 98 69 56 56 59 73 43 98 11 98 69 56 56 59
73 43 98 69 56 56 59 73 43 98 69 11 98 69 56 56 59
73 43 11 43 98 69 56 56 59 73 43 98 69 56 56 59
73 43 98 11 43 98 69 56 56 59 73 43 98 69 56 56 59
73 43 98 11 98 69 56 56 59 73 43 98 69 56 56 59
73 43 98 69 11 98 69 56 56 59 73 43 98 69 56 56 59

36 47 5 97 64 29 36 36 47 5 97 64 29 36
36 47 5 97 64 29 36 36 47 12 47 5 97 64 29 36
36 47 5 97 64 29 36 36 47 5 12 47 5 97 64 29 36
36 47 5 97 64 29 36 36 47 5 12 5 97 64 29 36
36 47 5 97 64 29 36 36 47 5 97 12 5 97 64 29 36
36 47 12 47 5 97 64 29 36 36 47 5 97 64 29 36
36 47 5 12 47 5 97 64 29 36 36 47 5 97 64 29 36
36 47 5 12 5 97 64 29 36 36 47 5 97 64 29 36
36 47 5 97 12 5 97 64 29 36 36 47 5 97 64 29 36

7 54 48 86 76 80 78 7 54 48 86 76 80 78
7 54 48 86 76 80 78 7 54 14 54 48 86 76 80 78
7 54 48 86 76 80 78 7 54 48 14 54 48 86 76 80 78
7 54 48 86 76 80 78 7 54 48 14 48 86 76 80 78
7 54 48 86 76 80 78 7 54 48 86 14 48 86 76 80 78
7 54 14 54 48 86 76 80 78 7 54 48 86 76 80 78
7 54 48 14 54 48 86 76 80 78 7 54 48 86 76 80 78
7 54 48 14 48 86 76 80 78 7 54 48 86 76 80 78
7 54 48 86 14 48 86 76 80 78 7 54 48 86 76 80 78

9 69 89 71 48 16 72 9 69 89 71 48 16 72
9 69 89 71 48 16 72 9 69 6 69 89 71 48 16 72
9 69 89 71 48 16 72 9 69 89 6 69 89 71 48 16 72
9 69 89 71 48 16 72 9 69 89 6 89 71 48 16 72
9 69 89 71 48 16 72 9 69 89 71 6 89 71 48 16 72
9 69 6 69 89 71 48 16 72 9 69 89 71 48 16 72
9 69 89 6 69 89 71 48 16 72 9 69 89 71 48 16 72
9 69 89 6 89 71 48 16 72 9 69 89 71 48 16 72
9 69 89 71 6 89 71 48 16 72 9 69 89 71 48 16 72

53 44 93 33 93 75 62 53 44 93 33 93 75 62
53 44 93 33 93 75 62 53 44 13 44 93 33 93 75 62
53 44 93 33 93 75 62 53 44 93 13 44 93 33 93 75 62
53 44 93 33 93 75 62 53 44 93 13 93 33 93 75 62
53 44 93 33 93 75 62 53 44 93 33 13 93 33 93 75 62
53 44 13 44 93 33 93 75 62 53 44 93 33 93 75 62
53 44 93 13 44 93 33 93 75 62 53 44 93 33 93 75 62
53 44 93 13 93 33 93 75 62 53 44 93 33 93 75 62
53 44 93 33 13 93 33 93 75 62 53 44 93 33 93 75 62

75 99 70 57 78 82 81 75 99 70 57 78 82 81
75 99 70 57 78 82 81 75 99 17 99 70 57 78 82 81
75 99 70 57 78 82 81 75 99 70 17 99 70 57 78 82 81
75 99 70 57 78 82 81 75 99 70 17 70 57 78 82 81
75 99 70 57 78 82 81 75 99 70 57 17 70 57 78 82 81
75 99 17 99 70 57 78 82 81 75 99 70 57 78 82 81
75 99 70 17 99 70 57 78 82 81 75 99 70 57 78 82 81
75 99 70 17 70 57 78 82 81 75 99 70 57 78 82 81
75 99 70 57 17 70 57 78 82 81 75 99 70 57 78 82 81

48 75 59 79 27 37 45 48 75 59 79 27 37 45
48 75 59 79 27 37 45 48 75 18 75 59 79 27 37 45
48 75 59 79 27 37 45 48 75 59 18 75 59 79 27 37 45
48 75 59 79 27 37 45 48 75 59 18 59 79 27 37 45
48 75 59 79 27 37 45 48 75 59 79 18 59 79 27 37 45
48 75 18 75 59 79 27 37 45 48 75 59 79 27 37 45
48 75 59 18 75 59 79 27 37 45 48 75 59 79 27 37 45
48 75 59 18 59 79 27 37 45 48 75 59 79 27 37 45
48 75 59 79 18 59 79 27 37 45 48 75 59 79 27 37 45

43 52 77 63 21 55 84 43 52 77 63 21 55 84
43 52 77 63 21 55 84 43 52 19 52 77 63 21 55 84
43 52 77 63 21 55 84 43 52 77 19 52 77 63 21 55 84
43 52 77 63 21 55 84 43 52 77 19 77 63 21 55 84
43 52 77 63 21 55 84 43 52 77 63 19 77 63 21 55 84
43 52 19 52 77 63 21 55 84 43 52 77 63 21 55 84
43 52 77 19 52 77 63 21 55 84 43 52 77 63 21 55 84
43 52 77 19 77 63 21 55 84 43 52 77 63 21 55 84
43 52 77 63 19 77 63 21 55 84 43 52 77 63 21 55 84

46 70 71 82 68 14 42 46 70 71 82 68 14 42
46 70 71 82 68 14 42 46 70 19 70 71 82 68 14 42
46 70 71 82 68 14 42 46 70 71 19 70 71 82 68 14 42
46 70 71 82 68 14 42 46 70 71 19 71 82 68 14 42
46 70 71 82 68 14 42 46 70 71 82 19 71 82 68 14 42
46 70 19 70 71 82 68 14 42 46 70 71 82 68 14 42
46 70 71 19 70 71 82 68 14 42 46 70 71 82 68 14 42
46 70 71 19 71 82 68 14 42 46 70 71 82 68 14 42
46 70 71 82 19 71 82 68 14 42 46 70 71 82 68 14 42

40 27 44 88 80 44 83 40 27 44 88 80 44 83
40 27 44 88 80 44 83 40 27 11 27 44 88 80 44 83
40 27 44 88 80 44 83 40 27 44 11 27 44 88 80 44 83
40 27 44 88 80 44 83 40 27 44 11 44 88 80 44 83
40 27 44 88 80 44 83 40 27 44 88 11 44 88 80 44 83
40 27 11 27 44 88 80 44 83 40 27 44 88 80 44 83
40 27 44 11 27 44 88 80 44 83 40 27 44 88 80 44 83
40 27 44 11 44 88 80 44 83 40 27 44 88 80 44 83
40 27 44 88 11 44 88 80 44 83 40 27 44 88 80 44 83

23 55 36 93 48 34 41 23 55 36 93 48 34 41
23 55 36 93 48 34 41 23 55 14 55 36 93 48 34 41
23 55 36 93 48 34 41 23 55 36 14 55 36 93 48 34 41
23 55 36 93 48 34 41 23 55 36 14 36 93 48 34 41
23 55 36 93 48 34 41 23 55 36 93 14 36 93 48 34 41
23 55 14 55 36 93 48 34 41 23 55 36 93 48 34 41
23 55 36 14 55 36 93 48 34 41 23 55 36 93 48 34 41
23 55 36 14 36 93 48 34 41 23 55 36 93 48 34 41
23 55 36 93 14 36 93 48 34 41 23 55 36 93 48 34 41

79 10 5 47 56 75 30 79 10 5 47 56 75 30
79 10 5 47 56 75 30 79 10 11 10 5 47 56 75 30
79 10 5 47 56 75 30 79 10 5 11 10 5 47 56 75 30
79 10 5 47 56 75 30 79 10 5 11 5 47 56 75 30
79 10 5 47 56 75 30 79 10 5 47 11 5 47 56 75 30
79 10 11 10 5 47 56 75 30 79 10 5 47 56 75 30
79 10 5 11 10 5 47 56 75 30 79 10 5 47 56 75 30
79 10 5 11 5 47 56 75 30 79 10 5 47 56 75 30
79 10 5 47 11 5 47 56 75 30 79 10 5 47 56 75 30

64 12 29 36 26 47 57 64 12 29 36 26 47 57
64 12 29 36 26 47 57 64 12 20 12 29 36 26 47 57
64 12 29 36 26 47 57 64 12 29 20 12 29 36 26 47 57
64 12 29 36 26 47 57 64 12 29 20 29 36 26 47 57
64 12 29 36 26 47 57 64 12 29 36 20 29 36 26 47 57
64 12 20 12 29 36 26 47 57 64 12 29 36 26 47 57
64 12 29 20 12 29 36 26 47 57 64 12 29 36 26 47 57
64 12 29 20 29 36 26 47 57 64 12 29 36 26 47 57
64 12 29 36 20 29 36 26 47 57 64 12 29 36 26 47 57

48 37 17 45 15 71 64 48 37 17 45 15 71 64
48 37 17 45 15 71 64 48 37 18 37 17 45 15 71 64
48 37 17 45 15 71 64 48 37 17 18 37 17 45 15 71 64
48 37 17 45 15 71 64 48 37 17 18 17 45 15 71 64
48 37 17 45 15 71 64 48 37 17 45 18 17 45 15 71 64
48 37 18 37 17 45 15 71 64 48 37 17 45 15 71 64
48 37 17 18 37 17 45 15 71 64 48 37 17 45 15 71 64
48 37 17 18 17 45 15 71 64 48 37 17 45 15 71 64
48 37 17 45 18 17 45 15 71 64 48 37 17 45 15 71 64

21 10 70 74 97 50 20 21 10 70 74 97 50 20
21 10 70 74 97 50 20 21 10 12 10 70 74 97 50 20
21 10 70 74 97 50 20 21 10 70 12 10 70 74 97 50 20
21 10 70 74 97 50 20 21 10 70 12 70 74 97 50 20
21 10 70 74 97 50 20 21 10 70 74 12 70 74 97 50 20
21 10 12 10 70 74 97 50 20 21 10 70 74 97 50 20
21 10 70 12 10 70 74 97 50 20 21 10 70 74 97 50 20
21 10 70 12 70 74 97 50 20 21 10 70 74 97 50 20
21 10 70 74 12 70 74 97 50 20 21 10 70 74 97 50 20

61 92 86 97 81 97 11 61 92 86 97 81 97 11
61 92 86 97 81 97 11 61 92 14 92 86 97 81 97 11
61 92 86 97 81 97 11 61 92 86 14 92 86 97 81 97 11
61 92 86 97 81 97 11 61 92 86 14 86 97 81 97 11
61 92 86 97 81 97 11 61 92 86 97 14 86 97 81 97 11
61 92 14 92 86 97 81 97 11 61 92 86 97 81 97 11
61 92 86 14 92 86 97 81 97 11 61 92 86 97 81 97 11
61 92 86 14 86 97 81 97 11 61 92 86 97 81 97 11
61 92 86 97 14 86 97 81 97 11 61 92 86 97 81 97 11

20 25 92 98 87 65 30 20 25 92 98 87 65 30
20 25 92 98 87 65 30 20 25 10 25 92 98 87 65 30
20 25 92 98 87 65 30 20 25 92 10 25 92 98 87 65 30
20 25 92 98 87 65 30 20 25 92 10 92 98 87 65 30
20 25 92 98 87 65 30 20 25 92 98 10 92 98 87 65 30
20 25 10 25 92 98 87 65 30 20 25 92 98 87 65 30
20 25 92 10 25 92 98 87 65 30 20 25 92 98 87 65 30
20 25 92 10 92 98 87 65 30 20 25 92 98 87 65 30
20 25 92 98 10 92 98 87 65 30 20 25 92 98 87 65 30

16 51 89 93 70 8 48 16 51 89 93 70 8 48
16 51 89 93 70 8 48 16 51 17 51 89 93 70 8 48
16 51 89 93 70 8 48 16 51 89 17 51 89 93 70 8 48
16 51 89 93 70 8 48 16 51 89 17 89 93 70 8 48
16 51 89 93 70 8 48 16 51 89 93 17 89 93 70 8 48
16 51 17 51 89 93 70 8 48 16 51 89 93 70 8 48
16 51 89 17 51 89 93 70 8 48 16 51 89 93 70 8 48
16 51 89 17 89 93 70 8 48 16 51 89 93 70 8 48
16 51 89 93 17 89 93 70 8 48 16 51 89 93 70 8 48

78 58 48 75 40 79 11 78 58 48 75 40 79 11
78 58 48 75 40 79 11 78 58 12 58 48 75 40 79 11
78 58 48 75 40 79 11 78 58 48 12 58 48 75 40 79 11
78 58 48 75 40 79 11 78 58 48 12 48 75 40 79 11
78 58 48 75 40 79 11 78 58 48 75 12 48 75 40 79 11
78 58 12 58 48 75 40 79 11 78 58 48 75 40 79 11
78 58 48 12 58 48 75 40 79 11 78 58 48 75 40 79 11
78 58 48 12 48 75 40 79 11 78 58 48 75 40 79 11
78 58 48 75 12 48 75 40 79 11 78 58 48 75 40 79 11

65 33 57 79 87 36 72 65 33 57 79 87 36 72
65 33 57 79 87 36 72 65 33 7 33 57 79 87 36 72
65 33 57 79 87 36 72 65 33 57 7 33 57 79 87 36 72
65 33 57 79 87 36 72 65 33 57 7 57 79 87 36 72
65 33 57 79 87 36 72 65 33 57 79 7 57 79 87 36 72
65 33 7 33 57 79 87 36 72 65 33 57 79 87 36 72
65 33 57 7 33 57 79 87 36 72 65 33 57 79 87 36 72
65 33 57 7 57 79 87 36 72 65 33 57 79 87 36 72
65 33 57 79 7 57 79 87 36 72 65 33 57 79 87 36 72

41 87 45 75 40 32 80 41 87 45 75 40 32 80
41 87 45 75 40 32 80 41 87 15 87 45 75 40 32 80
41 87 45 75 40 32 80 41 87 45 15 87 45 75 40 32 80
41 87 45 75 40 32 80 41 87 45 15 45 75 40 32 80
41 87 45 75 40 32 80 41 87 45 75 15 45 75 40 32 80
41 87 15 87 45 75 40 32 80 41 87 45 75 40 32 80
41 87 45 15 87 45 75 40 32 80 41 87 45 75 40 32 80
41 87 45 15 45 75 40 32 80 41 87 45 75 40 32 80
41 87 45 75 15 45 75 40 32 80 41 87 45 75 40 32 80

31 92 60 54 16 73 61 31 92 60 54 16 73 61
31 92 60 54 16 73 61 31 92 12 92 60 54 16 73 61
31 92 60 54 16 73 61 31 92 60 12 92 60 54 16 73 61
31 92 60 54 16 73 61 31 92 60 12 60 54 16 73 61
31 92 60 54 16 73 61 31 92 60 54 12 60 54 16 73 61
31 92 12 92 60 54 16 73 61 31 92 60 54 16 73 61
31 92 60 12 92 60 54 16 73 61 31 92 60 54 16 73 61
31 92 60 12 60 54 16 73 61 31 92 60 54 16 73 61
31 92 60 54 12 60 54 16 73 61 31 92 60 54 16 73 61

68 24 10 37 54 70 78 68 24 10 37 54 70 78
68 24 10 37 54 70 78 68 24 8 24 10 37 54 70 78
68 24 10 37 54 70 78 68 24 10 8 24 10 37 54 70 78
68 24 10 37 54 70 78 68 24 10 8 10 37 54 70 78
68 24 10 37 54 70 78 68 24 10 37 8 10 37 54 70 78
68 24 8 24 10 37 54 70 78 68 24 10 37 54 70 78
68 24 10 8 24 10 37 54 70 78 68 24 10 37 54 70 78
68 24 10 8 10 37 54 70 78 68 24 10 37 54 70 78
68 24 10 37 8 10 37 54 70 78 68 24 10 37 54 70 78

38 16 28 44 68 75 43 38 16 28 44 68 75 43
38 16 28 44 68 75 43 38 16 20 16 28 44 68 75 43
38 16 28 44 68 75 43 38 16 28 20 16 28 44 68 75 43
38 16 28 44 68 75 43 38 16 28 20 28 44 68 75 43
38 16 28 44 68 75 43 38 16 28 44 20 28 44 68 75 43
38 16 20 16 28 44 68 75 43 38 16 28 44 68 75 43
38 16 28 20 16 28 44 68 75 43 38 16 28 44 68 75 43
38 16 28 20 28 44 68 75 43 38 16 28 44 68 75 43
38 16 28 44 20 28 44 68 75 43 38 16 28 44 68 75 43

37 34 91 42 60 21 98 37 34 91 42 60 21 98
37 34 91 42 60 21 98 37 34 9 34 91 42 60 21 98
37 34 91 42 60 21 98 37 34 91 9 34 91 42 60 21 98
37 34 91 42 60 21 98 37 34 91 9 91 42 60 21 98
37 34 91 42 60 21 98 37 34 91 42 9 91 42 60 21 98
37 34 9 34 91 42 60 21 98 37 34 91 42 60 21 98
37 34 91 9 34 91 42 60 21 98 37 34 91 42 60 21 98
37 34 91 9 91 42 60 21 98 37 34 91 42 60 21 98
37 34 91 42 9 91 42 60 21 98 37 34 91 42 60 21 98

37 97 60 33 70 25 5 37 97 60 33 70 25 5
37 97 60 33 70 25 5 37 97 7 97 60 33 70 25 5
37 97 60 33 70 25 5 37 97 60 7 97 60 33 70 25 5
37 97 60 33 70 25 5 37 97 60 7 60 33 70 25 5
37 97 60 33 70 25 5 37 97 60 33 7 60 33 70 25 5
37 97 7 97 60 33 70 25 5 37 97 60 33 70 25 5
37 97 60 7 97 60 33 70 25 5 37 97 60 33 70 25 5
37 97 60 7 60 33 70 25 5 37 97 60 33 70 25 5
37 97 60 33 7 60 33 70 25 5 37 97 60 33 70 25 5

76 13 90 41 83 88 97 76 13 90 41 83 88 97
76 13 90 41 83 88 97 76 13 12 13 90 41 83 88 97
76 13 90 41 83 88 97 76 13 90 12 13 90 41 83 88 97
76 13 90 41 83 88 97 76 13 90 12 90 41 83 88 97
76 13 90 41 83 88 97 76 13 90 41 12 90 41 83 88 97
76 13 12 13 90 41 83 88 97 76 13 90 41 83 88 97
76 13 90 12 13 90 41 83 88 97 76 13 90 41 83 88 97
76 13 90 12 90 41 83 88 97 76 13 90 41 83 88 97
76 13 90 41 12 90 41 83 88 97 76 13 90 41 83 88 97

32 84 15 96 96 15 46 32 84 15 96 96 15 46
32 84 15 96 96 15 46 32 84 9 84 15 96 96 15 46
32 84 15 96 96 15 46 32 84 15 9 84 15 96 96 15 46
32 84 15 96 96 15 46 32 84 15 9 15 96 96 15 46
32 84 15 96 96 15 46 32 84 15 96 9 15 96 96 15 46
32 84 9 84 15 96 96 15 46 32 84 15 96 96 15 46
32 84 15 9 84 15 96 96 15 46 32 84 15 96 96 15 46
32 84 15 9 15 96 96 15 46 32 84 15 96 96 15 46
32 84 15 96 9 15 96 96 15 46 32 84 15 96 96 15 46

14 36 40 94 44 62 38 14 36 40 94 44 62 38
14 36 40 94 44 62 38 14 36 7 36 40 94 44 62 38
14 36 40 94 44 62 38 14 36 40 7 36 40 94 44 62 38
14 36 40 94 44 62 38 14 36 40 7 40 94 44 62 38
14 36 40 94 44 62 38 14 36 40 94 7 40 94 44 62 38
14 36 7 36 40 94 44 62 38 14 36 40 94 44 62 38
14 36 40 7 36 40 94 44 62 38 14 36 40 94 44 62 38
14 36 40 7 40 94 44 62 38 14 36 40 94 44 62 38
14 36 40 94 7 40 94 44 62 38 14 36 40 94 44 62 38

98 10 15 15 85 34 37 98 10 15 15 85 34 37
98 10 15 15 85 34 37 98 10 20 10 15 15 85 34 37
98 10 15 15 85 34 37 98 10 15 20 10 15 15 85 34 37
98 10 15 15 85 34 37 98 10 15 20 15 15 85 34 37
98 10 15 15 85 34 37 98 10 15 15 20 15 15 85 34 37
98 10 20 10 15 15 85 34 37 98 10 15 15 85 34 37
98 10 15 20 10 15 15 85 34 37 98 10 15 15 85 34 37
98 10 15 20 15 15 85 34 37 98 10 15 15 85 34 37
98 10 15 15 20 15 15 85 34 37 98 10 15 15 85 34 37

15 70 90 65 31 36 95 15 70 90 65 31 36 95
15 70 90 65 31 36 95 15 70 17 70 90 65 31 36 95
15 70 90 65 31 36 95 15 70 90 17 70 90 65 31 36 95
15 70 90 65 31 36 95 15 70 90 17 90 65 31 36 95
15 70 90 65 31 36 95 15 70 90 65 17 90 65 31 36 95
15 70 17 70 90 65 31 36 95 15 70 90 65 31 36 95
15 70 90 17 70 90 65 31 36 95 15 70 90 65 31 36 95
15 70 90 17 90 65 31 36 95 15 70 90 65 31 36 95
15 70 90 65 17 90 65 31 36 95 15 70 90 65 31 36 95

99 90 84 100 39 98 15 99 90 84 100 39 98 15
99 90 84 100 39 98 15 99 90 9 90 84 100 39 98 15
99 90 84 100 39 98 15 99 90 84 9 90 84 100 39 98 15
99 90 84 100 39 98 15 99 90 84 9 84 100 39 98 15
99 90 84 100 39 98 15 99 90 84 100 9 84 100 39 98 15
99 90 9 90 84 100 39 98 15 99 90 84 100 39 98 15
99 90 84 9 90 84 100 39 98 15 99 90 84 100 39 98 15
99 90 84 9 84 100 39 98 15 99 90 84 100 39 98 15
99 90 84 100 9 84 100 39 98 15 99 90 84 100 39 98 15

70 37 12 80 18 88 23 70 37 12 80 18 88 23
70 37 12 80 18 88 23 70 37 6 37 12 80 18 88 23
70 37 12 80 18 88 23 70 37 12 6 37 12 80 18 88 23
70 37 12 80 18 88 23 70 37 12 6 12 80 18 88 23
70 37 12 80 18 88 23 70 37 12 80 6 12 80 18 88 23
70 37 6 37 12 80 18 88 23 70 37 12 80 18 88 23
70 37 12 6 37 12 80 18 88 23 70 37 12 80 18 88 23
70 37 12 6 12 80 18 88 23 70 37 12 80 18 88 23
70 37 12 80 6 12 80 18 88 23 70 37 12 80 18 88 23

17 50 81 17 66 36 61 17 50 81 17 66 36 61
17 50 81 17 66 36 61 17 50 14 50 81 17 66 36 61
17 50 81 17 66 36 61 17 50 81 14 50 81 17 66 36 61
17 50 81 17 66 36 61 17 50 81 14 81 17 66 36 61
17 50 81 17 66 36 61 17 50 81 17 14 81 17 66 36 61
17 50 14 50 81 17 66 36 61 17 50 81 17 66 36 61
17 50 81 14 50 81 17 66 36 61 17 50 81 17 66 36 61
17 50 81 14 81 17 66 36 61 17 50 81 17 66 36 61
17 50 81 17 14 81 17 66 36 61 17 50 81 17 66 36 61

45 34 82 65 7 9 16 45 34 82 65 7 9 16
45 34 82 65 7 9 16 45 34 5 34 82 65 7 9 16
45 34 82 65 7 9 16 45 34 82 5 34 82 65 7 9 16
45 34 82 65 7 9 16 45 34 82 5 82 65 7 9 16
45 34 82 65 7 9 16 45 34 82 65 5 82 65 7 9 16
45 34 5 34 82 65 7 9 16 45 34 82 65 7 9 16
45 34 82 5 34 82 65 7 9 16 45 34 82 65 7 9 16
45 34 82 5 82 65 7 9 16 45 34 82 65 7 9 16
45 34 82 65 5 82 65 7 9 16 45 34 82 65 7 9 16

13 45 94 65 19 44 91 13 45 94 65 19 44 91
13 45 94 65 19 44 91 13 45 13 45 94 65 19 44 91
13 45 94 65 19 44 91 13 45 94 13 45 94 65 19 44 91
13 45 94 65 19 44 91 13 45 94 13 94 65 19 44 91
13 45 94 65 19 44 91 13 45 94 65 13 94 65 19 44 91
13 45 13 45 94 65 19 44 91 13 45 94 65 19 44 91
13 45 94 13 45 94 65 19 44 91 13 45 94 65 19 44 91
13 45 94 13 94 65 19 44 91 13 45 94 65 19 44 91
13 45 94 65 13 94 65 19 44 91 13 45 94 65 19 44 91

7 80 67 14 22 10 39 7 80 67 14 22 10 39
7 80 67 14 22 10 39 7 80 10 80 67 14 22 10 39
7 80 67 14 22 10 39 7 80 67 10 80 67 14 22 10 39
7 80 67 14 22 10 39 7 80 67 10 67 14 22 10 39
7 80 67 14 22 10 39 7 80 67 14 10 67 14 22 10 39
7 80 10 80 67 14 22 10 39 7 80 67 14 22 10 39
7 80 67 10 80 67 14 22 10 39 7 80 67 14 22 10 39
7 80 67 10 67 14 22 10 39 7 80 67 14 22 10 39
7 80 67 14 10 67 14 22 10 39 7 80 67 14 22 10 39

100 90 99 23 57 71 62 100 90 99 23 57 71 62
100 90 99 23 57 71 62 100 90 8 90 99 23 57 71 62
100 90 99 23 57 71 62 100 90 99 8 90 99 23 57 71 62
100 90 99 23 57 71 62 100 90 99 8 99 23 57 71 62
100 90 99 23 57 71 62 100 90 99 23 8 99 23 57 71 62
100 90 8 90 99 23 57 71 62 100 90 99 23 57 71 62
100 90 99 8 90 99 23 57 71 62 100 90 99 23 57 71 62
100 90 99 8 99 23 57 71 62 100 90 99 23 57 71 62
100 90 99 23 8 99 23 57 71 62 100 90 99 23 57 71 62

16 66 90 61 57 51 31 16 66 90 61 57 51 31
16 66 90 61 57 51 31 16 66 14 66 90 61 57 51 31
16 66 90 61 57 51 31 16 66 90 14 66 90 61 57 51 31
16 66 90 61 57 51 31 16 66 90 14 90 61 57 51 31
16 66 90 61 57 51 31 16 66 90 61 14 90 61 57 51 31
16 66 14 66 90 61 57 51 31 16 66 90 61 57 51 31
16 66 90 14 66 90 61 57 51 31 16 66 90 61 57 51 31
16 66 90 14 90 61 57 51 31 16 66 90 61 57 51 31
16 66 90 61 14 90 61 57 51 31 16 66 90 61 57 51 31

56 77 79 25 24 29 46 56 77 79 25 24 29 46
56 77 79 25 24 29 46 56 77 9 77 79 25 24 29 46
56 77 79 25 24 29 46 56 77 79 9 77 79 25 24 29 46
56 77 79 25 24 29 46 56 77 79 9 79 25 24 29 46
56 77 79 25 24 29 46 56 77 79 25 9 79 25 24 29 46
56 77 9 77 79 25 24 29 46 56 77 79 25 24 29 46
56 77 79 9 77 79 25 24 29 46 56 77 79 25 24 29 46
56 77 79 9 79 25 24 29 46 56 77 79 25 24 29 46
56 77 79 25 9 79 25 24 29 46 56 77 79 25 24 29 46

28 16 31 7 97 55 73 28 16 31 7 97 55 73
28 16 31 7 97 55 73 28 16 11 16 31 7 97 55 73
28 16 31 7 97 55 73 28 16 31 11 16 31 7 97 55 73
28 16 31 7 97 55 73 28 16 31 11 31 7 97 55 73
28 16 31 7 97 55 73 28 16 31 7 11 31 7 97 55 73
28 16 11 16 31 7 97 55 73 28 16 31 7 97 55 73
28 16 31 11 16 31 7 97 55 73 28 16 31 7 97 55 73
28 16 31 11 31 7 97 55 73 28 16 31 7 97 55 73
28 16 31 7 11 31 7 97 55 73 28 16 31 7 97 55 73

12 22 51 40 54 17 53 12 22 51 40 54 17 53
12 22 51 40 54 17 53 12 22 13 22 51 40 54 17 53
12 22 51 40 54 17 53 12 22 51 13 22 51 40 54 17 53
12 22 51 40 54 17 53 12 22 51 13 51 40 54 17 53
12 22 51 40 54 17 53 12 22 51 40 13 51 40 54 17 53
12 22 13 22 51 40 54 17 53 12 22 51 40 54 17 53
12 22 51 13 22 51 40 54 17 53 12 22 51 40 54 17 53
12 22 51 13 51 40 54 17 53 12 22 51 40 54 17 53
12 22 51 40 13 51 40 54 17 53 12 22 51 40 54 17 53

99 90 54 71 70 87 50 99 90 54 71 70 87 50
99 90 54 71 70 87 50 99 90 20 90 54 71 70 87 50
99 90 54 71 70 87 50 99 90 54 20 90 54 71 70 87 50
99 90 54 71 70 87 50 99 90 54 20 54 71 70 87 50
99 90 54 71 70 87 50 99 90 54 71 20 54 71 70 87 50
99 90 20 90 54 71 70 87 50 99 90 54 71 70 87 50
99 90 54 20 90 54 71 70 87 50 99 90 54 71 70 87 50
99 90 54 20 54 71 70 87 50 99 90 54 71 70 87 50
99 90 54 71 20 54 71 70 87 50 99 90 54 71 70 87 50

21 16 93 64 31 13 44 21 16 93 64 31 13 44
21 16 93 64 31 13 44 21 16 14 16 93 64 31 13 44
21 16 93 64 31 13 44 21 16 93 14 16 93 64 31 13 44
21 16 93 64 31 13 44 21 16 93 14 93 64 31 13 44
21 16 93 64 31 13 44 21 16 93 64 14 93 64 31 13 44
21 16 14 16 93 64 31 13 44 21 16 93 64 31 13 44
21 16 93 14 16 93 64 31 13 44 21 16 93 64 31 13 44
21 16 93 14 93 64 31 13 44 21 16 93 64 31 13 44
21 16 93 64 14 93 64 31 13 44 21 16 93 64 31 13 44

11 74 52 82 82 50 78 11 74 52 82 82 50 78
11 74 52 82 82 50 78 11 74 14 74 52 82 82 50 78
11 74 52 82 82 50 78 11 74 52 14 74 52 82 82 50 78
11 74 52 82 82 50 78 11 74 52 14 52 82 82 50 78
11 74 52 82 82 50 78 11 74 52 82 14 52 82 82 50 78
11 74 14 74 52 82 82 50 78 11 74 52 82 82 50 78
11 74 52 14 74 52 82 82 50 78 11 74 52 82 82 50 78
11 74 52 14 52 82 82 50 78 11 74 52 82 82 50 78
11 74 52 82 14 52 82 82 50 78 11 74 52 82 82 50 78

42 52 91 100 80 98 14 42 52 91 100 80 98 14
42 52 91 100 80 98 14 42 52 16 52 91 100 80 98 14
42 52 91 100 80 98 14 42 52 91 16 52 91 100 80 98 14
42 52 91 100 80 98 14 42 52 91 16 91 100 80 98 14
42 52 91 100 80 98 14 42 52 91 100 16 91 100 80 98 14
42 52 16 52 91 100 80 98 14 42 52 91 100 80 98 14
42 52 91 16 52 91 100 80 98 14 42 52 91 100 80 98 14
42 52 91 16 91 100 80 98 14 42 52 91 100 80 98 14
42 52 91 100 16 91 100 80 98 14 42 52 91 100 80 98 14

