80
7
2
2

20
9
0
17
29
26
4
4
30
0
12
16
13
27
13
8
28
10
28
8
8
0
14
28
26
18
11
2
28
18
28
4
4
25
28
18
21
16
2
2
17
5
24
29
2
18
8
13
1
4
9
26
8
7
23
10
27
11
12
24
25
7
8
18
2
14
18
12
0
7
28
0
13
16
5
26
17
26
12
29

28 62 
93 97 
70 108 
23 54 
79 117 
95 57 
45 48 
75 79 
49 75 
50 104 
62 71 
75 46 
46 66 
63 56 
43 27 
40 33 
104 92 
14 77 
38 41 
70 36 
77 105 
78 27 
59 19 
76 82 
94 43 
37 27 
33 48 
56 30 
44 46 
70 90 
64 33 
108 35 
37 99 
29 99 
65 46 
43 60 
58 34 
31 85 
65 92 
101 98 
59 108 
35 114 
57 21 
44 34 
74 86 
84 39 
66 82 
89 82 
83 83 
20 38 
71 18 
45 47 
66 35 
93 36 
30 51 
82 80 
70 84 
54 100 
85 89 
80 45 
17 82 
86 81 
91 49 
20 29 
68 89 
46 109 
111 95 
120 100 
83 105 
46 75 
81 67 
33 57 
49 104 
13 94 
51 50 
44 93 
81 102 
67 49 
59 39 
34 73 

1650
2330
2236
1849
2236
1875
1693
1568
1417
2576
1710
1534
1265
1192
1421
1679
2076
1928
1408
1203
2085
1880
1901
1385
1820
1496
1907
1447
1511
1789
1473
2388
1936
1073
1390
1746
2277
1399
2309
2257
1955
1808
1584
1862
2032
2108
2268
2375
2720
1954
1595
1937
1368
1991
1537
2432
2299
1692
1887
1646
2229
2229
2191
1914
1558
1883
2598
2352
1783
2470
1836
1709
1970
1873
1532
2022
2479
1772
1609
1944

1 2 3 4 5 1 2 3 4 5 6 7
1 2 3 4 5 1 2 100 102 3 4 5 6 7
1 2 3 4 5 1 2 3 100 102 103 4 5 6 7
1 2 3 4 5 1 2 3 100 103 4 5 6 7
1 2 3 4 5 1 2 3 4 100 103 104 5 6 7
1 2 100 102 3 4 5 1 2 3 4 5 6 7
1 2 3 100 102 103 4 5 1 2 3 4 5 6 7
1 2 3 100 103 4 5 1 2 3 4 5 6 7
1 2 3 4 100 103 104 5 1 2 3 4 5 6 7

26 82 20 54 66 28 43 26 82 20 54 66 28 43
26 82 20 54 66 28 43 26 82 16 82 20 54 66 28 43
26 82 20 54 66 28 43 26 82 20 16 82 20 54 66 28 43
26 82 20 54 66 28 43 26 82 20 16 20 54 66 28 43
26 82 20 54 66 28 43 26 82 20 54 16 20 54 66 28 43
26 82 16 82 20 54 66 28 43 26 82 20 54 66 28 43
26 82 20 16 82 20 54 66 28 43 26 82 20 54 66 28 43
26 82 20 16 20 54 66 28 43 26 82 20 54 66 28 43
26 82 20 54 16 20 54 66 28 43 26 82 20 54 66 28 43

96 54 74 78 77 35 10 96 54 74 78 77 35 10
96 54 74 78 77 35 10 96 54 17 54 74 78 77 35 10
96 54 74 78 77 35 10 96 54 74 17 54 74 78 77 35 10
96 54 74 78 77 35 10 96 54 74 17 74 78 77 35 10
96 54 74 78 77 35 10 96 54 74 78 17 74 78 77 35 10
96 54 17 54 74 78 77 35 10 96 54 74 78 77 35 10
96 54 74 17 54 74 78 77 35 10 96 54 74 78 77 35 10
96 54 74 17 74 78 77 35 10 96 54 74 78 77 35 10
96 54 74 78 17 74 78 77 35 10 96 54 74 78 77 35 10

15 74 65 94 62 61 97 15 74 65 94 62 61 97
15 74 65 94 62 61 97 15 74 18 74 65 94 62 61 97
15 74 65 94 62 61 97 15 74 65 18 74 65 94 62 61 97
15 74 65 94 62 61 97 15 74 65 18 65 94 62 61 97
15 74 65 94 62 61 97 15 74 65 94 18 65 94 62 61 97
15 74 18 74 65 94 62 61 97 15 74 65 94 62 61 97
15 74 65 18 74 65 94 62 61 97 15 74 65 94 62 61 97
15 74 65 18 65 94 62 61 97 15 74 65 94 62 61 97
15 74 65 94 18 65 94 62 61 97 15 74 65 94 62 61 97

74 56 5 41 70 47 87 74 56 5 41 70 47 87
74 56 5 41 70 47 87 74 56 11 56 5 41 70 47 87
74 56 5 41 70 47 87 74 56 5 11 56 5 41 70 47 87
74 56 5 41 70 47 87 74 56 5 11 5 41 70 47 87
74 56 5 41 70 47 87 74 56 5 41 11 5 41 70 47 87
74 56 11 56 5 41 70 47 87 74 56 5 41 70 47 87
74 56 5 11 56 5 41 70 47 87 74 56 5 41 70 47 87
74 56 5 11 5 41 70 47 87 74 56 5 41 70 47 87
74 56 5 41 11 5 41 70 47 87 74 56 5 41 70 47 87

12 79 63 97 85 66 31 12 79 63 97 85 66 31
12 79 63 97 85 66 31 12 79 18 79 63 97 85 66 31
12 79 63 97 85 66 31 12 79 63 18 79 63 97 85 66 31
12 79 63 97 85 66 31 12 79 63 18 63 97 85 66 31
12 79 63 97 85 66 31 12 79 63 97 18 63 97 85 66 31
12 79 18 79 63 97 85 66 31 12 79 63 97 85 66 31
12 79 63 18 79 63 97 85 66 31 12 79 63 97 85 66 31
12 79 63 18 63 97 85 66 31 12 79 63 97 85 66 31
12 79 63 97 18 63 97 85 66 31 12 79 63 97 85 66 31

56 28 86 50 44 39 80 56 28 86 50 44 39 80
56 28 86 50 44 39 80 56 28 19 28 86 50 44 39 80
56 28 86 50 44 39 80 56 28 86 19 28 86 50 44 39 80
56 28 86 50 44 39 80 56 28 86 19 86 50 44 39 80
56 28 86 50 44 39 80 56 28 86 50 19 86 50 44 39 80
56 28 19 28 86 50 44 39 80 56 28 86 50 44 39 80
56 28 86 19 28 86 50 44 39 80 56 28 86 50 44 39 80
56 28 86 19 86 50 44 39 80 56 28 86 50 44 39 80
56 28 86 50 19 86 50 44 39 80 56 28 86 50 44 39 80

53 87 32 39 33 56 40 53 87 32 39 33 56 40
53 87 32 39 33 56 40 53 87 15 87 32 39 33 56 40
53 87 32 39 33 56 40 53 87 32 15 87 32 39 33 56 40
53 87 32 39 33 56 40 53 87 32 15 32 39 33 56 40
53 87 32 39 33 56 40 53 87 32 39 15 32 39 33 56 40
53 87 15 87 32 39 33 56 40 53 87 32 39 33 56 40
53 87 32 15 87 32 39 33 56 40 53 87 32 39 33 56 40
53 87 32 15 32 39 33 56 40 53 87 32 39 33 56 40
53 87 32 39 15 32 39 33 56 40 53 87 32 39 33 56 40

68 11 58 68 46 19 14 68 11 58 68 46 19 14
68 11 58 68 46 19 14 68 11 14 11 58 68 46 19 14
68 11 58 68 46 19 14 68 11 58 14 11 58 68 46 19 14
68 11 58 68 46 19 14 68 11 58 14 58 68 46 19 14
68 11 58 68 46 19 14 68 11 58 68 14 58 68 46 19 14
68 11 14 11 58 68 46 19 14 68 11 58 68 46 19 14
68 11 58 14 11 58 68 46 19 14 68 11 58 68 46 19 14
68 11 58 14 58 68 46 19 14 68 11 58 68 46 19 14
68 11 58 68 14 58 68 46 19 14 68 11 58 68 46 19 14

22 91 30 59 16 10 42 22 91 30 59 16 10 42
22 91 30 59 16 10 42 22 91 9 91 30 59 16 10 42
22 91 30 59 16 10 42 22 91 30 9 91 30 59 16 10 42
22 91 30 59 16 10 42 22 91 30 9 30 59 16 10 42
22 91 30 59 16 10 42 22 91 30 59 9 30 59 16 10 42
22 91 9 91 30 59 16 10 42 22 91 30 59 16 10 42
22 91 30 9 91 30 59 16 10 42 22 91 30 59 16 10 42
22 91 30 9 30 59 16 10 42 22 91 30 59 16 10 42
22 91 30 59 9 30 59 16 10 42 22 91 30 59 16 10 42

68 73 42 84 95 95 59 68 73 42 84 95 95 59
68 73 42 84 95 95 59 68 73 11 73 42 84 95 95 59
68 73 42 84 95 95 59 68 73 42 11 73 42 84 95 95 59
68 73 42 84 95 95 59 68 73 42 11 42 84 95 95 59
68 73 42 84 95 95 59 68 73 42 84 11 42 84 95 95 59
68 73 11 73 42 84 95 95 59 68 73 42 84 95 95 59
68 73 42 11 73 42 84 95 95 59 68 73 42 84 95 95 59
68 73 42 11 42 84 95 95 59 68 73 42 84 95 95 59
68 73 42 84 11 42 84 95 95 59 68 73 42 84 95 95 59

25 85 44 65 17 25 89 25 85 44 65 17 25 89
25 85 44 65 17 25 89 25 85 17 85 44 65 17 25 89
25 85 44 65 17 25 89 25 85 44 17 85 44 65 17 25 89
25 85 44 65 17 25 89 25 85 44 17 44 65 17 25 89
25 85 44 65 17 25 89 25 85 44 65 17 44 65 17 25 89
25 85 17 85 44 65 17 25 89 25 85 44 65 17 25 89
25 85 44 17 85 44 65 17 25 89 25 85 44 65 17 25 89
25 85 44 17 44 65 17 25 89 25 85 44 65 17 25 89
25 85 44 65 17 44 65 17 25 89 25 85 44 65 17 25 89

14 85 57 27 17 69 46 14 85 57 27 17 69 46
14 85 57 27 17 69 46 14 85 12 85 57 27 17 69 46
14 85 57 27 17 69 46 14 85 57 12 85 57 27 17 69 46
14 85 57 27 17 69 46 14 85 57 12 57 27 17 69 46
14 85 57 27 17 69 46 14 85 57 27 12 57 27 17 69 46
14 85 12 85 57 27 17 69 46 14 85 57 27 17 69 46
14 85 57 12 85 57 27 17 69 46 14 85 57 27 17 69 46
14 85 57 12 57 27 17 69 46 14 85 57 27 17 69 46
14 85 57 27 12 57 27 17 69 46 14 85 57 27 17 69 46

17 66 30 58 17 25 37 17 66 30 58 17 25 37
17 66 30 58 17 25 37 17 66 11 66 30 58 17 25 37
17 66 30 58 17 25 37 17 66 30 11 66 30 58 17 25 37
17 66 30 58 17 25 37 17 66 30 11 30 58 17 25 37
17 66 30 58 17 25 37 17 66 30 58 11 30 58 17 25 37
17 66 11 66 30 58 17 25 37 17 66 30 58 17 25 37
17 66 30 11 66 30 58 17 25 37 17 66 30 58 17 25 37
17 66 30 11 30 58 17 25 37 17 66 30 58 17 25 37
17 66 30 58 11 30 58 17 25 37 17 66 30 58 17 25 37

38 22 57 47 17 39 5 38 22 57 47 17 39 5
38 22 57 47 17 39 5 38 22 10 22 57 47 17 39 5
38 22 57 47 17 39 5 38 22 57 10 22 57 47 17 39 5
38 22 57 47 17 39 5 38 22 57 10 57 47 17 39 5
38 22 57 47 17 39 5 38 22 57 47 10 57 47 17 39 5
38 22 10 22 57 47 17 39 5 38 22 57 47 17 39 5
38 22 57 10 22 57 47 17 39 5 38 22 57 47 17 39 5
38 22 57 10 57 47 17 39 5 38 22 57 47 17 39 5
38 22 57 47 10 57 47 17 39 5 38 22 57 47 17 39 5

52 64 26 13 21 99 28 52 64 26 13 21 99 28
52 64 26 13 21 99 28 52 64 16 64 26 13 21 99 28
52 64 26 13 21 99 28 52 64 26 16 64 26 13 21 99 28
52 64 26 13 21 99 28 52 64 26 16 26 13 21 99 28
52 64 26 13 21 99 28 52 64 26 13 16 26 13 21 99 28
52 64 16 64 26 13 21 99 28 52 64 26 13 21 99 28
52 64 26 16 64 26 13 21 99 28 52 64 26 13 21 99 28
52 64 26 16 26 13 21 99 28 52 64 26 13 21 99 28
52 64 26 13 16 26 13 21 99 28 52 64 26 13 21 99 28

75 89 33 27 14 55 45 75 89 33 27 14 55 45
75 89 33 27 14 55 45 75 89 9 89 33 27 14 55 45
75 89 33 27 14 55 45 75 89 33 9 89 33 27 14 55 45
75 89 33 27 14 55 45 75 89 33 9 33 27 14 55 45
75 89 33 27 14 55 45 75 89 33 27 9 33 27 14 55 45
75 89 9 89 33 27 14 55 45 75 89 33 27 14 55 45
75 89 33 9 89 33 27 14 55 45 75 89 33 27 14 55 45
75 89 33 9 33 27 14 55 45 75 89 33 27 14 55 45
75 89 33 27 9 33 27 14 55 45 75 89 33 27 14 55 45

56 73 84 85 17 57 27 56 73 84 85 17 57 27
56 73 84 85 17 57 27 56 73 10 73 84 85 17 57 27
56 73 84 85 17 57 27 56 73 84 10 73 84 85 17 57 27
56 73 84 85 17 57 27 56 73 84 10 84 85 17 57 27
56 73 84 85 17 57 27 56 73 84 85 10 84 85 17 57 27
56 73 10 73 84 85 17 57 27 56 73 84 85 17 57 27
56 73 84 10 73 84 85 17 57 27 56 73 84 85 17 57 27
56 73 84 10 84 85 17 57 27 56 73 84 85 17 57 27
56 73 84 85 10 84 85 17 57 27 56 73 84 85 17 57 27

42 87 5 64 89 62 38 42 87 5 64 89 62 38
42 87 5 64 89 62 38 42 87 12 87 5 64 89 62 38
42 87 5 64 89 62 38 42 87 5 12 87 5 64 89 62 38
42 87 5 64 89 62 38 42 87 5 12 5 64 89 62 38
42 87 5 64 89 62 38 42 87 5 64 12 5 64 89 62 38
42 87 12 87 5 64 89 62 38 42 87 5 64 89 62 38
42 87 5 12 87 5 64 89 62 38 42 87 5 64 89 62 38
42 87 5 12 5 64 89 62 38 42 87 5 64 89 62 38
42 87 5 64 12 5 64 89 62 38 42 87 5 64 89 62 38

13 71 32 22 24 77 84 13 71 32 22 24 77 84
13 71 32 22 24 77 84 13 71 11 71 32 22 24 77 84
13 71 32 22 24 77 84 13 71 32 11 71 32 22 24 77 84
13 71 32 22 24 77 84 13 71 32 11 32 22 24 77 84
13 71 32 22 24 77 84 13 71 32 22 11 32 22 24 77 84
13 71 11 71 32 22 24 77 84 13 71 32 22 24 77 84
13 71 32 11 71 32 22 24 77 84 13 71 32 22 24 77 84
13 71 32 11 32 22 24 77 84 13 71 32 22 24 77 84
13 71 32 22 11 32 22 24 77 84 13 71 32 22 24 77 84

8 15 54 17 91 19 27 8 15 54 17 91 19 27
8 15 54 17 91 19 27 8 15 6 15 54 17 91 19 27
8 15 54 17 91 19 27 8 15 54 6 15 54 17 91 19 27
8 15 54 17 91 19 27 8 15 54 6 54 17 91 19 27
8 15 54 17 91 19 27 8 15 54 17 6 54 17 91 19 27
8 15 6 15 54 17 91 19 27 8 15 54 17 91 19 27
8 15 54 6 15 54 17 91 19 27 8 15 54 17 91 19 27
8 15 54 6 54 17 91 19 27 8 15 54 17 91 19 27
8 15 54 17 6 54 17 91 19 27 8 15 54 17 91 19 27

40 84 69 95 24 81 15 40 84 69 95 24 81 15
40 84 69 95 24 81 15 40 84 10 84 69 95 24 81 15
40 84 69 95 24 81 15 40 84 69 10 84 69 95 24 81 15
40 84 69 95 24 81 15 40 84 69 10 69 95 24 81 15
40 84 69 95 24 81 15 40 84 69 95 10 69 95 24 81 15
40 84 10 84 69 95 24 81 15 40 84 69 95 24 81 15
40 84 69 10 84 69 95 24 81 15 40 84 69 95 24 81 15
40 84 69 10 69 95 24 81 15 40 84 69 95 24 81 15
40 84 69 95 10 69 95 24 81 15 40 84 69 95 24 81 15

85 85 67 14 6 41 100 85 85 67 14 6 41 100
85 85 67 14 6 41 100 85 85 19 85 67 14 6 41 100
85 85 67 14 6 41 100 85 85 67 19 85 67 14 6 41 100
85 85 67 14 6 41 100 85 85 67 19 67 14 6 41 100
85 85 67 14 6 41 100 85 85 67 14 19 67 14 6 41 100
85 85 19 85 67 14 6 41 100 85 85 67 14 6 41 100
85 85 67 19 85 67 14 6 41 100 85 85 67 14 6 41 100
85 85 67 19 67 14 6 41 100 85 85 67 14 6 41 100
85 85 67 14 19 67 14 6 41 100 85 85 67 14 6 41 100

63 47 48 12 81 49 91 63 47 48 12 81 49 91
63 47 48 12 81 49 91 63 47 16 47 48 12 81 49 91
63 47 48 12 81 49 91 63 47 48 16 47 48 12 81 49 91
63 47 48 12 81 49 91 63 47 48 16 48 12 81 49 91
63 47 48 12 81 49 91 63 47 48 12 16 48 12 81 49 91
63 47 16 47 48 12 81 49 91 63 47 48 12 81 49 91
63 47 48 16 47 48 12 81 49 91 63 47 48 12 81 49 91
63 47 48 16 48 12 81 49 91 63 47 48 12 81 49 91
63 47 48 12 16 48 12 81 49 91 63 47 48 12 81 49 91

62 22 57 62 16 20 13 62 22 57 62 16 20 13
62 22 57 62 16 20 13 62 22 16 22 57 62 16 20 13
62 22 57 62 16 20 13 62 22 57 16 22 57 62 16 20 13
62 22 57 62 16 20 13 62 22 57 16 57 62 16 20 13
62 22 57 62 16 20 13 62 22 57 62 16 57 62 16 20 13
62 22 16 22 57 62 16 20 13 62 22 57 62 16 20 13
62 22 57 16 22 57 62 16 20 13 62 22 57 62 16 20 13
62 22 57 16 57 62 16 20 13 62 22 57 62 16 20 13
62 22 57 62 16 57 62 16 20 13 62 22 57 62 16 20 13

46 7 84 30 77 65 55 46 7 84 30 77 65 55
46 7 84 30 77 65 55 46 7 6 7 84 30 77 65 55
46 7 84 30 77 65 55 46 7 84 6 7 84 30 77 65 55
46 7 84 30 77 65 55 46 7 84 6 84 30 77 65 55
46 7 84 30 77 65 55 46 7 84 30 6 84 30 77 65 55
46 7 6 7 84 30 77 65 55 46 7 84 30 77 65 55
46 7 84 6 7 84 30 77 65 55 46 7 84 30 77 65 55
46 7 84 6 84 30 77 65 55 46 7 84 30 77 65 55
46 7 84 30 6 84 30 77 65 55 46 7 84 30 77 65 55

25 11 32 14 98 55 97 25 11 32 14 98 55 97
25 11 32 14 98 55 97 25 11 13 11 32 14 98 55 97
25 11 32 14 98 55 97 25 11 32 13 11 32 14 98 55 97
25 11 32 14 98 55 97 25 11 32 13 32 14 98 55 97
25 11 32 14 98 55 97 25 11 32 14 13 32 14 98 55 97
25 11 13 11 32 14 98 55 97 25 11 32 14 98 55 97
25 11 32 13 11 32 14 98 55 97 25 11 32 14 98 55 97
25 11 32 13 32 14 98 55 97 25 11 32 14 98 55 97
25 11 32 14 13 32 14 98 55 97 25 11 32 14 98 55 97

80 84 19 38 51 9 100 80 84 19 38 51 9 100
80 84 19 38 51 9 100 80 84 9 84 19 38 51 9 100
80 84 19 38 51 9 100 80 84 19 9 84 19 38 51 9 100
80 84 19 38 51 9 100 80 84 19 9 19 38 51 9 100
80 84 19 38 51 9 100 80 84 19 38 9 19 38 51 9 100
80 84 9 84 19 38 51 9 100 80 84 19 38 51 9 100
80 84 19 9 84 19 38 51 9 100 80 84 19 38 51 9 100
80 84 19 9 19 38 51 9 100 80 84 19 38 51 9 100
80 84 19 38 9 19 38 51 9 100 80 84 19 38 51 9 100

15 89 38 18 34 55 58 15 89 38 18 34 55 58
15 89 38 18 34 55 58 15 89 7 89 38 18 34 55 58
15 89 38 18 34 55 58 15 89 38 7 89 38 18 34 55 58
15 89 38 18 34 55 58 15 89 38 7 38 18 34 55 58
15 89 38 18 34 55 58 15 89 38 18 7 38 18 34 55 58
15 89 7 89 38 18 34 55 58 15 89 38 18 34 55 58
15 89 38 7 89 38 18 34 55 58 15 89 38 18 34 55 58
15 89 38 7 38 18 34 55 58 15 89 38 18 34 55 58
15 89 38 18 7 38 18 34 55 58 15 89 38 18 34 55 58

56 8 36 36 46 75 66 56 8 36 36 46 75 66
56 8 36 36 46 75 66 56 8 5 8 36 36 46 75 66
56 8 36 36 46 75 66 56 8 36 5 8 36 36 46 75 66
56 8 36 36 46 75 66 56 8 36 5 36 36 46 75 66
56 8 36 36 46 75 66 56 8 36 36 5 36 36 46 75 66
56 8 5 8 36 36 46 75 66 56 8 36 36 46 75 66
56 8 36 5 8 36 36 46 75 66 56 8 36 36 46 75 66
56 8 36 5 36 36 46 75 66 56 8 36 36 46 75 66
56 8 36 36 5 36 36 46 75 66 56 8 36 36 46 75 66

28 55 56 80 62 10 39 28 55 56 80 62 10 39
28 55 56 80 62 10 39 28 55 6 55 56 80 62 10 39
28 55 56 80 62 10 39 28 55 56 6 55 56 80 62 10 39
28 55 56 80 62 10 39 28 55 56 6 56 80 62 10 39
28 55 56 80 62 10 39 28 55 56 80 6 56 80 62 10 39
28 55 6 55 56 80 62 10 39 28 55 56 80 62 10 39
28 55 56 6 55 56 80 62 10 39 28 55 56 80 62 10 39
28 55 56 6 56 80 62 10 39 28 55 56 80 62 10 39
28 55 56 80 6 56 80 62 10 39 28 55 56 80 62 10 39

81 23 56 16 22 72 38 81 23 56 16 22 72 38
81 23 56 16 22 72 38 81 23 17 23 56 16 22 72 38
81 23 56 16 22 72 38 81 23 56 17 23 56 16 22 72 38
81 23 56 16 22 72 38 81 23 56 17 56 16 22 72 38
81 23 56 16 22 72 38 81 23 56 16 17 56 16 22 72 38
81 23 17 23 56 16 22 72 38 81 23 56 16 22 72 38
81 23 56 17 23 56 16 22 72 38 81 23 56 16 22 72 38
81 23 56 17 56 16 22 72 38 81 23 56 16 22 72 38
81 23 56 16 17 56 16 22 72 38 81 23 56 16 22 72 38

85 71 96 23 71 78 46 85 71 96 23 71 78 46
85 71 96 23 71 78 46 85 71 12 71 96 23 71 78 46
85 71 96 23 71 78 46 85 71 96 12 71 96 23 71 78 46
85 71 96 23 71 78 46 85 71 96 12 96 23 71 78 46
85 71 96 23 71 78 46 85 71 96 23 12 96 23 71 78 46
85 71 12 71 96 23 71 78 46 85 71 96 23 71 78 46
85 71 96 12 71 96 23 71 78 46 85 71 96 23 71 78 46
85 71 96 12 96 23 71 78 46 85 71 96 23 71 78 46
85 71 96 23 12 96 23 71 78 46 85 71 96 23 71 78 46

19 34 30 93 94 24 96 19 34 30 93 94 24 96
19 34 30 93 94 24 96 19 34 17 34 30 93 94 24 96
19 34 30 93 94 24 96 19 34 30 17 34 30 93 94 24 96
19 34 30 93 94 24 96 19 34 30 17 30 93 94 24 96
19 34 30 93 94 24 96 19 34 30 93 17 30 93 94 24 96
19 34 17 34 30 93 94 24 96 19 34 30 93 94 24 96
19 34 30 17 34 30 93 94 24 96 19 34 30 93 94 24 96
19 34 30 17 30 93 94 24 96 19 34 30 93 94 24 96
19 34 30 93 17 30 93 94 24 96 19 34 30 93 94 24 96

19 10 11 87 6 19 77 19 10 11 87 6 19 77
19 10 11 87 6 19 77 19 10 15 10 11 87 6 19 77
19 10 11 87 6 19 77 19 10 11 15 10 11 87 6 19 77
19 10 11 87 6 19 77 19 10 11 15 11 87 6 19 77
19 10 11 87 6 19 77 19 10 11 87 15 11 87 6 19 77
19 10 15 10 11 87 6 19 77 19 10 11 87 6 19 77
19 10 11 15 10 11 87 6 19 77 19 10 11 87 6 19 77
19 10 11 15 11 87 6 19 77 19 10 11 87 6 19 77
19 10 11 87 15 11 87 6 19 77 19 10 11 87 6 19 77

42 29 50 33 34 81 19 42 29 50 33 34 81 19
42 29 50 33 34 81 19 42 29 6 29 50 33 34 81 19
42 29 50 33 34 81 19 42 29 50 6 29 50 33 34 81 19
42 29 50 33 34 81 19 42 29 50 6 50 33 34 81 19
42 29 50 33 34 81 19 42 29 50 33 6 50 33 34 81 19
42 29 6 29 50 33 34 81 19 42 29 50 33 34 81 19
42 29 50 6 29 50 33 34 81 19 42 29 50 33 34 81 19
42 29 50 6 50 33 34 81 19 42 29 50 33 34 81 19
42 29 50 33 6 50 33 34 81 19 42 29 50 33 34 81 19

54 75 26 42 15 96 71 54 75 26 42 15 96 71
54 75 26 42 15 96 71 54 75 10 75 26 42 15 96 71
54 75 26 42 15 96 71 54 75 26 10 75 26 42 15 96 71
54 75 26 42 15 96 71 54 75 26 10 26 42 15 96 71
54 75 26 42 15 96 71 54 75 26 42 10 26 42 15 96 71
54 75 10 75 26 42 15 96 71 54 75 26 42 15 96 71
54 75 26 10 75 26 42 15 96 71 54 75 26 42 15 96 71
54 75 26 10 26 42 15 96 71 54 75 26 42 15 96 71
54 75 26 42 10 26 42 15 96 71 54 75 26 42 15 96 71

71 94 53 22 74 67 96 71 94 53 22 74 67 96
71 94 53 22 74 67 96 71 94 14 94 53 22 74 67 96
71 94 53 22 74 67 96 71 94 53 14 94 53 22 74 67 96
71 94 53 22 74 67 96 71 94 53 14 53 22 74 67 96
71 94 53 22 74 67 96 71 94 53 22 14 53 22 74 67 96
71 94 14 94 53 22 74 67 96 71 94 53 22 74 67 96
71 94 53 14 94 53 22 74 67 96 71 94 53 22 74 67 96
71 94 53 14 53 22 74 67 96 71 94 53 22 74 67 96
71 94 53 22 14 53 22 74 67 96 71 94 53 22 74 67 96

5 88 23 74 32 27 15 5 88 23 74 32 27 15
5 88 23 74 32 27 15 5 88 19 88 23 74 32 27 15
5 88 23 74 32 27 15 5 88 23 19 88 23 74 32 27 15
5 88 23 74 32 27 15 5 88 23 19 23 74 32 27 15
5 88 23 74 32 27 15 5 88 23 74 19 23 74 32 27 15
5 88 19 88 23 74 32 27 15 5 88 23 74 32 27 15
5 88 23 19 88 23 74 32 27 15 5 88 23 74 32 27 15
5 88 23 19 23 74 32 27 15 5 88 23 74 32 27 15
5 88 23 74 19 23 74 32 27 15 5 88 23 74 32 27 15

97 79 46 78 15 86 80 97 79 46 78 15 86 80
97 79 46 78 15 86 80 97 79 20 79 46 78 15 86 80
97 79 46 78 15 86 80 97 79 46 20 79 46 78 15 86 80
97 79 46 78 15 86 80 97 79 46 20 46 78 15 86 80
97 79 46 78 15 86 80 97 79 46 78 20 46 78 15 86 80
97 79 20 79 46 78 15 86 80 97 79 46 78 15 86 80
97 79 46 20 79 46 78 15 86 80 97 79 46 78 15 86 80
97 79 46 20 46 78 15 86 80 97 79 46 78 15 86 80
97 79 46 78 20 46 78 15 86 80 97 79 46 78 15 86 80

38 44 96 91 61 25 98 38 44 96 91 61 25 98
38 44 96 91 61 25 98 38 44 18 44 96 91 61 25 98
38 44 96 91 61 25 98 38 44 96 18 44 96 91 61 25 98
38 44 96 91 61 25 98 38 44 96 18 96 91 61 25 98
38 44 96 91 61 25 98 38 44 96 91 18 96 91 61 25 98
38 44 18 44 96 91 61 25 98 38 44 96 91 61 25 98
38 44 96 18 44 96 91 61 25 98 38 44 96 91 61 25 98
38 44 96 18 96 91 61 25 98 38 44 96 91 61 25 98
38 44 96 91 18 96 91 61 25 98 38 44 96 91 61 25 98

10 92 41 88 48 44 77 10 92 41 88 48 44 77
10 92 41 88 48 44 77 10 92 20 92 41 88 48 44 77
10 92 41 88 48 44 77 10 92 41 20 92 41 88 48 44 77
10 92 41 88 48 44 77 10 92 41 20 41 88 48 44 77
10 92 41 88 48 44 77 10 92 41 88 20 41 88 48 44 77
10 92 20 92 41 88 48 44 77 10 92 41 88 48 44 77
10 92 41 20 92 41 88 48 44 77 10 92 41 88 48 44 77
10 92 41 20 41 88 48 44 77 10 92 41 88 48 44 77
10 92 41 88 20 41 88 48 44 77 10 92 41 88 48 44 77

10 11 29 95 98 76 72 10 11 29 95 98 76 72
10 11 29 95 98 76 72 10 11 14 11 29 95 98 76 72
10 11 29 95 98 76 72 10 11 29 14 11 29 95 98 76 72
10 11 29 95 98 76 72 10 11 29 14 29 95 98 76 72
10 11 29 95 98 76 72 10 11 29 95 14 29 95 98 76 72
10 11 14 11 29 95 98 76 72 10 11 29 95 98 76 72
10 11 29 14 11 29 95 98 76 72 10 11 29 95 98 76 72
10 11 29 14 29 95 98 76 72 10 11 29 95 98 76 72
10 11 29 95 14 29 95 98 76 72 10 11 29 95 98 76 72

21 77 52 10 28 100 71 21 77 52 10 28 100 71
21 77 52 10 28 100 71 21 77 19 77 52 10 28 100 71
21 77 52 10 28 100 71 21 77 52 19 77 52 10 28 100 71
21 77 52 10 28 100 71 21 77 52 19 52 10 28 100 71
21 77 52 10 28 100 71 21 77 52 10 19 52 10 28 100 71
21 77 19 77 52 10 28 100 71 21 77 52 10 28 100 71
21 77 52 19 77 52 10 28 100 71 21 77 52 10 28 100 71
21 77 52 19 52 10 28 100 71 21 77 52 10 28 100 71
21 77 52 10 19 52 10 28 100 71 21 77 52 10 28 100 71

93 88 28 26 6 68 89 93 88 28 26 6 68 89
93 88 28 26 6 68 89 93 88 11 88 28 26 6 68 89
93 88 28 26 6 68 89 93 88 28 11 88 28 26 6 68 89
93 88 28 26 6 68 89 93 88 28 11 28 26 6 68 89
93 88 28 26 6 68 89 93 88 28 26 11 28 26 6 68 89
93 88 11 88 28 26 6 68 89 93 88 28 26 6 68 89
93 88 28 11 88 28 26 6 68 89 93 88 28 26 6 68 89
93 88 28 11 28 26 6 68 89 93 88 28 26 6 68 89
93 88 28 26 11 28 26 6 68 89 93 88 28 26 6 68 89

29 84 67 81 46 41 39 29 84 67 81 46 41 39
29 84 67 81 46 41 39 29 84 19 84 67 81 46 41 39
29 84 67 81 46 41 39 29 84 67 19 84 67 81 46 41 39
29 84 67 81 46 41 39 29 84 67 19 67 81 46 41 39
29 84 67 81 46 41 39 29 84 67 81 19 67 81 46 41 39
29 84 19 84 67 81 46 41 39 29 84 67 81 46 41 39
29 84 67 19 84 67 81 46 41 39 29 84 67 81 46 41 39
29 84 67 19 67 81 46 41 39 29 84 67 81 46 41 39
29 84 67 81 19 67 81 46 41 39 29 84 67 81 46 41 39

69 61 69 27 73 40 95 69 61 69 27 73 40 95
69 61 69 27 73 40 95 69 61 11 61 69 27 73 40 95
69 61 69 27 73 40 95 69 61 69 11 61 69 27 73 40 95
69 61 69 27 73 40 95 69 61 69 11 69 27 73 40 95
69 61 69 27 73 40 95 69 61 69 27 11 69 27 73 40 95
69 61 11 61 69 27 73 40 95 69 61 69 27 73 40 95
69 61 69 11 61 69 27 73 40 95 69 61 69 27 73 40 95
69 61 69 11 69 27 73 40 95 69 61 69 27 73 40 95
69 61 69 27 11 69 27 73 40 95 69 61 69 27 73 40 95

84 85 46 68 41 72 73 84 85 46 68 41 72 73
84 85 46 68 41 72 73 84 85 18 85 46 68 41 72 73
84 85 46 68 41 72 73 84 85 46 18 85 46 68 41 72 73
84 85 46 68 41 72 73 84 85 46 18 46 68 41 72 73
84 85 46 68 41 72 73 84 85 46 68 18 46 68 41 72 73
84 85 18 85 46 68 41 72 73 84 85 46 68 41 72 73
84 85 46 18 85 46 68 41 72 73 84 85 46 68 41 72 73
84 85 46 18 46 68 41 72 73 84 85 46 68 41 72 73
84 85 46 68 18 46 68 41 72 73 84 85 46 68 41 72 73

95 18 79 67 83 73 49 95 18 79 67 83 73 49
95 18 79 67 83 73 49 95 18 5 18 79 67 83 73 49
95 18 79 67 83 73 49 95 18 79 5 18 79 67 83 73 49
95 18 79 67 83 73 49 95 18 79 5 79 67 83 73 49
95 18 79 67 83 73 49 95 18 79 67 5 79 67 83 73 49
95 18 5 18 79 67 83 73 49 95 18 79 67 83 73 49
95 18 79 5 18 79 67 83 73 49 95 18 79 67 83 73 49
95 18 79 5 79 67 83 73 49 95 18 79 67 83 73 49
95 18 79 67 5 79 67 83 73 49 95 18 79 67 83 73 49

99 96 63 76 84 57 62 99 96 63 76 84 57 62
99 96 63 76 84 57 62 99 96 17 96 63 76 84 57 62
99 96 63 76 84 57 62 99 96 63 17 96 63 76 84 57 62
99 96 63 76 84 57 62 99 96 63 17 63 76 84 57 62
99 96 63 76 84 57 62 99 96 63 76 17 63 76 84 57 62
99 96 17 96 63 76 84 57 62 99 96 63 76 84 57 62
99 96 63 17 96 63 76 84 57 62 99 96 63 76 84 57 62
99 96 63 17 63 76 84 57 62 99 96 63 76 84 57 62
99 96 63 76 17 63 76 84 57 62 99 96 63 76 84 57 62

64 84 10 19 88 77 75 64 84 10 19 88 77 75
64 84 10 19 88 77 75 64 84 5 84 10 19 88 77 75
64 84 10 19 88 77 75 64 84 10 5 84 10 19 88 77 75
64 84 10 19 88 77 75 64 84 10 5 10 19 88 77 75
64 84 10 19 88 77 75 64 84 10 19 5 10 19 88 77 75
64 84 5 84 10 19 88 77 75 64 84 10 19 88 77 75
64 84 10 5 84 10 19 88 77 75 64 84 10 19 88 77 75
64 84 10 5 10 19 88 77 75 64 84 10 19 88 77 75
64 84 10 19 5 10 19 88 77 75 64 84 10 19 88 77 75

33 19 62 13 93 92 9 33 19 62 13 93 92 9
33 19 62 13 93 92 9 33 19 6 19 62 13 93 92 9
33 19 62 13 93 92 9 33 19 62 6 19 62 13 93 92 9
33 19 62 13 93 92 9 33 19 62 6 62 13 93 92 9
33 19 62 13 93 92 9 33 19 62 13 6 62 13 93 92 9
33 19 6 19 62 13 93 92 9 33 19 62 13 93 92 9
33 19 62 6 19 62 13 93 92 9 33 19 62 13 93 92 9
33 19 62 6 62 13 93 92 9 33 19 62 13 93 92 9
33 19 62 13 6 62 13 93 92 9 33 19 62 13 93 92 9

44 61 37 38 62 91 88 44 61 37 38 62 91 88
44 61 37 38 62 91 88 44 61 20 61 37 38 62 91 88
44 61 37 38 62 91 88 44 61 37 20 61 37 38 62 91 88
44 61 37 38 62 91 88 44 61 37 20 37 38 62 91 88
44 61 37 38 62 91 88 44 61 37 38 20 37 38 62 91 88
44 61 20 61 37 38 62 91 88 44 61 37 38 62 91 88
44 61 37 20 61 37 38 62 91 88 44 61 37 38 62 91 88
44 61 37 20 37 38 62 91 88 44 61 37 38 62 91 88
44 61 37 38 20 37 38 62 91 88 44 61 37 38 62 91 88

74 28 53 22 8 55 41 74 28 53 22 8 55 41
74 28 53 22 8 55 41 74 28 17 28 53 22 8 55 41
74 28 53 22 8 55 41 74 28 53 17 28 53 22 8 55 41
74 28 53 22 8 55 41 74 28 53 17 53 22 8 55 41
74 28 53 22 8 55 41 74 28 53 22 17 53 22 8 55 41
74 28 17 28 53 22 8 55 41 74 28 53 22 8 55 41
74 28 53 17 28 53 22 8 55 41 74 28 53 22 8 55 41
74 28 53 17 53 22 8 55 41 74 28 53 22 8 55 41
74 28 53 22 17 53 22 8 55 41 74 28 53 22 8 55 41

62 93 84 20 29 14 91 62 93 84 20 29 14 91
62 93 84 20 29 14 91 62 93 6 93 84 20 29 14 91
62 93 84 20 29 14 91 62 93 84 6 93 84 20 29 14 91
62 93 84 20 29 14 91 62 93 84 6 84 20 29 14 91
62 93 84 20 29 14 91 62 93 84 20 6 84 20 29 14 91
62 93 6 93 84 20 29 14 91 62 93 84 20 29 14 91
62 93 84 6 93 84 20 29 14 91 62 93 84 20 29 14 91
62 93 84 6 84 20 29 14 91 62 93 84 20 29 14 91
62 93 84 20 6 84 20 29 14 91 62 93 84 20 29 14 91

47 68 14 35 61 41 40 47 68 14 35 61 41 40
47 68 14 35 61 41 40 47 68 13 68 14 35 61 41 40
47 68 14 35 61 41 40 47 68 14 13 68 14 35 61 41 40
47 68 14 35 61 41 40 47 68 14 13 14 35 61 41 40
47 68 14 35 61 41 40 47 68 14 35 13 14 35 61 41 40
47 68 13 68 14 35 61 41 40 47 68 14 35 61 41 40
47 68 14 13 68 14 35 61 41 40 47 68 14 35 61 41 40
47 68 14 13 14 35 61 41 40 47 68 14 35 61 41 40
47 68 14 35 13 14 35 61 41 40 47 68 14 35 61 41 40

48 99 74 64 67 68 79 48 99 74 64 67 68 79
48 99 74 64 67 68 79 48 99 7 99 74 64 67 68 79
48 99 74 64 67 68 79 48 99 74 7 99 74 64 67 68 79
48 99 74 64 67 68 79 48 99 74 7 74 64 67 68 79
48 99 74 64 67 68 79 48 99 74 64 7 74 64 67 68 79
48 99 7 99 74 64 67 68 79 48 99 74 64 67 68 79
48 99 74 7 99 74 64 67 68 79 48 99 74 64 67 68 79
48 99 74 7 74 64 67 68 79 48 99 74 64 67 68 79
48 99 74 64 7 74 64 67 68 79 48 99 74 64 67 68 79

90 45 59 74 38 79 82 90 45 59 74 38 79 82
90 45 59 74 38 79 82 90 45 8 45 59 74 38 79 82
90 45 59 74 38 79 82 90 45 59 8 45 59 74 38 79 82
90 45 59 74 38 79 82 90 45 59 8 59 74 38 79 82
90 45 59 74 38 79 82 90 45 59 74 8 59 74 38 79 82
90 45 8 45 59 74 38 79 82 90 45 59 74 38 79 82
90 45 59 8 45 59 74 38 79 82 90 45 59 74 38 79 82
90 45 59 8 59 74 38 79 82 90 45 59 74 38 79 82
90 45 59 74 8 59 74 38 79 82 90 45 59 74 38 79 82

49 18 36 95 75 10 27 49 18 36 95 75 10 27
49 18 36 95 75 10 27 49 18 17 18 36 95 75 10 27
49 18 36 95 75 10 27 49 18 36 17 18 36 95 75 10 27
49 18 36 95 75 10 27 49 18 36 17 36 95 75 10 27
49 18 36 95 75 10 27 49 18 36 95 17 36 95 75 10 27
49 18 17 18 36 95 75 10 27 49 18 36 95 75 10 27
49 18 36 17 18 36 95 75 10 27 49 18 36 95 75 10 27
49 18 36 17 36 95 75 10 27 49 18 36 95 75 10 27
49 18 36 95 17 36 95 75 10 27 49 18 36 95 75 10 27

82 6 66 75 65 37 14 82 6 66 75 65 37 14
82 6 66 75 65 37 14 82 6 5 6 66 75 65 37 14
82 6 66 75 65 37 14 82 6 66 5 6 66 75 65 37 14
82 6 66 75 65 37 14 82 6 66 5 66 75 65 37 14
82 6 66 75 65 37 14 82 6 66 75 5 66 75 65 37 14
82 6 5 6 66 75 65 37 14 82 6 66 75 65 37 14
82 6 66 5 6 66 75 65 37 14 82 6 66 75 65 37 14
82 6 66 5 66 75 65 37 14 82 6 66 75 65 37 14
82 6 66 75 5 66 75 65 37 14 82 6 66 75 65 37 14

19 57 70 33 67 60 6 19 57 70 33 67 60 6
19 57 70 33 67 60 6 19 57 10 57 70 33 67 60 6
19 57 70 33 67 60 6 19 57 70 10 57 70 33 67 60 6
19 57 70 33 67 60 6 19 57 70 10 70 33 67 60 6
19 57 70 33 67 60 6 19 57 70 33 10 70 33 67 60 6
19 57 10 57 70 33 67 60 6 19 57 70 33 67 60 6
19 57 70 10 57 70 33 67 60 6 19 57 70 33 67 60 6
19 57 70 10 70 33 67 60 6 19 57 70 33 67 60 6
19 57 70 33 10 70 33 67 60 6 19 57 70 33 67 60 6

73 98 10 68 81 21 82 73 98 10 68 81 21 82
73 98 10 68 81 21 82 73 98 17 98 10 68 81 21 82
73 98 10 68 81 21 82 73 98 10 17 98 10 68 81 21 82
73 98 10 68 81 21 82 73 98 10 17 10 68 81 21 82
73 98 10 68 81 21 82 73 98 10 68 17 10 68 81 21 82
73 98 17 98 10 68 81 21 82 73 98 10 68 81 21 82
73 98 10 17 98 10 68 81 21 82 73 98 10 68 81 21 82
73 98 10 17 10 68 81 21 82 73 98 10 68 81 21 82
73 98 10 68 17 10 68 81 21 82 73 98 10 68 81 21 82

32 64 72 64 100 62 35 32 64 72 64 100 62 35
32 64 72 64 100 62 35 32 64 19 64 72 64 100 62 35
32 64 72 64 100 62 35 32 64 72 19 64 72 64 100 62 35
32 64 72 64 100 62 35 32 64 72 19 72 64 100 62 35
32 64 72 64 100 62 35 32 64 72 64 19 72 64 100 62 35
32 64 19 64 72 64 100 62 35 32 64 72 64 100 62 35
32 64 72 19 64 72 64 100 62 35 32 64 72 64 100 62 35
32 64 72 19 72 64 100 62 35 32 64 72 64 100 62 35
32 64 72 64 19 72 64 100 62 35 32 64 72 64 100 62 35

75 79 81 38 38 73 52 75 79 81 38 38 73 52
75 79 81 38 38 73 52 75 79 8 79 81 38 38 73 52
75 79 81 38 38 73 52 75 79 81 8 79 81 38 38 73 52
75 79 81 38 38 73 52 75 79 81 8 81 38 38 73 52
75 79 81 38 38 73 52 75 79 81 38 8 81 38 38 73 52
75 79 8 79 81 38 38 73 52 75 79 81 38 38 73 52
75 79 81 8 79 81 38 38 73 52 75 79 81 38 38 73 52
75 79 81 8 81 38 38 73 52 75 79 81 38 38 73 52
75 79 81 38 8 81 38 38 73 52 75 79 81 38 38 73 52

40 89 8 19 100 86 54 40 89 8 19 100 86 54
40 89 8 19 100 86 54 40 89 15 89 8 19 100 86 54
40 89 8 19 100 86 54 40 89 8 15 89 8 19 100 86 54
40 89 8 19 100 86 54 40 89 8 15 8 19 100 86 54
40 89 8 19 100 86 54 40 89 8 19 15 8 19 100 86 54
40 89 15 89 8 19 100 86 54 40 89 8 19 100 86 54
40 89 8 15 89 8 19 100 86 54 40 89 8 19 100 86 54
40 89 8 15 8 19 100 86 54 40 89 8 19 100 86 54
40 89 8 19 15 8 19 100 86 54 40 89 8 19 100 86 54

62 8 61 79 11 17 81 62 8 61 79 11 17 81
62 8 61 79 11 17 81 62 8 8 8 61 79 11 17 81
62 8 61 79 11 17 81 62 8 61 8 8 61 79 11 17 81
62 8 61 79 11 17 81 62 8 61 8 61 79 11 17 81
62 8 61 79 11 17 81 62 8 61 79 8 61 79 11 17 81
62 8 8 8 61 79 11 17 81 62 8 61 79 11 17 81
62 8 61 8 8 61 79 11 17 81 62 8 61 79 11 17 81
62 8 61 8 61 79 11 17 81 62 8 61 79 11 17 81
62 8 61 79 8 61 79 11 17 81 62 8 61 79 11 17 81

81 51 32 89 25 43 58 81 51 32 89 25 43 58
81 51 32 89 25 43 58 81 51 5 51 32 89 25 43 58
81 51 32 89 25 43 58 81 51 32 5 51 32 89 25 43 58
81 51 32 89 25 43 58 81 51 32 5 32 89 25 43 58
81 51 32 89 25 43 58 81 51 32 89 5 32 89 25 43 58
81 51 5 51 32 89 25 43 58 81 51 32 89 25 43 58
81 51 32 5 51 32 89 25 43 58 81 51 32 89 25 43 58
81 51 32 5 32 89 25 43 58 81 51 32 89 25 43 58
81 51 32 89 5 32 89 25 43 58 81 51 32 89 25 43 58

69 74 97 82 54 54 80 69 74 97 82 54 54 80
69 74 97 82 54 54 80 69 74 7 74 97 82 54 54 80
69 74 97 82 54 54 80 69 74 97 7 74 97 82 54 54 80
69 74 97 82 54 54 80 69 74 97 7 97 82 54 54 80
69 74 97 82 54 54 80 69 74 97 82 7 97 82 54 54 80
69 74 7 74 97 82 54 54 80 69 74 97 82 54 54 80
69 74 97 7 74 97 82 54 54 80 69 74 97 82 54 54 80
69 74 97 7 97 82 54 54 80 69 74 97 82 54 54 80
69 74 97 82 7 97 82 54 54 80 69 74 97 82 54 54 80

94 6 100 86 43 55 96 94 6 100 86 43 55 96
94 6 100 86 43 55 96 94 6 12 6 100 86 43 55 96
94 6 100 86 43 55 96 94 6 100 12 6 100 86 43 55 96
94 6 100 86 43 55 96 94 6 100 12 100 86 43 55 96
94 6 100 86 43 55 96 94 6 100 86 12 100 86 43 55 96
94 6 12 6 100 86 43 55 96 94 6 100 86 43 55 96
94 6 100 12 6 100 86 43 55 96 94 6 100 86 43 55 96
94 6 100 12 100 86 43 55 96 94 6 100 86 43 55 96
94 6 100 86 12 100 86 43 55 96 94 6 100 86 43 55 96

23 46 74 89 26 76 19 23 46 74 89 26 76 19
23 46 74 89 26 76 19 23 46 9 46 74 89 26 76 19
23 46 74 89 26 76 19 23 46 74 9 46 74 89 26 76 19
23 46 74 89 26 76 19 23 46 74 9 74 89 26 76 19
23 46 74 89 26 76 19 23 46 74 89 9 74 89 26 76 19
23 46 9 46 74 89 26 76 19 23 46 74 89 26 76 19
23 46 74 9 46 74 89 26 76 19 23 46 74 89 26 76 19
23 46 74 9 74 89 26 76 19 23 46 74 89 26 76 19
23 46 74 89 9 74 89 26 76 19 23 46 74 89 26 76 19

57 97 32 61 89 94 89 57 97 32 61 89 94 89
57 97 32 61 89 94 89 57 97 6 97 32 61 89 94 89
57 97 32 61 89 94 89 57 97 32 6 97 32 61 89 94 89
57 97 32 61 89 94 89 57 97 32 6 32 61 89 94 89
57 97 32 61 89 94 89 57 97 32 61 6 32 61 89 94 89
57 97 6 97 32 61 89 94 89 57 97 32 61 89 94 89
57 97 32 6 97 32 61 89 94 89 57 97 32 61 89 94 89
57 97 32 6 32 61 89 94 89 57 97 32 61 89 94 89
57 97 32 61 6 32 61 89 94 89 57 97 32 61 89 94 89

47 33 76 50 65 52 39 47 33 76 50 65 52 39
47 33 76 50 65 52 39 47 33 19 33 76 50 65 52 39
47 33 76 50 65 52 39 47 33 76 19 33 76 50 65 52 39
47 33 76 50 65 52 39 47 33 76 19 76 50 65 52 39
47 33 76 50 65 52 39 47 33 76 50 19 76 50 65 52 39
47 33 19 33 76 50 65 52 39 47 33 76 50 65 52 39
47 33 76 19 33 76 50 65 52 39 47 33 76 50 65 52 39
47 33 76 19 76 50 65 52 39 47 33 76 50 65 52 39
47 33 76 50 19 76 50 65 52 39 47 33 76 50 65 52 39

96 59 23 45 19 7 97 96 59 23 45 19 7 97
96 59 23 45 19 7 97 96 59 15 59 23 45 19 7 97
96 59 23 45 19 7 97 96 59 23 15 59 23 45 19 7 97
96 59 23 45 19 7 97 96 59 23 15 23 45 19 7 97
96 59 23 45 19 7 97 96 59 23 45 15 23 45 19 7 97
96 59 15 59 23 45 19 7 97 96 59 23 45 19 7 97
96 59 23 15 59 23 45 19 7 97 96 59 23 45 19 7 97
96 59 23 15 23 45 19 7 97 96 59 23 45 19 7 97
96 59 23 45 15 23 45 19 7 97 96 59 23 45 19 7 97

91 71 40 99 23 5 31 91 71 40 99 23 5 31
91 71 40 99 23 5 31 91 71 20 71 40 99 23 5 31
91 71 40 99 23 5 31 91 71 40 20 71 40 99 23 5 31
91 71 40 99 23 5 31 91 71 40 20 40 99 23 5 31
91 71 40 99 23 5 31 91 71 40 99 20 40 99 23 5 31
91 71 20 71 40 99 23 5 31 91 71 40 99 23 5 31
91 71 40 20 71 40 99 23 5 31 91 71 40 99 23 5 31
91 71 40 20 40 99 23 5 31 91 71 40 99 23 5 31
91 71 40 99 20 40 99 23 5 31 91 71 40 99 23 5 31

75 98 5 77 10 16 88 75 98 5 77 10 16 88
75 98 5 77 10 16 88 75 98 19 98 5 77 10 16 88
75 98 5 77 10 16 88 75 98 5 19 98 5 77 10 16 88
75 98 5 77 10 16 88 75 98 5 19 5 77 10 16 88
75 98 5 77 10 16 88 75 98 5 77 19 5 77 10 16 88
75 98 19 98 5 77 10 16 88 75 98 5 77 10 16 88
75 98 5 19 98 5 77 10 16 88 75 98 5 77 10 16 88
75 98 5 19 5 77 10 16 88 75 98 5 77 10 16 88
75 98 5 77 19 5 77 10 16 88 75 98 5 77 10 16 88

78 52 44 39 18 40 17 78 52 44 39 18 40 17
78 52 44 39 18 40 17 78 52 6 52 44 39 18 40 17
78 52 44 39 18 40 17 78 52 44 6 52 44 39 18 40 17
78 52 44 39 18 40 17 78 52 44 6 44 39 18 40 17
78 52 44 39 18 40 17 78 52 44 39 6 44 39 18 40 17
78 52 6 52 44 39 18 40 17 78 52 44 39 18 40 17
78 52 44 6 52 44 39 18 40 17 78 52 44 39 18 40 17
78 52 44 6 44 39 18 40 17 78 52 44 39 18 40 17
78 52 44 39 6 44 39 18 40 17 78 52 44 39 18 40 17

82 27 24 88 91 7 62 82 27 24 88 91 7 62
82 27 24 88 91 7 62 82 27 12 27 24 88 91 7 62
82 27 24 88 91 7 62 82 27 24 12 27 24 88 91 7 62
82 27 24 88 91 7 62 82 27 24 12 24 88 91 7 62
82 27 24 88 91 7 62 82 27 24 88 12 24 88 91 7 62
82 27 12 27 24 88 91 7 62 82 27 24 88 91 7 62
82 27 24 12 27 24 88 91 7 62 82 27 24 88 91 7 62
82 27 24 12 24 88 91 7 62 82 27 24 88 91 7 62
82 27 24 88 12 24 88 91 7 62 82 27 24 88 91 7 62

61 99 64 82 79 21 59 61 99 64 82 79 21 59
61 99 64 82 79 21 59 61 99 14 99 64 82 79 21 59
61 99 64 82 79 21 59 61 99 64 14 99 64 82 79 21 59
61 99 64 82 79 21 59 61 99 64 14 64 82 79 21 59
61 99 64 82 79 21 59 61 99 64 82 14 64 82 79 21 59
61 99 14 99 64 82 79 21 59 61 99 64 82 79 21 59
61 99 64 14 99 64 82 79 21 59 61 99 64 82 79 21 59
61 99 64 14 64 82 79 21 59 61 99 64 82 79 21 59
61 99 64 82 14 64 82 79 21 59 61 99 64 82 79 21 59

52 33 60 38 70 33 57 52 33 60 38 70 33 57
52 33 60 38 70 33 57 52 33 17 33 60 38 70 33 57
52 33 60 38 70 33 57 52 33 60 17 33 60 38 70 33 57
52 33 60 38 70 33 57 52 33 60 17 60 38 70 33 57
52 33 60 38 70 33 57 52 33 60 38 17 60 38 70 33 57
52 33 17 33 60 38 70 33 57 52 33 60 38 70 33 57
52 33 60 17 33 60 38 70 33 57 52 33 60 38 70 33 57
52 33 60 17 60 38 70 33 57 52 33 60 38 70 33 57
52 33 60 38 17 60 38 70 33 57 52 33 60 38 70 33 57

5 12 39 31 99 71 98 5 12 39 31 99 71 98
5 12 39 31 99 71 98 5 12 7 12 39 31 99 71 98
5 12 39 31 99 71 98 5 12 39 7 12 39 31 99 71 98
5 12 39 31 99 71 98 5 12 39 7 39 31 99 71 98
5 12 39 31 99 71 98 5 12 39 31 7 39 31 99 71 98
5 12 7 12 39 31 99 71 98 5 12 39 31 99 71 98
5 12 39 7 12 39 31 99 71 98 5 12 39 31 99 71 98
5 12 39 7 39 31 99 71 98 5 12 39 31 99 71 98
5 12 39 31 7 39 31 99 71 98 5 12 39 31 99 71 98

82 44 22 61 52 96 37 82 44 22 61 52 96 37
82 44 22 61 52 96 37 82 44 11 44 22 61 52 96 37
82 44 22 61 52 96 37 82 44 22 11 44 22 61 52 96 37
82 44 22 61 52 96 37 82 44 22 11 22 61 52 96 37
82 44 22 61 52 96 37 82 44 22 61 11 22 61 52 96 37
82 44 11 44 22 61 52 96 37 82 44 22 61 52 96 37
82 44 22 11 44 22 61 52 96 37 82 44 22 61 52 96 37
82 44 22 11 22 61 52 96 37 82 44 22 61 52 96 37
82 44 22 61 11 22 61 52 96 37 82 44 22 61 52 96 37

