200
7
4
2

22
25
4
28
16
27
2
1
3
7
10
21
9
28
14
1
13
0
25
23
27
20
18
20
26
9
10
27
25
28
9
22
2
21
9
30
24
19
17
23
30
29
19
24
8
19
3
29
19
6
22
28
12
23
19
21
27
22
10
17
16
26
5
10
18
8
27
26
21
23
3
7
3
15
8
27
11
21
9
13
13
14
20
13
21
25
19
8
14
8
11
30
16
6
7
19
24
14
24
27
18
29
15
2
17
27
8
20
3
1
8
7
23
27
26
15
2
27
8
5
12
12
8
22
3
3
30
26
11
24
18
22
18
26
5
30
26
28
23
22
4
4
4
14
8
21
23
11
17
29
4
0
14
21
16
1
6
14
20
0
9
14
26
9
30
16
17
1
14
11
4
4
27
17
18
8
26
29
11
19
29
20
7
2
23
3
7
3
27
15
14
14
25
23
11
16
25
12
23
5

14 45 
17 27 
24 45 
43 35 
18 38 
27 24 
42 42 
20 19 
21 35 
19 18 
39 41 
31 32 
27 30 
17 20 
47 14 
20 36 
36 32 
31 18 
38 34 
33 26 
32 29 
24 40 
24 27 
44 24 
17 14 
35 35 
41 34 
27 23 
40 25 
32 23 
13 24 
29 41 
15 35 
33 33 
28 26 
31 31 
16 39 
38 34 
44 31 
35 25 
19 33 
22 45 
49 21 
15 26 
39 25 
36 39 
17 48 
32 49 
26 31 
17 19 
17 28 
39 41 
32 42 
29 25 
31 29 
28 28 
26 37 
28 28 
34 35 
25 33 
32 30 
43 32 
27 33 
32 27 
20 28 
19 25 
31 35 
31 27 
43 42 
23 39 
40 20 
12 33 
41 27 
24 39 
32 39 
26 26 
18 28 
27 38 
24 26 
30 34 
16 38 
43 36 
33 36 
34 48 
40 36 
30 13 
31 21 
34 29 
25 23 
28 24 
26 39 
16 31 
46 27 
41 47 
26 13 
31 39 
43 16 
42 50 
31 34 
28 22 
18 18 
34 22 
22 19 
43 34 
15 44 
23 27 
32 45 
19 44 
39 19 
36 20 
23 22 
44 34 
44 32 
30 37 
39 23 
22 35 
29 31 
29 31 
28 24 
15 27 
24 31 
33 27 
31 21 
17 35 
48 43 
19 32 
25 32 
30 19 
36 29 
42 23 
30 10 
44 35 
44 20 
50 34 
26 34 
37 42 
21 19 
25 33 
41 22 
36 43 
33 18 
15 37 
34 31 
42 14 
47 27 
15 28 
44 41 
40 24 
33 33 
33 26 
35 31 
25 33 
18 26 
11 32 
33 32 
27 44 
42 22 
28 24 
38 20 
28 30 
37 32 
24 42 
30 26 
34 20 
19 19 
41 18 
22 41 
22 37 
27 33 
26 18 
18 36 
27 26 
29 30 
31 25 
20 36 
46 18 
27 40 
30 31 
40 18 
50 12 
25 40 
43 22 
41 22 
27 35 
36 27 
43 26 
16 32 
33 26 
34 24 
36 18 
32 29 
35 32 
20 20 
27 38 
16 25 
21 40 
32 45 
33 36 
41 42 
28 28 

351
205
243
320
342
384
274
267
276
281
334
302
300
250
382
311
253
278
244
313
331
360
177
324
265
297
356
243
343
366
233
310
305
279
321
355
282
375
384
325
255
387
362
257
239
342
319
351
396
218
329
395
308
283
304
286
352
374
390
351
325
379
344
279
345
342
386
308
314
300
342
288
290
321
354
310
251
326
297
326
313
252
323
368
396
338
336
252
252
342
294
297
307
341
261
336
269
422
367
339
258
338
206
298
266
281
300
352
247
287
286
301
344
242
373
269
311
289
254
253
341
267
346
315
401
261
295
316
332
301
249
382
295
416
289
343
411
298
238
338
328
235
274
312
352
288
337
373
303
331
322
335
207
260
250
327
370
293
353
330
238
316
277
277
331
305
261
345
321
220
345
287
339
280
266
233
345
307
301
271
362
317
314
351
267
304
194
286
294
261
352
356
259
362
352
300
357
451
418
334

1 2 3 4 5 1 2 3 4 5 6 7
1 2 3 4 5 1 2 100 102 3 4 5 6 7
1 2 3 4 5 1 2 3 100 102 103 4 5 6 7
1 2 3 4 5 1 2 3 100 103 4 5 6 7
1 2 3 4 5 1 2 3 4 100 103 104 5 6 7
1 2 100 102 3 4 5 1 2 3 4 5 6 7
1 2 3 100 102 103 4 5 1 2 3 4 5 6 7
1 2 3 100 103 4 5 1 2 3 4 5 6 7
1 2 3 4 100 103 104 5 1 2 3 4 5 6 7

16 30 8 29 12 15 22 16 30 8 29 12 15 22
16 30 8 29 12 15 22 16 30 20 30 8 29 12 15 22
16 30 8 29 12 15 22 16 30 8 20 30 8 29 12 15 22
16 30 8 29 12 15 22 16 30 8 20 8 29 12 15 22
16 30 8 29 12 15 22 16 30 8 29 20 8 29 12 15 22
16 30 20 30 8 29 12 15 22 16 30 8 29 12 15 22
16 30 8 20 30 8 29 12 15 22 16 30 8 29 12 15 22
16 30 8 20 8 29 12 15 22 16 30 8 29 12 15 22
16 30 8 29 20 8 29 12 15 22 16 30 8 29 12 15 22

8 17 6 10 8 8 25 8 17 6 10 8 8 25
8 17 6 10 8 8 25 8 17 20 17 6 10 8 8 25
8 17 6 10 8 8 25 8 17 6 20 17 6 10 8 8 25
8 17 6 10 8 8 25 8 17 6 20 6 10 8 8 25
8 17 6 10 8 8 25 8 17 6 10 20 6 10 8 8 25
8 17 20 17 6 10 8 8 25 8 17 6 10 8 8 25
8 17 6 20 17 6 10 8 8 25 8 17 6 10 8 8 25
8 17 6 20 6 10 8 8 25 8 17 6 10 8 8 25
8 17 6 10 20 6 10 8 8 25 8 17 6 10 8 8 25

24 9 6 28 6 14 18 24 9 6 28 6 14 18
24 9 6 28 6 14 18 24 9 9 9 6 28 6 14 18
24 9 6 28 6 14 18 24 9 6 9 9 6 28 6 14 18
24 9 6 28 6 14 18 24 9 6 9 6 28 6 14 18
24 9 6 28 6 14 18 24 9 6 28 9 6 28 6 14 18
24 9 9 9 6 28 6 14 18 24 9 6 28 6 14 18
24 9 6 9 9 6 28 6 14 18 24 9 6 28 6 14 18
24 9 6 9 6 28 6 14 18 24 9 6 28 6 14 18
24 9 6 28 9 6 28 6 14 18 24 9 6 28 6 14 18

16 8 28 29 15 6 7 16 8 28 29 15 6 7
16 8 28 29 15 6 7 16 8 13 8 28 29 15 6 7
16 8 28 29 15 6 7 16 8 28 13 8 28 29 15 6 7
16 8 28 29 15 6 7 16 8 28 13 28 29 15 6 7
16 8 28 29 15 6 7 16 8 28 29 13 28 29 15 6 7
16 8 13 8 28 29 15 6 7 16 8 28 29 15 6 7
16 8 28 13 8 28 29 15 6 7 16 8 28 29 15 6 7
16 8 28 13 28 29 15 6 7 16 8 28 29 15 6 7
16 8 28 29 13 28 29 15 6 7 16 8 28 29 15 6 7

19 23 6 21 20 30 19 19 23 6 21 20 30 19
19 23 6 21 20 30 19 19 23 5 23 6 21 20 30 19
19 23 6 21 20 30 19 19 23 6 5 23 6 21 20 30 19
19 23 6 21 20 30 19 19 23 6 5 6 21 20 30 19
19 23 6 21 20 30 19 19 23 6 21 5 6 21 20 30 19
19 23 5 23 6 21 20 30 19 19 23 6 21 20 30 19
19 23 6 5 23 6 21 20 30 19 19 23 6 21 20 30 19
19 23 6 5 6 21 20 30 19 19 23 6 21 20 30 19
19 23 6 21 5 6 21 20 30 19 19 23 6 21 20 30 19

23 28 15 17 30 10 11 23 28 15 17 30 10 11
23 28 15 17 30 10 11 23 28 14 28 15 17 30 10 11
23 28 15 17 30 10 11 23 28 15 14 28 15 17 30 10 11
23 28 15 17 30 10 11 23 28 15 14 15 17 30 10 11
23 28 15 17 30 10 11 23 28 15 17 14 15 17 30 10 11
23 28 14 28 15 17 30 10 11 23 28 15 17 30 10 11
23 28 15 14 28 15 17 30 10 11 23 28 15 17 30 10 11
23 28 15 14 15 17 30 10 11 23 28 15 17 30 10 11
23 28 15 17 14 15 17 30 10 11 23 28 15 17 30 10 11

18 5 24 29 10 10 19 18 5 24 29 10 10 19
18 5 24 29 10 10 19 18 5 16 5 24 29 10 10 19
18 5 24 29 10 10 19 18 5 24 16 5 24 29 10 10 19
18 5 24 29 10 10 19 18 5 24 16 24 29 10 10 19
18 5 24 29 10 10 19 18 5 24 29 16 24 29 10 10 19
18 5 16 5 24 29 10 10 19 18 5 24 29 10 10 19
18 5 24 16 5 24 29 10 10 19 18 5 24 29 10 10 19
18 5 24 16 24 29 10 10 19 18 5 24 29 10 10 19
18 5 24 29 16 24 29 10 10 19 18 5 24 29 10 10 19

12 20 10 8 25 19 20 12 20 10 8 25 19 20
12 20 10 8 25 19 20 12 20 17 20 10 8 25 19 20
12 20 10 8 25 19 20 12 20 10 17 20 10 8 25 19 20
12 20 10 8 25 19 20 12 20 10 17 10 8 25 19 20
12 20 10 8 25 19 20 12 20 10 8 17 10 8 25 19 20
12 20 17 20 10 8 25 19 20 12 20 10 8 25 19 20
12 20 10 17 20 10 8 25 19 20 12 20 10 8 25 19 20
12 20 10 17 10 8 25 19 20 12 20 10 8 25 19 20
12 20 10 8 17 10 8 25 19 20 12 20 10 8 25 19 20

17 23 5 21 15 18 20 17 23 5 21 15 18 20
17 23 5 21 15 18 20 17 23 12 23 5 21 15 18 20
17 23 5 21 15 18 20 17 23 5 12 23 5 21 15 18 20
17 23 5 21 15 18 20 17 23 5 12 5 21 15 18 20
17 23 5 21 15 18 20 17 23 5 21 12 5 21 15 18 20
17 23 12 23 5 21 15 18 20 17 23 5 21 15 18 20
17 23 5 12 23 5 21 15 18 20 17 23 5 21 15 18 20
17 23 5 12 5 21 15 18 20 17 23 5 21 15 18 20
17 23 5 21 12 5 21 15 18 20 17 23 5 21 15 18 20

17 28 8 12 10 30 22 17 28 8 12 10 30 22
17 28 8 12 10 30 22 17 28 12 28 8 12 10 30 22
17 28 8 12 10 30 22 17 28 8 12 28 8 12 10 30 22
17 28 8 12 10 30 22 17 28 8 12 8 12 10 30 22
17 28 8 12 10 30 22 17 28 8 12 12 8 12 10 30 22
17 28 12 28 8 12 10 30 22 17 28 8 12 10 30 22
17 28 8 12 28 8 12 10 30 22 17 28 8 12 10 30 22
17 28 8 12 8 12 10 30 22 17 28 8 12 10 30 22
17 28 8 12 12 8 12 10 30 22 17 28 8 12 10 30 22

24 11 20 23 22 28 9 24 11 20 23 22 28 9
24 11 20 23 22 28 9 24 11 6 11 20 23 22 28 9
24 11 20 23 22 28 9 24 11 20 6 11 20 23 22 28 9
24 11 20 23 22 28 9 24 11 20 6 20 23 22 28 9
24 11 20 23 22 28 9 24 11 20 23 6 20 23 22 28 9
24 11 6 11 20 23 22 28 9 24 11 20 23 22 28 9
24 11 20 6 11 20 23 22 28 9 24 11 20 23 22 28 9
24 11 20 6 20 23 22 28 9 24 11 20 23 22 28 9
24 11 20 23 6 20 23 22 28 9 24 11 20 23 22 28 9

22 13 23 13 13 14 12 22 13 23 13 13 14 12
22 13 23 13 13 14 12 22 13 9 13 23 13 13 14 12
22 13 23 13 13 14 12 22 13 23 9 13 23 13 13 14 12
22 13 23 13 13 14 12 22 13 23 9 23 13 13 14 12
22 13 23 13 13 14 12 22 13 23 13 9 23 13 13 14 12
22 13 9 13 23 13 13 14 12 22 13 23 13 13 14 12
22 13 23 9 13 23 13 13 14 12 22 13 23 13 13 14 12
22 13 23 9 23 13 13 14 12 22 13 23 13 13 14 12
22 13 23 13 9 23 13 13 14 12 22 13 23 13 13 14 12

30 12 7 17 14 23 26 30 12 7 17 14 23 26
30 12 7 17 14 23 26 30 12 15 12 7 17 14 23 26
30 12 7 17 14 23 26 30 12 7 15 12 7 17 14 23 26
30 12 7 17 14 23 26 30 12 7 15 7 17 14 23 26
30 12 7 17 14 23 26 30 12 7 17 15 7 17 14 23 26
30 12 15 12 7 17 14 23 26 30 12 7 17 14 23 26
30 12 7 15 12 7 17 14 23 26 30 12 7 17 14 23 26
30 12 7 15 7 17 14 23 26 30 12 7 17 14 23 26
30 12 7 17 15 7 17 14 23 26 30 12 7 17 14 23 26

25 6 5 13 21 11 7 25 6 5 13 21 11 7
25 6 5 13 21 11 7 25 6 7 6 5 13 21 11 7
25 6 5 13 21 11 7 25 6 5 7 6 5 13 21 11 7
25 6 5 13 21 11 7 25 6 5 7 5 13 21 11 7
25 6 5 13 21 11 7 25 6 5 13 7 5 13 21 11 7
25 6 7 6 5 13 21 11 7 25 6 5 13 21 11 7
25 6 5 7 6 5 13 21 11 7 25 6 5 13 21 11 7
25 6 5 7 5 13 21 11 7 25 6 5 13 21 11 7
25 6 5 13 7 5 13 21 11 7 25 6 5 13 21 11 7

27 28 29 8 16 25 23 27 28 29 8 16 25 23
27 28 29 8 16 25 23 27 28 15 28 29 8 16 25 23
27 28 29 8 16 25 23 27 28 29 15 28 29 8 16 25 23
27 28 29 8 16 25 23 27 28 29 15 29 8 16 25 23
27 28 29 8 16 25 23 27 28 29 8 15 29 8 16 25 23
27 28 15 28 29 8 16 25 23 27 28 29 8 16 25 23
27 28 29 15 28 29 8 16 25 23 27 28 29 8 16 25 23
27 28 29 15 29 8 16 25 23 27 28 29 8 16 25 23
27 28 29 8 15 29 8 16 25 23 27 28 29 8 16 25 23

11 25 10 22 28 10 17 11 25 10 22 28 10 17
11 25 10 22 28 10 17 11 25 12 25 10 22 28 10 17
11 25 10 22 28 10 17 11 25 10 12 25 10 22 28 10 17
11 25 10 22 28 10 17 11 25 10 12 10 22 28 10 17
11 25 10 22 28 10 17 11 25 10 22 12 10 22 28 10 17
11 25 12 25 10 22 28 10 17 11 25 10 22 28 10 17
11 25 10 12 25 10 22 28 10 17 11 25 10 22 28 10 17
11 25 10 12 10 22 28 10 17 11 25 10 22 28 10 17
11 25 10 22 12 10 22 28 10 17 11 25 10 22 28 10 17

16 6 17 15 20 14 11 16 6 17 15 20 14 11
16 6 17 15 20 14 11 16 6 20 6 17 15 20 14 11
16 6 17 15 20 14 11 16 6 17 20 6 17 15 20 14 11
16 6 17 15 20 14 11 16 6 17 20 17 15 20 14 11
16 6 17 15 20 14 11 16 6 17 15 20 17 15 20 14 11
16 6 20 6 17 15 20 14 11 16 6 17 15 20 14 11
16 6 17 20 6 17 15 20 14 11 16 6 17 15 20 14 11
16 6 17 20 17 15 20 14 11 16 6 17 15 20 14 11
16 6 17 15 20 17 15 20 14 11 16 6 17 15 20 14 11

13 20 11 13 22 28 8 13 20 11 13 22 28 8
13 20 11 13 22 28 8 13 20 12 20 11 13 22 28 8
13 20 11 13 22 28 8 13 20 11 12 20 11 13 22 28 8
13 20 11 13 22 28 8 13 20 11 12 11 13 22 28 8
13 20 11 13 22 28 8 13 20 11 13 12 11 13 22 28 8
13 20 12 20 11 13 22 28 8 13 20 11 13 22 28 8
13 20 11 12 20 11 13 22 28 8 13 20 11 13 22 28 8
13 20 11 12 11 13 22 28 8 13 20 11 13 22 28 8
13 20 11 13 12 11 13 22 28 8 13 20 11 13 22 28 8

5 9 29 14 10 7 12 5 9 29 14 10 7 12
5 9 29 14 10 7 12 5 9 18 9 29 14 10 7 12
5 9 29 14 10 7 12 5 9 29 18 9 29 14 10 7 12
5 9 29 14 10 7 12 5 9 29 18 29 14 10 7 12
5 9 29 14 10 7 12 5 9 29 14 18 29 14 10 7 12
5 9 18 9 29 14 10 7 12 5 9 29 14 10 7 12
5 9 29 18 9 29 14 10 7 12 5 9 29 14 10 7 12
5 9 29 18 29 14 10 7 12 5 9 29 14 10 7 12
5 9 29 14 18 29 14 10 7 12 5 9 29 14 10 7 12

13 20 26 19 17 9 13 13 20 26 19 17 9 13
13 20 26 19 17 9 13 13 20 17 20 26 19 17 9 13
13 20 26 19 17 9 13 13 20 26 17 20 26 19 17 9 13
13 20 26 19 17 9 13 13 20 26 17 26 19 17 9 13
13 20 26 19 17 9 13 13 20 26 19 17 26 19 17 9 13
13 20 17 20 26 19 17 9 13 13 20 26 19 17 9 13
13 20 26 17 20 26 19 17 9 13 13 20 26 19 17 9 13
13 20 26 17 26 19 17 9 13 13 20 26 19 17 9 13
13 20 26 19 17 26 19 17 9 13 13 20 26 19 17 9 13

22 22 26 10 18 6 14 22 22 26 10 18 6 14
22 22 26 10 18 6 14 22 22 12 22 26 10 18 6 14
22 22 26 10 18 6 14 22 22 26 12 22 26 10 18 6 14
22 22 26 10 18 6 14 22 22 26 12 26 10 18 6 14
22 22 26 10 18 6 14 22 22 26 10 12 26 10 18 6 14
22 22 12 22 26 10 18 6 14 22 22 26 10 18 6 14
22 22 26 12 22 26 10 18 6 14 22 22 26 10 18 6 14
22 22 26 12 26 10 18 6 14 22 22 26 10 18 6 14
22 22 26 10 12 26 10 18 6 14 22 22 26 10 18 6 14

20 30 16 28 20 9 14 20 30 16 28 20 9 14
20 30 16 28 20 9 14 20 30 16 30 16 28 20 9 14
20 30 16 28 20 9 14 20 30 16 16 30 16 28 20 9 14
20 30 16 28 20 9 14 20 30 16 16 16 28 20 9 14
20 30 16 28 20 9 14 20 30 16 28 16 16 28 20 9 14
20 30 16 30 16 28 20 9 14 20 30 16 28 20 9 14
20 30 16 16 30 16 28 20 9 14 20 30 16 28 20 9 14
20 30 16 16 16 28 20 9 14 20 30 16 28 20 9 14
20 30 16 28 16 16 28 20 9 14 20 30 16 28 20 9 14

10 7 8 10 5 25 11 10 7 8 10 5 25 11
10 7 8 10 5 25 11 10 7 12 7 8 10 5 25 11
10 7 8 10 5 25 11 10 7 8 12 7 8 10 5 25 11
10 7 8 10 5 25 11 10 7 8 12 8 10 5 25 11
10 7 8 10 5 25 11 10 7 8 10 12 8 10 5 25 11
10 7 12 7 8 10 5 25 11 10 7 8 10 5 25 11
10 7 8 12 7 8 10 5 25 11 10 7 8 10 5 25 11
10 7 8 12 8 10 5 25 11 10 7 8 10 5 25 11
10 7 8 10 12 8 10 5 25 11 10 7 8 10 5 25 11

23 18 27 17 12 12 14 23 18 27 17 12 12 14
23 18 27 17 12 12 14 23 18 17 18 27 17 12 12 14
23 18 27 17 12 12 14 23 18 27 17 18 27 17 12 12 14
23 18 27 17 12 12 14 23 18 27 17 27 17 12 12 14
23 18 27 17 12 12 14 23 18 27 17 17 27 17 12 12 14
23 18 17 18 27 17 12 12 14 23 18 27 17 12 12 14
23 18 27 17 18 27 17 12 12 14 23 18 27 17 12 12 14
23 18 27 17 27 17 12 12 14 23 18 27 17 12 12 14
23 18 27 17 17 27 17 12 12 14 23 18 27 17 12 12 14

19 15 8 9 19 10 24 19 15 8 9 19 10 24
19 15 8 9 19 10 24 19 15 9 15 8 9 19 10 24
19 15 8 9 19 10 24 19 15 8 9 15 8 9 19 10 24
19 15 8 9 19 10 24 19 15 8 9 8 9 19 10 24
19 15 8 9 19 10 24 19 15 8 9 9 8 9 19 10 24
19 15 9 15 8 9 19 10 24 19 15 8 9 19 10 24
19 15 8 9 15 8 9 19 10 24 19 15 8 9 19 10 24
19 15 8 9 8 9 19 10 24 19 15 8 9 19 10 24
19 15 8 9 9 8 9 19 10 24 19 15 8 9 19 10 24

18 13 22 29 14 12 6 18 13 22 29 14 12 6
18 13 22 29 14 12 6 18 13 14 13 22 29 14 12 6
18 13 22 29 14 12 6 18 13 22 14 13 22 29 14 12 6
18 13 22 29 14 12 6 18 13 22 14 22 29 14 12 6
18 13 22 29 14 12 6 18 13 22 29 14 22 29 14 12 6
18 13 14 13 22 29 14 12 6 18 13 22 29 14 12 6
18 13 22 14 13 22 29 14 12 6 18 13 22 29 14 12 6
18 13 22 14 22 29 14 12 6 18 13 22 29 14 12 6
18 13 22 29 14 22 29 14 12 6 18 13 22 29 14 12 6

25 13 23 19 30 13 14 25 13 23 19 30 13 14
25 13 23 19 30 13 14 25 13 20 13 23 19 30 13 14
25 13 23 19 30 13 14 25 13 23 20 13 23 19 30 13 14
25 13 23 19 30 13 14 25 13 23 20 23 19 30 13 14
25 13 23 19 30 13 14 25 13 23 19 20 23 19 30 13 14
25 13 20 13 23 19 30 13 14 25 13 23 19 30 13 14
25 13 23 20 13 23 19 30 13 14 25 13 23 19 30 13 14
25 13 23 20 23 19 30 13 14 25 13 23 19 30 13 14
25 13 23 19 20 23 19 30 13 14 25 13 23 19 30 13 14

17 8 7 8 21 6 24 17 8 7 8 21 6 24
17 8 7 8 21 6 24 17 8 15 8 7 8 21 6 24
17 8 7 8 21 6 24 17 8 7 15 8 7 8 21 6 24
17 8 7 8 21 6 24 17 8 7 15 7 8 21 6 24
17 8 7 8 21 6 24 17 8 7 8 15 7 8 21 6 24
17 8 15 8 7 8 21 6 24 17 8 7 8 21 6 24
17 8 7 15 8 7 8 21 6 24 17 8 7 8 21 6 24
17 8 7 15 7 8 21 6 24 17 8 7 8 21 6 24
17 8 7 8 15 7 8 21 6 24 17 8 7 8 21 6 24

29 25 20 7 12 16 18 29 25 20 7 12 16 18
29 25 20 7 12 16 18 29 25 13 25 20 7 12 16 18
29 25 20 7 12 16 18 29 25 20 13 25 20 7 12 16 18
29 25 20 7 12 16 18 29 25 20 13 20 7 12 16 18
29 25 20 7 12 16 18 29 25 20 7 13 20 7 12 16 18
29 25 13 25 20 7 12 16 18 29 25 20 7 12 16 18
29 25 20 13 25 20 7 12 16 18 29 25 20 7 12 16 18
29 25 20 13 20 7 12 16 18 29 25 20 7 12 16 18
29 25 20 7 13 20 7 12 16 18 29 25 20 7 12 16 18

26 29 21 7 20 16 20 26 29 21 7 20 16 20
26 29 21 7 20 16 20 26 29 7 29 21 7 20 16 20
26 29 21 7 20 16 20 26 29 21 7 29 21 7 20 16 20
26 29 21 7 20 16 20 26 29 21 7 21 7 20 16 20
26 29 21 7 20 16 20 26 29 21 7 7 21 7 20 16 20
26 29 7 29 21 7 20 16 20 26 29 21 7 20 16 20
26 29 21 7 29 21 7 20 16 20 26 29 21 7 20 16 20
26 29 21 7 21 7 20 16 20 26 29 21 7 20 16 20
26 29 21 7 7 21 7 20 16 20 26 29 21 7 20 16 20

13 7 7 16 19 19 23 13 7 7 16 19 19 23
13 7 7 16 19 19 23 13 7 20 7 7 16 19 19 23
13 7 7 16 19 19 23 13 7 7 20 7 7 16 19 19 23
13 7 7 16 19 19 23 13 7 7 20 7 16 19 19 23
13 7 7 16 19 19 23 13 7 7 16 20 7 16 19 19 23
13 7 20 7 7 16 19 19 23 13 7 7 16 19 19 23
13 7 7 20 7 7 16 19 19 23 13 7 7 16 19 19 23
13 7 7 20 7 16 19 19 23 13 7 7 16 19 19 23
13 7 7 16 20 7 16 19 19 23 13 7 7 16 19 19 23

24 17 14 28 5 13 19 24 17 14 28 5 13 19
24 17 14 28 5 13 19 24 17 6 17 14 28 5 13 19
24 17 14 28 5 13 19 24 17 14 6 17 14 28 5 13 19
24 17 14 28 5 13 19 24 17 14 6 14 28 5 13 19
24 17 14 28 5 13 19 24 17 14 28 6 14 28 5 13 19
24 17 6 17 14 28 5 13 19 24 17 14 28 5 13 19
24 17 14 6 17 14 28 5 13 19 24 17 14 28 5 13 19
24 17 14 6 14 28 5 13 19 24 17 14 28 5 13 19
24 17 14 28 6 14 28 5 13 19 24 17 14 28 5 13 19

23 21 8 23 15 15 17 23 21 8 23 15 15 17
23 21 8 23 15 15 17 23 21 16 21 8 23 15 15 17
23 21 8 23 15 15 17 23 21 8 16 21 8 23 15 15 17
23 21 8 23 15 15 17 23 21 8 16 8 23 15 15 17
23 21 8 23 15 15 17 23 21 8 23 16 8 23 15 15 17
23 21 16 21 8 23 15 15 17 23 21 8 23 15 15 17
23 21 8 16 21 8 23 15 15 17 23 21 8 23 15 15 17
23 21 8 16 8 23 15 15 17 23 21 8 23 15 15 17
23 21 8 23 16 8 23 15 15 17 23 21 8 23 15 15 17

16 7 24 20 9 25 5 16 7 24 20 9 25 5
16 7 24 20 9 25 5 16 7 19 7 24 20 9 25 5
16 7 24 20 9 25 5 16 7 24 19 7 24 20 9 25 5
16 7 24 20 9 25 5 16 7 24 19 24 20 9 25 5
16 7 24 20 9 25 5 16 7 24 20 19 24 20 9 25 5
16 7 19 7 24 20 9 25 5 16 7 24 20 9 25 5
16 7 24 19 7 24 20 9 25 5 16 7 24 20 9 25 5
16 7 24 19 24 20 9 25 5 16 7 24 20 9 25 5
16 7 24 20 19 24 20 9 25 5 16 7 24 20 9 25 5

22 10 20 12 24 29 19 22 10 20 12 24 29 19
22 10 20 12 24 29 19 22 10 10 10 20 12 24 29 19
22 10 20 12 24 29 19 22 10 20 10 10 20 12 24 29 19
22 10 20 12 24 29 19 22 10 20 10 20 12 24 29 19
22 10 20 12 24 29 19 22 10 20 12 10 20 12 24 29 19
22 10 10 10 20 12 24 29 19 22 10 20 12 24 29 19
22 10 20 10 10 20 12 24 29 19 22 10 20 12 24 29 19
22 10 20 10 20 12 24 29 19 22 10 20 12 24 29 19
22 10 20 12 10 20 12 24 29 19 22 10 20 12 24 29 19

28 24 24 11 7 20 25 28 24 24 11 7 20 25
28 24 24 11 7 20 25 28 24 18 24 24 11 7 20 25
28 24 24 11 7 20 25 28 24 24 18 24 24 11 7 20 25
28 24 24 11 7 20 25 28 24 24 18 24 11 7 20 25
28 24 24 11 7 20 25 28 24 24 11 18 24 11 7 20 25
28 24 18 24 24 11 7 20 25 28 24 24 11 7 20 25
28 24 24 18 24 24 11 7 20 25 28 24 24 11 7 20 25
28 24 24 18 24 11 7 20 25 28 24 24 11 7 20 25
28 24 24 11 18 24 11 7 20 25 28 24 24 11 7 20 25

10 22 8 24 13 19 14 10 22 8 24 13 19 14
10 22 8 24 13 19 14 10 22 18 22 8 24 13 19 14
10 22 8 24 13 19 14 10 22 8 18 22 8 24 13 19 14
10 22 8 24 13 19 14 10 22 8 18 8 24 13 19 14
10 22 8 24 13 19 14 10 22 8 24 18 8 24 13 19 14
10 22 18 22 8 24 13 19 14 10 22 8 24 13 19 14
10 22 8 18 22 8 24 13 19 14 10 22 8 24 13 19 14
10 22 8 18 8 24 13 19 14 10 22 8 24 13 19 14
10 22 8 24 18 8 24 13 19 14 10 22 8 24 13 19 14

9 22 20 26 28 21 26 9 22 20 26 28 21 26
9 22 20 26 28 21 26 9 22 18 22 20 26 28 21 26
9 22 20 26 28 21 26 9 22 20 18 22 20 26 28 21 26
9 22 20 26 28 21 26 9 22 20 18 20 26 28 21 26
9 22 20 26 28 21 26 9 22 20 26 18 20 26 28 21 26
9 22 18 22 20 26 28 21 26 9 22 20 26 28 21 26
9 22 20 18 22 20 26 28 21 26 9 22 20 26 28 21 26
9 22 20 18 20 26 28 21 26 9 22 20 26 28 21 26
9 22 20 26 18 20 26 28 21 26 9 22 20 26 28 21 26

18 27 27 24 9 15 27 18 27 27 24 9 15 27
18 27 27 24 9 15 27 18 27 6 27 27 24 9 15 27
18 27 27 24 9 15 27 18 27 27 6 27 27 24 9 15 27
18 27 27 24 9 15 27 18 27 27 6 27 24 9 15 27
18 27 27 24 9 15 27 18 27 27 24 6 27 24 9 15 27
18 27 6 27 27 24 9 15 27 18 27 27 24 9 15 27
18 27 27 6 27 27 24 9 15 27 18 27 27 24 9 15 27
18 27 27 6 27 24 9 15 27 18 27 27 24 9 15 27
18 27 27 24 6 27 24 9 15 27 18 27 27 24 9 15 27

9 23 17 17 18 26 21 9 23 17 17 18 26 21
9 23 17 17 18 26 21 9 23 19 23 17 17 18 26 21
9 23 17 17 18 26 21 9 23 17 19 23 17 17 18 26 21
9 23 17 17 18 26 21 9 23 17 19 17 17 18 26 21
9 23 17 17 18 26 21 9 23 17 17 19 17 17 18 26 21
9 23 19 23 17 17 18 26 21 9 23 17 17 18 26 21
9 23 17 19 23 17 17 18 26 21 9 23 17 17 18 26 21
9 23 17 19 17 17 18 26 21 9 23 17 17 18 26 21
9 23 17 17 19 17 17 18 26 21 9 23 17 17 18 26 21

9 14 10 23 10 9 26 9 14 10 23 10 9 26
9 14 10 23 10 9 26 9 14 6 14 10 23 10 9 26
9 14 10 23 10 9 26 9 14 10 6 14 10 23 10 9 26
9 14 10 23 10 9 26 9 14 10 6 10 23 10 9 26
9 14 10 23 10 9 26 9 14 10 23 6 10 23 10 9 26
9 14 6 14 10 23 10 9 26 9 14 10 23 10 9 26
9 14 10 6 14 10 23 10 9 26 9 14 10 23 10 9 26
9 14 10 6 10 23 10 9 26 9 14 10 23 10 9 26
9 14 10 23 6 10 23 10 9 26 9 14 10 23 10 9 26

22 28 11 26 21 26 6 22 28 11 26 21 26 6
22 28 11 26 21 26 6 22 28 15 28 11 26 21 26 6
22 28 11 26 21 26 6 22 28 11 15 28 11 26 21 26 6
22 28 11 26 21 26 6 22 28 11 15 11 26 21 26 6
22 28 11 26 21 26 6 22 28 11 26 15 11 26 21 26 6
22 28 15 28 11 26 21 26 6 22 28 11 26 21 26 6
22 28 11 15 28 11 26 21 26 6 22 28 11 26 21 26 6
22 28 11 15 11 26 21 26 6 22 28 11 26 21 26 6
22 28 11 26 15 11 26 21 26 6 22 28 11 26 21 26 6

18 29 30 9 16 24 11 18 29 30 9 16 24 11
18 29 30 9 16 24 11 18 29 7 29 30 9 16 24 11
18 29 30 9 16 24 11 18 29 30 7 29 30 9 16 24 11
18 29 30 9 16 24 11 18 29 30 7 30 9 16 24 11
18 29 30 9 16 24 11 18 29 30 9 7 30 9 16 24 11
18 29 7 29 30 9 16 24 11 18 29 30 9 16 24 11
18 29 30 7 29 30 9 16 24 11 18 29 30 9 16 24 11
18 29 30 7 30 9 16 24 11 18 29 30 9 16 24 11
18 29 30 9 7 30 9 16 24 11 18 29 30 9 16 24 11

18 16 10 15 8 17 22 18 16 10 15 8 17 22
18 16 10 15 8 17 22 18 16 7 16 10 15 8 17 22
18 16 10 15 8 17 22 18 16 10 7 16 10 15 8 17 22
18 16 10 15 8 17 22 18 16 10 7 10 15 8 17 22
18 16 10 15 8 17 22 18 16 10 15 7 10 15 8 17 22
18 16 7 16 10 15 8 17 22 18 16 10 15 8 17 22
18 16 10 7 16 10 15 8 17 22 18 16 10 15 8 17 22
18 16 10 7 10 15 8 17 22 18 16 10 15 8 17 22
18 16 10 15 7 10 15 8 17 22 18 16 10 15 8 17 22

12 17 22 13 7 6 19 12 17 22 13 7 6 19
12 17 22 13 7 6 19 12 17 19 17 22 13 7 6 19
12 17 22 13 7 6 19 12 17 22 19 17 22 13 7 6 19
12 17 22 13 7 6 19 12 17 22 19 22 13 7 6 19
12 17 22 13 7 6 19 12 17 22 13 19 22 13 7 6 19
12 17 19 17 22 13 7 6 19 12 17 22 13 7 6 19
12 17 22 19 17 22 13 7 6 19 12 17 22 13 7 6 19
12 17 22 19 22 13 7 6 19 12 17 22 13 7 6 19
12 17 22 13 19 22 13 7 6 19 12 17 22 13 7 6 19

11 26 25 24 25 6 6 11 26 25 24 25 6 6
11 26 25 24 25 6 6 11 26 20 26 25 24 25 6 6
11 26 25 24 25 6 6 11 26 25 20 26 25 24 25 6 6
11 26 25 24 25 6 6 11 26 25 20 25 24 25 6 6
11 26 25 24 25 6 6 11 26 25 24 20 25 24 25 6 6
11 26 20 26 25 24 25 6 6 11 26 25 24 25 6 6
11 26 25 20 26 25 24 25 6 6 11 26 25 24 25 6 6
11 26 25 20 25 24 25 6 6 11 26 25 24 25 6 6
11 26 25 24 20 25 24 25 6 6 11 26 25 24 25 6 6

30 19 8 28 8 28 7 30 19 8 28 8 28 7
30 19 8 28 8 28 7 30 19 12 19 8 28 8 28 7
30 19 8 28 8 28 7 30 19 8 12 19 8 28 8 28 7
30 19 8 28 8 28 7 30 19 8 12 8 28 8 28 7
30 19 8 28 8 28 7 30 19 8 28 12 8 28 8 28 7
30 19 12 19 8 28 8 28 7 30 19 8 28 8 28 7
30 19 8 12 19 8 28 8 28 7 30 19 8 28 8 28 7
30 19 8 12 8 28 8 28 7 30 19 8 28 8 28 7
30 19 8 28 12 8 28 8 28 7 30 19 8 28 8 28 7

15 13 16 29 24 17 18 15 13 16 29 24 17 18
15 13 16 29 24 17 18 15 13 10 13 16 29 24 17 18
15 13 16 29 24 17 18 15 13 16 10 13 16 29 24 17 18
15 13 16 29 24 17 18 15 13 16 10 16 29 24 17 18
15 13 16 29 24 17 18 15 13 16 29 10 16 29 24 17 18
15 13 10 13 16 29 24 17 18 15 13 16 29 24 17 18
15 13 16 10 13 16 29 24 17 18 15 13 16 29 24 17 18
15 13 16 10 16 29 24 17 18 15 13 16 29 24 17 18
15 13 16 29 10 16 29 24 17 18 15 13 16 29 24 17 18

26 29 17 20 29 23 7 26 29 17 20 29 23 7
26 29 17 20 29 23 7 26 29 8 29 17 20 29 23 7
26 29 17 20 29 23 7 26 29 17 8 29 17 20 29 23 7
26 29 17 20 29 23 7 26 29 17 8 17 20 29 23 7
26 29 17 20 29 23 7 26 29 17 20 8 17 20 29 23 7
26 29 8 29 17 20 29 23 7 26 29 17 20 29 23 7
26 29 17 8 29 17 20 29 23 7 26 29 17 20 29 23 7
26 29 17 8 17 20 29 23 7 26 29 17 20 29 23 7
26 29 17 20 8 17 20 29 23 7 26 29 17 20 29 23 7

10 13 5 10 22 18 20 10 13 5 10 22 18 20
10 13 5 10 22 18 20 10 13 12 13 5 10 22 18 20
10 13 5 10 22 18 20 10 13 5 12 13 5 10 22 18 20
10 13 5 10 22 18 20 10 13 5 12 5 10 22 18 20
10 13 5 10 22 18 20 10 13 5 10 12 5 10 22 18 20
10 13 12 13 5 10 22 18 20 10 13 5 10 22 18 20
10 13 5 12 13 5 10 22 18 20 10 13 5 10 22 18 20
10 13 5 12 5 10 22 18 20 10 13 5 10 22 18 20
10 13 5 10 12 5 10 22 18 20 10 13 5 10 22 18 20

28 20 10 17 18 15 22 28 20 10 17 18 15 22
28 20 10 17 18 15 22 28 20 18 20 10 17 18 15 22
28 20 10 17 18 15 22 28 20 10 18 20 10 17 18 15 22
28 20 10 17 18 15 22 28 20 10 18 10 17 18 15 22
28 20 10 17 18 15 22 28 20 10 17 18 10 17 18 15 22
28 20 18 20 10 17 18 15 22 28 20 10 17 18 15 22
28 20 10 18 20 10 17 18 15 22 28 20 10 17 18 15 22
28 20 10 18 10 17 18 15 22 28 20 10 17 18 15 22
28 20 10 17 18 10 17 18 15 22 28 20 10 17 18 15 22

18 19 30 24 19 29 18 18 19 30 24 19 29 18
18 19 30 24 19 29 18 18 19 20 19 30 24 19 29 18
18 19 30 24 19 29 18 18 19 30 20 19 30 24 19 29 18
18 19 30 24 19 29 18 18 19 30 20 30 24 19 29 18
18 19 30 24 19 29 18 18 19 30 24 20 30 24 19 29 18
18 19 20 19 30 24 19 29 18 18 19 30 24 19 29 18
18 19 30 20 19 30 24 19 29 18 18 19 30 24 19 29 18
18 19 30 20 30 24 19 29 18 18 19 30 24 19 29 18
18 19 30 24 20 30 24 19 29 18 18 19 30 24 19 29 18

16 9 12 28 28 5 22 16 9 12 28 28 5 22
16 9 12 28 28 5 22 16 9 5 9 12 28 28 5 22
16 9 12 28 28 5 22 16 9 12 5 9 12 28 28 5 22
16 9 12 28 28 5 22 16 9 12 5 12 28 28 5 22
16 9 12 28 28 5 22 16 9 12 28 5 12 28 28 5 22
16 9 5 9 12 28 28 5 22 16 9 12 28 28 5 22
16 9 12 5 9 12 28 28 5 22 16 9 12 28 28 5 22
16 9 12 5 12 28 28 5 22 16 9 12 28 28 5 22
16 9 12 28 5 12 28 28 5 22 16 9 12 28 28 5 22

6 20 10 20 19 16 24 6 20 10 20 19 16 24
6 20 10 20 19 16 24 6 20 9 20 10 20 19 16 24
6 20 10 20 19 16 24 6 20 10 9 20 10 20 19 16 24
6 20 10 20 19 16 24 6 20 10 9 10 20 19 16 24
6 20 10 20 19 16 24 6 20 10 20 9 10 20 19 16 24
6 20 9 20 10 20 19 16 24 6 20 10 20 19 16 24
6 20 10 9 20 10 20 19 16 24 6 20 10 20 19 16 24
6 20 10 9 10 20 19 16 24 6 20 10 20 19 16 24
6 20 10 20 9 10 20 19 16 24 6 20 10 20 19 16 24

11 26 25 13 13 16 19 11 26 25 13 13 16 19
11 26 25 13 13 16 19 11 26 11 26 25 13 13 16 19
11 26 25 13 13 16 19 11 26 25 11 26 25 13 13 16 19
11 26 25 13 13 16 19 11 26 25 11 25 13 13 16 19
11 26 25 13 13 16 19 11 26 25 13 11 25 13 13 16 19
11 26 11 26 25 13 13 16 19 11 26 25 13 13 16 19
11 26 25 11 26 25 13 13 16 19 11 26 25 13 13 16 19
11 26 25 11 25 13 13 16 19 11 26 25 13 13 16 19
11 26 25 13 11 25 13 13 16 19 11 26 25 13 13 16 19

27 7 14 20 6 30 7 27 7 14 20 6 30 7
27 7 14 20 6 30 7 27 7 13 7 14 20 6 30 7
27 7 14 20 6 30 7 27 7 14 13 7 14 20 6 30 7
27 7 14 20 6 30 7 27 7 14 13 14 20 6 30 7
27 7 14 20 6 30 7 27 7 14 20 13 14 20 6 30 7
27 7 13 7 14 20 6 30 7 27 7 14 20 6 30 7
27 7 14 13 7 14 20 6 30 7 27 7 14 20 6 30 7
27 7 14 13 14 20 6 30 7 27 7 14 20 6 30 7
27 7 14 20 13 14 20 6 30 7 27 7 14 20 6 30 7

14 19 14 23 28 18 11 14 19 14 23 28 18 11
14 19 14 23 28 18 11 14 19 19 19 14 23 28 18 11
14 19 14 23 28 18 11 14 19 14 19 19 14 23 28 18 11
14 19 14 23 28 18 11 14 19 14 19 14 23 28 18 11
14 19 14 23 28 18 11 14 19 14 23 19 14 23 28 18 11
14 19 19 19 14 23 28 18 11 14 19 14 23 28 18 11
14 19 14 19 19 14 23 28 18 11 14 19 14 23 28 18 11
14 19 14 19 14 23 28 18 11 14 19 14 23 28 18 11
14 19 14 23 19 14 23 28 18 11 14 19 14 23 28 18 11

29 30 18 15 15 16 21 29 30 18 15 15 16 21
29 30 18 15 15 16 21 29 30 20 30 18 15 15 16 21
29 30 18 15 15 16 21 29 30 18 20 30 18 15 15 16 21
29 30 18 15 15 16 21 29 30 18 20 18 15 15 16 21
29 30 18 15 15 16 21 29 30 18 15 20 18 15 15 16 21
29 30 20 30 18 15 15 16 21 29 30 18 15 15 16 21
29 30 18 20 30 18 15 15 16 21 29 30 18 15 15 16 21
29 30 18 20 18 15 15 16 21 29 30 18 15 15 16 21
29 30 18 15 20 18 15 15 16 21 29 30 18 15 15 16 21

17 27 21 29 25 28 8 17 27 21 29 25 28 8
17 27 21 29 25 28 8 17 27 7 27 21 29 25 28 8
17 27 21 29 25 28 8 17 27 21 7 27 21 29 25 28 8
17 27 21 29 25 28 8 17 27 21 7 21 29 25 28 8
17 27 21 29 25 28 8 17 27 21 29 7 21 29 25 28 8
17 27 7 27 21 29 25 28 8 17 27 21 29 25 28 8
17 27 21 7 27 21 29 25 28 8 17 27 21 29 25 28 8
17 27 21 7 21 29 25 28 8 17 27 21 29 25 28 8
17 27 21 29 7 21 29 25 28 8 17 27 21 29 25 28 8

16 21 7 24 28 28 13 16 21 7 24 28 28 13
16 21 7 24 28 28 13 16 21 8 21 7 24 28 28 13
16 21 7 24 28 28 13 16 21 7 8 21 7 24 28 28 13
16 21 7 24 28 28 13 16 21 7 8 7 24 28 28 13
16 21 7 24 28 28 13 16 21 7 24 8 7 24 28 28 13
16 21 8 21 7 24 28 28 13 16 21 7 24 28 28 13
16 21 7 8 21 7 24 28 28 13 16 21 7 24 28 28 13
16 21 7 8 7 24 28 28 13 16 21 7 24 28 28 13
16 21 7 24 8 7 24 28 28 13 16 21 7 24 28 28 13

8 10 19 21 30 15 25 8 10 19 21 30 15 25
8 10 19 21 30 15 25 8 10 7 10 19 21 30 15 25
8 10 19 21 30 15 25 8 10 19 7 10 19 21 30 15 25
8 10 19 21 30 15 25 8 10 19 7 19 21 30 15 25
8 10 19 21 30 15 25 8 10 19 21 7 19 21 30 15 25
8 10 7 10 19 21 30 15 25 8 10 19 21 30 15 25
8 10 19 7 10 19 21 30 15 25 8 10 19 21 30 15 25
8 10 19 7 19 21 30 15 25 8 10 19 21 30 15 25
8 10 19 21 7 19 21 30 15 25 8 10 19 21 30 15 25

19 18 27 23 29 5 24 19 18 27 23 29 5 24
19 18 27 23 29 5 24 19 18 5 18 27 23 29 5 24
19 18 27 23 29 5 24 19 18 27 5 18 27 23 29 5 24
19 18 27 23 29 5 24 19 18 27 5 27 23 29 5 24
19 18 27 23 29 5 24 19 18 27 23 5 27 23 29 5 24
19 18 5 18 27 23 29 5 24 19 18 27 23 29 5 24
19 18 27 5 18 27 23 29 5 24 19 18 27 23 29 5 24
19 18 27 5 27 23 29 5 24 19 18 27 23 29 5 24
19 18 27 23 5 27 23 29 5 24 19 18 27 23 29 5 24

13 26 21 16 21 29 15 13 26 21 16 21 29 15
13 26 21 16 21 29 15 13 26 6 26 21 16 21 29 15
13 26 21 16 21 29 15 13 26 21 6 26 21 16 21 29 15
13 26 21 16 21 29 15 13 26 21 6 21 16 21 29 15
13 26 21 16 21 29 15 13 26 21 16 6 21 16 21 29 15
13 26 6 26 21 16 21 29 15 13 26 21 16 21 29 15
13 26 21 6 26 21 16 21 29 15 13 26 21 16 21 29 15
13 26 21 6 21 16 21 29 15 13 26 21 16 21 29 15
13 26 21 16 6 21 16 21 29 15 13 26 21 16 21 29 15

22 9 20 7 16 16 26 22 9 20 7 16 16 26
22 9 20 7 16 16 26 22 9 20 9 20 7 16 16 26
22 9 20 7 16 16 26 22 9 20 20 9 20 7 16 16 26
22 9 20 7 16 16 26 22 9 20 20 20 7 16 16 26
22 9 20 7 16 16 26 22 9 20 7 20 20 7 16 16 26
22 9 20 9 20 7 16 16 26 22 9 20 7 16 16 26
22 9 20 20 9 20 7 16 16 26 22 9 20 7 16 16 26
22 9 20 20 20 7 16 16 26 22 9 20 7 16 16 26
22 9 20 7 20 20 7 16 16 26 22 9 20 7 16 16 26

25 19 7 20 27 30 5 25 19 7 20 27 30 5
25 19 7 20 27 30 5 25 19 5 19 7 20 27 30 5
25 19 7 20 27 30 5 25 19 7 5 19 7 20 27 30 5
25 19 7 20 27 30 5 25 19 7 5 7 20 27 30 5
25 19 7 20 27 30 5 25 19 7 20 5 7 20 27 30 5
25 19 5 19 7 20 27 30 5 25 19 7 20 27 30 5
25 19 7 5 19 7 20 27 30 5 25 19 7 20 27 30 5
25 19 7 5 7 20 27 30 5 25 19 7 20 27 30 5
25 19 7 20 5 7 20 27 30 5 25 19 7 20 27 30 5

30 22 13 17 16 15 29 30 22 13 17 16 15 29
30 22 13 17 16 15 29 30 22 20 22 13 17 16 15 29
30 22 13 17 16 15 29 30 22 13 20 22 13 17 16 15 29
30 22 13 17 16 15 29 30 22 13 20 13 17 16 15 29
30 22 13 17 16 15 29 30 22 13 17 20 13 17 16 15 29
30 22 20 22 13 17 16 15 29 30 22 13 17 16 15 29
30 22 13 20 22 13 17 16 15 29 30 22 13 17 16 15 29
30 22 13 20 13 17 16 15 29 30 22 13 17 16 15 29
30 22 13 17 20 13 17 16 15 29 30 22 13 17 16 15 29

22 30 24 30 8 29 6 22 30 24 30 8 29 6
22 30 24 30 8 29 6 22 30 8 30 24 30 8 29 6
22 30 24 30 8 29 6 22 30 24 8 30 24 30 8 29 6
22 30 24 30 8 29 6 22 30 24 8 24 30 8 29 6
22 30 24 30 8 29 6 22 30 24 30 8 24 30 8 29 6
22 30 8 30 24 30 8 29 6 22 30 24 30 8 29 6
22 30 24 8 30 24 30 8 29 6 22 30 24 30 8 29 6
22 30 24 8 24 30 8 29 6 22 30 24 30 8 29 6
22 30 24 30 8 24 30 8 29 6 22 30 24 30 8 29 6

29 13 14 18 20 10 11 29 13 14 18 20 10 11
29 13 14 18 20 10 11 29 13 18 13 14 18 20 10 11
29 13 14 18 20 10 11 29 13 14 18 13 14 18 20 10 11
29 13 14 18 20 10 11 29 13 14 18 14 18 20 10 11
29 13 14 18 20 10 11 29 13 14 18 18 14 18 20 10 11
29 13 18 13 14 18 20 10 11 29 13 14 18 20 10 11
29 13 14 18 13 14 18 20 10 11 29 13 14 18 20 10 11
29 13 14 18 14 18 20 10 11 29 13 14 18 20 10 11
29 13 14 18 18 14 18 20 10 11 29 13 14 18 20 10 11

11 9 30 23 15 17 13 11 9 30 23 15 17 13
11 9 30 23 15 17 13 11 9 11 9 30 23 15 17 13
11 9 30 23 15 17 13 11 9 30 11 9 30 23 15 17 13
11 9 30 23 15 17 13 11 9 30 11 30 23 15 17 13
11 9 30 23 15 17 13 11 9 30 23 11 30 23 15 17 13
11 9 11 9 30 23 15 17 13 11 9 30 23 15 17 13
11 9 30 11 9 30 23 15 17 13 11 9 30 23 15 17 13
11 9 30 11 30 23 15 17 13 11 9 30 23 15 17 13
11 9 30 23 11 30 23 15 17 13 11 9 30 23 15 17 13

28 24 6 21 5 15 14 28 24 6 21 5 15 14
28 24 6 21 5 15 14 28 24 8 24 6 21 5 15 14
28 24 6 21 5 15 14 28 24 6 8 24 6 21 5 15 14
28 24 6 21 5 15 14 28 24 6 8 6 21 5 15 14
28 24 6 21 5 15 14 28 24 6 21 8 6 21 5 15 14
28 24 8 24 6 21 5 15 14 28 24 6 21 5 15 14
28 24 6 8 24 6 21 5 15 14 28 24 6 21 5 15 14
28 24 6 8 6 21 5 15 14 28 24 6 21 5 15 14
28 24 6 21 8 6 21 5 15 14 28 24 6 21 5 15 14

26 15 24 6 22 24 23 26 15 24 6 22 24 23
26 15 24 6 22 24 23 26 15 12 15 24 6 22 24 23
26 15 24 6 22 24 23 26 15 24 12 15 24 6 22 24 23
26 15 24 6 22 24 23 26 15 24 12 24 6 22 24 23
26 15 24 6 22 24 23 26 15 24 6 12 24 6 22 24 23
26 15 12 15 24 6 22 24 23 26 15 24 6 22 24 23
26 15 24 12 15 24 6 22 24 23 26 15 24 6 22 24 23
26 15 24 12 24 6 22 24 23 26 15 24 6 22 24 23
26 15 24 6 12 24 6 22 24 23 26 15 24 6 22 24 23

17 23 7 27 8 18 24 17 23 7 27 8 18 24
17 23 7 27 8 18 24 17 23 14 23 7 27 8 18 24
17 23 7 27 8 18 24 17 23 7 14 23 7 27 8 18 24
17 23 7 27 8 18 24 17 23 7 14 7 27 8 18 24
17 23 7 27 8 18 24 17 23 7 27 14 7 27 8 18 24
17 23 14 23 7 27 8 18 24 17 23 7 27 8 18 24
17 23 7 14 23 7 27 8 18 24 17 23 7 27 8 18 24
17 23 7 14 7 27 8 18 24 17 23 7 27 8 18 24
17 23 7 27 14 7 27 8 18 24 17 23 7 27 8 18 24

20 12 25 12 15 29 12 20 12 25 12 15 29 12
20 12 25 12 15 29 12 20 12 12 12 25 12 15 29 12
20 12 25 12 15 29 12 20 12 25 12 12 25 12 15 29 12
20 12 25 12 15 29 12 20 12 25 12 25 12 15 29 12
20 12 25 12 15 29 12 20 12 25 12 12 25 12 15 29 12
20 12 12 12 25 12 15 29 12 20 12 25 12 15 29 12
20 12 25 12 12 25 12 15 29 12 20 12 25 12 15 29 12
20 12 25 12 25 12 15 29 12 20 12 25 12 15 29 12
20 12 25 12 12 25 12 15 29 12 20 12 25 12 15 29 12

29 21 5 23 20 15 5 29 21 5 23 20 15 5
29 21 5 23 20 15 5 29 21 18 21 5 23 20 15 5
29 21 5 23 20 15 5 29 21 5 18 21 5 23 20 15 5
29 21 5 23 20 15 5 29 21 5 18 5 23 20 15 5
29 21 5 23 20 15 5 29 21 5 23 18 5 23 20 15 5
29 21 18 21 5 23 20 15 5 29 21 5 23 20 15 5
29 21 5 18 21 5 23 20 15 5 29 21 5 23 20 15 5
29 21 5 18 5 23 20 15 5 29 21 5 23 20 15 5
29 21 5 23 18 5 23 20 15 5 29 21 5 23 20 15 5

24 13 25 30 20 7 24 24 13 25 30 20 7 24
24 13 25 30 20 7 24 24 13 7 13 25 30 20 7 24
24 13 25 30 20 7 24 24 13 25 7 13 25 30 20 7 24
24 13 25 30 20 7 24 24 13 25 7 25 30 20 7 24
24 13 25 30 20 7 24 24 13 25 30 7 25 30 20 7 24
24 13 7 13 25 30 20 7 24 24 13 25 30 20 7 24
24 13 25 7 13 25 30 20 7 24 24 13 25 30 20 7 24
24 13 25 7 25 30 20 7 24 24 13 25 30 20 7 24
24 13 25 30 7 25 30 20 7 24 24 13 25 30 20 7 24

24 13 10 8 24 27 15 24 13 10 8 24 27 15
24 13 10 8 24 27 15 24 13 13 13 10 8 24 27 15
24 13 10 8 24 27 15 24 13 10 13 13 10 8 24 27 15
24 13 10 8 24 27 15 24 13 10 13 10 8 24 27 15
24 13 10 8 24 27 15 24 13 10 8 13 10 8 24 27 15
24 13 13 13 10 8 24 27 15 24 13 10 8 24 27 15
24 13 10 13 13 10 8 24 27 15 24 13 10 8 24 27 15
24 13 10 13 10 8 24 27 15 24 13 10 8 24 27 15
24 13 10 8 13 10 8 24 27 15 24 13 10 8 24 27 15

25 25 7 13 5 11 15 25 25 7 13 5 11 15
25 25 7 13 5 11 15 25 25 14 25 7 13 5 11 15
25 25 7 13 5 11 15 25 25 7 14 25 7 13 5 11 15
25 25 7 13 5 11 15 25 25 7 14 7 13 5 11 15
25 25 7 13 5 11 15 25 25 7 13 14 7 13 5 11 15
25 25 14 25 7 13 5 11 15 25 25 7 13 5 11 15
25 25 7 14 25 7 13 5 11 15 25 25 7 13 5 11 15
25 25 7 14 7 13 5 11 15 25 25 7 13 5 11 15
25 25 7 13 14 7 13 5 11 15 25 25 7 13 5 11 15

19 17 19 28 8 17 24 19 17 19 28 8 17 24
19 17 19 28 8 17 24 19 17 12 17 19 28 8 17 24
19 17 19 28 8 17 24 19 17 19 12 17 19 28 8 17 24
19 17 19 28 8 17 24 19 17 19 12 19 28 8 17 24
19 17 19 28 8 17 24 19 17 19 28 12 19 28 8 17 24
19 17 12 17 19 28 8 17 24 19 17 19 28 8 17 24
19 17 19 12 17 19 28 8 17 24 19 17 19 28 8 17 24
19 17 19 12 19 28 8 17 24 19 17 19 28 8 17 24
19 17 19 28 12 19 28 8 17 24 19 17 19 28 8 17 24

29 20 18 9 9 11 22 29 20 18 9 9 11 22
29 20 18 9 9 11 22 29 20 12 20 18 9 9 11 22
29 20 18 9 9 11 22 29 20 18 12 20 18 9 9 11 22
29 20 18 9 9 11 22 29 20 18 12 18 9 9 11 22
29 20 18 9 9 11 22 29 20 18 9 12 18 9 9 11 22
29 20 12 20 18 9 9 11 22 29 20 18 9 9 11 22
29 20 18 12 20 18 9 9 11 22 29 20 18 9 9 11 22
29 20 18 12 18 9 9 11 22 29 20 18 9 9 11 22
29 20 18 9 12 18 9 9 11 22 29 20 18 9 9 11 22

16 21 18 26 7 30 26 16 21 18 26 7 30 26
16 21 18 26 7 30 26 16 21 11 21 18 26 7 30 26
16 21 18 26 7 30 26 16 21 18 11 21 18 26 7 30 26
16 21 18 26 7 30 26 16 21 18 11 18 26 7 30 26
16 21 18 26 7 30 26 16 21 18 26 11 18 26 7 30 26
16 21 11 21 18 26 7 30 26 16 21 18 26 7 30 26
16 21 18 11 21 18 26 7 30 26 16 21 18 26 7 30 26
16 21 18 11 18 26 7 30 26 16 21 18 26 7 30 26
16 21 18 26 11 18 26 7 30 26 16 21 18 26 7 30 26

25 6 8 20 26 15 22 25 6 8 20 26 15 22
25 6 8 20 26 15 22 25 6 7 6 8 20 26 15 22
25 6 8 20 26 15 22 25 6 8 7 6 8 20 26 15 22
25 6 8 20 26 15 22 25 6 8 7 8 20 26 15 22
25 6 8 20 26 15 22 25 6 8 20 7 8 20 26 15 22
25 6 7 6 8 20 26 15 22 25 6 8 20 26 15 22
25 6 8 7 6 8 20 26 15 22 25 6 8 20 26 15 22
25 6 8 7 8 20 26 15 22 25 6 8 20 26 15 22
25 6 8 20 7 8 20 26 15 22 25 6 8 20 26 15 22

11 10 24 16 5 19 16 11 10 24 16 5 19 16
11 10 24 16 5 19 16 11 10 10 10 24 16 5 19 16
11 10 24 16 5 19 16 11 10 24 10 10 24 16 5 19 16
11 10 24 16 5 19 16 11 10 24 10 24 16 5 19 16
11 10 24 16 5 19 16 11 10 24 16 10 24 16 5 19 16
11 10 10 10 24 16 5 19 16 11 10 24 16 5 19 16
11 10 24 10 10 24 16 5 19 16 11 10 24 16 5 19 16
11 10 24 10 24 16 5 19 16 11 10 24 16 5 19 16
11 10 24 16 10 24 16 5 19 16 11 10 24 16 5 19 16

12 20 16 16 26 6 29 12 20 16 16 26 6 29
12 20 16 16 26 6 29 12 20 10 20 16 16 26 6 29
12 20 16 16 26 6 29 12 20 16 10 20 16 16 26 6 29
12 20 16 16 26 6 29 12 20 16 10 16 16 26 6 29
12 20 16 16 26 6 29 12 20 16 16 10 16 16 26 6 29
12 20 10 20 16 16 26 6 29 12 20 16 16 26 6 29
12 20 16 10 20 16 16 26 6 29 12 20 16 16 26 6 29
12 20 16 10 16 16 26 6 29 12 20 16 16 26 6 29
12 20 16 16 10 16 16 26 6 29 12 20 16 16 26 6 29

7 20 26 30 15 26 27 7 20 26 30 15 26 27
7 20 26 30 15 26 27 7 20 17 20 26 30 15 26 27
7 20 26 30 15 26 27 7 20 26 17 20 26 30 15 26 27
7 20 26 30 15 26 27 7 20 26 17 26 30 15 26 27
7 20 26 30 15 26 27 7 20 26 30 17 26 30 15 26 27
7 20 17 20 26 30 15 26 27 7 20 26 30 15 26 27
7 20 26 17 20 26 30 15 26 27 7 20 26 30 15 26 27
7 20 26 17 26 30 15 26 27 7 20 26 30 15 26 27
7 20 26 30 17 26 30 15 26 27 7 20 26 30 15 26 27

25 24 20 20 23 23 24 25 24 20 20 23 23 24
25 24 20 20 23 23 24 25 24 15 24 20 20 23 23 24
25 24 20 20 23 23 24 25 24 20 15 24 20 20 23 23 24
25 24 20 20 23 23 24 25 24 20 15 20 20 23 23 24
25 24 20 20 23 23 24 25 24 20 20 15 20 20 23 23 24
25 24 15 24 20 20 23 23 24 25 24 20 20 23 23 24
25 24 20 15 24 20 20 23 23 24 25 24 20 20 23 23 24
25 24 20 15 20 20 23 23 24 25 24 20 20 23 23 24
25 24 20 20 15 20 20 23 23 24 25 24 20 20 23 23 24

13 29 17 5 29 7 29 13 29 17 5 29 7 29
13 29 17 5 29 7 29 13 29 7 29 17 5 29 7 29
13 29 17 5 29 7 29 13 29 17 7 29 17 5 29 7 29
13 29 17 5 29 7 29 13 29 17 7 17 5 29 7 29
13 29 17 5 29 7 29 13 29 17 5 7 17 5 29 7 29
13 29 7 29 17 5 29 7 29 13 29 17 5 29 7 29
13 29 17 7 29 17 5 29 7 29 13 29 17 5 29 7 29
13 29 17 7 17 5 29 7 29 13 29 17 5 29 7 29
13 29 17 5 7 17 5 29 7 29 13 29 17 5 29 7 29

21 24 26 12 11 26 17 21 24 26 12 11 26 17
21 24 26 12 11 26 17 21 24 8 24 26 12 11 26 17
21 24 26 12 11 26 17 21 24 26 8 24 26 12 11 26 17
21 24 26 12 11 26 17 21 24 26 8 26 12 11 26 17
21 24 26 12 11 26 17 21 24 26 12 8 26 12 11 26 17
21 24 8 24 26 12 11 26 17 21 24 26 12 11 26 17
21 24 26 8 24 26 12 11 26 17 21 24 26 12 11 26 17
21 24 26 8 26 12 11 26 17 21 24 26 12 11 26 17
21 24 26 12 8 26 12 11 26 17 21 24 26 12 11 26 17

12 13 23 14 9 20 11 12 13 23 14 9 20 11
12 13 23 14 9 20 11 12 13 20 13 23 14 9 20 11
12 13 23 14 9 20 11 12 13 23 20 13 23 14 9 20 11
12 13 23 14 9 20 11 12 13 23 20 23 14 9 20 11
12 13 23 14 9 20 11 12 13 23 14 20 23 14 9 20 11
12 13 20 13 23 14 9 20 11 12 13 23 14 9 20 11
12 13 23 20 13 23 14 9 20 11 12 13 23 14 9 20 11
12 13 23 20 23 14 9 20 11 12 13 23 14 9 20 11
12 13 23 14 20 23 14 9 20 11 12 13 23 14 9 20 11

6 19 14 6 30 7 17 6 19 14 6 30 7 17
6 19 14 6 30 7 17 6 19 11 19 14 6 30 7 17
6 19 14 6 30 7 17 6 19 14 11 19 14 6 30 7 17
6 19 14 6 30 7 17 6 19 14 11 14 6 30 7 17
6 19 14 6 30 7 17 6 19 14 6 11 14 6 30 7 17
6 19 11 19 14 6 30 7 17 6 19 14 6 30 7 17
6 19 14 11 19 14 6 30 7 17 6 19 14 6 30 7 17
6 19 14 11 14 6 30 7 17 6 19 14 6 30 7 17
6 19 14 6 11 14 6 30 7 17 6 19 14 6 30 7 17

28 8 14 17 28 25 28 28 8 14 17 28 25 28
28 8 14 17 28 25 28 28 8 13 8 14 17 28 25 28
28 8 14 17 28 25 28 28 8 14 13 8 14 17 28 25 28
28 8 14 17 28 25 28 28 8 14 13 14 17 28 25 28
28 8 14 17 28 25 28 28 8 14 17 13 14 17 28 25 28
28 8 13 8 14 17 28 25 28 28 8 14 17 28 25 28
28 8 14 13 8 14 17 28 25 28 28 8 14 17 28 25 28
28 8 14 13 14 17 28 25 28 28 8 14 17 28 25 28
28 8 14 17 13 14 17 28 25 28 28 8 14 17 28 25 28

10 18 8 25 15 30 21 10 18 8 25 15 30 21
10 18 8 25 15 30 21 10 18 19 18 8 25 15 30 21
10 18 8 25 15 30 21 10 18 8 19 18 8 25 15 30 21
10 18 8 25 15 30 21 10 18 8 19 8 25 15 30 21
10 18 8 25 15 30 21 10 18 8 25 19 8 25 15 30 21
10 18 19 18 8 25 15 30 21 10 18 8 25 15 30 21
10 18 8 19 18 8 25 15 30 21 10 18 8 25 15 30 21
10 18 8 19 8 25 15 30 21 10 18 8 25 15 30 21
10 18 8 25 19 8 25 15 30 21 10 18 8 25 15 30 21

24 16 8 17 6 18 28 24 16 8 17 6 18 28
24 16 8 17 6 18 28 24 16 9 16 8 17 6 18 28
24 16 8 17 6 18 28 24 16 8 9 16 8 17 6 18 28
24 16 8 17 6 18 28 24 16 8 9 8 17 6 18 28
24 16 8 17 6 18 28 24 16 8 17 9 8 17 6 18 28
24 16 9 16 8 17 6 18 28 24 16 8 17 6 18 28
24 16 8 9 16 8 17 6 18 28 24 16 8 17 6 18 28
24 16 8 9 8 17 6 18 28 24 16 8 17 6 18 28
24 16 8 17 9 8 17 6 18 28 24 16 8 17 6 18 28

13 21 26 18 21 6 12 13 21 26 18 21 6 12
13 21 26 18 21 6 12 13 21 13 21 26 18 21 6 12
13 21 26 18 21 6 12 13 21 26 13 21 26 18 21 6 12
13 21 26 18 21 6 12 13 21 26 13 26 18 21 6 12
13 21 26 18 21 6 12 13 21 26 18 13 26 18 21 6 12
13 21 13 21 26 18 21 6 12 13 21 26 18 21 6 12
13 21 26 13 21 26 18 21 6 12 13 21 26 18 21 6 12
13 21 26 13 26 18 21 6 12 13 21 26 18 21 6 12
13 21 26 18 13 26 18 21 6 12 13 21 26 18 21 6 12

7 23 23 30 24 9 23 7 23 23 30 24 9 23
7 23 23 30 24 9 23 7 23 16 23 23 30 24 9 23
7 23 23 30 24 9 23 7 23 23 16 23 23 30 24 9 23
7 23 23 30 24 9 23 7 23 23 16 23 30 24 9 23
7 23 23 30 24 9 23 7 23 23 30 16 23 30 24 9 23
7 23 16 23 23 30 24 9 23 7 23 23 30 24 9 23
7 23 23 16 23 23 30 24 9 23 7 23 23 30 24 9 23
7 23 23 16 23 30 24 9 23 7 23 23 30 24 9 23
7 23 23 30 16 23 30 24 9 23 7 23 23 30 24 9 23

9 25 17 6 18 8 29 9 25 17 6 18 8 29
9 25 17 6 18 8 29 9 25 12 25 17 6 18 8 29
9 25 17 6 18 8 29 9 25 17 12 25 17 6 18 8 29
9 25 17 6 18 8 29 9 25 17 12 17 6 18 8 29
9 25 17 6 18 8 29 9 25 17 6 12 17 6 18 8 29
9 25 12 25 17 6 18 8 29 9 25 17 6 18 8 29
9 25 17 12 25 17 6 18 8 29 9 25 17 6 18 8 29
9 25 17 12 17 6 18 8 29 9 25 17 6 18 8 29
9 25 17 6 12 17 6 18 8 29 9 25 17 6 18 8 29

27 7 26 21 20 20 5 27 7 26 21 20 20 5
27 7 26 21 20 20 5 27 7 8 7 26 21 20 20 5
27 7 26 21 20 20 5 27 7 26 8 7 26 21 20 20 5
27 7 26 21 20 20 5 27 7 26 8 26 21 20 20 5
27 7 26 21 20 20 5 27 7 26 21 8 26 21 20 20 5
27 7 8 7 26 21 20 20 5 27 7 26 21 20 20 5
27 7 26 8 7 26 21 20 20 5 27 7 26 21 20 20 5
27 7 26 8 26 21 20 20 5 27 7 26 21 20 20 5
27 7 26 21 8 26 21 20 20 5 27 7 26 21 20 20 5

14 22 26 9 6 18 7 14 22 26 9 6 18 7
14 22 26 9 6 18 7 14 22 10 22 26 9 6 18 7
14 22 26 9 6 18 7 14 22 26 10 22 26 9 6 18 7
14 22 26 9 6 18 7 14 22 26 10 26 9 6 18 7
14 22 26 9 6 18 7 14 22 26 9 10 26 9 6 18 7
14 22 10 22 26 9 6 18 7 14 22 26 9 6 18 7
14 22 26 10 22 26 9 6 18 7 14 22 26 9 6 18 7
14 22 26 10 26 9 6 18 7 14 22 26 9 6 18 7
14 22 26 9 10 26 9 6 18 7 14 22 26 9 6 18 7

13 19 28 30 25 27 26 13 19 28 30 25 27 26
13 19 28 30 25 27 26 13 19 16 19 28 30 25 27 26
13 19 28 30 25 27 26 13 19 28 16 19 28 30 25 27 26
13 19 28 30 25 27 26 13 19 28 16 28 30 25 27 26
13 19 28 30 25 27 26 13 19 28 30 16 28 30 25 27 26
13 19 16 19 28 30 25 27 26 13 19 28 30 25 27 26
13 19 28 16 19 28 30 25 27 26 13 19 28 30 25 27 26
13 19 28 16 28 30 25 27 26 13 19 28 30 25 27 26
13 19 28 30 16 28 30 25 27 26 13 19 28 30 25 27 26

19 28 21 22 24 13 9 19 28 21 22 24 13 9
19 28 21 22 24 13 9 19 28 15 28 21 22 24 13 9
19 28 21 22 24 13 9 19 28 21 15 28 21 22 24 13 9
19 28 21 22 24 13 9 19 28 21 15 21 22 24 13 9
19 28 21 22 24 13 9 19 28 21 22 15 21 22 24 13 9
19 28 15 28 21 22 24 13 9 19 28 21 22 24 13 9
19 28 21 15 28 21 22 24 13 9 19 28 21 22 24 13 9
19 28 21 15 21 22 24 13 9 19 28 21 22 24 13 9
19 28 21 22 15 21 22 24 13 9 19 28 21 22 24 13 9

28 14 11 16 21 16 24 28 14 11 16 21 16 24
28 14 11 16 21 16 24 28 14 12 14 11 16 21 16 24
28 14 11 16 21 16 24 28 14 11 12 14 11 16 21 16 24
28 14 11 16 21 16 24 28 14 11 12 11 16 21 16 24
28 14 11 16 21 16 24 28 14 11 16 12 11 16 21 16 24
28 14 12 14 11 16 21 16 24 28 14 11 16 21 16 24
28 14 11 12 14 11 16 21 16 24 28 14 11 16 21 16 24
28 14 11 12 11 16 21 16 24 28 14 11 16 21 16 24
28 14 11 16 12 11 16 21 16 24 28 14 11 16 21 16 24

18 17 10 6 23 7 17 18 17 10 6 23 7 17
18 17 10 6 23 7 17 18 17 14 17 10 6 23 7 17
18 17 10 6 23 7 17 18 17 10 14 17 10 6 23 7 17
18 17 10 6 23 7 17 18 17 10 14 10 6 23 7 17
18 17 10 6 23 7 17 18 17 10 6 14 10 6 23 7 17
18 17 14 17 10 6 23 7 17 18 17 10 6 23 7 17
18 17 10 14 17 10 6 23 7 17 18 17 10 6 23 7 17
18 17 10 14 10 6 23 7 17 18 17 10 6 23 7 17
18 17 10 6 14 10 6 23 7 17 18 17 10 6 23 7 17

25 19 22 11 9 24 19 25 19 22 11 9 24 19
25 19 22 11 9 24 19 25 19 11 19 22 11 9 24 19
25 19 22 11 9 24 19 25 19 22 11 19 22 11 9 24 19
25 19 22 11 9 24 19 25 19 22 11 22 11 9 24 19
25 19 22 11 9 24 19 25 19 22 11 11 22 11 9 24 19
25 19 11 19 22 11 9 24 19 25 19 22 11 9 24 19
25 19 22 11 19 22 11 9 24 19 25 19 22 11 9 24 19
25 19 22 11 22 11 9 24 19 25 19 22 11 9 24 19
25 19 22 11 11 22 11 9 24 19 25 19 22 11 9 24 19

6 12 10 6 16 22 17 6 12 10 6 16 22 17
6 12 10 6 16 22 17 6 12 13 12 10 6 16 22 17
6 12 10 6 16 22 17 6 12 10 13 12 10 6 16 22 17
6 12 10 6 16 22 17 6 12 10 13 10 6 16 22 17
6 12 10 6 16 22 17 6 12 10 6 13 10 6 16 22 17
6 12 13 12 10 6 16 22 17 6 12 10 6 16 22 17
6 12 10 13 12 10 6 16 22 17 6 12 10 6 16 22 17
6 12 10 13 10 6 16 22 17 6 12 10 6 16 22 17
6 12 10 6 13 10 6 16 22 17 6 12 10 6 16 22 17

20 26 23 21 5 17 6 20 26 23 21 5 17 6
20 26 23 21 5 17 6 20 26 13 26 23 21 5 17 6
20 26 23 21 5 17 6 20 26 23 13 26 23 21 5 17 6
20 26 23 21 5 17 6 20 26 23 13 23 21 5 17 6
20 26 23 21 5 17 6 20 26 23 21 13 23 21 5 17 6
20 26 13 26 23 21 5 17 6 20 26 23 21 5 17 6
20 26 23 13 26 23 21 5 17 6 20 26 23 21 5 17 6
20 26 23 13 23 21 5 17 6 20 26 23 21 5 17 6
20 26 23 21 13 23 21 5 17 6 20 26 23 21 5 17 6

5 29 7 26 9 5 16 5 29 7 26 9 5 16
5 29 7 26 9 5 16 5 29 13 29 7 26 9 5 16
5 29 7 26 9 5 16 5 29 7 13 29 7 26 9 5 16
5 29 7 26 9 5 16 5 29 7 13 7 26 9 5 16
5 29 7 26 9 5 16 5 29 7 26 13 7 26 9 5 16
5 29 13 29 7 26 9 5 16 5 29 7 26 9 5 16
5 29 7 13 29 7 26 9 5 16 5 29 7 26 9 5 16
5 29 7 13 7 26 9 5 16 5 29 7 26 9 5 16
5 29 7 26 13 7 26 9 5 16 5 29 7 26 9 5 16

26 8 10 9 17 14 30 26 8 10 9 17 14 30
26 8 10 9 17 14 30 26 8 12 8 10 9 17 14 30
26 8 10 9 17 14 30 26 8 10 12 8 10 9 17 14 30
26 8 10 9 17 14 30 26 8 10 12 10 9 17 14 30
26 8 10 9 17 14 30 26 8 10 9 12 10 9 17 14 30
26 8 12 8 10 9 17 14 30 26 8 10 9 17 14 30
26 8 10 12 8 10 9 17 14 30 26 8 10 9 17 14 30
26 8 10 12 10 9 17 14 30 26 8 10 9 17 14 30
26 8 10 9 12 10 9 17 14 30 26 8 10 9 17 14 30

9 10 13 26 29 18 12 9 10 13 26 29 18 12
9 10 13 26 29 18 12 9 10 8 10 13 26 29 18 12
9 10 13 26 29 18 12 9 10 13 8 10 13 26 29 18 12
9 10 13 26 29 18 12 9 10 13 8 13 26 29 18 12
9 10 13 26 29 18 12 9 10 13 26 8 13 26 29 18 12
9 10 8 10 13 26 29 18 12 9 10 13 26 29 18 12
9 10 13 8 10 13 26 29 18 12 9 10 13 26 29 18 12
9 10 13 8 13 26 29 18 12 9 10 13 26 29 18 12
9 10 13 26 8 13 26 29 18 12 9 10 13 26 29 18 12

8 25 13 26 22 24 17 8 25 13 26 22 24 17
8 25 13 26 22 24 17 8 25 18 25 13 26 22 24 17
8 25 13 26 22 24 17 8 25 13 18 25 13 26 22 24 17
8 25 13 26 22 24 17 8 25 13 18 13 26 22 24 17
8 25 13 26 22 24 17 8 25 13 26 18 13 26 22 24 17
8 25 18 25 13 26 22 24 17 8 25 13 26 22 24 17
8 25 13 18 25 13 26 22 24 17 8 25 13 26 22 24 17
8 25 13 18 13 26 22 24 17 8 25 13 26 22 24 17
8 25 13 26 18 13 26 22 24 17 8 25 13 26 22 24 17

7 20 20 12 5 24 30 7 20 20 12 5 24 30
7 20 20 12 5 24 30 7 20 20 20 20 12 5 24 30
7 20 20 12 5 24 30 7 20 20 20 20 20 12 5 24 30
7 20 20 12 5 24 30 7 20 20 20 20 12 5 24 30
7 20 20 12 5 24 30 7 20 20 12 20 20 12 5 24 30
7 20 20 20 20 12 5 24 30 7 20 20 12 5 24 30
7 20 20 20 20 20 12 5 24 30 7 20 20 12 5 24 30
7 20 20 20 20 12 5 24 30 7 20 20 12 5 24 30
7 20 20 12 20 20 12 5 24 30 7 20 20 12 5 24 30

28 6 18 12 24 11 12 28 6 18 12 24 11 12
28 6 18 12 24 11 12 28 6 16 6 18 12 24 11 12
28 6 18 12 24 11 12 28 6 18 16 6 18 12 24 11 12
28 6 18 12 24 11 12 28 6 18 16 18 12 24 11 12
28 6 18 12 24 11 12 28 6 18 12 16 18 12 24 11 12
28 6 16 6 18 12 24 11 12 28 6 18 12 24 11 12
28 6 18 16 6 18 12 24 11 12 28 6 18 12 24 11 12
28 6 18 16 18 12 24 11 12 28 6 18 12 24 11 12
28 6 18 12 16 18 12 24 11 12 28 6 18 12 24 11 12

7 22 12 12 28 27 15 7 22 12 12 28 27 15
7 22 12 12 28 27 15 7 22 7 22 12 12 28 27 15
7 22 12 12 28 27 15 7 22 12 7 22 12 12 28 27 15
7 22 12 12 28 27 15 7 22 12 7 12 12 28 27 15
7 22 12 12 28 27 15 7 22 12 12 7 12 12 28 27 15
7 22 7 22 12 12 28 27 15 7 22 12 12 28 27 15
7 22 12 7 22 12 12 28 27 15 7 22 12 12 28 27 15
7 22 12 7 12 12 28 27 15 7 22 12 12 28 27 15
7 22 12 12 7 12 12 28 27 15 7 22 12 12 28 27 15

9 12 28 28 14 16 16 9 12 28 28 14 16 16
9 12 28 28 14 16 16 9 12 11 12 28 28 14 16 16
9 12 28 28 14 16 16 9 12 28 11 12 28 28 14 16 16
9 12 28 28 14 16 16 9 12 28 11 28 28 14 16 16
9 12 28 28 14 16 16 9 12 28 28 11 28 28 14 16 16
9 12 11 12 28 28 14 16 16 9 12 28 28 14 16 16
9 12 28 11 12 28 28 14 16 16 9 12 28 28 14 16 16
9 12 28 11 28 28 14 16 16 9 12 28 28 14 16 16
9 12 28 28 11 28 28 14 16 16 9 12 28 28 14 16 16

24 11 28 17 14 22 16 24 11 28 17 14 22 16
24 11 28 17 14 22 16 24 11 7 11 28 17 14 22 16
24 11 28 17 14 22 16 24 11 28 7 11 28 17 14 22 16
24 11 28 17 14 22 16 24 11 28 7 28 17 14 22 16
24 11 28 17 14 22 16 24 11 28 17 7 28 17 14 22 16
24 11 7 11 28 17 14 22 16 24 11 28 17 14 22 16
24 11 28 7 11 28 17 14 22 16 24 11 28 17 14 22 16
24 11 28 7 28 17 14 22 16 24 11 28 17 14 22 16
24 11 28 17 7 28 17 14 22 16 24 11 28 17 14 22 16

9 17 11 18 10 23 7 9 17 11 18 10 23 7
9 17 11 18 10 23 7 9 17 11 17 11 18 10 23 7
9 17 11 18 10 23 7 9 17 11 11 17 11 18 10 23 7
9 17 11 18 10 23 7 9 17 11 11 11 18 10 23 7
9 17 11 18 10 23 7 9 17 11 18 11 11 18 10 23 7
9 17 11 17 11 18 10 23 7 9 17 11 18 10 23 7
9 17 11 11 17 11 18 10 23 7 9 17 11 18 10 23 7
9 17 11 11 11 18 10 23 7 9 17 11 18 10 23 7
9 17 11 18 11 11 18 10 23 7 9 17 11 18 10 23 7

18 16 29 15 22 27 13 18 16 29 15 22 27 13
18 16 29 15 22 27 13 18 16 18 16 29 15 22 27 13
18 16 29 15 22 27 13 18 16 29 18 16 29 15 22 27 13
18 16 29 15 22 27 13 18 16 29 18 29 15 22 27 13
18 16 29 15 22 27 13 18 16 29 15 18 29 15 22 27 13
18 16 18 16 29 15 22 27 13 18 16 29 15 22 27 13
18 16 29 18 16 29 15 22 27 13 18 16 29 15 22 27 13
18 16 29 18 29 15 22 27 13 18 16 29 15 22 27 13
18 16 29 15 18 29 15 22 27 13 18 16 29 15 22 27 13

16 14 10 21 11 28 8 16 14 10 21 11 28 8
16 14 10 21 11 28 8 16 14 15 14 10 21 11 28 8
16 14 10 21 11 28 8 16 14 10 15 14 10 21 11 28 8
16 14 10 21 11 28 8 16 14 10 15 10 21 11 28 8
16 14 10 21 11 28 8 16 14 10 21 15 10 21 11 28 8
16 14 15 14 10 21 11 28 8 16 14 10 21 11 28 8
16 14 10 15 14 10 21 11 28 8 16 14 10 21 11 28 8
16 14 10 15 10 21 11 28 8 16 14 10 21 11 28 8
16 14 10 21 15 10 21 11 28 8 16 14 10 21 11 28 8

22 11 22 22 12 21 29 22 11 22 22 12 21 29
22 11 22 22 12 21 29 22 11 13 11 22 22 12 21 29
22 11 22 22 12 21 29 22 11 22 13 11 22 22 12 21 29
22 11 22 22 12 21 29 22 11 22 13 22 22 12 21 29
22 11 22 22 12 21 29 22 11 22 22 13 22 22 12 21 29
22 11 13 11 22 22 12 21 29 22 11 22 22 12 21 29
22 11 22 13 11 22 22 12 21 29 22 11 22 22 12 21 29
22 11 22 13 22 22 12 21 29 22 11 22 22 12 21 29
22 11 22 22 13 22 22 12 21 29 22 11 22 22 12 21 29

9 21 23 18 7 20 16 9 21 23 18 7 20 16
9 21 23 18 7 20 16 9 21 16 21 23 18 7 20 16
9 21 23 18 7 20 16 9 21 23 16 21 23 18 7 20 16
9 21 23 18 7 20 16 9 21 23 16 23 18 7 20 16
9 21 23 18 7 20 16 9 21 23 18 16 23 18 7 20 16
9 21 16 21 23 18 7 20 16 9 21 23 18 7 20 16
9 21 23 16 21 23 18 7 20 16 9 21 23 18 7 20 16
9 21 23 16 23 18 7 20 16 9 21 23 18 7 20 16
9 21 23 18 16 23 18 7 20 16 9 21 23 18 7 20 16

21 14 9 5 21 21 17 21 14 9 5 21 21 17
21 14 9 5 21 21 17 21 14 19 14 9 5 21 21 17
21 14 9 5 21 21 17 21 14 9 19 14 9 5 21 21 17
21 14 9 5 21 21 17 21 14 9 19 9 5 21 21 17
21 14 9 5 21 21 17 21 14 9 5 19 9 5 21 21 17
21 14 19 14 9 5 21 21 17 21 14 9 5 21 21 17
21 14 9 19 14 9 5 21 21 17 21 14 9 5 21 21 17
21 14 9 19 9 5 21 21 17 21 14 9 5 21 21 17
21 14 9 5 19 9 5 21 21 17 21 14 9 5 21 21 17

18 26 7 15 15 6 7 18 26 7 15 15 6 7
18 26 7 15 15 6 7 18 26 5 26 7 15 15 6 7
18 26 7 15 15 6 7 18 26 7 5 26 7 15 15 6 7
18 26 7 15 15 6 7 18 26 7 5 7 15 15 6 7
18 26 7 15 15 6 7 18 26 7 15 5 7 15 15 6 7
18 26 5 26 7 15 15 6 7 18 26 7 15 15 6 7
18 26 7 5 26 7 15 15 6 7 18 26 7 15 15 6 7
18 26 7 5 7 15 15 6 7 18 26 7 15 15 6 7
18 26 7 15 5 7 15 15 6 7 18 26 7 15 15 6 7

20 15 18 18 24 16 23 20 15 18 18 24 16 23
20 15 18 18 24 16 23 20 15 6 15 18 18 24 16 23
20 15 18 18 24 16 23 20 15 18 6 15 18 18 24 16 23
20 15 18 18 24 16 23 20 15 18 6 18 18 24 16 23
20 15 18 18 24 16 23 20 15 18 18 6 18 18 24 16 23
20 15 6 15 18 18 24 16 23 20 15 18 18 24 16 23
20 15 18 6 15 18 18 24 16 23 20 15 18 18 24 16 23
20 15 18 6 18 18 24 16 23 20 15 18 18 24 16 23
20 15 18 18 6 18 18 24 16 23 20 15 18 18 24 16 23

8 7 17 22 29 6 15 8 7 17 22 29 6 15
8 7 17 22 29 6 15 8 7 14 7 17 22 29 6 15
8 7 17 22 29 6 15 8 7 17 14 7 17 22 29 6 15
8 7 17 22 29 6 15 8 7 17 14 17 22 29 6 15
8 7 17 22 29 6 15 8 7 17 22 14 17 22 29 6 15
8 7 14 7 17 22 29 6 15 8 7 17 22 29 6 15
8 7 17 14 7 17 22 29 6 15 8 7 17 22 29 6 15
8 7 17 14 17 22 29 6 15 8 7 17 22 29 6 15
8 7 17 22 14 17 22 29 6 15 8 7 17 22 29 6 15

28 30 14 10 27 22 5 28 30 14 10 27 22 5
28 30 14 10 27 22 5 28 30 14 30 14 10 27 22 5
28 30 14 10 27 22 5 28 30 14 14 30 14 10 27 22 5
28 30 14 10 27 22 5 28 30 14 14 14 10 27 22 5
28 30 14 10 27 22 5 28 30 14 10 14 14 10 27 22 5
28 30 14 30 14 10 27 22 5 28 30 14 10 27 22 5
28 30 14 14 30 14 10 27 22 5 28 30 14 10 27 22 5
28 30 14 14 14 10 27 22 5 28 30 14 10 27 22 5
28 30 14 10 14 14 10 27 22 5 28 30 14 10 27 22 5

23 20 10 25 6 24 14 23 20 10 25 6 24 14
23 20 10 25 6 24 14 23 20 20 20 10 25 6 24 14
23 20 10 25 6 24 14 23 20 10 20 20 10 25 6 24 14
23 20 10 25 6 24 14 23 20 10 20 10 25 6 24 14
23 20 10 25 6 24 14 23 20 10 25 20 10 25 6 24 14
23 20 20 20 10 25 6 24 14 23 20 10 25 6 24 14
23 20 10 20 20 10 25 6 24 14 23 20 10 25 6 24 14
23 20 10 20 10 25 6 24 14 23 20 10 25 6 24 14
23 20 10 25 20 10 25 6 24 14 23 20 10 25 6 24 14

21 26 28 23 14 29 24 21 26 28 23 14 29 24
21 26 28 23 14 29 24 21 26 10 26 28 23 14 29 24
21 26 28 23 14 29 24 21 26 28 10 26 28 23 14 29 24
21 26 28 23 14 29 24 21 26 28 10 28 23 14 29 24
21 26 28 23 14 29 24 21 26 28 23 10 28 23 14 29 24
21 26 10 26 28 23 14 29 24 21 26 28 23 14 29 24
21 26 28 10 26 28 23 14 29 24 21 26 28 23 14 29 24
21 26 28 10 28 23 14 29 24 21 26 28 23 14 29 24
21 26 28 23 10 28 23 14 29 24 21 26 28 23 14 29 24

30 5 12 13 17 18 6 30 5 12 13 17 18 6
30 5 12 13 17 18 6 30 5 5 5 12 13 17 18 6
30 5 12 13 17 18 6 30 5 12 5 5 12 13 17 18 6
30 5 12 13 17 18 6 30 5 12 5 12 13 17 18 6
30 5 12 13 17 18 6 30 5 12 13 5 12 13 17 18 6
30 5 5 5 12 13 17 18 6 30 5 12 13 17 18 6
30 5 12 5 5 12 13 17 18 6 30 5 12 13 17 18 6
30 5 12 5 12 13 17 18 6 30 5 12 13 17 18 6
30 5 12 13 5 12 13 17 18 6 30 5 12 13 17 18 6

30 13 9 19 5 22 11 30 13 9 19 5 22 11
30 13 9 19 5 22 11 30 13 10 13 9 19 5 22 11
30 13 9 19 5 22 11 30 13 9 10 13 9 19 5 22 11
30 13 9 19 5 22 11 30 13 9 10 9 19 5 22 11
30 13 9 19 5 22 11 30 13 9 19 10 9 19 5 22 11
30 13 10 13 9 19 5 22 11 30 13 9 19 5 22 11
30 13 9 10 13 9 19 5 22 11 30 13 9 19 5 22 11
30 13 9 10 9 19 5 22 11 30 13 9 19 5 22 11
30 13 9 19 10 9 19 5 22 11 30 13 9 19 5 22 11

17 22 19 11 20 23 13 17 22 19 11 20 23 13
17 22 19 11 20 23 13 17 22 14 22 19 11 20 23 13
17 22 19 11 20 23 13 17 22 19 14 22 19 11 20 23 13
17 22 19 11 20 23 13 17 22 19 14 19 11 20 23 13
17 22 19 11 20 23 13 17 22 19 11 14 19 11 20 23 13
17 22 14 22 19 11 20 23 13 17 22 19 11 20 23 13
17 22 19 14 22 19 11 20 23 13 17 22 19 11 20 23 13
17 22 19 14 19 11 20 23 13 17 22 19 11 20 23 13
17 22 19 11 14 19 11 20 23 13 17 22 19 11 20 23 13

23 15 27 16 10 24 24 23 15 27 16 10 24 24
23 15 27 16 10 24 24 23 15 6 15 27 16 10 24 24
23 15 27 16 10 24 24 23 15 27 6 15 27 16 10 24 24
23 15 27 16 10 24 24 23 15 27 6 27 16 10 24 24
23 15 27 16 10 24 24 23 15 27 16 6 27 16 10 24 24
23 15 6 15 27 16 10 24 24 23 15 27 16 10 24 24
23 15 27 6 15 27 16 10 24 24 23 15 27 16 10 24 24
23 15 27 6 27 16 10 24 24 23 15 27 16 10 24 24
23 15 27 16 6 27 16 10 24 24 23 15 27 16 10 24 24

11 6 28 14 28 11 20 11 6 28 14 28 11 20
11 6 28 14 28 11 20 11 6 11 6 28 14 28 11 20
11 6 28 14 28 11 20 11 6 28 11 6 28 14 28 11 20
11 6 28 14 28 11 20 11 6 28 11 28 14 28 11 20
11 6 28 14 28 11 20 11 6 28 14 11 28 14 28 11 20
11 6 11 6 28 14 28 11 20 11 6 28 14 28 11 20
11 6 28 11 6 28 14 28 11 20 11 6 28 14 28 11 20
11 6 28 11 28 14 28 11 20 11 6 28 14 28 11 20
11 6 28 14 11 28 14 28 11 20 11 6 28 14 28 11 20

8 5 25 5 11 30 28 8 5 25 5 11 30 28
8 5 25 5 11 30 28 8 5 13 5 25 5 11 30 28
8 5 25 5 11 30 28 8 5 25 13 5 25 5 11 30 28
8 5 25 5 11 30 28 8 5 25 13 25 5 11 30 28
8 5 25 5 11 30 28 8 5 25 5 13 25 5 11 30 28
8 5 13 5 25 5 11 30 28 8 5 25 5 11 30 28
8 5 25 13 5 25 5 11 30 28 8 5 25 5 11 30 28
8 5 25 13 25 5 11 30 28 8 5 25 5 11 30 28
8 5 25 5 13 25 5 11 30 28 8 5 25 5 11 30 28

20 30 25 23 10 11 25 20 30 25 23 10 11 25
20 30 25 23 10 11 25 20 30 7 30 25 23 10 11 25
20 30 25 23 10 11 25 20 30 25 7 30 25 23 10 11 25
20 30 25 23 10 11 25 20 30 25 7 25 23 10 11 25
20 30 25 23 10 11 25 20 30 25 23 7 25 23 10 11 25
20 30 7 30 25 23 10 11 25 20 30 25 23 10 11 25
20 30 25 7 30 25 23 10 11 25 20 30 25 23 10 11 25
20 30 25 7 25 23 10 11 25 20 30 25 23 10 11 25
20 30 25 23 7 25 23 10 11 25 20 30 25 23 10 11 25

24 5 27 14 18 11 5 24 5 27 14 18 11 5
24 5 27 14 18 11 5 24 5 15 5 27 14 18 11 5
24 5 27 14 18 11 5 24 5 27 15 5 27 14 18 11 5
24 5 27 14 18 11 5 24 5 27 15 27 14 18 11 5
24 5 27 14 18 11 5 24 5 27 14 15 27 14 18 11 5
24 5 15 5 27 14 18 11 5 24 5 27 14 18 11 5
24 5 27 15 5 27 14 18 11 5 24 5 27 14 18 11 5
24 5 27 15 27 14 18 11 5 24 5 27 14 18 11 5
24 5 27 14 15 27 14 18 11 5 24 5 27 14 18 11 5

27 28 30 22 14 25 20 27 28 30 22 14 25 20
27 28 30 22 14 25 20 27 28 19 28 30 22 14 25 20
27 28 30 22 14 25 20 27 28 30 19 28 30 22 14 25 20
27 28 30 22 14 25 20 27 28 30 19 30 22 14 25 20
27 28 30 22 14 25 20 27 28 30 22 19 30 22 14 25 20
27 28 19 28 30 22 14 25 20 27 28 30 22 14 25 20
27 28 30 19 28 30 22 14 25 20 27 28 30 22 14 25 20
27 28 30 19 30 22 14 25 20 27 28 30 22 14 25 20
27 28 30 22 19 30 22 14 25 20 27 28 30 22 14 25 20

14 8 8 29 22 12 30 14 8 8 29 22 12 30
14 8 8 29 22 12 30 14 8 12 8 8 29 22 12 30
14 8 8 29 22 12 30 14 8 8 12 8 8 29 22 12 30
14 8 8 29 22 12 30 14 8 8 12 8 29 22 12 30
14 8 8 29 22 12 30 14 8 8 29 12 8 29 22 12 30
14 8 12 8 8 29 22 12 30 14 8 8 29 22 12 30
14 8 8 12 8 8 29 22 12 30 14 8 8 29 22 12 30
14 8 8 12 8 29 22 12 30 14 8 8 29 22 12 30
14 8 8 29 12 8 29 22 12 30 14 8 8 29 22 12 30

11 12 29 27 15 28 15 11 12 29 27 15 28 15
11 12 29 27 15 28 15 11 12 9 12 29 27 15 28 15
11 12 29 27 15 28 15 11 12 29 9 12 29 27 15 28 15
11 12 29 27 15 28 15 11 12 29 9 29 27 15 28 15
11 12 29 27 15 28 15 11 12 29 27 9 29 27 15 28 15
11 12 9 12 29 27 15 28 15 11 12 29 27 15 28 15
11 12 29 9 12 29 27 15 28 15 11 12 29 27 15 28 15
11 12 29 9 29 27 15 28 15 11 12 29 27 15 28 15
11 12 29 27 9 29 27 15 28 15 11 12 29 27 15 28 15

30 26 16 11 27 20 25 30 26 16 11 27 20 25
30 26 16 11 27 20 25 30 26 16 26 16 11 27 20 25
30 26 16 11 27 20 25 30 26 16 16 26 16 11 27 20 25
30 26 16 11 27 20 25 30 26 16 16 16 11 27 20 25
30 26 16 11 27 20 25 30 26 16 11 16 16 11 27 20 25
30 26 16 26 16 11 27 20 25 30 26 16 11 27 20 25
30 26 16 16 26 16 11 27 20 25 30 26 16 11 27 20 25
30 26 16 16 16 11 27 20 25 30 26 16 11 27 20 25
30 26 16 11 16 16 11 27 20 25 30 26 16 11 27 20 25

21 30 7 14 12 17 10 21 30 7 14 12 17 10
21 30 7 14 12 17 10 21 30 16 30 7 14 12 17 10
21 30 7 14 12 17 10 21 30 7 16 30 7 14 12 17 10
21 30 7 14 12 17 10 21 30 7 16 7 14 12 17 10
21 30 7 14 12 17 10 21 30 7 14 16 7 14 12 17 10
21 30 16 30 7 14 12 17 10 21 30 7 14 12 17 10
21 30 7 16 30 7 14 12 17 10 21 30 7 14 12 17 10
21 30 7 16 7 14 12 17 10 21 30 7 14 12 17 10
21 30 7 14 16 7 14 12 17 10 21 30 7 14 12 17 10

5 6 25 15 11 16 10 5 6 25 15 11 16 10
5 6 25 15 11 16 10 5 6 8 6 25 15 11 16 10
5 6 25 15 11 16 10 5 6 25 8 6 25 15 11 16 10
5 6 25 15 11 16 10 5 6 25 8 25 15 11 16 10
5 6 25 15 11 16 10 5 6 25 15 8 25 15 11 16 10
5 6 8 6 25 15 11 16 10 5 6 25 15 11 16 10
5 6 25 8 6 25 15 11 16 10 5 6 25 15 11 16 10
5 6 25 8 25 15 11 16 10 5 6 25 15 11 16 10
5 6 25 15 8 25 15 11 16 10 5 6 25 15 11 16 10

10 18 19 27 22 21 21 10 18 19 27 22 21 21
10 18 19 27 22 21 21 10 18 10 18 19 27 22 21 21
10 18 19 27 22 21 21 10 18 19 10 18 19 27 22 21 21
10 18 19 27 22 21 21 10 18 19 10 19 27 22 21 21
10 18 19 27 22 21 21 10 18 19 27 10 19 27 22 21 21
10 18 10 18 19 27 22 21 21 10 18 19 27 22 21 21
10 18 19 10 18 19 27 22 21 21 10 18 19 27 22 21 21
10 18 19 10 19 27 22 21 21 10 18 19 27 22 21 21
10 18 19 27 10 19 27 22 21 21 10 18 19 27 22 21 21

30 19 24 13 10 15 29 30 19 24 13 10 15 29
30 19 24 13 10 15 29 30 19 10 19 24 13 10 15 29
30 19 24 13 10 15 29 30 19 24 10 19 24 13 10 15 29
30 19 24 13 10 15 29 30 19 24 10 24 13 10 15 29
30 19 24 13 10 15 29 30 19 24 13 10 24 13 10 15 29
30 19 10 19 24 13 10 15 29 30 19 24 13 10 15 29
30 19 24 10 19 24 13 10 15 29 30 19 24 13 10 15 29
30 19 24 10 24 13 10 15 29 30 19 24 13 10 15 29
30 19 24 13 10 24 13 10 15 29 30 19 24 13 10 15 29

12 7 6 27 6 23 27 12 7 6 27 6 23 27
12 7 6 27 6 23 27 12 7 13 7 6 27 6 23 27
12 7 6 27 6 23 27 12 7 6 13 7 6 27 6 23 27
12 7 6 27 6 23 27 12 7 6 13 6 27 6 23 27
12 7 6 27 6 23 27 12 7 6 27 13 6 27 6 23 27
12 7 13 7 6 27 6 23 27 12 7 6 27 6 23 27
12 7 6 13 7 6 27 6 23 27 12 7 6 27 6 23 27
12 7 6 13 6 27 6 23 27 12 7 6 27 6 23 27
12 7 6 27 13 6 27 6 23 27 12 7 6 27 6 23 27

11 8 15 26 15 25 20 11 8 15 26 15 25 20
11 8 15 26 15 25 20 11 8 8 8 15 26 15 25 20
11 8 15 26 15 25 20 11 8 15 8 8 15 26 15 25 20
11 8 15 26 15 25 20 11 8 15 8 15 26 15 25 20
11 8 15 26 15 25 20 11 8 15 26 8 15 26 15 25 20
11 8 8 8 15 26 15 25 20 11 8 15 26 15 25 20
11 8 15 8 8 15 26 15 25 20 11 8 15 26 15 25 20
11 8 15 8 15 26 15 25 20 11 8 15 26 15 25 20
11 8 15 26 8 15 26 15 25 20 11 8 15 26 15 25 20

8 8 28 8 28 26 19 8 8 28 8 28 26 19
8 8 28 8 28 26 19 8 8 7 8 28 8 28 26 19
8 8 28 8 28 26 19 8 8 28 7 8 28 8 28 26 19
8 8 28 8 28 26 19 8 8 28 7 28 8 28 26 19
8 8 28 8 28 26 19 8 8 28 8 7 28 8 28 26 19
8 8 7 8 28 8 28 26 19 8 8 28 8 28 26 19
8 8 28 7 8 28 8 28 26 19 8 8 28 8 28 26 19
8 8 28 7 28 8 28 26 19 8 8 28 8 28 26 19
8 8 28 8 7 28 8 28 26 19 8 8 28 8 28 26 19

12 27 30 19 19 15 8 12 27 30 19 19 15 8
12 27 30 19 19 15 8 12 27 7 27 30 19 19 15 8
12 27 30 19 19 15 8 12 27 30 7 27 30 19 19 15 8
12 27 30 19 19 15 8 12 27 30 7 30 19 19 15 8
12 27 30 19 19 15 8 12 27 30 19 7 30 19 19 15 8
12 27 7 27 30 19 19 15 8 12 27 30 19 19 15 8
12 27 30 7 27 30 19 19 15 8 12 27 30 19 19 15 8
12 27 30 7 30 19 19 15 8 12 27 30 19 19 15 8
12 27 30 19 7 30 19 19 15 8 12 27 30 19 19 15 8

28 27 6 15 8 14 10 28 27 6 15 8 14 10
28 27 6 15 8 14 10 28 27 9 27 6 15 8 14 10
28 27 6 15 8 14 10 28 27 6 9 27 6 15 8 14 10
28 27 6 15 8 14 10 28 27 6 9 6 15 8 14 10
28 27 6 15 8 14 10 28 27 6 15 9 6 15 8 14 10
28 27 9 27 6 15 8 14 10 28 27 6 15 8 14 10
28 27 6 9 27 6 15 8 14 10 28 27 6 15 8 14 10
28 27 6 9 6 15 8 14 10 28 27 6 15 8 14 10
28 27 6 15 9 6 15 8 14 10 28 27 6 15 8 14 10

28 17 25 24 6 13 14 28 17 25 24 6 13 14
28 17 25 24 6 13 14 28 17 11 17 25 24 6 13 14
28 17 25 24 6 13 14 28 17 25 11 17 25 24 6 13 14
28 17 25 24 6 13 14 28 17 25 11 25 24 6 13 14
28 17 25 24 6 13 14 28 17 25 24 11 25 24 6 13 14
28 17 11 17 25 24 6 13 14 28 17 25 24 6 13 14
28 17 25 11 17 25 24 6 13 14 28 17 25 24 6 13 14
28 17 25 11 25 24 6 13 14 28 17 25 24 6 13 14
28 17 25 24 11 25 24 6 13 14 28 17 25 24 6 13 14

18 24 27 17 19 24 15 18 24 27 17 19 24 15
18 24 27 17 19 24 15 18 24 9 24 27 17 19 24 15
18 24 27 17 19 24 15 18 24 27 9 24 27 17 19 24 15
18 24 27 17 19 24 15 18 24 27 9 27 17 19 24 15
18 24 27 17 19 24 15 18 24 27 17 9 27 17 19 24 15
18 24 9 24 27 17 19 24 15 18 24 27 17 19 24 15
18 24 27 9 24 27 17 19 24 15 18 24 27 17 19 24 15
18 24 27 9 27 17 19 24 15 18 24 27 17 19 24 15
18 24 27 17 9 27 17 19 24 15 18 24 27 17 19 24 15

15 11 21 17 25 14 5 15 11 21 17 25 14 5
15 11 21 17 25 14 5 15 11 6 11 21 17 25 14 5
15 11 21 17 25 14 5 15 11 21 6 11 21 17 25 14 5
15 11 21 17 25 14 5 15 11 21 6 21 17 25 14 5
15 11 21 17 25 14 5 15 11 21 17 6 21 17 25 14 5
15 11 6 11 21 17 25 14 5 15 11 21 17 25 14 5
15 11 21 6 11 21 17 25 14 5 15 11 21 17 25 14 5
15 11 21 6 21 17 25 14 5 15 11 21 17 25 14 5
15 11 21 17 6 21 17 25 14 5 15 11 21 17 25 14 5

21 8 14 14 28 22 20 21 8 14 14 28 22 20
21 8 14 14 28 22 20 21 8 8 8 14 14 28 22 20
21 8 14 14 28 22 20 21 8 14 8 8 14 14 28 22 20
21 8 14 14 28 22 20 21 8 14 8 14 14 28 22 20
21 8 14 14 28 22 20 21 8 14 14 8 14 14 28 22 20
21 8 8 8 14 14 28 22 20 21 8 14 14 28 22 20
21 8 14 8 8 14 14 28 22 20 21 8 14 14 28 22 20
21 8 14 8 14 14 28 22 20 21 8 14 14 28 22 20
21 8 14 14 8 14 14 28 22 20 21 8 14 14 28 22 20

27 5 21 19 12 29 28 27 5 21 19 12 29 28
27 5 21 19 12 29 28 27 5 18 5 21 19 12 29 28
27 5 21 19 12 29 28 27 5 21 18 5 21 19 12 29 28
27 5 21 19 12 29 28 27 5 21 18 21 19 12 29 28
27 5 21 19 12 29 28 27 5 21 19 18 21 19 12 29 28
27 5 18 5 21 19 12 29 28 27 5 21 19 12 29 28
27 5 21 18 5 21 19 12 29 28 27 5 21 19 12 29 28
27 5 21 18 21 19 12 29 28 27 5 21 19 12 29 28
27 5 21 19 18 21 19 12 29 28 27 5 21 19 12 29 28

13 19 19 16 29 25 16 13 19 19 16 29 25 16
13 19 19 16 29 25 16 13 19 18 19 19 16 29 25 16
13 19 19 16 29 25 16 13 19 19 18 19 19 16 29 25 16
13 19 19 16 29 25 16 13 19 19 18 19 16 29 25 16
13 19 19 16 29 25 16 13 19 19 16 18 19 16 29 25 16
13 19 18 19 19 16 29 25 16 13 19 19 16 29 25 16
13 19 19 18 19 19 16 29 25 16 13 19 19 16 29 25 16
13 19 19 18 19 16 29 25 16 13 19 19 16 29 25 16
13 19 19 16 18 19 16 29 25 16 13 19 19 16 29 25 16

9 10 11 16 5 26 6 9 10 11 16 5 26 6
9 10 11 16 5 26 6 9 10 14 10 11 16 5 26 6
9 10 11 16 5 26 6 9 10 11 14 10 11 16 5 26 6
9 10 11 16 5 26 6 9 10 11 14 11 16 5 26 6
9 10 11 16 5 26 6 9 10 11 16 14 11 16 5 26 6
9 10 14 10 11 16 5 26 6 9 10 11 16 5 26 6
9 10 11 14 10 11 16 5 26 6 9 10 11 16 5 26 6
9 10 11 14 11 16 5 26 6 9 10 11 16 5 26 6
9 10 11 16 14 11 16 5 26 6 9 10 11 16 5 26 6

17 7 5 26 20 15 11 17 7 5 26 20 15 11
17 7 5 26 20 15 11 17 7 8 7 5 26 20 15 11
17 7 5 26 20 15 11 17 7 5 8 7 5 26 20 15 11
17 7 5 26 20 15 11 17 7 5 8 5 26 20 15 11
17 7 5 26 20 15 11 17 7 5 26 8 5 26 20 15 11
17 7 8 7 5 26 20 15 11 17 7 5 26 20 15 11
17 7 5 8 7 5 26 20 15 11 17 7 5 26 20 15 11
17 7 5 8 5 26 20 15 11 17 7 5 26 20 15 11
17 7 5 26 8 5 26 20 15 11 17 7 5 26 20 15 11

9 13 14 16 15 15 16 9 13 14 16 15 15 16
9 13 14 16 15 15 16 9 13 19 13 14 16 15 15 16
9 13 14 16 15 15 16 9 13 14 19 13 14 16 15 15 16
9 13 14 16 15 15 16 9 13 14 19 14 16 15 15 16
9 13 14 16 15 15 16 9 13 14 16 19 14 16 15 15 16
9 13 19 13 14 16 15 15 16 9 13 14 16 15 15 16
9 13 14 19 13 14 16 15 15 16 9 13 14 16 15 15 16
9 13 14 19 14 16 15 15 16 9 13 14 16 15 15 16
9 13 14 16 19 14 16 15 15 16 9 13 14 16 15 15 16

20 19 19 30 7 25 25 20 19 19 30 7 25 25
20 19 19 30 7 25 25 20 19 10 19 19 30 7 25 25
20 19 19 30 7 25 25 20 19 19 10 19 19 30 7 25 25
20 19 19 30 7 25 25 20 19 19 10 19 30 7 25 25
20 19 19 30 7 25 25 20 19 19 30 10 19 30 7 25 25
20 19 10 19 19 30 7 25 25 20 19 19 30 7 25 25
20 19 19 10 19 19 30 7 25 25 20 19 19 30 7 25 25
20 19 19 10 19 30 7 25 25 20 19 19 30 7 25 25
20 19 19 30 10 19 30 7 25 25 20 19 19 30 7 25 25

27 23 30 12 18 14 20 27 23 30 12 18 14 20
27 23 30 12 18 14 20 27 23 20 23 30 12 18 14 20
27 23 30 12 18 14 20 27 23 30 20 23 30 12 18 14 20
27 23 30 12 18 14 20 27 23 30 20 30 12 18 14 20
27 23 30 12 18 14 20 27 23 30 12 20 30 12 18 14 20
27 23 20 23 30 12 18 14 20 27 23 30 12 18 14 20
27 23 30 20 23 30 12 18 14 20 27 23 30 12 18 14 20
27 23 30 20 30 12 18 14 20 27 23 30 12 18 14 20
27 23 30 12 20 30 12 18 14 20 27 23 30 12 18 14 20

7 22 20 12 29 18 6 7 22 20 12 29 18 6
7 22 20 12 29 18 6 7 22 9 22 20 12 29 18 6
7 22 20 12 29 18 6 7 22 20 9 22 20 12 29 18 6
7 22 20 12 29 18 6 7 22 20 9 20 12 29 18 6
7 22 20 12 29 18 6 7 22 20 12 9 20 12 29 18 6
7 22 9 22 20 12 29 18 6 7 22 20 12 29 18 6
7 22 20 9 22 20 12 29 18 6 7 22 20 12 29 18 6
7 22 20 9 20 12 29 18 6 7 22 20 12 29 18 6
7 22 20 12 9 20 12 29 18 6 7 22 20 12 29 18 6

15 16 30 12 19 26 20 15 16 30 12 19 26 20
15 16 30 12 19 26 20 15 16 18 16 30 12 19 26 20
15 16 30 12 19 26 20 15 16 30 18 16 30 12 19 26 20
15 16 30 12 19 26 20 15 16 30 18 30 12 19 26 20
15 16 30 12 19 26 20 15 16 30 12 18 30 12 19 26 20
15 16 18 16 30 12 19 26 20 15 16 30 12 19 26 20
15 16 30 18 16 30 12 19 26 20 15 16 30 12 19 26 20
15 16 30 18 30 12 19 26 20 15 16 30 12 19 26 20
15 16 30 12 18 30 12 19 26 20 15 16 30 12 19 26 20

9 22 17 23 20 22 23 9 22 17 23 20 22 23
9 22 17 23 20 22 23 9 22 14 22 17 23 20 22 23
9 22 17 23 20 22 23 9 22 17 14 22 17 23 20 22 23
9 22 17 23 20 22 23 9 22 17 14 17 23 20 22 23
9 22 17 23 20 22 23 9 22 17 23 14 17 23 20 22 23
9 22 14 22 17 23 20 22 23 9 22 17 23 20 22 23
9 22 17 14 22 17 23 20 22 23 9 22 17 23 20 22 23
9 22 17 14 17 23 20 22 23 9 22 17 23 20 22 23
9 22 17 23 14 17 23 20 22 23 9 22 17 23 20 22 23

8 13 19 14 6 17 21 8 13 19 14 6 17 21
8 13 19 14 6 17 21 8 13 8 13 19 14 6 17 21
8 13 19 14 6 17 21 8 13 19 8 13 19 14 6 17 21
8 13 19 14 6 17 21 8 13 19 8 19 14 6 17 21
8 13 19 14 6 17 21 8 13 19 14 8 19 14 6 17 21
8 13 8 13 19 14 6 17 21 8 13 19 14 6 17 21
8 13 19 8 13 19 14 6 17 21 8 13 19 14 6 17 21
8 13 19 8 19 14 6 17 21 8 13 19 14 6 17 21
8 13 19 14 8 19 14 6 17 21 8 13 19 14 6 17 21

25 10 11 29 19 7 24 25 10 11 29 19 7 24
25 10 11 29 19 7 24 25 10 7 10 11 29 19 7 24
25 10 11 29 19 7 24 25 10 11 7 10 11 29 19 7 24
25 10 11 29 19 7 24 25 10 11 7 11 29 19 7 24
25 10 11 29 19 7 24 25 10 11 29 7 11 29 19 7 24
25 10 7 10 11 29 19 7 24 25 10 11 29 19 7 24
25 10 11 7 10 11 29 19 7 24 25 10 11 29 19 7 24
25 10 11 7 11 29 19 7 24 25 10 11 29 19 7 24
25 10 11 29 7 11 29 19 7 24 25 10 11 29 19 7 24

25 19 13 13 8 11 11 25 19 13 13 8 11 11
25 19 13 13 8 11 11 25 19 14 19 13 13 8 11 11
25 19 13 13 8 11 11 25 19 13 14 19 13 13 8 11 11
25 19 13 13 8 11 11 25 19 13 14 13 13 8 11 11
25 19 13 13 8 11 11 25 19 13 13 14 13 13 8 11 11
25 19 14 19 13 13 8 11 11 25 19 13 13 8 11 11
25 19 13 14 19 13 13 8 11 11 25 19 13 13 8 11 11
25 19 13 14 13 13 8 11 11 25 19 13 13 8 11 11
25 19 13 13 14 13 13 8 11 11 25 19 13 13 8 11 11

11 10 29 13 18 14 20 11 10 29 13 18 14 20
11 10 29 13 18 14 20 11 10 10 10 29 13 18 14 20
11 10 29 13 18 14 20 11 10 29 10 10 29 13 18 14 20
11 10 29 13 18 14 20 11 10 29 10 29 13 18 14 20
11 10 29 13 18 14 20 11 10 29 13 10 29 13 18 14 20
11 10 10 10 29 13 18 14 20 11 10 29 13 18 14 20
11 10 29 10 10 29 13 18 14 20 11 10 29 13 18 14 20
11 10 29 10 29 13 18 14 20 11 10 29 13 18 14 20
11 10 29 13 10 29 13 18 14 20 11 10 29 13 18 14 20

24 28 13 14 18 10 14 24 28 13 14 18 10 14
24 28 13 14 18 10 14 24 28 11 28 13 14 18 10 14
24 28 13 14 18 10 14 24 28 13 11 28 13 14 18 10 14
24 28 13 14 18 10 14 24 28 13 11 13 14 18 10 14
24 28 13 14 18 10 14 24 28 13 14 11 13 14 18 10 14
24 28 11 28 13 14 18 10 14 24 28 13 14 18 10 14
24 28 13 11 28 13 14 18 10 14 24 28 13 14 18 10 14
24 28 13 11 13 14 18 10 14 24 28 13 14 18 10 14
24 28 13 14 11 13 14 18 10 14 24 28 13 14 18 10 14

24 16 21 11 7 23 17 24 16 21 11 7 23 17
24 16 21 11 7 23 17 24 16 7 16 21 11 7 23 17
24 16 21 11 7 23 17 24 16 21 7 16 21 11 7 23 17
24 16 21 11 7 23 17 24 16 21 7 21 11 7 23 17
24 16 21 11 7 23 17 24 16 21 11 7 21 11 7 23 17
24 16 7 16 21 11 7 23 17 24 16 21 11 7 23 17
24 16 21 7 16 21 11 7 23 17 24 16 21 11 7 23 17
24 16 21 7 21 11 7 23 17 24 16 21 11 7 23 17
24 16 21 11 7 21 11 7 23 17 24 16 21 11 7 23 17

12 20 9 24 6 18 12 12 20 9 24 6 18 12
12 20 9 24 6 18 12 12 20 6 20 9 24 6 18 12
12 20 9 24 6 18 12 12 20 9 6 20 9 24 6 18 12
12 20 9 24 6 18 12 12 20 9 6 9 24 6 18 12
12 20 9 24 6 18 12 12 20 9 24 6 9 24 6 18 12
12 20 6 20 9 24 6 18 12 12 20 9 24 6 18 12
12 20 9 6 20 9 24 6 18 12 12 20 9 24 6 18 12
12 20 9 6 9 24 6 18 12 12 20 9 24 6 18 12
12 20 9 24 6 9 24 6 18 12 12 20 9 24 6 18 12

28 14 17 17 26 17 26 28 14 17 17 26 17 26
28 14 17 17 26 17 26 28 14 6 14 17 17 26 17 26
28 14 17 17 26 17 26 28 14 17 6 14 17 17 26 17 26
28 14 17 17 26 17 26 28 14 17 6 17 17 26 17 26
28 14 17 17 26 17 26 28 14 17 17 6 17 17 26 17 26
28 14 6 14 17 17 26 17 26 28 14 17 17 26 17 26
28 14 17 6 14 17 17 26 17 26 28 14 17 17 26 17 26
28 14 17 6 17 17 26 17 26 28 14 17 17 26 17 26
28 14 17 17 6 17 17 26 17 26 28 14 17 17 26 17 26

15 12 12 27 23 21 27 15 12 12 27 23 21 27
15 12 12 27 23 21 27 15 12 17 12 12 27 23 21 27
15 12 12 27 23 21 27 15 12 12 17 12 12 27 23 21 27
15 12 12 27 23 21 27 15 12 12 17 12 27 23 21 27
15 12 12 27 23 21 27 15 12 12 27 17 12 27 23 21 27
15 12 17 12 12 27 23 21 27 15 12 12 27 23 21 27
15 12 12 17 12 12 27 23 21 27 15 12 12 27 23 21 27
15 12 12 17 12 27 23 21 27 15 12 12 27 23 21 27
15 12 12 27 17 12 27 23 21 27 15 12 12 27 23 21 27

17 6 12 10 11 16 26 17 6 12 10 11 16 26
17 6 12 10 11 16 26 17 6 13 6 12 10 11 16 26
17 6 12 10 11 16 26 17 6 12 13 6 12 10 11 16 26
17 6 12 10 11 16 26 17 6 12 13 12 10 11 16 26
17 6 12 10 11 16 26 17 6 12 10 13 12 10 11 16 26
17 6 13 6 12 10 11 16 26 17 6 12 10 11 16 26
17 6 12 13 6 12 10 11 16 26 17 6 12 10 11 16 26
17 6 12 13 12 10 11 16 26 17 6 12 10 11 16 26
17 6 12 10 13 12 10 11 16 26 17 6 12 10 11 16 26

23 19 9 22 27 16 25 23 19 9 22 27 16 25
23 19 9 22 27 16 25 23 19 13 19 9 22 27 16 25
23 19 9 22 27 16 25 23 19 9 13 19 9 22 27 16 25
23 19 9 22 27 16 25 23 19 9 13 9 22 27 16 25
23 19 9 22 27 16 25 23 19 9 22 13 9 22 27 16 25
23 19 13 19 9 22 27 16 25 23 19 9 22 27 16 25
23 19 9 13 19 9 22 27 16 25 23 19 9 22 27 16 25
23 19 9 13 9 22 27 16 25 23 19 9 22 27 16 25
23 19 9 22 13 9 22 27 16 25 23 19 9 22 27 16 25

14 28 8 20 10 26 25 14 28 8 20 10 26 25
14 28 8 20 10 26 25 14 28 12 28 8 20 10 26 25
14 28 8 20 10 26 25 14 28 8 12 28 8 20 10 26 25
14 28 8 20 10 26 25 14 28 8 12 8 20 10 26 25
14 28 8 20 10 26 25 14 28 8 20 12 8 20 10 26 25
14 28 12 28 8 20 10 26 25 14 28 8 20 10 26 25
14 28 8 12 28 8 20 10 26 25 14 28 8 20 10 26 25
14 28 8 12 8 20 10 26 25 14 28 8 20 10 26 25
14 28 8 20 12 8 20 10 26 25 14 28 8 20 10 26 25

8 19 11 25 28 9 24 8 19 11 25 28 9 24
8 19 11 25 28 9 24 8 19 12 19 11 25 28 9 24
8 19 11 25 28 9 24 8 19 11 12 19 11 25 28 9 24
8 19 11 25 28 9 24 8 19 11 12 11 25 28 9 24
8 19 11 25 28 9 24 8 19 11 25 12 11 25 28 9 24
8 19 12 19 11 25 28 9 24 8 19 11 25 28 9 24
8 19 11 12 19 11 25 28 9 24 8 19 11 25 28 9 24
8 19 11 12 11 25 28 9 24 8 19 11 25 28 9 24
8 19 11 25 12 11 25 28 9 24 8 19 11 25 28 9 24

9 14 14 12 23 27 25 9 14 14 12 23 27 25
9 14 14 12 23 27 25 9 14 17 14 14 12 23 27 25
9 14 14 12 23 27 25 9 14 14 17 14 14 12 23 27 25
9 14 14 12 23 27 25 9 14 14 17 14 12 23 27 25
9 14 14 12 23 27 25 9 14 14 12 17 14 12 23 27 25
9 14 17 14 14 12 23 27 25 9 14 14 12 23 27 25
9 14 14 17 14 14 12 23 27 25 9 14 14 12 23 27 25
9 14 14 17 14 12 23 27 25 9 14 14 12 23 27 25
9 14 14 12 17 14 12 23 27 25 9 14 14 12 23 27 25

13 24 10 16 9 23 6 13 24 10 16 9 23 6
13 24 10 16 9 23 6 13 24 9 24 10 16 9 23 6
13 24 10 16 9 23 6 13 24 10 9 24 10 16 9 23 6
13 24 10 16 9 23 6 13 24 10 9 10 16 9 23 6
13 24 10 16 9 23 6 13 24 10 16 9 10 16 9 23 6
13 24 9 24 10 16 9 23 6 13 24 10 16 9 23 6
13 24 10 9 24 10 16 9 23 6 13 24 10 16 9 23 6
13 24 10 9 10 16 9 23 6 13 24 10 16 9 23 6
13 24 10 16 9 10 16 9 23 6 13 24 10 16 9 23 6

5 7 26 11 13 23 17 5 7 26 11 13 23 17
5 7 26 11 13 23 17 5 7 19 7 26 11 13 23 17
5 7 26 11 13 23 17 5 7 26 19 7 26 11 13 23 17
5 7 26 11 13 23 17 5 7 26 19 26 11 13 23 17
5 7 26 11 13 23 17 5 7 26 11 19 26 11 13 23 17
5 7 19 7 26 11 13 23 17 5 7 26 11 13 23 17
5 7 26 19 7 26 11 13 23 17 5 7 26 11 13 23 17
5 7 26 19 26 11 13 23 17 5 7 26 11 13 23 17
5 7 26 11 19 26 11 13 23 17 5 7 26 11 13 23 17

18 23 11 27 19 23 9 18 23 11 27 19 23 9
18 23 11 27 19 23 9 18 23 19 23 11 27 19 23 9
18 23 11 27 19 23 9 18 23 11 19 23 11 27 19 23 9
18 23 11 27 19 23 9 18 23 11 19 11 27 19 23 9
18 23 11 27 19 23 9 18 23 11 27 19 11 27 19 23 9
18 23 19 23 11 27 19 23 9 18 23 11 27 19 23 9
18 23 11 19 23 11 27 19 23 9 18 23 11 27 19 23 9
18 23 11 19 11 27 19 23 9 18 23 11 27 19 23 9
18 23 11 27 19 11 27 19 23 9 18 23 11 27 19 23 9

19 10 20 17 19 10 27 19 10 20 17 19 10 27
19 10 20 17 19 10 27 19 10 17 10 20 17 19 10 27
19 10 20 17 19 10 27 19 10 20 17 10 20 17 19 10 27
19 10 20 17 19 10 27 19 10 20 17 20 17 19 10 27
19 10 20 17 19 10 27 19 10 20 17 17 20 17 19 10 27
19 10 17 10 20 17 19 10 27 19 10 20 17 19 10 27
19 10 20 17 10 20 17 19 10 27 19 10 20 17 19 10 27
19 10 20 17 20 17 19 10 27 19 10 20 17 19 10 27
19 10 20 17 17 20 17 19 10 27 19 10 20 17 19 10 27

13 21 28 10 16 19 7 13 21 28 10 16 19 7
13 21 28 10 16 19 7 13 21 12 21 28 10 16 19 7
13 21 28 10 16 19 7 13 21 28 12 21 28 10 16 19 7
13 21 28 10 16 19 7 13 21 28 12 28 10 16 19 7
13 21 28 10 16 19 7 13 21 28 10 12 28 10 16 19 7
13 21 12 21 28 10 16 19 7 13 21 28 10 16 19 7
13 21 28 12 21 28 10 16 19 7 13 21 28 10 16 19 7
13 21 28 12 28 10 16 19 7 13 21 28 10 16 19 7
13 21 28 10 12 28 10 16 19 7 13 21 28 10 16 19 7

7 18 30 6 8 22 14 7 18 30 6 8 22 14
7 18 30 6 8 22 14 7 18 11 18 30 6 8 22 14
7 18 30 6 8 22 14 7 18 30 11 18 30 6 8 22 14
7 18 30 6 8 22 14 7 18 30 11 30 6 8 22 14
7 18 30 6 8 22 14 7 18 30 6 11 30 6 8 22 14
7 18 11 18 30 6 8 22 14 7 18 30 6 8 22 14
7 18 30 11 18 30 6 8 22 14 7 18 30 6 8 22 14
7 18 30 11 30 6 8 22 14 7 18 30 6 8 22 14
7 18 30 6 11 30 6 8 22 14 7 18 30 6 8 22 14

23 14 12 21 30 20 22 23 14 12 21 30 20 22
23 14 12 21 30 20 22 23 14 12 14 12 21 30 20 22
23 14 12 21 30 20 22 23 14 12 12 14 12 21 30 20 22
23 14 12 21 30 20 22 23 14 12 12 12 21 30 20 22
23 14 12 21 30 20 22 23 14 12 21 12 12 21 30 20 22
23 14 12 14 12 21 30 20 22 23 14 12 21 30 20 22
23 14 12 12 14 12 21 30 20 22 23 14 12 21 30 20 22
23 14 12 12 12 21 30 20 22 23 14 12 21 30 20 22
23 14 12 21 12 12 21 30 20 22 23 14 12 21 30 20 22

11 25 29 17 16 15 7 11 25 29 17 16 15 7
11 25 29 17 16 15 7 11 25 10 25 29 17 16 15 7
11 25 29 17 16 15 7 11 25 29 10 25 29 17 16 15 7
11 25 29 17 16 15 7 11 25 29 10 29 17 16 15 7
11 25 29 17 16 15 7 11 25 29 17 10 29 17 16 15 7
11 25 10 25 29 17 16 15 7 11 25 29 17 16 15 7
11 25 29 10 25 29 17 16 15 7 11 25 29 17 16 15 7
11 25 29 10 29 17 16 15 7 11 25 29 17 16 15 7
11 25 29 17 10 29 17 16 15 7 11 25 29 17 16 15 7

19 13 30 6 25 16 22 19 13 30 6 25 16 22
19 13 30 6 25 16 22 19 13 20 13 30 6 25 16 22
19 13 30 6 25 16 22 19 13 30 20 13 30 6 25 16 22
19 13 30 6 25 16 22 19 13 30 20 30 6 25 16 22
19 13 30 6 25 16 22 19 13 30 6 20 30 6 25 16 22
19 13 20 13 30 6 25 16 22 19 13 30 6 25 16 22
19 13 30 20 13 30 6 25 16 22 19 13 30 6 25 16 22
19 13 30 20 30 6 25 16 22 19 13 30 6 25 16 22
19 13 30 6 20 30 6 25 16 22 19 13 30 6 25 16 22

24 25 15 30 17 11 12 24 25 15 30 17 11 12
24 25 15 30 17 11 12 24 25 9 25 15 30 17 11 12
24 25 15 30 17 11 12 24 25 15 9 25 15 30 17 11 12
24 25 15 30 17 11 12 24 25 15 9 15 30 17 11 12
24 25 15 30 17 11 12 24 25 15 30 9 15 30 17 11 12
24 25 9 25 15 30 17 11 12 24 25 15 30 17 11 12
24 25 15 9 25 15 30 17 11 12 24 25 15 30 17 11 12
24 25 15 9 15 30 17 11 12 24 25 15 30 17 11 12
24 25 15 30 9 15 30 17 11 12 24 25 15 30 17 11 12

11 15 18 13 15 5 19 11 15 18 13 15 5 19
11 15 18 13 15 5 19 11 15 6 15 18 13 15 5 19
11 15 18 13 15 5 19 11 15 18 6 15 18 13 15 5 19
11 15 18 13 15 5 19 11 15 18 6 18 13 15 5 19
11 15 18 13 15 5 19 11 15 18 13 6 18 13 15 5 19
11 15 6 15 18 13 15 5 19 11 15 18 13 15 5 19
11 15 18 6 15 18 13 15 5 19 11 15 18 13 15 5 19
11 15 18 6 18 13 15 5 19 11 15 18 13 15 5 19
11 15 18 13 6 18 13 15 5 19 11 15 18 13 15 5 19

9 20 29 7 27 13 16 9 20 29 7 27 13 16
9 20 29 7 27 13 16 9 20 10 20 29 7 27 13 16
9 20 29 7 27 13 16 9 20 29 10 20 29 7 27 13 16
9 20 29 7 27 13 16 9 20 29 10 29 7 27 13 16
9 20 29 7 27 13 16 9 20 29 7 10 29 7 27 13 16
9 20 10 20 29 7 27 13 16 9 20 29 7 27 13 16
9 20 29 10 20 29 7 27 13 16 9 20 29 7 27 13 16
9 20 29 10 29 7 27 13 16 9 20 29 7 27 13 16
9 20 29 7 10 29 7 27 13 16 9 20 29 7 27 13 16

7 14 7 18 5 28 5 7 14 7 18 5 28 5
7 14 7 18 5 28 5 7 14 19 14 7 18 5 28 5
7 14 7 18 5 28 5 7 14 7 19 14 7 18 5 28 5
7 14 7 18 5 28 5 7 14 7 19 7 18 5 28 5
7 14 7 18 5 28 5 7 14 7 18 19 7 18 5 28 5
7 14 19 14 7 18 5 28 5 7 14 7 18 5 28 5
7 14 7 19 14 7 18 5 28 5 7 14 7 18 5 28 5
7 14 7 19 7 18 5 28 5 7 14 7 18 5 28 5
7 14 7 18 19 7 18 5 28 5 7 14 7 18 5 28 5

6 19 20 19 14 24 23 6 19 20 19 14 24 23
6 19 20 19 14 24 23 6 19 17 19 20 19 14 24 23
6 19 20 19 14 24 23 6 19 20 17 19 20 19 14 24 23
6 19 20 19 14 24 23 6 19 20 17 20 19 14 24 23
6 19 20 19 14 24 23 6 19 20 19 17 20 19 14 24 23
6 19 17 19 20 19 14 24 23 6 19 20 19 14 24 23
6 19 20 17 19 20 19 14 24 23 6 19 20 19 14 24 23
6 19 20 17 20 19 14 24 23 6 19 20 19 14 24 23
6 19 20 19 17 20 19 14 24 23 6 19 20 19 14 24 23

21 14 29 7 14 10 16 21 14 29 7 14 10 16
21 14 29 7 14 10 16 21 14 8 14 29 7 14 10 16
21 14 29 7 14 10 16 21 14 29 8 14 29 7 14 10 16
21 14 29 7 14 10 16 21 14 29 8 29 7 14 10 16
21 14 29 7 14 10 16 21 14 29 7 8 29 7 14 10 16
21 14 8 14 29 7 14 10 16 21 14 29 7 14 10 16
21 14 29 8 14 29 7 14 10 16 21 14 29 7 14 10 16
21 14 29 8 29 7 14 10 16 21 14 29 7 14 10 16
21 14 29 7 8 29 7 14 10 16 21 14 29 7 14 10 16

15 10 19 5 13 30 27 15 10 19 5 13 30 27
15 10 19 5 13 30 27 15 10 15 10 19 5 13 30 27
15 10 19 5 13 30 27 15 10 19 15 10 19 5 13 30 27
15 10 19 5 13 30 27 15 10 19 15 19 5 13 30 27
15 10 19 5 13 30 27 15 10 19 5 15 19 5 13 30 27
15 10 15 10 19 5 13 30 27 15 10 19 5 13 30 27
15 10 19 15 10 19 5 13 30 27 15 10 19 5 13 30 27
15 10 19 15 19 5 13 30 27 15 10 19 5 13 30 27
15 10 19 5 15 19 5 13 30 27 15 10 19 5 13 30 27

25 19 12 16 26 30 23 25 19 12 16 26 30 23
25 19 12 16 26 30 23 25 19 12 19 12 16 26 30 23
25 19 12 16 26 30 23 25 19 12 12 19 12 16 26 30 23
25 19 12 16 26 30 23 25 19 12 12 12 16 26 30 23
25 19 12 16 26 30 23 25 19 12 16 12 12 16 26 30 23
25 19 12 19 12 16 26 30 23 25 19 12 16 26 30 23
25 19 12 12 19 12 16 26 30 23 25 19 12 16 26 30 23
25 19 12 12 12 16 26 30 23 25 19 12 16 26 30 23
25 19 12 16 12 12 16 26 30 23 25 19 12 16 26 30 23

14 22 28 18 20 15 26 14 22 28 18 20 15 26
14 22 28 18 20 15 26 14 22 6 22 28 18 20 15 26
14 22 28 18 20 15 26 14 22 28 6 22 28 18 20 15 26
14 22 28 18 20 15 26 14 22 28 6 28 18 20 15 26
14 22 28 18 20 15 26 14 22 28 18 6 28 18 20 15 26
14 22 6 22 28 18 20 15 26 14 22 28 18 20 15 26
14 22 28 6 22 28 18 20 15 26 14 22 28 18 20 15 26
14 22 28 6 28 18 20 15 26 14 22 28 18 20 15 26
14 22 28 18 6 28 18 20 15 26 14 22 28 18 20 15 26

15 12 12 9 30 6 9 15 12 12 9 30 6 9
15 12 12 9 30 6 9 15 12 15 12 12 9 30 6 9
15 12 12 9 30 6 9 15 12 12 15 12 12 9 30 6 9
15 12 12 9 30 6 9 15 12 12 15 12 9 30 6 9
15 12 12 9 30 6 9 15 12 12 9 15 12 9 30 6 9
15 12 15 12 12 9 30 6 9 15 12 12 9 30 6 9
15 12 12 15 12 12 9 30 6 9 15 12 12 9 30 6 9
15 12 12 15 12 9 30 6 9 15 12 12 9 30 6 9
15 12 12 9 15 12 9 30 6 9 15 12 12 9 30 6 9

19 25 10 23 23 30 16 19 25 10 23 23 30 16
19 25 10 23 23 30 16 19 25 11 25 10 23 23 30 16
19 25 10 23 23 30 16 19 25 10 11 25 10 23 23 30 16
19 25 10 23 23 30 16 19 25 10 11 10 23 23 30 16
19 25 10 23 23 30 16 19 25 10 23 11 10 23 23 30 16
19 25 11 25 10 23 23 30 16 19 25 10 23 23 30 16
19 25 10 11 25 10 23 23 30 16 19 25 10 23 23 30 16
19 25 10 11 10 23 23 30 16 19 25 10 23 23 30 16
19 25 10 23 11 10 23 23 30 16 19 25 10 23 23 30 16

30 23 11 19 30 15 11 30 23 11 19 30 15 11
30 23 11 19 30 15 11 30 23 18 23 11 19 30 15 11
30 23 11 19 30 15 11 30 23 11 18 23 11 19 30 15 11
30 23 11 19 30 15 11 30 23 11 18 11 19 30 15 11
30 23 11 19 30 15 11 30 23 11 19 18 11 19 30 15 11
30 23 18 23 11 19 30 15 11 30 23 11 19 30 15 11
30 23 11 18 23 11 19 30 15 11 30 23 11 19 30 15 11
30 23 11 18 11 19 30 15 11 30 23 11 19 30 15 11
30 23 11 19 18 11 19 30 15 11 30 23 11 19 30 15 11

21 26 7 26 8 23 11 21 26 7 26 8 23 11
21 26 7 26 8 23 11 21 26 15 26 7 26 8 23 11
21 26 7 26 8 23 11 21 26 7 15 26 7 26 8 23 11
21 26 7 26 8 23 11 21 26 7 15 7 26 8 23 11
21 26 7 26 8 23 11 21 26 7 26 15 7 26 8 23 11
21 26 15 26 7 26 8 23 11 21 26 7 26 8 23 11
21 26 7 15 26 7 26 8 23 11 21 26 7 26 8 23 11
21 26 7 15 7 26 8 23 11 21 26 7 26 8 23 11
21 26 7 26 15 7 26 8 23 11 21 26 7 26 8 23 11

18 24 14 25 15 25 28 18 24 14 25 15 25 28
18 24 14 25 15 25 28 18 24 11 24 14 25 15 25 28
18 24 14 25 15 25 28 18 24 14 11 24 14 25 15 25 28
18 24 14 25 15 25 28 18 24 14 11 14 25 15 25 28
18 24 14 25 15 25 28 18 24 14 25 11 14 25 15 25 28
18 24 11 24 14 25 15 25 28 18 24 14 25 15 25 28
18 24 14 11 24 14 25 15 25 28 18 24 14 25 15 25 28
18 24 14 11 14 25 15 25 28 18 24 14 25 15 25 28
18 24 14 25 11 14 25 15 25 28 18 24 14 25 15 25 28

30 30 20 30 27 24 7 30 30 20 30 27 24 7
30 30 20 30 27 24 7 30 30 6 30 20 30 27 24 7
30 30 20 30 27 24 7 30 30 20 6 30 20 30 27 24 7
30 30 20 30 27 24 7 30 30 20 6 20 30 27 24 7
30 30 20 30 27 24 7 30 30 20 30 6 20 30 27 24 7
30 30 6 30 20 30 27 24 7 30 30 20 30 27 24 7
30 30 20 6 30 20 30 27 24 7 30 30 20 30 27 24 7
30 30 20 6 20 30 27 24 7 30 30 20 30 27 24 7
30 30 20 30 6 20 30 27 24 7 30 30 20 30 27 24 7

26 26 30 23 18 8 20 26 26 30 23 18 8 20
26 26 30 23 18 8 20 26 26 7 26 30 23 18 8 20
26 26 30 23 18 8 20 26 26 30 7 26 30 23 18 8 20
26 26 30 23 18 8 20 26 26 30 7 30 23 18 8 20
26 26 30 23 18 8 20 26 26 30 23 7 30 23 18 8 20
26 26 7 26 30 23 18 8 20 26 26 30 23 18 8 20
26 26 30 7 26 30 23 18 8 20 26 26 30 23 18 8 20
26 26 30 7 30 23 18 8 20 26 26 30 23 18 8 20
26 26 30 23 7 30 23 18 8 20 26 26 30 23 18 8 20

29 8 19 9 26 24 28 29 8 19 9 26 24 28
29 8 19 9 26 24 28 29 8 15 8 19 9 26 24 28
29 8 19 9 26 24 28 29 8 19 15 8 19 9 26 24 28
29 8 19 9 26 24 28 29 8 19 15 19 9 26 24 28
29 8 19 9 26 24 28 29 8 19 9 15 19 9 26 24 28
29 8 15 8 19 9 26 24 28 29 8 19 9 26 24 28
29 8 19 15 8 19 9 26 24 28 29 8 19 9 26 24 28
29 8 19 15 19 9 26 24 28 29 8 19 9 26 24 28
29 8 19 9 15 19 9 26 24 28 29 8 19 9 26 24 28

