200
7
4
2

1
26
12
27
5
14
18
29
22
12
2
17
12
14
0
18
6
18
10
14
25
23
28
7
9
29
7
20
8
10
18
23
23
2
22
5
12
3
0
22
7
2
15
25
6
26
16
17
24
25
7
28
20
9
23
20
21
8
27
4
17
16
27
19
1
14
26
0
19
21
0
8
27
12
8
28
29
6
24
20
15
8
7
6
24
17
24
11
21
11
6
28
16
11
27
28
21
24
15
30
30
0
29
16
7
6
17
11
12
6
2
9
8
5
5
14
15
25
17
16
0
27
6
21
12
3
13
23
23
11
9
15
5
23
29
16
14
9
3
28
11
9
10
13
13
28
16
13
4
9
26
10
9
21
16
18
30
5
13
3
28
6
7
0
12
15
17
24
21
0
30
22
8
26
1
17
13
8
18
4
10
17
28
16
8
14
30
30
19
25
27
20
16
28
24
2
4
13
13
13

15 39 
20 47 
18 22 
31 43 
28 33 
27 36 
15 26 
25 22 
45 27 
21 34 
41 30 
16 18 
38 31 
30 41 
15 38 
36 29 
30 39 
25 34 
28 36 
36 26 
48 26 
40 33 
39 34 
33 42 
37 31 
36 20 
28 24 
39 26 
24 38 
34 43 
26 26 
47 36 
12 21 
15 32 
16 49 
29 41 
28 37 
29 21 
14 29 
30 33 
19 26 
35 25 
21 39 
36 35 
28 17 
24 30 
26 30 
42 41 
43 26 
29 43 
26 15 
28 48 
35 33 
36 17 
16 17 
19 39 
40 20 
31 18 
29 39 
27 17 
33 39 
25 12 
20 43 
42 14 
42 30 
46 16 
17 25 
33 19 
34 29 
36 26 
45 34 
21 33 
32 18 
39 20 
19 40 
45 22 
26 33 
24 40 
11 31 
28 33 
20 40 
31 24 
25 20 
18 33 
27 20 
36 37 
43 34 
44 27 
19 46 
37 25 
34 29 
19 30 
39 46 
27 38 
10 33 
27 21 
28 22 
26 46 
38 25 
31 26 
35 38 
45 40 
20 28 
31 24 
38 41 
31 42 
29 49 
15 40 
35 28 
23 21 
48 39 
35 17 
26 35 
36 27 
36 42 
17 33 
43 23 
20 21 
35 19 
32 21 
21 40 
16 37 
28 13 
39 23 
31 34 
30 17 
36 42 
32 36 
35 25 
35 25 
12 22 
22 25 
10 31 
41 33 
26 46 
29 34 
29 28 
28 30 
30 29 
31 40 
25 39 
31 17 
32 25 
33 22 
40 18 
27 33 
33 28 
46 24 
33 29 
12 33 
15 37 
31 18 
32 29 
25 33 
13 40 
20 34 
24 26 
35 22 
26 27 
33 13 
29 33 
37 22 
42 29 
12 29 
43 19 
29 31 
17 34 
31 35 
45 34 
28 15 
15 22 
22 32 
22 30 
37 35 
24 17 
20 26 
42 33 
28 30 
29 24 
28 26 
38 20 
16 27 
25 19 
20 46 
30 25 
28 31 
31 36 
41 12 
30 20 
16 30 
38 26 
22 41 
15 12 
11 28 
43 33 
35 37 
24 16 
22 24 
33 20 
37 40 

310
346
250
388
322
355
261
290
242
282
277
328
334
233
297
274
315
249
367
286
309
289
356
394
349
256
230
357
328
355
271
365
247
284
266
292
354
186
293
297
271
307
312
336
206
362
285
369
386
296
275
343
334
253
260
288
385
351
367
260
377
193
295
303
351
287
246
289
311
330
248
320
317
264
272
329
331
283
302
322
314
283
229
229
243
351
387
242
330
306
291
266
344
265
370
272
223
405
386
433
428
281
304
283
346
432
329
261
273
337
369
287
306
399
353
361
265
306
347
218
264
245
233
366
361
286
329
345
315
304
222
337
200
267
398
300
357
360
325
372
266
308
311
236
316
333
366
282
359
204
238
260
314
415
243
289
317
315
226
251
396
293
363
176
245
260
397
294
426
291
340
301
337
373
291
281
319
293
252
328
365
179
257
339
213
306
298
330
239
279
314
330
251
348
405
327
295
232
347
320

1 2 3 4 5 1 2 3 4 5 6 7
1 2 3 4 5 1 2 100 102 3 4 5 6 7
1 2 3 4 5 1 2 3 100 102 103 4 5 6 7
1 2 3 4 5 1 2 3 100 103 4 5 6 7
1 2 3 4 5 1 2 3 4 100 103 104 5 6 7
1 2 100 102 3 4 5 1 2 3 4 5 6 7
1 2 3 100 102 103 4 5 1 2 3 4 5 6 7
1 2 3 100 103 4 5 1 2 3 4 5 6 7
1 2 3 4 100 103 104 5 1 2 3 4 5 6 7

23 12 9 19 23 24 20 23 12 9 19 23 24 20
23 12 9 19 23 24 20 23 12 17 12 9 19 23 24 20
23 12 9 19 23 24 20 23 12 9 17 12 9 19 23 24 20
23 12 9 19 23 24 20 23 12 9 17 9 19 23 24 20
23 12 9 19 23 24 20 23 12 9 19 17 9 19 23 24 20
23 12 17 12 9 19 23 24 20 23 12 9 19 23 24 20
23 12 9 17 12 9 19 23 24 20 23 12 9 19 23 24 20
23 12 9 17 9 19 23 24 20 23 12 9 19 23 24 20
23 12 9 19 17 9 19 23 24 20 23 12 9 19 23 24 20

25 23 10 30 8 25 9 25 23 10 30 8 25 9
25 23 10 30 8 25 9 25 23 8 23 10 30 8 25 9
25 23 10 30 8 25 9 25 23 10 8 23 10 30 8 25 9
25 23 10 30 8 25 9 25 23 10 8 10 30 8 25 9
25 23 10 30 8 25 9 25 23 10 30 8 10 30 8 25 9
25 23 8 23 10 30 8 25 9 25 23 10 30 8 25 9
25 23 10 8 23 10 30 8 25 9 25 23 10 30 8 25 9
25 23 10 8 10 30 8 25 9 25 23 10 30 8 25 9
25 23 10 30 8 10 30 8 25 9 25 23 10 30 8 25 9

10 16 12 7 17 23 24 10 16 12 7 17 23 24
10 16 12 7 17 23 24 10 16 16 16 12 7 17 23 24
10 16 12 7 17 23 24 10 16 12 16 16 12 7 17 23 24
10 16 12 7 17 23 24 10 16 12 16 12 7 17 23 24
10 16 12 7 17 23 24 10 16 12 7 16 12 7 17 23 24
10 16 16 16 12 7 17 23 24 10 16 12 7 17 23 24
10 16 12 16 16 12 7 17 23 24 10 16 12 7 17 23 24
10 16 12 16 12 7 17 23 24 10 16 12 7 17 23 24
10 16 12 7 16 12 7 17 23 24 10 16 12 7 17 23 24

30 18 23 29 11 11 29 30 18 23 29 11 11 29
30 18 23 29 11 11 29 30 18 11 18 23 29 11 11 29
30 18 23 29 11 11 29 30 18 23 11 18 23 29 11 11 29
30 18 23 29 11 11 29 30 18 23 11 23 29 11 11 29
30 18 23 29 11 11 29 30 18 23 29 11 23 29 11 11 29
30 18 11 18 23 29 11 11 29 30 18 23 29 11 11 29
30 18 23 11 18 23 29 11 11 29 30 18 23 29 11 11 29
30 18 23 11 23 29 11 11 29 30 18 23 29 11 11 29
30 18 23 29 11 23 29 11 11 29 30 18 23 29 11 11 29

28 9 19 21 24 5 20 28 9 19 21 24 5 20
28 9 19 21 24 5 20 28 9 11 9 19 21 24 5 20
28 9 19 21 24 5 20 28 9 19 11 9 19 21 24 5 20
28 9 19 21 24 5 20 28 9 19 11 19 21 24 5 20
28 9 19 21 24 5 20 28 9 19 21 11 19 21 24 5 20
28 9 11 9 19 21 24 5 20 28 9 19 21 24 5 20
28 9 19 11 9 19 21 24 5 20 28 9 19 21 24 5 20
28 9 19 11 19 21 24 5 20 28 9 19 21 24 5 20
28 9 19 21 11 19 21 24 5 20 28 9 19 21 24 5 20

23 29 13 23 17 9 16 23 29 13 23 17 9 16
23 29 13 23 17 9 16 23 29 18 29 13 23 17 9 16
23 29 13 23 17 9 16 23 29 13 18 29 13 23 17 9 16
23 29 13 23 17 9 16 23 29 13 18 13 23 17 9 16
23 29 13 23 17 9 16 23 29 13 23 18 13 23 17 9 16
23 29 18 29 13 23 17 9 16 23 29 13 23 17 9 16
23 29 13 18 29 13 23 17 9 16 23 29 13 23 17 9 16
23 29 13 18 13 23 17 9 16 23 29 13 23 17 9 16
23 29 13 23 18 13 23 17 9 16 23 29 13 23 17 9 16

22 15 8 12 8 25 22 22 15 8 12 8 25 22
22 15 8 12 8 25 22 22 15 19 15 8 12 8 25 22
22 15 8 12 8 25 22 22 15 8 19 15 8 12 8 25 22
22 15 8 12 8 25 22 22 15 8 19 8 12 8 25 22
22 15 8 12 8 25 22 22 15 8 12 19 8 12 8 25 22
22 15 19 15 8 12 8 25 22 22 15 8 12 8 25 22
22 15 8 19 15 8 12 8 25 22 22 15 8 12 8 25 22
22 15 8 19 8 12 8 25 22 22 15 8 12 8 25 22
22 15 8 12 19 8 12 8 25 22 22 15 8 12 8 25 22

26 16 16 8 18 10 14 26 16 16 8 18 10 14
26 16 16 8 18 10 14 26 16 13 16 16 8 18 10 14
26 16 16 8 18 10 14 26 16 16 13 16 16 8 18 10 14
26 16 16 8 18 10 14 26 16 16 13 16 8 18 10 14
26 16 16 8 18 10 14 26 16 16 8 13 16 8 18 10 14
26 16 13 16 16 8 18 10 14 26 16 16 8 18 10 14
26 16 16 13 16 16 8 18 10 14 26 16 16 8 18 10 14
26 16 16 13 16 8 18 10 14 26 16 16 8 18 10 14
26 16 16 8 13 16 8 18 10 14 26 16 16 8 18 10 14

14 5 28 11 5 12 19 14 5 28 11 5 12 19
14 5 28 11 5 12 19 14 5 12 5 28 11 5 12 19
14 5 28 11 5 12 19 14 5 28 12 5 28 11 5 12 19
14 5 28 11 5 12 19 14 5 28 12 28 11 5 12 19
14 5 28 11 5 12 19 14 5 28 11 12 28 11 5 12 19
14 5 12 5 28 11 5 12 19 14 5 28 11 5 12 19
14 5 28 12 5 28 11 5 12 19 14 5 28 11 5 12 19
14 5 28 12 28 11 5 12 19 14 5 28 11 5 12 19
14 5 28 11 12 28 11 5 12 19 14 5 28 11 5 12 19

7 29 7 18 17 22 13 7 29 7 18 17 22 13
7 29 7 18 17 22 13 7 29 15 29 7 18 17 22 13
7 29 7 18 17 22 13 7 29 7 15 29 7 18 17 22 13
7 29 7 18 17 22 13 7 29 7 15 7 18 17 22 13
7 29 7 18 17 22 13 7 29 7 18 15 7 18 17 22 13
7 29 15 29 7 18 17 22 13 7 29 7 18 17 22 13
7 29 7 15 29 7 18 17 22 13 7 29 7 18 17 22 13
7 29 7 15 7 18 17 22 13 7 29 7 18 17 22 13
7 29 7 18 15 7 18 17 22 13 7 29 7 18 17 22 13

7 17 29 11 18 26 6 7 17 29 11 18 26 6
7 17 29 11 18 26 6 7 17 19 17 29 11 18 26 6
7 17 29 11 18 26 6 7 17 29 19 17 29 11 18 26 6
7 17 29 11 18 26 6 7 17 29 19 29 11 18 26 6
7 17 29 11 18 26 6 7 17 29 11 19 29 11 18 26 6
7 17 19 17 29 11 18 26 6 7 17 29 11 18 26 6
7 17 29 19 17 29 11 18 26 6 7 17 29 11 18 26 6
7 17 29 19 29 11 18 26 6 7 17 29 11 18 26 6
7 17 29 11 19 29 11 18 26 6 7 17 29 11 18 26 6

28 10 10 8 29 21 25 28 10 10 8 29 21 25
28 10 10 8 29 21 25 28 10 8 10 10 8 29 21 25
28 10 10 8 29 21 25 28 10 10 8 10 10 8 29 21 25
28 10 10 8 29 21 25 28 10 10 8 10 8 29 21 25
28 10 10 8 29 21 25 28 10 10 8 8 10 8 29 21 25
28 10 8 10 10 8 29 21 25 28 10 10 8 29 21 25
28 10 10 8 10 10 8 29 21 25 28 10 10 8 29 21 25
28 10 10 8 10 8 29 21 25 28 10 10 8 29 21 25
28 10 10 8 8 10 8 29 21 25 28 10 10 8 29 21 25

25 17 20 26 10 13 28 25 17 20 26 10 13 28
25 17 20 26 10 13 28 25 17 10 17 20 26 10 13 28
25 17 20 26 10 13 28 25 17 20 10 17 20 26 10 13 28
25 17 20 26 10 13 28 25 17 20 10 20 26 10 13 28
25 17 20 26 10 13 28 25 17 20 26 10 20 26 10 13 28
25 17 10 17 20 26 10 13 28 25 17 20 26 10 13 28
25 17 20 10 17 20 26 10 13 28 25 17 20 26 10 13 28
25 17 20 10 20 26 10 13 28 25 17 20 26 10 13 28
25 17 20 26 10 20 26 10 13 28 25 17 20 26 10 13 28

6 8 11 30 8 9 15 6 8 11 30 8 9 15
6 8 11 30 8 9 15 6 8 10 8 11 30 8 9 15
6 8 11 30 8 9 15 6 8 11 10 8 11 30 8 9 15
6 8 11 30 8 9 15 6 8 11 10 11 30 8 9 15
6 8 11 30 8 9 15 6 8 11 30 10 11 30 8 9 15
6 8 10 8 11 30 8 9 15 6 8 11 30 8 9 15
6 8 11 10 8 11 30 8 9 15 6 8 11 30 8 9 15
6 8 11 10 11 30 8 9 15 6 8 11 30 8 9 15
6 8 11 30 10 11 30 8 9 15 6 8 11 30 8 9 15

8 13 8 25 26 23 23 8 13 8 25 26 23 23
8 13 8 25 26 23 23 8 13 5 13 8 25 26 23 23
8 13 8 25 26 23 23 8 13 8 5 13 8 25 26 23 23
8 13 8 25 26 23 23 8 13 8 5 8 25 26 23 23
8 13 8 25 26 23 23 8 13 8 25 5 8 25 26 23 23
8 13 5 13 8 25 26 23 23 8 13 8 25 26 23 23
8 13 8 5 13 8 25 26 23 23 8 13 8 25 26 23 23
8 13 8 5 8 25 26 23 23 8 13 8 25 26 23 23
8 13 8 25 5 8 25 26 23 23 8 13 8 25 26 23 23

15 7 26 11 17 9 23 15 7 26 11 17 9 23
15 7 26 11 17 9 23 15 7 17 7 26 11 17 9 23
15 7 26 11 17 9 23 15 7 26 17 7 26 11 17 9 23
15 7 26 11 17 9 23 15 7 26 17 26 11 17 9 23
15 7 26 11 17 9 23 15 7 26 11 17 26 11 17 9 23
15 7 17 7 26 11 17 9 23 15 7 26 11 17 9 23
15 7 26 17 7 26 11 17 9 23 15 7 26 11 17 9 23
15 7 26 17 26 11 17 9 23 15 7 26 11 17 9 23
15 7 26 11 17 26 11 17 9 23 15 7 26 11 17 9 23

10 28 15 20 27 19 10 10 28 15 20 27 19 10
10 28 15 20 27 19 10 10 28 20 28 15 20 27 19 10
10 28 15 20 27 19 10 10 28 15 20 28 15 20 27 19 10
10 28 15 20 27 19 10 10 28 15 20 15 20 27 19 10
10 28 15 20 27 19 10 10 28 15 20 20 15 20 27 19 10
10 28 20 28 15 20 27 19 10 10 28 15 20 27 19 10
10 28 15 20 28 15 20 27 19 10 10 28 15 20 27 19 10
10 28 15 20 15 20 27 19 10 10 28 15 20 27 19 10
10 28 15 20 20 15 20 27 19 10 10 28 15 20 27 19 10

8 18 7 26 6 6 24 8 18 7 26 6 6 24
8 18 7 26 6 6 24 8 18 10 18 7 26 6 6 24
8 18 7 26 6 6 24 8 18 7 10 18 7 26 6 6 24
8 18 7 26 6 6 24 8 18 7 10 7 26 6 6 24
8 18 7 26 6 6 24 8 18 7 26 10 7 26 6 6 24
8 18 10 18 7 26 6 6 24 8 18 7 26 6 6 24
8 18 7 10 18 7 26 6 6 24 8 18 7 26 6 6 24
8 18 7 10 7 26 6 6 24 8 18 7 26 6 6 24
8 18 7 26 10 7 26 6 6 24 8 18 7 26 6 6 24

26 26 15 17 23 5 26 26 26 15 17 23 5 26
26 26 15 17 23 5 26 26 26 5 26 15 17 23 5 26
26 26 15 17 23 5 26 26 26 15 5 26 15 17 23 5 26
26 26 15 17 23 5 26 26 26 15 5 15 17 23 5 26
26 26 15 17 23 5 26 26 26 15 17 5 15 17 23 5 26
26 26 5 26 15 17 23 5 26 26 26 15 17 23 5 26
26 26 15 5 26 15 17 23 5 26 26 26 15 17 23 5 26
26 26 15 5 15 17 23 5 26 26 26 15 17 23 5 26
26 26 15 17 5 15 17 23 5 26 26 26 15 17 23 5 26

27 9 25 11 10 6 28 27 9 25 11 10 6 28
27 9 25 11 10 6 28 27 9 18 9 25 11 10 6 28
27 9 25 11 10 6 28 27 9 25 18 9 25 11 10 6 28
27 9 25 11 10 6 28 27 9 25 18 25 11 10 6 28
27 9 25 11 10 6 28 27 9 25 11 18 25 11 10 6 28
27 9 18 9 25 11 10 6 28 27 9 25 11 10 6 28
27 9 25 18 9 25 11 10 6 28 27 9 25 11 10 6 28
27 9 25 18 25 11 10 6 28 27 9 25 11 10 6 28
27 9 25 11 18 25 11 10 6 28 27 9 25 11 10 6 28

6 20 30 18 18 10 13 6 20 30 18 18 10 13
6 20 30 18 18 10 13 6 20 8 20 30 18 18 10 13
6 20 30 18 18 10 13 6 20 30 8 20 30 18 18 10 13
6 20 30 18 18 10 13 6 20 30 8 30 18 18 10 13
6 20 30 18 18 10 13 6 20 30 18 8 30 18 18 10 13
6 20 8 20 30 18 18 10 13 6 20 30 18 18 10 13
6 20 30 8 20 30 18 18 10 13 6 20 30 18 18 10 13
6 20 30 8 30 18 18 10 13 6 20 30 18 18 10 13
6 20 30 18 8 30 18 18 10 13 6 20 30 18 18 10 13

24 6 26 14 5 25 21 24 6 26 14 5 25 21
24 6 26 14 5 25 21 24 6 5 6 26 14 5 25 21
24 6 26 14 5 25 21 24 6 26 5 6 26 14 5 25 21
24 6 26 14 5 25 21 24 6 26 5 26 14 5 25 21
24 6 26 14 5 25 21 24 6 26 14 5 26 14 5 25 21
24 6 5 6 26 14 5 25 21 24 6 26 14 5 25 21
24 6 26 5 6 26 14 5 25 21 24 6 26 14 5 25 21
24 6 26 5 26 14 5 25 21 24 6 26 14 5 25 21
24 6 26 14 5 26 14 5 25 21 24 6 26 14 5 25 21

27 10 30 21 18 10 19 27 10 30 21 18 10 19
27 10 30 21 18 10 19 27 10 5 10 30 21 18 10 19
27 10 30 21 18 10 19 27 10 30 5 10 30 21 18 10 19
27 10 30 21 18 10 19 27 10 30 5 30 21 18 10 19
27 10 30 21 18 10 19 27 10 30 21 5 30 21 18 10 19
27 10 5 10 30 21 18 10 19 27 10 30 21 18 10 19
27 10 30 5 10 30 21 18 10 19 27 10 30 21 18 10 19
27 10 30 5 30 21 18 10 19 27 10 30 21 18 10 19
27 10 30 21 5 30 21 18 10 19 27 10 30 21 18 10 19

23 22 23 28 29 18 18 23 22 23 28 29 18 18
23 22 23 28 29 18 18 23 22 19 22 23 28 29 18 18
23 22 23 28 29 18 18 23 22 23 19 22 23 28 29 18 18
23 22 23 28 29 18 18 23 22 23 19 23 28 29 18 18
23 22 23 28 29 18 18 23 22 23 28 19 23 28 29 18 18
23 22 19 22 23 28 29 18 18 23 22 23 28 29 18 18
23 22 23 19 22 23 28 29 18 18 23 22 23 28 29 18 18
23 22 23 19 23 28 29 18 18 23 22 23 28 29 18 18
23 22 23 28 19 23 28 29 18 18 23 22 23 28 29 18 18

20 20 28 17 16 16 22 20 20 28 17 16 16 22
20 20 28 17 16 16 22 20 20 20 20 28 17 16 16 22
20 20 28 17 16 16 22 20 20 28 20 20 28 17 16 16 22
20 20 28 17 16 16 22 20 20 28 20 28 17 16 16 22
20 20 28 17 16 16 22 20 20 28 17 20 28 17 16 16 22
20 20 20 20 28 17 16 16 22 20 20 28 17 16 16 22
20 20 28 20 20 28 17 16 16 22 20 20 28 17 16 16 22
20 20 28 20 28 17 16 16 22 20 20 28 17 16 16 22
20 20 28 17 20 28 17 16 16 22 20 20 28 17 16 16 22

7 19 16 11 6 24 16 7 19 16 11 6 24 16
7 19 16 11 6 24 16 7 19 7 19 16 11 6 24 16
7 19 16 11 6 24 16 7 19 16 7 19 16 11 6 24 16
7 19 16 11 6 24 16 7 19 16 7 16 11 6 24 16
7 19 16 11 6 24 16 7 19 16 11 7 16 11 6 24 16
7 19 7 19 16 11 6 24 16 7 19 16 11 6 24 16
7 19 16 7 19 16 11 6 24 16 7 19 16 11 6 24 16
7 19 16 7 16 11 6 24 16 7 19 16 11 6 24 16
7 19 16 11 7 16 11 6 24 16 7 19 16 11 6 24 16

19 7 10 14 6 13 28 19 7 10 14 6 13 28
19 7 10 14 6 13 28 19 7 16 7 10 14 6 13 28
19 7 10 14 6 13 28 19 7 10 16 7 10 14 6 13 28
19 7 10 14 6 13 28 19 7 10 16 10 14 6 13 28
19 7 10 14 6 13 28 19 7 10 14 16 10 14 6 13 28
19 7 16 7 10 14 6 13 28 19 7 10 14 6 13 28
19 7 10 16 7 10 14 6 13 28 19 7 10 14 6 13 28
19 7 10 16 10 14 6 13 28 19 7 10 14 6 13 28
19 7 10 14 16 10 14 6 13 28 19 7 10 14 6 13 28

30 14 22 10 25 30 17 30 14 22 10 25 30 17
30 14 22 10 25 30 17 30 14 13 14 22 10 25 30 17
30 14 22 10 25 30 17 30 14 22 13 14 22 10 25 30 17
30 14 22 10 25 30 17 30 14 22 13 22 10 25 30 17
30 14 22 10 25 30 17 30 14 22 10 13 22 10 25 30 17
30 14 13 14 22 10 25 30 17 30 14 22 10 25 30 17
30 14 22 13 14 22 10 25 30 17 30 14 22 10 25 30 17
30 14 22 13 22 10 25 30 17 30 14 22 10 25 30 17
30 14 22 10 13 22 10 25 30 17 30 14 22 10 25 30 17

14 29 19 20 6 29 23 14 29 19 20 6 29 23
14 29 19 20 6 29 23 14 29 8 29 19 20 6 29 23
14 29 19 20 6 29 23 14 29 19 8 29 19 20 6 29 23
14 29 19 20 6 29 23 14 29 19 8 19 20 6 29 23
14 29 19 20 6 29 23 14 29 19 20 8 19 20 6 29 23
14 29 8 29 19 20 6 29 23 14 29 19 20 6 29 23
14 29 19 8 29 19 20 6 29 23 14 29 19 20 6 29 23
14 29 19 8 19 20 6 29 23 14 29 19 20 6 29 23
14 29 19 20 8 19 20 6 29 23 14 29 19 20 6 29 23

21 23 28 24 7 17 21 21 23 28 24 7 17 21
21 23 28 24 7 17 21 21 23 19 23 28 24 7 17 21
21 23 28 24 7 17 21 21 23 28 19 23 28 24 7 17 21
21 23 28 24 7 17 21 21 23 28 19 28 24 7 17 21
21 23 28 24 7 17 21 21 23 28 24 19 28 24 7 17 21
21 23 19 23 28 24 7 17 21 21 23 28 24 7 17 21
21 23 28 19 23 28 24 7 17 21 21 23 28 24 7 17 21
21 23 28 19 28 24 7 17 21 21 23 28 24 7 17 21
21 23 28 24 19 28 24 7 17 21 21 23 28 24 7 17 21

17 13 18 14 9 25 13 17 13 18 14 9 25 13
17 13 18 14 9 25 13 17 13 6 13 18 14 9 25 13
17 13 18 14 9 25 13 17 13 18 6 13 18 14 9 25 13
17 13 18 14 9 25 13 17 13 18 6 18 14 9 25 13
17 13 18 14 9 25 13 17 13 18 14 6 18 14 9 25 13
17 13 6 13 18 14 9 25 13 17 13 18 14 9 25 13
17 13 18 6 13 18 14 9 25 13 17 13 18 14 9 25 13
17 13 18 6 18 14 9 25 13 17 13 18 14 9 25 13
17 13 18 14 6 18 14 9 25 13 17 13 18 14 9 25 13

14 9 30 27 22 19 22 14 9 30 27 22 19 22
14 9 30 27 22 19 22 14 9 6 9 30 27 22 19 22
14 9 30 27 22 19 22 14 9 30 6 9 30 27 22 19 22
14 9 30 27 22 19 22 14 9 30 6 30 27 22 19 22
14 9 30 27 22 19 22 14 9 30 27 6 30 27 22 19 22
14 9 6 9 30 27 22 19 22 14 9 30 27 22 19 22
14 9 30 6 9 30 27 22 19 22 14 9 30 27 22 19 22
14 9 30 6 30 27 22 19 22 14 9 30 27 22 19 22
14 9 30 27 6 30 27 22 19 22 14 9 30 27 22 19 22

14 26 5 12 7 20 14 14 26 5 12 7 20 14
14 26 5 12 7 20 14 14 26 5 26 5 12 7 20 14
14 26 5 12 7 20 14 14 26 5 5 26 5 12 7 20 14
14 26 5 12 7 20 14 14 26 5 5 5 12 7 20 14
14 26 5 12 7 20 14 14 26 5 12 5 5 12 7 20 14
14 26 5 26 5 12 7 20 14 14 26 5 12 7 20 14
14 26 5 5 26 5 12 7 20 14 14 26 5 12 7 20 14
14 26 5 5 5 12 7 20 14 14 26 5 12 7 20 14
14 26 5 12 5 5 12 7 20 14 14 26 5 12 7 20 14

26 12 7 18 15 27 24 26 12 7 18 15 27 24
26 12 7 18 15 27 24 26 12 7 12 7 18 15 27 24
26 12 7 18 15 27 24 26 12 7 7 12 7 18 15 27 24
26 12 7 18 15 27 24 26 12 7 7 7 18 15 27 24
26 12 7 18 15 27 24 26 12 7 18 7 7 18 15 27 24
26 12 7 12 7 18 15 27 24 26 12 7 18 15 27 24
26 12 7 7 12 7 18 15 27 24 26 12 7 18 15 27 24
26 12 7 7 7 18 15 27 24 26 12 7 18 15 27 24
26 12 7 18 7 7 18 15 27 24 26 12 7 18 15 27 24

13 17 11 29 5 6 26 13 17 11 29 5 6 26
13 17 11 29 5 6 26 13 17 6 17 11 29 5 6 26
13 17 11 29 5 6 26 13 17 11 6 17 11 29 5 6 26
13 17 11 29 5 6 26 13 17 11 6 11 29 5 6 26
13 17 11 29 5 6 26 13 17 11 29 6 11 29 5 6 26
13 17 6 17 11 29 5 6 26 13 17 11 29 5 6 26
13 17 11 6 17 11 29 5 6 26 13 17 11 29 5 6 26
13 17 11 6 11 29 5 6 26 13 17 11 29 5 6 26
13 17 11 29 6 11 29 5 6 26 13 17 11 29 5 6 26

11 15 23 27 14 11 7 11 15 23 27 14 11 7
11 15 23 27 14 11 7 11 15 5 15 23 27 14 11 7
11 15 23 27 14 11 7 11 15 23 5 15 23 27 14 11 7
11 15 23 27 14 11 7 11 15 23 5 23 27 14 11 7
11 15 23 27 14 11 7 11 15 23 27 5 23 27 14 11 7
11 15 5 15 23 27 14 11 7 11 15 23 27 14 11 7
11 15 23 5 15 23 27 14 11 7 11 15 23 27 14 11 7
11 15 23 5 23 27 14 11 7 11 15 23 27 14 11 7
11 15 23 27 5 23 27 14 11 7 11 15 23 27 14 11 7

26 12 10 28 21 18 24 26 12 10 28 21 18 24
26 12 10 28 21 18 24 26 12 5 12 10 28 21 18 24
26 12 10 28 21 18 24 26 12 10 5 12 10 28 21 18 24
26 12 10 28 21 18 24 26 12 10 5 10 28 21 18 24
26 12 10 28 21 18 24 26 12 10 28 5 10 28 21 18 24
26 12 5 12 10 28 21 18 24 26 12 10 28 21 18 24
26 12 10 5 12 10 28 21 18 24 26 12 10 28 21 18 24
26 12 10 5 10 28 21 18 24 26 12 10 28 21 18 24
26 12 10 28 5 10 28 21 18 24 26 12 10 28 21 18 24

12 6 9 13 11 17 11 12 6 9 13 11 17 11
12 6 9 13 11 17 11 12 6 8 6 9 13 11 17 11
12 6 9 13 11 17 11 12 6 9 8 6 9 13 11 17 11
12 6 9 13 11 17 11 12 6 9 8 9 13 11 17 11
12 6 9 13 11 17 11 12 6 9 13 8 9 13 11 17 11
12 6 8 6 9 13 11 17 11 12 6 9 13 11 17 11
12 6 9 8 6 9 13 11 17 11 12 6 9 13 11 17 11
12 6 9 8 9 13 11 17 11 12 6 9 13 11 17 11
12 6 9 13 8 9 13 11 17 11 12 6 9 13 11 17 11

20 29 9 19 9 6 29 20 29 9 19 9 6 29
20 29 9 19 9 6 29 20 29 18 29 9 19 9 6 29
20 29 9 19 9 6 29 20 29 9 18 29 9 19 9 6 29
20 29 9 19 9 6 29 20 29 9 18 9 19 9 6 29
20 29 9 19 9 6 29 20 29 9 19 18 9 19 9 6 29
20 29 18 29 9 19 9 6 29 20 29 9 19 9 6 29
20 29 9 18 29 9 19 9 6 29 20 29 9 19 9 6 29
20 29 9 18 9 19 9 6 29 20 29 9 19 9 6 29
20 29 9 19 18 9 19 9 6 29 20 29 9 19 9 6 29

25 17 11 14 24 13 7 25 17 11 14 24 13 7
25 17 11 14 24 13 7 25 17 10 17 11 14 24 13 7
25 17 11 14 24 13 7 25 17 11 10 17 11 14 24 13 7
25 17 11 14 24 13 7 25 17 11 10 11 14 24 13 7
25 17 11 14 24 13 7 25 17 11 14 10 11 14 24 13 7
25 17 10 17 11 14 24 13 7 25 17 11 14 24 13 7
25 17 11 10 17 11 14 24 13 7 25 17 11 14 24 13 7
25 17 11 10 11 14 24 13 7 25 17 11 14 24 13 7
25 17 11 14 10 11 14 24 13 7 25 17 11 14 24 13 7

24 20 7 11 22 6 9 24 20 7 11 22 6 9
24 20 7 11 22 6 9 24 20 10 20 7 11 22 6 9
24 20 7 11 22 6 9 24 20 7 10 20 7 11 22 6 9
24 20 7 11 22 6 9 24 20 7 10 7 11 22 6 9
24 20 7 11 22 6 9 24 20 7 11 10 7 11 22 6 9
24 20 10 20 7 11 22 6 9 24 20 7 11 22 6 9
24 20 7 10 20 7 11 22 6 9 24 20 7 11 22 6 9
24 20 7 10 7 11 22 6 9 24 20 7 11 22 6 9
24 20 7 11 10 7 11 22 6 9 24 20 7 11 22 6 9

30 9 21 10 25 18 15 30 9 21 10 25 18 15
30 9 21 10 25 18 15 30 9 17 9 21 10 25 18 15
30 9 21 10 25 18 15 30 9 21 17 9 21 10 25 18 15
30 9 21 10 25 18 15 30 9 21 17 21 10 25 18 15
30 9 21 10 25 18 15 30 9 21 10 17 21 10 25 18 15
30 9 17 9 21 10 25 18 15 30 9 21 10 25 18 15
30 9 21 17 9 21 10 25 18 15 30 9 21 10 25 18 15
30 9 21 17 21 10 25 18 15 30 9 21 10 25 18 15
30 9 21 10 17 21 10 25 18 15 30 9 21 10 25 18 15

15 13 8 28 24 20 24 15 13 8 28 24 20 24
15 13 8 28 24 20 24 15 13 18 13 8 28 24 20 24
15 13 8 28 24 20 24 15 13 8 18 13 8 28 24 20 24
15 13 8 28 24 20 24 15 13 8 18 8 28 24 20 24
15 13 8 28 24 20 24 15 13 8 28 18 8 28 24 20 24
15 13 18 13 8 28 24 20 24 15 13 8 28 24 20 24
15 13 8 18 13 8 28 24 20 24 15 13 8 28 24 20 24
15 13 8 18 8 28 24 20 24 15 13 8 28 24 20 24
15 13 8 28 18 8 28 24 20 24 15 13 8 28 24 20 24

7 24 20 29 13 11 26 7 24 20 29 13 11 26
7 24 20 29 13 11 26 7 24 6 24 20 29 13 11 26
7 24 20 29 13 11 26 7 24 20 6 24 20 29 13 11 26
7 24 20 29 13 11 26 7 24 20 6 20 29 13 11 26
7 24 20 29 13 11 26 7 24 20 29 6 20 29 13 11 26
7 24 6 24 20 29 13 11 26 7 24 20 29 13 11 26
7 24 20 6 24 20 29 13 11 26 7 24 20 29 13 11 26
7 24 20 6 20 29 13 11 26 7 24 20 29 13 11 26
7 24 20 29 6 20 29 13 11 26 7 24 20 29 13 11 26

5 7 13 10 24 7 14 5 7 13 10 24 7 14
5 7 13 10 24 7 14 5 7 19 7 13 10 24 7 14
5 7 13 10 24 7 14 5 7 13 19 7 13 10 24 7 14
5 7 13 10 24 7 14 5 7 13 19 13 10 24 7 14
5 7 13 10 24 7 14 5 7 13 10 19 13 10 24 7 14
5 7 19 7 13 10 24 7 14 5 7 13 10 24 7 14
5 7 13 19 7 13 10 24 7 14 5 7 13 10 24 7 14
5 7 13 19 13 10 24 7 14 5 7 13 10 24 7 14
5 7 13 10 19 13 10 24 7 14 5 7 13 10 24 7 14

14 24 10 18 25 30 19 14 24 10 18 25 30 19
14 24 10 18 25 30 19 14 24 8 24 10 18 25 30 19
14 24 10 18 25 30 19 14 24 10 8 24 10 18 25 30 19
14 24 10 18 25 30 19 14 24 10 8 10 18 25 30 19
14 24 10 18 25 30 19 14 24 10 18 8 10 18 25 30 19
14 24 8 24 10 18 25 30 19 14 24 10 18 25 30 19
14 24 10 8 24 10 18 25 30 19 14 24 10 18 25 30 19
14 24 10 8 10 18 25 30 19 14 24 10 18 25 30 19
14 24 10 18 8 10 18 25 30 19 14 24 10 18 25 30 19

26 21 6 20 6 16 25 26 21 6 20 6 16 25
26 21 6 20 6 16 25 26 21 5 21 6 20 6 16 25
26 21 6 20 6 16 25 26 21 6 5 21 6 20 6 16 25
26 21 6 20 6 16 25 26 21 6 5 6 20 6 16 25
26 21 6 20 6 16 25 26 21 6 20 5 6 20 6 16 25
26 21 5 21 6 20 6 16 25 26 21 6 20 6 16 25
26 21 6 5 21 6 20 6 16 25 26 21 6 20 6 16 25
26 21 6 5 6 20 6 16 25 26 21 6 20 6 16 25
26 21 6 20 5 6 20 6 16 25 26 21 6 20 6 16 25

9 24 27 21 17 25 30 9 24 27 21 17 25 30
9 24 27 21 17 25 30 9 24 19 24 27 21 17 25 30
9 24 27 21 17 25 30 9 24 27 19 24 27 21 17 25 30
9 24 27 21 17 25 30 9 24 27 19 27 21 17 25 30
9 24 27 21 17 25 30 9 24 27 21 19 27 21 17 25 30
9 24 19 24 27 21 17 25 30 9 24 27 21 17 25 30
9 24 27 19 24 27 21 17 25 30 9 24 27 21 17 25 30
9 24 27 19 27 21 17 25 30 9 24 27 21 17 25 30
9 24 27 21 19 27 21 17 25 30 9 24 27 21 17 25 30

7 26 29 15 30 22 27 7 26 29 15 30 22 27
7 26 29 15 30 22 27 7 26 12 26 29 15 30 22 27
7 26 29 15 30 22 27 7 26 29 12 26 29 15 30 22 27
7 26 29 15 30 22 27 7 26 29 12 29 15 30 22 27
7 26 29 15 30 22 27 7 26 29 15 12 29 15 30 22 27
7 26 12 26 29 15 30 22 27 7 26 29 15 30 22 27
7 26 29 12 26 29 15 30 22 27 7 26 29 15 30 22 27
7 26 29 12 29 15 30 22 27 7 26 29 15 30 22 27
7 26 29 15 12 29 15 30 22 27 7 26 29 15 30 22 27

23 9 20 28 6 5 11 23 9 20 28 6 5 11
23 9 20 28 6 5 11 23 9 6 9 20 28 6 5 11
23 9 20 28 6 5 11 23 9 20 6 9 20 28 6 5 11
23 9 20 28 6 5 11 23 9 20 6 20 28 6 5 11
23 9 20 28 6 5 11 23 9 20 28 6 20 28 6 5 11
23 9 6 9 20 28 6 5 11 23 9 20 28 6 5 11
23 9 20 6 9 20 28 6 5 11 23 9 20 28 6 5 11
23 9 20 6 20 28 6 5 11 23 9 20 28 6 5 11
23 9 20 28 6 20 28 6 5 11 23 9 20 28 6 5 11

6 7 18 10 29 24 28 6 7 18 10 29 24 28
6 7 18 10 29 24 28 6 7 6 7 18 10 29 24 28
6 7 18 10 29 24 28 6 7 18 6 7 18 10 29 24 28
6 7 18 10 29 24 28 6 7 18 6 18 10 29 24 28
6 7 18 10 29 24 28 6 7 18 10 6 18 10 29 24 28
6 7 6 7 18 10 29 24 28 6 7 18 10 29 24 28
6 7 18 6 7 18 10 29 24 28 6 7 18 10 29 24 28
6 7 18 6 18 10 29 24 28 6 7 18 10 29 24 28
6 7 18 10 6 18 10 29 24 28 6 7 18 10 29 24 28

17 7 17 29 24 27 12 17 7 17 29 24 27 12
17 7 17 29 24 27 12 17 7 13 7 17 29 24 27 12
17 7 17 29 24 27 12 17 7 17 13 7 17 29 24 27 12
17 7 17 29 24 27 12 17 7 17 13 17 29 24 27 12
17 7 17 29 24 27 12 17 7 17 29 13 17 29 24 27 12
17 7 13 7 17 29 24 27 12 17 7 17 29 24 27 12
17 7 17 13 7 17 29 24 27 12 17 7 17 29 24 27 12
17 7 17 13 17 29 24 27 12 17 7 17 29 24 27 12
17 7 17 29 13 17 29 24 27 12 17 7 17 29 24 27 12

24 16 15 15 21 21 30 24 16 15 15 21 21 30
24 16 15 15 21 21 30 24 16 12 16 15 15 21 21 30
24 16 15 15 21 21 30 24 16 15 12 16 15 15 21 21 30
24 16 15 15 21 21 30 24 16 15 12 15 15 21 21 30
24 16 15 15 21 21 30 24 16 15 15 12 15 15 21 21 30
24 16 12 16 15 15 21 21 30 24 16 15 15 21 21 30
24 16 15 12 16 15 15 21 21 30 24 16 15 15 21 21 30
24 16 15 12 15 15 21 21 30 24 16 15 15 21 21 30
24 16 15 15 12 15 15 21 21 30 24 16 15 15 21 21 30

9 27 20 6 15 23 5 9 27 20 6 15 23 5
9 27 20 6 15 23 5 9 27 14 27 20 6 15 23 5
9 27 20 6 15 23 5 9 27 20 14 27 20 6 15 23 5
9 27 20 6 15 23 5 9 27 20 14 20 6 15 23 5
9 27 20 6 15 23 5 9 27 20 6 14 20 6 15 23 5
9 27 14 27 20 6 15 23 5 9 27 20 6 15 23 5
9 27 20 14 27 20 6 15 23 5 9 27 20 6 15 23 5
9 27 20 14 20 6 15 23 5 9 27 20 6 15 23 5
9 27 20 6 14 20 6 15 23 5 9 27 20 6 15 23 5

20 25 11 8 6 8 22 20 25 11 8 6 8 22
20 25 11 8 6 8 22 20 25 9 25 11 8 6 8 22
20 25 11 8 6 8 22 20 25 11 9 25 11 8 6 8 22
20 25 11 8 6 8 22 20 25 11 9 11 8 6 8 22
20 25 11 8 6 8 22 20 25 11 8 9 11 8 6 8 22
20 25 9 25 11 8 6 8 22 20 25 11 8 6 8 22
20 25 11 9 25 11 8 6 8 22 20 25 11 8 6 8 22
20 25 11 9 11 8 6 8 22 20 25 11 8 6 8 22
20 25 11 8 9 11 8 6 8 22 20 25 11 8 6 8 22

8 9 11 23 22 16 22 8 9 11 23 22 16 22
8 9 11 23 22 16 22 8 9 13 9 11 23 22 16 22
8 9 11 23 22 16 22 8 9 11 13 9 11 23 22 16 22
8 9 11 23 22 16 22 8 9 11 13 11 23 22 16 22
8 9 11 23 22 16 22 8 9 11 23 13 11 23 22 16 22
8 9 13 9 11 23 22 16 22 8 9 11 23 22 16 22
8 9 11 13 9 11 23 22 16 22 8 9 11 23 22 16 22
8 9 11 13 11 23 22 16 22 8 9 11 23 22 16 22
8 9 11 23 13 11 23 22 16 22 8 9 11 23 22 16 22

24 28 28 8 21 25 25 24 28 28 8 21 25 25
24 28 28 8 21 25 25 24 28 11 28 28 8 21 25 25
24 28 28 8 21 25 25 24 28 28 11 28 28 8 21 25 25
24 28 28 8 21 25 25 24 28 28 11 28 8 21 25 25
24 28 28 8 21 25 25 24 28 28 8 11 28 8 21 25 25
24 28 11 28 28 8 21 25 25 24 28 28 8 21 25 25
24 28 28 11 28 28 8 21 25 25 24 28 28 8 21 25 25
24 28 28 11 28 8 21 25 25 24 28 28 8 21 25 25
24 28 28 8 11 28 8 21 25 25 24 28 28 8 21 25 25

25 30 20 10 17 18 16 25 30 20 10 17 18 16
25 30 20 10 17 18 16 25 30 6 30 20 10 17 18 16
25 30 20 10 17 18 16 25 30 20 6 30 20 10 17 18 16
25 30 20 10 17 18 16 25 30 20 6 20 10 17 18 16
25 30 20 10 17 18 16 25 30 20 10 6 20 10 17 18 16
25 30 6 30 20 10 17 18 16 25 30 20 10 17 18 16
25 30 20 6 30 20 10 17 18 16 25 30 20 10 17 18 16
25 30 20 6 20 10 17 18 16 25 30 20 10 17 18 16
25 30 20 10 6 20 10 17 18 16 25 30 20 10 17 18 16

17 27 17 26 15 24 18 17 27 17 26 15 24 18
17 27 17 26 15 24 18 17 27 15 27 17 26 15 24 18
17 27 17 26 15 24 18 17 27 17 15 27 17 26 15 24 18
17 27 17 26 15 24 18 17 27 17 15 17 26 15 24 18
17 27 17 26 15 24 18 17 27 17 26 15 17 26 15 24 18
17 27 15 27 17 26 15 24 18 17 27 17 26 15 24 18
17 27 17 15 27 17 26 15 24 18 17 27 17 26 15 24 18
17 27 17 15 17 26 15 24 18 17 27 17 26 15 24 18
17 27 17 26 15 17 26 15 24 18 17 27 17 26 15 24 18

29 23 8 6 13 8 23 29 23 8 6 13 8 23
29 23 8 6 13 8 23 29 23 6 23 8 6 13 8 23
29 23 8 6 13 8 23 29 23 8 6 23 8 6 13 8 23
29 23 8 6 13 8 23 29 23 8 6 8 6 13 8 23
29 23 8 6 13 8 23 29 23 8 6 6 8 6 13 8 23
29 23 6 23 8 6 13 8 23 29 23 8 6 13 8 23
29 23 8 6 23 8 6 13 8 23 29 23 8 6 13 8 23
29 23 8 6 8 6 13 8 23 29 23 8 6 13 8 23
29 23 8 6 6 8 6 13 8 23 29 23 8 6 13 8 23

21 21 28 26 24 20 7 21 21 28 26 24 20 7
21 21 28 26 24 20 7 21 21 6 21 28 26 24 20 7
21 21 28 26 24 20 7 21 21 28 6 21 28 26 24 20 7
21 21 28 26 24 20 7 21 21 28 6 28 26 24 20 7
21 21 28 26 24 20 7 21 21 28 26 6 28 26 24 20 7
21 21 6 21 28 26 24 20 7 21 21 28 26 24 20 7
21 21 28 6 21 28 26 24 20 7 21 21 28 26 24 20 7
21 21 28 6 28 26 24 20 7 21 21 28 26 24 20 7
21 21 28 26 6 28 26 24 20 7 21 21 28 26 24 20 7

18 8 16 6 12 7 5 18 8 16 6 12 7 5
18 8 16 6 12 7 5 18 8 9 8 16 6 12 7 5
18 8 16 6 12 7 5 18 8 16 9 8 16 6 12 7 5
18 8 16 6 12 7 5 18 8 16 9 16 6 12 7 5
18 8 16 6 12 7 5 18 8 16 6 9 16 6 12 7 5
18 8 9 8 16 6 12 7 5 18 8 16 6 12 7 5
18 8 16 9 8 16 6 12 7 5 18 8 16 6 12 7 5
18 8 16 9 16 6 12 7 5 18 8 16 6 12 7 5
18 8 16 6 9 16 6 12 7 5 18 8 16 6 12 7 5

18 9 10 30 9 19 21 18 9 10 30 9 19 21
18 9 10 30 9 19 21 18 9 12 9 10 30 9 19 21
18 9 10 30 9 19 21 18 9 10 12 9 10 30 9 19 21
18 9 10 30 9 19 21 18 9 10 12 10 30 9 19 21
18 9 10 30 9 19 21 18 9 10 30 12 10 30 9 19 21
18 9 12 9 10 30 9 19 21 18 9 10 30 9 19 21
18 9 10 12 9 10 30 9 19 21 18 9 10 30 9 19 21
18 9 10 12 10 30 9 19 21 18 9 10 30 9 19 21
18 9 10 30 12 10 30 9 19 21 18 9 10 30 9 19 21

6 30 26 8 14 27 13 6 30 26 8 14 27 13
6 30 26 8 14 27 13 6 30 18 30 26 8 14 27 13
6 30 26 8 14 27 13 6 30 26 18 30 26 8 14 27 13
6 30 26 8 14 27 13 6 30 26 18 26 8 14 27 13
6 30 26 8 14 27 13 6 30 26 8 18 26 8 14 27 13
6 30 18 30 26 8 14 27 13 6 30 26 8 14 27 13
6 30 26 18 30 26 8 14 27 13 6 30 26 8 14 27 13
6 30 26 18 26 8 14 27 13 6 30 26 8 14 27 13
6 30 26 8 18 26 8 14 27 13 6 30 26 8 14 27 13

18 27 24 11 20 16 25 18 27 24 11 20 16 25
18 27 24 11 20 16 25 18 27 13 27 24 11 20 16 25
18 27 24 11 20 16 25 18 27 24 13 27 24 11 20 16 25
18 27 24 11 20 16 25 18 27 24 13 24 11 20 16 25
18 27 24 11 20 16 25 18 27 24 11 13 24 11 20 16 25
18 27 13 27 24 11 20 16 25 18 27 24 11 20 16 25
18 27 24 13 27 24 11 20 16 25 18 27 24 11 20 16 25
18 27 24 13 24 11 20 16 25 18 27 24 11 20 16 25
18 27 24 11 13 24 11 20 16 25 18 27 24 11 20 16 25

12 21 26 11 9 28 15 12 21 26 11 9 28 15
12 21 26 11 9 28 15 12 21 17 21 26 11 9 28 15
12 21 26 11 9 28 15 12 21 26 17 21 26 11 9 28 15
12 21 26 11 9 28 15 12 21 26 17 26 11 9 28 15
12 21 26 11 9 28 15 12 21 26 11 17 26 11 9 28 15
12 21 17 21 26 11 9 28 15 12 21 26 11 9 28 15
12 21 26 17 21 26 11 9 28 15 12 21 26 11 9 28 15
12 21 26 17 26 11 9 28 15 12 21 26 11 9 28 15
12 21 26 11 17 26 11 9 28 15 12 21 26 11 9 28 15

10 6 11 20 23 8 7 10 6 11 20 23 8 7
10 6 11 20 23 8 7 10 6 20 6 11 20 23 8 7
10 6 11 20 23 8 7 10 6 11 20 6 11 20 23 8 7
10 6 11 20 23 8 7 10 6 11 20 11 20 23 8 7
10 6 11 20 23 8 7 10 6 11 20 20 11 20 23 8 7
10 6 20 6 11 20 23 8 7 10 6 11 20 23 8 7
10 6 11 20 6 11 20 23 8 7 10 6 11 20 23 8 7
10 6 11 20 11 20 23 8 7 10 6 11 20 23 8 7
10 6 11 20 20 11 20 23 8 7 10 6 11 20 23 8 7

29 13 24 9 7 21 15 29 13 24 9 7 21 15
29 13 24 9 7 21 15 29 13 15 13 24 9 7 21 15
29 13 24 9 7 21 15 29 13 24 15 13 24 9 7 21 15
29 13 24 9 7 21 15 29 13 24 15 24 9 7 21 15
29 13 24 9 7 21 15 29 13 24 9 15 24 9 7 21 15
29 13 15 13 24 9 7 21 15 29 13 24 9 7 21 15
29 13 24 15 13 24 9 7 21 15 29 13 24 9 7 21 15
29 13 24 15 24 9 7 21 15 29 13 24 9 7 21 15
29 13 24 9 15 24 9 7 21 15 29 13 24 9 7 21 15

20 11 22 11 21 10 26 20 11 22 11 21 10 26
20 11 22 11 21 10 26 20 11 7 11 22 11 21 10 26
20 11 22 11 21 10 26 20 11 22 7 11 22 11 21 10 26
20 11 22 11 21 10 26 20 11 22 7 22 11 21 10 26
20 11 22 11 21 10 26 20 11 22 11 7 22 11 21 10 26
20 11 7 11 22 11 21 10 26 20 11 22 11 21 10 26
20 11 22 7 11 22 11 21 10 26 20 11 22 11 21 10 26
20 11 22 7 22 11 21 10 26 20 11 22 11 21 10 26
20 11 22 11 7 22 11 21 10 26 20 11 22 11 21 10 26

27 24 20 15 16 18 7 27 24 20 15 16 18 7
27 24 20 15 16 18 7 27 24 15 24 20 15 16 18 7
27 24 20 15 16 18 7 27 24 20 15 24 20 15 16 18 7
27 24 20 15 16 18 7 27 24 20 15 20 15 16 18 7
27 24 20 15 16 18 7 27 24 20 15 15 20 15 16 18 7
27 24 15 24 20 15 16 18 7 27 24 20 15 16 18 7
27 24 20 15 24 20 15 16 18 7 27 24 20 15 16 18 7
27 24 20 15 20 15 16 18 7 27 24 20 15 16 18 7
27 24 20 15 15 20 15 16 18 7 27 24 20 15 16 18 7

10 9 26 21 7 29 7 10 9 26 21 7 29 7
10 9 26 21 7 29 7 10 9 5 9 26 21 7 29 7
10 9 26 21 7 29 7 10 9 26 5 9 26 21 7 29 7
10 9 26 21 7 29 7 10 9 26 5 26 21 7 29 7
10 9 26 21 7 29 7 10 9 26 21 5 26 21 7 29 7
10 9 5 9 26 21 7 29 7 10 9 26 21 7 29 7
10 9 26 5 9 26 21 7 29 7 10 9 26 21 7 29 7
10 9 26 5 26 21 7 29 7 10 9 26 21 7 29 7
10 9 26 21 5 26 21 7 29 7 10 9 26 21 7 29 7

19 16 10 15 24 21 29 19 16 10 15 24 21 29
19 16 10 15 24 21 29 19 16 5 16 10 15 24 21 29
19 16 10 15 24 21 29 19 16 10 5 16 10 15 24 21 29
19 16 10 15 24 21 29 19 16 10 5 10 15 24 21 29
19 16 10 15 24 21 29 19 16 10 15 5 10 15 24 21 29
19 16 5 16 10 15 24 21 29 19 16 10 15 24 21 29
19 16 10 5 16 10 15 24 21 29 19 16 10 15 24 21 29
19 16 10 5 10 15 24 21 29 19 16 10 15 24 21 29
19 16 10 15 5 10 15 24 21 29 19 16 10 15 24 21 29

17 20 20 10 12 24 28 17 20 20 10 12 24 28
17 20 20 10 12 24 28 17 20 10 20 20 10 12 24 28
17 20 20 10 12 24 28 17 20 20 10 20 20 10 12 24 28
17 20 20 10 12 24 28 17 20 20 10 20 10 12 24 28
17 20 20 10 12 24 28 17 20 20 10 10 20 10 12 24 28
17 20 10 20 20 10 12 24 28 17 20 20 10 12 24 28
17 20 20 10 20 20 10 12 24 28 17 20 20 10 12 24 28
17 20 20 10 20 10 12 24 28 17 20 20 10 12 24 28
17 20 20 10 10 20 10 12 24 28 17 20 20 10 12 24 28

11 10 20 9 25 10 21 11 10 20 9 25 10 21
11 10 20 9 25 10 21 11 10 20 10 20 9 25 10 21
11 10 20 9 25 10 21 11 10 20 20 10 20 9 25 10 21
11 10 20 9 25 10 21 11 10 20 20 20 9 25 10 21
11 10 20 9 25 10 21 11 10 20 9 20 20 9 25 10 21
11 10 20 10 20 9 25 10 21 11 10 20 9 25 10 21
11 10 20 20 10 20 9 25 10 21 11 10 20 9 25 10 21
11 10 20 20 20 9 25 10 21 11 10 20 9 25 10 21
11 10 20 9 20 20 9 25 10 21 11 10 20 9 25 10 21

17 17 13 21 17 11 10 17 17 13 21 17 11 10
17 17 13 21 17 11 10 17 17 15 17 13 21 17 11 10
17 17 13 21 17 11 10 17 17 13 15 17 13 21 17 11 10
17 17 13 21 17 11 10 17 17 13 15 13 21 17 11 10
17 17 13 21 17 11 10 17 17 13 21 15 13 21 17 11 10
17 17 15 17 13 21 17 11 10 17 17 13 21 17 11 10
17 17 13 15 17 13 21 17 11 10 17 17 13 21 17 11 10
17 17 13 15 13 21 17 11 10 17 17 13 21 17 11 10
17 17 13 21 15 13 21 17 11 10 17 17 13 21 17 11 10

13 15 27 15 18 28 19 13 15 27 15 18 28 19
13 15 27 15 18 28 19 13 15 8 15 27 15 18 28 19
13 15 27 15 18 28 19 13 15 27 8 15 27 15 18 28 19
13 15 27 15 18 28 19 13 15 27 8 27 15 18 28 19
13 15 27 15 18 28 19 13 15 27 15 8 27 15 18 28 19
13 15 8 15 27 15 18 28 19 13 15 27 15 18 28 19
13 15 27 8 15 27 15 18 28 19 13 15 27 15 18 28 19
13 15 27 8 27 15 18 28 19 13 15 27 15 18 28 19
13 15 27 15 8 27 15 18 28 19 13 15 27 15 18 28 19

23 26 20 16 8 17 9 23 26 20 16 8 17 9
23 26 20 16 8 17 9 23 26 10 26 20 16 8 17 9
23 26 20 16 8 17 9 23 26 20 10 26 20 16 8 17 9
23 26 20 16 8 17 9 23 26 20 10 20 16 8 17 9
23 26 20 16 8 17 9 23 26 20 16 10 20 16 8 17 9
23 26 10 26 20 16 8 17 9 23 26 20 16 8 17 9
23 26 20 10 26 20 16 8 17 9 23 26 20 16 8 17 9
23 26 20 10 20 16 8 17 9 23 26 20 16 8 17 9
23 26 20 16 10 20 16 8 17 9 23 26 20 16 8 17 9

24 10 9 21 22 9 11 24 10 9 21 22 9 11
24 10 9 21 22 9 11 24 10 19 10 9 21 22 9 11
24 10 9 21 22 9 11 24 10 9 19 10 9 21 22 9 11
24 10 9 21 22 9 11 24 10 9 19 9 21 22 9 11
24 10 9 21 22 9 11 24 10 9 21 19 9 21 22 9 11
24 10 19 10 9 21 22 9 11 24 10 9 21 22 9 11
24 10 9 19 10 9 21 22 9 11 24 10 9 21 22 9 11
24 10 9 19 9 21 22 9 11 24 10 9 21 22 9 11
24 10 9 21 19 9 21 22 9 11 24 10 9 21 22 9 11

20 18 6 25 7 24 28 20 18 6 25 7 24 28
20 18 6 25 7 24 28 20 18 12 18 6 25 7 24 28
20 18 6 25 7 24 28 20 18 6 12 18 6 25 7 24 28
20 18 6 25 7 24 28 20 18 6 12 6 25 7 24 28
20 18 6 25 7 24 28 20 18 6 25 12 6 25 7 24 28
20 18 12 18 6 25 7 24 28 20 18 6 25 7 24 28
20 18 6 12 18 6 25 7 24 28 20 18 6 25 7 24 28
20 18 6 12 6 25 7 24 28 20 18 6 25 7 24 28
20 18 6 25 12 6 25 7 24 28 20 18 6 25 7 24 28

30 23 11 13 12 14 18 30 23 11 13 12 14 18
30 23 11 13 12 14 18 30 23 12 23 11 13 12 14 18
30 23 11 13 12 14 18 30 23 11 12 23 11 13 12 14 18
30 23 11 13 12 14 18 30 23 11 12 11 13 12 14 18
30 23 11 13 12 14 18 30 23 11 13 12 11 13 12 14 18
30 23 12 23 11 13 12 14 18 30 23 11 13 12 14 18
30 23 11 12 23 11 13 12 14 18 30 23 11 13 12 14 18
30 23 11 12 11 13 12 14 18 30 23 11 13 12 14 18
30 23 11 13 12 11 13 12 14 18 30 23 11 13 12 14 18

11 27 5 28 21 28 10 11 27 5 28 21 28 10
11 27 5 28 21 28 10 11 27 10 27 5 28 21 28 10
11 27 5 28 21 28 10 11 27 5 10 27 5 28 21 28 10
11 27 5 28 21 28 10 11 27 5 10 5 28 21 28 10
11 27 5 28 21 28 10 11 27 5 28 10 5 28 21 28 10
11 27 10 27 5 28 21 28 10 11 27 5 28 21 28 10
11 27 5 10 27 5 28 21 28 10 11 27 5 28 21 28 10
11 27 5 10 5 28 21 28 10 11 27 5 28 21 28 10
11 27 5 28 10 5 28 21 28 10 11 27 5 28 21 28 10

7 26 15 11 26 7 13 7 26 15 11 26 7 13
7 26 15 11 26 7 13 7 26 10 26 15 11 26 7 13
7 26 15 11 26 7 13 7 26 15 10 26 15 11 26 7 13
7 26 15 11 26 7 13 7 26 15 10 15 11 26 7 13
7 26 15 11 26 7 13 7 26 15 11 10 15 11 26 7 13
7 26 10 26 15 11 26 7 13 7 26 15 11 26 7 13
7 26 15 10 26 15 11 26 7 13 7 26 15 11 26 7 13
7 26 15 10 15 11 26 7 13 7 26 15 11 26 7 13
7 26 15 11 10 15 11 26 7 13 7 26 15 11 26 7 13

6 26 11 9 19 8 12 6 26 11 9 19 8 12
6 26 11 9 19 8 12 6 26 12 26 11 9 19 8 12
6 26 11 9 19 8 12 6 26 11 12 26 11 9 19 8 12
6 26 11 9 19 8 12 6 26 11 12 11 9 19 8 12
6 26 11 9 19 8 12 6 26 11 9 12 11 9 19 8 12
6 26 12 26 11 9 19 8 12 6 26 11 9 19 8 12
6 26 11 12 26 11 9 19 8 12 6 26 11 9 19 8 12
6 26 11 12 11 9 19 8 12 6 26 11 9 19 8 12
6 26 11 9 12 11 9 19 8 12 6 26 11 9 19 8 12

10 14 11 15 13 20 7 10 14 11 15 13 20 7
10 14 11 15 13 20 7 10 14 14 14 11 15 13 20 7
10 14 11 15 13 20 7 10 14 11 14 14 11 15 13 20 7
10 14 11 15 13 20 7 10 14 11 14 11 15 13 20 7
10 14 11 15 13 20 7 10 14 11 15 14 11 15 13 20 7
10 14 14 14 11 15 13 20 7 10 14 11 15 13 20 7
10 14 11 14 14 11 15 13 20 7 10 14 11 15 13 20 7
10 14 11 14 11 15 13 20 7 10 14 11 15 13 20 7
10 14 11 15 14 11 15 13 20 7 10 14 11 15 13 20 7

9 24 7 11 7 24 11 9 24 7 11 7 24 11
9 24 7 11 7 24 11 9 24 11 24 7 11 7 24 11
9 24 7 11 7 24 11 9 24 7 11 24 7 11 7 24 11
9 24 7 11 7 24 11 9 24 7 11 7 11 7 24 11
9 24 7 11 7 24 11 9 24 7 11 11 7 11 7 24 11
9 24 11 24 7 11 7 24 11 9 24 7 11 7 24 11
9 24 7 11 24 7 11 7 24 11 9 24 7 11 7 24 11
9 24 7 11 7 11 7 24 11 9 24 7 11 7 24 11
9 24 7 11 11 7 11 7 24 11 9 24 7 11 7 24 11

25 12 19 28 16 7 23 25 12 19 28 16 7 23
25 12 19 28 16 7 23 25 12 19 12 19 28 16 7 23
25 12 19 28 16 7 23 25 12 19 19 12 19 28 16 7 23
25 12 19 28 16 7 23 25 12 19 19 19 28 16 7 23
25 12 19 28 16 7 23 25 12 19 28 19 19 28 16 7 23
25 12 19 12 19 28 16 7 23 25 12 19 28 16 7 23
25 12 19 19 12 19 28 16 7 23 25 12 19 28 16 7 23
25 12 19 19 19 28 16 7 23 25 12 19 28 16 7 23
25 12 19 28 19 19 28 16 7 23 25 12 19 28 16 7 23

27 18 29 20 23 23 12 27 18 29 20 23 23 12
27 18 29 20 23 23 12 27 18 14 18 29 20 23 23 12
27 18 29 20 23 23 12 27 18 29 14 18 29 20 23 23 12
27 18 29 20 23 23 12 27 18 29 14 29 20 23 23 12
27 18 29 20 23 23 12 27 18 29 20 14 29 20 23 23 12
27 18 14 18 29 20 23 23 12 27 18 29 20 23 23 12
27 18 29 14 18 29 20 23 23 12 27 18 29 20 23 23 12
27 18 29 14 29 20 23 23 12 27 18 29 20 23 23 12
27 18 29 20 14 29 20 23 23 12 27 18 29 20 23 23 12

14 11 27 10 8 8 21 14 11 27 10 8 8 21
14 11 27 10 8 8 21 14 11 20 11 27 10 8 8 21
14 11 27 10 8 8 21 14 11 27 20 11 27 10 8 8 21
14 11 27 10 8 8 21 14 11 27 20 27 10 8 8 21
14 11 27 10 8 8 21 14 11 27 10 20 27 10 8 8 21
14 11 20 11 27 10 8 8 21 14 11 27 10 8 8 21
14 11 27 20 11 27 10 8 8 21 14 11 27 10 8 8 21
14 11 27 20 27 10 8 8 21 14 11 27 10 8 8 21
14 11 27 10 20 27 10 8 8 21 14 11 27 10 8 8 21

16 11 9 30 26 6 22 16 11 9 30 26 6 22
16 11 9 30 26 6 22 16 11 16 11 9 30 26 6 22
16 11 9 30 26 6 22 16 11 9 16 11 9 30 26 6 22
16 11 9 30 26 6 22 16 11 9 16 9 30 26 6 22
16 11 9 30 26 6 22 16 11 9 30 16 9 30 26 6 22
16 11 16 11 9 30 26 6 22 16 11 9 30 26 6 22
16 11 9 16 11 9 30 26 6 22 16 11 9 30 26 6 22
16 11 9 16 9 30 26 6 22 16 11 9 30 26 6 22
16 11 9 30 16 9 30 26 6 22 16 11 9 30 26 6 22

21 29 23 7 11 11 19 21 29 23 7 11 11 19
21 29 23 7 11 11 19 21 29 9 29 23 7 11 11 19
21 29 23 7 11 11 19 21 29 23 9 29 23 7 11 11 19
21 29 23 7 11 11 19 21 29 23 9 23 7 11 11 19
21 29 23 7 11 11 19 21 29 23 7 9 23 7 11 11 19
21 29 9 29 23 7 11 11 19 21 29 23 7 11 11 19
21 29 23 9 29 23 7 11 11 19 21 29 23 7 11 11 19
21 29 23 9 23 7 11 11 19 21 29 23 7 11 11 19
21 29 23 7 9 23 7 11 11 19 21 29 23 7 11 11 19

22 29 14 19 10 14 5 22 29 14 19 10 14 5
22 29 14 19 10 14 5 22 29 16 29 14 19 10 14 5
22 29 14 19 10 14 5 22 29 14 16 29 14 19 10 14 5
22 29 14 19 10 14 5 22 29 14 16 14 19 10 14 5
22 29 14 19 10 14 5 22 29 14 19 16 14 19 10 14 5
22 29 16 29 14 19 10 14 5 22 29 14 19 10 14 5
22 29 14 16 29 14 19 10 14 5 22 29 14 19 10 14 5
22 29 14 16 14 19 10 14 5 22 29 14 19 10 14 5
22 29 14 19 16 14 19 10 14 5 22 29 14 19 10 14 5

29 16 5 10 12 5 15 29 16 5 10 12 5 15
29 16 5 10 12 5 15 29 16 14 16 5 10 12 5 15
29 16 5 10 12 5 15 29 16 5 14 16 5 10 12 5 15
29 16 5 10 12 5 15 29 16 5 14 5 10 12 5 15
29 16 5 10 12 5 15 29 16 5 10 14 5 10 12 5 15
29 16 14 16 5 10 12 5 15 29 16 5 10 12 5 15
29 16 5 14 16 5 10 12 5 15 29 16 5 10 12 5 15
29 16 5 14 5 10 12 5 15 29 16 5 10 12 5 15
29 16 5 10 14 5 10 12 5 15 29 16 5 10 12 5 15

19 24 21 27 7 16 13 19 24 21 27 7 16 13
19 24 21 27 7 16 13 19 24 16 24 21 27 7 16 13
19 24 21 27 7 16 13 19 24 21 16 24 21 27 7 16 13
19 24 21 27 7 16 13 19 24 21 16 21 27 7 16 13
19 24 21 27 7 16 13 19 24 21 27 16 21 27 7 16 13
19 24 16 24 21 27 7 16 13 19 24 21 27 7 16 13
19 24 21 16 24 21 27 7 16 13 19 24 21 27 7 16 13
19 24 21 16 21 27 7 16 13 19 24 21 27 7 16 13
19 24 21 27 16 21 27 7 16 13 19 24 21 27 7 16 13

21 8 12 23 13 18 15 21 8 12 23 13 18 15
21 8 12 23 13 18 15 21 8 7 8 12 23 13 18 15
21 8 12 23 13 18 15 21 8 12 7 8 12 23 13 18 15
21 8 12 23 13 18 15 21 8 12 7 12 23 13 18 15
21 8 12 23 13 18 15 21 8 12 23 7 12 23 13 18 15
21 8 7 8 12 23 13 18 15 21 8 12 23 13 18 15
21 8 12 7 8 12 23 13 18 15 21 8 12 23 13 18 15
21 8 12 7 12 23 13 18 15 21 8 12 23 13 18 15
21 8 12 23 7 12 23 13 18 15 21 8 12 23 13 18 15

27 30 5 17 28 21 13 27 30 5 17 28 21 13
27 30 5 17 28 21 13 27 30 14 30 5 17 28 21 13
27 30 5 17 28 21 13 27 30 5 14 30 5 17 28 21 13
27 30 5 17 28 21 13 27 30 5 14 5 17 28 21 13
27 30 5 17 28 21 13 27 30 5 17 14 5 17 28 21 13
27 30 14 30 5 17 28 21 13 27 30 5 17 28 21 13
27 30 5 14 30 5 17 28 21 13 27 30 5 17 28 21 13
27 30 5 14 5 17 28 21 13 27 30 5 17 28 21 13
27 30 5 17 14 5 17 28 21 13 27 30 5 17 28 21 13

6 6 14 7 30 19 29 6 6 14 7 30 19 29
6 6 14 7 30 19 29 6 6 18 6 14 7 30 19 29
6 6 14 7 30 19 29 6 6 14 18 6 14 7 30 19 29
6 6 14 7 30 19 29 6 6 14 18 14 7 30 19 29
6 6 14 7 30 19 29 6 6 14 7 18 14 7 30 19 29
6 6 18 6 14 7 30 19 29 6 6 14 7 30 19 29
6 6 14 18 6 14 7 30 19 29 6 6 14 7 30 19 29
6 6 14 18 14 7 30 19 29 6 6 14 7 30 19 29
6 6 14 7 18 14 7 30 19 29 6 6 14 7 30 19 29

11 7 17 14 6 11 21 11 7 17 14 6 11 21
11 7 17 14 6 11 21 11 7 18 7 17 14 6 11 21
11 7 17 14 6 11 21 11 7 17 18 7 17 14 6 11 21
11 7 17 14 6 11 21 11 7 17 18 17 14 6 11 21
11 7 17 14 6 11 21 11 7 17 14 18 17 14 6 11 21
11 7 18 7 17 14 6 11 21 11 7 17 14 6 11 21
11 7 17 18 7 17 14 6 11 21 11 7 17 14 6 11 21
11 7 17 18 17 14 6 11 21 11 7 17 14 6 11 21
11 7 17 14 18 17 14 6 11 21 11 7 17 14 6 11 21

26 22 13 29 16 28 28 26 22 13 29 16 28 28
26 22 13 29 16 28 28 26 22 9 22 13 29 16 28 28
26 22 13 29 16 28 28 26 22 13 9 22 13 29 16 28 28
26 22 13 29 16 28 28 26 22 13 9 13 29 16 28 28
26 22 13 29 16 28 28 26 22 13 29 9 13 29 16 28 28
26 22 9 22 13 29 16 28 28 26 22 13 29 16 28 28
26 22 13 9 22 13 29 16 28 28 26 22 13 29 16 28 28
26 22 13 9 13 29 16 28 28 26 22 13 29 16 28 28
26 22 13 29 9 13 29 16 28 28 26 22 13 29 16 28 28

24 12 29 19 27 21 30 24 12 29 19 27 21 30
24 12 29 19 27 21 30 24 12 13 12 29 19 27 21 30
24 12 29 19 27 21 30 24 12 29 13 12 29 19 27 21 30
24 12 29 19 27 21 30 24 12 29 13 29 19 27 21 30
24 12 29 19 27 21 30 24 12 29 19 13 29 19 27 21 30
24 12 13 12 29 19 27 21 30 24 12 29 19 27 21 30
24 12 29 13 12 29 19 27 21 30 24 12 29 19 27 21 30
24 12 29 13 29 19 27 21 30 24 12 29 19 27 21 30
24 12 29 19 13 29 19 27 21 30 24 12 29 19 27 21 30

22 28 23 16 28 24 21 22 28 23 16 28 24 21
22 28 23 16 28 24 21 22 28 5 28 23 16 28 24 21
22 28 23 16 28 24 21 22 28 23 5 28 23 16 28 24 21
22 28 23 16 28 24 21 22 28 23 5 23 16 28 24 21
22 28 23 16 28 24 21 22 28 23 16 5 23 16 28 24 21
22 28 5 28 23 16 28 24 21 22 28 23 16 28 24 21
22 28 23 5 28 23 16 28 24 21 22 28 23 16 28 24 21
22 28 23 5 23 16 28 24 21 22 28 23 16 28 24 21
22 28 23 16 5 23 16 28 24 21 22 28 23 16 28 24 21

29 21 28 28 23 8 11 29 21 28 28 23 8 11
29 21 28 28 23 8 11 29 21 11 21 28 28 23 8 11
29 21 28 28 23 8 11 29 21 28 11 21 28 28 23 8 11
29 21 28 28 23 8 11 29 21 28 11 28 28 23 8 11
29 21 28 28 23 8 11 29 21 28 28 11 28 28 23 8 11
29 21 11 21 28 28 23 8 11 29 21 28 28 23 8 11
29 21 28 11 21 28 28 23 8 11 29 21 28 28 23 8 11
29 21 28 11 28 28 23 8 11 29 21 28 28 23 8 11
29 21 28 28 11 28 28 23 8 11 29 21 28 28 23 8 11

6 8 27 27 12 20 19 6 8 27 27 12 20 19
6 8 27 27 12 20 19 6 8 6 8 27 27 12 20 19
6 8 27 27 12 20 19 6 8 27 6 8 27 27 12 20 19
6 8 27 27 12 20 19 6 8 27 6 27 27 12 20 19
6 8 27 27 12 20 19 6 8 27 27 6 27 27 12 20 19
6 8 6 8 27 27 12 20 19 6 8 27 27 12 20 19
6 8 27 6 8 27 27 12 20 19 6 8 27 27 12 20 19
6 8 27 6 27 27 12 20 19 6 8 27 27 12 20 19
6 8 27 27 6 27 27 12 20 19 6 8 27 27 12 20 19

27 18 9 12 23 8 6 27 18 9 12 23 8 6
27 18 9 12 23 8 6 27 18 9 18 9 12 23 8 6
27 18 9 12 23 8 6 27 18 9 9 18 9 12 23 8 6
27 18 9 12 23 8 6 27 18 9 9 9 12 23 8 6
27 18 9 12 23 8 6 27 18 9 12 9 9 12 23 8 6
27 18 9 18 9 12 23 8 6 27 18 9 12 23 8 6
27 18 9 9 18 9 12 23 8 6 27 18 9 12 23 8 6
27 18 9 9 9 12 23 8 6 27 18 9 12 23 8 6
27 18 9 12 9 9 12 23 8 6 27 18 9 12 23 8 6

5 29 18 17 16 17 10 5 29 18 17 16 17 10
5 29 18 17 16 17 10 5 29 14 29 18 17 16 17 10
5 29 18 17 16 17 10 5 29 18 14 29 18 17 16 17 10
5 29 18 17 16 17 10 5 29 18 14 18 17 16 17 10
5 29 18 17 16 17 10 5 29 18 17 14 18 17 16 17 10
5 29 14 29 18 17 16 17 10 5 29 18 17 16 17 10
5 29 18 14 29 18 17 16 17 10 5 29 18 17 16 17 10
5 29 18 14 18 17 16 17 10 5 29 18 17 16 17 10
5 29 18 17 14 18 17 16 17 10 5 29 18 17 16 17 10

10 9 24 30 30 19 22 10 9 24 30 30 19 22
10 9 24 30 30 19 22 10 9 12 9 24 30 30 19 22
10 9 24 30 30 19 22 10 9 24 12 9 24 30 30 19 22
10 9 24 30 30 19 22 10 9 24 12 24 30 30 19 22
10 9 24 30 30 19 22 10 9 24 30 12 24 30 30 19 22
10 9 12 9 24 30 30 19 22 10 9 24 30 30 19 22
10 9 24 12 9 24 30 30 19 22 10 9 24 30 30 19 22
10 9 24 12 24 30 30 19 22 10 9 24 30 30 19 22
10 9 24 30 12 24 30 30 19 22 10 9 24 30 30 19 22

30 28 21 23 30 14 29 30 28 21 23 30 14 29
30 28 21 23 30 14 29 30 28 9 28 21 23 30 14 29
30 28 21 23 30 14 29 30 28 21 9 28 21 23 30 14 29
30 28 21 23 30 14 29 30 28 21 9 21 23 30 14 29
30 28 21 23 30 14 29 30 28 21 23 9 21 23 30 14 29
30 28 9 28 21 23 30 14 29 30 28 21 23 30 14 29
30 28 21 9 28 21 23 30 14 29 30 28 21 23 30 14 29
30 28 21 9 21 23 30 14 29 30 28 21 23 30 14 29
30 28 21 23 9 21 23 30 14 29 30 28 21 23 30 14 29

15 9 20 30 13 27 19 15 9 20 30 13 27 19
15 9 20 30 13 27 19 15 9 14 9 20 30 13 27 19
15 9 20 30 13 27 19 15 9 20 14 9 20 30 13 27 19
15 9 20 30 13 27 19 15 9 20 14 20 30 13 27 19
15 9 20 30 13 27 19 15 9 20 30 14 20 30 13 27 19
15 9 14 9 20 30 13 27 19 15 9 20 30 13 27 19
15 9 20 14 9 20 30 13 27 19 15 9 20 30 13 27 19
15 9 20 14 20 30 13 27 19 15 9 20 30 13 27 19
15 9 20 30 14 20 30 13 27 19 15 9 20 30 13 27 19

12 30 7 21 16 8 6 12 30 7 21 16 8 6
12 30 7 21 16 8 6 12 30 6 30 7 21 16 8 6
12 30 7 21 16 8 6 12 30 7 6 30 7 21 16 8 6
12 30 7 21 16 8 6 12 30 7 6 7 21 16 8 6
12 30 7 21 16 8 6 12 30 7 21 6 7 21 16 8 6
12 30 6 30 7 21 16 8 6 12 30 7 21 16 8 6
12 30 7 6 30 7 21 16 8 6 12 30 7 21 16 8 6
12 30 7 6 7 21 16 8 6 12 30 7 21 16 8 6
12 30 7 21 6 7 21 16 8 6 12 30 7 21 16 8 6

5 18 25 11 10 16 26 5 18 25 11 10 16 26
5 18 25 11 10 16 26 5 18 20 18 25 11 10 16 26
5 18 25 11 10 16 26 5 18 25 20 18 25 11 10 16 26
5 18 25 11 10 16 26 5 18 25 20 25 11 10 16 26
5 18 25 11 10 16 26 5 18 25 11 20 25 11 10 16 26
5 18 20 18 25 11 10 16 26 5 18 25 11 10 16 26
5 18 25 20 18 25 11 10 16 26 5 18 25 11 10 16 26
5 18 25 20 25 11 10 16 26 5 18 25 11 10 16 26
5 18 25 11 20 25 11 10 16 26 5 18 25 11 10 16 26

24 17 18 10 28 11 25 24 17 18 10 28 11 25
24 17 18 10 28 11 25 24 17 10 17 18 10 28 11 25
24 17 18 10 28 11 25 24 17 18 10 17 18 10 28 11 25
24 17 18 10 28 11 25 24 17 18 10 18 10 28 11 25
24 17 18 10 28 11 25 24 17 18 10 10 18 10 28 11 25
24 17 10 17 18 10 28 11 25 24 17 18 10 28 11 25
24 17 18 10 17 18 10 28 11 25 24 17 18 10 28 11 25
24 17 18 10 18 10 28 11 25 24 17 18 10 28 11 25
24 17 18 10 10 18 10 28 11 25 24 17 18 10 28 11 25

17 19 29 30 14 7 28 17 19 29 30 14 7 28
17 19 29 30 14 7 28 17 19 16 19 29 30 14 7 28
17 19 29 30 14 7 28 17 19 29 16 19 29 30 14 7 28
17 19 29 30 14 7 28 17 19 29 16 29 30 14 7 28
17 19 29 30 14 7 28 17 19 29 30 16 29 30 14 7 28
17 19 16 19 29 30 14 7 28 17 19 29 30 14 7 28
17 19 29 16 19 29 30 14 7 28 17 19 29 30 14 7 28
17 19 29 16 29 30 14 7 28 17 19 29 30 14 7 28
17 19 29 30 16 29 30 14 7 28 17 19 29 30 14 7 28

21 22 19 8 17 11 10 21 22 19 8 17 11 10
21 22 19 8 17 11 10 21 22 17 22 19 8 17 11 10
21 22 19 8 17 11 10 21 22 19 17 22 19 8 17 11 10
21 22 19 8 17 11 10 21 22 19 17 19 8 17 11 10
21 22 19 8 17 11 10 21 22 19 8 17 19 8 17 11 10
21 22 17 22 19 8 17 11 10 21 22 19 8 17 11 10
21 22 19 17 22 19 8 17 11 10 21 22 19 8 17 11 10
21 22 19 17 19 8 17 11 10 21 22 19 8 17 11 10
21 22 19 8 17 19 8 17 11 10 21 22 19 8 17 11 10

13 28 18 30 8 18 10 13 28 18 30 8 18 10
13 28 18 30 8 18 10 13 28 11 28 18 30 8 18 10
13 28 18 30 8 18 10 13 28 18 11 28 18 30 8 18 10
13 28 18 30 8 18 10 13 28 18 11 18 30 8 18 10
13 28 18 30 8 18 10 13 28 18 30 11 18 30 8 18 10
13 28 11 28 18 30 8 18 10 13 28 18 30 8 18 10
13 28 18 11 28 18 30 8 18 10 13 28 18 30 8 18 10
13 28 18 11 18 30 8 18 10 13 28 18 30 8 18 10
13 28 18 30 11 18 30 8 18 10 13 28 18 30 8 18 10

25 24 25 16 28 17 30 25 24 25 16 28 17 30
25 24 25 16 28 17 30 25 24 7 24 25 16 28 17 30
25 24 25 16 28 17 30 25 24 25 7 24 25 16 28 17 30
25 24 25 16 28 17 30 25 24 25 7 25 16 28 17 30
25 24 25 16 28 17 30 25 24 25 16 7 25 16 28 17 30
25 24 7 24 25 16 28 17 30 25 24 25 16 28 17 30
25 24 25 7 24 25 16 28 17 30 25 24 25 16 28 17 30
25 24 25 7 25 16 28 17 30 25 24 25 16 28 17 30
25 24 25 16 7 25 16 28 17 30 25 24 25 16 28 17 30

6 30 24 28 25 18 14 6 30 24 28 25 18 14
6 30 24 28 25 18 14 6 30 13 30 24 28 25 18 14
6 30 24 28 25 18 14 6 30 24 13 30 24 28 25 18 14
6 30 24 28 25 18 14 6 30 24 13 24 28 25 18 14
6 30 24 28 25 18 14 6 30 24 28 13 24 28 25 18 14
6 30 13 30 24 28 25 18 14 6 30 24 28 25 18 14
6 30 24 13 30 24 28 25 18 14 6 30 24 28 25 18 14
6 30 24 13 24 28 25 18 14 6 30 24 28 25 18 14
6 30 24 28 13 24 28 25 18 14 6 30 24 28 25 18 14

24 23 12 26 21 11 30 24 23 12 26 21 11 30
24 23 12 26 21 11 30 24 23 19 23 12 26 21 11 30
24 23 12 26 21 11 30 24 23 12 19 23 12 26 21 11 30
24 23 12 26 21 11 30 24 23 12 19 12 26 21 11 30
24 23 12 26 21 11 30 24 23 12 26 19 12 26 21 11 30
24 23 19 23 12 26 21 11 30 24 23 12 26 21 11 30
24 23 12 19 23 12 26 21 11 30 24 23 12 26 21 11 30
24 23 12 19 12 26 21 11 30 24 23 12 26 21 11 30
24 23 12 26 19 12 26 21 11 30 24 23 12 26 21 11 30

5 10 29 18 13 13 13 5 10 29 18 13 13 13
5 10 29 18 13 13 13 5 10 13 10 29 18 13 13 13
5 10 29 18 13 13 13 5 10 29 13 10 29 18 13 13 13
5 10 29 18 13 13 13 5 10 29 13 29 18 13 13 13
5 10 29 18 13 13 13 5 10 29 18 13 29 18 13 13 13
5 10 13 10 29 18 13 13 13 5 10 29 18 13 13 13
5 10 29 13 10 29 18 13 13 13 5 10 29 18 13 13 13
5 10 29 13 29 18 13 13 13 5 10 29 18 13 13 13
5 10 29 18 13 29 18 13 13 13 5 10 29 18 13 13 13

11 24 8 13 23 28 17 11 24 8 13 23 28 17
11 24 8 13 23 28 17 11 24 9 24 8 13 23 28 17
11 24 8 13 23 28 17 11 24 8 9 24 8 13 23 28 17
11 24 8 13 23 28 17 11 24 8 9 8 13 23 28 17
11 24 8 13 23 28 17 11 24 8 13 9 8 13 23 28 17
11 24 9 24 8 13 23 28 17 11 24 8 13 23 28 17
11 24 8 9 24 8 13 23 28 17 11 24 8 13 23 28 17
11 24 8 9 8 13 23 28 17 11 24 8 13 23 28 17
11 24 8 13 9 8 13 23 28 17 11 24 8 13 23 28 17

26 20 26 14 18 17 7 26 20 26 14 18 17 7
26 20 26 14 18 17 7 26 20 14 20 26 14 18 17 7
26 20 26 14 18 17 7 26 20 26 14 20 26 14 18 17 7
26 20 26 14 18 17 7 26 20 26 14 26 14 18 17 7
26 20 26 14 18 17 7 26 20 26 14 14 26 14 18 17 7
26 20 14 20 26 14 18 17 7 26 20 26 14 18 17 7
26 20 26 14 20 26 14 18 17 7 26 20 26 14 18 17 7
26 20 26 14 26 14 18 17 7 26 20 26 14 18 17 7
26 20 26 14 14 26 14 18 17 7 26 20 26 14 18 17 7

16 5 17 10 5 26 17 16 5 17 10 5 26 17
16 5 17 10 5 26 17 16 5 6 5 17 10 5 26 17
16 5 17 10 5 26 17 16 5 17 6 5 17 10 5 26 17
16 5 17 10 5 26 17 16 5 17 6 17 10 5 26 17
16 5 17 10 5 26 17 16 5 17 10 6 17 10 5 26 17
16 5 6 5 17 10 5 26 17 16 5 17 10 5 26 17
16 5 17 6 5 17 10 5 26 17 16 5 17 10 5 26 17
16 5 17 6 17 10 5 26 17 16 5 17 10 5 26 17
16 5 17 10 6 17 10 5 26 17 16 5 17 10 5 26 17

7 10 6 22 30 20 21 7 10 6 22 30 20 21
7 10 6 22 30 20 21 7 10 19 10 6 22 30 20 21
7 10 6 22 30 20 21 7 10 6 19 10 6 22 30 20 21
7 10 6 22 30 20 21 7 10 6 19 6 22 30 20 21
7 10 6 22 30 20 21 7 10 6 22 19 6 22 30 20 21
7 10 19 10 6 22 30 20 21 7 10 6 22 30 20 21
7 10 6 19 10 6 22 30 20 21 7 10 6 22 30 20 21
7 10 6 19 6 22 30 20 21 7 10 6 22 30 20 21
7 10 6 22 19 6 22 30 20 21 7 10 6 22 30 20 21

14 18 8 27 5 12 6 14 18 8 27 5 12 6
14 18 8 27 5 12 6 14 18 13 18 8 27 5 12 6
14 18 8 27 5 12 6 14 18 8 13 18 8 27 5 12 6
14 18 8 27 5 12 6 14 18 8 13 8 27 5 12 6
14 18 8 27 5 12 6 14 18 8 27 13 8 27 5 12 6
14 18 13 18 8 27 5 12 6 14 18 8 27 5 12 6
14 18 8 13 18 8 27 5 12 6 14 18 8 27 5 12 6
14 18 8 13 8 27 5 12 6 14 18 8 27 5 12 6
14 18 8 27 13 8 27 5 12 6 14 18 8 27 5 12 6

18 11 15 7 11 21 20 18 11 15 7 11 21 20
18 11 15 7 11 21 20 18 11 15 11 15 7 11 21 20
18 11 15 7 11 21 20 18 11 15 15 11 15 7 11 21 20
18 11 15 7 11 21 20 18 11 15 15 15 7 11 21 20
18 11 15 7 11 21 20 18 11 15 7 15 15 7 11 21 20
18 11 15 11 15 7 11 21 20 18 11 15 7 11 21 20
18 11 15 15 11 15 7 11 21 20 18 11 15 7 11 21 20
18 11 15 15 15 7 11 21 20 18 11 15 7 11 21 20
18 11 15 7 15 15 7 11 21 20 18 11 15 7 11 21 20

25 5 30 15 25 11 28 25 5 30 15 25 11 28
25 5 30 15 25 11 28 25 5 8 5 30 15 25 11 28
25 5 30 15 25 11 28 25 5 30 8 5 30 15 25 11 28
25 5 30 15 25 11 28 25 5 30 8 30 15 25 11 28
25 5 30 15 25 11 28 25 5 30 15 8 30 15 25 11 28
25 5 8 5 30 15 25 11 28 25 5 30 15 25 11 28
25 5 30 8 5 30 15 25 11 28 25 5 30 15 25 11 28
25 5 30 8 30 15 25 11 28 25 5 30 15 25 11 28
25 5 30 15 8 30 15 25 11 28 25 5 30 15 25 11 28

28 12 19 26 16 16 29 28 12 19 26 16 16 29
28 12 19 26 16 16 29 28 12 17 12 19 26 16 16 29
28 12 19 26 16 16 29 28 12 19 17 12 19 26 16 16 29
28 12 19 26 16 16 29 28 12 19 17 19 26 16 16 29
28 12 19 26 16 16 29 28 12 19 26 17 19 26 16 16 29
28 12 17 12 19 26 16 16 29 28 12 19 26 16 16 29
28 12 19 17 12 19 26 16 16 29 28 12 19 26 16 16 29
28 12 19 17 19 26 16 16 29 28 12 19 26 16 16 29
28 12 19 26 17 19 26 16 16 29 28 12 19 26 16 16 29

9 15 17 12 30 30 5 9 15 17 12 30 30 5
9 15 17 12 30 30 5 9 15 8 15 17 12 30 30 5
9 15 17 12 30 30 5 9 15 17 8 15 17 12 30 30 5
9 15 17 12 30 30 5 9 15 17 8 17 12 30 30 5
9 15 17 12 30 30 5 9 15 17 12 8 17 12 30 30 5
9 15 8 15 17 12 30 30 5 9 15 17 12 30 30 5
9 15 17 8 15 17 12 30 30 5 9 15 17 12 30 30 5
9 15 17 8 17 12 30 30 5 9 15 17 12 30 30 5
9 15 17 12 8 17 12 30 30 5 9 15 17 12 30 30 5

17 24 22 22 11 19 7 17 24 22 22 11 19 7
17 24 22 22 11 19 7 17 24 6 24 22 22 11 19 7
17 24 22 22 11 19 7 17 24 22 6 24 22 22 11 19 7
17 24 22 22 11 19 7 17 24 22 6 22 22 11 19 7
17 24 22 22 11 19 7 17 24 22 22 6 22 22 11 19 7
17 24 6 24 22 22 11 19 7 17 24 22 22 11 19 7
17 24 22 6 24 22 22 11 19 7 17 24 22 22 11 19 7
17 24 22 6 22 22 11 19 7 17 24 22 22 11 19 7
17 24 22 22 6 22 22 11 19 7 17 24 22 22 11 19 7

14 9 25 28 26 18 10 14 9 25 28 26 18 10
14 9 25 28 26 18 10 14 9 20 9 25 28 26 18 10
14 9 25 28 26 18 10 14 9 25 20 9 25 28 26 18 10
14 9 25 28 26 18 10 14 9 25 20 25 28 26 18 10
14 9 25 28 26 18 10 14 9 25 28 20 25 28 26 18 10
14 9 20 9 25 28 26 18 10 14 9 25 28 26 18 10
14 9 25 20 9 25 28 26 18 10 14 9 25 28 26 18 10
14 9 25 20 25 28 26 18 10 14 9 25 28 26 18 10
14 9 25 28 20 25 28 26 18 10 14 9 25 28 26 18 10

25 9 17 18 23 24 9 25 9 17 18 23 24 9
25 9 17 18 23 24 9 25 9 7 9 17 18 23 24 9
25 9 17 18 23 24 9 25 9 17 7 9 17 18 23 24 9
25 9 17 18 23 24 9 25 9 17 7 17 18 23 24 9
25 9 17 18 23 24 9 25 9 17 18 7 17 18 23 24 9
25 9 7 9 17 18 23 24 9 25 9 17 18 23 24 9
25 9 17 7 9 17 18 23 24 9 25 9 17 18 23 24 9
25 9 17 7 17 18 23 24 9 25 9 17 18 23 24 9
25 9 17 18 7 17 18 23 24 9 25 9 17 18 23 24 9

15 20 22 17 11 29 8 15 20 22 17 11 29 8
15 20 22 17 11 29 8 15 20 6 20 22 17 11 29 8
15 20 22 17 11 29 8 15 20 22 6 20 22 17 11 29 8
15 20 22 17 11 29 8 15 20 22 6 22 17 11 29 8
15 20 22 17 11 29 8 15 20 22 17 6 22 17 11 29 8
15 20 6 20 22 17 11 29 8 15 20 22 17 11 29 8
15 20 22 6 20 22 17 11 29 8 15 20 22 17 11 29 8
15 20 22 6 22 17 11 29 8 15 20 22 17 11 29 8
15 20 22 17 6 22 17 11 29 8 15 20 22 17 11 29 8

17 17 5 6 9 28 18 17 17 5 6 9 28 18
17 17 5 6 9 28 18 17 17 11 17 5 6 9 28 18
17 17 5 6 9 28 18 17 17 5 11 17 5 6 9 28 18
17 17 5 6 9 28 18 17 17 5 11 5 6 9 28 18
17 17 5 6 9 28 18 17 17 5 6 11 5 6 9 28 18
17 17 11 17 5 6 9 28 18 17 17 5 6 9 28 18
17 17 5 11 17 5 6 9 28 18 17 17 5 6 9 28 18
17 17 5 11 5 6 9 28 18 17 17 5 6 9 28 18
17 17 5 6 11 5 6 9 28 18 17 17 5 6 9 28 18

18 30 5 19 23 16 26 18 30 5 19 23 16 26
18 30 5 19 23 16 26 18 30 16 30 5 19 23 16 26
18 30 5 19 23 16 26 18 30 5 16 30 5 19 23 16 26
18 30 5 19 23 16 26 18 30 5 16 5 19 23 16 26
18 30 5 19 23 16 26 18 30 5 19 16 5 19 23 16 26
18 30 16 30 5 19 23 16 26 18 30 5 19 23 16 26
18 30 5 16 30 5 19 23 16 26 18 30 5 19 23 16 26
18 30 5 16 5 19 23 16 26 18 30 5 19 23 16 26
18 30 5 19 16 5 19 23 16 26 18 30 5 19 23 16 26

10 6 5 19 13 26 6 10 6 5 19 13 26 6
10 6 5 19 13 26 6 10 6 17 6 5 19 13 26 6
10 6 5 19 13 26 6 10 6 5 17 6 5 19 13 26 6
10 6 5 19 13 26 6 10 6 5 17 5 19 13 26 6
10 6 5 19 13 26 6 10 6 5 19 17 5 19 13 26 6
10 6 17 6 5 19 13 26 6 10 6 5 19 13 26 6
10 6 5 17 6 5 19 13 26 6 10 6 5 19 13 26 6
10 6 5 17 5 19 13 26 6 10 6 5 19 13 26 6
10 6 5 19 17 5 19 13 26 6 10 6 5 19 13 26 6

8 5 25 14 24 19 6 8 5 25 14 24 19 6
8 5 25 14 24 19 6 8 5 17 5 25 14 24 19 6
8 5 25 14 24 19 6 8 5 25 17 5 25 14 24 19 6
8 5 25 14 24 19 6 8 5 25 17 25 14 24 19 6
8 5 25 14 24 19 6 8 5 25 14 17 25 14 24 19 6
8 5 17 5 25 14 24 19 6 8 5 25 14 24 19 6
8 5 25 17 5 25 14 24 19 6 8 5 25 14 24 19 6
8 5 25 17 25 14 24 19 6 8 5 25 14 24 19 6
8 5 25 14 17 25 14 24 19 6 8 5 25 14 24 19 6

30 17 7 26 26 28 18 30 17 7 26 26 28 18
30 17 7 26 26 28 18 30 17 5 17 7 26 26 28 18
30 17 7 26 26 28 18 30 17 7 5 17 7 26 26 28 18
30 17 7 26 26 28 18 30 17 7 5 7 26 26 28 18
30 17 7 26 26 28 18 30 17 7 26 5 7 26 26 28 18
30 17 5 17 7 26 26 28 18 30 17 7 26 26 28 18
30 17 7 5 17 7 26 26 28 18 30 17 7 26 26 28 18
30 17 7 5 7 26 26 28 18 30 17 7 26 26 28 18
30 17 7 26 5 7 26 26 28 18 30 17 7 26 26 28 18

17 8 9 23 29 8 17 17 8 9 23 29 8 17
17 8 9 23 29 8 17 17 8 7 8 9 23 29 8 17
17 8 9 23 29 8 17 17 8 9 7 8 9 23 29 8 17
17 8 9 23 29 8 17 17 8 9 7 9 23 29 8 17
17 8 9 23 29 8 17 17 8 9 23 7 9 23 29 8 17
17 8 7 8 9 23 29 8 17 17 8 9 23 29 8 17
17 8 9 7 8 9 23 29 8 17 17 8 9 23 29 8 17
17 8 9 7 9 23 29 8 17 17 8 9 23 29 8 17
17 8 9 23 7 9 23 29 8 17 17 8 9 23 29 8 17

25 24 15 19 11 28 22 25 24 15 19 11 28 22
25 24 15 19 11 28 22 25 24 14 24 15 19 11 28 22
25 24 15 19 11 28 22 25 24 15 14 24 15 19 11 28 22
25 24 15 19 11 28 22 25 24 15 14 15 19 11 28 22
25 24 15 19 11 28 22 25 24 15 19 14 15 19 11 28 22
25 24 14 24 15 19 11 28 22 25 24 15 19 11 28 22
25 24 15 14 24 15 19 11 28 22 25 24 15 19 11 28 22
25 24 15 14 15 19 11 28 22 25 24 15 19 11 28 22
25 24 15 19 14 15 19 11 28 22 25 24 15 19 11 28 22

9 29 18 22 21 29 26 9 29 18 22 21 29 26
9 29 18 22 21 29 26 9 29 11 29 18 22 21 29 26
9 29 18 22 21 29 26 9 29 18 11 29 18 22 21 29 26
9 29 18 22 21 29 26 9 29 18 11 18 22 21 29 26
9 29 18 22 21 29 26 9 29 18 22 11 18 22 21 29 26
9 29 11 29 18 22 21 29 26 9 29 18 22 21 29 26
9 29 18 11 29 18 22 21 29 26 9 29 18 22 21 29 26
9 29 18 11 18 22 21 29 26 9 29 18 22 21 29 26
9 29 18 22 11 18 22 21 29 26 9 29 18 22 21 29 26

26 13 23 14 20 25 13 26 13 23 14 20 25 13
26 13 23 14 20 25 13 26 13 16 13 23 14 20 25 13
26 13 23 14 20 25 13 26 13 23 16 13 23 14 20 25 13
26 13 23 14 20 25 13 26 13 23 16 23 14 20 25 13
26 13 23 14 20 25 13 26 13 23 14 16 23 14 20 25 13
26 13 16 13 23 14 20 25 13 26 13 23 14 20 25 13
26 13 23 16 13 23 14 20 25 13 26 13 23 14 20 25 13
26 13 23 16 23 14 20 25 13 26 13 23 14 20 25 13
26 13 23 14 16 23 14 20 25 13 26 13 23 14 20 25 13

24 15 15 30 25 18 13 24 15 15 30 25 18 13
24 15 15 30 25 18 13 24 15 5 15 15 30 25 18 13
24 15 15 30 25 18 13 24 15 15 5 15 15 30 25 18 13
24 15 15 30 25 18 13 24 15 15 5 15 30 25 18 13
24 15 15 30 25 18 13 24 15 15 30 5 15 30 25 18 13
24 15 5 15 15 30 25 18 13 24 15 15 30 25 18 13
24 15 15 5 15 15 30 25 18 13 24 15 15 30 25 18 13
24 15 15 5 15 30 25 18 13 24 15 15 30 25 18 13
24 15 15 30 5 15 30 25 18 13 24 15 15 30 25 18 13

16 14 14 24 5 17 24 16 14 14 24 5 17 24
16 14 14 24 5 17 24 16 14 6 14 14 24 5 17 24
16 14 14 24 5 17 24 16 14 14 6 14 14 24 5 17 24
16 14 14 24 5 17 24 16 14 14 6 14 24 5 17 24
16 14 14 24 5 17 24 16 14 14 24 6 14 24 5 17 24
16 14 6 14 14 24 5 17 24 16 14 14 24 5 17 24
16 14 14 6 14 14 24 5 17 24 16 14 14 24 5 17 24
16 14 14 6 14 24 5 17 24 16 14 14 24 5 17 24
16 14 14 24 6 14 24 5 17 24 16 14 14 24 5 17 24

19 24 26 11 6 27 11 19 24 26 11 6 27 11
19 24 26 11 6 27 11 19 24 9 24 26 11 6 27 11
19 24 26 11 6 27 11 19 24 26 9 24 26 11 6 27 11
19 24 26 11 6 27 11 19 24 26 9 26 11 6 27 11
19 24 26 11 6 27 11 19 24 26 11 9 26 11 6 27 11
19 24 9 24 26 11 6 27 11 19 24 26 11 6 27 11
19 24 26 9 24 26 11 6 27 11 19 24 26 11 6 27 11
19 24 26 9 26 11 6 27 11 19 24 26 11 6 27 11
19 24 26 11 9 26 11 6 27 11 19 24 26 11 6 27 11

12 23 18 20 9 20 30 12 23 18 20 9 20 30
12 23 18 20 9 20 30 12 23 19 23 18 20 9 20 30
12 23 18 20 9 20 30 12 23 18 19 23 18 20 9 20 30
12 23 18 20 9 20 30 12 23 18 19 18 20 9 20 30
12 23 18 20 9 20 30 12 23 18 20 19 18 20 9 20 30
12 23 19 23 18 20 9 20 30 12 23 18 20 9 20 30
12 23 18 19 23 18 20 9 20 30 12 23 18 20 9 20 30
12 23 18 19 18 20 9 20 30 12 23 18 20 9 20 30
12 23 18 20 19 18 20 9 20 30 12 23 18 20 9 20 30

15 12 16 10 5 17 22 15 12 16 10 5 17 22
15 12 16 10 5 17 22 15 12 17 12 16 10 5 17 22
15 12 16 10 5 17 22 15 12 16 17 12 16 10 5 17 22
15 12 16 10 5 17 22 15 12 16 17 16 10 5 17 22
15 12 16 10 5 17 22 15 12 16 10 17 16 10 5 17 22
15 12 17 12 16 10 5 17 22 15 12 16 10 5 17 22
15 12 16 17 12 16 10 5 17 22 15 12 16 10 5 17 22
15 12 16 17 16 10 5 17 22 15 12 16 10 5 17 22
15 12 16 10 17 16 10 5 17 22 15 12 16 10 5 17 22

22 30 22 6 17 5 14 22 30 22 6 17 5 14
22 30 22 6 17 5 14 22 30 16 30 22 6 17 5 14
22 30 22 6 17 5 14 22 30 22 16 30 22 6 17 5 14
22 30 22 6 17 5 14 22 30 22 16 22 6 17 5 14
22 30 22 6 17 5 14 22 30 22 6 16 22 6 17 5 14
22 30 16 30 22 6 17 5 14 22 30 22 6 17 5 14
22 30 22 16 30 22 6 17 5 14 22 30 22 6 17 5 14
22 30 22 16 22 6 17 5 14 22 30 22 6 17 5 14
22 30 22 6 16 22 6 17 5 14 22 30 22 6 17 5 14

30 22 13 23 13 13 8 30 22 13 23 13 13 8
30 22 13 23 13 13 8 30 22 13 22 13 23 13 13 8
30 22 13 23 13 13 8 30 22 13 13 22 13 23 13 13 8
30 22 13 23 13 13 8 30 22 13 13 13 23 13 13 8
30 22 13 23 13 13 8 30 22 13 23 13 13 23 13 13 8
30 22 13 22 13 23 13 13 8 30 22 13 23 13 13 8
30 22 13 13 22 13 23 13 13 8 30 22 13 23 13 13 8
30 22 13 13 13 23 13 13 8 30 22 13 23 13 13 8
30 22 13 23 13 13 23 13 13 8 30 22 13 23 13 13 8

30 26 14 14 18 29 14 30 26 14 14 18 29 14
30 26 14 14 18 29 14 30 26 18 26 14 14 18 29 14
30 26 14 14 18 29 14 30 26 14 18 26 14 14 18 29 14
30 26 14 14 18 29 14 30 26 14 18 14 14 18 29 14
30 26 14 14 18 29 14 30 26 14 14 18 14 14 18 29 14
30 26 18 26 14 14 18 29 14 30 26 14 14 18 29 14
30 26 14 18 26 14 14 18 29 14 30 26 14 14 18 29 14
30 26 14 18 14 14 18 29 14 30 26 14 14 18 29 14
30 26 14 14 18 14 14 18 29 14 30 26 14 14 18 29 14

12 15 26 13 9 30 10 12 15 26 13 9 30 10
12 15 26 13 9 30 10 12 15 12 15 26 13 9 30 10
12 15 26 13 9 30 10 12 15 26 12 15 26 13 9 30 10
12 15 26 13 9 30 10 12 15 26 12 26 13 9 30 10
12 15 26 13 9 30 10 12 15 26 13 12 26 13 9 30 10
12 15 12 15 26 13 9 30 10 12 15 26 13 9 30 10
12 15 26 12 15 26 13 9 30 10 12 15 26 13 9 30 10
12 15 26 12 26 13 9 30 10 12 15 26 13 9 30 10
12 15 26 13 12 26 13 9 30 10 12 15 26 13 9 30 10

30 29 16 17 10 26 14 30 29 16 17 10 26 14
30 29 16 17 10 26 14 30 29 10 29 16 17 10 26 14
30 29 16 17 10 26 14 30 29 16 10 29 16 17 10 26 14
30 29 16 17 10 26 14 30 29 16 10 16 17 10 26 14
30 29 16 17 10 26 14 30 29 16 17 10 16 17 10 26 14
30 29 10 29 16 17 10 26 14 30 29 16 17 10 26 14
30 29 16 10 29 16 17 10 26 14 30 29 16 17 10 26 14
30 29 16 10 16 17 10 26 14 30 29 16 17 10 26 14
30 29 16 17 10 16 17 10 26 14 30 29 16 17 10 26 14

10 6 5 15 20 22 8 10 6 5 15 20 22 8
10 6 5 15 20 22 8 10 6 11 6 5 15 20 22 8
10 6 5 15 20 22 8 10 6 5 11 6 5 15 20 22 8
10 6 5 15 20 22 8 10 6 5 11 5 15 20 22 8
10 6 5 15 20 22 8 10 6 5 15 11 5 15 20 22 8
10 6 11 6 5 15 20 22 8 10 6 5 15 20 22 8
10 6 5 11 6 5 15 20 22 8 10 6 5 15 20 22 8
10 6 5 11 5 15 20 22 8 10 6 5 15 20 22 8
10 6 5 15 11 5 15 20 22 8 10 6 5 15 20 22 8

13 8 6 18 10 27 13 13 8 6 18 10 27 13
13 8 6 18 10 27 13 13 8 19 8 6 18 10 27 13
13 8 6 18 10 27 13 13 8 6 19 8 6 18 10 27 13
13 8 6 18 10 27 13 13 8 6 19 6 18 10 27 13
13 8 6 18 10 27 13 13 8 6 18 19 6 18 10 27 13
13 8 19 8 6 18 10 27 13 13 8 6 18 10 27 13
13 8 6 19 8 6 18 10 27 13 13 8 6 18 10 27 13
13 8 6 19 6 18 10 27 13 13 8 6 18 10 27 13
13 8 6 18 19 6 18 10 27 13 13 8 6 18 10 27 13

15 5 26 11 11 13 27 15 5 26 11 11 13 27
15 5 26 11 11 13 27 15 5 13 5 26 11 11 13 27
15 5 26 11 11 13 27 15 5 26 13 5 26 11 11 13 27
15 5 26 11 11 13 27 15 5 26 13 26 11 11 13 27
15 5 26 11 11 13 27 15 5 26 11 13 26 11 11 13 27
15 5 13 5 26 11 11 13 27 15 5 26 11 11 13 27
15 5 26 13 5 26 11 11 13 27 15 5 26 11 11 13 27
15 5 26 13 26 11 11 13 27 15 5 26 11 11 13 27
15 5 26 11 13 26 11 11 13 27 15 5 26 11 11 13 27

16 14 26 20 11 21 23 16 14 26 20 11 21 23
16 14 26 20 11 21 23 16 14 17 14 26 20 11 21 23
16 14 26 20 11 21 23 16 14 26 17 14 26 20 11 21 23
16 14 26 20 11 21 23 16 14 26 17 26 20 11 21 23
16 14 26 20 11 21 23 16 14 26 20 17 26 20 11 21 23
16 14 17 14 26 20 11 21 23 16 14 26 20 11 21 23
16 14 26 17 14 26 20 11 21 23 16 14 26 20 11 21 23
16 14 26 17 26 20 11 21 23 16 14 26 20 11 21 23
16 14 26 20 17 26 20 11 21 23 16 14 26 20 11 21 23

25 29 16 24 27 15 15 25 29 16 24 27 15 15
25 29 16 24 27 15 15 25 29 9 29 16 24 27 15 15
25 29 16 24 27 15 15 25 29 16 9 29 16 24 27 15 15
25 29 16 24 27 15 15 25 29 16 9 16 24 27 15 15
25 29 16 24 27 15 15 25 29 16 24 9 16 24 27 15 15
25 29 9 29 16 24 27 15 15 25 29 16 24 27 15 15
25 29 16 9 29 16 24 27 15 15 25 29 16 24 27 15 15
25 29 16 9 16 24 27 15 15 25 29 16 24 27 15 15
25 29 16 24 9 16 24 27 15 15 25 29 16 24 27 15 15

24 13 8 20 5 11 12 24 13 8 20 5 11 12
24 13 8 20 5 11 12 24 13 20 13 8 20 5 11 12
24 13 8 20 5 11 12 24 13 8 20 13 8 20 5 11 12
24 13 8 20 5 11 12 24 13 8 20 8 20 5 11 12
24 13 8 20 5 11 12 24 13 8 20 20 8 20 5 11 12
24 13 20 13 8 20 5 11 12 24 13 8 20 5 11 12
24 13 8 20 13 8 20 5 11 12 24 13 8 20 5 11 12
24 13 8 20 8 20 5 11 12 24 13 8 20 5 11 12
24 13 8 20 20 8 20 5 11 12 24 13 8 20 5 11 12

5 12 14 27 15 15 25 5 12 14 27 15 15 25
5 12 14 27 15 15 25 5 12 9 12 14 27 15 15 25
5 12 14 27 15 15 25 5 12 14 9 12 14 27 15 15 25
5 12 14 27 15 15 25 5 12 14 9 14 27 15 15 25
5 12 14 27 15 15 25 5 12 14 27 9 14 27 15 15 25
5 12 9 12 14 27 15 15 25 5 12 14 27 15 15 25
5 12 14 9 12 14 27 15 15 25 5 12 14 27 15 15 25
5 12 14 9 14 27 15 15 25 5 12 14 27 15 15 25
5 12 14 27 9 14 27 15 15 25 5 12 14 27 15 15 25

11 27 5 16 16 22 30 11 27 5 16 16 22 30
11 27 5 16 16 22 30 11 27 14 27 5 16 16 22 30
11 27 5 16 16 22 30 11 27 5 14 27 5 16 16 22 30
11 27 5 16 16 22 30 11 27 5 14 5 16 16 22 30
11 27 5 16 16 22 30 11 27 5 16 14 5 16 16 22 30
11 27 14 27 5 16 16 22 30 11 27 5 16 16 22 30
11 27 5 14 27 5 16 16 22 30 11 27 5 16 16 22 30
11 27 5 14 5 16 16 22 30 11 27 5 16 16 22 30
11 27 5 16 14 5 16 16 22 30 11 27 5 16 16 22 30

26 14 27 10 15 17 30 26 14 27 10 15 17 30
26 14 27 10 15 17 30 26 14 8 14 27 10 15 17 30
26 14 27 10 15 17 30 26 14 27 8 14 27 10 15 17 30
26 14 27 10 15 17 30 26 14 27 8 27 10 15 17 30
26 14 27 10 15 17 30 26 14 27 10 8 27 10 15 17 30
26 14 8 14 27 10 15 17 30 26 14 27 10 15 17 30
26 14 27 8 14 27 10 15 17 30 26 14 27 10 15 17 30
26 14 27 8 27 10 15 17 30 26 14 27 10 15 17 30
26 14 27 10 8 27 10 15 17 30 26 14 27 10 15 17 30

12 12 21 8 5 15 23 12 12 21 8 5 15 23
12 12 21 8 5 15 23 12 12 12 12 21 8 5 15 23
12 12 21 8 5 15 23 12 12 21 12 12 21 8 5 15 23
12 12 21 8 5 15 23 12 12 21 12 21 8 5 15 23
12 12 21 8 5 15 23 12 12 21 8 12 21 8 5 15 23
12 12 12 12 21 8 5 15 23 12 12 21 8 5 15 23
12 12 21 12 12 21 8 5 15 23 12 12 21 8 5 15 23
12 12 21 12 21 8 5 15 23 12 12 21 8 5 15 23
12 12 21 8 12 21 8 5 15 23 12 12 21 8 5 15 23

20 7 16 7 28 7 16 20 7 16 7 28 7 16
20 7 16 7 28 7 16 20 7 16 7 16 7 28 7 16
20 7 16 7 28 7 16 20 7 16 16 7 16 7 28 7 16
20 7 16 7 28 7 16 20 7 16 16 16 7 28 7 16
20 7 16 7 28 7 16 20 7 16 7 16 16 7 28 7 16
20 7 16 7 16 7 28 7 16 20 7 16 7 28 7 16
20 7 16 16 7 16 7 28 7 16 20 7 16 7 28 7 16
20 7 16 16 16 7 28 7 16 20 7 16 7 28 7 16
20 7 16 7 16 16 7 28 7 16 20 7 16 7 28 7 16

29 17 18 14 25 26 25 29 17 18 14 25 26 25
29 17 18 14 25 26 25 29 17 14 17 18 14 25 26 25
29 17 18 14 25 26 25 29 17 18 14 17 18 14 25 26 25
29 17 18 14 25 26 25 29 17 18 14 18 14 25 26 25
29 17 18 14 25 26 25 29 17 18 14 14 18 14 25 26 25
29 17 14 17 18 14 25 26 25 29 17 18 14 25 26 25
29 17 18 14 17 18 14 25 26 25 29 17 18 14 25 26 25
29 17 18 14 18 14 25 26 25 29 17 18 14 25 26 25
29 17 18 14 14 18 14 25 26 25 29 17 18 14 25 26 25

21 20 19 7 9 25 26 21 20 19 7 9 25 26
21 20 19 7 9 25 26 21 20 16 20 19 7 9 25 26
21 20 19 7 9 25 26 21 20 19 16 20 19 7 9 25 26
21 20 19 7 9 25 26 21 20 19 16 19 7 9 25 26
21 20 19 7 9 25 26 21 20 19 7 16 19 7 9 25 26
21 20 16 20 19 7 9 25 26 21 20 19 7 9 25 26
21 20 19 16 20 19 7 9 25 26 21 20 19 7 9 25 26
21 20 19 16 19 7 9 25 26 21 20 19 7 9 25 26
21 20 19 7 16 19 7 9 25 26 21 20 19 7 9 25 26

19 30 22 20 24 11 18 19 30 22 20 24 11 18
19 30 22 20 24 11 18 19 30 12 30 22 20 24 11 18
19 30 22 20 24 11 18 19 30 22 12 30 22 20 24 11 18
19 30 22 20 24 11 18 19 30 22 12 22 20 24 11 18
19 30 22 20 24 11 18 19 30 22 20 12 22 20 24 11 18
19 30 12 30 22 20 24 11 18 19 30 22 20 24 11 18
19 30 22 12 30 22 20 24 11 18 19 30 22 20 24 11 18
19 30 22 12 22 20 24 11 18 19 30 22 20 24 11 18
19 30 22 20 12 22 20 24 11 18 19 30 22 20 24 11 18

5 13 7 18 12 8 9 5 13 7 18 12 8 9
5 13 7 18 12 8 9 5 13 15 13 7 18 12 8 9
5 13 7 18 12 8 9 5 13 7 15 13 7 18 12 8 9
5 13 7 18 12 8 9 5 13 7 15 7 18 12 8 9
5 13 7 18 12 8 9 5 13 7 18 15 7 18 12 8 9
5 13 15 13 7 18 12 8 9 5 13 7 18 12 8 9
5 13 7 15 13 7 18 12 8 9 5 13 7 18 12 8 9
5 13 7 15 7 18 12 8 9 5 13 7 18 12 8 9
5 13 7 18 15 7 18 12 8 9 5 13 7 18 12 8 9

20 6 24 11 13 15 9 20 6 24 11 13 15 9
20 6 24 11 13 15 9 20 6 19 6 24 11 13 15 9
20 6 24 11 13 15 9 20 6 24 19 6 24 11 13 15 9
20 6 24 11 13 15 9 20 6 24 19 24 11 13 15 9
20 6 24 11 13 15 9 20 6 24 11 19 24 11 13 15 9
20 6 19 6 24 11 13 15 9 20 6 24 11 13 15 9
20 6 24 19 6 24 11 13 15 9 20 6 24 11 13 15 9
20 6 24 19 24 11 13 15 9 20 6 24 11 13 15 9
20 6 24 11 19 24 11 13 15 9 20 6 24 11 13 15 9

15 8 21 14 20 16 9 15 8 21 14 20 16 9
15 8 21 14 20 16 9 15 8 13 8 21 14 20 16 9
15 8 21 14 20 16 9 15 8 21 13 8 21 14 20 16 9
15 8 21 14 20 16 9 15 8 21 13 21 14 20 16 9
15 8 21 14 20 16 9 15 8 21 14 13 21 14 20 16 9
15 8 13 8 21 14 20 16 9 15 8 21 14 20 16 9
15 8 21 13 8 21 14 20 16 9 15 8 21 14 20 16 9
15 8 21 13 21 14 20 16 9 15 8 21 14 20 16 9
15 8 21 14 13 21 14 20 16 9 15 8 21 14 20 16 9

26 27 10 21 30 18 24 26 27 10 21 30 18 24
26 27 10 21 30 18 24 26 27 5 27 10 21 30 18 24
26 27 10 21 30 18 24 26 27 10 5 27 10 21 30 18 24
26 27 10 21 30 18 24 26 27 10 5 10 21 30 18 24
26 27 10 21 30 18 24 26 27 10 21 5 10 21 30 18 24
26 27 5 27 10 21 30 18 24 26 27 10 21 30 18 24
26 27 10 5 27 10 21 30 18 24 26 27 10 21 30 18 24
26 27 10 5 10 21 30 18 24 26 27 10 21 30 18 24
26 27 10 21 5 10 21 30 18 24 26 27 10 21 30 18 24

8 7 17 25 21 18 13 8 7 17 25 21 18 13
8 7 17 25 21 18 13 8 7 14 7 17 25 21 18 13
8 7 17 25 21 18 13 8 7 17 14 7 17 25 21 18 13
8 7 17 25 21 18 13 8 7 17 14 17 25 21 18 13
8 7 17 25 21 18 13 8 7 17 25 14 17 25 21 18 13
8 7 14 7 17 25 21 18 13 8 7 17 25 21 18 13
8 7 17 14 7 17 25 21 18 13 8 7 17 25 21 18 13
8 7 17 14 17 25 21 18 13 8 7 17 25 21 18 13
8 7 17 25 14 17 25 21 18 13 8 7 17 25 21 18 13

28 30 30 28 14 10 27 28 30 30 28 14 10 27
28 30 30 28 14 10 27 28 30 11 30 30 28 14 10 27
28 30 30 28 14 10 27 28 30 30 11 30 30 28 14 10 27
28 30 30 28 14 10 27 28 30 30 11 30 28 14 10 27
28 30 30 28 14 10 27 28 30 30 28 11 30 28 14 10 27
28 30 11 30 30 28 14 10 27 28 30 30 28 14 10 27
28 30 30 11 30 30 28 14 10 27 28 30 30 28 14 10 27
28 30 30 11 30 28 14 10 27 28 30 30 28 14 10 27
28 30 30 28 11 30 28 14 10 27 28 30 30 28 14 10 27

18 8 20 6 28 26 26 18 8 20 6 28 26 26
18 8 20 6 28 26 26 18 8 15 8 20 6 28 26 26
18 8 20 6 28 26 26 18 8 20 15 8 20 6 28 26 26
18 8 20 6 28 26 26 18 8 20 15 20 6 28 26 26
18 8 20 6 28 26 26 18 8 20 6 15 20 6 28 26 26
18 8 15 8 20 6 28 26 26 18 8 20 6 28 26 26
18 8 20 15 8 20 6 28 26 26 18 8 20 6 28 26 26
18 8 20 15 20 6 28 26 26 18 8 20 6 28 26 26
18 8 20 6 15 20 6 28 26 26 18 8 20 6 28 26 26

29 28 5 15 14 19 25 29 28 5 15 14 19 25
29 28 5 15 14 19 25 29 28 9 28 5 15 14 19 25
29 28 5 15 14 19 25 29 28 5 9 28 5 15 14 19 25
29 28 5 15 14 19 25 29 28 5 9 5 15 14 19 25
29 28 5 15 14 19 25 29 28 5 15 9 5 15 14 19 25
29 28 9 28 5 15 14 19 25 29 28 5 15 14 19 25
29 28 5 9 28 5 15 14 19 25 29 28 5 15 14 19 25
29 28 5 9 5 15 14 19 25 29 28 5 15 14 19 25
29 28 5 15 9 5 15 14 19 25 29 28 5 15 14 19 25

18 21 12 12 8 26 26 18 21 12 12 8 26 26
18 21 12 12 8 26 26 18 21 5 21 12 12 8 26 26
18 21 12 12 8 26 26 18 21 12 5 21 12 12 8 26 26
18 21 12 12 8 26 26 18 21 12 5 12 12 8 26 26
18 21 12 12 8 26 26 18 21 12 12 5 12 12 8 26 26
18 21 5 21 12 12 8 26 26 18 21 12 12 8 26 26
18 21 12 5 21 12 12 8 26 26 18 21 12 12 8 26 26
18 21 12 5 12 12 8 26 26 18 21 12 12 8 26 26
18 21 12 12 5 12 12 8 26 26 18 21 12 12 8 26 26

30 20 17 20 7 28 10 30 20 17 20 7 28 10
30 20 17 20 7 28 10 30 20 14 20 17 20 7 28 10
30 20 17 20 7 28 10 30 20 17 14 20 17 20 7 28 10
30 20 17 20 7 28 10 30 20 17 14 17 20 7 28 10
30 20 17 20 7 28 10 30 20 17 20 14 17 20 7 28 10
30 20 14 20 17 20 7 28 10 30 20 17 20 7 28 10
30 20 17 14 20 17 20 7 28 10 30 20 17 20 7 28 10
30 20 17 14 17 20 7 28 10 30 20 17 20 7 28 10
30 20 17 20 14 17 20 7 28 10 30 20 17 20 7 28 10

30 11 30 21 28 7 6 30 11 30 21 28 7 6
30 11 30 21 28 7 6 30 11 17 11 30 21 28 7 6
30 11 30 21 28 7 6 30 11 30 17 11 30 21 28 7 6
30 11 30 21 28 7 6 30 11 30 17 30 21 28 7 6
30 11 30 21 28 7 6 30 11 30 21 17 30 21 28 7 6
30 11 17 11 30 21 28 7 6 30 11 30 21 28 7 6
30 11 30 17 11 30 21 28 7 6 30 11 30 21 28 7 6
30 11 30 17 30 21 28 7 6 30 11 30 21 28 7 6
30 11 30 21 17 30 21 28 7 6 30 11 30 21 28 7 6

26 28 15 7 15 20 9 26 28 15 7 15 20 9
26 28 15 7 15 20 9 26 28 10 28 15 7 15 20 9
26 28 15 7 15 20 9 26 28 15 10 28 15 7 15 20 9
26 28 15 7 15 20 9 26 28 15 10 15 7 15 20 9
26 28 15 7 15 20 9 26 28 15 7 10 15 7 15 20 9
26 28 10 28 15 7 15 20 9 26 28 15 7 15 20 9
26 28 15 10 28 15 7 15 20 9 26 28 15 7 15 20 9
26 28 15 10 15 7 15 20 9 26 28 15 7 15 20 9
26 28 15 7 10 15 7 15 20 9 26 28 15 7 15 20 9

10 29 8 9 16 18 29 10 29 8 9 16 18 29
10 29 8 9 16 18 29 10 29 11 29 8 9 16 18 29
10 29 8 9 16 18 29 10 29 8 11 29 8 9 16 18 29
10 29 8 9 16 18 29 10 29 8 11 8 9 16 18 29
10 29 8 9 16 18 29 10 29 8 9 11 8 9 16 18 29
10 29 11 29 8 9 16 18 29 10 29 8 9 16 18 29
10 29 8 11 29 8 9 16 18 29 10 29 8 9 16 18 29
10 29 8 11 8 9 16 18 29 10 29 8 9 16 18 29
10 29 8 9 11 8 9 16 18 29 10 29 8 9 16 18 29

9 5 24 27 28 27 8 9 5 24 27 28 27 8
9 5 24 27 28 27 8 9 5 6 5 24 27 28 27 8
9 5 24 27 28 27 8 9 5 24 6 5 24 27 28 27 8
9 5 24 27 28 27 8 9 5 24 6 24 27 28 27 8
9 5 24 27 28 27 8 9 5 24 27 6 24 27 28 27 8
9 5 6 5 24 27 28 27 8 9 5 24 27 28 27 8
9 5 24 6 5 24 27 28 27 8 9 5 24 27 28 27 8
9 5 24 6 24 27 28 27 8 9 5 24 27 28 27 8
9 5 24 27 6 24 27 28 27 8 9 5 24 27 28 27 8

24 22 15 24 7 7 10 24 22 15 24 7 7 10
24 22 15 24 7 7 10 24 22 11 22 15 24 7 7 10
24 22 15 24 7 7 10 24 22 15 11 22 15 24 7 7 10
24 22 15 24 7 7 10 24 22 15 11 15 24 7 7 10
24 22 15 24 7 7 10 24 22 15 24 11 15 24 7 7 10
24 22 11 22 15 24 7 7 10 24 22 15 24 7 7 10
24 22 15 11 22 15 24 7 7 10 24 22 15 24 7 7 10
24 22 15 11 15 24 7 7 10 24 22 15 24 7 7 10
24 22 15 24 11 15 24 7 7 10 24 22 15 24 7 7 10

15 16 16 15 8 9 19 15 16 16 15 8 9 19
15 16 16 15 8 9 19 15 16 7 16 16 15 8 9 19
15 16 16 15 8 9 19 15 16 16 7 16 16 15 8 9 19
15 16 16 15 8 9 19 15 16 16 7 16 15 8 9 19
15 16 16 15 8 9 19 15 16 16 15 7 16 15 8 9 19
15 16 7 16 16 15 8 9 19 15 16 16 15 8 9 19
15 16 16 7 16 16 15 8 9 19 15 16 16 15 8 9 19
15 16 16 7 16 15 8 9 19 15 16 16 15 8 9 19
15 16 16 15 7 16 15 8 9 19 15 16 16 15 8 9 19

16 16 22 12 28 19 21 16 16 22 12 28 19 21
16 16 22 12 28 19 21 16 16 8 16 22 12 28 19 21
16 16 22 12 28 19 21 16 16 22 8 16 22 12 28 19 21
16 16 22 12 28 19 21 16 16 22 8 22 12 28 19 21
16 16 22 12 28 19 21 16 16 22 12 8 22 12 28 19 21
16 16 8 16 22 12 28 19 21 16 16 22 12 28 19 21
16 16 22 8 16 22 12 28 19 21 16 16 22 12 28 19 21
16 16 22 8 22 12 28 19 21 16 16 22 12 28 19 21
16 16 22 12 8 22 12 28 19 21 16 16 22 12 28 19 21

29 28 22 14 19 13 9 29 28 22 14 19 13 9
29 28 22 14 19 13 9 29 28 9 28 22 14 19 13 9
29 28 22 14 19 13 9 29 28 22 9 28 22 14 19 13 9
29 28 22 14 19 13 9 29 28 22 9 22 14 19 13 9
29 28 22 14 19 13 9 29 28 22 14 9 22 14 19 13 9
29 28 9 28 22 14 19 13 9 29 28 22 14 19 13 9
29 28 22 9 28 22 14 19 13 9 29 28 22 14 19 13 9
29 28 22 9 22 14 19 13 9 29 28 22 14 19 13 9
29 28 22 14 9 22 14 19 13 9 29 28 22 14 19 13 9

15 7 10 8 6 10 11 15 7 10 8 6 10 11
15 7 10 8 6 10 11 15 7 17 7 10 8 6 10 11
15 7 10 8 6 10 11 15 7 10 17 7 10 8 6 10 11
15 7 10 8 6 10 11 15 7 10 17 10 8 6 10 11
15 7 10 8 6 10 11 15 7 10 8 17 10 8 6 10 11
15 7 17 7 10 8 6 10 11 15 7 10 8 6 10 11
15 7 10 17 7 10 8 6 10 11 15 7 10 8 6 10 11
15 7 10 17 10 8 6 10 11 15 7 10 8 6 10 11
15 7 10 8 17 10 8 6 10 11 15 7 10 8 6 10 11

13 8 15 12 13 25 13 13 8 15 12 13 25 13
13 8 15 12 13 25 13 13 8 11 8 15 12 13 25 13
13 8 15 12 13 25 13 13 8 15 11 8 15 12 13 25 13
13 8 15 12 13 25 13 13 8 15 11 15 12 13 25 13
13 8 15 12 13 25 13 13 8 15 12 11 15 12 13 25 13
13 8 11 8 15 12 13 25 13 13 8 15 12 13 25 13
13 8 15 11 8 15 12 13 25 13 13 8 15 12 13 25 13
13 8 15 11 15 12 13 25 13 13 8 15 12 13 25 13
13 8 15 12 11 15 12 13 25 13 13 8 15 12 13 25 13

11 19 15 27 17 27 29 11 19 15 27 17 27 29
11 19 15 27 17 27 29 11 19 13 19 15 27 17 27 29
11 19 15 27 17 27 29 11 19 15 13 19 15 27 17 27 29
11 19 15 27 17 27 29 11 19 15 13 15 27 17 27 29
11 19 15 27 17 27 29 11 19 15 27 13 15 27 17 27 29
11 19 13 19 15 27 17 27 29 11 19 15 27 17 27 29
11 19 15 13 19 15 27 17 27 29 11 19 15 27 17 27 29
11 19 15 13 15 27 17 27 29 11 19 15 27 17 27 29
11 19 15 27 13 15 27 17 27 29 11 19 15 27 17 27 29

10 12 13 7 13 30 7 10 12 13 7 13 30 7
10 12 13 7 13 30 7 10 12 12 12 13 7 13 30 7
10 12 13 7 13 30 7 10 12 13 12 12 13 7 13 30 7
10 12 13 7 13 30 7 10 12 13 12 13 7 13 30 7
10 12 13 7 13 30 7 10 12 13 7 12 13 7 13 30 7
10 12 12 12 13 7 13 30 7 10 12 13 7 13 30 7
10 12 13 12 12 13 7 13 30 7 10 12 13 7 13 30 7
10 12 13 12 13 7 13 30 7 10 12 13 7 13 30 7
10 12 13 7 12 13 7 13 30 7 10 12 13 7 13 30 7

25 19 23 13 12 6 19 25 19 23 13 12 6 19
25 19 23 13 12 6 19 25 19 5 19 23 13 12 6 19
25 19 23 13 12 6 19 25 19 23 5 19 23 13 12 6 19
25 19 23 13 12 6 19 25 19 23 5 23 13 12 6 19
25 19 23 13 12 6 19 25 19 23 13 5 23 13 12 6 19
25 19 5 19 23 13 12 6 19 25 19 23 13 12 6 19
25 19 23 5 19 23 13 12 6 19 25 19 23 13 12 6 19
25 19 23 5 23 13 12 6 19 25 19 23 13 12 6 19
25 19 23 13 5 23 13 12 6 19 25 19 23 13 12 6 19

10 17 19 23 6 19 21 10 17 19 23 6 19 21
10 17 19 23 6 19 21 10 17 12 17 19 23 6 19 21
10 17 19 23 6 19 21 10 17 19 12 17 19 23 6 19 21
10 17 19 23 6 19 21 10 17 19 12 19 23 6 19 21
10 17 19 23 6 19 21 10 17 19 23 12 19 23 6 19 21
10 17 12 17 19 23 6 19 21 10 17 19 23 6 19 21
10 17 19 12 17 19 23 6 19 21 10 17 19 23 6 19 21
10 17 19 12 19 23 6 19 21 10 17 19 23 6 19 21
10 17 19 23 12 19 23 6 19 21 10 17 19 23 6 19 21

19 25 30 5 17 9 7 19 25 30 5 17 9 7
19 25 30 5 17 9 7 19 25 6 25 30 5 17 9 7
19 25 30 5 17 9 7 19 25 30 6 25 30 5 17 9 7
19 25 30 5 17 9 7 19 25 30 6 30 5 17 9 7
19 25 30 5 17 9 7 19 25 30 5 6 30 5 17 9 7
19 25 6 25 30 5 17 9 7 19 25 30 5 17 9 7
19 25 30 6 25 30 5 17 9 7 19 25 30 5 17 9 7
19 25 30 6 30 5 17 9 7 19 25 30 5 17 9 7
19 25 30 5 6 30 5 17 9 7 19 25 30 5 17 9 7

8 20 16 9 11 16 11 8 20 16 9 11 16 11
8 20 16 9 11 16 11 8 20 11 20 16 9 11 16 11
8 20 16 9 11 16 11 8 20 16 11 20 16 9 11 16 11
8 20 16 9 11 16 11 8 20 16 11 16 9 11 16 11
8 20 16 9 11 16 11 8 20 16 9 11 16 9 11 16 11
8 20 11 20 16 9 11 16 11 8 20 16 9 11 16 11
8 20 16 11 20 16 9 11 16 11 8 20 16 9 11 16 11
8 20 16 11 16 9 11 16 11 8 20 16 9 11 16 11
8 20 16 9 11 16 9 11 16 11 8 20 16 9 11 16 11

15 13 9 18 24 11 15 15 13 9 18 24 11 15
15 13 9 18 24 11 15 15 13 6 13 9 18 24 11 15
15 13 9 18 24 11 15 15 13 9 6 13 9 18 24 11 15
15 13 9 18 24 11 15 15 13 9 6 9 18 24 11 15
15 13 9 18 24 11 15 15 13 9 18 6 9 18 24 11 15
15 13 6 13 9 18 24 11 15 15 13 9 18 24 11 15
15 13 9 6 13 9 18 24 11 15 15 13 9 18 24 11 15
15 13 9 6 9 18 24 11 15 15 13 9 18 24 11 15
15 13 9 18 6 9 18 24 11 15 15 13 9 18 24 11 15

5 29 22 12 20 30 6 5 29 22 12 20 30 6
5 29 22 12 20 30 6 5 29 13 29 22 12 20 30 6
5 29 22 12 20 30 6 5 29 22 13 29 22 12 20 30 6
5 29 22 12 20 30 6 5 29 22 13 22 12 20 30 6
5 29 22 12 20 30 6 5 29 22 12 13 22 12 20 30 6
5 29 13 29 22 12 20 30 6 5 29 22 12 20 30 6
5 29 22 13 29 22 12 20 30 6 5 29 22 12 20 30 6
5 29 22 13 22 12 20 30 6 5 29 22 12 20 30 6
5 29 22 12 13 22 12 20 30 6 5 29 22 12 20 30 6

29 10 10 21 25 19 6 29 10 10 21 25 19 6
29 10 10 21 25 19 6 29 10 5 10 10 21 25 19 6
29 10 10 21 25 19 6 29 10 10 5 10 10 21 25 19 6
29 10 10 21 25 19 6 29 10 10 5 10 21 25 19 6
29 10 10 21 25 19 6 29 10 10 21 5 10 21 25 19 6
29 10 5 10 10 21 25 19 6 29 10 10 21 25 19 6
29 10 10 5 10 10 21 25 19 6 29 10 10 21 25 19 6
29 10 10 5 10 21 25 19 6 29 10 10 21 25 19 6
29 10 10 21 5 10 21 25 19 6 29 10 10 21 25 19 6

30 19 5 6 8 17 14 30 19 5 6 8 17 14
30 19 5 6 8 17 14 30 19 14 19 5 6 8 17 14
30 19 5 6 8 17 14 30 19 5 14 19 5 6 8 17 14
30 19 5 6 8 17 14 30 19 5 14 5 6 8 17 14
30 19 5 6 8 17 14 30 19 5 6 14 5 6 8 17 14
30 19 14 19 5 6 8 17 14 30 19 5 6 8 17 14
30 19 5 14 19 5 6 8 17 14 30 19 5 6 8 17 14
30 19 5 14 5 6 8 17 14 30 19 5 6 8 17 14
30 19 5 6 14 5 6 8 17 14 30 19 5 6 8 17 14

28 21 6 23 15 29 7 28 21 6 23 15 29 7
28 21 6 23 15 29 7 28 21 15 21 6 23 15 29 7
28 21 6 23 15 29 7 28 21 6 15 21 6 23 15 29 7
28 21 6 23 15 29 7 28 21 6 15 6 23 15 29 7
28 21 6 23 15 29 7 28 21 6 23 15 6 23 15 29 7
28 21 15 21 6 23 15 29 7 28 21 6 23 15 29 7
28 21 6 15 21 6 23 15 29 7 28 21 6 23 15 29 7
28 21 6 15 6 23 15 29 7 28 21 6 23 15 29 7
28 21 6 23 15 6 23 15 29 7 28 21 6 23 15 29 7

27 24 28 28 16 10 23 27 24 28 28 16 10 23
27 24 28 28 16 10 23 27 24 9 24 28 28 16 10 23
27 24 28 28 16 10 23 27 24 28 9 24 28 28 16 10 23
27 24 28 28 16 10 23 27 24 28 9 28 28 16 10 23
27 24 28 28 16 10 23 27 24 28 28 9 28 28 16 10 23
27 24 9 24 28 28 16 10 23 27 24 28 28 16 10 23
27 24 28 9 24 28 28 16 10 23 27 24 28 28 16 10 23
27 24 28 9 28 28 16 10 23 27 24 28 28 16 10 23
27 24 28 28 9 28 28 16 10 23 27 24 28 28 16 10 23

18 7 28 19 20 30 26 18 7 28 19 20 30 26
18 7 28 19 20 30 26 18 7 8 7 28 19 20 30 26
18 7 28 19 20 30 26 18 7 28 8 7 28 19 20 30 26
18 7 28 19 20 30 26 18 7 28 8 28 19 20 30 26
18 7 28 19 20 30 26 18 7 28 19 8 28 19 20 30 26
18 7 8 7 28 19 20 30 26 18 7 28 19 20 30 26
18 7 28 8 7 28 19 20 30 26 18 7 28 19 20 30 26
18 7 28 8 28 19 20 30 26 18 7 28 19 20 30 26
18 7 28 19 8 28 19 20 30 26 18 7 28 19 20 30 26

10 20 14 11 22 30 29 10 20 14 11 22 30 29
10 20 14 11 22 30 29 10 20 11 20 14 11 22 30 29
10 20 14 11 22 30 29 10 20 14 11 20 14 11 22 30 29
10 20 14 11 22 30 29 10 20 14 11 14 11 22 30 29
10 20 14 11 22 30 29 10 20 14 11 11 14 11 22 30 29
10 20 11 20 14 11 22 30 29 10 20 14 11 22 30 29
10 20 14 11 20 14 11 22 30 29 10 20 14 11 22 30 29
10 20 14 11 14 11 22 30 29 10 20 14 11 22 30 29
10 20 14 11 11 14 11 22 30 29 10 20 14 11 22 30 29

8 13 8 6 22 30 16 8 13 8 6 22 30 16
8 13 8 6 22 30 16 8 13 17 13 8 6 22 30 16
8 13 8 6 22 30 16 8 13 8 17 13 8 6 22 30 16
8 13 8 6 22 30 16 8 13 8 17 8 6 22 30 16
8 13 8 6 22 30 16 8 13 8 6 17 8 6 22 30 16
8 13 17 13 8 6 22 30 16 8 13 8 6 22 30 16
8 13 8 17 13 8 6 22 30 16 8 13 8 6 22 30 16
8 13 8 17 8 6 22 30 16 8 13 8 6 22 30 16
8 13 8 6 17 8 6 22 30 16 8 13 8 6 22 30 16

24 29 23 8 19 16 23 24 29 23 8 19 16 23
24 29 23 8 19 16 23 24 29 8 29 23 8 19 16 23
24 29 23 8 19 16 23 24 29 23 8 29 23 8 19 16 23
24 29 23 8 19 16 23 24 29 23 8 23 8 19 16 23
24 29 23 8 19 16 23 24 29 23 8 8 23 8 19 16 23
24 29 8 29 23 8 19 16 23 24 29 23 8 19 16 23
24 29 23 8 29 23 8 19 16 23 24 29 23 8 19 16 23
24 29 23 8 23 8 19 16 23 24 29 23 8 19 16 23
24 29 23 8 8 23 8 19 16 23 24 29 23 8 19 16 23

21 23 20 20 7 24 20 21 23 20 20 7 24 20
21 23 20 20 7 24 20 21 23 19 23 20 20 7 24 20
21 23 20 20 7 24 20 21 23 20 19 23 20 20 7 24 20
21 23 20 20 7 24 20 21 23 20 19 20 20 7 24 20
21 23 20 20 7 24 20 21 23 20 20 19 20 20 7 24 20
21 23 19 23 20 20 7 24 20 21 23 20 20 7 24 20
21 23 20 19 23 20 20 7 24 20 21 23 20 20 7 24 20
21 23 20 19 20 20 7 24 20 21 23 20 20 7 24 20
21 23 20 20 19 20 20 7 24 20 21 23 20 20 7 24 20

