200
7
2
2

6
30
20
4
19
10
1
30
11
30
15
23
26
17
2
4
18
16
10
22
2
29
5
9
11
14
6
7
4
12
4
25
12
26
7
4
29
28
11
25
3
2
15
20
11
6
2
23
7
20
28
2
13
18
21
10
2
15
8
4
2
17
15
20
7
7
16
30
12
2
14
20
27
29
2
1
2
8
4
9
15
14
18
21
8
0
8
6
26
1
26
23
17
24
0
10
29
14
30
9
13
29
4
1
5
9
19
15
0
17
24
19
12
1
24
16
20
2
5
23
29
11
16
1
17
1
30
5
6
0
30
14
30
2
26
10
30
0
17
18
29
24
12
14
26
0
15
5
15
20
6
16
19
24
6
17
3
9
12
25
3
28
25
5
20
0
3
13
11
27
0
14
7
30
15
20
6
19
3
26
14
28
3
21
13
29
25
8
21
5
25
12
5
25
26
1
14
1
24
1

48 41 
34 41 
25 23 
18 33 
29 37 
28 33 
29 41 
28 31 
32 32 
29 34 
26 46 
23 26 
22 38 
43 37 
39 27 
35 30 
24 17 
41 34 
25 31 
22 23 
15 43 
29 18 
24 30 
30 12 
21 43 
48 41 
42 40 
29 17 
26 18 
33 35 
34 43 
14 35 
34 22 
50 27 
34 29 
29 24 
29 38 
21 34 
36 25 
37 31 
22 43 
32 17 
38 18 
21 34 
35 42 
36 34 
21 17 
15 20 
39 19 
27 24 
21 42 
36 44 
30 50 
20 41 
25 19 
41 30 
22 42 
29 48 
32 20 
34 30 
37 27 
32 28 
28 32 
13 48 
43 22 
25 23 
27 39 
25 32 
22 23 
19 17 
49 27 
20 42 
20 30 
38 41 
40 23 
35 26 
29 30 
20 41 
28 33 
30 19 
29 14 
40 19 
34 43 
42 29 
42 34 
19 29 
19 17 
22 17 
32 41 
40 18 
34 22 
35 31 
31 30 
15 38 
32 43 
37 30 
24 32 
27 22 
25 39 
30 21 
31 30 
48 37 
27 37 
41 20 
46 37 
27 14 
42 39 
24 44 
32 16 
17 17 
26 26 
21 10 
25 26 
31 26 
40 27 
43 17 
35 22 
34 18 
35 19 
11 36 
37 40 
46 41 
31 32 
28 47 
15 37 
32 42 
14 26 
14 40 
14 29 
40 33 
28 28 
11 15 
21 18 
30 47 
39 38 
34 17 
22 47 
41 18 
34 12 
47 38 
38 21 
34 40 
22 48 
34 26 
42 32 
16 35 
42 28 
16 29 
32 20 
39 48 
28 43 
19 35 
20 28 
19 33 
43 21 
15 24 
40 29 
45 37 
38 36 
38 49 
27 24 
28 21 
34 37 
17 15 
27 41 
18 28 
36 36 
49 21 
43 29 
20 34 
41 39 
41 41 
16 28 
31 35 
36 40 
40 25 
27 23 
25 28 
34 24 
31 17 
27 28 
37 26 
49 21 
22 15 
28 29 
27 31 
31 21 
22 33 
16 37 
17 13 
34 35 
21 22 
34 48 
40 47 
18 33 
35 22 
37 23 
39 24 
25 44 
15 22 

336
349
302
313
341
320
257
289
258
365
331
190
343
291
233
310
221
287
337
304
296
301
239
192
245
356
311
281
211
258
439
366
266
322
351
297
264
281
320
323
253
296
284
343
360
308
285
298
293
230
390
384
324
413
260
437
342
366
380
285
321
291
262
315
295
210
320
322
183
222
329
377
310
427
271
356
255
359
272
198
260
296
296
299
373
223
300
316
310
294
289
330
389
279
354
326
250
253
333
206
239
327
268
268
414
211
363
325
286
261
216
249
323
339
302
260
294
243
246
220
432
308
269
288
326
314
232
300
364
296
295
208
299
361
382
336
387
313
336
340
267
346
375
302
290
227
360
256
346
396
332
281
328
277
311
232
331
333
376
289
253
270
341
245
413
328
267
347
306
197
318
352
245
370
347
311
286
337
356
299
332
315
329
245
226
313
351
249
295
283
319
292
338
366
299
276
373
347
273
174

1 2 3 4 5 1 2 3 4 5 6 7
1 2 3 4 5 1 2 100 102 3 4 5 6 7
1 2 3 4 5 1 2 3 100 102 103 4 5 6 7
1 2 3 4 5 1 2 3 100 103 4 5 6 7
1 2 3 4 5 1 2 3 4 100 103 104 5 6 7
1 2 100 102 3 4 5 1 2 3 4 5 6 7
1 2 3 100 102 103 4 5 1 2 3 4 5 6 7
1 2 3 100 103 4 5 1 2 3 4 5 6 7
1 2 3 4 100 103 104 5 1 2 3 4 5 6 7

30 7 30 28 8 19 17 30 7 30 28 8 19 17
30 7 30 28 8 19 17 30 7 6 7 30 28 8 19 17
30 7 30 28 8 19 17 30 7 30 6 7 30 28 8 19 17
30 7 30 28 8 19 17 30 7 30 6 30 28 8 19 17
30 7 30 28 8 19 17 30 7 30 28 6 30 28 8 19 17
30 7 6 7 30 28 8 19 17 30 7 30 28 8 19 17
30 7 30 6 7 30 28 8 19 17 30 7 30 28 8 19 17
30 7 30 6 30 28 8 19 17 30 7 30 28 8 19 17
30 7 30 28 6 30 28 8 19 17 30 7 30 28 8 19 17

22 21 14 23 14 13 30 22 21 14 23 14 13 30
22 21 14 23 14 13 30 22 21 18 21 14 23 14 13 30
22 21 14 23 14 13 30 22 21 14 18 21 14 23 14 13 30
22 21 14 23 14 13 30 22 21 14 18 14 23 14 13 30
22 21 14 23 14 13 30 22 21 14 23 18 14 23 14 13 30
22 21 18 21 14 23 14 13 30 22 21 14 23 14 13 30
22 21 14 18 21 14 23 14 13 30 22 21 14 23 14 13 30
22 21 14 18 14 23 14 13 30 22 21 14 23 14 13 30
22 21 14 23 18 14 23 14 13 30 22 21 14 23 14 13 30

15 14 19 6 23 26 23 15 14 19 6 23 26 23
15 14 19 6 23 26 23 15 14 18 14 19 6 23 26 23
15 14 19 6 23 26 23 15 14 19 18 14 19 6 23 26 23
15 14 19 6 23 26 23 15 14 19 18 19 6 23 26 23
15 14 19 6 23 26 23 15 14 19 6 18 19 6 23 26 23
15 14 18 14 19 6 23 26 23 15 14 19 6 23 26 23
15 14 19 18 14 19 6 23 26 23 15 14 19 6 23 26 23
15 14 19 18 19 6 23 26 23 15 14 19 6 23 26 23
15 14 19 6 18 19 6 23 26 23 15 14 19 6 23 26 23

24 16 13 20 24 21 9 24 16 13 20 24 21 9
24 16 13 20 24 21 9 24 16 20 16 13 20 24 21 9
24 16 13 20 24 21 9 24 16 13 20 16 13 20 24 21 9
24 16 13 20 24 21 9 24 16 13 20 13 20 24 21 9
24 16 13 20 24 21 9 24 16 13 20 20 13 20 24 21 9
24 16 20 16 13 20 24 21 9 24 16 13 20 24 21 9
24 16 13 20 16 13 20 24 21 9 24 16 13 20 24 21 9
24 16 13 20 13 20 24 21 9 24 16 13 20 24 21 9
24 16 13 20 20 13 20 24 21 9 24 16 13 20 24 21 9

17 23 14 20 19 15 29 17 23 14 20 19 15 29
17 23 14 20 19 15 29 17 23 12 23 14 20 19 15 29
17 23 14 20 19 15 29 17 23 14 12 23 14 20 19 15 29
17 23 14 20 19 15 29 17 23 14 12 14 20 19 15 29
17 23 14 20 19 15 29 17 23 14 20 12 14 20 19 15 29
17 23 12 23 14 20 19 15 29 17 23 14 20 19 15 29
17 23 14 12 23 14 20 19 15 29 17 23 14 20 19 15 29
17 23 14 12 14 20 19 15 29 17 23 14 20 19 15 29
17 23 14 20 12 14 20 19 15 29 17 23 14 20 19 15 29

21 19 14 27 11 25 13 21 19 14 27 11 25 13
21 19 14 27 11 25 13 21 19 10 19 14 27 11 25 13
21 19 14 27 11 25 13 21 19 14 10 19 14 27 11 25 13
21 19 14 27 11 25 13 21 19 14 10 14 27 11 25 13
21 19 14 27 11 25 13 21 19 14 27 10 14 27 11 25 13
21 19 10 19 14 27 11 25 13 21 19 14 27 11 25 13
21 19 14 10 19 14 27 11 25 13 21 19 14 27 11 25 13
21 19 14 10 14 27 11 25 13 21 19 14 27 11 25 13
21 19 14 27 10 14 27 11 25 13 21 19 14 27 11 25 13

11 12 17 26 6 18 17 11 12 17 26 6 18 17
11 12 17 26 6 18 17 11 12 12 12 17 26 6 18 17
11 12 17 26 6 18 17 11 12 17 12 12 17 26 6 18 17
11 12 17 26 6 18 17 11 12 17 12 17 26 6 18 17
11 12 17 26 6 18 17 11 12 17 26 12 17 26 6 18 17
11 12 12 12 17 26 6 18 17 11 12 17 26 6 18 17
11 12 17 12 12 17 26 6 18 17 11 12 17 26 6 18 17
11 12 17 12 17 26 6 18 17 11 12 17 26 6 18 17
11 12 17 26 12 17 26 6 18 17 11 12 17 26 6 18 17

15 7 8 17 25 27 17 15 7 8 17 25 27 17
15 7 8 17 25 27 17 15 7 6 7 8 17 25 27 17
15 7 8 17 25 27 17 15 7 8 6 7 8 17 25 27 17
15 7 8 17 25 27 17 15 7 8 6 8 17 25 27 17
15 7 8 17 25 27 17 15 7 8 17 6 8 17 25 27 17
15 7 6 7 8 17 25 27 17 15 7 8 17 25 27 17
15 7 8 6 7 8 17 25 27 17 15 7 8 17 25 27 17
15 7 8 6 8 17 25 27 17 15 7 8 17 25 27 17
15 7 8 17 6 8 17 25 27 17 15 7 8 17 25 27 17

11 15 17 24 16 9 5 11 15 17 24 16 9 5
11 15 17 24 16 9 5 11 15 12 15 17 24 16 9 5
11 15 17 24 16 9 5 11 15 17 12 15 17 24 16 9 5
11 15 17 24 16 9 5 11 15 17 12 17 24 16 9 5
11 15 17 24 16 9 5 11 15 17 24 12 17 24 16 9 5
11 15 12 15 17 24 16 9 5 11 15 17 24 16 9 5
11 15 17 12 15 17 24 16 9 5 11 15 17 24 16 9 5
11 15 17 12 17 24 16 9 5 11 15 17 24 16 9 5
11 15 17 24 12 17 24 16 9 5 11 15 17 24 16 9 5

18 29 21 20 15 8 23 18 29 21 20 15 8 23
18 29 21 20 15 8 23 18 29 5 29 21 20 15 8 23
18 29 21 20 15 8 23 18 29 21 5 29 21 20 15 8 23
18 29 21 20 15 8 23 18 29 21 5 21 20 15 8 23
18 29 21 20 15 8 23 18 29 21 20 5 21 20 15 8 23
18 29 5 29 21 20 15 8 23 18 29 21 20 15 8 23
18 29 21 5 29 21 20 15 8 23 18 29 21 20 15 8 23
18 29 21 5 21 20 15 8 23 18 29 21 20 15 8 23
18 29 21 20 5 21 20 15 8 23 18 29 21 20 15 8 23

17 17 16 29 21 14 19 17 17 16 29 21 14 19
17 17 16 29 21 14 19 17 17 17 17 16 29 21 14 19
17 17 16 29 21 14 19 17 17 16 17 17 16 29 21 14 19
17 17 16 29 21 14 19 17 17 16 17 16 29 21 14 19
17 17 16 29 21 14 19 17 17 16 29 17 16 29 21 14 19
17 17 17 17 16 29 21 14 19 17 17 16 29 21 14 19
17 17 16 17 17 16 29 21 14 19 17 17 16 29 21 14 19
17 17 16 17 16 29 21 14 19 17 17 16 29 21 14 19
17 17 16 29 17 16 29 21 14 19 17 17 16 29 21 14 19

7 5 7 18 12 6 12 7 5 7 18 12 6 12
7 5 7 18 12 6 12 7 5 15 5 7 18 12 6 12
7 5 7 18 12 6 12 7 5 7 15 5 7 18 12 6 12
7 5 7 18 12 6 12 7 5 7 15 7 18 12 6 12
7 5 7 18 12 6 12 7 5 7 18 15 7 18 12 6 12
7 5 15 5 7 18 12 6 12 7 5 7 18 12 6 12
7 5 7 15 5 7 18 12 6 12 7 5 7 18 12 6 12
7 5 7 15 7 18 12 6 12 7 5 7 18 12 6 12
7 5 7 18 15 7 18 12 6 12 7 5 7 18 12 6 12

17 21 7 26 30 7 25 17 21 7 26 30 7 25
17 21 7 26 30 7 25 17 21 8 21 7 26 30 7 25
17 21 7 26 30 7 25 17 21 7 8 21 7 26 30 7 25
17 21 7 26 30 7 25 17 21 7 8 7 26 30 7 25
17 21 7 26 30 7 25 17 21 7 26 8 7 26 30 7 25
17 21 8 21 7 26 30 7 25 17 21 7 26 30 7 25
17 21 7 8 21 7 26 30 7 25 17 21 7 26 30 7 25
17 21 7 8 7 26 30 7 25 17 21 7 26 30 7 25
17 21 7 26 8 7 26 30 7 25 17 21 7 26 30 7 25

9 10 25 17 27 10 7 9 10 25 17 27 10 7
9 10 25 17 27 10 7 9 10 9 10 25 17 27 10 7
9 10 25 17 27 10 7 9 10 25 9 10 25 17 27 10 7
9 10 25 17 27 10 7 9 10 25 9 25 17 27 10 7
9 10 25 17 27 10 7 9 10 25 17 9 25 17 27 10 7
9 10 9 10 25 17 27 10 7 9 10 25 17 27 10 7
9 10 25 9 10 25 17 27 10 7 9 10 25 17 27 10 7
9 10 25 9 25 17 27 10 7 9 10 25 17 27 10 7
9 10 25 17 9 25 17 27 10 7 9 10 25 17 27 10 7

19 7 25 10 17 6 5 19 7 25 10 17 6 5
19 7 25 10 17 6 5 19 7 18 7 25 10 17 6 5
19 7 25 10 17 6 5 19 7 25 18 7 25 10 17 6 5
19 7 25 10 17 6 5 19 7 25 18 25 10 17 6 5
19 7 25 10 17 6 5 19 7 25 10 18 25 10 17 6 5
19 7 18 7 25 10 17 6 5 19 7 25 10 17 6 5
19 7 25 18 7 25 10 17 6 5 19 7 25 10 17 6 5
19 7 25 18 25 10 17 6 5 19 7 25 10 17 6 5
19 7 25 10 18 25 10 17 6 5 19 7 25 10 17 6 5

23 16 26 10 16 17 23 23 16 26 10 16 17 23
23 16 26 10 16 17 23 23 16 10 16 26 10 16 17 23
23 16 26 10 16 17 23 23 16 26 10 16 26 10 16 17 23
23 16 26 10 16 17 23 23 16 26 10 26 10 16 17 23
23 16 26 10 16 17 23 23 16 26 10 10 26 10 16 17 23
23 16 10 16 26 10 16 17 23 23 16 26 10 16 17 23
23 16 26 10 16 26 10 16 17 23 23 16 26 10 16 17 23
23 16 26 10 26 10 16 17 23 23 16 26 10 16 17 23
23 16 26 10 10 26 10 16 17 23 23 16 26 10 16 17 23

6 9 6 10 23 24 12 6 9 6 10 23 24 12
6 9 6 10 23 24 12 6 9 13 9 6 10 23 24 12
6 9 6 10 23 24 12 6 9 6 13 9 6 10 23 24 12
6 9 6 10 23 24 12 6 9 6 13 6 10 23 24 12
6 9 6 10 23 24 12 6 9 6 10 13 6 10 23 24 12
6 9 13 9 6 10 23 24 12 6 9 6 10 23 24 12
6 9 6 13 9 6 10 23 24 12 6 9 6 10 23 24 12
6 9 6 13 6 10 23 24 12 6 9 6 10 23 24 12
6 9 6 10 13 6 10 23 24 12 6 9 6 10 23 24 12

16 10 25 16 19 8 20 16 10 25 16 19 8 20
16 10 25 16 19 8 20 16 10 20 10 25 16 19 8 20
16 10 25 16 19 8 20 16 10 25 20 10 25 16 19 8 20
16 10 25 16 19 8 20 16 10 25 20 25 16 19 8 20
16 10 25 16 19 8 20 16 10 25 16 20 25 16 19 8 20
16 10 20 10 25 16 19 8 20 16 10 25 16 19 8 20
16 10 25 20 10 25 16 19 8 20 16 10 25 16 19 8 20
16 10 25 20 25 16 19 8 20 16 10 25 16 19 8 20
16 10 25 16 20 25 16 19 8 20 16 10 25 16 19 8 20

28 22 14 22 13 24 16 28 22 14 22 13 24 16
28 22 14 22 13 24 16 28 22 18 22 14 22 13 24 16
28 22 14 22 13 24 16 28 22 14 18 22 14 22 13 24 16
28 22 14 22 13 24 16 28 22 14 18 14 22 13 24 16
28 22 14 22 13 24 16 28 22 14 22 18 14 22 13 24 16
28 22 18 22 14 22 13 24 16 28 22 14 22 13 24 16
28 22 14 18 22 14 22 13 24 16 28 22 14 22 13 24 16
28 22 14 18 14 22 13 24 16 28 22 14 22 13 24 16
28 22 14 22 18 14 22 13 24 16 28 22 14 22 13 24 16

22 15 10 11 16 30 18 22 15 10 11 16 30 18
22 15 10 11 16 30 18 22 15 10 15 10 11 16 30 18
22 15 10 11 16 30 18 22 15 10 10 15 10 11 16 30 18
22 15 10 11 16 30 18 22 15 10 10 10 11 16 30 18
22 15 10 11 16 30 18 22 15 10 11 10 10 11 16 30 18
22 15 10 15 10 11 16 30 18 22 15 10 11 16 30 18
22 15 10 10 15 10 11 16 30 18 22 15 10 11 16 30 18
22 15 10 10 10 11 16 30 18 22 15 10 11 16 30 18
22 15 10 11 10 10 11 16 30 18 22 15 10 11 16 30 18

12 17 9 25 21 26 24 12 17 9 25 21 26 24
12 17 9 25 21 26 24 12 17 16 17 9 25 21 26 24
12 17 9 25 21 26 24 12 17 9 16 17 9 25 21 26 24
12 17 9 25 21 26 24 12 17 9 16 9 25 21 26 24
12 17 9 25 21 26 24 12 17 9 25 16 9 25 21 26 24
12 17 16 17 9 25 21 26 24 12 17 9 25 21 26 24
12 17 9 16 17 9 25 21 26 24 12 17 9 25 21 26 24
12 17 9 16 9 25 21 26 24 12 17 9 25 21 26 24
12 17 9 25 16 9 25 21 26 24 12 17 9 25 21 26 24

13 20 14 13 18 6 29 13 20 14 13 18 6 29
13 20 14 13 18 6 29 13 20 9 20 14 13 18 6 29
13 20 14 13 18 6 29 13 20 14 9 20 14 13 18 6 29
13 20 14 13 18 6 29 13 20 14 9 14 13 18 6 29
13 20 14 13 18 6 29 13 20 14 13 9 14 13 18 6 29
13 20 9 20 14 13 18 6 29 13 20 14 13 18 6 29
13 20 14 9 20 14 13 18 6 29 13 20 14 13 18 6 29
13 20 14 9 14 13 18 6 29 13 20 14 13 18 6 29
13 20 14 13 9 14 13 18 6 29 13 20 14 13 18 6 29

7 17 16 19 8 30 6 7 17 16 19 8 30 6
7 17 16 19 8 30 6 7 17 14 17 16 19 8 30 6
7 17 16 19 8 30 6 7 17 16 14 17 16 19 8 30 6
7 17 16 19 8 30 6 7 17 16 14 16 19 8 30 6
7 17 16 19 8 30 6 7 17 16 19 14 16 19 8 30 6
7 17 14 17 16 19 8 30 6 7 17 16 19 8 30 6
7 17 16 14 17 16 19 8 30 6 7 17 16 19 8 30 6
7 17 16 14 16 19 8 30 6 7 17 16 19 8 30 6
7 17 16 19 14 16 19 8 30 6 7 17 16 19 8 30 6

25 6 10 5 5 25 7 25 6 10 5 5 25 7
25 6 10 5 5 25 7 25 6 15 6 10 5 5 25 7
25 6 10 5 5 25 7 25 6 10 15 6 10 5 5 25 7
25 6 10 5 5 25 7 25 6 10 15 10 5 5 25 7
25 6 10 5 5 25 7 25 6 10 5 15 10 5 5 25 7
25 6 15 6 10 5 5 25 7 25 6 10 5 5 25 7
25 6 10 15 6 10 5 5 25 7 25 6 10 5 5 25 7
25 6 10 15 10 5 5 25 7 25 6 10 5 5 25 7
25 6 10 5 15 10 5 5 25 7 25 6 10 5 5 25 7

7 10 5 30 25 8 7 7 10 5 30 25 8 7
7 10 5 30 25 8 7 7 10 6 10 5 30 25 8 7
7 10 5 30 25 8 7 7 10 5 6 10 5 30 25 8 7
7 10 5 30 25 8 7 7 10 5 6 5 30 25 8 7
7 10 5 30 25 8 7 7 10 5 30 6 5 30 25 8 7
7 10 6 10 5 30 25 8 7 7 10 5 30 25 8 7
7 10 5 6 10 5 30 25 8 7 7 10 5 30 25 8 7
7 10 5 6 5 30 25 8 7 7 10 5 30 25 8 7
7 10 5 30 6 5 30 25 8 7 7 10 5 30 25 8 7

10 8 28 30 30 6 25 10 8 28 30 30 6 25
10 8 28 30 30 6 25 10 8 9 8 28 30 30 6 25
10 8 28 30 30 6 25 10 8 28 9 8 28 30 30 6 25
10 8 28 30 30 6 25 10 8 28 9 28 30 30 6 25
10 8 28 30 30 6 25 10 8 28 30 9 28 30 30 6 25
10 8 9 8 28 30 30 6 25 10 8 28 30 30 6 25
10 8 28 9 8 28 30 30 6 25 10 8 28 30 30 6 25
10 8 28 9 28 30 30 6 25 10 8 28 30 30 6 25
10 8 28 30 9 28 30 30 6 25 10 8 28 30 30 6 25

20 21 23 24 10 8 19 20 21 23 24 10 8 19
20 21 23 24 10 8 19 20 21 5 21 23 24 10 8 19
20 21 23 24 10 8 19 20 21 23 5 21 23 24 10 8 19
20 21 23 24 10 8 19 20 21 23 5 23 24 10 8 19
20 21 23 24 10 8 19 20 21 23 24 5 23 24 10 8 19
20 21 5 21 23 24 10 8 19 20 21 23 24 10 8 19
20 21 23 5 21 23 24 10 8 19 20 21 23 24 10 8 19
20 21 23 5 23 24 10 8 19 20 21 23 24 10 8 19
20 21 23 24 5 23 24 10 8 19 20 21 23 24 10 8 19

5 20 11 6 29 27 30 5 20 11 6 29 27 30
5 20 11 6 29 27 30 5 20 13 20 11 6 29 27 30
5 20 11 6 29 27 30 5 20 11 13 20 11 6 29 27 30
5 20 11 6 29 27 30 5 20 11 13 11 6 29 27 30
5 20 11 6 29 27 30 5 20 11 6 13 11 6 29 27 30
5 20 13 20 11 6 29 27 30 5 20 11 6 29 27 30
5 20 11 13 20 11 6 29 27 30 5 20 11 6 29 27 30
5 20 11 13 11 6 29 27 30 5 20 11 6 29 27 30
5 20 11 6 13 11 6 29 27 30 5 20 11 6 29 27 30

16 7 11 9 14 14 14 16 7 11 9 14 14 14
16 7 11 9 14 14 14 16 7 14 7 11 9 14 14 14
16 7 11 9 14 14 14 16 7 11 14 7 11 9 14 14 14
16 7 11 9 14 14 14 16 7 11 14 11 9 14 14 14
16 7 11 9 14 14 14 16 7 11 9 14 11 9 14 14 14
16 7 14 7 11 9 14 14 14 16 7 11 9 14 14 14
16 7 11 14 7 11 9 14 14 14 16 7 11 9 14 14 14
16 7 11 14 11 9 14 14 14 16 7 11 9 14 14 14
16 7 11 9 14 11 9 14 14 14 16 7 11 9 14 14 14

15 19 16 16 7 14 9 15 19 16 16 7 14 9
15 19 16 16 7 14 9 15 19 13 19 16 16 7 14 9
15 19 16 16 7 14 9 15 19 16 13 19 16 16 7 14 9
15 19 16 16 7 14 9 15 19 16 13 16 16 7 14 9
15 19 16 16 7 14 9 15 19 16 16 13 16 16 7 14 9
15 19 13 19 16 16 7 14 9 15 19 16 16 7 14 9
15 19 16 13 19 16 16 7 14 9 15 19 16 16 7 14 9
15 19 16 13 16 16 7 14 9 15 19 16 16 7 14 9
15 19 16 16 13 16 16 7 14 9 15 19 16 16 7 14 9

25 17 26 29 28 25 25 25 17 26 29 28 25 25
25 17 26 29 28 25 25 25 17 19 17 26 29 28 25 25
25 17 26 29 28 25 25 25 17 26 19 17 26 29 28 25 25
25 17 26 29 28 25 25 25 17 26 19 26 29 28 25 25
25 17 26 29 28 25 25 25 17 26 29 19 26 29 28 25 25
25 17 19 17 26 29 28 25 25 25 17 26 29 28 25 25
25 17 26 19 17 26 29 28 25 25 25 17 26 29 28 25 25
25 17 26 19 26 29 28 25 25 25 17 26 29 28 25 25
25 17 26 29 19 26 29 28 25 25 25 17 26 29 28 25 25

30 29 9 27 16 10 8 30 29 9 27 16 10 8
30 29 9 27 16 10 8 30 29 19 29 9 27 16 10 8
30 29 9 27 16 10 8 30 29 9 19 29 9 27 16 10 8
30 29 9 27 16 10 8 30 29 9 19 9 27 16 10 8
30 29 9 27 16 10 8 30 29 9 27 19 9 27 16 10 8
30 29 19 29 9 27 16 10 8 30 29 9 27 16 10 8
30 29 9 19 29 9 27 16 10 8 30 29 9 27 16 10 8
30 29 9 19 9 27 16 10 8 30 29 9 27 16 10 8
30 29 9 27 19 9 27 16 10 8 30 29 9 27 16 10 8

11 27 14 11 7 28 16 11 27 14 11 7 28 16
11 27 14 11 7 28 16 11 27 18 27 14 11 7 28 16
11 27 14 11 7 28 16 11 27 14 18 27 14 11 7 28 16
11 27 14 11 7 28 16 11 27 14 18 14 11 7 28 16
11 27 14 11 7 28 16 11 27 14 11 18 14 11 7 28 16
11 27 18 27 14 11 7 28 16 11 27 14 11 7 28 16
11 27 14 18 27 14 11 7 28 16 11 27 14 11 7 28 16
11 27 14 18 14 11 7 28 16 11 27 14 11 7 28 16
11 27 14 11 18 14 11 7 28 16 11 27 14 11 7 28 16

8 18 30 21 16 10 8 8 18 30 21 16 10 8
8 18 30 21 16 10 8 8 18 16 18 30 21 16 10 8
8 18 30 21 16 10 8 8 18 30 16 18 30 21 16 10 8
8 18 30 21 16 10 8 8 18 30 16 30 21 16 10 8
8 18 30 21 16 10 8 8 18 30 21 16 30 21 16 10 8
8 18 16 18 30 21 16 10 8 8 18 30 21 16 10 8
8 18 30 16 18 30 21 16 10 8 8 18 30 21 16 10 8
8 18 30 16 30 21 16 10 8 8 18 30 21 16 10 8
8 18 30 21 16 30 21 16 10 8 8 18 30 21 16 10 8

20 22 20 23 23 16 22 20 22 20 23 23 16 22
20 22 20 23 23 16 22 20 22 9 22 20 23 23 16 22
20 22 20 23 23 16 22 20 22 20 9 22 20 23 23 16 22
20 22 20 23 23 16 22 20 22 20 9 20 23 23 16 22
20 22 20 23 23 16 22 20 22 20 23 9 20 23 23 16 22
20 22 9 22 20 23 23 16 22 20 22 20 23 23 16 22
20 22 20 9 22 20 23 23 16 22 20 22 20 23 23 16 22
20 22 20 9 20 23 23 16 22 20 22 20 23 23 16 22
20 22 20 23 9 20 23 23 16 22 20 22 20 23 23 16 22

7 25 10 7 30 29 21 7 25 10 7 30 29 21
7 25 10 7 30 29 21 7 25 19 25 10 7 30 29 21
7 25 10 7 30 29 21 7 25 10 19 25 10 7 30 29 21
7 25 10 7 30 29 21 7 25 10 19 10 7 30 29 21
7 25 10 7 30 29 21 7 25 10 7 19 10 7 30 29 21
7 25 19 25 10 7 30 29 21 7 25 10 7 30 29 21
7 25 10 19 25 10 7 30 29 21 7 25 10 7 30 29 21
7 25 10 19 10 7 30 29 21 7 25 10 7 30 29 21
7 25 10 7 19 10 7 30 29 21 7 25 10 7 30 29 21

6 12 10 20 17 5 27 6 12 10 20 17 5 27
6 12 10 20 17 5 27 6 12 11 12 10 20 17 5 27
6 12 10 20 17 5 27 6 12 10 11 12 10 20 17 5 27
6 12 10 20 17 5 27 6 12 10 11 10 20 17 5 27
6 12 10 20 17 5 27 6 12 10 20 11 10 20 17 5 27
6 12 11 12 10 20 17 5 27 6 12 10 20 17 5 27
6 12 10 11 12 10 20 17 5 27 6 12 10 20 17 5 27
6 12 10 11 10 20 17 5 27 6 12 10 20 17 5 27
6 12 10 20 11 10 20 17 5 27 6 12 10 20 17 5 27

9 24 10 14 22 15 7 9 24 10 14 22 15 7
9 24 10 14 22 15 7 9 24 6 24 10 14 22 15 7
9 24 10 14 22 15 7 9 24 10 6 24 10 14 22 15 7
9 24 10 14 22 15 7 9 24 10 6 10 14 22 15 7
9 24 10 14 22 15 7 9 24 10 14 6 10 14 22 15 7
9 24 6 24 10 14 22 15 7 9 24 10 14 22 15 7
9 24 10 6 24 10 14 22 15 7 9 24 10 14 22 15 7
9 24 10 6 10 14 22 15 7 9 24 10 14 22 15 7
9 24 10 14 6 10 14 22 15 7 9 24 10 14 22 15 7

19 28 27 12 14 22 8 19 28 27 12 14 22 8
19 28 27 12 14 22 8 19 28 19 28 27 12 14 22 8
19 28 27 12 14 22 8 19 28 27 19 28 27 12 14 22 8
19 28 27 12 14 22 8 19 28 27 19 27 12 14 22 8
19 28 27 12 14 22 8 19 28 27 12 19 27 12 14 22 8
19 28 19 28 27 12 14 22 8 19 28 27 12 14 22 8
19 28 27 19 28 27 12 14 22 8 19 28 27 12 14 22 8
19 28 27 19 27 12 14 22 8 19 28 27 12 14 22 8
19 28 27 12 19 27 12 14 22 8 19 28 27 12 14 22 8

29 7 27 12 8 30 10 29 7 27 12 8 30 10
29 7 27 12 8 30 10 29 7 8 7 27 12 8 30 10
29 7 27 12 8 30 10 29 7 27 8 7 27 12 8 30 10
29 7 27 12 8 30 10 29 7 27 8 27 12 8 30 10
29 7 27 12 8 30 10 29 7 27 12 8 27 12 8 30 10
29 7 8 7 27 12 8 30 10 29 7 27 12 8 30 10
29 7 27 8 7 27 12 8 30 10 29 7 27 12 8 30 10
29 7 27 8 27 12 8 30 10 29 7 27 12 8 30 10
29 7 27 12 8 27 12 8 30 10 29 7 27 12 8 30 10

10 14 11 27 5 28 20 10 14 11 27 5 28 20
10 14 11 27 5 28 20 10 14 19 14 11 27 5 28 20
10 14 11 27 5 28 20 10 14 11 19 14 11 27 5 28 20
10 14 11 27 5 28 20 10 14 11 19 11 27 5 28 20
10 14 11 27 5 28 20 10 14 11 27 19 11 27 5 28 20
10 14 19 14 11 27 5 28 20 10 14 11 27 5 28 20
10 14 11 19 14 11 27 5 28 20 10 14 11 27 5 28 20
10 14 11 19 11 27 5 28 20 10 14 11 27 5 28 20
10 14 11 27 19 11 27 5 28 20 10 14 11 27 5 28 20

23 16 26 9 15 22 12 23 16 26 9 15 22 12
23 16 26 9 15 22 12 23 16 7 16 26 9 15 22 12
23 16 26 9 15 22 12 23 16 26 7 16 26 9 15 22 12
23 16 26 9 15 22 12 23 16 26 7 26 9 15 22 12
23 16 26 9 15 22 12 23 16 26 9 7 26 9 15 22 12
23 16 7 16 26 9 15 22 12 23 16 26 9 15 22 12
23 16 26 7 16 26 9 15 22 12 23 16 26 9 15 22 12
23 16 26 7 26 9 15 22 12 23 16 26 9 15 22 12
23 16 26 9 7 26 9 15 22 12 23 16 26 9 15 22 12

21 8 26 7 21 15 9 21 8 26 7 21 15 9
21 8 26 7 21 15 9 21 8 10 8 26 7 21 15 9
21 8 26 7 21 15 9 21 8 26 10 8 26 7 21 15 9
21 8 26 7 21 15 9 21 8 26 10 26 7 21 15 9
21 8 26 7 21 15 9 21 8 26 7 10 26 7 21 15 9
21 8 10 8 26 7 21 15 9 21 8 26 7 21 15 9
21 8 26 10 8 26 7 21 15 9 21 8 26 7 21 15 9
21 8 26 10 26 7 21 15 9 21 8 26 7 21 15 9
21 8 26 7 10 26 7 21 15 9 21 8 26 7 21 15 9

7 26 16 16 30 8 26 7 26 16 16 30 8 26
7 26 16 16 30 8 26 7 26 17 26 16 16 30 8 26
7 26 16 16 30 8 26 7 26 16 17 26 16 16 30 8 26
7 26 16 16 30 8 26 7 26 16 17 16 16 30 8 26
7 26 16 16 30 8 26 7 26 16 16 17 16 16 30 8 26
7 26 17 26 16 16 30 8 26 7 26 16 16 30 8 26
7 26 16 17 26 16 16 30 8 26 7 26 16 16 30 8 26
7 26 16 17 16 16 30 8 26 7 26 16 16 30 8 26
7 26 16 16 17 16 16 30 8 26 7 26 16 16 30 8 26

14 18 29 24 17 30 19 14 18 29 24 17 30 19
14 18 29 24 17 30 19 14 18 16 18 29 24 17 30 19
14 18 29 24 17 30 19 14 18 29 16 18 29 24 17 30 19
14 18 29 24 17 30 19 14 18 29 16 29 24 17 30 19
14 18 29 24 17 30 19 14 18 29 24 16 29 24 17 30 19
14 18 16 18 29 24 17 30 19 14 18 29 24 17 30 19
14 18 29 16 18 29 24 17 30 19 14 18 29 24 17 30 19
14 18 29 16 29 24 17 30 19 14 18 29 24 17 30 19
14 18 29 24 16 29 24 17 30 19 14 18 29 24 17 30 19

30 5 30 17 15 8 8 30 5 30 17 15 8 8
30 5 30 17 15 8 8 30 5 14 5 30 17 15 8 8
30 5 30 17 15 8 8 30 5 30 14 5 30 17 15 8 8
30 5 30 17 15 8 8 30 5 30 14 30 17 15 8 8
30 5 30 17 15 8 8 30 5 30 17 14 30 17 15 8 8
30 5 14 5 30 17 15 8 8 30 5 30 17 15 8 8
30 5 30 14 5 30 17 15 8 8 30 5 30 17 15 8 8
30 5 30 14 30 17 15 8 8 30 5 30 17 15 8 8
30 5 30 17 14 30 17 15 8 8 30 5 30 17 15 8 8

14 27 12 8 22 30 15 14 27 12 8 22 30 15
14 27 12 8 22 30 15 14 27 8 27 12 8 22 30 15
14 27 12 8 22 30 15 14 27 12 8 27 12 8 22 30 15
14 27 12 8 22 30 15 14 27 12 8 12 8 22 30 15
14 27 12 8 22 30 15 14 27 12 8 8 12 8 22 30 15
14 27 8 27 12 8 22 30 15 14 27 12 8 22 30 15
14 27 12 8 27 12 8 22 30 15 14 27 12 8 22 30 15
14 27 12 8 12 8 22 30 15 14 27 12 8 22 30 15
14 27 12 8 8 12 8 22 30 15 14 27 12 8 22 30 15

28 22 5 10 11 18 21 28 22 5 10 11 18 21
28 22 5 10 11 18 21 28 22 7 22 5 10 11 18 21
28 22 5 10 11 18 21 28 22 5 7 22 5 10 11 18 21
28 22 5 10 11 18 21 28 22 5 7 5 10 11 18 21
28 22 5 10 11 18 21 28 22 5 10 7 5 10 11 18 21
28 22 7 22 5 10 11 18 21 28 22 5 10 11 18 21
28 22 5 7 22 5 10 11 18 21 28 22 5 10 11 18 21
28 22 5 7 5 10 11 18 21 28 22 5 10 11 18 21
28 22 5 10 7 5 10 11 18 21 28 22 5 10 11 18 21

24 17 21 10 19 7 17 24 17 21 10 19 7 17
24 17 21 10 19 7 17 24 17 6 17 21 10 19 7 17
24 17 21 10 19 7 17 24 17 21 6 17 21 10 19 7 17
24 17 21 10 19 7 17 24 17 21 6 21 10 19 7 17
24 17 21 10 19 7 17 24 17 21 10 6 21 10 19 7 17
24 17 6 17 21 10 19 7 17 24 17 21 10 19 7 17
24 17 21 6 17 21 10 19 7 17 24 17 21 10 19 7 17
24 17 21 6 21 10 19 7 17 24 17 21 10 19 7 17
24 17 21 10 6 21 10 19 7 17 24 17 21 10 19 7 17

22 9 7 7 17 7 20 22 9 7 7 17 7 20
22 9 7 7 17 7 20 22 9 12 9 7 7 17 7 20
22 9 7 7 17 7 20 22 9 7 12 9 7 7 17 7 20
22 9 7 7 17 7 20 22 9 7 12 7 7 17 7 20
22 9 7 7 17 7 20 22 9 7 7 12 7 7 17 7 20
22 9 12 9 7 7 17 7 20 22 9 7 7 17 7 20
22 9 7 12 9 7 7 17 7 20 22 9 7 7 17 7 20
22 9 7 12 7 7 17 7 20 22 9 7 7 17 7 20
22 9 7 7 12 7 7 17 7 20 22 9 7 7 17 7 20

22 22 9 30 29 10 20 22 22 9 30 29 10 20
22 22 9 30 29 10 20 22 22 6 22 9 30 29 10 20
22 22 9 30 29 10 20 22 22 9 6 22 9 30 29 10 20
22 22 9 30 29 10 20 22 22 9 6 9 30 29 10 20
22 22 9 30 29 10 20 22 22 9 30 6 9 30 29 10 20
22 22 6 22 9 30 29 10 20 22 22 9 30 29 10 20
22 22 9 6 22 9 30 29 10 20 22 22 9 30 29 10 20
22 22 9 6 9 30 29 10 20 22 22 9 30 29 10 20
22 22 9 30 6 9 30 29 10 20 22 22 9 30 29 10 20

29 12 25 25 24 26 12 29 12 25 25 24 26 12
29 12 25 25 24 26 12 29 12 14 12 25 25 24 26 12
29 12 25 25 24 26 12 29 12 25 14 12 25 25 24 26 12
29 12 25 25 24 26 12 29 12 25 14 25 25 24 26 12
29 12 25 25 24 26 12 29 12 25 25 14 25 25 24 26 12
29 12 14 12 25 25 24 26 12 29 12 25 25 24 26 12
29 12 25 14 12 25 25 24 26 12 29 12 25 25 24 26 12
29 12 25 14 25 25 24 26 12 29 12 25 25 24 26 12
29 12 25 25 14 25 25 24 26 12 29 12 25 25 24 26 12

12 16 10 30 27 14 26 12 16 10 30 27 14 26
12 16 10 30 27 14 26 12 16 19 16 10 30 27 14 26
12 16 10 30 27 14 26 12 16 10 19 16 10 30 27 14 26
12 16 10 30 27 14 26 12 16 10 19 10 30 27 14 26
12 16 10 30 27 14 26 12 16 10 30 19 10 30 27 14 26
12 16 19 16 10 30 27 14 26 12 16 10 30 27 14 26
12 16 10 19 16 10 30 27 14 26 12 16 10 30 27 14 26
12 16 10 19 10 30 27 14 26 12 16 10 30 27 14 26
12 16 10 30 19 10 30 27 14 26 12 16 10 30 27 14 26

29 29 8 25 29 28 11 29 29 8 25 29 28 11
29 29 8 25 29 28 11 29 29 7 29 8 25 29 28 11
29 29 8 25 29 28 11 29 29 8 7 29 8 25 29 28 11
29 29 8 25 29 28 11 29 29 8 7 8 25 29 28 11
29 29 8 25 29 28 11 29 29 8 25 7 8 25 29 28 11
29 29 7 29 8 25 29 28 11 29 29 8 25 29 28 11
29 29 8 7 29 8 25 29 28 11 29 29 8 25 29 28 11
29 29 8 7 8 25 29 28 11 29 29 8 25 29 28 11
29 29 8 25 7 8 25 29 28 11 29 29 8 25 29 28 11

15 25 8 8 7 16 24 15 25 8 8 7 16 24
15 25 8 8 7 16 24 15 25 20 25 8 8 7 16 24
15 25 8 8 7 16 24 15 25 8 20 25 8 8 7 16 24
15 25 8 8 7 16 24 15 25 8 20 8 8 7 16 24
15 25 8 8 7 16 24 15 25 8 8 20 8 8 7 16 24
15 25 20 25 8 8 7 16 24 15 25 8 8 7 16 24
15 25 8 20 25 8 8 7 16 24 15 25 8 8 7 16 24
15 25 8 20 8 8 7 16 24 15 25 8 8 7 16 24
15 25 8 8 20 8 8 7 16 24 15 25 8 8 7 16 24

24 29 22 23 25 30 29 24 29 22 23 25 30 29
24 29 22 23 25 30 29 24 29 13 29 22 23 25 30 29
24 29 22 23 25 30 29 24 29 22 13 29 22 23 25 30 29
24 29 22 23 25 30 29 24 29 22 13 22 23 25 30 29
24 29 22 23 25 30 29 24 29 22 23 13 22 23 25 30 29
24 29 13 29 22 23 25 30 29 24 29 22 23 25 30 29
24 29 22 13 29 22 23 25 30 29 24 29 22 23 25 30 29
24 29 22 13 22 23 25 30 29 24 29 22 23 25 30 29
24 29 22 23 13 22 23 25 30 29 24 29 22 23 25 30 29

18 22 14 27 26 13 25 18 22 14 27 26 13 25
18 22 14 27 26 13 25 18 22 19 22 14 27 26 13 25
18 22 14 27 26 13 25 18 22 14 19 22 14 27 26 13 25
18 22 14 27 26 13 25 18 22 14 19 14 27 26 13 25
18 22 14 27 26 13 25 18 22 14 27 19 14 27 26 13 25
18 22 19 22 14 27 26 13 25 18 22 14 27 26 13 25
18 22 14 19 22 14 27 26 13 25 18 22 14 27 26 13 25
18 22 14 19 14 27 26 13 25 18 22 14 27 26 13 25
18 22 14 27 19 14 27 26 13 25 18 22 14 27 26 13 25

29 20 20 30 15 18 11 29 20 20 30 15 18 11
29 20 20 30 15 18 11 29 20 15 20 20 30 15 18 11
29 20 20 30 15 18 11 29 20 20 15 20 20 30 15 18 11
29 20 20 30 15 18 11 29 20 20 15 20 30 15 18 11
29 20 20 30 15 18 11 29 20 20 30 15 20 30 15 18 11
29 20 15 20 20 30 15 18 11 29 20 20 30 15 18 11
29 20 20 15 20 20 30 15 18 11 29 20 20 30 15 18 11
29 20 20 15 20 30 15 18 11 29 20 20 30 15 18 11
29 20 20 30 15 20 30 15 18 11 29 20 20 30 15 18 11

30 9 26 11 30 30 24 30 9 26 11 30 30 24
30 9 26 11 30 30 24 30 9 7 9 26 11 30 30 24
30 9 26 11 30 30 24 30 9 26 7 9 26 11 30 30 24
30 9 26 11 30 30 24 30 9 26 7 26 11 30 30 24
30 9 26 11 30 30 24 30 9 26 11 7 26 11 30 30 24
30 9 7 9 26 11 30 30 24 30 9 26 11 30 30 24
30 9 26 7 9 26 11 30 30 24 30 9 26 11 30 30 24
30 9 26 7 26 11 30 30 24 30 9 26 11 30 30 24
30 9 26 11 7 26 11 30 30 24 30 9 26 11 30 30 24

13 21 21 10 21 27 7 13 21 21 10 21 27 7
13 21 21 10 21 27 7 13 21 8 21 21 10 21 27 7
13 21 21 10 21 27 7 13 21 21 8 21 21 10 21 27 7
13 21 21 10 21 27 7 13 21 21 8 21 10 21 27 7
13 21 21 10 21 27 7 13 21 21 10 8 21 10 21 27 7
13 21 8 21 21 10 21 27 7 13 21 21 10 21 27 7
13 21 21 8 21 21 10 21 27 7 13 21 21 10 21 27 7
13 21 21 8 21 10 21 27 7 13 21 21 10 21 27 7
13 21 21 10 8 21 10 21 27 7 13 21 21 10 21 27 7

25 8 26 7 27 15 25 25 8 26 7 27 15 25
25 8 26 7 27 15 25 25 8 7 8 26 7 27 15 25
25 8 26 7 27 15 25 25 8 26 7 8 26 7 27 15 25
25 8 26 7 27 15 25 25 8 26 7 26 7 27 15 25
25 8 26 7 27 15 25 25 8 26 7 7 26 7 27 15 25
25 8 7 8 26 7 27 15 25 25 8 26 7 27 15 25
25 8 26 7 8 26 7 27 15 25 25 8 26 7 27 15 25
25 8 26 7 26 7 27 15 25 25 8 26 7 27 15 25
25 8 26 7 7 26 7 27 15 25 25 8 26 7 27 15 25

18 24 13 11 18 11 17 18 24 13 11 18 11 17
18 24 13 11 18 11 17 18 24 17 24 13 11 18 11 17
18 24 13 11 18 11 17 18 24 13 17 24 13 11 18 11 17
18 24 13 11 18 11 17 18 24 13 17 13 11 18 11 17
18 24 13 11 18 11 17 18 24 13 11 17 13 11 18 11 17
18 24 17 24 13 11 18 11 17 18 24 13 11 18 11 17
18 24 13 17 24 13 11 18 11 17 18 24 13 11 18 11 17
18 24 13 17 13 11 18 11 17 18 24 13 11 18 11 17
18 24 13 11 17 13 11 18 11 17 18 24 13 11 18 11 17

15 12 15 26 13 6 14 15 12 15 26 13 6 14
15 12 15 26 13 6 14 15 12 13 12 15 26 13 6 14
15 12 15 26 13 6 14 15 12 15 13 12 15 26 13 6 14
15 12 15 26 13 6 14 15 12 15 13 15 26 13 6 14
15 12 15 26 13 6 14 15 12 15 26 13 15 26 13 6 14
15 12 13 12 15 26 13 6 14 15 12 15 26 13 6 14
15 12 15 13 12 15 26 13 6 14 15 12 15 26 13 6 14
15 12 15 13 15 26 13 6 14 15 12 15 26 13 6 14
15 12 15 26 13 15 26 13 6 14 15 12 15 26 13 6 14

16 8 6 30 28 18 10 16 8 6 30 28 18 10
16 8 6 30 28 18 10 16 8 9 8 6 30 28 18 10
16 8 6 30 28 18 10 16 8 6 9 8 6 30 28 18 10
16 8 6 30 28 18 10 16 8 6 9 6 30 28 18 10
16 8 6 30 28 18 10 16 8 6 30 9 6 30 28 18 10
16 8 9 8 6 30 28 18 10 16 8 6 30 28 18 10
16 8 6 9 8 6 30 28 18 10 16 8 6 30 28 18 10
16 8 6 9 6 30 28 18 10 16 8 6 30 28 18 10
16 8 6 30 9 6 30 28 18 10 16 8 6 30 28 18 10

10 20 27 8 27 11 6 10 20 27 8 27 11 6
10 20 27 8 27 11 6 10 20 5 20 27 8 27 11 6
10 20 27 8 27 11 6 10 20 27 5 20 27 8 27 11 6
10 20 27 8 27 11 6 10 20 27 5 27 8 27 11 6
10 20 27 8 27 11 6 10 20 27 8 5 27 8 27 11 6
10 20 5 20 27 8 27 11 6 10 20 27 8 27 11 6
10 20 27 5 20 27 8 27 11 6 10 20 27 8 27 11 6
10 20 27 5 27 8 27 11 6 10 20 27 8 27 11 6
10 20 27 8 5 27 8 27 11 6 10 20 27 8 27 11 6

13 6 7 15 7 27 28 13 6 7 15 7 27 28
13 6 7 15 7 27 28 13 6 8 6 7 15 7 27 28
13 6 7 15 7 27 28 13 6 7 8 6 7 15 7 27 28
13 6 7 15 7 27 28 13 6 7 8 7 15 7 27 28
13 6 7 15 7 27 28 13 6 7 15 8 7 15 7 27 28
13 6 8 6 7 15 7 27 28 13 6 7 15 7 27 28
13 6 7 8 6 7 15 7 27 28 13 6 7 15 7 27 28
13 6 7 8 7 15 7 27 28 13 6 7 15 7 27 28
13 6 7 15 8 7 15 7 27 28 13 6 7 15 7 27 28

14 27 21 25 13 12 14 14 27 21 25 13 12 14
14 27 21 25 13 12 14 14 27 5 27 21 25 13 12 14
14 27 21 25 13 12 14 14 27 21 5 27 21 25 13 12 14
14 27 21 25 13 12 14 14 27 21 5 21 25 13 12 14
14 27 21 25 13 12 14 14 27 21 25 5 21 25 13 12 14
14 27 5 27 21 25 13 12 14 14 27 21 25 13 12 14
14 27 21 5 27 21 25 13 12 14 14 27 21 25 13 12 14
14 27 21 5 21 25 13 12 14 14 27 21 25 13 12 14
14 27 21 25 5 21 25 13 12 14 14 27 21 25 13 12 14

24 23 20 23 8 9 8 24 23 20 23 8 9 8
24 23 20 23 8 9 8 24 23 17 23 20 23 8 9 8
24 23 20 23 8 9 8 24 23 20 17 23 20 23 8 9 8
24 23 20 23 8 9 8 24 23 20 17 20 23 8 9 8
24 23 20 23 8 9 8 24 23 20 23 17 20 23 8 9 8
24 23 17 23 20 23 8 9 8 24 23 20 23 8 9 8
24 23 20 17 23 20 23 8 9 8 24 23 20 23 8 9 8
24 23 20 17 20 23 8 9 8 24 23 20 23 8 9 8
24 23 20 23 17 20 23 8 9 8 24 23 20 23 8 9 8

7 19 7 8 14 10 7 7 19 7 8 14 10 7
7 19 7 8 14 10 7 7 19 10 19 7 8 14 10 7
7 19 7 8 14 10 7 7 19 7 10 19 7 8 14 10 7
7 19 7 8 14 10 7 7 19 7 10 7 8 14 10 7
7 19 7 8 14 10 7 7 19 7 8 10 7 8 14 10 7
7 19 10 19 7 8 14 10 7 7 19 7 8 14 10 7
7 19 7 10 19 7 8 14 10 7 7 19 7 8 14 10 7
7 19 7 10 7 8 14 10 7 7 19 7 8 14 10 7
7 19 7 8 10 7 8 14 10 7 7 19 7 8 14 10 7

5 11 7 9 24 28 16 5 11 7 9 24 28 16
5 11 7 9 24 28 16 5 11 20 11 7 9 24 28 16
5 11 7 9 24 28 16 5 11 7 20 11 7 9 24 28 16
5 11 7 9 24 28 16 5 11 7 20 7 9 24 28 16
5 11 7 9 24 28 16 5 11 7 9 20 7 9 24 28 16
5 11 20 11 7 9 24 28 16 5 11 7 9 24 28 16
5 11 7 20 11 7 9 24 28 16 5 11 7 9 24 28 16
5 11 7 20 7 9 24 28 16 5 11 7 9 24 28 16
5 11 7 9 20 7 9 24 28 16 5 11 7 9 24 28 16

28 21 30 11 9 26 8 28 21 30 11 9 26 8
28 21 30 11 9 26 8 28 21 8 21 30 11 9 26 8
28 21 30 11 9 26 8 28 21 30 8 21 30 11 9 26 8
28 21 30 11 9 26 8 28 21 30 8 30 11 9 26 8
28 21 30 11 9 26 8 28 21 30 11 8 30 11 9 26 8
28 21 8 21 30 11 9 26 8 28 21 30 11 9 26 8
28 21 30 8 21 30 11 9 26 8 28 21 30 11 9 26 8
28 21 30 8 30 11 9 26 8 28 21 30 11 9 26 8
28 21 30 11 8 30 11 9 26 8 28 21 30 11 9 26 8

30 24 8 23 26 29 12 30 24 8 23 26 29 12
30 24 8 23 26 29 12 30 24 14 24 8 23 26 29 12
30 24 8 23 26 29 12 30 24 8 14 24 8 23 26 29 12
30 24 8 23 26 29 12 30 24 8 14 8 23 26 29 12
30 24 8 23 26 29 12 30 24 8 23 14 8 23 26 29 12
30 24 14 24 8 23 26 29 12 30 24 8 23 26 29 12
30 24 8 14 24 8 23 26 29 12 30 24 8 23 26 29 12
30 24 8 14 8 23 26 29 12 30 24 8 23 26 29 12
30 24 8 23 14 8 23 26 29 12 30 24 8 23 26 29 12

27 21 9 17 6 22 16 27 21 9 17 6 22 16
27 21 9 17 6 22 16 27 21 9 21 9 17 6 22 16
27 21 9 17 6 22 16 27 21 9 9 21 9 17 6 22 16
27 21 9 17 6 22 16 27 21 9 9 9 17 6 22 16
27 21 9 17 6 22 16 27 21 9 17 9 9 17 6 22 16
27 21 9 21 9 17 6 22 16 27 21 9 17 6 22 16
27 21 9 9 21 9 17 6 22 16 27 21 9 17 6 22 16
27 21 9 9 9 17 6 22 16 27 21 9 17 6 22 16
27 21 9 17 9 9 17 6 22 16 27 21 9 17 6 22 16

24 15 21 26 28 23 24 24 15 21 26 28 23 24
24 15 21 26 28 23 24 24 15 12 15 21 26 28 23 24
24 15 21 26 28 23 24 24 15 21 12 15 21 26 28 23 24
24 15 21 26 28 23 24 24 15 21 12 21 26 28 23 24
24 15 21 26 28 23 24 24 15 21 26 12 21 26 28 23 24
24 15 12 15 21 26 28 23 24 24 15 21 26 28 23 24
24 15 21 12 15 21 26 28 23 24 24 15 21 26 28 23 24
24 15 21 12 21 26 28 23 24 24 15 21 26 28 23 24
24 15 21 26 12 21 26 28 23 24 24 15 21 26 28 23 24

16 20 22 7 13 25 6 16 20 22 7 13 25 6
16 20 22 7 13 25 6 16 20 9 20 22 7 13 25 6
16 20 22 7 13 25 6 16 20 22 9 20 22 7 13 25 6
16 20 22 7 13 25 6 16 20 22 9 22 7 13 25 6
16 20 22 7 13 25 6 16 20 22 7 9 22 7 13 25 6
16 20 9 20 22 7 13 25 6 16 20 22 7 13 25 6
16 20 22 9 20 22 7 13 25 6 16 20 22 7 13 25 6
16 20 22 9 22 7 13 25 6 16 20 22 7 13 25 6
16 20 22 7 9 22 7 13 25 6 16 20 22 7 13 25 6

22 21 30 17 13 16 28 22 21 30 17 13 16 28
22 21 30 17 13 16 28 22 21 8 21 30 17 13 16 28
22 21 30 17 13 16 28 22 21 30 8 21 30 17 13 16 28
22 21 30 17 13 16 28 22 21 30 8 30 17 13 16 28
22 21 30 17 13 16 28 22 21 30 17 8 30 17 13 16 28
22 21 8 21 30 17 13 16 28 22 21 30 17 13 16 28
22 21 30 8 21 30 17 13 16 28 22 21 30 17 13 16 28
22 21 30 8 30 17 13 16 28 22 21 30 17 13 16 28
22 21 30 17 8 30 17 13 16 28 22 21 30 17 13 16 28

24 7 23 19 7 11 16 24 7 23 19 7 11 16
24 7 23 19 7 11 16 24 7 13 7 23 19 7 11 16
24 7 23 19 7 11 16 24 7 23 13 7 23 19 7 11 16
24 7 23 19 7 11 16 24 7 23 13 23 19 7 11 16
24 7 23 19 7 11 16 24 7 23 19 13 23 19 7 11 16
24 7 13 7 23 19 7 11 16 24 7 23 19 7 11 16
24 7 23 13 7 23 19 7 11 16 24 7 23 19 7 11 16
24 7 23 13 23 19 7 11 16 24 7 23 19 7 11 16
24 7 23 19 13 23 19 7 11 16 24 7 23 19 7 11 16

20 26 8 24 28 24 5 20 26 8 24 28 24 5
20 26 8 24 28 24 5 20 26 17 26 8 24 28 24 5
20 26 8 24 28 24 5 20 26 8 17 26 8 24 28 24 5
20 26 8 24 28 24 5 20 26 8 17 8 24 28 24 5
20 26 8 24 28 24 5 20 26 8 24 17 8 24 28 24 5
20 26 17 26 8 24 28 24 5 20 26 8 24 28 24 5
20 26 8 17 26 8 24 28 24 5 20 26 8 24 28 24 5
20 26 8 17 8 24 28 24 5 20 26 8 24 28 24 5
20 26 8 24 17 8 24 28 24 5 20 26 8 24 28 24 5

15 20 20 22 7 10 12 15 20 20 22 7 10 12
15 20 20 22 7 10 12 15 20 19 20 20 22 7 10 12
15 20 20 22 7 10 12 15 20 20 19 20 20 22 7 10 12
15 20 20 22 7 10 12 15 20 20 19 20 22 7 10 12
15 20 20 22 7 10 12 15 20 20 22 19 20 22 7 10 12
15 20 19 20 20 22 7 10 12 15 20 20 22 7 10 12
15 20 20 19 20 20 22 7 10 12 15 20 20 22 7 10 12
15 20 20 19 20 22 7 10 12 15 20 20 22 7 10 12
15 20 20 22 19 20 22 7 10 12 15 20 20 22 7 10 12

11 6 16 13 7 18 9 11 6 16 13 7 18 9
11 6 16 13 7 18 9 11 6 17 6 16 13 7 18 9
11 6 16 13 7 18 9 11 6 16 17 6 16 13 7 18 9
11 6 16 13 7 18 9 11 6 16 17 16 13 7 18 9
11 6 16 13 7 18 9 11 6 16 13 17 16 13 7 18 9
11 6 17 6 16 13 7 18 9 11 6 16 13 7 18 9
11 6 16 17 6 16 13 7 18 9 11 6 16 13 7 18 9
11 6 16 17 16 13 7 18 9 11 6 16 13 7 18 9
11 6 16 13 17 16 13 7 18 9 11 6 16 13 7 18 9

13 12 11 7 25 25 18 13 12 11 7 25 25 18
13 12 11 7 25 25 18 13 12 12 12 11 7 25 25 18
13 12 11 7 25 25 18 13 12 11 12 12 11 7 25 25 18
13 12 11 7 25 25 18 13 12 11 12 11 7 25 25 18
13 12 11 7 25 25 18 13 12 11 7 12 11 7 25 25 18
13 12 12 12 11 7 25 25 18 13 12 11 7 25 25 18
13 12 11 12 12 11 7 25 25 18 13 12 11 7 25 25 18
13 12 11 12 11 7 25 25 18 13 12 11 7 25 25 18
13 12 11 7 12 11 7 25 25 18 13 12 11 7 25 25 18

13 7 20 5 30 19 27 13 7 20 5 30 19 27
13 7 20 5 30 19 27 13 7 14 7 20 5 30 19 27
13 7 20 5 30 19 27 13 7 20 14 7 20 5 30 19 27
13 7 20 5 30 19 27 13 7 20 14 20 5 30 19 27
13 7 20 5 30 19 27 13 7 20 5 14 20 5 30 19 27
13 7 14 7 20 5 30 19 27 13 7 20 5 30 19 27
13 7 20 14 7 20 5 30 19 27 13 7 20 5 30 19 27
13 7 20 14 20 5 30 19 27 13 7 20 5 30 19 27
13 7 20 5 14 20 5 30 19 27 13 7 20 5 30 19 27

18 16 14 26 13 10 16 18 16 14 26 13 10 16
18 16 14 26 13 10 16 18 16 18 16 14 26 13 10 16
18 16 14 26 13 10 16 18 16 14 18 16 14 26 13 10 16
18 16 14 26 13 10 16 18 16 14 18 14 26 13 10 16
18 16 14 26 13 10 16 18 16 14 26 18 14 26 13 10 16
18 16 18 16 14 26 13 10 16 18 16 14 26 13 10 16
18 16 14 18 16 14 26 13 10 16 18 16 14 26 13 10 16
18 16 14 18 14 26 13 10 16 18 16 14 26 13 10 16
18 16 14 26 18 14 26 13 10 16 18 16 14 26 13 10 16

5 23 26 14 9 19 27 5 23 26 14 9 19 27
5 23 26 14 9 19 27 5 23 8 23 26 14 9 19 27
5 23 26 14 9 19 27 5 23 26 8 23 26 14 9 19 27
5 23 26 14 9 19 27 5 23 26 8 26 14 9 19 27
5 23 26 14 9 19 27 5 23 26 14 8 26 14 9 19 27
5 23 8 23 26 14 9 19 27 5 23 26 14 9 19 27
5 23 26 8 23 26 14 9 19 27 5 23 26 14 9 19 27
5 23 26 8 26 14 9 19 27 5 23 26 14 9 19 27
5 23 26 14 8 26 14 9 19 27 5 23 26 14 9 19 27

24 26 23 21 30 7 6 24 26 23 21 30 7 6
24 26 23 21 30 7 6 24 26 5 26 23 21 30 7 6
24 26 23 21 30 7 6 24 26 23 5 26 23 21 30 7 6
24 26 23 21 30 7 6 24 26 23 5 23 21 30 7 6
24 26 23 21 30 7 6 24 26 23 21 5 23 21 30 7 6
24 26 5 26 23 21 30 7 6 24 26 23 21 30 7 6
24 26 23 5 26 23 21 30 7 6 24 26 23 21 30 7 6
24 26 23 5 23 21 30 7 6 24 26 23 21 30 7 6
24 26 23 21 5 23 21 30 7 6 24 26 23 21 30 7 6

7 14 10 12 17 26 15 7 14 10 12 17 26 15
7 14 10 12 17 26 15 7 14 19 14 10 12 17 26 15
7 14 10 12 17 26 15 7 14 10 19 14 10 12 17 26 15
7 14 10 12 17 26 15 7 14 10 19 10 12 17 26 15
7 14 10 12 17 26 15 7 14 10 12 19 10 12 17 26 15
7 14 19 14 10 12 17 26 15 7 14 10 12 17 26 15
7 14 10 19 14 10 12 17 26 15 7 14 10 12 17 26 15
7 14 10 19 10 12 17 26 15 7 14 10 12 17 26 15
7 14 10 12 19 10 12 17 26 15 7 14 10 12 17 26 15

23 23 14 7 19 14 30 23 23 14 7 19 14 30
23 23 14 7 19 14 30 23 23 11 23 14 7 19 14 30
23 23 14 7 19 14 30 23 23 14 11 23 14 7 19 14 30
23 23 14 7 19 14 30 23 23 14 11 14 7 19 14 30
23 23 14 7 19 14 30 23 23 14 7 11 14 7 19 14 30
23 23 11 23 14 7 19 14 30 23 23 14 7 19 14 30
23 23 14 11 23 14 7 19 14 30 23 23 14 7 19 14 30
23 23 14 11 14 7 19 14 30 23 23 14 7 19 14 30
23 23 14 7 11 14 7 19 14 30 23 23 14 7 19 14 30

12 25 16 8 28 11 28 12 25 16 8 28 11 28
12 25 16 8 28 11 28 12 25 12 25 16 8 28 11 28
12 25 16 8 28 11 28 12 25 16 12 25 16 8 28 11 28
12 25 16 8 28 11 28 12 25 16 12 16 8 28 11 28
12 25 16 8 28 11 28 12 25 16 8 12 16 8 28 11 28
12 25 12 25 16 8 28 11 28 12 25 16 8 28 11 28
12 25 16 12 25 16 8 28 11 28 12 25 16 8 28 11 28
12 25 16 12 16 8 28 11 28 12 25 16 8 28 11 28
12 25 16 8 12 16 8 28 11 28 12 25 16 8 28 11 28

9 11 20 24 19 10 23 9 11 20 24 19 10 23
9 11 20 24 19 10 23 9 11 14 11 20 24 19 10 23
9 11 20 24 19 10 23 9 11 20 14 11 20 24 19 10 23
9 11 20 24 19 10 23 9 11 20 14 20 24 19 10 23
9 11 20 24 19 10 23 9 11 20 24 14 20 24 19 10 23
9 11 14 11 20 24 19 10 23 9 11 20 24 19 10 23
9 11 20 14 11 20 24 19 10 23 9 11 20 24 19 10 23
9 11 20 14 20 24 19 10 23 9 11 20 24 19 10 23
9 11 20 24 14 20 24 19 10 23 9 11 20 24 19 10 23

21 8 27 10 25 8 15 21 8 27 10 25 8 15
21 8 27 10 25 8 15 21 8 13 8 27 10 25 8 15
21 8 27 10 25 8 15 21 8 27 13 8 27 10 25 8 15
21 8 27 10 25 8 15 21 8 27 13 27 10 25 8 15
21 8 27 10 25 8 15 21 8 27 10 13 27 10 25 8 15
21 8 13 8 27 10 25 8 15 21 8 27 10 25 8 15
21 8 27 13 8 27 10 25 8 15 21 8 27 10 25 8 15
21 8 27 13 27 10 25 8 15 21 8 27 10 25 8 15
21 8 27 10 13 27 10 25 8 15 21 8 27 10 25 8 15

20 8 28 13 8 19 19 20 8 28 13 8 19 19
20 8 28 13 8 19 19 20 8 6 8 28 13 8 19 19
20 8 28 13 8 19 19 20 8 28 6 8 28 13 8 19 19
20 8 28 13 8 19 19 20 8 28 6 28 13 8 19 19
20 8 28 13 8 19 19 20 8 28 13 6 28 13 8 19 19
20 8 6 8 28 13 8 19 19 20 8 28 13 8 19 19
20 8 28 6 8 28 13 8 19 19 20 8 28 13 8 19 19
20 8 28 6 28 13 8 19 19 20 8 28 13 8 19 19
20 8 28 13 6 28 13 8 19 19 20 8 28 13 8 19 19

6 24 21 19 26 22 7 6 24 21 19 26 22 7
6 24 21 19 26 22 7 6 24 10 24 21 19 26 22 7
6 24 21 19 26 22 7 6 24 21 10 24 21 19 26 22 7
6 24 21 19 26 22 7 6 24 21 10 21 19 26 22 7
6 24 21 19 26 22 7 6 24 21 19 10 21 19 26 22 7
6 24 10 24 21 19 26 22 7 6 24 21 19 26 22 7
6 24 21 10 24 21 19 26 22 7 6 24 21 19 26 22 7
6 24 21 10 21 19 26 22 7 6 24 21 19 26 22 7
6 24 21 19 10 21 19 26 22 7 6 24 21 19 26 22 7

16 28 17 23 20 25 23 16 28 17 23 20 25 23
16 28 17 23 20 25 23 16 28 19 28 17 23 20 25 23
16 28 17 23 20 25 23 16 28 17 19 28 17 23 20 25 23
16 28 17 23 20 25 23 16 28 17 19 17 23 20 25 23
16 28 17 23 20 25 23 16 28 17 23 19 17 23 20 25 23
16 28 19 28 17 23 20 25 23 16 28 17 23 20 25 23
16 28 17 19 28 17 23 20 25 23 16 28 17 23 20 25 23
16 28 17 19 17 23 20 25 23 16 28 17 23 20 25 23
16 28 17 23 19 17 23 20 25 23 16 28 17 23 20 25 23

27 6 5 28 12 12 8 27 6 5 28 12 12 8
27 6 5 28 12 12 8 27 6 11 6 5 28 12 12 8
27 6 5 28 12 12 8 27 6 5 11 6 5 28 12 12 8
27 6 5 28 12 12 8 27 6 5 11 5 28 12 12 8
27 6 5 28 12 12 8 27 6 5 28 11 5 28 12 12 8
27 6 11 6 5 28 12 12 8 27 6 5 28 12 12 8
27 6 5 11 6 5 28 12 12 8 27 6 5 28 12 12 8
27 6 5 11 5 28 12 12 8 27 6 5 28 12 12 8
27 6 5 28 11 5 28 12 12 8 27 6 5 28 12 12 8

19 17 23 30 25 14 19 19 17 23 30 25 14 19
19 17 23 30 25 14 19 19 17 11 17 23 30 25 14 19
19 17 23 30 25 14 19 19 17 23 11 17 23 30 25 14 19
19 17 23 30 25 14 19 19 17 23 11 23 30 25 14 19
19 17 23 30 25 14 19 19 17 23 30 11 23 30 25 14 19
19 17 11 17 23 30 25 14 19 19 17 23 30 25 14 19
19 17 23 11 17 23 30 25 14 19 19 17 23 30 25 14 19
19 17 23 11 23 30 25 14 19 19 17 23 30 25 14 19
19 17 23 30 11 23 30 25 14 19 19 17 23 30 25 14 19

19 22 20 19 17 17 13 19 22 20 19 17 17 13
19 22 20 19 17 17 13 19 22 5 22 20 19 17 17 13
19 22 20 19 17 17 13 19 22 20 5 22 20 19 17 17 13
19 22 20 19 17 17 13 19 22 20 5 20 19 17 17 13
19 22 20 19 17 17 13 19 22 20 19 5 20 19 17 17 13
19 22 5 22 20 19 17 17 13 19 22 20 19 17 17 13
19 22 20 5 22 20 19 17 17 13 19 22 20 19 17 17 13
19 22 20 5 20 19 17 17 13 19 22 20 19 17 17 13
19 22 20 19 5 20 19 17 17 13 19 22 20 19 17 17 13

22 7 6 12 16 29 9 22 7 6 12 16 29 9
22 7 6 12 16 29 9 22 7 15 7 6 12 16 29 9
22 7 6 12 16 29 9 22 7 6 15 7 6 12 16 29 9
22 7 6 12 16 29 9 22 7 6 15 6 12 16 29 9
22 7 6 12 16 29 9 22 7 6 12 15 6 12 16 29 9
22 7 15 7 6 12 16 29 9 22 7 6 12 16 29 9
22 7 6 15 7 6 12 16 29 9 22 7 6 12 16 29 9
22 7 6 15 6 12 16 29 9 22 7 6 12 16 29 9
22 7 6 12 15 6 12 16 29 9 22 7 6 12 16 29 9

19 19 17 10 8 16 14 19 19 17 10 8 16 14
19 19 17 10 8 16 14 19 19 8 19 17 10 8 16 14
19 19 17 10 8 16 14 19 19 17 8 19 17 10 8 16 14
19 19 17 10 8 16 14 19 19 17 8 17 10 8 16 14
19 19 17 10 8 16 14 19 19 17 10 8 17 10 8 16 14
19 19 8 19 17 10 8 16 14 19 19 17 10 8 16 14
19 19 17 8 19 17 10 8 16 14 19 19 17 10 8 16 14
19 19 17 8 17 10 8 16 14 19 19 17 10 8 16 14
19 19 17 10 8 17 10 8 16 14 19 19 17 10 8 16 14

25 24 14 24 9 17 12 25 24 14 24 9 17 12
25 24 14 24 9 17 12 25 24 13 24 14 24 9 17 12
25 24 14 24 9 17 12 25 24 14 13 24 14 24 9 17 12
25 24 14 24 9 17 12 25 24 14 13 14 24 9 17 12
25 24 14 24 9 17 12 25 24 14 24 13 14 24 9 17 12
25 24 13 24 14 24 9 17 12 25 24 14 24 9 17 12
25 24 14 13 24 14 24 9 17 12 25 24 14 24 9 17 12
25 24 14 13 14 24 9 17 12 25 24 14 24 9 17 12
25 24 14 24 13 14 24 9 17 12 25 24 14 24 9 17 12

5 12 10 11 16 14 23 5 12 10 11 16 14 23
5 12 10 11 16 14 23 5 12 9 12 10 11 16 14 23
5 12 10 11 16 14 23 5 12 10 9 12 10 11 16 14 23
5 12 10 11 16 14 23 5 12 10 9 10 11 16 14 23
5 12 10 11 16 14 23 5 12 10 11 9 10 11 16 14 23
5 12 9 12 10 11 16 14 23 5 12 10 11 16 14 23
5 12 10 9 12 10 11 16 14 23 5 12 10 11 16 14 23
5 12 10 9 10 11 16 14 23 5 12 10 11 16 14 23
5 12 10 11 9 10 11 16 14 23 5 12 10 11 16 14 23

11 8 24 11 14 6 25 11 8 24 11 14 6 25
11 8 24 11 14 6 25 11 8 20 8 24 11 14 6 25
11 8 24 11 14 6 25 11 8 24 20 8 24 11 14 6 25
11 8 24 11 14 6 25 11 8 24 20 24 11 14 6 25
11 8 24 11 14 6 25 11 8 24 11 20 24 11 14 6 25
11 8 20 8 24 11 14 6 25 11 8 24 11 14 6 25
11 8 24 20 8 24 11 14 6 25 11 8 24 11 14 6 25
11 8 24 20 24 11 14 6 25 11 8 24 11 14 6 25
11 8 24 11 20 24 11 14 6 25 11 8 24 11 14 6 25

5 10 28 28 9 30 29 5 10 28 28 9 30 29
5 10 28 28 9 30 29 5 10 8 10 28 28 9 30 29
5 10 28 28 9 30 29 5 10 28 8 10 28 28 9 30 29
5 10 28 28 9 30 29 5 10 28 8 28 28 9 30 29
5 10 28 28 9 30 29 5 10 28 28 8 28 28 9 30 29
5 10 8 10 28 28 9 30 29 5 10 28 28 9 30 29
5 10 28 8 10 28 28 9 30 29 5 10 28 28 9 30 29
5 10 28 8 28 28 9 30 29 5 10 28 28 9 30 29
5 10 28 28 8 28 28 9 30 29 5 10 28 28 9 30 29

28 7 11 21 18 15 10 28 7 11 21 18 15 10
28 7 11 21 18 15 10 28 7 13 7 11 21 18 15 10
28 7 11 21 18 15 10 28 7 11 13 7 11 21 18 15 10
28 7 11 21 18 15 10 28 7 11 13 11 21 18 15 10
28 7 11 21 18 15 10 28 7 11 21 13 11 21 18 15 10
28 7 13 7 11 21 18 15 10 28 7 11 21 18 15 10
28 7 11 13 7 11 21 18 15 10 28 7 11 21 18 15 10
28 7 11 13 11 21 18 15 10 28 7 11 21 18 15 10
28 7 11 21 13 11 21 18 15 10 28 7 11 21 18 15 10

5 20 27 13 9 14 23 5 20 27 13 9 14 23
5 20 27 13 9 14 23 5 20 9 20 27 13 9 14 23
5 20 27 13 9 14 23 5 20 27 9 20 27 13 9 14 23
5 20 27 13 9 14 23 5 20 27 9 27 13 9 14 23
5 20 27 13 9 14 23 5 20 27 13 9 27 13 9 14 23
5 20 9 20 27 13 9 14 23 5 20 27 13 9 14 23
5 20 27 9 20 27 13 9 14 23 5 20 27 13 9 14 23
5 20 27 9 27 13 9 14 23 5 20 27 13 9 14 23
5 20 27 13 9 27 13 9 14 23 5 20 27 13 9 14 23

17 30 30 18 22 17 30 17 30 30 18 22 17 30
17 30 30 18 22 17 30 17 30 6 30 30 18 22 17 30
17 30 30 18 22 17 30 17 30 30 6 30 30 18 22 17 30
17 30 30 18 22 17 30 17 30 30 6 30 18 22 17 30
17 30 30 18 22 17 30 17 30 30 18 6 30 18 22 17 30
17 30 6 30 30 18 22 17 30 17 30 30 18 22 17 30
17 30 30 6 30 30 18 22 17 30 17 30 30 18 22 17 30
17 30 30 6 30 18 22 17 30 17 30 30 18 22 17 30
17 30 30 18 6 30 18 22 17 30 17 30 30 18 22 17 30

16 13 7 5 6 26 23 16 13 7 5 6 26 23
16 13 7 5 6 26 23 16 13 10 13 7 5 6 26 23
16 13 7 5 6 26 23 16 13 7 10 13 7 5 6 26 23
16 13 7 5 6 26 23 16 13 7 10 7 5 6 26 23
16 13 7 5 6 26 23 16 13 7 5 10 7 5 6 26 23
16 13 10 13 7 5 6 26 23 16 13 7 5 6 26 23
16 13 7 10 13 7 5 6 26 23 16 13 7 5 6 26 23
16 13 7 10 7 5 6 26 23 16 13 7 5 6 26 23
16 13 7 5 10 7 5 6 26 23 16 13 7 5 6 26 23

30 7 29 26 19 10 7 30 7 29 26 19 10 7
30 7 29 26 19 10 7 30 7 10 7 29 26 19 10 7
30 7 29 26 19 10 7 30 7 29 10 7 29 26 19 10 7
30 7 29 26 19 10 7 30 7 29 10 29 26 19 10 7
30 7 29 26 19 10 7 30 7 29 26 10 29 26 19 10 7
30 7 10 7 29 26 19 10 7 30 7 29 26 19 10 7
30 7 29 10 7 29 26 19 10 7 30 7 29 26 19 10 7
30 7 29 10 29 26 19 10 7 30 7 29 26 19 10 7
30 7 29 26 10 29 26 19 10 7 30 7 29 26 19 10 7

24 22 6 26 23 19 7 24 22 6 26 23 19 7
24 22 6 26 23 19 7 24 22 17 22 6 26 23 19 7
24 22 6 26 23 19 7 24 22 6 17 22 6 26 23 19 7
24 22 6 26 23 19 7 24 22 6 17 6 26 23 19 7
24 22 6 26 23 19 7 24 22 6 26 17 6 26 23 19 7
24 22 17 22 6 26 23 19 7 24 22 6 26 23 19 7
24 22 6 17 22 6 26 23 19 7 24 22 6 26 23 19 7
24 22 6 17 6 26 23 19 7 24 22 6 26 23 19 7
24 22 6 26 17 6 26 23 19 7 24 22 6 26 23 19 7

27 25 21 5 6 7 22 27 25 21 5 6 7 22
27 25 21 5 6 7 22 27 25 10 25 21 5 6 7 22
27 25 21 5 6 7 22 27 25 21 10 25 21 5 6 7 22
27 25 21 5 6 7 22 27 25 21 10 21 5 6 7 22
27 25 21 5 6 7 22 27 25 21 5 10 21 5 6 7 22
27 25 10 25 21 5 6 7 22 27 25 21 5 6 7 22
27 25 21 10 25 21 5 6 7 22 27 25 21 5 6 7 22
27 25 21 10 21 5 6 7 22 27 25 21 5 6 7 22
27 25 21 5 10 21 5 6 7 22 27 25 21 5 6 7 22

17 14 6 10 17 17 30 17 14 6 10 17 17 30
17 14 6 10 17 17 30 17 14 18 14 6 10 17 17 30
17 14 6 10 17 17 30 17 14 6 18 14 6 10 17 17 30
17 14 6 10 17 17 30 17 14 6 18 6 10 17 17 30
17 14 6 10 17 17 30 17 14 6 10 18 6 10 17 17 30
17 14 18 14 6 10 17 17 30 17 14 6 10 17 17 30
17 14 6 18 14 6 10 17 17 30 17 14 6 10 17 17 30
17 14 6 18 6 10 17 17 30 17 14 6 10 17 17 30
17 14 6 10 18 6 10 17 17 30 17 14 6 10 17 17 30

5 19 13 8 10 22 5 5 19 13 8 10 22 5
5 19 13 8 10 22 5 5 19 9 19 13 8 10 22 5
5 19 13 8 10 22 5 5 19 13 9 19 13 8 10 22 5
5 19 13 8 10 22 5 5 19 13 9 13 8 10 22 5
5 19 13 8 10 22 5 5 19 13 8 9 13 8 10 22 5
5 19 9 19 13 8 10 22 5 5 19 13 8 10 22 5
5 19 13 9 19 13 8 10 22 5 5 19 13 8 10 22 5
5 19 13 9 13 8 10 22 5 5 19 13 8 10 22 5
5 19 13 8 9 13 8 10 22 5 5 19 13 8 10 22 5

25 5 8 5 30 15 9 25 5 8 5 30 15 9
25 5 8 5 30 15 9 25 5 18 5 8 5 30 15 9
25 5 8 5 30 15 9 25 5 8 18 5 8 5 30 15 9
25 5 8 5 30 15 9 25 5 8 18 8 5 30 15 9
25 5 8 5 30 15 9 25 5 8 5 18 8 5 30 15 9
25 5 18 5 8 5 30 15 9 25 5 8 5 30 15 9
25 5 8 18 5 8 5 30 15 9 25 5 8 5 30 15 9
25 5 8 18 8 5 30 15 9 25 5 8 5 30 15 9
25 5 8 5 18 8 5 30 15 9 25 5 8 5 30 15 9

26 6 15 9 30 24 20 26 6 15 9 30 24 20
26 6 15 9 30 24 20 26 6 18 6 15 9 30 24 20
26 6 15 9 30 24 20 26 6 15 18 6 15 9 30 24 20
26 6 15 9 30 24 20 26 6 15 18 15 9 30 24 20
26 6 15 9 30 24 20 26 6 15 9 18 15 9 30 24 20
26 6 18 6 15 9 30 24 20 26 6 15 9 30 24 20
26 6 15 18 6 15 9 30 24 20 26 6 15 9 30 24 20
26 6 15 18 15 9 30 24 20 26 6 15 9 30 24 20
26 6 15 9 18 15 9 30 24 20 26 6 15 9 30 24 20

30 22 16 17 19 19 21 30 22 16 17 19 19 21
30 22 16 17 19 19 21 30 22 20 22 16 17 19 19 21
30 22 16 17 19 19 21 30 22 16 20 22 16 17 19 19 21
30 22 16 17 19 19 21 30 22 16 20 16 17 19 19 21
30 22 16 17 19 19 21 30 22 16 17 20 16 17 19 19 21
30 22 20 22 16 17 19 19 21 30 22 16 17 19 19 21
30 22 16 20 22 16 17 19 19 21 30 22 16 17 19 19 21
30 22 16 20 16 17 19 19 21 30 22 16 17 19 19 21
30 22 16 17 20 16 17 19 19 21 30 22 16 17 19 19 21

16 24 20 20 10 17 8 16 24 20 20 10 17 8
16 24 20 20 10 17 8 16 24 8 24 20 20 10 17 8
16 24 20 20 10 17 8 16 24 20 8 24 20 20 10 17 8
16 24 20 20 10 17 8 16 24 20 8 20 20 10 17 8
16 24 20 20 10 17 8 16 24 20 20 8 20 20 10 17 8
16 24 8 24 20 20 10 17 8 16 24 20 20 10 17 8
16 24 20 8 24 20 20 10 17 8 16 24 20 20 10 17 8
16 24 20 8 20 20 10 17 8 16 24 20 20 10 17 8
16 24 20 20 8 20 20 10 17 8 16 24 20 20 10 17 8

6 14 29 11 15 5 26 6 14 29 11 15 5 26
6 14 29 11 15 5 26 6 14 15 14 29 11 15 5 26
6 14 29 11 15 5 26 6 14 29 15 14 29 11 15 5 26
6 14 29 11 15 5 26 6 14 29 15 29 11 15 5 26
6 14 29 11 15 5 26 6 14 29 11 15 29 11 15 5 26
6 14 15 14 29 11 15 5 26 6 14 29 11 15 5 26
6 14 29 15 14 29 11 15 5 26 6 14 29 11 15 5 26
6 14 29 15 29 11 15 5 26 6 14 29 11 15 5 26
6 14 29 11 15 29 11 15 5 26 6 14 29 11 15 5 26

23 10 21 8 18 9 26 23 10 21 8 18 9 26
23 10 21 8 18 9 26 23 10 17 10 21 8 18 9 26
23 10 21 8 18 9 26 23 10 21 17 10 21 8 18 9 26
23 10 21 8 18 9 26 23 10 21 17 21 8 18 9 26
23 10 21 8 18 9 26 23 10 21 8 17 21 8 18 9 26
23 10 17 10 21 8 18 9 26 23 10 21 8 18 9 26
23 10 21 17 10 21 8 18 9 26 23 10 21 8 18 9 26
23 10 21 17 21 8 18 9 26 23 10 21 8 18 9 26
23 10 21 8 17 21 8 18 9 26 23 10 21 8 18 9 26

23 6 15 10 19 20 5 23 6 15 10 19 20 5
23 6 15 10 19 20 5 23 6 15 6 15 10 19 20 5
23 6 15 10 19 20 5 23 6 15 15 6 15 10 19 20 5
23 6 15 10 19 20 5 23 6 15 15 15 10 19 20 5
23 6 15 10 19 20 5 23 6 15 10 15 15 10 19 20 5
23 6 15 6 15 10 19 20 5 23 6 15 10 19 20 5
23 6 15 15 6 15 10 19 20 5 23 6 15 10 19 20 5
23 6 15 15 15 10 19 20 5 23 6 15 10 19 20 5
23 6 15 10 15 15 10 19 20 5 23 6 15 10 19 20 5

7 13 20 8 18 27 9 7 13 20 8 18 27 9
7 13 20 8 18 27 9 7 13 16 13 20 8 18 27 9
7 13 20 8 18 27 9 7 13 20 16 13 20 8 18 27 9
7 13 20 8 18 27 9 7 13 20 16 20 8 18 27 9
7 13 20 8 18 27 9 7 13 20 8 16 20 8 18 27 9
7 13 16 13 20 8 18 27 9 7 13 20 8 18 27 9
7 13 20 16 13 20 8 18 27 9 7 13 20 8 18 27 9
7 13 20 16 20 8 18 27 9 7 13 20 8 18 27 9
7 13 20 8 16 20 8 18 27 9 7 13 20 8 18 27 9

5 12 6 19 21 14 6 5 12 6 19 21 14 6
5 12 6 19 21 14 6 5 12 6 12 6 19 21 14 6
5 12 6 19 21 14 6 5 12 6 6 12 6 19 21 14 6
5 12 6 19 21 14 6 5 12 6 6 6 19 21 14 6
5 12 6 19 21 14 6 5 12 6 19 6 6 19 21 14 6
5 12 6 12 6 19 21 14 6 5 12 6 19 21 14 6
5 12 6 6 12 6 19 21 14 6 5 12 6 19 21 14 6
5 12 6 6 6 19 21 14 6 5 12 6 19 21 14 6
5 12 6 19 6 6 19 21 14 6 5 12 6 19 21 14 6

29 21 22 25 30 5 19 29 21 22 25 30 5 19
29 21 22 25 30 5 19 29 21 5 21 22 25 30 5 19
29 21 22 25 30 5 19 29 21 22 5 21 22 25 30 5 19
29 21 22 25 30 5 19 29 21 22 5 22 25 30 5 19
29 21 22 25 30 5 19 29 21 22 25 5 22 25 30 5 19
29 21 5 21 22 25 30 5 19 29 21 22 25 30 5 19
29 21 22 5 21 22 25 30 5 19 29 21 22 25 30 5 19
29 21 22 5 22 25 30 5 19 29 21 22 25 30 5 19
29 21 22 25 5 22 25 30 5 19 29 21 22 25 30 5 19

7 19 30 29 15 8 12 7 19 30 29 15 8 12
7 19 30 29 15 8 12 7 19 16 19 30 29 15 8 12
7 19 30 29 15 8 12 7 19 30 16 19 30 29 15 8 12
7 19 30 29 15 8 12 7 19 30 16 30 29 15 8 12
7 19 30 29 15 8 12 7 19 30 29 16 30 29 15 8 12
7 19 16 19 30 29 15 8 12 7 19 30 29 15 8 12
7 19 30 16 19 30 29 15 8 12 7 19 30 29 15 8 12
7 19 30 16 30 29 15 8 12 7 19 30 29 15 8 12
7 19 30 29 16 30 29 15 8 12 7 19 30 29 15 8 12

9 5 19 17 25 11 27 9 5 19 17 25 11 27
9 5 19 17 25 11 27 9 5 7 5 19 17 25 11 27
9 5 19 17 25 11 27 9 5 19 7 5 19 17 25 11 27
9 5 19 17 25 11 27 9 5 19 7 19 17 25 11 27
9 5 19 17 25 11 27 9 5 19 17 7 19 17 25 11 27
9 5 7 5 19 17 25 11 27 9 5 19 17 25 11 27
9 5 19 7 5 19 17 25 11 27 9 5 19 17 25 11 27
9 5 19 7 19 17 25 11 27 9 5 19 17 25 11 27
9 5 19 17 7 19 17 25 11 27 9 5 19 17 25 11 27

22 17 15 29 6 10 26 22 17 15 29 6 10 26
22 17 15 29 6 10 26 22 17 20 17 15 29 6 10 26
22 17 15 29 6 10 26 22 17 15 20 17 15 29 6 10 26
22 17 15 29 6 10 26 22 17 15 20 15 29 6 10 26
22 17 15 29 6 10 26 22 17 15 29 20 15 29 6 10 26
22 17 20 17 15 29 6 10 26 22 17 15 29 6 10 26
22 17 15 20 17 15 29 6 10 26 22 17 15 29 6 10 26
22 17 15 20 15 29 6 10 26 22 17 15 29 6 10 26
22 17 15 29 20 15 29 6 10 26 22 17 15 29 6 10 26

23 17 9 18 28 16 9 23 17 9 18 28 16 9
23 17 9 18 28 16 9 23 17 17 17 9 18 28 16 9
23 17 9 18 28 16 9 23 17 9 17 17 9 18 28 16 9
23 17 9 18 28 16 9 23 17 9 17 9 18 28 16 9
23 17 9 18 28 16 9 23 17 9 18 17 9 18 28 16 9
23 17 17 17 9 18 28 16 9 23 17 9 18 28 16 9
23 17 9 17 17 9 18 28 16 9 23 17 9 18 28 16 9
23 17 9 17 9 18 28 16 9 23 17 9 18 28 16 9
23 17 9 18 17 9 18 28 16 9 23 17 9 18 28 16 9

13 13 24 22 18 27 14 13 13 24 22 18 27 14
13 13 24 22 18 27 14 13 13 8 13 24 22 18 27 14
13 13 24 22 18 27 14 13 13 24 8 13 24 22 18 27 14
13 13 24 22 18 27 14 13 13 24 8 24 22 18 27 14
13 13 24 22 18 27 14 13 13 24 22 8 24 22 18 27 14
13 13 8 13 24 22 18 27 14 13 13 24 22 18 27 14
13 13 24 8 13 24 22 18 27 14 13 13 24 22 18 27 14
13 13 24 8 24 22 18 27 14 13 13 24 22 18 27 14
13 13 24 22 8 24 22 18 27 14 13 13 24 22 18 27 14

8 24 6 8 16 7 8 8 24 6 8 16 7 8
8 24 6 8 16 7 8 8 24 9 24 6 8 16 7 8
8 24 6 8 16 7 8 8 24 6 9 24 6 8 16 7 8
8 24 6 8 16 7 8 8 24 6 9 6 8 16 7 8
8 24 6 8 16 7 8 8 24 6 8 9 6 8 16 7 8
8 24 9 24 6 8 16 7 8 8 24 6 8 16 7 8
8 24 6 9 24 6 8 16 7 8 8 24 6 8 16 7 8
8 24 6 9 6 8 16 7 8 8 24 6 8 16 7 8
8 24 6 8 9 6 8 16 7 8 8 24 6 8 16 7 8

15 18 6 23 29 15 14 15 18 6 23 29 15 14
15 18 6 23 29 15 14 15 18 10 18 6 23 29 15 14
15 18 6 23 29 15 14 15 18 6 10 18 6 23 29 15 14
15 18 6 23 29 15 14 15 18 6 10 6 23 29 15 14
15 18 6 23 29 15 14 15 18 6 23 10 6 23 29 15 14
15 18 10 18 6 23 29 15 14 15 18 6 23 29 15 14
15 18 6 10 18 6 23 29 15 14 15 18 6 23 29 15 14
15 18 6 10 6 23 29 15 14 15 18 6 23 29 15 14
15 18 6 23 10 6 23 29 15 14 15 18 6 23 29 15 14

30 21 5 20 30 21 19 30 21 5 20 30 21 19
30 21 5 20 30 21 19 30 21 11 21 5 20 30 21 19
30 21 5 20 30 21 19 30 21 5 11 21 5 20 30 21 19
30 21 5 20 30 21 19 30 21 5 11 5 20 30 21 19
30 21 5 20 30 21 19 30 21 5 20 11 5 20 30 21 19
30 21 11 21 5 20 30 21 19 30 21 5 20 30 21 19
30 21 5 11 21 5 20 30 21 19 30 21 5 20 30 21 19
30 21 5 11 5 20 30 21 19 30 21 5 20 30 21 19
30 21 5 20 11 5 20 30 21 19 30 21 5 20 30 21 19

19 29 27 14 9 6 13 19 29 27 14 9 6 13
19 29 27 14 9 6 13 19 29 18 29 27 14 9 6 13
19 29 27 14 9 6 13 19 29 27 18 29 27 14 9 6 13
19 29 27 14 9 6 13 19 29 27 18 27 14 9 6 13
19 29 27 14 9 6 13 19 29 27 14 18 27 14 9 6 13
19 29 18 29 27 14 9 6 13 19 29 27 14 9 6 13
19 29 27 18 29 27 14 9 6 13 19 29 27 14 9 6 13
19 29 27 18 27 14 9 6 13 19 29 27 14 9 6 13
19 29 27 14 18 27 14 9 6 13 19 29 27 14 9 6 13

14 7 9 11 23 29 25 14 7 9 11 23 29 25
14 7 9 11 23 29 25 14 7 18 7 9 11 23 29 25
14 7 9 11 23 29 25 14 7 9 18 7 9 11 23 29 25
14 7 9 11 23 29 25 14 7 9 18 9 11 23 29 25
14 7 9 11 23 29 25 14 7 9 11 18 9 11 23 29 25
14 7 18 7 9 11 23 29 25 14 7 9 11 23 29 25
14 7 9 18 7 9 11 23 29 25 14 7 9 11 23 29 25
14 7 9 18 9 11 23 29 25 14 7 9 11 23 29 25
14 7 9 11 18 9 11 23 29 25 14 7 9 11 23 29 25

28 13 6 5 7 21 5 28 13 6 5 7 21 5
28 13 6 5 7 21 5 28 13 15 13 6 5 7 21 5
28 13 6 5 7 21 5 28 13 6 15 13 6 5 7 21 5
28 13 6 5 7 21 5 28 13 6 15 6 5 7 21 5
28 13 6 5 7 21 5 28 13 6 5 15 6 5 7 21 5
28 13 15 13 6 5 7 21 5 28 13 6 5 7 21 5
28 13 6 15 13 6 5 7 21 5 28 13 6 5 7 21 5
28 13 6 15 6 5 7 21 5 28 13 6 5 7 21 5
28 13 6 5 15 6 5 7 21 5 28 13 6 5 7 21 5

29 21 16 13 7 17 5 29 21 16 13 7 17 5
29 21 16 13 7 17 5 29 21 19 21 16 13 7 17 5
29 21 16 13 7 17 5 29 21 16 19 21 16 13 7 17 5
29 21 16 13 7 17 5 29 21 16 19 16 13 7 17 5
29 21 16 13 7 17 5 29 21 16 13 19 16 13 7 17 5
29 21 19 21 16 13 7 17 5 29 21 16 13 7 17 5
29 21 16 19 21 16 13 7 17 5 29 21 16 13 7 17 5
29 21 16 19 16 13 7 17 5 29 21 16 13 7 17 5
29 21 16 13 19 16 13 7 17 5 29 21 16 13 7 17 5

28 26 23 30 15 5 15 28 26 23 30 15 5 15
28 26 23 30 15 5 15 28 26 9 26 23 30 15 5 15
28 26 23 30 15 5 15 28 26 23 9 26 23 30 15 5 15
28 26 23 30 15 5 15 28 26 23 9 23 30 15 5 15
28 26 23 30 15 5 15 28 26 23 30 9 23 30 15 5 15
28 26 9 26 23 30 15 5 15 28 26 23 30 15 5 15
28 26 23 9 26 23 30 15 5 15 28 26 23 30 15 5 15
28 26 23 9 23 30 15 5 15 28 26 23 30 15 5 15
28 26 23 30 9 23 30 15 5 15 28 26 23 30 15 5 15

19 11 28 27 22 23 9 19 11 28 27 22 23 9
19 11 28 27 22 23 9 19 11 8 11 28 27 22 23 9
19 11 28 27 22 23 9 19 11 28 8 11 28 27 22 23 9
19 11 28 27 22 23 9 19 11 28 8 28 27 22 23 9
19 11 28 27 22 23 9 19 11 28 27 8 28 27 22 23 9
19 11 8 11 28 27 22 23 9 19 11 28 27 22 23 9
19 11 28 8 11 28 27 22 23 9 19 11 28 27 22 23 9
19 11 28 8 28 27 22 23 9 19 11 28 27 22 23 9
19 11 28 27 8 28 27 22 23 9 19 11 28 27 22 23 9

26 15 27 12 17 10 29 26 15 27 12 17 10 29
26 15 27 12 17 10 29 26 15 11 15 27 12 17 10 29
26 15 27 12 17 10 29 26 15 27 11 15 27 12 17 10 29
26 15 27 12 17 10 29 26 15 27 11 27 12 17 10 29
26 15 27 12 17 10 29 26 15 27 12 11 27 12 17 10 29
26 15 11 15 27 12 17 10 29 26 15 27 12 17 10 29
26 15 27 11 15 27 12 17 10 29 26 15 27 12 17 10 29
26 15 27 11 27 12 17 10 29 26 15 27 12 17 10 29
26 15 27 12 11 27 12 17 10 29 26 15 27 12 17 10 29

27 9 17 30 25 16 23 27 9 17 30 25 16 23
27 9 17 30 25 16 23 27 9 5 9 17 30 25 16 23
27 9 17 30 25 16 23 27 9 17 5 9 17 30 25 16 23
27 9 17 30 25 16 23 27 9 17 5 17 30 25 16 23
27 9 17 30 25 16 23 27 9 17 30 5 17 30 25 16 23
27 9 5 9 17 30 25 16 23 27 9 17 30 25 16 23
27 9 17 5 9 17 30 25 16 23 27 9 17 30 25 16 23
27 9 17 5 17 30 25 16 23 27 9 17 30 25 16 23
27 9 17 30 5 17 30 25 16 23 27 9 17 30 25 16 23

7 15 30 12 27 13 27 7 15 30 12 27 13 27
7 15 30 12 27 13 27 7 15 9 15 30 12 27 13 27
7 15 30 12 27 13 27 7 15 30 9 15 30 12 27 13 27
7 15 30 12 27 13 27 7 15 30 9 30 12 27 13 27
7 15 30 12 27 13 27 7 15 30 12 9 30 12 27 13 27
7 15 9 15 30 12 27 13 27 7 15 30 12 27 13 27
7 15 30 9 15 30 12 27 13 27 7 15 30 12 27 13 27
7 15 30 9 30 12 27 13 27 7 15 30 12 27 13 27
7 15 30 12 9 30 12 27 13 27 7 15 30 12 27 13 27

24 26 17 5 16 21 28 24 26 17 5 16 21 28
24 26 17 5 16 21 28 24 26 10 26 17 5 16 21 28
24 26 17 5 16 21 28 24 26 17 10 26 17 5 16 21 28
24 26 17 5 16 21 28 24 26 17 10 17 5 16 21 28
24 26 17 5 16 21 28 24 26 17 5 10 17 5 16 21 28
24 26 10 26 17 5 16 21 28 24 26 17 5 16 21 28
24 26 17 10 26 17 5 16 21 28 24 26 17 5 16 21 28
24 26 17 10 17 5 16 21 28 24 26 17 5 16 21 28
24 26 17 5 10 17 5 16 21 28 24 26 17 5 16 21 28

15 14 30 28 8 10 21 15 14 30 28 8 10 21
15 14 30 28 8 10 21 15 14 6 14 30 28 8 10 21
15 14 30 28 8 10 21 15 14 30 6 14 30 28 8 10 21
15 14 30 28 8 10 21 15 14 30 6 30 28 8 10 21
15 14 30 28 8 10 21 15 14 30 28 6 30 28 8 10 21
15 14 6 14 30 28 8 10 21 15 14 30 28 8 10 21
15 14 30 6 14 30 28 8 10 21 15 14 30 28 8 10 21
15 14 30 6 30 28 8 10 21 15 14 30 28 8 10 21
15 14 30 28 6 30 28 8 10 21 15 14 30 28 8 10 21

13 6 25 8 18 15 12 13 6 25 8 18 15 12
13 6 25 8 18 15 12 13 6 9 6 25 8 18 15 12
13 6 25 8 18 15 12 13 6 25 9 6 25 8 18 15 12
13 6 25 8 18 15 12 13 6 25 9 25 8 18 15 12
13 6 25 8 18 15 12 13 6 25 8 9 25 8 18 15 12
13 6 9 6 25 8 18 15 12 13 6 25 8 18 15 12
13 6 25 9 6 25 8 18 15 12 13 6 25 8 18 15 12
13 6 25 9 25 8 18 15 12 13 6 25 8 18 15 12
13 6 25 8 9 25 8 18 15 12 13 6 25 8 18 15 12

24 26 17 23 11 23 12 24 26 17 23 11 23 12
24 26 17 23 11 23 12 24 26 19 26 17 23 11 23 12
24 26 17 23 11 23 12 24 26 17 19 26 17 23 11 23 12
24 26 17 23 11 23 12 24 26 17 19 17 23 11 23 12
24 26 17 23 11 23 12 24 26 17 23 19 17 23 11 23 12
24 26 19 26 17 23 11 23 12 24 26 17 23 11 23 12
24 26 17 19 26 17 23 11 23 12 24 26 17 23 11 23 12
24 26 17 19 17 23 11 23 12 24 26 17 23 11 23 12
24 26 17 23 19 17 23 11 23 12 24 26 17 23 11 23 12

23 10 16 28 27 26 23 23 10 16 28 27 26 23
23 10 16 28 27 26 23 23 10 19 10 16 28 27 26 23
23 10 16 28 27 26 23 23 10 16 19 10 16 28 27 26 23
23 10 16 28 27 26 23 23 10 16 19 16 28 27 26 23
23 10 16 28 27 26 23 23 10 16 28 19 16 28 27 26 23
23 10 19 10 16 28 27 26 23 23 10 16 28 27 26 23
23 10 16 19 10 16 28 27 26 23 23 10 16 28 27 26 23
23 10 16 19 16 28 27 26 23 23 10 16 28 27 26 23
23 10 16 28 19 16 28 27 26 23 23 10 16 28 27 26 23

6 13 25 20 14 27 19 6 13 25 20 14 27 19
6 13 25 20 14 27 19 6 13 15 13 25 20 14 27 19
6 13 25 20 14 27 19 6 13 25 15 13 25 20 14 27 19
6 13 25 20 14 27 19 6 13 25 15 25 20 14 27 19
6 13 25 20 14 27 19 6 13 25 20 15 25 20 14 27 19
6 13 15 13 25 20 14 27 19 6 13 25 20 14 27 19
6 13 25 15 13 25 20 14 27 19 6 13 25 20 14 27 19
6 13 25 15 25 20 14 27 19 6 13 25 20 14 27 19
6 13 25 20 15 25 20 14 27 19 6 13 25 20 14 27 19

7 17 30 15 16 9 7 7 17 30 15 16 9 7
7 17 30 15 16 9 7 7 17 14 17 30 15 16 9 7
7 17 30 15 16 9 7 7 17 30 14 17 30 15 16 9 7
7 17 30 15 16 9 7 7 17 30 14 30 15 16 9 7
7 17 30 15 16 9 7 7 17 30 15 14 30 15 16 9 7
7 17 14 17 30 15 16 9 7 7 17 30 15 16 9 7
7 17 30 14 17 30 15 16 9 7 7 17 30 15 16 9 7
7 17 30 14 30 15 16 9 7 7 17 30 15 16 9 7
7 17 30 15 14 30 15 16 9 7 7 17 30 15 16 9 7

18 6 6 15 20 7 22 18 6 6 15 20 7 22
18 6 6 15 20 7 22 18 6 17 6 6 15 20 7 22
18 6 6 15 20 7 22 18 6 6 17 6 6 15 20 7 22
18 6 6 15 20 7 22 18 6 6 17 6 15 20 7 22
18 6 6 15 20 7 22 18 6 6 15 17 6 15 20 7 22
18 6 17 6 6 15 20 7 22 18 6 6 15 20 7 22
18 6 6 17 6 6 15 20 7 22 18 6 6 15 20 7 22
18 6 6 17 6 15 20 7 22 18 6 6 15 20 7 22
18 6 6 15 17 6 15 20 7 22 18 6 6 15 20 7 22

19 17 25 18 26 25 16 19 17 25 18 26 25 16
19 17 25 18 26 25 16 19 17 16 17 25 18 26 25 16
19 17 25 18 26 25 16 19 17 25 16 17 25 18 26 25 16
19 17 25 18 26 25 16 19 17 25 16 25 18 26 25 16
19 17 25 18 26 25 16 19 17 25 18 16 25 18 26 25 16
19 17 16 17 25 18 26 25 16 19 17 25 18 26 25 16
19 17 25 16 17 25 18 26 25 16 19 17 25 18 26 25 16
19 17 25 16 25 18 26 25 16 19 17 25 18 26 25 16
19 17 25 18 16 25 18 26 25 16 19 17 25 18 26 25 16

6 18 8 10 28 15 30 6 18 8 10 28 15 30
6 18 8 10 28 15 30 6 18 19 18 8 10 28 15 30
6 18 8 10 28 15 30 6 18 8 19 18 8 10 28 15 30
6 18 8 10 28 15 30 6 18 8 19 8 10 28 15 30
6 18 8 10 28 15 30 6 18 8 10 19 8 10 28 15 30
6 18 19 18 8 10 28 15 30 6 18 8 10 28 15 30
6 18 8 19 18 8 10 28 15 30 6 18 8 10 28 15 30
6 18 8 19 8 10 28 15 30 6 18 8 10 28 15 30
6 18 8 10 19 8 10 28 15 30 6 18 8 10 28 15 30

29 30 18 7 28 5 12 29 30 18 7 28 5 12
29 30 18 7 28 5 12 29 30 19 30 18 7 28 5 12
29 30 18 7 28 5 12 29 30 18 19 30 18 7 28 5 12
29 30 18 7 28 5 12 29 30 18 19 18 7 28 5 12
29 30 18 7 28 5 12 29 30 18 7 19 18 7 28 5 12
29 30 19 30 18 7 28 5 12 29 30 18 7 28 5 12
29 30 18 19 30 18 7 28 5 12 29 30 18 7 28 5 12
29 30 18 19 18 7 28 5 12 29 30 18 7 28 5 12
29 30 18 7 19 18 7 28 5 12 29 30 18 7 28 5 12

22 11 30 28 23 20 17 22 11 30 28 23 20 17
22 11 30 28 23 20 17 22 11 16 11 30 28 23 20 17
22 11 30 28 23 20 17 22 11 30 16 11 30 28 23 20 17
22 11 30 28 23 20 17 22 11 30 16 30 28 23 20 17
22 11 30 28 23 20 17 22 11 30 28 16 30 28 23 20 17
22 11 16 11 30 28 23 20 17 22 11 30 28 23 20 17
22 11 30 16 11 30 28 23 20 17 22 11 30 28 23 20 17
22 11 30 16 30 28 23 20 17 22 11 30 28 23 20 17
22 11 30 28 16 30 28 23 20 17 22 11 30 28 23 20 17

19 22 21 23 13 17 26 19 22 21 23 13 17 26
19 22 21 23 13 17 26 19 22 14 22 21 23 13 17 26
19 22 21 23 13 17 26 19 22 21 14 22 21 23 13 17 26
19 22 21 23 13 17 26 19 22 21 14 21 23 13 17 26
19 22 21 23 13 17 26 19 22 21 23 14 21 23 13 17 26
19 22 14 22 21 23 13 17 26 19 22 21 23 13 17 26
19 22 21 14 22 21 23 13 17 26 19 22 21 23 13 17 26
19 22 21 14 21 23 13 17 26 19 22 21 23 13 17 26
19 22 21 23 14 21 23 13 17 26 19 22 21 23 13 17 26

22 10 13 26 16 6 13 22 10 13 26 16 6 13
22 10 13 26 16 6 13 22 10 20 10 13 26 16 6 13
22 10 13 26 16 6 13 22 10 13 20 10 13 26 16 6 13
22 10 13 26 16 6 13 22 10 13 20 13 26 16 6 13
22 10 13 26 16 6 13 22 10 13 26 20 13 26 16 6 13
22 10 20 10 13 26 16 6 13 22 10 13 26 16 6 13
22 10 13 20 10 13 26 16 6 13 22 10 13 26 16 6 13
22 10 13 20 13 26 16 6 13 22 10 13 26 16 6 13
22 10 13 26 20 13 26 16 6 13 22 10 13 26 16 6 13

24 15 14 22 10 22 24 24 15 14 22 10 22 24
24 15 14 22 10 22 24 24 15 20 15 14 22 10 22 24
24 15 14 22 10 22 24 24 15 14 20 15 14 22 10 22 24
24 15 14 22 10 22 24 24 15 14 20 14 22 10 22 24
24 15 14 22 10 22 24 24 15 14 22 20 14 22 10 22 24
24 15 20 15 14 22 10 22 24 24 15 14 22 10 22 24
24 15 14 20 15 14 22 10 22 24 24 15 14 22 10 22 24
24 15 14 20 14 22 10 22 24 24 15 14 22 10 22 24
24 15 14 22 20 14 22 10 22 24 24 15 14 22 10 22 24

29 24 5 17 7 8 14 29 24 5 17 7 8 14
29 24 5 17 7 8 14 29 24 12 24 5 17 7 8 14
29 24 5 17 7 8 14 29 24 5 12 24 5 17 7 8 14
29 24 5 17 7 8 14 29 24 5 12 5 17 7 8 14
29 24 5 17 7 8 14 29 24 5 17 12 5 17 7 8 14
29 24 12 24 5 17 7 8 14 29 24 5 17 7 8 14
29 24 5 12 24 5 17 7 8 14 29 24 5 17 7 8 14
29 24 5 12 5 17 7 8 14 29 24 5 17 7 8 14
29 24 5 17 12 5 17 7 8 14 29 24 5 17 7 8 14

18 17 28 14 6 26 24 18 17 28 14 6 26 24
18 17 28 14 6 26 24 18 17 10 17 28 14 6 26 24
18 17 28 14 6 26 24 18 17 28 10 17 28 14 6 26 24
18 17 28 14 6 26 24 18 17 28 10 28 14 6 26 24
18 17 28 14 6 26 24 18 17 28 14 10 28 14 6 26 24
18 17 10 17 28 14 6 26 24 18 17 28 14 6 26 24
18 17 28 10 17 28 14 6 26 24 18 17 28 14 6 26 24
18 17 28 10 28 14 6 26 24 18 17 28 14 6 26 24
18 17 28 14 10 28 14 6 26 24 18 17 28 14 6 26 24

22 14 5 14 13 8 9 22 14 5 14 13 8 9
22 14 5 14 13 8 9 22 14 14 14 5 14 13 8 9
22 14 5 14 13 8 9 22 14 5 14 14 5 14 13 8 9
22 14 5 14 13 8 9 22 14 5 14 5 14 13 8 9
22 14 5 14 13 8 9 22 14 5 14 14 5 14 13 8 9
22 14 14 14 5 14 13 8 9 22 14 5 14 13 8 9
22 14 5 14 14 5 14 13 8 9 22 14 5 14 13 8 9
22 14 5 14 5 14 13 8 9 22 14 5 14 13 8 9
22 14 5 14 14 5 14 13 8 9 22 14 5 14 13 8 9

19 28 24 20 12 9 17 19 28 24 20 12 9 17
19 28 24 20 12 9 17 19 28 8 28 24 20 12 9 17
19 28 24 20 12 9 17 19 28 24 8 28 24 20 12 9 17
19 28 24 20 12 9 17 19 28 24 8 24 20 12 9 17
19 28 24 20 12 9 17 19 28 24 20 8 24 20 12 9 17
19 28 8 28 24 20 12 9 17 19 28 24 20 12 9 17
19 28 24 8 28 24 20 12 9 17 19 28 24 20 12 9 17
19 28 24 8 24 20 12 9 17 19 28 24 20 12 9 17
19 28 24 20 8 24 20 12 9 17 19 28 24 20 12 9 17

9 19 29 29 9 25 25 9 19 29 29 9 25 25
9 19 29 29 9 25 25 9 19 6 19 29 29 9 25 25
9 19 29 29 9 25 25 9 19 29 6 19 29 29 9 25 25
9 19 29 29 9 25 25 9 19 29 6 29 29 9 25 25
9 19 29 29 9 25 25 9 19 29 29 6 29 29 9 25 25
9 19 6 19 29 29 9 25 25 9 19 29 29 9 25 25
9 19 29 6 19 29 29 9 25 25 9 19 29 29 9 25 25
9 19 29 6 29 29 9 25 25 9 19 29 29 9 25 25
9 19 29 29 6 29 29 9 25 25 9 19 29 29 9 25 25

24 25 24 19 16 22 16 24 25 24 19 16 22 16
24 25 24 19 16 22 16 24 25 16 25 24 19 16 22 16
24 25 24 19 16 22 16 24 25 24 16 25 24 19 16 22 16
24 25 24 19 16 22 16 24 25 24 16 24 19 16 22 16
24 25 24 19 16 22 16 24 25 24 19 16 24 19 16 22 16
24 25 16 25 24 19 16 22 16 24 25 24 19 16 22 16
24 25 24 16 25 24 19 16 22 16 24 25 24 19 16 22 16
24 25 24 16 24 19 16 22 16 24 25 24 19 16 22 16
24 25 24 19 16 24 19 16 22 16 24 25 24 19 16 22 16

7 12 20 29 8 25 7 7 12 20 29 8 25 7
7 12 20 29 8 25 7 7 12 20 12 20 29 8 25 7
7 12 20 29 8 25 7 7 12 20 20 12 20 29 8 25 7
7 12 20 29 8 25 7 7 12 20 20 20 29 8 25 7
7 12 20 29 8 25 7 7 12 20 29 20 20 29 8 25 7
7 12 20 12 20 29 8 25 7 7 12 20 29 8 25 7
7 12 20 20 12 20 29 8 25 7 7 12 20 29 8 25 7
7 12 20 20 20 29 8 25 7 7 12 20 29 8 25 7
7 12 20 29 20 20 29 8 25 7 7 12 20 29 8 25 7

14 29 9 17 5 21 13 14 29 9 17 5 21 13
14 29 9 17 5 21 13 14 29 15 29 9 17 5 21 13
14 29 9 17 5 21 13 14 29 9 15 29 9 17 5 21 13
14 29 9 17 5 21 13 14 29 9 15 9 17 5 21 13
14 29 9 17 5 21 13 14 29 9 17 15 9 17 5 21 13
14 29 15 29 9 17 5 21 13 14 29 9 17 5 21 13
14 29 9 15 29 9 17 5 21 13 14 29 9 17 5 21 13
14 29 9 15 9 17 5 21 13 14 29 9 17 5 21 13
14 29 9 17 15 9 17 5 21 13 14 29 9 17 5 21 13

8 19 16 5 23 23 15 8 19 16 5 23 23 15
8 19 16 5 23 23 15 8 19 15 19 16 5 23 23 15
8 19 16 5 23 23 15 8 19 16 15 19 16 5 23 23 15
8 19 16 5 23 23 15 8 19 16 15 16 5 23 23 15
8 19 16 5 23 23 15 8 19 16 5 15 16 5 23 23 15
8 19 15 19 16 5 23 23 15 8 19 16 5 23 23 15
8 19 16 15 19 16 5 23 23 15 8 19 16 5 23 23 15
8 19 16 15 16 5 23 23 15 8 19 16 5 23 23 15
8 19 16 5 15 16 5 23 23 15 8 19 16 5 23 23 15

18 8 28 19 24 18 20 18 8 28 19 24 18 20
18 8 28 19 24 18 20 18 8 9 8 28 19 24 18 20
18 8 28 19 24 18 20 18 8 28 9 8 28 19 24 18 20
18 8 28 19 24 18 20 18 8 28 9 28 19 24 18 20
18 8 28 19 24 18 20 18 8 28 19 9 28 19 24 18 20
18 8 9 8 28 19 24 18 20 18 8 28 19 24 18 20
18 8 28 9 8 28 19 24 18 20 18 8 28 19 24 18 20
18 8 28 9 28 19 24 18 20 18 8 28 19 24 18 20
18 8 28 19 9 28 19 24 18 20 18 8 28 19 24 18 20

7 19 12 6 20 27 10 7 19 12 6 20 27 10
7 19 12 6 20 27 10 7 19 11 19 12 6 20 27 10
7 19 12 6 20 27 10 7 19 12 11 19 12 6 20 27 10
7 19 12 6 20 27 10 7 19 12 11 12 6 20 27 10
7 19 12 6 20 27 10 7 19 12 6 11 12 6 20 27 10
7 19 11 19 12 6 20 27 10 7 19 12 6 20 27 10
7 19 12 11 19 12 6 20 27 10 7 19 12 6 20 27 10
7 19 12 11 12 6 20 27 10 7 19 12 6 20 27 10
7 19 12 6 11 12 6 20 27 10 7 19 12 6 20 27 10

30 15 15 29 28 30 24 30 15 15 29 28 30 24
30 15 15 29 28 30 24 30 15 13 15 15 29 28 30 24
30 15 15 29 28 30 24 30 15 15 13 15 15 29 28 30 24
30 15 15 29 28 30 24 30 15 15 13 15 29 28 30 24
30 15 15 29 28 30 24 30 15 15 29 13 15 29 28 30 24
30 15 13 15 15 29 28 30 24 30 15 15 29 28 30 24
30 15 15 13 15 15 29 28 30 24 30 15 15 29 28 30 24
30 15 15 13 15 29 28 30 24 30 15 15 29 28 30 24
30 15 15 29 13 15 29 28 30 24 30 15 15 29 28 30 24

19 20 9 20 29 11 28 19 20 9 20 29 11 28
19 20 9 20 29 11 28 19 20 6 20 9 20 29 11 28
19 20 9 20 29 11 28 19 20 9 6 20 9 20 29 11 28
19 20 9 20 29 11 28 19 20 9 6 9 20 29 11 28
19 20 9 20 29 11 28 19 20 9 20 6 9 20 29 11 28
19 20 6 20 9 20 29 11 28 19 20 9 20 29 11 28
19 20 9 6 20 9 20 29 11 28 19 20 9 20 29 11 28
19 20 9 6 9 20 29 11 28 19 20 9 20 29 11 28
19 20 9 20 6 9 20 29 11 28 19 20 9 20 29 11 28

7 8 29 18 12 10 25 7 8 29 18 12 10 25
7 8 29 18 12 10 25 7 8 15 8 29 18 12 10 25
7 8 29 18 12 10 25 7 8 29 15 8 29 18 12 10 25
7 8 29 18 12 10 25 7 8 29 15 29 18 12 10 25
7 8 29 18 12 10 25 7 8 29 18 15 29 18 12 10 25
7 8 15 8 29 18 12 10 25 7 8 29 18 12 10 25
7 8 29 15 8 29 18 12 10 25 7 8 29 18 12 10 25
7 8 29 15 29 18 12 10 25 7 8 29 18 12 10 25
7 8 29 18 15 29 18 12 10 25 7 8 29 18 12 10 25

23 8 30 10 29 23 23 23 8 30 10 29 23 23
23 8 30 10 29 23 23 23 8 12 8 30 10 29 23 23
23 8 30 10 29 23 23 23 8 30 12 8 30 10 29 23 23
23 8 30 10 29 23 23 23 8 30 12 30 10 29 23 23
23 8 30 10 29 23 23 23 8 30 10 12 30 10 29 23 23
23 8 12 8 30 10 29 23 23 23 8 30 10 29 23 23
23 8 30 12 8 30 10 29 23 23 23 8 30 10 29 23 23
23 8 30 12 30 10 29 23 23 23 8 30 10 29 23 23
23 8 30 10 12 30 10 29 23 23 23 8 30 10 29 23 23

11 9 26 16 27 24 15 11 9 26 16 27 24 15
11 9 26 16 27 24 15 11 9 19 9 26 16 27 24 15
11 9 26 16 27 24 15 11 9 26 19 9 26 16 27 24 15
11 9 26 16 27 24 15 11 9 26 19 26 16 27 24 15
11 9 26 16 27 24 15 11 9 26 16 19 26 16 27 24 15
11 9 19 9 26 16 27 24 15 11 9 26 16 27 24 15
11 9 26 19 9 26 16 27 24 15 11 9 26 16 27 24 15
11 9 26 19 26 16 27 24 15 11 9 26 16 27 24 15
11 9 26 16 19 26 16 27 24 15 11 9 26 16 27 24 15

5 11 5 18 8 13 12 5 11 5 18 8 13 12
5 11 5 18 8 13 12 5 11 17 11 5 18 8 13 12
5 11 5 18 8 13 12 5 11 5 17 11 5 18 8 13 12
5 11 5 18 8 13 12 5 11 5 17 5 18 8 13 12
5 11 5 18 8 13 12 5 11 5 18 17 5 18 8 13 12
5 11 17 11 5 18 8 13 12 5 11 5 18 8 13 12
5 11 5 17 11 5 18 8 13 12 5 11 5 18 8 13 12
5 11 5 17 5 18 8 13 12 5 11 5 18 8 13 12
5 11 5 18 17 5 18 8 13 12 5 11 5 18 8 13 12

15 27 22 27 14 5 14 15 27 22 27 14 5 14
15 27 22 27 14 5 14 15 27 6 27 22 27 14 5 14
15 27 22 27 14 5 14 15 27 22 6 27 22 27 14 5 14
15 27 22 27 14 5 14 15 27 22 6 22 27 14 5 14
15 27 22 27 14 5 14 15 27 22 27 6 22 27 14 5 14
15 27 6 27 22 27 14 5 14 15 27 22 27 14 5 14
15 27 22 6 27 22 27 14 5 14 15 27 22 27 14 5 14
15 27 22 6 22 27 14 5 14 15 27 22 27 14 5 14
15 27 22 27 6 22 27 14 5 14 15 27 22 27 14 5 14

22 22 26 30 13 8 5 22 22 26 30 13 8 5
22 22 26 30 13 8 5 22 22 19 22 26 30 13 8 5
22 22 26 30 13 8 5 22 22 26 19 22 26 30 13 8 5
22 22 26 30 13 8 5 22 22 26 19 26 30 13 8 5
22 22 26 30 13 8 5 22 22 26 30 19 26 30 13 8 5
22 22 19 22 26 30 13 8 5 22 22 26 30 13 8 5
22 22 26 19 22 26 30 13 8 5 22 22 26 30 13 8 5
22 22 26 19 26 30 13 8 5 22 22 26 30 13 8 5
22 22 26 30 19 26 30 13 8 5 22 22 26 30 13 8 5

14 18 8 10 16 28 11 14 18 8 10 16 28 11
14 18 8 10 16 28 11 14 18 18 18 8 10 16 28 11
14 18 8 10 16 28 11 14 18 8 18 18 8 10 16 28 11
14 18 8 10 16 28 11 14 18 8 18 8 10 16 28 11
14 18 8 10 16 28 11 14 18 8 10 18 8 10 16 28 11
14 18 18 18 8 10 16 28 11 14 18 8 10 16 28 11
14 18 8 18 18 8 10 16 28 11 14 18 8 10 16 28 11
14 18 8 18 8 10 16 28 11 14 18 8 10 16 28 11
14 18 8 10 18 8 10 16 28 11 14 18 8 10 16 28 11

5 26 17 23 22 23 25 5 26 17 23 22 23 25
5 26 17 23 22 23 25 5 26 18 26 17 23 22 23 25
5 26 17 23 22 23 25 5 26 17 18 26 17 23 22 23 25
5 26 17 23 22 23 25 5 26 17 18 17 23 22 23 25
5 26 17 23 22 23 25 5 26 17 23 18 17 23 22 23 25
5 26 18 26 17 23 22 23 25 5 26 17 23 22 23 25
5 26 17 18 26 17 23 22 23 25 5 26 17 23 22 23 25
5 26 17 18 17 23 22 23 25 5 26 17 23 22 23 25
5 26 17 23 18 17 23 22 23 25 5 26 17 23 22 23 25

22 11 30 27 11 24 8 22 11 30 27 11 24 8
22 11 30 27 11 24 8 22 11 6 11 30 27 11 24 8
22 11 30 27 11 24 8 22 11 30 6 11 30 27 11 24 8
22 11 30 27 11 24 8 22 11 30 6 30 27 11 24 8
22 11 30 27 11 24 8 22 11 30 27 6 30 27 11 24 8
22 11 6 11 30 27 11 24 8 22 11 30 27 11 24 8
22 11 30 6 11 30 27 11 24 8 22 11 30 27 11 24 8
22 11 30 6 30 27 11 24 8 22 11 30 27 11 24 8
22 11 30 27 6 30 27 11 24 8 22 11 30 27 11 24 8

7 12 30 20 22 16 9 7 12 30 20 22 16 9
7 12 30 20 22 16 9 7 12 5 12 30 20 22 16 9
7 12 30 20 22 16 9 7 12 30 5 12 30 20 22 16 9
7 12 30 20 22 16 9 7 12 30 5 30 20 22 16 9
7 12 30 20 22 16 9 7 12 30 20 5 30 20 22 16 9
7 12 5 12 30 20 22 16 9 7 12 30 20 22 16 9
7 12 30 5 12 30 20 22 16 9 7 12 30 20 22 16 9
7 12 30 5 30 20 22 16 9 7 12 30 20 22 16 9
7 12 30 20 5 30 20 22 16 9 7 12 30 20 22 16 9

23 29 18 7 15 16 7 23 29 18 7 15 16 7
23 29 18 7 15 16 7 23 29 5 29 18 7 15 16 7
23 29 18 7 15 16 7 23 29 18 5 29 18 7 15 16 7
23 29 18 7 15 16 7 23 29 18 5 18 7 15 16 7
23 29 18 7 15 16 7 23 29 18 7 5 18 7 15 16 7
23 29 5 29 18 7 15 16 7 23 29 18 7 15 16 7
23 29 18 5 29 18 7 15 16 7 23 29 18 7 15 16 7
23 29 18 5 18 7 15 16 7 23 29 18 7 15 16 7
23 29 18 7 5 18 7 15 16 7 23 29 18 7 15 16 7

18 9 16 21 29 26 12 18 9 16 21 29 26 12
18 9 16 21 29 26 12 18 9 14 9 16 21 29 26 12
18 9 16 21 29 26 12 18 9 16 14 9 16 21 29 26 12
18 9 16 21 29 26 12 18 9 16 14 16 21 29 26 12
18 9 16 21 29 26 12 18 9 16 21 14 16 21 29 26 12
18 9 14 9 16 21 29 26 12 18 9 16 21 29 26 12
18 9 16 14 9 16 21 29 26 12 18 9 16 21 29 26 12
18 9 16 14 16 21 29 26 12 18 9 16 21 29 26 12
18 9 16 21 14 16 21 29 26 12 18 9 16 21 29 26 12

10 29 28 12 28 17 16 10 29 28 12 28 17 16
10 29 28 12 28 17 16 10 29 15 29 28 12 28 17 16
10 29 28 12 28 17 16 10 29 28 15 29 28 12 28 17 16
10 29 28 12 28 17 16 10 29 28 15 28 12 28 17 16
10 29 28 12 28 17 16 10 29 28 12 15 28 12 28 17 16
10 29 15 29 28 12 28 17 16 10 29 28 12 28 17 16
10 29 28 15 29 28 12 28 17 16 10 29 28 12 28 17 16
10 29 28 15 28 12 28 17 16 10 29 28 12 28 17 16
10 29 28 12 15 28 12 28 17 16 10 29 28 12 28 17 16

21 17 24 11 20 5 6 21 17 24 11 20 5 6
21 17 24 11 20 5 6 21 17 19 17 24 11 20 5 6
21 17 24 11 20 5 6 21 17 24 19 17 24 11 20 5 6
21 17 24 11 20 5 6 21 17 24 19 24 11 20 5 6
21 17 24 11 20 5 6 21 17 24 11 19 24 11 20 5 6
21 17 19 17 24 11 20 5 6 21 17 24 11 20 5 6
21 17 24 19 17 24 11 20 5 6 21 17 24 11 20 5 6
21 17 24 19 24 11 20 5 6 21 17 24 11 20 5 6
21 17 24 11 19 24 11 20 5 6 21 17 24 11 20 5 6

23 16 11 15 19 20 30 23 16 11 15 19 20 30
23 16 11 15 19 20 30 23 16 19 16 11 15 19 20 30
23 16 11 15 19 20 30 23 16 11 19 16 11 15 19 20 30
23 16 11 15 19 20 30 23 16 11 19 11 15 19 20 30
23 16 11 15 19 20 30 23 16 11 15 19 11 15 19 20 30
23 16 19 16 11 15 19 20 30 23 16 11 15 19 20 30
23 16 11 19 16 11 15 19 20 30 23 16 11 15 19 20 30
23 16 11 19 11 15 19 20 30 23 16 11 15 19 20 30
23 16 11 15 19 11 15 19 20 30 23 16 11 15 19 20 30

10 16 19 14 26 12 24 10 16 19 14 26 12 24
10 16 19 14 26 12 24 10 16 19 16 19 14 26 12 24
10 16 19 14 26 12 24 10 16 19 19 16 19 14 26 12 24
10 16 19 14 26 12 24 10 16 19 19 19 14 26 12 24
10 16 19 14 26 12 24 10 16 19 14 19 19 14 26 12 24
10 16 19 16 19 14 26 12 24 10 16 19 14 26 12 24
10 16 19 19 16 19 14 26 12 24 10 16 19 14 26 12 24
10 16 19 19 19 14 26 12 24 10 16 19 14 26 12 24
10 16 19 14 19 19 14 26 12 24 10 16 19 14 26 12 24

6 30 30 15 13 18 21 6 30 30 15 13 18 21
6 30 30 15 13 18 21 6 30 17 30 30 15 13 18 21
6 30 30 15 13 18 21 6 30 30 17 30 30 15 13 18 21
6 30 30 15 13 18 21 6 30 30 17 30 15 13 18 21
6 30 30 15 13 18 21 6 30 30 15 17 30 15 13 18 21
6 30 17 30 30 15 13 18 21 6 30 30 15 13 18 21
6 30 30 17 30 30 15 13 18 21 6 30 30 15 13 18 21
6 30 30 17 30 15 13 18 21 6 30 30 15 13 18 21
6 30 30 15 17 30 15 13 18 21 6 30 30 15 13 18 21

13 21 10 5 9 20 28 13 21 10 5 9 20 28
13 21 10 5 9 20 28 13 21 11 21 10 5 9 20 28
13 21 10 5 9 20 28 13 21 10 11 21 10 5 9 20 28
13 21 10 5 9 20 28 13 21 10 11 10 5 9 20 28
13 21 10 5 9 20 28 13 21 10 5 11 10 5 9 20 28
13 21 11 21 10 5 9 20 28 13 21 10 5 9 20 28
13 21 10 11 21 10 5 9 20 28 13 21 10 5 9 20 28
13 21 10 11 10 5 9 20 28 13 21 10 5 9 20 28
13 21 10 5 11 10 5 9 20 28 13 21 10 5 9 20 28

13 12 10 13 6 29 20 13 12 10 13 6 29 20
13 12 10 13 6 29 20 13 12 10 12 10 13 6 29 20
13 12 10 13 6 29 20 13 12 10 10 12 10 13 6 29 20
13 12 10 13 6 29 20 13 12 10 10 10 13 6 29 20
13 12 10 13 6 29 20 13 12 10 13 10 10 13 6 29 20
13 12 10 12 10 13 6 29 20 13 12 10 13 6 29 20
13 12 10 10 12 10 13 6 29 20 13 12 10 13 6 29 20
13 12 10 10 10 13 6 29 20 13 12 10 13 6 29 20
13 12 10 13 10 10 13 6 29 20 13 12 10 13 6 29 20

21 23 20 15 8 11 22 21 23 20 15 8 11 22
21 23 20 15 8 11 22 21 23 16 23 20 15 8 11 22
21 23 20 15 8 11 22 21 23 20 16 23 20 15 8 11 22
21 23 20 15 8 11 22 21 23 20 16 20 15 8 11 22
21 23 20 15 8 11 22 21 23 20 15 16 20 15 8 11 22
21 23 16 23 20 15 8 11 22 21 23 20 15 8 11 22
21 23 20 16 23 20 15 8 11 22 21 23 20 15 8 11 22
21 23 20 16 20 15 8 11 22 21 23 20 15 8 11 22
21 23 20 15 16 20 15 8 11 22 21 23 20 15 8 11 22

27 27 11 10 21 20 21 27 27 11 10 21 20 21
27 27 11 10 21 20 21 27 27 19 27 11 10 21 20 21
27 27 11 10 21 20 21 27 27 11 19 27 11 10 21 20 21
27 27 11 10 21 20 21 27 27 11 19 11 10 21 20 21
27 27 11 10 21 20 21 27 27 11 10 19 11 10 21 20 21
27 27 19 27 11 10 21 20 21 27 27 11 10 21 20 21
27 27 11 19 27 11 10 21 20 21 27 27 11 10 21 20 21
27 27 11 19 11 10 21 20 21 27 27 11 10 21 20 21
27 27 11 10 19 11 10 21 20 21 27 27 11 10 21 20 21

20 5 15 17 12 30 5 20 5 15 17 12 30 5
20 5 15 17 12 30 5 20 5 11 5 15 17 12 30 5
20 5 15 17 12 30 5 20 5 15 11 5 15 17 12 30 5
20 5 15 17 12 30 5 20 5 15 11 15 17 12 30 5
20 5 15 17 12 30 5 20 5 15 17 11 15 17 12 30 5
20 5 11 5 15 17 12 30 5 20 5 15 17 12 30 5
20 5 15 11 5 15 17 12 30 5 20 5 15 17 12 30 5
20 5 15 11 15 17 12 30 5 20 5 15 17 12 30 5
20 5 15 17 11 15 17 12 30 5 20 5 15 17 12 30 5

13 10 10 20 28 26 16 13 10 10 20 28 26 16
13 10 10 20 28 26 16 13 10 17 10 10 20 28 26 16
13 10 10 20 28 26 16 13 10 10 17 10 10 20 28 26 16
13 10 10 20 28 26 16 13 10 10 17 10 20 28 26 16
13 10 10 20 28 26 16 13 10 10 20 17 10 20 28 26 16
13 10 17 10 10 20 28 26 16 13 10 10 20 28 26 16
13 10 10 17 10 10 20 28 26 16 13 10 10 20 28 26 16
13 10 10 17 10 20 28 26 16 13 10 10 20 28 26 16
13 10 10 20 17 10 20 28 26 16 13 10 10 20 28 26 16

27 22 10 5 17 12 25 27 22 10 5 17 12 25
27 22 10 5 17 12 25 27 22 13 22 10 5 17 12 25
27 22 10 5 17 12 25 27 22 10 13 22 10 5 17 12 25
27 22 10 5 17 12 25 27 22 10 13 10 5 17 12 25
27 22 10 5 17 12 25 27 22 10 5 13 10 5 17 12 25
27 22 13 22 10 5 17 12 25 27 22 10 5 17 12 25
27 22 10 13 22 10 5 17 12 25 27 22 10 5 17 12 25
27 22 10 13 10 5 17 12 25 27 22 10 5 17 12 25
27 22 10 5 13 10 5 17 12 25 27 22 10 5 17 12 25

17 10 16 25 24 19 9 17 10 16 25 24 19 9
17 10 16 25 24 19 9 17 10 14 10 16 25 24 19 9
17 10 16 25 24 19 9 17 10 16 14 10 16 25 24 19 9
17 10 16 25 24 19 9 17 10 16 14 16 25 24 19 9
17 10 16 25 24 19 9 17 10 16 25 14 16 25 24 19 9
17 10 14 10 16 25 24 19 9 17 10 16 25 24 19 9
17 10 16 14 10 16 25 24 19 9 17 10 16 25 24 19 9
17 10 16 14 16 25 24 19 9 17 10 16 25 24 19 9
17 10 16 25 14 16 25 24 19 9 17 10 16 25 24 19 9

21 29 16 10 13 6 9 21 29 16 10 13 6 9
21 29 16 10 13 6 9 21 29 7 29 16 10 13 6 9
21 29 16 10 13 6 9 21 29 16 7 29 16 10 13 6 9
21 29 16 10 13 6 9 21 29 16 7 16 10 13 6 9
21 29 16 10 13 6 9 21 29 16 10 7 16 10 13 6 9
21 29 7 29 16 10 13 6 9 21 29 16 10 13 6 9
21 29 16 7 29 16 10 13 6 9 21 29 16 10 13 6 9
21 29 16 7 16 10 13 6 9 21 29 16 10 13 6 9
21 29 16 10 7 16 10 13 6 9 21 29 16 10 13 6 9

9 25 16 30 17 29 11 9 25 16 30 17 29 11
9 25 16 30 17 29 11 9 25 11 25 16 30 17 29 11
9 25 16 30 17 29 11 9 25 16 11 25 16 30 17 29 11
9 25 16 30 17 29 11 9 25 16 11 16 30 17 29 11
9 25 16 30 17 29 11 9 25 16 30 11 16 30 17 29 11
9 25 11 25 16 30 17 29 11 9 25 16 30 17 29 11
9 25 16 11 25 16 30 17 29 11 9 25 16 30 17 29 11
9 25 16 11 16 30 17 29 11 9 25 16 30 17 29 11
9 25 16 30 11 16 30 17 29 11 9 25 16 30 17 29 11

18 15 25 30 12 14 29 18 15 25 30 12 14 29
18 15 25 30 12 14 29 18 15 9 15 25 30 12 14 29
18 15 25 30 12 14 29 18 15 25 9 15 25 30 12 14 29
18 15 25 30 12 14 29 18 15 25 9 25 30 12 14 29
18 15 25 30 12 14 29 18 15 25 30 9 25 30 12 14 29
18 15 9 15 25 30 12 14 29 18 15 25 30 12 14 29
18 15 25 9 15 25 30 12 14 29 18 15 25 30 12 14 29
18 15 25 9 25 30 12 14 29 18 15 25 30 12 14 29
18 15 25 30 9 25 30 12 14 29 18 15 25 30 12 14 29

29 22 8 15 11 16 13 29 22 8 15 11 16 13
29 22 8 15 11 16 13 29 22 16 22 8 15 11 16 13
29 22 8 15 11 16 13 29 22 8 16 22 8 15 11 16 13
29 22 8 15 11 16 13 29 22 8 16 8 15 11 16 13
29 22 8 15 11 16 13 29 22 8 15 16 8 15 11 16 13
29 22 16 22 8 15 11 16 13 29 22 8 15 11 16 13
29 22 8 16 22 8 15 11 16 13 29 22 8 15 11 16 13
29 22 8 16 8 15 11 16 13 29 22 8 15 11 16 13
29 22 8 15 16 8 15 11 16 13 29 22 8 15 11 16 13

28 11 27 7 5 30 15 28 11 27 7 5 30 15
28 11 27 7 5 30 15 28 11 18 11 27 7 5 30 15
28 11 27 7 5 30 15 28 11 27 18 11 27 7 5 30 15
28 11 27 7 5 30 15 28 11 27 18 27 7 5 30 15
28 11 27 7 5 30 15 28 11 27 7 18 27 7 5 30 15
28 11 18 11 27 7 5 30 15 28 11 27 7 5 30 15
28 11 27 18 11 27 7 5 30 15 28 11 27 7 5 30 15
28 11 27 18 27 7 5 30 15 28 11 27 7 5 30 15
28 11 27 7 18 27 7 5 30 15 28 11 27 7 5 30 15

25 29 25 14 24 10 22 25 29 25 14 24 10 22
25 29 25 14 24 10 22 25 29 15 29 25 14 24 10 22
25 29 25 14 24 10 22 25 29 25 15 29 25 14 24 10 22
25 29 25 14 24 10 22 25 29 25 15 25 14 24 10 22
25 29 25 14 24 10 22 25 29 25 14 15 25 14 24 10 22
25 29 15 29 25 14 24 10 22 25 29 25 14 24 10 22
25 29 25 15 29 25 14 24 10 22 25 29 25 14 24 10 22
25 29 25 15 25 14 24 10 22 25 29 25 14 24 10 22
25 29 25 14 15 25 14 24 10 22 25 29 25 14 24 10 22

28 16 29 9 22 27 18 28 16 29 9 22 27 18
28 16 29 9 22 27 18 28 16 8 16 29 9 22 27 18
28 16 29 9 22 27 18 28 16 29 8 16 29 9 22 27 18
28 16 29 9 22 27 18 28 16 29 8 29 9 22 27 18
28 16 29 9 22 27 18 28 16 29 9 8 29 9 22 27 18
28 16 8 16 29 9 22 27 18 28 16 29 9 22 27 18
28 16 29 8 16 29 9 22 27 18 28 16 29 9 22 27 18
28 16 29 8 29 9 22 27 18 28 16 29 9 22 27 18
28 16 29 9 8 29 9 22 27 18 28 16 29 9 22 27 18

12 8 10 30 12 12 17 12 8 10 30 12 12 17
12 8 10 30 12 12 17 12 8 14 8 10 30 12 12 17
12 8 10 30 12 12 17 12 8 10 14 8 10 30 12 12 17
12 8 10 30 12 12 17 12 8 10 14 10 30 12 12 17
12 8 10 30 12 12 17 12 8 10 30 14 10 30 12 12 17
12 8 14 8 10 30 12 12 17 12 8 10 30 12 12 17
12 8 10 14 8 10 30 12 12 17 12 8 10 30 12 12 17
12 8 10 14 10 30 12 12 17 12 8 10 30 12 12 17
12 8 10 30 14 10 30 12 12 17 12 8 10 30 12 12 17

5 21 5 7 11 12 19 5 21 5 7 11 12 19
5 21 5 7 11 12 19 5 21 5 21 5 7 11 12 19
5 21 5 7 11 12 19 5 21 5 5 21 5 7 11 12 19
5 21 5 7 11 12 19 5 21 5 5 5 7 11 12 19
5 21 5 7 11 12 19 5 21 5 7 5 5 7 11 12 19
5 21 5 21 5 7 11 12 19 5 21 5 7 11 12 19
5 21 5 5 21 5 7 11 12 19 5 21 5 7 11 12 19
5 21 5 5 5 7 11 12 19 5 21 5 7 11 12 19
5 21 5 7 5 5 7 11 12 19 5 21 5 7 11 12 19

