200
7
4
2

12
22
11
17
13
12
12
21
9
11
9
21
2
12
14
10
15
26
30
10
20
27
30
8
24
28
3
9
16
6
14
16
9
27
29
21
19
20
16
2
11
13
2
6
21
29
2
21
29
6
10
16
25
11
22
13
11
18
30
5
2
13
0
5
7
6
11
20
27
16
26
11
30
15
5
14
13
20
12
28
29
30
24
3
14
26
18
6
30
4
4
15
18
16
5
24
8
14
29
5
17
12
29
15
6
8
14
16
18
4
4
4
9
27
8
16
20
2
17
0
23
19
26
13
21
14
18
11
5
18
29
18
26
22
13
23
10
1
19
26
25
28
15
10
17
13
20
29
28
27
1
7
3
29
30
9
12
28
13
15
19
16
25
25
13
10
11
18
3
30
12
29
0
14
24
21
28
29
7
14
5
28
0
5
24
6
23
26
0
25
13
12
30
13
24
15
25
3
4
11

33 46 
36 24 
16 42 
38 34 
18 20 
36 41 
45 13 
29 35 
19 31 
25 40 
42 45 
23 34 
18 46 
40 37 
31 32 
27 26 
19 26 
39 41 
34 35 
33 11 
38 14 
19 26 
19 44 
23 41 
32 26 
37 35 
16 34 
41 35 
26 25 
24 40 
40 47 
35 25 
23 25 
34 39 
46 40 
25 22 
33 33 
30 19 
26 24 
33 42 
10 11 
43 40 
31 39 
44 23 
27 35 
20 42 
24 27 
27 15 
23 39 
30 22 
49 26 
31 26 
28 41 
42 17 
21 27 
35 33 
36 13 
25 28 
41 35 
40 17 
33 18 
29 35 
23 14 
31 48 
23 36 
37 32 
38 22 
30 24 
19 39 
29 26 
30 28 
24 33 
30 41 
35 30 
13 23 
29 39 
17 33 
49 19 
32 34 
26 23 
20 28 
42 25 
26 32 
39 23 
31 31 
37 22 
41 38 
14 28 
26 32 
30 33 
24 25 
22 35 
31 21 
41 47 
30 46 
15 26 
24 33 
34 24 
28 33 
27 39 
41 27 
26 30 
23 30 
35 23 
46 36 
43 43 
37 45 
26 20 
36 35 
18 14 
35 42 
38 30 
40 23 
18 13 
20 22 
45 39 
35 36 
19 17 
20 28 
44 31 
20 31 
38 22 
39 49 
38 41 
32 29 
45 37 
37 23 
42 29 
24 33 
25 27 
37 29 
21 37 
22 16 
37 18 
29 33 
18 40 
19 40 
34 37 
15 20 
34 38 
20 46 
14 23 
37 38 
17 29 
48 41 
44 29 
26 25 
23 31 
30 35 
45 41 
25 31 
36 29 
39 21 
28 23 
32 36 
32 37 
47 39 
49 43 
33 47 
25 34 
45 19 
15 40 
25 43 
30 28 
28 46 
28 32 
31 28 
31 31 
35 35 
29 27 
25 26 
44 28 
38 22 
21 20 
45 31 
26 22 
41 42 
29 44 
30 45 
32 39 
34 18 
21 38 
29 31 
50 44 
28 32 
46 36 
32 43 
19 27 
35 35 
37 16 
35 37 
34 18 
16 29 
30 37 
31 29 
36 29 
24 34 
43 35 
33 28 
17 30 

404
279
306
407
320
333
275
376
230
239
319
378
309
374
325
313
271
340
338
320
268
253
311
337
290
336
319
339
270
345
323
226
286
373
416
201
335
314
278
321
167
338
255
254
230
335
353
233
335
245
241
348
346
281
335
301
297
307
364
247
345
270
228
437
212
370
335
339
267
301
291
340
343
313
268
313
300
352
271
296
236
298
321
278
327
400
369
253
306
270
276
344
319
384
242
298
273
388
302
386
344
340
362
292
451
297
366
376
322
256
323
336
231
339
297
408
404
261
243
300
318
299
295
413
235
371
238
358
237
275
333
339
304
334
308
263
284
404
219
321
359
310
406
336
432
345
302
326
337
387
249
228
296
357
382
267
304
426
353
263
261
297
405
335
394
266
265
304
351
311
359
370
259
252
299
375
357
253
277
379
278
331
290
281
234
402
364
266
345
294
238
300
306
273
267
240
383
314
276
282

1 2 3 4 5 1 2 3 4 5 6 7
1 2 3 4 5 1 2 100 102 3 4 5 6 7
1 2 3 4 5 1 2 3 100 102 103 4 5 6 7
1 2 3 4 5 1 2 3 100 103 4 5 6 7
1 2 3 4 5 1 2 3 4 100 103 104 5 6 7
1 2 100 102 3 4 5 1 2 3 4 5 6 7
1 2 3 100 102 103 4 5 1 2 3 4 5 6 7
1 2 3 100 103 4 5 1 2 3 4 5 6 7
1 2 3 4 100 103 104 5 1 2 3 4 5 6 7

25 10 23 29 28 21 20 25 10 23 29 28 21 20
25 10 23 29 28 21 20 25 10 18 10 23 29 28 21 20
25 10 23 29 28 21 20 25 10 23 18 10 23 29 28 21 20
25 10 23 29 28 21 20 25 10 23 18 23 29 28 21 20
25 10 23 29 28 21 20 25 10 23 29 18 23 29 28 21 20
25 10 18 10 23 29 28 21 20 25 10 23 29 28 21 20
25 10 23 18 10 23 29 28 21 20 25 10 23 29 28 21 20
25 10 23 18 23 29 28 21 20 25 10 23 29 28 21 20
25 10 23 29 18 23 29 28 21 20 25 10 23 29 28 21 20

26 20 16 8 7 5 19 26 20 16 8 7 5 19
26 20 16 8 7 5 19 26 20 15 20 16 8 7 5 19
26 20 16 8 7 5 19 26 20 16 15 20 16 8 7 5 19
26 20 16 8 7 5 19 26 20 16 15 16 8 7 5 19
26 20 16 8 7 5 19 26 20 16 8 15 16 8 7 5 19
26 20 15 20 16 8 7 5 19 26 20 16 8 7 5 19
26 20 16 15 20 16 8 7 5 19 26 20 16 8 7 5 19
26 20 16 15 16 8 7 5 19 26 20 16 8 7 5 19
26 20 16 8 15 16 8 7 5 19 26 20 16 8 7 5 19

26 16 11 26 8 11 27 26 16 11 26 8 11 27
26 16 11 26 8 11 27 26 16 13 16 11 26 8 11 27
26 16 11 26 8 11 27 26 16 11 13 16 11 26 8 11 27
26 16 11 26 8 11 27 26 16 11 13 11 26 8 11 27
26 16 11 26 8 11 27 26 16 11 26 13 11 26 8 11 27
26 16 13 16 11 26 8 11 27 26 16 11 26 8 11 27
26 16 11 13 16 11 26 8 11 27 26 16 11 26 8 11 27
26 16 11 13 11 26 8 11 27 26 16 11 26 8 11 27
26 16 11 26 13 11 26 8 11 27 26 16 11 26 8 11 27

19 29 30 26 16 23 16 19 29 30 26 16 23 16
19 29 30 26 16 23 16 19 29 7 29 30 26 16 23 16
19 29 30 26 16 23 16 19 29 30 7 29 30 26 16 23 16
19 29 30 26 16 23 16 19 29 30 7 30 26 16 23 16
19 29 30 26 16 23 16 19 29 30 26 7 30 26 16 23 16
19 29 7 29 30 26 16 23 16 19 29 30 26 16 23 16
19 29 30 7 29 30 26 16 23 16 19 29 30 26 16 23 16
19 29 30 7 30 26 16 23 16 19 29 30 26 16 23 16
19 29 30 26 7 30 26 16 23 16 19 29 30 26 16 23 16

30 17 9 6 26 29 21 30 17 9 6 26 29 21
30 17 9 6 26 29 21 30 17 20 17 9 6 26 29 21
30 17 9 6 26 29 21 30 17 9 20 17 9 6 26 29 21
30 17 9 6 26 29 21 30 17 9 20 9 6 26 29 21
30 17 9 6 26 29 21 30 17 9 6 20 9 6 26 29 21
30 17 20 17 9 6 26 29 21 30 17 9 6 26 29 21
30 17 9 20 17 9 6 26 29 21 30 17 9 6 26 29 21
30 17 9 20 9 6 26 29 21 30 17 9 6 26 29 21
30 17 9 6 20 9 6 26 29 21 30 17 9 6 26 29 21

16 7 30 22 25 7 26 16 7 30 22 25 7 26
16 7 30 22 25 7 26 16 7 17 7 30 22 25 7 26
16 7 30 22 25 7 26 16 7 30 17 7 30 22 25 7 26
16 7 30 22 25 7 26 16 7 30 17 30 22 25 7 26
16 7 30 22 25 7 26 16 7 30 22 17 30 22 25 7 26
16 7 17 7 30 22 25 7 26 16 7 30 22 25 7 26
16 7 30 17 7 30 22 25 7 26 16 7 30 22 25 7 26
16 7 30 17 30 22 25 7 26 16 7 30 22 25 7 26
16 7 30 22 17 30 22 25 7 26 16 7 30 22 25 7 26

8 26 26 7 15 12 18 8 26 26 7 15 12 18
8 26 26 7 15 12 18 8 26 9 26 26 7 15 12 18
8 26 26 7 15 12 18 8 26 26 9 26 26 7 15 12 18
8 26 26 7 15 12 18 8 26 26 9 26 7 15 12 18
8 26 26 7 15 12 18 8 26 26 7 9 26 7 15 12 18
8 26 9 26 26 7 15 12 18 8 26 26 7 15 12 18
8 26 26 9 26 26 7 15 12 18 8 26 26 7 15 12 18
8 26 26 9 26 7 15 12 18 8 26 26 7 15 12 18
8 26 26 7 9 26 7 15 12 18 8 26 26 7 15 12 18

12 27 18 28 27 22 6 12 27 18 28 27 22 6
12 27 18 28 27 22 6 12 27 13 27 18 28 27 22 6
12 27 18 28 27 22 6 12 27 18 13 27 18 28 27 22 6
12 27 18 28 27 22 6 12 27 18 13 18 28 27 22 6
12 27 18 28 27 22 6 12 27 18 28 13 18 28 27 22 6
12 27 13 27 18 28 27 22 6 12 27 18 28 27 22 6
12 27 18 13 27 18 28 27 22 6 12 27 18 28 27 22 6
12 27 18 13 18 28 27 22 6 12 27 18 28 27 22 6
12 27 18 28 13 18 28 27 22 6 12 27 18 28 27 22 6

19 12 9 12 12 9 18 19 12 9 12 12 9 18
19 12 9 12 12 9 18 19 12 16 12 9 12 12 9 18
19 12 9 12 12 9 18 19 12 9 16 12 9 12 12 9 18
19 12 9 12 12 9 18 19 12 9 16 9 12 12 9 18
19 12 9 12 12 9 18 19 12 9 12 16 9 12 12 9 18
19 12 16 12 9 12 12 9 18 19 12 9 12 12 9 18
19 12 9 16 12 9 12 12 9 18 19 12 9 12 12 9 18
19 12 9 16 9 12 12 9 18 19 12 9 12 12 9 18
19 12 9 12 16 9 12 12 9 18 19 12 9 12 12 9 18

12 6 5 23 23 16 11 12 6 5 23 23 16 11
12 6 5 23 23 16 11 12 6 17 6 5 23 23 16 11
12 6 5 23 23 16 11 12 6 5 17 6 5 23 23 16 11
12 6 5 23 23 16 11 12 6 5 17 5 23 23 16 11
12 6 5 23 23 16 11 12 6 5 23 17 5 23 23 16 11
12 6 17 6 5 23 23 16 11 12 6 5 23 23 16 11
12 6 5 17 6 5 23 23 16 11 12 6 5 23 23 16 11
12 6 5 17 5 23 23 16 11 12 6 5 23 23 16 11
12 6 5 23 17 5 23 23 16 11 12 6 5 23 23 16 11

28 12 22 26 12 13 8 28 12 22 26 12 13 8
28 12 22 26 12 13 8 28 12 12 12 22 26 12 13 8
28 12 22 26 12 13 8 28 12 22 12 12 22 26 12 13 8
28 12 22 26 12 13 8 28 12 22 12 22 26 12 13 8
28 12 22 26 12 13 8 28 12 22 26 12 22 26 12 13 8
28 12 12 12 22 26 12 13 8 28 12 22 26 12 13 8
28 12 22 12 12 22 26 12 13 8 28 12 22 26 12 13 8
28 12 22 12 22 26 12 13 8 28 12 22 26 12 13 8
28 12 22 26 12 22 26 12 13 8 28 12 22 26 12 13 8

26 28 15 24 14 14 30 26 28 15 24 14 14 30
26 28 15 24 14 14 30 26 28 18 28 15 24 14 14 30
26 28 15 24 14 14 30 26 28 15 18 28 15 24 14 14 30
26 28 15 24 14 14 30 26 28 15 18 15 24 14 14 30
26 28 15 24 14 14 30 26 28 15 24 18 15 24 14 14 30
26 28 18 28 15 24 14 14 30 26 28 15 24 14 14 30
26 28 15 18 28 15 24 14 14 30 26 28 15 24 14 14 30
26 28 15 18 15 24 14 14 30 26 28 15 24 14 14 30
26 28 15 24 18 15 24 14 14 30 26 28 15 24 14 14 30

5 27 10 29 18 5 29 5 27 10 29 18 5 29
5 27 10 29 18 5 29 5 27 10 27 10 29 18 5 29
5 27 10 29 18 5 29 5 27 10 10 27 10 29 18 5 29
5 27 10 29 18 5 29 5 27 10 10 10 29 18 5 29
5 27 10 29 18 5 29 5 27 10 29 10 10 29 18 5 29
5 27 10 27 10 29 18 5 29 5 27 10 29 18 5 29
5 27 10 10 27 10 29 18 5 29 5 27 10 29 18 5 29
5 27 10 10 10 29 18 5 29 5 27 10 29 18 5 29
5 27 10 29 10 10 29 18 5 29 5 27 10 29 18 5 29

19 30 23 22 16 8 21 19 30 23 22 16 8 21
19 30 23 22 16 8 21 19 30 11 30 23 22 16 8 21
19 30 23 22 16 8 21 19 30 23 11 30 23 22 16 8 21
19 30 23 22 16 8 21 19 30 23 11 23 22 16 8 21
19 30 23 22 16 8 21 19 30 23 22 11 23 22 16 8 21
19 30 11 30 23 22 16 8 21 19 30 23 22 16 8 21
19 30 23 11 30 23 22 16 8 21 19 30 23 22 16 8 21
19 30 23 11 23 22 16 8 21 19 30 23 22 16 8 21
19 30 23 22 11 23 22 16 8 21 19 30 23 22 16 8 21

26 28 11 21 7 17 23 26 28 11 21 7 17 23
26 28 11 21 7 17 23 26 28 9 28 11 21 7 17 23
26 28 11 21 7 17 23 26 28 11 9 28 11 21 7 17 23
26 28 11 21 7 17 23 26 28 11 9 11 21 7 17 23
26 28 11 21 7 17 23 26 28 11 21 9 11 21 7 17 23
26 28 9 28 11 21 7 17 23 26 28 11 21 7 17 23
26 28 11 9 28 11 21 7 17 23 26 28 11 21 7 17 23
26 28 11 9 11 21 7 17 23 26 28 11 21 7 17 23
26 28 11 21 9 11 21 7 17 23 26 28 11 21 7 17 23

28 20 19 14 16 12 12 28 20 19 14 16 12 12
28 20 19 14 16 12 12 28 20 18 20 19 14 16 12 12
28 20 19 14 16 12 12 28 20 19 18 20 19 14 16 12 12
28 20 19 14 16 12 12 28 20 19 18 19 14 16 12 12
28 20 19 14 16 12 12 28 20 19 14 18 19 14 16 12 12
28 20 18 20 19 14 16 12 12 28 20 19 14 16 12 12
28 20 19 18 20 19 14 16 12 12 28 20 19 14 16 12 12
28 20 19 18 19 14 16 12 12 28 20 19 14 16 12 12
28 20 19 14 18 19 14 16 12 12 28 20 19 14 16 12 12

12 18 11 13 21 21 12 12 18 11 13 21 21 12
12 18 11 13 21 21 12 12 18 10 18 11 13 21 21 12
12 18 11 13 21 21 12 12 18 11 10 18 11 13 21 21 12
12 18 11 13 21 21 12 12 18 11 10 11 13 21 21 12
12 18 11 13 21 21 12 12 18 11 13 10 11 13 21 21 12
12 18 10 18 11 13 21 21 12 12 18 11 13 21 21 12
12 18 11 10 18 11 13 21 21 12 12 18 11 13 21 21 12
12 18 11 10 11 13 21 21 12 12 18 11 13 21 21 12
12 18 11 13 10 11 13 21 21 12 12 18 11 13 21 21 12

13 12 27 28 21 7 18 13 12 27 28 21 7 18
13 12 27 28 21 7 18 13 12 16 12 27 28 21 7 18
13 12 27 28 21 7 18 13 12 27 16 12 27 28 21 7 18
13 12 27 28 21 7 18 13 12 27 16 27 28 21 7 18
13 12 27 28 21 7 18 13 12 27 28 16 27 28 21 7 18
13 12 16 12 27 28 21 7 18 13 12 27 28 21 7 18
13 12 27 16 12 27 28 21 7 18 13 12 27 28 21 7 18
13 12 27 16 27 28 21 7 18 13 12 27 28 21 7 18
13 12 27 28 16 27 28 21 7 18 13 12 27 28 21 7 18

8 24 27 22 6 19 20 8 24 27 22 6 19 20
8 24 27 22 6 19 20 8 24 8 24 27 22 6 19 20
8 24 27 22 6 19 20 8 24 27 8 24 27 22 6 19 20
8 24 27 22 6 19 20 8 24 27 8 27 22 6 19 20
8 24 27 22 6 19 20 8 24 27 22 8 27 22 6 19 20
8 24 8 24 27 22 6 19 20 8 24 27 22 6 19 20
8 24 27 8 24 27 22 6 19 20 8 24 27 22 6 19 20
8 24 27 8 27 22 6 19 20 8 24 27 22 6 19 20
8 24 27 22 8 27 22 6 19 20 8 24 27 22 6 19 20

28 15 14 6 27 30 8 28 15 14 6 27 30 8
28 15 14 6 27 30 8 28 15 16 15 14 6 27 30 8
28 15 14 6 27 30 8 28 15 14 16 15 14 6 27 30 8
28 15 14 6 27 30 8 28 15 14 16 14 6 27 30 8
28 15 14 6 27 30 8 28 15 14 6 16 14 6 27 30 8
28 15 16 15 14 6 27 30 8 28 15 14 6 27 30 8
28 15 14 16 15 14 6 27 30 8 28 15 14 6 27 30 8
28 15 14 16 14 6 27 30 8 28 15 14 6 27 30 8
28 15 14 6 16 14 6 27 30 8 28 15 14 6 27 30 8

10 28 28 5 6 17 6 10 28 28 5 6 17 6
10 28 28 5 6 17 6 10 28 17 28 28 5 6 17 6
10 28 28 5 6 17 6 10 28 28 17 28 28 5 6 17 6
10 28 28 5 6 17 6 10 28 28 17 28 5 6 17 6
10 28 28 5 6 17 6 10 28 28 5 17 28 5 6 17 6
10 28 17 28 28 5 6 17 6 10 28 28 5 6 17 6
10 28 28 17 28 28 5 6 17 6 10 28 28 5 6 17 6
10 28 28 17 28 5 6 17 6 10 28 28 5 6 17 6
10 28 28 5 17 28 5 6 17 6 10 28 28 5 6 17 6

23 15 7 10 13 18 5 23 15 7 10 13 18 5
23 15 7 10 13 18 5 23 15 10 15 7 10 13 18 5
23 15 7 10 13 18 5 23 15 7 10 15 7 10 13 18 5
23 15 7 10 13 18 5 23 15 7 10 7 10 13 18 5
23 15 7 10 13 18 5 23 15 7 10 10 7 10 13 18 5
23 15 10 15 7 10 13 18 5 23 15 7 10 13 18 5
23 15 7 10 15 7 10 13 18 5 23 15 7 10 13 18 5
23 15 7 10 7 10 13 18 5 23 15 7 10 13 18 5
23 15 7 10 10 7 10 13 18 5 23 15 7 10 13 18 5

29 7 8 26 19 7 12 29 7 8 26 19 7 12
29 7 8 26 19 7 12 29 7 9 7 8 26 19 7 12
29 7 8 26 19 7 12 29 7 8 9 7 8 26 19 7 12
29 7 8 26 19 7 12 29 7 8 9 8 26 19 7 12
29 7 8 26 19 7 12 29 7 8 26 9 8 26 19 7 12
29 7 9 7 8 26 19 7 12 29 7 8 26 19 7 12
29 7 8 9 7 8 26 19 7 12 29 7 8 26 19 7 12
29 7 8 9 8 26 19 7 12 29 7 8 26 19 7 12
29 7 8 26 9 8 26 19 7 12 29 7 8 26 19 7 12

18 24 15 29 8 24 23 18 24 15 29 8 24 23
18 24 15 29 8 24 23 18 24 11 24 15 29 8 24 23
18 24 15 29 8 24 23 18 24 15 11 24 15 29 8 24 23
18 24 15 29 8 24 23 18 24 15 11 15 29 8 24 23
18 24 15 29 8 24 23 18 24 15 29 11 15 29 8 24 23
18 24 11 24 15 29 8 24 23 18 24 15 29 8 24 23
18 24 15 11 24 15 29 8 24 23 18 24 15 29 8 24 23
18 24 15 11 15 29 8 24 23 18 24 15 29 8 24 23
18 24 15 29 11 15 29 8 24 23 18 24 15 29 8 24 23

18 9 21 18 7 29 8 18 9 21 18 7 29 8
18 9 21 18 7 29 8 18 9 6 9 21 18 7 29 8
18 9 21 18 7 29 8 18 9 21 6 9 21 18 7 29 8
18 9 21 18 7 29 8 18 9 21 6 21 18 7 29 8
18 9 21 18 7 29 8 18 9 21 18 6 21 18 7 29 8
18 9 6 9 21 18 7 29 8 18 9 21 18 7 29 8
18 9 21 6 9 21 18 7 29 8 18 9 21 18 7 29 8
18 9 21 6 21 18 7 29 8 18 9 21 18 7 29 8
18 9 21 18 6 21 18 7 29 8 18 9 21 18 7 29 8

5 22 20 29 8 29 24 5 22 20 29 8 29 24
5 22 20 29 8 29 24 5 22 5 22 20 29 8 29 24
5 22 20 29 8 29 24 5 22 20 5 22 20 29 8 29 24
5 22 20 29 8 29 24 5 22 20 5 20 29 8 29 24
5 22 20 29 8 29 24 5 22 20 29 5 20 29 8 29 24
5 22 5 22 20 29 8 29 24 5 22 20 29 8 29 24
5 22 20 5 22 20 29 8 29 24 5 22 20 29 8 29 24
5 22 20 5 20 29 8 29 24 5 22 20 29 8 29 24
5 22 20 29 5 20 29 8 29 24 5 22 20 29 8 29 24

27 8 7 26 18 17 29 27 8 7 26 18 17 29
27 8 7 26 18 17 29 27 8 5 8 7 26 18 17 29
27 8 7 26 18 17 29 27 8 7 5 8 7 26 18 17 29
27 8 7 26 18 17 29 27 8 7 5 7 26 18 17 29
27 8 7 26 18 17 29 27 8 7 26 5 7 26 18 17 29
27 8 5 8 7 26 18 17 29 27 8 7 26 18 17 29
27 8 7 5 8 7 26 18 17 29 27 8 7 26 18 17 29
27 8 7 5 7 26 18 17 29 27 8 7 26 18 17 29
27 8 7 26 5 7 26 18 17 29 27 8 7 26 18 17 29

8 24 23 22 29 11 17 8 24 23 22 29 11 17
8 24 23 22 29 11 17 8 24 5 24 23 22 29 11 17
8 24 23 22 29 11 17 8 24 23 5 24 23 22 29 11 17
8 24 23 22 29 11 17 8 24 23 5 23 22 29 11 17
8 24 23 22 29 11 17 8 24 23 22 5 23 22 29 11 17
8 24 5 24 23 22 29 11 17 8 24 23 22 29 11 17
8 24 23 5 24 23 22 29 11 17 8 24 23 22 29 11 17
8 24 23 5 23 22 29 11 17 8 24 23 22 29 11 17
8 24 23 22 5 23 22 29 11 17 8 24 23 22 29 11 17

15 23 11 11 21 13 11 15 23 11 11 21 13 11
15 23 11 11 21 13 11 15 23 17 23 11 11 21 13 11
15 23 11 11 21 13 11 15 23 11 17 23 11 11 21 13 11
15 23 11 11 21 13 11 15 23 11 17 11 11 21 13 11
15 23 11 11 21 13 11 15 23 11 11 17 11 11 21 13 11
15 23 17 23 11 11 21 13 11 15 23 11 11 21 13 11
15 23 11 17 23 11 11 21 13 11 15 23 11 11 21 13 11
15 23 11 17 11 11 21 13 11 15 23 11 11 21 13 11
15 23 11 11 17 11 11 21 13 11 15 23 11 11 21 13 11

24 27 8 29 26 12 11 24 27 8 29 26 12 11
24 27 8 29 26 12 11 24 27 5 27 8 29 26 12 11
24 27 8 29 26 12 11 24 27 8 5 27 8 29 26 12 11
24 27 8 29 26 12 11 24 27 8 5 8 29 26 12 11
24 27 8 29 26 12 11 24 27 8 29 5 8 29 26 12 11
24 27 5 27 8 29 26 12 11 24 27 8 29 26 12 11
24 27 8 5 27 8 29 26 12 11 24 27 8 29 26 12 11
24 27 8 5 8 29 26 12 11 24 27 8 29 26 12 11
24 27 8 29 5 8 29 26 12 11 24 27 8 29 26 12 11

10 5 26 30 13 17 28 10 5 26 30 13 17 28
10 5 26 30 13 17 28 10 5 10 5 26 30 13 17 28
10 5 26 30 13 17 28 10 5 26 10 5 26 30 13 17 28
10 5 26 30 13 17 28 10 5 26 10 26 30 13 17 28
10 5 26 30 13 17 28 10 5 26 30 10 26 30 13 17 28
10 5 10 5 26 30 13 17 28 10 5 26 30 13 17 28
10 5 26 10 5 26 30 13 17 28 10 5 26 30 13 17 28
10 5 26 10 26 30 13 17 28 10 5 26 30 13 17 28
10 5 26 30 10 26 30 13 17 28 10 5 26 30 13 17 28

7 8 29 7 5 14 18 7 8 29 7 5 14 18
7 8 29 7 5 14 18 7 8 20 8 29 7 5 14 18
7 8 29 7 5 14 18 7 8 29 20 8 29 7 5 14 18
7 8 29 7 5 14 18 7 8 29 20 29 7 5 14 18
7 8 29 7 5 14 18 7 8 29 7 20 29 7 5 14 18
7 8 20 8 29 7 5 14 18 7 8 29 7 5 14 18
7 8 29 20 8 29 7 5 14 18 7 8 29 7 5 14 18
7 8 29 20 29 7 5 14 18 7 8 29 7 5 14 18
7 8 29 7 20 29 7 5 14 18 7 8 29 7 5 14 18

11 23 11 18 24 6 20 11 23 11 18 24 6 20
11 23 11 18 24 6 20 11 23 10 23 11 18 24 6 20
11 23 11 18 24 6 20 11 23 11 10 23 11 18 24 6 20
11 23 11 18 24 6 20 11 23 11 10 11 18 24 6 20
11 23 11 18 24 6 20 11 23 11 18 10 11 18 24 6 20
11 23 10 23 11 18 24 6 20 11 23 11 18 24 6 20
11 23 11 10 23 11 18 24 6 20 11 23 11 18 24 6 20
11 23 11 10 11 18 24 6 20 11 23 11 18 24 6 20
11 23 11 18 10 11 18 24 6 20 11 23 11 18 24 6 20

24 23 23 26 14 16 21 24 23 23 26 14 16 21
24 23 23 26 14 16 21 24 23 13 23 23 26 14 16 21
24 23 23 26 14 16 21 24 23 23 13 23 23 26 14 16 21
24 23 23 26 14 16 21 24 23 23 13 23 26 14 16 21
24 23 23 26 14 16 21 24 23 23 26 13 23 26 14 16 21
24 23 13 23 23 26 14 16 21 24 23 23 26 14 16 21
24 23 23 13 23 23 26 14 16 21 24 23 23 26 14 16 21
24 23 23 13 23 26 14 16 21 24 23 23 26 14 16 21
24 23 23 26 13 23 26 14 16 21 24 23 23 26 14 16 21

24 20 27 25 21 18 30 24 20 27 25 21 18 30
24 20 27 25 21 18 30 24 20 15 20 27 25 21 18 30
24 20 27 25 21 18 30 24 20 27 15 20 27 25 21 18 30
24 20 27 25 21 18 30 24 20 27 15 27 25 21 18 30
24 20 27 25 21 18 30 24 20 27 25 15 27 25 21 18 30
24 20 15 20 27 25 21 18 30 24 20 27 25 21 18 30
24 20 27 15 20 27 25 21 18 30 24 20 27 25 21 18 30
24 20 27 15 27 25 21 18 30 24 20 27 25 21 18 30
24 20 27 25 15 27 25 21 18 30 24 20 27 25 21 18 30

5 11 6 7 27 14 7 5 11 6 7 27 14 7
5 11 6 7 27 14 7 5 11 10 11 6 7 27 14 7
5 11 6 7 27 14 7 5 11 6 10 11 6 7 27 14 7
5 11 6 7 27 14 7 5 11 6 10 6 7 27 14 7
5 11 6 7 27 14 7 5 11 6 7 10 6 7 27 14 7
5 11 10 11 6 7 27 14 7 5 11 6 7 27 14 7
5 11 6 10 11 6 7 27 14 7 5 11 6 7 27 14 7
5 11 6 10 6 7 27 14 7 5 11 6 7 27 14 7
5 11 6 7 10 6 7 27 14 7 5 11 6 7 27 14 7

18 21 17 27 16 9 25 18 21 17 27 16 9 25
18 21 17 27 16 9 25 18 21 9 21 17 27 16 9 25
18 21 17 27 16 9 25 18 21 17 9 21 17 27 16 9 25
18 21 17 27 16 9 25 18 21 17 9 17 27 16 9 25
18 21 17 27 16 9 25 18 21 17 27 9 17 27 16 9 25
18 21 9 21 17 27 16 9 25 18 21 17 27 16 9 25
18 21 17 9 21 17 27 16 9 25 18 21 17 27 16 9 25
18 21 17 9 17 27 16 9 25 18 21 17 27 16 9 25
18 21 17 27 9 17 27 16 9 25 18 21 17 27 16 9 25

29 7 23 6 24 13 12 29 7 23 6 24 13 12
29 7 23 6 24 13 12 29 7 19 7 23 6 24 13 12
29 7 23 6 24 13 12 29 7 23 19 7 23 6 24 13 12
29 7 23 6 24 13 12 29 7 23 19 23 6 24 13 12
29 7 23 6 24 13 12 29 7 23 6 19 23 6 24 13 12
29 7 19 7 23 6 24 13 12 29 7 23 6 24 13 12
29 7 23 19 7 23 6 24 13 12 29 7 23 6 24 13 12
29 7 23 19 23 6 24 13 12 29 7 23 6 24 13 12
29 7 23 6 19 23 6 24 13 12 29 7 23 6 24 13 12

7 13 18 19 27 5 9 7 13 18 19 27 5 9
7 13 18 19 27 5 9 7 13 9 13 18 19 27 5 9
7 13 18 19 27 5 9 7 13 18 9 13 18 19 27 5 9
7 13 18 19 27 5 9 7 13 18 9 18 19 27 5 9
7 13 18 19 27 5 9 7 13 18 19 9 18 19 27 5 9
7 13 9 13 18 19 27 5 9 7 13 18 19 27 5 9
7 13 18 9 13 18 19 27 5 9 7 13 18 19 27 5 9
7 13 18 9 18 19 27 5 9 7 13 18 19 27 5 9
7 13 18 19 9 18 19 27 5 9 7 13 18 19 27 5 9

21 9 20 27 15 13 27 21 9 20 27 15 13 27
21 9 20 27 15 13 27 21 9 13 9 20 27 15 13 27
21 9 20 27 15 13 27 21 9 20 13 9 20 27 15 13 27
21 9 20 27 15 13 27 21 9 20 13 20 27 15 13 27
21 9 20 27 15 13 27 21 9 20 27 13 20 27 15 13 27
21 9 13 9 20 27 15 13 27 21 9 20 27 15 13 27
21 9 20 13 9 20 27 15 13 27 21 9 20 27 15 13 27
21 9 20 13 20 27 15 13 27 21 9 20 27 15 13 27
21 9 20 27 13 20 27 15 13 27 21 9 20 27 15 13 27

23 5 5 6 7 13 5 23 5 5 6 7 13 5
23 5 5 6 7 13 5 23 5 13 5 5 6 7 13 5
23 5 5 6 7 13 5 23 5 5 13 5 5 6 7 13 5
23 5 5 6 7 13 5 23 5 5 13 5 6 7 13 5
23 5 5 6 7 13 5 23 5 5 6 13 5 6 7 13 5
23 5 13 5 5 6 7 13 5 23 5 5 6 7 13 5
23 5 5 13 5 5 6 7 13 5 23 5 5 6 7 13 5
23 5 5 13 5 6 7 13 5 23 5 5 6 7 13 5
23 5 5 6 13 5 6 7 13 5 23 5 5 6 7 13 5

22 7 25 25 22 14 22 22 7 25 25 22 14 22
22 7 25 25 22 14 22 22 7 18 7 25 25 22 14 22
22 7 25 25 22 14 22 22 7 25 18 7 25 25 22 14 22
22 7 25 25 22 14 22 22 7 25 18 25 25 22 14 22
22 7 25 25 22 14 22 22 7 25 25 18 25 25 22 14 22
22 7 18 7 25 25 22 14 22 22 7 25 25 22 14 22
22 7 25 18 7 25 25 22 14 22 22 7 25 25 22 14 22
22 7 25 18 25 25 22 14 22 22 7 25 25 22 14 22
22 7 25 25 18 25 25 22 14 22 22 7 25 25 22 14 22

9 19 11 27 5 26 17 9 19 11 27 5 26 17
9 19 11 27 5 26 17 9 19 15 19 11 27 5 26 17
9 19 11 27 5 26 17 9 19 11 15 19 11 27 5 26 17
9 19 11 27 5 26 17 9 19 11 15 11 27 5 26 17
9 19 11 27 5 26 17 9 19 11 27 15 11 27 5 26 17
9 19 15 19 11 27 5 26 17 9 19 11 27 5 26 17
9 19 11 15 19 11 27 5 26 17 9 19 11 27 5 26 17
9 19 11 15 11 27 5 26 17 9 19 11 27 5 26 17
9 19 11 27 15 11 27 5 26 17 9 19 11 27 5 26 17

10 27 25 6 8 17 9 10 27 25 6 8 17 9
10 27 25 6 8 17 9 10 27 12 27 25 6 8 17 9
10 27 25 6 8 17 9 10 27 25 12 27 25 6 8 17 9
10 27 25 6 8 17 9 10 27 25 12 25 6 8 17 9
10 27 25 6 8 17 9 10 27 25 6 12 25 6 8 17 9
10 27 12 27 25 6 8 17 9 10 27 25 6 8 17 9
10 27 25 12 27 25 6 8 17 9 10 27 25 6 8 17 9
10 27 25 12 25 6 8 17 9 10 27 25 6 8 17 9
10 27 25 6 12 25 6 8 17 9 10 27 25 6 8 17 9

9 9 9 21 14 15 6 9 9 9 21 14 15 6
9 9 9 21 14 15 6 9 9 11 9 9 21 14 15 6
9 9 9 21 14 15 6 9 9 9 11 9 9 21 14 15 6
9 9 9 21 14 15 6 9 9 9 11 9 21 14 15 6
9 9 9 21 14 15 6 9 9 9 21 11 9 21 14 15 6
9 9 11 9 9 21 14 15 6 9 9 9 21 14 15 6
9 9 9 11 9 9 21 14 15 6 9 9 9 21 14 15 6
9 9 9 11 9 21 14 15 6 9 9 9 21 14 15 6
9 9 9 21 11 9 21 14 15 6 9 9 9 21 14 15 6

15 13 12 30 15 21 20 15 13 12 30 15 21 20
15 13 12 30 15 21 20 15 13 19 13 12 30 15 21 20
15 13 12 30 15 21 20 15 13 12 19 13 12 30 15 21 20
15 13 12 30 15 21 20 15 13 12 19 12 30 15 21 20
15 13 12 30 15 21 20 15 13 12 30 19 12 30 15 21 20
15 13 19 13 12 30 15 21 20 15 13 12 30 15 21 20
15 13 12 19 13 12 30 15 21 20 15 13 12 30 15 21 20
15 13 12 19 12 30 15 21 20 15 13 12 30 15 21 20
15 13 12 30 19 12 30 15 21 20 15 13 12 30 15 21 20

29 30 13 12 23 20 14 29 30 13 12 23 20 14
29 30 13 12 23 20 14 29 30 13 30 13 12 23 20 14
29 30 13 12 23 20 14 29 30 13 13 30 13 12 23 20 14
29 30 13 12 23 20 14 29 30 13 13 13 12 23 20 14
29 30 13 12 23 20 14 29 30 13 12 13 13 12 23 20 14
29 30 13 30 13 12 23 20 14 29 30 13 12 23 20 14
29 30 13 13 30 13 12 23 20 14 29 30 13 12 23 20 14
29 30 13 13 13 12 23 20 14 29 30 13 12 23 20 14
29 30 13 12 13 13 12 23 20 14 29 30 13 12 23 20 14

17 10 7 6 18 9 25 17 10 7 6 18 9 25
17 10 7 6 18 9 25 17 10 11 10 7 6 18 9 25
17 10 7 6 18 9 25 17 10 7 11 10 7 6 18 9 25
17 10 7 6 18 9 25 17 10 7 11 7 6 18 9 25
17 10 7 6 18 9 25 17 10 7 6 11 7 6 18 9 25
17 10 11 10 7 6 18 9 25 17 10 7 6 18 9 25
17 10 7 11 10 7 6 18 9 25 17 10 7 6 18 9 25
17 10 7 11 7 6 18 9 25 17 10 7 6 18 9 25
17 10 7 6 11 7 6 18 9 25 17 10 7 6 18 9 25

24 22 11 24 19 12 15 24 22 11 24 19 12 15
24 22 11 24 19 12 15 24 22 16 22 11 24 19 12 15
24 22 11 24 19 12 15 24 22 11 16 22 11 24 19 12 15
24 22 11 24 19 12 15 24 22 11 16 11 24 19 12 15
24 22 11 24 19 12 15 24 22 11 24 16 11 24 19 12 15
24 22 16 22 11 24 19 12 15 24 22 11 24 19 12 15
24 22 11 16 22 11 24 19 12 15 24 22 11 24 19 12 15
24 22 11 16 11 24 19 12 15 24 22 11 24 19 12 15
24 22 11 24 16 11 24 19 12 15 24 22 11 24 19 12 15

6 12 11 17 22 24 16 6 12 11 17 22 24 16
6 12 11 17 22 24 16 6 12 17 12 11 17 22 24 16
6 12 11 17 22 24 16 6 12 11 17 12 11 17 22 24 16
6 12 11 17 22 24 16 6 12 11 17 11 17 22 24 16
6 12 11 17 22 24 16 6 12 11 17 17 11 17 22 24 16
6 12 17 12 11 17 22 24 16 6 12 11 17 22 24 16
6 12 11 17 12 11 17 22 24 16 6 12 11 17 22 24 16
6 12 11 17 11 17 22 24 16 6 12 11 17 22 24 16
6 12 11 17 17 11 17 22 24 16 6 12 11 17 22 24 16

5 5 30 18 10 11 25 5 5 30 18 10 11 25
5 5 30 18 10 11 25 5 5 16 5 30 18 10 11 25
5 5 30 18 10 11 25 5 5 30 16 5 30 18 10 11 25
5 5 30 18 10 11 25 5 5 30 16 30 18 10 11 25
5 5 30 18 10 11 25 5 5 30 18 16 30 18 10 11 25
5 5 16 5 30 18 10 11 25 5 5 30 18 10 11 25
5 5 30 16 5 30 18 10 11 25 5 5 30 18 10 11 25
5 5 30 16 30 18 10 11 25 5 5 30 18 10 11 25
5 5 30 18 16 30 18 10 11 25 5 5 30 18 10 11 25

15 15 12 19 28 23 29 15 15 12 19 28 23 29
15 15 12 19 28 23 29 15 15 15 15 12 19 28 23 29
15 15 12 19 28 23 29 15 15 12 15 15 12 19 28 23 29
15 15 12 19 28 23 29 15 15 12 15 12 19 28 23 29
15 15 12 19 28 23 29 15 15 12 19 15 12 19 28 23 29
15 15 15 15 12 19 28 23 29 15 15 12 19 28 23 29
15 15 12 15 15 12 19 28 23 29 15 15 12 19 28 23 29
15 15 12 15 12 19 28 23 29 15 15 12 19 28 23 29
15 15 12 19 15 12 19 28 23 29 15 15 12 19 28 23 29

26 11 18 25 14 30 18 26 11 18 25 14 30 18
26 11 18 25 14 30 18 26 11 8 11 18 25 14 30 18
26 11 18 25 14 30 18 26 11 18 8 11 18 25 14 30 18
26 11 18 25 14 30 18 26 11 18 8 18 25 14 30 18
26 11 18 25 14 30 18 26 11 18 25 8 18 25 14 30 18
26 11 8 11 18 25 14 30 18 26 11 18 25 14 30 18
26 11 18 8 11 18 25 14 30 18 26 11 18 25 14 30 18
26 11 18 8 18 25 14 30 18 26 11 18 25 14 30 18
26 11 18 25 8 18 25 14 30 18 26 11 18 25 14 30 18

6 21 22 12 13 20 27 6 21 22 12 13 20 27
6 21 22 12 13 20 27 6 21 7 21 22 12 13 20 27
6 21 22 12 13 20 27 6 21 22 7 21 22 12 13 20 27
6 21 22 12 13 20 27 6 21 22 7 22 12 13 20 27
6 21 22 12 13 20 27 6 21 22 12 7 22 12 13 20 27
6 21 7 21 22 12 13 20 27 6 21 22 12 13 20 27
6 21 22 7 21 22 12 13 20 27 6 21 22 12 13 20 27
6 21 22 7 22 12 13 20 27 6 21 22 12 13 20 27
6 21 22 12 7 22 12 13 20 27 6 21 22 12 13 20 27

30 26 5 20 11 11 28 30 26 5 20 11 11 28
30 26 5 20 11 11 28 30 26 13 26 5 20 11 11 28
30 26 5 20 11 11 28 30 26 5 13 26 5 20 11 11 28
30 26 5 20 11 11 28 30 26 5 13 5 20 11 11 28
30 26 5 20 11 11 28 30 26 5 20 13 5 20 11 11 28
30 26 13 26 5 20 11 11 28 30 26 5 20 11 11 28
30 26 5 13 26 5 20 11 11 28 30 26 5 20 11 11 28
30 26 5 13 5 20 11 11 28 30 26 5 20 11 11 28
30 26 5 20 13 5 20 11 11 28 30 26 5 20 11 11 28

7 10 27 15 26 11 25 7 10 27 15 26 11 25
7 10 27 15 26 11 25 7 10 7 10 27 15 26 11 25
7 10 27 15 26 11 25 7 10 27 7 10 27 15 26 11 25
7 10 27 15 26 11 25 7 10 27 7 27 15 26 11 25
7 10 27 15 26 11 25 7 10 27 15 7 27 15 26 11 25
7 10 7 10 27 15 26 11 25 7 10 27 15 26 11 25
7 10 27 7 10 27 15 26 11 25 7 10 27 15 26 11 25
7 10 27 7 27 15 26 11 25 7 10 27 15 26 11 25
7 10 27 15 7 27 15 26 11 25 7 10 27 15 26 11 25

6 30 19 7 20 15 30 6 30 19 7 20 15 30
6 30 19 7 20 15 30 6 30 11 30 19 7 20 15 30
6 30 19 7 20 15 30 6 30 19 11 30 19 7 20 15 30
6 30 19 7 20 15 30 6 30 19 11 19 7 20 15 30
6 30 19 7 20 15 30 6 30 19 7 11 19 7 20 15 30
6 30 11 30 19 7 20 15 30 6 30 19 7 20 15 30
6 30 19 11 30 19 7 20 15 30 6 30 19 7 20 15 30
6 30 19 11 19 7 20 15 30 6 30 19 7 20 15 30
6 30 19 7 11 19 7 20 15 30 6 30 19 7 20 15 30

15 30 17 10 18 13 5 15 30 17 10 18 13 5
15 30 17 10 18 13 5 15 30 18 30 17 10 18 13 5
15 30 17 10 18 13 5 15 30 17 18 30 17 10 18 13 5
15 30 17 10 18 13 5 15 30 17 18 17 10 18 13 5
15 30 17 10 18 13 5 15 30 17 10 18 17 10 18 13 5
15 30 18 30 17 10 18 13 5 15 30 17 10 18 13 5
15 30 17 18 30 17 10 18 13 5 15 30 17 10 18 13 5
15 30 17 18 17 10 18 13 5 15 30 17 10 18 13 5
15 30 17 10 18 17 10 18 13 5 15 30 17 10 18 13 5

7 28 26 19 25 19 9 7 28 26 19 25 19 9
7 28 26 19 25 19 9 7 28 19 28 26 19 25 19 9
7 28 26 19 25 19 9 7 28 26 19 28 26 19 25 19 9
7 28 26 19 25 19 9 7 28 26 19 26 19 25 19 9
7 28 26 19 25 19 9 7 28 26 19 19 26 19 25 19 9
7 28 19 28 26 19 25 19 9 7 28 26 19 25 19 9
7 28 26 19 28 26 19 25 19 9 7 28 26 19 25 19 9
7 28 26 19 26 19 25 19 9 7 28 26 19 25 19 9
7 28 26 19 19 26 19 25 19 9 7 28 26 19 25 19 9

6 24 20 8 22 6 5 6 24 20 8 22 6 5
6 24 20 8 22 6 5 6 24 10 24 20 8 22 6 5
6 24 20 8 22 6 5 6 24 20 10 24 20 8 22 6 5
6 24 20 8 22 6 5 6 24 20 10 20 8 22 6 5
6 24 20 8 22 6 5 6 24 20 8 10 20 8 22 6 5
6 24 10 24 20 8 22 6 5 6 24 20 8 22 6 5
6 24 20 10 24 20 8 22 6 5 6 24 20 8 22 6 5
6 24 20 10 20 8 22 6 5 6 24 20 8 22 6 5
6 24 20 8 10 20 8 22 6 5 6 24 20 8 22 6 5

15 22 17 12 28 25 29 15 22 17 12 28 25 29
15 22 17 12 28 25 29 15 22 9 22 17 12 28 25 29
15 22 17 12 28 25 29 15 22 17 9 22 17 12 28 25 29
15 22 17 12 28 25 29 15 22 17 9 17 12 28 25 29
15 22 17 12 28 25 29 15 22 17 12 9 17 12 28 25 29
15 22 9 22 17 12 28 25 29 15 22 17 12 28 25 29
15 22 17 9 22 17 12 28 25 29 15 22 17 12 28 25 29
15 22 17 9 17 12 28 25 29 15 22 17 12 28 25 29
15 22 17 12 9 17 12 28 25 29 15 22 17 12 28 25 29

28 8 10 22 7 20 8 28 8 10 22 7 20 8
28 8 10 22 7 20 8 28 8 7 8 10 22 7 20 8
28 8 10 22 7 20 8 28 8 10 7 8 10 22 7 20 8
28 8 10 22 7 20 8 28 8 10 7 10 22 7 20 8
28 8 10 22 7 20 8 28 8 10 22 7 10 22 7 20 8
28 8 7 8 10 22 7 20 8 28 8 10 22 7 20 8
28 8 10 7 8 10 22 7 20 8 28 8 10 22 7 20 8
28 8 10 7 10 22 7 20 8 28 8 10 22 7 20 8
28 8 10 22 7 10 22 7 20 8 28 8 10 22 7 20 8

28 20 7 7 7 6 13 28 20 7 7 7 6 13
28 20 7 7 7 6 13 28 20 18 20 7 7 7 6 13
28 20 7 7 7 6 13 28 20 7 18 20 7 7 7 6 13
28 20 7 7 7 6 13 28 20 7 18 7 7 7 6 13
28 20 7 7 7 6 13 28 20 7 7 18 7 7 7 6 13
28 20 18 20 7 7 7 6 13 28 20 7 7 7 6 13
28 20 7 18 20 7 7 7 6 13 28 20 7 7 7 6 13
28 20 7 18 7 7 7 6 13 28 20 7 7 7 6 13
28 20 7 7 18 7 7 7 6 13 28 20 7 7 7 6 13

29 29 19 30 28 17 30 29 29 19 30 28 17 30
29 29 19 30 28 17 30 29 29 12 29 19 30 28 17 30
29 29 19 30 28 17 30 29 29 19 12 29 19 30 28 17 30
29 29 19 30 28 17 30 29 29 19 12 19 30 28 17 30
29 29 19 30 28 17 30 29 29 19 30 12 19 30 28 17 30
29 29 12 29 19 30 28 17 30 29 29 19 30 28 17 30
29 29 19 12 29 19 30 28 17 30 29 29 19 30 28 17 30
29 29 19 12 19 30 28 17 30 29 29 19 30 28 17 30
29 29 19 30 12 19 30 28 17 30 29 29 19 30 28 17 30

11 8 7 27 8 10 20 11 8 7 27 8 10 20
11 8 7 27 8 10 20 11 8 16 8 7 27 8 10 20
11 8 7 27 8 10 20 11 8 7 16 8 7 27 8 10 20
11 8 7 27 8 10 20 11 8 7 16 7 27 8 10 20
11 8 7 27 8 10 20 11 8 7 27 16 7 27 8 10 20
11 8 16 8 7 27 8 10 20 11 8 7 27 8 10 20
11 8 7 16 8 7 27 8 10 20 11 8 7 27 8 10 20
11 8 7 16 7 27 8 10 20 11 8 7 27 8 10 20
11 8 7 27 16 7 27 8 10 20 11 8 7 27 8 10 20

14 24 26 14 30 24 18 14 24 26 14 30 24 18
14 24 26 14 30 24 18 14 24 18 24 26 14 30 24 18
14 24 26 14 30 24 18 14 24 26 18 24 26 14 30 24 18
14 24 26 14 30 24 18 14 24 26 18 26 14 30 24 18
14 24 26 14 30 24 18 14 24 26 14 18 26 14 30 24 18
14 24 18 24 26 14 30 24 18 14 24 26 14 30 24 18
14 24 26 18 24 26 14 30 24 18 14 24 26 14 30 24 18
14 24 26 18 26 14 30 24 18 14 24 26 14 30 24 18
14 24 26 14 18 26 14 30 24 18 14 24 26 14 30 24 18

11 24 19 15 25 30 8 11 24 19 15 25 30 8
11 24 19 15 25 30 8 11 24 14 24 19 15 25 30 8
11 24 19 15 25 30 8 11 24 19 14 24 19 15 25 30 8
11 24 19 15 25 30 8 11 24 19 14 19 15 25 30 8
11 24 19 15 25 30 8 11 24 19 15 14 19 15 25 30 8
11 24 14 24 19 15 25 30 8 11 24 19 15 25 30 8
11 24 19 14 24 19 15 25 30 8 11 24 19 15 25 30 8
11 24 19 14 19 15 25 30 8 11 24 19 15 25 30 8
11 24 19 15 14 19 15 25 30 8 11 24 19 15 25 30 8

27 30 18 5 12 29 13 27 30 18 5 12 29 13
27 30 18 5 12 29 13 27 30 18 30 18 5 12 29 13
27 30 18 5 12 29 13 27 30 18 18 30 18 5 12 29 13
27 30 18 5 12 29 13 27 30 18 18 18 5 12 29 13
27 30 18 5 12 29 13 27 30 18 5 18 18 5 12 29 13
27 30 18 30 18 5 12 29 13 27 30 18 5 12 29 13
27 30 18 18 30 18 5 12 29 13 27 30 18 5 12 29 13
27 30 18 18 18 5 12 29 13 27 30 18 5 12 29 13
27 30 18 5 18 18 5 12 29 13 27 30 18 5 12 29 13

17 7 8 25 9 23 23 17 7 8 25 9 23 23
17 7 8 25 9 23 23 17 7 20 7 8 25 9 23 23
17 7 8 25 9 23 23 17 7 8 20 7 8 25 9 23 23
17 7 8 25 9 23 23 17 7 8 20 8 25 9 23 23
17 7 8 25 9 23 23 17 7 8 25 20 8 25 9 23 23
17 7 20 7 8 25 9 23 23 17 7 8 25 9 23 23
17 7 8 20 7 8 25 9 23 23 17 7 8 25 9 23 23
17 7 8 20 8 25 9 23 23 17 7 8 25 9 23 23
17 7 8 25 20 8 25 9 23 23 17 7 8 25 9 23 23

25 15 21 13 7 20 23 25 15 21 13 7 20 23
25 15 21 13 7 20 23 25 15 20 15 21 13 7 20 23
25 15 21 13 7 20 23 25 15 21 20 15 21 13 7 20 23
25 15 21 13 7 20 23 25 15 21 20 21 13 7 20 23
25 15 21 13 7 20 23 25 15 21 13 20 21 13 7 20 23
25 15 20 15 21 13 7 20 23 25 15 21 13 7 20 23
25 15 21 20 15 21 13 7 20 23 25 15 21 13 7 20 23
25 15 21 20 21 13 7 20 23 25 15 21 13 7 20 23
25 15 21 13 20 21 13 7 20 23 25 15 21 13 7 20 23

18 23 10 21 14 8 13 18 23 10 21 14 8 13
18 23 10 21 14 8 13 18 23 10 23 10 21 14 8 13
18 23 10 21 14 8 13 18 23 10 10 23 10 21 14 8 13
18 23 10 21 14 8 13 18 23 10 10 10 21 14 8 13
18 23 10 21 14 8 13 18 23 10 21 10 10 21 14 8 13
18 23 10 23 10 21 14 8 13 18 23 10 21 14 8 13
18 23 10 10 23 10 21 14 8 13 18 23 10 21 14 8 13
18 23 10 10 10 21 14 8 13 18 23 10 21 14 8 13
18 23 10 21 10 10 21 14 8 13 18 23 10 21 14 8 13

18 28 6 25 19 30 19 18 28 6 25 19 30 19
18 28 6 25 19 30 19 18 28 17 28 6 25 19 30 19
18 28 6 25 19 30 19 18 28 6 17 28 6 25 19 30 19
18 28 6 25 19 30 19 18 28 6 17 6 25 19 30 19
18 28 6 25 19 30 19 18 28 6 25 17 6 25 19 30 19
18 28 17 28 6 25 19 30 19 18 28 6 25 19 30 19
18 28 6 17 28 6 25 19 30 19 18 28 6 25 19 30 19
18 28 6 17 6 25 19 30 19 18 28 6 25 19 30 19
18 28 6 25 17 6 25 19 30 19 18 28 6 25 19 30 19

8 23 23 24 19 20 18 8 23 23 24 19 20 18
8 23 23 24 19 20 18 8 23 17 23 23 24 19 20 18
8 23 23 24 19 20 18 8 23 23 17 23 23 24 19 20 18
8 23 23 24 19 20 18 8 23 23 17 23 24 19 20 18
8 23 23 24 19 20 18 8 23 23 24 17 23 24 19 20 18
8 23 17 23 23 24 19 20 18 8 23 23 24 19 20 18
8 23 23 17 23 23 24 19 20 18 8 23 23 24 19 20 18
8 23 23 17 23 24 19 20 18 8 23 23 24 19 20 18
8 23 23 24 17 23 24 19 20 18 8 23 23 24 19 20 18

23 16 19 13 17 23 20 23 16 19 13 17 23 20
23 16 19 13 17 23 20 23 16 15 16 19 13 17 23 20
23 16 19 13 17 23 20 23 16 19 15 16 19 13 17 23 20
23 16 19 13 17 23 20 23 16 19 15 19 13 17 23 20
23 16 19 13 17 23 20 23 16 19 13 15 19 13 17 23 20
23 16 15 16 19 13 17 23 20 23 16 19 13 17 23 20
23 16 19 15 16 19 13 17 23 20 23 16 19 13 17 23 20
23 16 19 15 19 13 17 23 20 23 16 19 13 17 23 20
23 16 19 13 15 19 13 17 23 20 23 16 19 13 17 23 20

26 17 7 17 9 17 25 26 17 7 17 9 17 25
26 17 7 17 9 17 25 26 17 13 17 7 17 9 17 25
26 17 7 17 9 17 25 26 17 7 13 17 7 17 9 17 25
26 17 7 17 9 17 25 26 17 7 13 7 17 9 17 25
26 17 7 17 9 17 25 26 17 7 17 13 7 17 9 17 25
26 17 13 17 7 17 9 17 25 26 17 7 17 9 17 25
26 17 7 13 17 7 17 9 17 25 26 17 7 17 9 17 25
26 17 7 13 7 17 9 17 25 26 17 7 17 9 17 25
26 17 7 17 13 7 17 9 17 25 26 17 7 17 9 17 25

5 21 9 24 17 30 25 5 21 9 24 17 30 25
5 21 9 24 17 30 25 5 21 7 21 9 24 17 30 25
5 21 9 24 17 30 25 5 21 9 7 21 9 24 17 30 25
5 21 9 24 17 30 25 5 21 9 7 9 24 17 30 25
5 21 9 24 17 30 25 5 21 9 24 7 9 24 17 30 25
5 21 7 21 9 24 17 30 25 5 21 9 24 17 30 25
5 21 9 7 21 9 24 17 30 25 5 21 9 24 17 30 25
5 21 9 7 9 24 17 30 25 5 21 9 24 17 30 25
5 21 9 24 7 9 24 17 30 25 5 21 9 24 17 30 25

29 22 12 14 8 27 12 29 22 12 14 8 27 12
29 22 12 14 8 27 12 29 22 11 22 12 14 8 27 12
29 22 12 14 8 27 12 29 22 12 11 22 12 14 8 27 12
29 22 12 14 8 27 12 29 22 12 11 12 14 8 27 12
29 22 12 14 8 27 12 29 22 12 14 11 12 14 8 27 12
29 22 11 22 12 14 8 27 12 29 22 12 14 8 27 12
29 22 12 11 22 12 14 8 27 12 29 22 12 14 8 27 12
29 22 12 11 12 14 8 27 12 29 22 12 14 8 27 12
29 22 12 14 11 12 14 8 27 12 29 22 12 14 8 27 12

19 13 30 14 20 24 17 19 13 30 14 20 24 17
19 13 30 14 20 24 17 19 13 17 13 30 14 20 24 17
19 13 30 14 20 24 17 19 13 30 17 13 30 14 20 24 17
19 13 30 14 20 24 17 19 13 30 17 30 14 20 24 17
19 13 30 14 20 24 17 19 13 30 14 17 30 14 20 24 17
19 13 17 13 30 14 20 24 17 19 13 30 14 20 24 17
19 13 30 17 13 30 14 20 24 17 19 13 30 14 20 24 17
19 13 30 17 30 14 20 24 17 19 13 30 14 20 24 17
19 13 30 14 17 30 14 20 24 17 19 13 30 14 20 24 17

11 12 21 15 15 20 23 11 12 21 15 15 20 23
11 12 21 15 15 20 23 11 12 9 12 21 15 15 20 23
11 12 21 15 15 20 23 11 12 21 9 12 21 15 15 20 23
11 12 21 15 15 20 23 11 12 21 9 21 15 15 20 23
11 12 21 15 15 20 23 11 12 21 15 9 21 15 15 20 23
11 12 9 12 21 15 15 20 23 11 12 21 15 15 20 23
11 12 21 9 12 21 15 15 20 23 11 12 21 15 15 20 23
11 12 21 9 21 15 15 20 23 11 12 21 15 15 20 23
11 12 21 15 9 21 15 15 20 23 11 12 21 15 15 20 23

13 22 12 11 22 8 23 13 22 12 11 22 8 23
13 22 12 11 22 8 23 13 22 19 22 12 11 22 8 23
13 22 12 11 22 8 23 13 22 12 19 22 12 11 22 8 23
13 22 12 11 22 8 23 13 22 12 19 12 11 22 8 23
13 22 12 11 22 8 23 13 22 12 11 19 12 11 22 8 23
13 22 19 22 12 11 22 8 23 13 22 12 11 22 8 23
13 22 12 19 22 12 11 22 8 23 13 22 12 11 22 8 23
13 22 12 19 12 11 22 8 23 13 22 12 11 22 8 23
13 22 12 11 19 12 11 22 8 23 13 22 12 11 22 8 23

13 10 7 13 22 15 7 13 10 7 13 22 15 7
13 10 7 13 22 15 7 13 10 6 10 7 13 22 15 7
13 10 7 13 22 15 7 13 10 7 6 10 7 13 22 15 7
13 10 7 13 22 15 7 13 10 7 6 7 13 22 15 7
13 10 7 13 22 15 7 13 10 7 13 6 7 13 22 15 7
13 10 6 10 7 13 22 15 7 13 10 7 13 22 15 7
13 10 7 6 10 7 13 22 15 7 13 10 7 13 22 15 7
13 10 7 6 7 13 22 15 7 13 10 7 13 22 15 7
13 10 7 13 6 7 13 22 15 7 13 10 7 13 22 15 7

13 21 26 16 12 11 11 13 21 26 16 12 11 11
13 21 26 16 12 11 11 13 21 19 21 26 16 12 11 11
13 21 26 16 12 11 11 13 21 26 19 21 26 16 12 11 11
13 21 26 16 12 11 11 13 21 26 19 26 16 12 11 11
13 21 26 16 12 11 11 13 21 26 16 19 26 16 12 11 11
13 21 19 21 26 16 12 11 11 13 21 26 16 12 11 11
13 21 26 19 21 26 16 12 11 11 13 21 26 16 12 11 11
13 21 26 19 26 16 12 11 11 13 21 26 16 12 11 11
13 21 26 16 19 26 16 12 11 11 13 21 26 16 12 11 11

16 20 19 13 18 12 30 16 20 19 13 18 12 30
16 20 19 13 18 12 30 16 20 9 20 19 13 18 12 30
16 20 19 13 18 12 30 16 20 19 9 20 19 13 18 12 30
16 20 19 13 18 12 30 16 20 19 9 19 13 18 12 30
16 20 19 13 18 12 30 16 20 19 13 9 19 13 18 12 30
16 20 9 20 19 13 18 12 30 16 20 19 13 18 12 30
16 20 19 9 20 19 13 18 12 30 16 20 19 13 18 12 30
16 20 19 9 19 13 18 12 30 16 20 19 13 18 12 30
16 20 19 13 9 19 13 18 12 30 16 20 19 13 18 12 30

19 17 24 14 15 12 11 19 17 24 14 15 12 11
19 17 24 14 15 12 11 19 17 17 17 24 14 15 12 11
19 17 24 14 15 12 11 19 17 24 17 17 24 14 15 12 11
19 17 24 14 15 12 11 19 17 24 17 24 14 15 12 11
19 17 24 14 15 12 11 19 17 24 14 17 24 14 15 12 11
19 17 17 17 24 14 15 12 11 19 17 24 14 15 12 11
19 17 24 17 17 24 14 15 12 11 19 17 24 14 15 12 11
19 17 24 17 24 14 15 12 11 19 17 24 14 15 12 11
19 17 24 14 17 24 14 15 12 11 19 17 24 14 15 12 11

21 16 23 17 20 7 15 21 16 23 17 20 7 15
21 16 23 17 20 7 15 21 16 9 16 23 17 20 7 15
21 16 23 17 20 7 15 21 16 23 9 16 23 17 20 7 15
21 16 23 17 20 7 15 21 16 23 9 23 17 20 7 15
21 16 23 17 20 7 15 21 16 23 17 9 23 17 20 7 15
21 16 9 16 23 17 20 7 15 21 16 23 17 20 7 15
21 16 23 9 16 23 17 20 7 15 21 16 23 17 20 7 15
21 16 23 9 23 17 20 7 15 21 16 23 17 20 7 15
21 16 23 17 9 23 17 20 7 15 21 16 23 17 20 7 15

28 20 28 14 21 26 19 28 20 28 14 21 26 19
28 20 28 14 21 26 19 28 20 14 20 28 14 21 26 19
28 20 28 14 21 26 19 28 20 28 14 20 28 14 21 26 19
28 20 28 14 21 26 19 28 20 28 14 28 14 21 26 19
28 20 28 14 21 26 19 28 20 28 14 14 28 14 21 26 19
28 20 14 20 28 14 21 26 19 28 20 28 14 21 26 19
28 20 28 14 20 28 14 21 26 19 28 20 28 14 21 26 19
28 20 28 14 28 14 21 26 19 28 20 28 14 21 26 19
28 20 28 14 14 28 14 21 26 19 28 20 28 14 21 26 19

14 28 25 30 8 23 18 14 28 25 30 8 23 18
14 28 25 30 8 23 18 14 28 20 28 25 30 8 23 18
14 28 25 30 8 23 18 14 28 25 20 28 25 30 8 23 18
14 28 25 30 8 23 18 14 28 25 20 25 30 8 23 18
14 28 25 30 8 23 18 14 28 25 30 20 25 30 8 23 18
14 28 20 28 25 30 8 23 18 14 28 25 30 8 23 18
14 28 25 20 28 25 30 8 23 18 14 28 25 30 8 23 18
14 28 25 20 25 30 8 23 18 14 28 25 30 8 23 18
14 28 25 30 20 25 30 8 23 18 14 28 25 30 8 23 18

19 14 7 18 20 12 11 19 14 7 18 20 12 11
19 14 7 18 20 12 11 19 14 10 14 7 18 20 12 11
19 14 7 18 20 12 11 19 14 7 10 14 7 18 20 12 11
19 14 7 18 20 12 11 19 14 7 10 7 18 20 12 11
19 14 7 18 20 12 11 19 14 7 18 10 7 18 20 12 11
19 14 10 14 7 18 20 12 11 19 14 7 18 20 12 11
19 14 7 10 14 7 18 20 12 11 19 14 7 18 20 12 11
19 14 7 10 7 18 20 12 11 19 14 7 18 20 12 11
19 14 7 18 10 7 18 20 12 11 19 14 7 18 20 12 11

24 6 12 26 9 28 22 24 6 12 26 9 28 22
24 6 12 26 9 28 22 24 6 5 6 12 26 9 28 22
24 6 12 26 9 28 22 24 6 12 5 6 12 26 9 28 22
24 6 12 26 9 28 22 24 6 12 5 12 26 9 28 22
24 6 12 26 9 28 22 24 6 12 26 5 12 26 9 28 22
24 6 5 6 12 26 9 28 22 24 6 12 26 9 28 22
24 6 12 5 6 12 26 9 28 22 24 6 12 26 9 28 22
24 6 12 5 12 26 9 28 22 24 6 12 26 9 28 22
24 6 12 26 5 12 26 9 28 22 24 6 12 26 9 28 22

7 24 13 16 12 19 23 7 24 13 16 12 19 23
7 24 13 16 12 19 23 7 24 9 24 13 16 12 19 23
7 24 13 16 12 19 23 7 24 13 9 24 13 16 12 19 23
7 24 13 16 12 19 23 7 24 13 9 13 16 12 19 23
7 24 13 16 12 19 23 7 24 13 16 9 13 16 12 19 23
7 24 9 24 13 16 12 19 23 7 24 13 16 12 19 23
7 24 13 9 24 13 16 12 19 23 7 24 13 16 12 19 23
7 24 13 9 13 16 12 19 23 7 24 13 16 12 19 23
7 24 13 16 9 13 16 12 19 23 7 24 13 16 12 19 23

14 24 12 15 13 28 17 14 24 12 15 13 28 17
14 24 12 15 13 28 17 14 24 12 24 12 15 13 28 17
14 24 12 15 13 28 17 14 24 12 12 24 12 15 13 28 17
14 24 12 15 13 28 17 14 24 12 12 12 15 13 28 17
14 24 12 15 13 28 17 14 24 12 15 12 12 15 13 28 17
14 24 12 24 12 15 13 28 17 14 24 12 15 13 28 17
14 24 12 12 24 12 15 13 28 17 14 24 12 15 13 28 17
14 24 12 12 12 15 13 28 17 14 24 12 15 13 28 17
14 24 12 15 12 12 15 13 28 17 14 24 12 15 13 28 17

27 12 17 18 28 26 10 27 12 17 18 28 26 10
27 12 17 18 28 26 10 27 12 14 12 17 18 28 26 10
27 12 17 18 28 26 10 27 12 17 14 12 17 18 28 26 10
27 12 17 18 28 26 10 27 12 17 14 17 18 28 26 10
27 12 17 18 28 26 10 27 12 17 18 14 17 18 28 26 10
27 12 14 12 17 18 28 26 10 27 12 17 18 28 26 10
27 12 17 14 12 17 18 28 26 10 27 12 17 18 28 26 10
27 12 17 14 17 18 28 26 10 27 12 17 18 28 26 10
27 12 17 18 14 17 18 28 26 10 27 12 17 18 28 26 10

27 9 22 13 22 15 19 27 9 22 13 22 15 19
27 9 22 13 22 15 19 27 9 6 9 22 13 22 15 19
27 9 22 13 22 15 19 27 9 22 6 9 22 13 22 15 19
27 9 22 13 22 15 19 27 9 22 6 22 13 22 15 19
27 9 22 13 22 15 19 27 9 22 13 6 22 13 22 15 19
27 9 6 9 22 13 22 15 19 27 9 22 13 22 15 19
27 9 22 6 9 22 13 22 15 19 27 9 22 13 22 15 19
27 9 22 6 22 13 22 15 19 27 9 22 13 22 15 19
27 9 22 13 6 22 13 22 15 19 27 9 22 13 22 15 19

14 16 26 30 26 20 11 14 16 26 30 26 20 11
14 16 26 30 26 20 11 14 16 6 16 26 30 26 20 11
14 16 26 30 26 20 11 14 16 26 6 16 26 30 26 20 11
14 16 26 30 26 20 11 14 16 26 6 26 30 26 20 11
14 16 26 30 26 20 11 14 16 26 30 6 26 30 26 20 11
14 16 6 16 26 30 26 20 11 14 16 26 30 26 20 11
14 16 26 6 16 26 30 26 20 11 14 16 26 30 26 20 11
14 16 26 6 26 30 26 20 11 14 16 26 30 26 20 11
14 16 26 30 6 26 30 26 20 11 14 16 26 30 26 20 11

17 5 10 27 16 7 15 17 5 10 27 16 7 15
17 5 10 27 16 7 15 17 5 10 5 10 27 16 7 15
17 5 10 27 16 7 15 17 5 10 10 5 10 27 16 7 15
17 5 10 27 16 7 15 17 5 10 10 10 27 16 7 15
17 5 10 27 16 7 15 17 5 10 27 10 10 27 16 7 15
17 5 10 5 10 27 16 7 15 17 5 10 27 16 7 15
17 5 10 10 5 10 27 16 7 15 17 5 10 27 16 7 15
17 5 10 10 10 27 16 7 15 17 5 10 27 16 7 15
17 5 10 27 10 10 27 16 7 15 17 5 10 27 16 7 15

30 16 10 19 5 15 24 30 16 10 19 5 15 24
30 16 10 19 5 15 24 30 16 9 16 10 19 5 15 24
30 16 10 19 5 15 24 30 16 10 9 16 10 19 5 15 24
30 16 10 19 5 15 24 30 16 10 9 10 19 5 15 24
30 16 10 19 5 15 24 30 16 10 19 9 10 19 5 15 24
30 16 9 16 10 19 5 15 24 30 16 10 19 5 15 24
30 16 10 9 16 10 19 5 15 24 30 16 10 19 5 15 24
30 16 10 9 10 19 5 15 24 30 16 10 19 5 15 24
30 16 10 19 9 10 19 5 15 24 30 16 10 19 5 15 24

30 12 5 20 17 12 13 30 12 5 20 17 12 13
30 12 5 20 17 12 13 30 12 16 12 5 20 17 12 13
30 12 5 20 17 12 13 30 12 5 16 12 5 20 17 12 13
30 12 5 20 17 12 13 30 12 5 16 5 20 17 12 13
30 12 5 20 17 12 13 30 12 5 20 16 5 20 17 12 13
30 12 16 12 5 20 17 12 13 30 12 5 20 17 12 13
30 12 5 16 12 5 20 17 12 13 30 12 5 20 17 12 13
30 12 5 16 5 20 17 12 13 30 12 5 20 17 12 13
30 12 5 20 16 5 20 17 12 13 30 12 5 20 17 12 13

22 20 29 9 30 7 30 22 20 29 9 30 7 30
22 20 29 9 30 7 30 22 20 10 20 29 9 30 7 30
22 20 29 9 30 7 30 22 20 29 10 20 29 9 30 7 30
22 20 29 9 30 7 30 22 20 29 10 29 9 30 7 30
22 20 29 9 30 7 30 22 20 29 9 10 29 9 30 7 30
22 20 10 20 29 9 30 7 30 22 20 29 9 30 7 30
22 20 29 10 20 29 9 30 7 30 22 20 29 9 30 7 30
22 20 29 10 29 9 30 7 30 22 20 29 9 30 7 30
22 20 29 9 10 29 9 30 7 30 22 20 29 9 30 7 30

11 5 23 26 14 12 29 11 5 23 26 14 12 29
11 5 23 26 14 12 29 11 5 10 5 23 26 14 12 29
11 5 23 26 14 12 29 11 5 23 10 5 23 26 14 12 29
11 5 23 26 14 12 29 11 5 23 10 23 26 14 12 29
11 5 23 26 14 12 29 11 5 23 26 10 23 26 14 12 29
11 5 10 5 23 26 14 12 29 11 5 23 26 14 12 29
11 5 23 10 5 23 26 14 12 29 11 5 23 26 14 12 29
11 5 23 10 23 26 14 12 29 11 5 23 26 14 12 29
11 5 23 26 10 23 26 14 12 29 11 5 23 26 14 12 29

28 13 19 29 23 30 9 28 13 19 29 23 30 9
28 13 19 29 23 30 9 28 13 7 13 19 29 23 30 9
28 13 19 29 23 30 9 28 13 19 7 13 19 29 23 30 9
28 13 19 29 23 30 9 28 13 19 7 19 29 23 30 9
28 13 19 29 23 30 9 28 13 19 29 7 19 29 23 30 9
28 13 7 13 19 29 23 30 9 28 13 19 29 23 30 9
28 13 19 7 13 19 29 23 30 9 28 13 19 29 23 30 9
28 13 19 7 19 29 23 30 9 28 13 19 29 23 30 9
28 13 19 29 7 19 29 23 30 9 28 13 19 29 23 30 9

27 9 24 21 15 23 17 27 9 24 21 15 23 17
27 9 24 21 15 23 17 27 9 15 9 24 21 15 23 17
27 9 24 21 15 23 17 27 9 24 15 9 24 21 15 23 17
27 9 24 21 15 23 17 27 9 24 15 24 21 15 23 17
27 9 24 21 15 23 17 27 9 24 21 15 24 21 15 23 17
27 9 15 9 24 21 15 23 17 27 9 24 21 15 23 17
27 9 24 15 9 24 21 15 23 17 27 9 24 21 15 23 17
27 9 24 15 24 21 15 23 17 27 9 24 21 15 23 17
27 9 24 21 15 24 21 15 23 17 27 9 24 21 15 23 17

27 20 15 13 12 30 26 27 20 15 13 12 30 26
27 20 15 13 12 30 26 27 20 18 20 15 13 12 30 26
27 20 15 13 12 30 26 27 20 15 18 20 15 13 12 30 26
27 20 15 13 12 30 26 27 20 15 18 15 13 12 30 26
27 20 15 13 12 30 26 27 20 15 13 18 15 13 12 30 26
27 20 18 20 15 13 12 30 26 27 20 15 13 12 30 26
27 20 15 18 20 15 13 12 30 26 27 20 15 13 12 30 26
27 20 15 18 15 13 12 30 26 27 20 15 13 12 30 26
27 20 15 13 18 15 13 12 30 26 27 20 15 13 12 30 26

29 28 10 14 22 13 15 29 28 10 14 22 13 15
29 28 10 14 22 13 15 29 28 20 28 10 14 22 13 15
29 28 10 14 22 13 15 29 28 10 20 28 10 14 22 13 15
29 28 10 14 22 13 15 29 28 10 20 10 14 22 13 15
29 28 10 14 22 13 15 29 28 10 14 20 10 14 22 13 15
29 28 20 28 10 14 22 13 15 29 28 10 14 22 13 15
29 28 10 20 28 10 14 22 13 15 29 28 10 14 22 13 15
29 28 10 20 10 14 22 13 15 29 28 10 14 22 13 15
29 28 10 14 20 10 14 22 13 15 29 28 10 14 22 13 15

24 7 21 6 26 19 14 24 7 21 6 26 19 14
24 7 21 6 26 19 14 24 7 10 7 21 6 26 19 14
24 7 21 6 26 19 14 24 7 21 10 7 21 6 26 19 14
24 7 21 6 26 19 14 24 7 21 10 21 6 26 19 14
24 7 21 6 26 19 14 24 7 21 6 10 21 6 26 19 14
24 7 10 7 21 6 26 19 14 24 7 21 6 26 19 14
24 7 21 10 7 21 6 26 19 14 24 7 21 6 26 19 14
24 7 21 10 21 6 26 19 14 24 7 21 6 26 19 14
24 7 21 6 10 21 6 26 19 14 24 7 21 6 26 19 14

26 19 30 28 29 21 27 26 19 30 28 29 21 27
26 19 30 28 29 21 27 26 19 6 19 30 28 29 21 27
26 19 30 28 29 21 27 26 19 30 6 19 30 28 29 21 27
26 19 30 28 29 21 27 26 19 30 6 30 28 29 21 27
26 19 30 28 29 21 27 26 19 30 28 6 30 28 29 21 27
26 19 6 19 30 28 29 21 27 26 19 30 28 29 21 27
26 19 30 6 19 30 28 29 21 27 26 19 30 28 29 21 27
26 19 30 6 30 28 29 21 27 26 19 30 28 29 21 27
26 19 30 28 6 30 28 29 21 27 26 19 30 28 29 21 27

21 18 25 26 6 9 9 21 18 25 26 6 9 9
21 18 25 26 6 9 9 21 18 10 18 25 26 6 9 9
21 18 25 26 6 9 9 21 18 25 10 18 25 26 6 9 9
21 18 25 26 6 9 9 21 18 25 10 25 26 6 9 9
21 18 25 26 6 9 9 21 18 25 26 10 25 26 6 9 9
21 18 10 18 25 26 6 9 9 21 18 25 26 6 9 9
21 18 25 10 18 25 26 6 9 9 21 18 25 26 6 9 9
21 18 25 10 25 26 6 9 9 21 18 25 26 6 9 9
21 18 25 26 10 25 26 6 9 9 21 18 25 26 6 9 9

24 11 24 28 12 15 29 24 11 24 28 12 15 29
24 11 24 28 12 15 29 24 11 20 11 24 28 12 15 29
24 11 24 28 12 15 29 24 11 24 20 11 24 28 12 15 29
24 11 24 28 12 15 29 24 11 24 20 24 28 12 15 29
24 11 24 28 12 15 29 24 11 24 28 20 24 28 12 15 29
24 11 20 11 24 28 12 15 29 24 11 24 28 12 15 29
24 11 24 20 11 24 28 12 15 29 24 11 24 28 12 15 29
24 11 24 20 24 28 12 15 29 24 11 24 28 12 15 29
24 11 24 28 20 24 28 12 15 29 24 11 24 28 12 15 29

25 22 19 15 28 30 12 25 22 19 15 28 30 12
25 22 19 15 28 30 12 25 22 20 22 19 15 28 30 12
25 22 19 15 28 30 12 25 22 19 20 22 19 15 28 30 12
25 22 19 15 28 30 12 25 22 19 20 19 15 28 30 12
25 22 19 15 28 30 12 25 22 19 15 20 19 15 28 30 12
25 22 20 22 19 15 28 30 12 25 22 19 15 28 30 12
25 22 19 20 22 19 15 28 30 12 25 22 19 15 28 30 12
25 22 19 20 19 15 28 30 12 25 22 19 15 28 30 12
25 22 19 15 20 19 15 28 30 12 25 22 19 15 28 30 12

16 19 23 19 6 25 29 16 19 23 19 6 25 29
16 19 23 19 6 25 29 16 19 7 19 23 19 6 25 29
16 19 23 19 6 25 29 16 19 23 7 19 23 19 6 25 29
16 19 23 19 6 25 29 16 19 23 7 23 19 6 25 29
16 19 23 19 6 25 29 16 19 23 19 7 23 19 6 25 29
16 19 7 19 23 19 6 25 29 16 19 23 19 6 25 29
16 19 23 7 19 23 19 6 25 29 16 19 23 19 6 25 29
16 19 23 7 23 19 6 25 29 16 19 23 19 6 25 29
16 19 23 19 7 23 19 6 25 29 16 19 23 19 6 25 29

21 22 12 6 9 28 10 21 22 12 6 9 28 10
21 22 12 6 9 28 10 21 22 18 22 12 6 9 28 10
21 22 12 6 9 28 10 21 22 12 18 22 12 6 9 28 10
21 22 12 6 9 28 10 21 22 12 18 12 6 9 28 10
21 22 12 6 9 28 10 21 22 12 6 18 12 6 9 28 10
21 22 18 22 12 6 9 28 10 21 22 12 6 9 28 10
21 22 12 18 22 12 6 9 28 10 21 22 12 6 9 28 10
21 22 12 18 12 6 9 28 10 21 22 12 6 9 28 10
21 22 12 6 18 12 6 9 28 10 21 22 12 6 9 28 10

7 13 27 27 30 8 11 7 13 27 27 30 8 11
7 13 27 27 30 8 11 7 13 9 13 27 27 30 8 11
7 13 27 27 30 8 11 7 13 27 9 13 27 27 30 8 11
7 13 27 27 30 8 11 7 13 27 9 27 27 30 8 11
7 13 27 27 30 8 11 7 13 27 27 9 27 27 30 8 11
7 13 9 13 27 27 30 8 11 7 13 27 27 30 8 11
7 13 27 9 13 27 27 30 8 11 7 13 27 27 30 8 11
7 13 27 9 27 27 30 8 11 7 13 27 27 30 8 11
7 13 27 27 9 27 27 30 8 11 7 13 27 27 30 8 11

25 25 28 11 6 11 29 25 25 28 11 6 11 29
25 25 28 11 6 11 29 25 25 18 25 28 11 6 11 29
25 25 28 11 6 11 29 25 25 28 18 25 28 11 6 11 29
25 25 28 11 6 11 29 25 25 28 18 28 11 6 11 29
25 25 28 11 6 11 29 25 25 28 11 18 28 11 6 11 29
25 25 18 25 28 11 6 11 29 25 25 28 11 6 11 29
25 25 28 18 25 28 11 6 11 29 25 25 28 11 6 11 29
25 25 28 18 28 11 6 11 29 25 25 28 11 6 11 29
25 25 28 11 18 28 11 6 11 29 25 25 28 11 6 11 29

17 5 20 7 6 20 24 17 5 20 7 6 20 24
17 5 20 7 6 20 24 17 5 19 5 20 7 6 20 24
17 5 20 7 6 20 24 17 5 20 19 5 20 7 6 20 24
17 5 20 7 6 20 24 17 5 20 19 20 7 6 20 24
17 5 20 7 6 20 24 17 5 20 7 19 20 7 6 20 24
17 5 19 5 20 7 6 20 24 17 5 20 7 6 20 24
17 5 20 19 5 20 7 6 20 24 17 5 20 7 6 20 24
17 5 20 19 20 7 6 20 24 17 5 20 7 6 20 24
17 5 20 7 19 20 7 6 20 24 17 5 20 7 6 20 24

30 17 12 7 30 23 8 30 17 12 7 30 23 8
30 17 12 7 30 23 8 30 17 16 17 12 7 30 23 8
30 17 12 7 30 23 8 30 17 12 16 17 12 7 30 23 8
30 17 12 7 30 23 8 30 17 12 16 12 7 30 23 8
30 17 12 7 30 23 8 30 17 12 7 16 12 7 30 23 8
30 17 16 17 12 7 30 23 8 30 17 12 7 30 23 8
30 17 12 16 17 12 7 30 23 8 30 17 12 7 30 23 8
30 17 12 16 12 7 30 23 8 30 17 12 7 30 23 8
30 17 12 7 16 12 7 30 23 8 30 17 12 7 30 23 8

27 17 6 14 25 16 10 27 17 6 14 25 16 10
27 17 6 14 25 16 10 27 17 13 17 6 14 25 16 10
27 17 6 14 25 16 10 27 17 6 13 17 6 14 25 16 10
27 17 6 14 25 16 10 27 17 6 13 6 14 25 16 10
27 17 6 14 25 16 10 27 17 6 14 13 6 14 25 16 10
27 17 13 17 6 14 25 16 10 27 17 6 14 25 16 10
27 17 6 13 17 6 14 25 16 10 27 17 6 14 25 16 10
27 17 6 13 6 14 25 16 10 27 17 6 14 25 16 10
27 17 6 14 13 6 14 25 16 10 27 17 6 14 25 16 10

20 20 28 25 24 9 30 20 20 28 25 24 9 30
20 20 28 25 24 9 30 20 20 20 20 28 25 24 9 30
20 20 28 25 24 9 30 20 20 28 20 20 28 25 24 9 30
20 20 28 25 24 9 30 20 20 28 20 28 25 24 9 30
20 20 28 25 24 9 30 20 20 28 25 20 28 25 24 9 30
20 20 20 20 28 25 24 9 30 20 20 28 25 24 9 30
20 20 28 20 20 28 25 24 9 30 20 20 28 25 24 9 30
20 20 28 20 28 25 24 9 30 20 20 28 25 24 9 30
20 20 28 25 20 28 25 24 9 30 20 20 28 25 24 9 30

25 20 30 23 12 30 26 25 20 30 23 12 30 26
25 20 30 23 12 30 26 25 20 9 20 30 23 12 30 26
25 20 30 23 12 30 26 25 20 30 9 20 30 23 12 30 26
25 20 30 23 12 30 26 25 20 30 9 30 23 12 30 26
25 20 30 23 12 30 26 25 20 30 23 9 30 23 12 30 26
25 20 9 20 30 23 12 30 26 25 20 30 23 12 30 26
25 20 30 9 20 30 23 12 30 26 25 20 30 23 12 30 26
25 20 30 9 30 23 12 30 26 25 20 30 23 12 30 26
25 20 30 23 9 30 23 12 30 26 25 20 30 23 12 30 26

24 22 6 8 10 25 13 24 22 6 8 10 25 13
24 22 6 8 10 25 13 24 22 9 22 6 8 10 25 13
24 22 6 8 10 25 13 24 22 6 9 22 6 8 10 25 13
24 22 6 8 10 25 13 24 22 6 9 6 8 10 25 13
24 22 6 8 10 25 13 24 22 6 8 9 6 8 10 25 13
24 22 9 22 6 8 10 25 13 24 22 6 8 10 25 13
24 22 6 9 22 6 8 10 25 13 24 22 6 8 10 25 13
24 22 6 9 6 8 10 25 13 24 22 6 8 10 25 13
24 22 6 8 9 6 8 10 25 13 24 22 6 8 10 25 13

26 10 11 12 5 10 26 26 10 11 12 5 10 26
26 10 11 12 5 10 26 26 10 15 10 11 12 5 10 26
26 10 11 12 5 10 26 26 10 11 15 10 11 12 5 10 26
26 10 11 12 5 10 26 26 10 11 15 11 12 5 10 26
26 10 11 12 5 10 26 26 10 11 12 15 11 12 5 10 26
26 10 15 10 11 12 5 10 26 26 10 11 12 5 10 26
26 10 11 15 10 11 12 5 10 26 26 10 11 12 5 10 26
26 10 11 15 11 12 5 10 26 26 10 11 12 5 10 26
26 10 11 12 15 11 12 5 10 26 26 10 11 12 5 10 26

10 30 27 16 5 24 13 10 30 27 16 5 24 13
10 30 27 16 5 24 13 10 30 11 30 27 16 5 24 13
10 30 27 16 5 24 13 10 30 27 11 30 27 16 5 24 13
10 30 27 16 5 24 13 10 30 27 11 27 16 5 24 13
10 30 27 16 5 24 13 10 30 27 16 11 27 16 5 24 13
10 30 11 30 27 16 5 24 13 10 30 27 16 5 24 13
10 30 27 11 30 27 16 5 24 13 10 30 27 16 5 24 13
10 30 27 11 27 16 5 24 13 10 30 27 16 5 24 13
10 30 27 16 11 27 16 5 24 13 10 30 27 16 5 24 13

11 16 11 17 29 29 21 11 16 11 17 29 29 21
11 16 11 17 29 29 21 11 16 5 16 11 17 29 29 21
11 16 11 17 29 29 21 11 16 11 5 16 11 17 29 29 21
11 16 11 17 29 29 21 11 16 11 5 11 17 29 29 21
11 16 11 17 29 29 21 11 16 11 17 5 11 17 29 29 21
11 16 5 16 11 17 29 29 21 11 16 11 17 29 29 21
11 16 11 5 16 11 17 29 29 21 11 16 11 17 29 29 21
11 16 11 5 11 17 29 29 21 11 16 11 17 29 29 21
11 16 11 17 5 11 17 29 29 21 11 16 11 17 29 29 21

27 25 19 11 5 13 5 27 25 19 11 5 13 5
27 25 19 11 5 13 5 27 25 11 25 19 11 5 13 5
27 25 19 11 5 13 5 27 25 19 11 25 19 11 5 13 5
27 25 19 11 5 13 5 27 25 19 11 19 11 5 13 5
27 25 19 11 5 13 5 27 25 19 11 11 19 11 5 13 5
27 25 11 25 19 11 5 13 5 27 25 19 11 5 13 5
27 25 19 11 25 19 11 5 13 5 27 25 19 11 5 13 5
27 25 19 11 19 11 5 13 5 27 25 19 11 5 13 5
27 25 19 11 11 19 11 5 13 5 27 25 19 11 5 13 5

14 6 22 29 22 5 6 14 6 22 29 22 5 6
14 6 22 29 22 5 6 14 6 7 6 22 29 22 5 6
14 6 22 29 22 5 6 14 6 22 7 6 22 29 22 5 6
14 6 22 29 22 5 6 14 6 22 7 22 29 22 5 6
14 6 22 29 22 5 6 14 6 22 29 7 22 29 22 5 6
14 6 7 6 22 29 22 5 6 14 6 22 29 22 5 6
14 6 22 7 6 22 29 22 5 6 14 6 22 29 22 5 6
14 6 22 7 22 29 22 5 6 14 6 22 29 22 5 6
14 6 22 29 7 22 29 22 5 6 14 6 22 29 22 5 6

25 24 19 25 25 14 26 25 24 19 25 25 14 26
25 24 19 25 25 14 26 25 24 13 24 19 25 25 14 26
25 24 19 25 25 14 26 25 24 19 13 24 19 25 25 14 26
25 24 19 25 25 14 26 25 24 19 13 19 25 25 14 26
25 24 19 25 25 14 26 25 24 19 25 13 19 25 25 14 26
25 24 13 24 19 25 25 14 26 25 24 19 25 25 14 26
25 24 19 13 24 19 25 25 14 26 25 24 19 25 25 14 26
25 24 19 13 19 25 25 14 26 25 24 19 25 25 14 26
25 24 19 25 13 19 25 25 14 26 25 24 19 25 25 14 26

6 12 15 19 6 15 18 6 12 15 19 6 15 18
6 12 15 19 6 15 18 6 12 9 12 15 19 6 15 18
6 12 15 19 6 15 18 6 12 15 9 12 15 19 6 15 18
6 12 15 19 6 15 18 6 12 15 9 15 19 6 15 18
6 12 15 19 6 15 18 6 12 15 19 9 15 19 6 15 18
6 12 9 12 15 19 6 15 18 6 12 15 19 6 15 18
6 12 15 9 12 15 19 6 15 18 6 12 15 19 6 15 18
6 12 15 9 15 19 6 15 18 6 12 15 19 6 15 18
6 12 15 19 9 15 19 6 15 18 6 12 15 19 6 15 18

29 29 29 30 8 6 10 29 29 29 30 8 6 10
29 29 29 30 8 6 10 29 29 18 29 29 30 8 6 10
29 29 29 30 8 6 10 29 29 29 18 29 29 30 8 6 10
29 29 29 30 8 6 10 29 29 29 18 29 30 8 6 10
29 29 29 30 8 6 10 29 29 29 30 18 29 30 8 6 10
29 29 18 29 29 30 8 6 10 29 29 29 30 8 6 10
29 29 29 18 29 29 30 8 6 10 29 29 29 30 8 6 10
29 29 29 18 29 30 8 6 10 29 29 29 30 8 6 10
29 29 29 30 18 29 30 8 6 10 29 29 29 30 8 6 10

6 21 20 8 19 7 7 6 21 20 8 19 7 7
6 21 20 8 19 7 7 6 21 13 21 20 8 19 7 7
6 21 20 8 19 7 7 6 21 20 13 21 20 8 19 7 7
6 21 20 8 19 7 7 6 21 20 13 20 8 19 7 7
6 21 20 8 19 7 7 6 21 20 8 13 20 8 19 7 7
6 21 13 21 20 8 19 7 7 6 21 20 8 19 7 7
6 21 20 13 21 20 8 19 7 7 6 21 20 8 19 7 7
6 21 20 13 20 8 19 7 7 6 21 20 8 19 7 7
6 21 20 8 13 20 8 19 7 7 6 21 20 8 19 7 7

23 22 25 24 8 18 25 23 22 25 24 8 18 25
23 22 25 24 8 18 25 23 22 19 22 25 24 8 18 25
23 22 25 24 8 18 25 23 22 25 19 22 25 24 8 18 25
23 22 25 24 8 18 25 23 22 25 19 25 24 8 18 25
23 22 25 24 8 18 25 23 22 25 24 19 25 24 8 18 25
23 22 19 22 25 24 8 18 25 23 22 25 24 8 18 25
23 22 25 19 22 25 24 8 18 25 23 22 25 24 8 18 25
23 22 25 19 25 24 8 18 25 23 22 25 24 8 18 25
23 22 25 24 19 25 24 8 18 25 23 22 25 24 8 18 25

5 13 7 21 8 28 30 5 13 7 21 8 28 30
5 13 7 21 8 28 30 5 13 17 13 7 21 8 28 30
5 13 7 21 8 28 30 5 13 7 17 13 7 21 8 28 30
5 13 7 21 8 28 30 5 13 7 17 7 21 8 28 30
5 13 7 21 8 28 30 5 13 7 21 17 7 21 8 28 30
5 13 17 13 7 21 8 28 30 5 13 7 21 8 28 30
5 13 7 17 13 7 21 8 28 30 5 13 7 21 8 28 30
5 13 7 17 7 21 8 28 30 5 13 7 21 8 28 30
5 13 7 21 17 7 21 8 28 30 5 13 7 21 8 28 30

10 10 11 13 25 29 21 10 10 11 13 25 29 21
10 10 11 13 25 29 21 10 10 11 10 11 13 25 29 21
10 10 11 13 25 29 21 10 10 11 11 10 11 13 25 29 21
10 10 11 13 25 29 21 10 10 11 11 11 13 25 29 21
10 10 11 13 25 29 21 10 10 11 13 11 11 13 25 29 21
10 10 11 10 11 13 25 29 21 10 10 11 13 25 29 21
10 10 11 11 10 11 13 25 29 21 10 10 11 13 25 29 21
10 10 11 11 11 13 25 29 21 10 10 11 13 25 29 21
10 10 11 13 11 11 13 25 29 21 10 10 11 13 25 29 21

15 25 21 21 12 23 14 15 25 21 21 12 23 14
15 25 21 21 12 23 14 15 25 11 25 21 21 12 23 14
15 25 21 21 12 23 14 15 25 21 11 25 21 21 12 23 14
15 25 21 21 12 23 14 15 25 21 11 21 21 12 23 14
15 25 21 21 12 23 14 15 25 21 21 11 21 21 12 23 14
15 25 11 25 21 21 12 23 14 15 25 21 21 12 23 14
15 25 21 11 25 21 21 12 23 14 15 25 21 21 12 23 14
15 25 21 11 21 21 12 23 14 15 25 21 21 12 23 14
15 25 21 21 11 21 21 12 23 14 15 25 21 21 12 23 14

29 17 16 23 11 9 24 29 17 16 23 11 9 24
29 17 16 23 11 9 24 29 17 15 17 16 23 11 9 24
29 17 16 23 11 9 24 29 17 16 15 17 16 23 11 9 24
29 17 16 23 11 9 24 29 17 16 15 16 23 11 9 24
29 17 16 23 11 9 24 29 17 16 23 15 16 23 11 9 24
29 17 15 17 16 23 11 9 24 29 17 16 23 11 9 24
29 17 16 15 17 16 23 11 9 24 29 17 16 23 11 9 24
29 17 16 15 16 23 11 9 24 29 17 16 23 11 9 24
29 17 16 23 15 16 23 11 9 24 29 17 16 23 11 9 24

17 23 13 10 11 29 22 17 23 13 10 11 29 22
17 23 13 10 11 29 22 17 23 16 23 13 10 11 29 22
17 23 13 10 11 29 22 17 23 13 16 23 13 10 11 29 22
17 23 13 10 11 29 22 17 23 13 16 13 10 11 29 22
17 23 13 10 11 29 22 17 23 13 10 16 13 10 11 29 22
17 23 16 23 13 10 11 29 22 17 23 13 10 11 29 22
17 23 13 16 23 13 10 11 29 22 17 23 13 10 11 29 22
17 23 13 16 13 10 11 29 22 17 23 13 10 11 29 22
17 23 13 10 16 13 10 11 29 22 17 23 13 10 11 29 22

27 7 18 13 19 29 20 27 7 18 13 19 29 20
27 7 18 13 19 29 20 27 7 16 7 18 13 19 29 20
27 7 18 13 19 29 20 27 7 18 16 7 18 13 19 29 20
27 7 18 13 19 29 20 27 7 18 16 18 13 19 29 20
27 7 18 13 19 29 20 27 7 18 13 16 18 13 19 29 20
27 7 16 7 18 13 19 29 20 27 7 18 13 19 29 20
27 7 18 16 7 18 13 19 29 20 27 7 18 13 19 29 20
27 7 18 16 18 13 19 29 20 27 7 18 13 19 29 20
27 7 18 13 16 18 13 19 29 20 27 7 18 13 19 29 20

27 26 13 14 9 20 12 27 26 13 14 9 20 12
27 26 13 14 9 20 12 27 26 17 26 13 14 9 20 12
27 26 13 14 9 20 12 27 26 13 17 26 13 14 9 20 12
27 26 13 14 9 20 12 27 26 13 17 13 14 9 20 12
27 26 13 14 9 20 12 27 26 13 14 17 13 14 9 20 12
27 26 17 26 13 14 9 20 12 27 26 13 14 9 20 12
27 26 13 17 26 13 14 9 20 12 27 26 13 14 9 20 12
27 26 13 17 13 14 9 20 12 27 26 13 14 9 20 12
27 26 13 14 17 13 14 9 20 12 27 26 13 14 9 20 12

8 16 8 29 12 18 11 8 16 8 29 12 18 11
8 16 8 29 12 18 11 8 16 12 16 8 29 12 18 11
8 16 8 29 12 18 11 8 16 8 12 16 8 29 12 18 11
8 16 8 29 12 18 11 8 16 8 12 8 29 12 18 11
8 16 8 29 12 18 11 8 16 8 29 12 8 29 12 18 11
8 16 12 16 8 29 12 18 11 8 16 8 29 12 18 11
8 16 8 12 16 8 29 12 18 11 8 16 8 29 12 18 11
8 16 8 12 8 29 12 18 11 8 16 8 29 12 18 11
8 16 8 29 12 8 29 12 18 11 8 16 8 29 12 18 11

8 21 5 29 15 18 19 8 21 5 29 15 18 19
8 21 5 29 15 18 19 8 21 12 21 5 29 15 18 19
8 21 5 29 15 18 19 8 21 5 12 21 5 29 15 18 19
8 21 5 29 15 18 19 8 21 5 12 5 29 15 18 19
8 21 5 29 15 18 19 8 21 5 29 12 5 29 15 18 19
8 21 12 21 5 29 15 18 19 8 21 5 29 15 18 19
8 21 5 12 21 5 29 15 18 19 8 21 5 29 15 18 19
8 21 5 12 5 29 15 18 19 8 21 5 29 15 18 19
8 21 5 29 12 5 29 15 18 19 8 21 5 29 15 18 19

24 23 20 26 29 23 11 24 23 20 26 29 23 11
24 23 20 26 29 23 11 24 23 19 23 20 26 29 23 11
24 23 20 26 29 23 11 24 23 20 19 23 20 26 29 23 11
24 23 20 26 29 23 11 24 23 20 19 20 26 29 23 11
24 23 20 26 29 23 11 24 23 20 26 19 20 26 29 23 11
24 23 19 23 20 26 29 23 11 24 23 20 26 29 23 11
24 23 20 19 23 20 26 29 23 11 24 23 20 26 29 23 11
24 23 20 19 20 26 29 23 11 24 23 20 26 29 23 11
24 23 20 26 19 20 26 29 23 11 24 23 20 26 29 23 11

11 12 10 10 9 30 11 11 12 10 10 9 30 11
11 12 10 10 9 30 11 11 12 13 12 10 10 9 30 11
11 12 10 10 9 30 11 11 12 10 13 12 10 10 9 30 11
11 12 10 10 9 30 11 11 12 10 13 10 10 9 30 11
11 12 10 10 9 30 11 11 12 10 10 13 10 10 9 30 11
11 12 13 12 10 10 9 30 11 11 12 10 10 9 30 11
11 12 10 13 12 10 10 9 30 11 11 12 10 10 9 30 11
11 12 10 13 10 10 9 30 11 11 12 10 10 9 30 11
11 12 10 10 13 10 10 9 30 11 11 12 10 10 9 30 11

15 7 19 29 12 30 14 15 7 19 29 12 30 14
15 7 19 29 12 30 14 15 7 15 7 19 29 12 30 14
15 7 19 29 12 30 14 15 7 19 15 7 19 29 12 30 14
15 7 19 29 12 30 14 15 7 19 15 19 29 12 30 14
15 7 19 29 12 30 14 15 7 19 29 15 19 29 12 30 14
15 7 15 7 19 29 12 30 14 15 7 19 29 12 30 14
15 7 19 15 7 19 29 12 30 14 15 7 19 29 12 30 14
15 7 19 15 19 29 12 30 14 15 7 19 29 12 30 14
15 7 19 29 15 19 29 12 30 14 15 7 19 29 12 30 14

17 16 6 28 29 28 19 17 16 6 28 29 28 19
17 16 6 28 29 28 19 17 16 6 16 6 28 29 28 19
17 16 6 28 29 28 19 17 16 6 6 16 6 28 29 28 19
17 16 6 28 29 28 19 17 16 6 6 6 28 29 28 19
17 16 6 28 29 28 19 17 16 6 28 6 6 28 29 28 19
17 16 6 16 6 28 29 28 19 17 16 6 28 29 28 19
17 16 6 6 16 6 28 29 28 19 17 16 6 28 29 28 19
17 16 6 6 6 28 29 28 19 17 16 6 28 29 28 19
17 16 6 28 6 6 28 29 28 19 17 16 6 28 29 28 19

12 23 8 13 19 21 30 12 23 8 13 19 21 30
12 23 8 13 19 21 30 12 23 19 23 8 13 19 21 30
12 23 8 13 19 21 30 12 23 8 19 23 8 13 19 21 30
12 23 8 13 19 21 30 12 23 8 19 8 13 19 21 30
12 23 8 13 19 21 30 12 23 8 13 19 8 13 19 21 30
12 23 19 23 8 13 19 21 30 12 23 8 13 19 21 30
12 23 8 19 23 8 13 19 21 30 12 23 8 13 19 21 30
12 23 8 19 8 13 19 21 30 12 23 8 13 19 21 30
12 23 8 13 19 8 13 19 21 30 12 23 8 13 19 21 30

30 11 29 29 27 10 7 30 11 29 29 27 10 7
30 11 29 29 27 10 7 30 11 18 11 29 29 27 10 7
30 11 29 29 27 10 7 30 11 29 18 11 29 29 27 10 7
30 11 29 29 27 10 7 30 11 29 18 29 29 27 10 7
30 11 29 29 27 10 7 30 11 29 29 18 29 29 27 10 7
30 11 18 11 29 29 27 10 7 30 11 29 29 27 10 7
30 11 29 18 11 29 29 27 10 7 30 11 29 29 27 10 7
30 11 29 18 29 29 27 10 7 30 11 29 29 27 10 7
30 11 29 29 18 29 29 27 10 7 30 11 29 29 27 10 7

28 20 8 22 27 15 6 28 20 8 22 27 15 6
28 20 8 22 27 15 6 28 20 9 20 8 22 27 15 6
28 20 8 22 27 15 6 28 20 8 9 20 8 22 27 15 6
28 20 8 22 27 15 6 28 20 8 9 8 22 27 15 6
28 20 8 22 27 15 6 28 20 8 22 9 8 22 27 15 6
28 20 9 20 8 22 27 15 6 28 20 8 22 27 15 6
28 20 8 9 20 8 22 27 15 6 28 20 8 22 27 15 6
28 20 8 9 8 22 27 15 6 28 20 8 22 27 15 6
28 20 8 22 9 8 22 27 15 6 28 20 8 22 27 15 6

20 17 28 26 27 30 19 20 17 28 26 27 30 19
20 17 28 26 27 30 19 20 17 19 17 28 26 27 30 19
20 17 28 26 27 30 19 20 17 28 19 17 28 26 27 30 19
20 17 28 26 27 30 19 20 17 28 19 28 26 27 30 19
20 17 28 26 27 30 19 20 17 28 26 19 28 26 27 30 19
20 17 19 17 28 26 27 30 19 20 17 28 26 27 30 19
20 17 28 19 17 28 26 27 30 19 20 17 28 26 27 30 19
20 17 28 19 28 26 27 30 19 20 17 28 26 27 30 19
20 17 28 26 19 28 26 27 30 19 20 17 28 26 27 30 19

10 30 27 14 23 30 7 10 30 27 14 23 30 7
10 30 27 14 23 30 7 10 30 14 30 27 14 23 30 7
10 30 27 14 23 30 7 10 30 27 14 30 27 14 23 30 7
10 30 27 14 23 30 7 10 30 27 14 27 14 23 30 7
10 30 27 14 23 30 7 10 30 27 14 14 27 14 23 30 7
10 30 14 30 27 14 23 30 7 10 30 27 14 23 30 7
10 30 27 14 30 27 14 23 30 7 10 30 27 14 23 30 7
10 30 27 14 27 14 23 30 7 10 30 27 14 23 30 7
10 30 27 14 14 27 14 23 30 7 10 30 27 14 23 30 7

29 9 14 19 6 29 14 29 9 14 19 6 29 14
29 9 14 19 6 29 14 29 9 7 9 14 19 6 29 14
29 9 14 19 6 29 14 29 9 14 7 9 14 19 6 29 14
29 9 14 19 6 29 14 29 9 14 7 14 19 6 29 14
29 9 14 19 6 29 14 29 9 14 19 7 14 19 6 29 14
29 9 7 9 14 19 6 29 14 29 9 14 19 6 29 14
29 9 14 7 9 14 19 6 29 14 29 9 14 19 6 29 14
29 9 14 7 14 19 6 29 14 29 9 14 19 6 29 14
29 9 14 19 7 14 19 6 29 14 29 9 14 19 6 29 14

16 15 17 22 21 29 8 16 15 17 22 21 29 8
16 15 17 22 21 29 8 16 15 20 15 17 22 21 29 8
16 15 17 22 21 29 8 16 15 17 20 15 17 22 21 29 8
16 15 17 22 21 29 8 16 15 17 20 17 22 21 29 8
16 15 17 22 21 29 8 16 15 17 22 20 17 22 21 29 8
16 15 20 15 17 22 21 29 8 16 15 17 22 21 29 8
16 15 17 20 15 17 22 21 29 8 16 15 17 22 21 29 8
16 15 17 20 17 22 21 29 8 16 15 17 22 21 29 8
16 15 17 22 20 17 22 21 29 8 16 15 17 22 21 29 8

30 23 21 15 9 21 11 30 23 21 15 9 21 11
30 23 21 15 9 21 11 30 23 14 23 21 15 9 21 11
30 23 21 15 9 21 11 30 23 21 14 23 21 15 9 21 11
30 23 21 15 9 21 11 30 23 21 14 21 15 9 21 11
30 23 21 15 9 21 11 30 23 21 15 14 21 15 9 21 11
30 23 14 23 21 15 9 21 11 30 23 21 15 9 21 11
30 23 21 14 23 21 15 9 21 11 30 23 21 15 9 21 11
30 23 21 14 21 15 9 21 11 30 23 21 15 9 21 11
30 23 21 15 14 21 15 9 21 11 30 23 21 15 9 21 11

25 21 30 22 22 13 6 25 21 30 22 22 13 6
25 21 30 22 22 13 6 25 21 6 21 30 22 22 13 6
25 21 30 22 22 13 6 25 21 30 6 21 30 22 22 13 6
25 21 30 22 22 13 6 25 21 30 6 30 22 22 13 6
25 21 30 22 22 13 6 25 21 30 22 6 30 22 22 13 6
25 21 6 21 30 22 22 13 6 25 21 30 22 22 13 6
25 21 30 6 21 30 22 22 13 6 25 21 30 22 22 13 6
25 21 30 6 30 22 22 13 6 25 21 30 22 22 13 6
25 21 30 22 6 30 22 22 13 6 25 21 30 22 22 13 6

25 16 8 18 6 13 11 25 16 8 18 6 13 11
25 16 8 18 6 13 11 25 16 11 16 8 18 6 13 11
25 16 8 18 6 13 11 25 16 8 11 16 8 18 6 13 11
25 16 8 18 6 13 11 25 16 8 11 8 18 6 13 11
25 16 8 18 6 13 11 25 16 8 18 11 8 18 6 13 11
25 16 11 16 8 18 6 13 11 25 16 8 18 6 13 11
25 16 8 11 16 8 18 6 13 11 25 16 8 18 6 13 11
25 16 8 11 8 18 6 13 11 25 16 8 18 6 13 11
25 16 8 18 11 8 18 6 13 11 25 16 8 18 6 13 11

8 24 19 17 7 5 9 8 24 19 17 7 5 9
8 24 19 17 7 5 9 8 24 5 24 19 17 7 5 9
8 24 19 17 7 5 9 8 24 19 5 24 19 17 7 5 9
8 24 19 17 7 5 9 8 24 19 5 19 17 7 5 9
8 24 19 17 7 5 9 8 24 19 17 5 19 17 7 5 9
8 24 5 24 19 17 7 5 9 8 24 19 17 7 5 9
8 24 19 5 24 19 17 7 5 9 8 24 19 17 7 5 9
8 24 19 5 19 17 7 5 9 8 24 19 17 7 5 9
8 24 19 17 5 19 17 7 5 9 8 24 19 17 7 5 9

8 23 23 11 26 25 8 8 23 23 11 26 25 8
8 23 23 11 26 25 8 8 23 11 23 23 11 26 25 8
8 23 23 11 26 25 8 8 23 23 11 23 23 11 26 25 8
8 23 23 11 26 25 8 8 23 23 11 23 11 26 25 8
8 23 23 11 26 25 8 8 23 23 11 11 23 11 26 25 8
8 23 11 23 23 11 26 25 8 8 23 23 11 26 25 8
8 23 23 11 23 23 11 26 25 8 8 23 23 11 26 25 8
8 23 23 11 23 11 26 25 8 8 23 23 11 26 25 8
8 23 23 11 11 23 11 26 25 8 8 23 23 11 26 25 8

29 10 15 12 30 29 13 29 10 15 12 30 29 13
29 10 15 12 30 29 13 29 10 7 10 15 12 30 29 13
29 10 15 12 30 29 13 29 10 15 7 10 15 12 30 29 13
29 10 15 12 30 29 13 29 10 15 7 15 12 30 29 13
29 10 15 12 30 29 13 29 10 15 12 7 15 12 30 29 13
29 10 7 10 15 12 30 29 13 29 10 15 12 30 29 13
29 10 15 7 10 15 12 30 29 13 29 10 15 12 30 29 13
29 10 15 7 15 12 30 29 13 29 10 15 12 30 29 13
29 10 15 12 7 15 12 30 29 13 29 10 15 12 30 29 13

28 17 12 26 26 26 9 28 17 12 26 26 26 9
28 17 12 26 26 26 9 28 17 9 17 12 26 26 26 9
28 17 12 26 26 26 9 28 17 12 9 17 12 26 26 26 9
28 17 12 26 26 26 9 28 17 12 9 12 26 26 26 9
28 17 12 26 26 26 9 28 17 12 26 9 12 26 26 26 9
28 17 9 17 12 26 26 26 9 28 17 12 26 26 26 9
28 17 12 9 17 12 26 26 26 9 28 17 12 26 26 26 9
28 17 12 9 12 26 26 26 9 28 17 12 26 26 26 9
28 17 12 26 9 12 26 26 26 9 28 17 12 26 26 26 9

29 5 12 24 7 16 10 29 5 12 24 7 16 10
29 5 12 24 7 16 10 29 5 9 5 12 24 7 16 10
29 5 12 24 7 16 10 29 5 12 9 5 12 24 7 16 10
29 5 12 24 7 16 10 29 5 12 9 12 24 7 16 10
29 5 12 24 7 16 10 29 5 12 24 9 12 24 7 16 10
29 5 9 5 12 24 7 16 10 29 5 12 24 7 16 10
29 5 12 9 5 12 24 7 16 10 29 5 12 24 7 16 10
29 5 12 9 12 24 7 16 10 29 5 12 24 7 16 10
29 5 12 24 9 12 24 7 16 10 29 5 12 24 7 16 10

8 25 29 24 7 6 10 8 25 29 24 7 6 10
8 25 29 24 7 6 10 8 25 16 25 29 24 7 6 10
8 25 29 24 7 6 10 8 25 29 16 25 29 24 7 6 10
8 25 29 24 7 6 10 8 25 29 16 29 24 7 6 10
8 25 29 24 7 6 10 8 25 29 24 16 29 24 7 6 10
8 25 16 25 29 24 7 6 10 8 25 29 24 7 6 10
8 25 29 16 25 29 24 7 6 10 8 25 29 24 7 6 10
8 25 29 16 29 24 7 6 10 8 25 29 24 7 6 10
8 25 29 24 16 29 24 7 6 10 8 25 29 24 7 6 10

19 21 29 23 27 24 15 19 21 29 23 27 24 15
19 21 29 23 27 24 15 19 21 8 21 29 23 27 24 15
19 21 29 23 27 24 15 19 21 29 8 21 29 23 27 24 15
19 21 29 23 27 24 15 19 21 29 8 29 23 27 24 15
19 21 29 23 27 24 15 19 21 29 23 8 29 23 27 24 15
19 21 8 21 29 23 27 24 15 19 21 29 23 27 24 15
19 21 29 8 21 29 23 27 24 15 19 21 29 23 27 24 15
19 21 29 8 29 23 27 24 15 19 21 29 23 27 24 15
19 21 29 23 8 29 23 27 24 15 19 21 29 23 27 24 15

21 7 22 27 27 13 23 21 7 22 27 27 13 23
21 7 22 27 27 13 23 21 7 9 7 22 27 27 13 23
21 7 22 27 27 13 23 21 7 22 9 7 22 27 27 13 23
21 7 22 27 27 13 23 21 7 22 9 22 27 27 13 23
21 7 22 27 27 13 23 21 7 22 27 9 22 27 27 13 23
21 7 9 7 22 27 27 13 23 21 7 22 27 27 13 23
21 7 22 9 7 22 27 27 13 23 21 7 22 27 27 13 23
21 7 22 9 22 27 27 13 23 21 7 22 27 27 13 23
21 7 22 27 9 22 27 27 13 23 21 7 22 27 27 13 23

21 15 9 19 18 9 10 21 15 9 19 18 9 10
21 15 9 19 18 9 10 21 15 7 15 9 19 18 9 10
21 15 9 19 18 9 10 21 15 9 7 15 9 19 18 9 10
21 15 9 19 18 9 10 21 15 9 7 9 19 18 9 10
21 15 9 19 18 9 10 21 15 9 19 7 9 19 18 9 10
21 15 7 15 9 19 18 9 10 21 15 9 19 18 9 10
21 15 9 7 15 9 19 18 9 10 21 15 9 19 18 9 10
21 15 9 7 9 19 18 9 10 21 15 9 19 18 9 10
21 15 9 19 7 9 19 18 9 10 21 15 9 19 18 9 10

13 19 26 8 9 7 9 13 19 26 8 9 7 9
13 19 26 8 9 7 9 13 19 6 19 26 8 9 7 9
13 19 26 8 9 7 9 13 19 26 6 19 26 8 9 7 9
13 19 26 8 9 7 9 13 19 26 6 26 8 9 7 9
13 19 26 8 9 7 9 13 19 26 8 6 26 8 9 7 9
13 19 6 19 26 8 9 7 9 13 19 26 8 9 7 9
13 19 26 6 19 26 8 9 7 9 13 19 26 8 9 7 9
13 19 26 6 26 8 9 7 9 13 19 26 8 9 7 9
13 19 26 8 6 26 8 9 7 9 13 19 26 8 9 7 9

9 22 8 22 24 9 26 9 22 8 22 24 9 26
9 22 8 22 24 9 26 9 22 15 22 8 22 24 9 26
9 22 8 22 24 9 26 9 22 8 15 22 8 22 24 9 26
9 22 8 22 24 9 26 9 22 8 15 8 22 24 9 26
9 22 8 22 24 9 26 9 22 8 22 15 8 22 24 9 26
9 22 15 22 8 22 24 9 26 9 22 8 22 24 9 26
9 22 8 15 22 8 22 24 9 26 9 22 8 22 24 9 26
9 22 8 15 8 22 24 9 26 9 22 8 22 24 9 26
9 22 8 22 15 8 22 24 9 26 9 22 8 22 24 9 26

13 27 18 30 21 29 21 13 27 18 30 21 29 21
13 27 18 30 21 29 21 13 27 6 27 18 30 21 29 21
13 27 18 30 21 29 21 13 27 18 6 27 18 30 21 29 21
13 27 18 30 21 29 21 13 27 18 6 18 30 21 29 21
13 27 18 30 21 29 21 13 27 18 30 6 18 30 21 29 21
13 27 6 27 18 30 21 29 21 13 27 18 30 21 29 21
13 27 18 6 27 18 30 21 29 21 13 27 18 30 21 29 21
13 27 18 6 18 30 21 29 21 13 27 18 30 21 29 21
13 27 18 30 6 18 30 21 29 21 13 27 18 30 21 29 21

24 14 18 18 17 19 24 24 14 18 18 17 19 24
24 14 18 18 17 19 24 24 14 20 14 18 18 17 19 24
24 14 18 18 17 19 24 24 14 18 20 14 18 18 17 19 24
24 14 18 18 17 19 24 24 14 18 20 18 18 17 19 24
24 14 18 18 17 19 24 24 14 18 18 20 18 18 17 19 24
24 14 20 14 18 18 17 19 24 24 14 18 18 17 19 24
24 14 18 20 14 18 18 17 19 24 24 14 18 18 17 19 24
24 14 18 20 18 18 17 19 24 24 14 18 18 17 19 24
24 14 18 18 20 18 18 17 19 24 24 14 18 18 17 19 24

26 18 18 28 28 20 21 26 18 18 28 28 20 21
26 18 18 28 28 20 21 26 18 6 18 18 28 28 20 21
26 18 18 28 28 20 21 26 18 18 6 18 18 28 28 20 21
26 18 18 28 28 20 21 26 18 18 6 18 28 28 20 21
26 18 18 28 28 20 21 26 18 18 28 6 18 28 28 20 21
26 18 6 18 18 28 28 20 21 26 18 18 28 28 20 21
26 18 18 6 18 18 28 28 20 21 26 18 18 28 28 20 21
26 18 18 6 18 28 28 20 21 26 18 18 28 28 20 21
26 18 18 28 6 18 28 28 20 21 26 18 18 28 28 20 21

23 16 10 21 5 20 12 23 16 10 21 5 20 12
23 16 10 21 5 20 12 23 16 5 16 10 21 5 20 12
23 16 10 21 5 20 12 23 16 10 5 16 10 21 5 20 12
23 16 10 21 5 20 12 23 16 10 5 10 21 5 20 12
23 16 10 21 5 20 12 23 16 10 21 5 10 21 5 20 12
23 16 5 16 10 21 5 20 12 23 16 10 21 5 20 12
23 16 10 5 16 10 21 5 20 12 23 16 10 21 5 20 12
23 16 10 5 10 21 5 20 12 23 16 10 21 5 20 12
23 16 10 21 5 10 21 5 20 12 23 16 10 21 5 20 12

11 14 25 14 8 27 14 11 14 25 14 8 27 14
11 14 25 14 8 27 14 11 14 5 14 25 14 8 27 14
11 14 25 14 8 27 14 11 14 25 5 14 25 14 8 27 14
11 14 25 14 8 27 14 11 14 25 5 25 14 8 27 14
11 14 25 14 8 27 14 11 14 25 14 5 25 14 8 27 14
11 14 5 14 25 14 8 27 14 11 14 25 14 8 27 14
11 14 25 5 14 25 14 8 27 14 11 14 25 14 8 27 14
11 14 25 5 25 14 8 27 14 11 14 25 14 8 27 14
11 14 25 14 5 25 14 8 27 14 11 14 25 14 8 27 14

29 17 16 19 8 15 5 29 17 16 19 8 15 5
29 17 16 19 8 15 5 29 17 18 17 16 19 8 15 5
29 17 16 19 8 15 5 29 17 16 18 17 16 19 8 15 5
29 17 16 19 8 15 5 29 17 16 18 16 19 8 15 5
29 17 16 19 8 15 5 29 17 16 19 18 16 19 8 15 5
29 17 18 17 16 19 8 15 5 29 17 16 19 8 15 5
29 17 16 18 17 16 19 8 15 5 29 17 16 19 8 15 5
29 17 16 18 16 19 8 15 5 29 17 16 19 8 15 5
29 17 16 19 18 16 19 8 15 5 29 17 16 19 8 15 5

29 27 17 25 8 18 14 29 27 17 25 8 18 14
29 27 17 25 8 18 14 29 27 12 27 17 25 8 18 14
29 27 17 25 8 18 14 29 27 17 12 27 17 25 8 18 14
29 27 17 25 8 18 14 29 27 17 12 17 25 8 18 14
29 27 17 25 8 18 14 29 27 17 25 12 17 25 8 18 14
29 27 12 27 17 25 8 18 14 29 27 17 25 8 18 14
29 27 17 12 27 17 25 8 18 14 29 27 17 25 8 18 14
29 27 17 12 17 25 8 18 14 29 27 17 25 8 18 14
29 27 17 25 12 17 25 8 18 14 29 27 17 25 8 18 14

17 29 14 11 9 11 28 17 29 14 11 9 11 28
17 29 14 11 9 11 28 17 29 7 29 14 11 9 11 28
17 29 14 11 9 11 28 17 29 14 7 29 14 11 9 11 28
17 29 14 11 9 11 28 17 29 14 7 14 11 9 11 28
17 29 14 11 9 11 28 17 29 14 11 7 14 11 9 11 28
17 29 7 29 14 11 9 11 28 17 29 14 11 9 11 28
17 29 14 7 29 14 11 9 11 28 17 29 14 11 9 11 28
17 29 14 7 14 11 9 11 28 17 29 14 11 9 11 28
17 29 14 11 7 14 11 9 11 28 17 29 14 11 9 11 28

30 17 16 13 16 27 27 30 17 16 13 16 27 27
30 17 16 13 16 27 27 30 17 17 17 16 13 16 27 27
30 17 16 13 16 27 27 30 17 16 17 17 16 13 16 27 27
30 17 16 13 16 27 27 30 17 16 17 16 13 16 27 27
30 17 16 13 16 27 27 30 17 16 13 17 16 13 16 27 27
30 17 17 17 16 13 16 27 27 30 17 16 13 16 27 27
30 17 16 17 17 16 13 16 27 27 30 17 16 13 16 27 27
30 17 16 17 16 13 16 27 27 30 17 16 13 16 27 27
30 17 16 13 17 16 13 16 27 27 30 17 16 13 16 27 27

27 11 26 10 29 12 23 27 11 26 10 29 12 23
27 11 26 10 29 12 23 27 11 13 11 26 10 29 12 23
27 11 26 10 29 12 23 27 11 26 13 11 26 10 29 12 23
27 11 26 10 29 12 23 27 11 26 13 26 10 29 12 23
27 11 26 10 29 12 23 27 11 26 10 13 26 10 29 12 23
27 11 13 11 26 10 29 12 23 27 11 26 10 29 12 23
27 11 26 13 11 26 10 29 12 23 27 11 26 10 29 12 23
27 11 26 13 26 10 29 12 23 27 11 26 10 29 12 23
27 11 26 10 13 26 10 29 12 23 27 11 26 10 29 12 23

19 13 23 17 15 7 10 19 13 23 17 15 7 10
19 13 23 17 15 7 10 19 13 18 13 23 17 15 7 10
19 13 23 17 15 7 10 19 13 23 18 13 23 17 15 7 10
19 13 23 17 15 7 10 19 13 23 18 23 17 15 7 10
19 13 23 17 15 7 10 19 13 23 17 18 23 17 15 7 10
19 13 18 13 23 17 15 7 10 19 13 23 17 15 7 10
19 13 23 18 13 23 17 15 7 10 19 13 23 17 15 7 10
19 13 23 18 23 17 15 7 10 19 13 23 17 15 7 10
19 13 23 17 18 23 17 15 7 10 19 13 23 17 15 7 10

16 30 5 5 13 7 27 16 30 5 5 13 7 27
16 30 5 5 13 7 27 16 30 11 30 5 5 13 7 27
16 30 5 5 13 7 27 16 30 5 11 30 5 5 13 7 27
16 30 5 5 13 7 27 16 30 5 11 5 5 13 7 27
16 30 5 5 13 7 27 16 30 5 5 11 5 5 13 7 27
16 30 11 30 5 5 13 7 27 16 30 5 5 13 7 27
16 30 5 11 30 5 5 13 7 27 16 30 5 5 13 7 27
16 30 5 11 5 5 13 7 27 16 30 5 5 13 7 27
16 30 5 5 11 5 5 13 7 27 16 30 5 5 13 7 27

29 11 25 13 11 17 9 29 11 25 13 11 17 9
29 11 25 13 11 17 9 29 11 9 11 25 13 11 17 9
29 11 25 13 11 17 9 29 11 25 9 11 25 13 11 17 9
29 11 25 13 11 17 9 29 11 25 9 25 13 11 17 9
29 11 25 13 11 17 9 29 11 25 13 9 25 13 11 17 9
29 11 9 11 25 13 11 17 9 29 11 25 13 11 17 9
29 11 25 9 11 25 13 11 17 9 29 11 25 13 11 17 9
29 11 25 9 25 13 11 17 9 29 11 25 13 11 17 9
29 11 25 13 9 25 13 11 17 9 29 11 25 13 11 17 9

27 20 19 9 30 29 5 27 20 19 9 30 29 5
27 20 19 9 30 29 5 27 20 12 20 19 9 30 29 5
27 20 19 9 30 29 5 27 20 19 12 20 19 9 30 29 5
27 20 19 9 30 29 5 27 20 19 12 19 9 30 29 5
27 20 19 9 30 29 5 27 20 19 9 12 19 9 30 29 5
27 20 12 20 19 9 30 29 5 27 20 19 9 30 29 5
27 20 19 12 20 19 9 30 29 5 27 20 19 9 30 29 5
27 20 19 12 19 9 30 29 5 27 20 19 9 30 29 5
27 20 19 9 12 19 9 30 29 5 27 20 19 9 30 29 5

24 8 30 29 12 7 20 24 8 30 29 12 7 20
24 8 30 29 12 7 20 24 8 8 8 30 29 12 7 20
24 8 30 29 12 7 20 24 8 30 8 8 30 29 12 7 20
24 8 30 29 12 7 20 24 8 30 8 30 29 12 7 20
24 8 30 29 12 7 20 24 8 30 29 8 30 29 12 7 20
24 8 8 8 30 29 12 7 20 24 8 30 29 12 7 20
24 8 30 8 8 30 29 12 7 20 24 8 30 29 12 7 20
24 8 30 8 30 29 12 7 20 24 8 30 29 12 7 20
24 8 30 29 8 30 29 12 7 20 24 8 30 29 12 7 20

7 10 9 24 11 19 17 7 10 9 24 11 19 17
7 10 9 24 11 19 17 7 10 19 10 9 24 11 19 17
7 10 9 24 11 19 17 7 10 9 19 10 9 24 11 19 17
7 10 9 24 11 19 17 7 10 9 19 9 24 11 19 17
7 10 9 24 11 19 17 7 10 9 24 19 9 24 11 19 17
7 10 19 10 9 24 11 19 17 7 10 9 24 11 19 17
7 10 9 19 10 9 24 11 19 17 7 10 9 24 11 19 17
7 10 9 19 9 24 11 19 17 7 10 9 24 11 19 17
7 10 9 24 19 9 24 11 19 17 7 10 9 24 11 19 17

17 11 12 29 18 8 14 17 11 12 29 18 8 14
17 11 12 29 18 8 14 17 11 7 11 12 29 18 8 14
17 11 12 29 18 8 14 17 11 12 7 11 12 29 18 8 14
17 11 12 29 18 8 14 17 11 12 7 12 29 18 8 14
17 11 12 29 18 8 14 17 11 12 29 7 12 29 18 8 14
17 11 7 11 12 29 18 8 14 17 11 12 29 18 8 14
17 11 12 7 11 12 29 18 8 14 17 11 12 29 18 8 14
17 11 12 7 12 29 18 8 14 17 11 12 29 18 8 14
17 11 12 29 7 12 29 18 8 14 17 11 12 29 18 8 14

27 23 27 29 6 25 20 27 23 27 29 6 25 20
27 23 27 29 6 25 20 27 23 10 23 27 29 6 25 20
27 23 27 29 6 25 20 27 23 27 10 23 27 29 6 25 20
27 23 27 29 6 25 20 27 23 27 10 27 29 6 25 20
27 23 27 29 6 25 20 27 23 27 29 10 27 29 6 25 20
27 23 10 23 27 29 6 25 20 27 23 27 29 6 25 20
27 23 27 10 23 27 29 6 25 20 27 23 27 29 6 25 20
27 23 27 10 27 29 6 25 20 27 23 27 29 6 25 20
27 23 27 29 10 27 29 6 25 20 27 23 27 29 6 25 20

9 21 17 11 27 5 24 9 21 17 11 27 5 24
9 21 17 11 27 5 24 9 21 20 21 17 11 27 5 24
9 21 17 11 27 5 24 9 21 17 20 21 17 11 27 5 24
9 21 17 11 27 5 24 9 21 17 20 17 11 27 5 24
9 21 17 11 27 5 24 9 21 17 11 20 17 11 27 5 24
9 21 20 21 17 11 27 5 24 9 21 17 11 27 5 24
9 21 17 20 21 17 11 27 5 24 9 21 17 11 27 5 24
9 21 17 20 17 11 27 5 24 9 21 17 11 27 5 24
9 21 17 11 20 17 11 27 5 24 9 21 17 11 27 5 24

7 25 8 18 25 27 25 7 25 8 18 25 27 25
7 25 8 18 25 27 25 7 25 12 25 8 18 25 27 25
7 25 8 18 25 27 25 7 25 8 12 25 8 18 25 27 25
7 25 8 18 25 27 25 7 25 8 12 8 18 25 27 25
7 25 8 18 25 27 25 7 25 8 18 12 8 18 25 27 25
7 25 12 25 8 18 25 27 25 7 25 8 18 25 27 25
7 25 8 12 25 8 18 25 27 25 7 25 8 18 25 27 25
7 25 8 12 8 18 25 27 25 7 25 8 18 25 27 25
7 25 8 18 12 8 18 25 27 25 7 25 8 18 25 27 25

21 17 23 22 6 20 15 21 17 23 22 6 20 15
21 17 23 22 6 20 15 21 17 10 17 23 22 6 20 15
21 17 23 22 6 20 15 21 17 23 10 17 23 22 6 20 15
21 17 23 22 6 20 15 21 17 23 10 23 22 6 20 15
21 17 23 22 6 20 15 21 17 23 22 10 23 22 6 20 15
21 17 10 17 23 22 6 20 15 21 17 23 22 6 20 15
21 17 23 10 17 23 22 6 20 15 21 17 23 22 6 20 15
21 17 23 10 23 22 6 20 15 21 17 23 22 6 20 15
21 17 23 22 10 23 22 6 20 15 21 17 23 22 6 20 15

6 6 30 24 24 5 6 6 6 30 24 24 5 6
6 6 30 24 24 5 6 6 6 5 6 30 24 24 5 6
6 6 30 24 24 5 6 6 6 30 5 6 30 24 24 5 6
6 6 30 24 24 5 6 6 6 30 5 30 24 24 5 6
6 6 30 24 24 5 6 6 6 30 24 5 30 24 24 5 6
6 6 5 6 30 24 24 5 6 6 6 30 24 24 5 6
6 6 30 5 6 30 24 24 5 6 6 6 30 24 24 5 6
6 6 30 5 30 24 24 5 6 6 6 30 24 24 5 6
6 6 30 24 5 30 24 24 5 6 6 6 30 24 24 5 6

5 11 16 12 6 14 30 5 11 16 12 6 14 30
5 11 16 12 6 14 30 5 11 13 11 16 12 6 14 30
5 11 16 12 6 14 30 5 11 16 13 11 16 12 6 14 30
5 11 16 12 6 14 30 5 11 16 13 16 12 6 14 30
5 11 16 12 6 14 30 5 11 16 12 13 16 12 6 14 30
5 11 13 11 16 12 6 14 30 5 11 16 12 6 14 30
5 11 16 13 11 16 12 6 14 30 5 11 16 12 6 14 30
5 11 16 13 16 12 6 14 30 5 11 16 12 6 14 30
5 11 16 12 13 16 12 6 14 30 5 11 16 12 6 14 30

24 28 30 16 25 18 23 24 28 30 16 25 18 23
24 28 30 16 25 18 23 24 28 6 28 30 16 25 18 23
24 28 30 16 25 18 23 24 28 30 6 28 30 16 25 18 23
24 28 30 16 25 18 23 24 28 30 6 30 16 25 18 23
24 28 30 16 25 18 23 24 28 30 16 6 30 16 25 18 23
24 28 6 28 30 16 25 18 23 24 28 30 16 25 18 23
24 28 30 6 28 30 16 25 18 23 24 28 30 16 25 18 23
24 28 30 6 30 16 25 18 23 24 28 30 16 25 18 23
24 28 30 16 6 30 16 25 18 23 24 28 30 16 25 18 23

23 13 26 25 23 10 16 23 13 26 25 23 10 16
23 13 26 25 23 10 16 23 13 10 13 26 25 23 10 16
23 13 26 25 23 10 16 23 13 26 10 13 26 25 23 10 16
23 13 26 25 23 10 16 23 13 26 10 26 25 23 10 16
23 13 26 25 23 10 16 23 13 26 25 10 26 25 23 10 16
23 13 10 13 26 25 23 10 16 23 13 26 25 23 10 16
23 13 26 10 13 26 25 23 10 16 23 13 26 25 23 10 16
23 13 26 10 26 25 23 10 16 23 13 26 25 23 10 16
23 13 26 25 10 26 25 23 10 16 23 13 26 25 23 10 16

12 12 5 19 18 17 29 12 12 5 19 18 17 29
12 12 5 19 18 17 29 12 12 6 12 5 19 18 17 29
12 12 5 19 18 17 29 12 12 5 6 12 5 19 18 17 29
12 12 5 19 18 17 29 12 12 5 6 5 19 18 17 29
12 12 5 19 18 17 29 12 12 5 19 6 5 19 18 17 29
12 12 6 12 5 19 18 17 29 12 12 5 19 18 17 29
12 12 5 6 12 5 19 18 17 29 12 12 5 19 18 17 29
12 12 5 6 5 19 18 17 29 12 12 5 19 18 17 29
12 12 5 19 6 5 19 18 17 29 12 12 5 19 18 17 29

29 10 19 30 25 5 15 29 10 19 30 25 5 15
29 10 19 30 25 5 15 29 10 17 10 19 30 25 5 15
29 10 19 30 25 5 15 29 10 19 17 10 19 30 25 5 15
29 10 19 30 25 5 15 29 10 19 17 19 30 25 5 15
29 10 19 30 25 5 15 29 10 19 30 17 19 30 25 5 15
29 10 17 10 19 30 25 5 15 29 10 19 30 25 5 15
29 10 19 17 10 19 30 25 5 15 29 10 19 30 25 5 15
29 10 19 17 19 30 25 5 15 29 10 19 30 25 5 15
29 10 19 30 17 19 30 25 5 15 29 10 19 30 25 5 15

25 6 20 8 15 8 29 25 6 20 8 15 8 29
25 6 20 8 15 8 29 25 6 5 6 20 8 15 8 29
25 6 20 8 15 8 29 25 6 20 5 6 20 8 15 8 29
25 6 20 8 15 8 29 25 6 20 5 20 8 15 8 29
25 6 20 8 15 8 29 25 6 20 8 5 20 8 15 8 29
25 6 5 6 20 8 15 8 29 25 6 20 8 15 8 29
25 6 20 5 6 20 8 15 8 29 25 6 20 8 15 8 29
25 6 20 5 20 8 15 8 29 25 6 20 8 15 8 29
25 6 20 8 5 20 8 15 8 29 25 6 20 8 15 8 29

5 9 23 20 9 20 15 5 9 23 20 9 20 15
5 9 23 20 9 20 15 5 9 18 9 23 20 9 20 15
5 9 23 20 9 20 15 5 9 23 18 9 23 20 9 20 15
5 9 23 20 9 20 15 5 9 23 18 23 20 9 20 15
5 9 23 20 9 20 15 5 9 23 20 18 23 20 9 20 15
5 9 18 9 23 20 9 20 15 5 9 23 20 9 20 15
5 9 23 18 9 23 20 9 20 15 5 9 23 20 9 20 15
5 9 23 18 23 20 9 20 15 5 9 23 20 9 20 15
5 9 23 20 18 23 20 9 20 15 5 9 23 20 9 20 15

19 10 15 10 29 10 23 19 10 15 10 29 10 23
19 10 15 10 29 10 23 19 10 12 10 15 10 29 10 23
19 10 15 10 29 10 23 19 10 15 12 10 15 10 29 10 23
19 10 15 10 29 10 23 19 10 15 12 15 10 29 10 23
19 10 15 10 29 10 23 19 10 15 10 12 15 10 29 10 23
19 10 12 10 15 10 29 10 23 19 10 15 10 29 10 23
19 10 15 12 10 15 10 29 10 23 19 10 15 10 29 10 23
19 10 15 12 15 10 29 10 23 19 10 15 10 29 10 23
19 10 15 10 12 15 10 29 10 23 19 10 15 10 29 10 23

5 26 6 24 20 10 22 5 26 6 24 20 10 22
5 26 6 24 20 10 22 5 26 10 26 6 24 20 10 22
5 26 6 24 20 10 22 5 26 6 10 26 6 24 20 10 22
5 26 6 24 20 10 22 5 26 6 10 6 24 20 10 22
5 26 6 24 20 10 22 5 26 6 24 10 6 24 20 10 22
5 26 10 26 6 24 20 10 22 5 26 6 24 20 10 22
5 26 6 10 26 6 24 20 10 22 5 26 6 24 20 10 22
5 26 6 10 6 24 20 10 22 5 26 6 24 20 10 22
5 26 6 24 10 6 24 20 10 22 5 26 6 24 20 10 22

6 20 13 20 25 10 6 6 20 13 20 25 10 6
6 20 13 20 25 10 6 6 20 5 20 13 20 25 10 6
6 20 13 20 25 10 6 6 20 13 5 20 13 20 25 10 6
6 20 13 20 25 10 6 6 20 13 5 13 20 25 10 6
6 20 13 20 25 10 6 6 20 13 20 5 13 20 25 10 6
6 20 5 20 13 20 25 10 6 6 20 13 20 25 10 6
6 20 13 5 20 13 20 25 10 6 6 20 13 20 25 10 6
6 20 13 5 13 20 25 10 6 6 20 13 20 25 10 6
6 20 13 20 5 13 20 25 10 6 6 20 13 20 25 10 6

25 16 18 9 6 10 23 25 16 18 9 6 10 23
25 16 18 9 6 10 23 25 16 20 16 18 9 6 10 23
25 16 18 9 6 10 23 25 16 18 20 16 18 9 6 10 23
25 16 18 9 6 10 23 25 16 18 20 18 9 6 10 23
25 16 18 9 6 10 23 25 16 18 9 20 18 9 6 10 23
25 16 20 16 18 9 6 10 23 25 16 18 9 6 10 23
25 16 18 20 16 18 9 6 10 23 25 16 18 9 6 10 23
25 16 18 20 18 9 6 10 23 25 16 18 9 6 10 23
25 16 18 9 20 18 9 6 10 23 25 16 18 9 6 10 23

6 21 23 10 15 7 7 6 21 23 10 15 7 7
6 21 23 10 15 7 7 6 21 11 21 23 10 15 7 7
6 21 23 10 15 7 7 6 21 23 11 21 23 10 15 7 7
6 21 23 10 15 7 7 6 21 23 11 23 10 15 7 7
6 21 23 10 15 7 7 6 21 23 10 11 23 10 15 7 7
6 21 11 21 23 10 15 7 7 6 21 23 10 15 7 7
6 21 23 11 21 23 10 15 7 7 6 21 23 10 15 7 7
6 21 23 11 23 10 15 7 7 6 21 23 10 15 7 7
6 21 23 10 11 23 10 15 7 7 6 21 23 10 15 7 7

28 27 15 19 22 15 9 28 27 15 19 22 15 9
28 27 15 19 22 15 9 28 27 9 27 15 19 22 15 9
28 27 15 19 22 15 9 28 27 15 9 27 15 19 22 15 9
28 27 15 19 22 15 9 28 27 15 9 15 19 22 15 9
28 27 15 19 22 15 9 28 27 15 19 9 15 19 22 15 9
28 27 9 27 15 19 22 15 9 28 27 15 19 22 15 9
28 27 15 9 27 15 19 22 15 9 28 27 15 19 22 15 9
28 27 15 9 15 19 22 15 9 28 27 15 19 22 15 9
28 27 15 19 9 15 19 22 15 9 28 27 15 19 22 15 9

15 6 27 20 28 13 9 15 6 27 20 28 13 9
15 6 27 20 28 13 9 15 6 12 6 27 20 28 13 9
15 6 27 20 28 13 9 15 6 27 12 6 27 20 28 13 9
15 6 27 20 28 13 9 15 6 27 12 27 20 28 13 9
15 6 27 20 28 13 9 15 6 27 20 12 27 20 28 13 9
15 6 12 6 27 20 28 13 9 15 6 27 20 28 13 9
15 6 27 12 6 27 20 28 13 9 15 6 27 20 28 13 9
15 6 27 12 27 20 28 13 9 15 6 27 20 28 13 9
15 6 27 20 12 27 20 28 13 9 15 6 27 20 28 13 9

5 17 26 14 10 27 16 5 17 26 14 10 27 16
5 17 26 14 10 27 16 5 17 18 17 26 14 10 27 16
5 17 26 14 10 27 16 5 17 26 18 17 26 14 10 27 16
5 17 26 14 10 27 16 5 17 26 18 26 14 10 27 16
5 17 26 14 10 27 16 5 17 26 14 18 26 14 10 27 16
5 17 18 17 26 14 10 27 16 5 17 26 14 10 27 16
5 17 26 18 17 26 14 10 27 16 5 17 26 14 10 27 16
5 17 26 18 26 14 10 27 16 5 17 26 14 10 27 16
5 17 26 14 18 26 14 10 27 16 5 17 26 14 10 27 16

27 14 5 22 19 17 10 27 14 5 22 19 17 10
27 14 5 22 19 17 10 27 14 16 14 5 22 19 17 10
27 14 5 22 19 17 10 27 14 5 16 14 5 22 19 17 10
27 14 5 22 19 17 10 27 14 5 16 5 22 19 17 10
27 14 5 22 19 17 10 27 14 5 22 16 5 22 19 17 10
27 14 16 14 5 22 19 17 10 27 14 5 22 19 17 10
27 14 5 16 14 5 22 19 17 10 27 14 5 22 19 17 10
27 14 5 16 5 22 19 17 10 27 14 5 22 19 17 10
27 14 5 22 16 5 22 19 17 10 27 14 5 22 19 17 10

