200
7
2
2

16
14
11
10
30
4
7
30
24
15
0
11
9
4
29
22
10
20
17
20
5
28
26
16
28
27
22
9
2
21
16
25
20
29
14
28
14
18
25
0
23
30
25
2
22
5
2
19
10
13
24
2
12
30
23
23
6
1
7
12
3
29
25
4
1
21
13
1
23
15
27
1
16
11
28
17
14
12
16
15
1
0
4
16
27
27
18
26
15
4
8
28
20
30
24
20
3
29
21
4
19
4
21
11
19
17
22
8
6
25
18
20
28
17
18
21
26
5
18
22
2
5
18
12
4
21
16
3
6
15
22
13
14
9
8
12
28
18
24
16
18
25
13
23
18
14
0
22
11
22
7
27
0
15
24
25
4
29
12
28
29
0
19
18
0
4
0
22
29
8
9
17
20
24
25
12
16
20
26
29
30
1
18
3
11
9
1
25
23
27
15
13
10
23
10
14
20
12
27
4

15 26 
46 23 
30 40 
17 29 
24 22 
39 29 
48 40 
29 33 
27 48 
39 29 
31 38 
31 42 
49 23 
14 31 
33 42 
32 33 
15 16 
27 33 
23 25 
18 35 
21 46 
38 24 
22 48 
22 21 
39 36 
14 35 
28 18 
25 18 
32 23 
36 46 
23 17 
46 32 
20 41 
34 42 
30 46 
31 26 
50 45 
40 29 
13 30 
34 39 
32 14 
27 23 
17 37 
39 15 
27 35 
19 30 
33 37 
39 33 
30 39 
25 32 
33 23 
25 36 
37 16 
17 20 
35 37 
34 22 
19 20 
35 25 
15 36 
28 20 
22 42 
29 41 
32 30 
33 37 
35 22 
42 36 
15 25 
26 28 
35 45 
39 35 
41 22 
29 47 
29 27 
33 23 
31 39 
46 27 
29 16 
43 39 
16 38 
43 33 
34 17 
22 29 
25 36 
27 33 
32 32 
34 26 
12 42 
22 36 
29 43 
37 17 
30 43 
38 43 
33 46 
24 39 
28 35 
11 32 
34 29 
30 18 
39 33 
16 38 
21 25 
30 36 
17 28 
26 34 
21 40 
25 30 
28 30 
15 20 
40 30 
38 37 
41 29 
20 41 
20 37 
27 20 
37 40 
31 23 
39 33 
36 31 
26 23 
37 31 
40 24 
24 28 
38 32 
23 11 
32 27 
28 28 
26 32 
23 42 
35 38 
23 24 
43 40 
26 26 
42 46 
37 40 
39 33 
15 15 
34 42 
35 18 
15 23 
25 29 
25 23 
13 37 
32 23 
33 43 
17 32 
21 25 
41 15 
25 27 
16 41 
41 24 
24 15 
35 30 
16 40 
31 35 
38 20 
43 24 
15 34 
38 29 
33 28 
31 11 
30 28 
18 41 
13 35 
29 18 
23 32 
35 34 
33 22 
19 43 
40 40 
26 22 
27 19 
37 24 
17 18 
37 26 
36 38 
35 38 
35 23 
26 25 
35 40 
38 20 
39 26 
23 31 
32 27 
19 42 
14 23 
22 15 
38 19 
40 41 
25 24 
29 19 
48 28 
46 40 
26 29 
31 47 
40 26 
45 35 
17 34 
26 34 
36 41 
40 26 

325
280
283
265
270
287
318
292
342
374
269
385
322
273
379
346
304
370
253
333
295
336
275
301
317
340
324
262
243
394
272
356
334
371
353
418
362
356
301
393
337
353
323
313
291
308
351
353
309
360
350
421
385
221
345
309
197
334
307
218
318
349
271
351
279
341
213
313
416
314
348
326
292
313
398
347
300
388
374
389
233
365
256
351
291
253
293
278
389
391
324
317
387
432
281
291
250
325
341
327
242
351
285
333
335
301
301
297
328
376
361
327
362
307
353
255
308
305
292
334
370
247
296
229
283
356
345
294
279
277
270
296
372
332
366
198
443
328
332
275
289
311
245
360
288
253
315
346
325
319
219
411
301
359
377
337
224
345
342
293
354
346
269
245
277
237
365
312
295
258
276
388
266
279
277
310
335
314
327
359
328
302
348
255
289
310
372
357
300
281
337
365
261
311
330
345
314
278
323
267

1 2 3 4 5 1 2 3 4 5 6 7
1 2 3 4 5 1 2 100 102 3 4 5 6 7
1 2 3 4 5 1 2 3 100 102 103 4 5 6 7
1 2 3 4 5 1 2 3 100 103 4 5 6 7
1 2 3 4 5 1 2 3 4 100 103 104 5 6 7
1 2 100 102 3 4 5 1 2 3 4 5 6 7
1 2 3 100 102 103 4 5 1 2 3 4 5 6 7
1 2 3 100 103 4 5 1 2 3 4 5 6 7
1 2 3 4 100 103 104 5 1 2 3 4 5 6 7

26 25 8 7 25 24 6 26 25 8 7 25 24 6
26 25 8 7 25 24 6 26 25 13 25 8 7 25 24 6
26 25 8 7 25 24 6 26 25 8 13 25 8 7 25 24 6
26 25 8 7 25 24 6 26 25 8 13 8 7 25 24 6
26 25 8 7 25 24 6 26 25 8 7 13 8 7 25 24 6
26 25 13 25 8 7 25 24 6 26 25 8 7 25 24 6
26 25 8 13 25 8 7 25 24 6 26 25 8 7 25 24 6
26 25 8 13 8 7 25 24 6 26 25 8 7 25 24 6
26 25 8 7 13 8 7 25 24 6 26 25 8 7 25 24 6

16 17 26 5 14 30 5 16 17 26 5 14 30 5
16 17 26 5 14 30 5 16 17 17 17 26 5 14 30 5
16 17 26 5 14 30 5 16 17 26 17 17 26 5 14 30 5
16 17 26 5 14 30 5 16 17 26 17 26 5 14 30 5
16 17 26 5 14 30 5 16 17 26 5 17 26 5 14 30 5
16 17 17 17 26 5 14 30 5 16 17 26 5 14 30 5
16 17 26 17 17 26 5 14 30 5 16 17 26 5 14 30 5
16 17 26 17 26 5 14 30 5 16 17 26 5 14 30 5
16 17 26 5 17 26 5 14 30 5 16 17 26 5 14 30 5

26 5 21 23 10 18 5 26 5 21 23 10 18 5
26 5 21 23 10 18 5 26 5 14 5 21 23 10 18 5
26 5 21 23 10 18 5 26 5 21 14 5 21 23 10 18 5
26 5 21 23 10 18 5 26 5 21 14 21 23 10 18 5
26 5 21 23 10 18 5 26 5 21 23 14 21 23 10 18 5
26 5 14 5 21 23 10 18 5 26 5 21 23 10 18 5
26 5 21 14 5 21 23 10 18 5 26 5 21 23 10 18 5
26 5 21 14 21 23 10 18 5 26 5 21 23 10 18 5
26 5 21 23 14 21 23 10 18 5 26 5 21 23 10 18 5

27 20 5 16 7 16 15 27 20 5 16 7 16 15
27 20 5 16 7 16 15 27 20 5 20 5 16 7 16 15
27 20 5 16 7 16 15 27 20 5 5 20 5 16 7 16 15
27 20 5 16 7 16 15 27 20 5 5 5 16 7 16 15
27 20 5 16 7 16 15 27 20 5 16 5 5 16 7 16 15
27 20 5 20 5 16 7 16 15 27 20 5 16 7 16 15
27 20 5 5 20 5 16 7 16 15 27 20 5 16 7 16 15
27 20 5 5 5 16 7 16 15 27 20 5 16 7 16 15
27 20 5 16 5 5 16 7 16 15 27 20 5 16 7 16 15

10 11 6 17 19 20 25 10 11 6 17 19 20 25
10 11 6 17 19 20 25 10 11 18 11 6 17 19 20 25
10 11 6 17 19 20 25 10 11 6 18 11 6 17 19 20 25
10 11 6 17 19 20 25 10 11 6 18 6 17 19 20 25
10 11 6 17 19 20 25 10 11 6 17 18 6 17 19 20 25
10 11 18 11 6 17 19 20 25 10 11 6 17 19 20 25
10 11 6 18 11 6 17 19 20 25 10 11 6 17 19 20 25
10 11 6 18 6 17 19 20 25 10 11 6 17 19 20 25
10 11 6 17 18 6 17 19 20 25 10 11 6 17 19 20 25

11 14 20 23 7 20 29 11 14 20 23 7 20 29
11 14 20 23 7 20 29 11 14 11 14 20 23 7 20 29
11 14 20 23 7 20 29 11 14 20 11 14 20 23 7 20 29
11 14 20 23 7 20 29 11 14 20 11 20 23 7 20 29
11 14 20 23 7 20 29 11 14 20 23 11 20 23 7 20 29
11 14 11 14 20 23 7 20 29 11 14 20 23 7 20 29
11 14 20 11 14 20 23 7 20 29 11 14 20 23 7 20 29
11 14 20 11 20 23 7 20 29 11 14 20 23 7 20 29
11 14 20 23 11 20 23 7 20 29 11 14 20 23 7 20 29

17 17 28 24 5 25 16 17 17 28 24 5 25 16
17 17 28 24 5 25 16 17 17 7 17 28 24 5 25 16
17 17 28 24 5 25 16 17 17 28 7 17 28 24 5 25 16
17 17 28 24 5 25 16 17 17 28 7 28 24 5 25 16
17 17 28 24 5 25 16 17 17 28 24 7 28 24 5 25 16
17 17 7 17 28 24 5 25 16 17 17 28 24 5 25 16
17 17 28 7 17 28 24 5 25 16 17 17 28 24 5 25 16
17 17 28 7 28 24 5 25 16 17 17 28 24 5 25 16
17 17 28 24 7 28 24 5 25 16 17 17 28 24 5 25 16

10 21 19 20 6 5 23 10 21 19 20 6 5 23
10 21 19 20 6 5 23 10 21 7 21 19 20 6 5 23
10 21 19 20 6 5 23 10 21 19 7 21 19 20 6 5 23
10 21 19 20 6 5 23 10 21 19 7 19 20 6 5 23
10 21 19 20 6 5 23 10 21 19 20 7 19 20 6 5 23
10 21 7 21 19 20 6 5 23 10 21 19 20 6 5 23
10 21 19 7 21 19 20 6 5 23 10 21 19 20 6 5 23
10 21 19 7 19 20 6 5 23 10 21 19 20 6 5 23
10 21 19 20 7 19 20 6 5 23 10 21 19 20 6 5 23

12 30 14 30 14 11 18 12 30 14 30 14 11 18
12 30 14 30 14 11 18 12 30 15 30 14 30 14 11 18
12 30 14 30 14 11 18 12 30 14 15 30 14 30 14 11 18
12 30 14 30 14 11 18 12 30 14 15 14 30 14 11 18
12 30 14 30 14 11 18 12 30 14 30 15 14 30 14 11 18
12 30 15 30 14 30 14 11 18 12 30 14 30 14 11 18
12 30 14 15 30 14 30 14 11 18 12 30 14 30 14 11 18
12 30 14 15 14 30 14 11 18 12 30 14 30 14 11 18
12 30 14 30 15 14 30 14 11 18 12 30 14 30 14 11 18

23 13 26 16 28 9 29 23 13 26 16 28 9 29
23 13 26 16 28 9 29 23 13 11 13 26 16 28 9 29
23 13 26 16 28 9 29 23 13 26 11 13 26 16 28 9 29
23 13 26 16 28 9 29 23 13 26 11 26 16 28 9 29
23 13 26 16 28 9 29 23 13 26 16 11 26 16 28 9 29
23 13 11 13 26 16 28 9 29 23 13 26 16 28 9 29
23 13 26 11 13 26 16 28 9 29 23 13 26 16 28 9 29
23 13 26 11 26 16 28 9 29 23 13 26 16 28 9 29
23 13 26 16 11 26 16 28 9 29 23 13 26 16 28 9 29

16 8 13 26 21 12 13 16 8 13 26 21 12 13
16 8 13 26 21 12 13 16 8 18 8 13 26 21 12 13
16 8 13 26 21 12 13 16 8 13 18 8 13 26 21 12 13
16 8 13 26 21 12 13 16 8 13 18 13 26 21 12 13
16 8 13 26 21 12 13 16 8 13 26 18 13 26 21 12 13
16 8 18 8 13 26 21 12 13 16 8 13 26 21 12 13
16 8 13 18 8 13 26 21 12 13 16 8 13 26 21 12 13
16 8 13 18 13 26 21 12 13 16 8 13 26 21 12 13
16 8 13 26 18 13 26 21 12 13 16 8 13 26 21 12 13

23 20 21 23 26 17 19 23 20 21 23 26 17 19
23 20 21 23 26 17 19 23 20 11 20 21 23 26 17 19
23 20 21 23 26 17 19 23 20 21 11 20 21 23 26 17 19
23 20 21 23 26 17 19 23 20 21 11 21 23 26 17 19
23 20 21 23 26 17 19 23 20 21 23 11 21 23 26 17 19
23 20 11 20 21 23 26 17 19 23 20 21 23 26 17 19
23 20 21 11 20 21 23 26 17 19 23 20 21 23 26 17 19
23 20 21 11 21 23 26 17 19 23 20 21 23 26 17 19
23 20 21 23 11 21 23 26 17 19 23 20 21 23 26 17 19

12 13 29 16 27 19 11 12 13 29 16 27 19 11
12 13 29 16 27 19 11 12 13 11 13 29 16 27 19 11
12 13 29 16 27 19 11 12 13 29 11 13 29 16 27 19 11
12 13 29 16 27 19 11 12 13 29 11 29 16 27 19 11
12 13 29 16 27 19 11 12 13 29 16 11 29 16 27 19 11
12 13 11 13 29 16 27 19 11 12 13 29 16 27 19 11
12 13 29 11 13 29 16 27 19 11 12 13 29 16 27 19 11
12 13 29 11 29 16 27 19 11 12 13 29 16 27 19 11
12 13 29 16 11 29 16 27 19 11 12 13 29 16 27 19 11

6 22 8 24 17 5 30 6 22 8 24 17 5 30
6 22 8 24 17 5 30 6 22 15 22 8 24 17 5 30
6 22 8 24 17 5 30 6 22 8 15 22 8 24 17 5 30
6 22 8 24 17 5 30 6 22 8 15 8 24 17 5 30
6 22 8 24 17 5 30 6 22 8 24 15 8 24 17 5 30
6 22 15 22 8 24 17 5 30 6 22 8 24 17 5 30
6 22 8 15 22 8 24 17 5 30 6 22 8 24 17 5 30
6 22 8 15 8 24 17 5 30 6 22 8 24 17 5 30
6 22 8 24 15 8 24 17 5 30 6 22 8 24 17 5 30

21 15 20 30 22 16 17 21 15 20 30 22 16 17
21 15 20 30 22 16 17 21 15 10 15 20 30 22 16 17
21 15 20 30 22 16 17 21 15 20 10 15 20 30 22 16 17
21 15 20 30 22 16 17 21 15 20 10 20 30 22 16 17
21 15 20 30 22 16 17 21 15 20 30 10 20 30 22 16 17
21 15 10 15 20 30 22 16 17 21 15 20 30 22 16 17
21 15 20 10 15 20 30 22 16 17 21 15 20 30 22 16 17
21 15 20 10 20 30 22 16 17 21 15 20 30 22 16 17
21 15 20 30 10 20 30 22 16 17 21 15 20 30 22 16 17

29 17 14 24 23 14 5 29 17 14 24 23 14 5
29 17 14 24 23 14 5 29 17 5 17 14 24 23 14 5
29 17 14 24 23 14 5 29 17 14 5 17 14 24 23 14 5
29 17 14 24 23 14 5 29 17 14 5 14 24 23 14 5
29 17 14 24 23 14 5 29 17 14 24 5 14 24 23 14 5
29 17 5 17 14 24 23 14 5 29 17 14 24 23 14 5
29 17 14 5 17 14 24 23 14 5 29 17 14 24 23 14 5
29 17 14 5 14 24 23 14 5 29 17 14 24 23 14 5
29 17 14 24 5 14 24 23 14 5 29 17 14 24 23 14 5

22 24 10 6 22 19 28 22 24 10 6 22 19 28
22 24 10 6 22 19 28 22 24 6 24 10 6 22 19 28
22 24 10 6 22 19 28 22 24 10 6 24 10 6 22 19 28
22 24 10 6 22 19 28 22 24 10 6 10 6 22 19 28
22 24 10 6 22 19 28 22 24 10 6 6 10 6 22 19 28
22 24 6 24 10 6 22 19 28 22 24 10 6 22 19 28
22 24 10 6 24 10 6 22 19 28 22 24 10 6 22 19 28
22 24 10 6 10 6 22 19 28 22 24 10 6 22 19 28
22 24 10 6 6 10 6 22 19 28 22 24 10 6 22 19 28

23 21 14 28 27 12 22 23 21 14 28 27 12 22
23 21 14 28 27 12 22 23 21 10 21 14 28 27 12 22
23 21 14 28 27 12 22 23 21 14 10 21 14 28 27 12 22
23 21 14 28 27 12 22 23 21 14 10 14 28 27 12 22
23 21 14 28 27 12 22 23 21 14 28 10 14 28 27 12 22
23 21 10 21 14 28 27 12 22 23 21 14 28 27 12 22
23 21 14 10 21 14 28 27 12 22 23 21 14 28 27 12 22
23 21 14 10 14 28 27 12 22 23 21 14 28 27 12 22
23 21 14 28 10 14 28 27 12 22 23 21 14 28 27 12 22

20 11 8 17 5 27 15 20 11 8 17 5 27 15
20 11 8 17 5 27 15 20 11 20 11 8 17 5 27 15
20 11 8 17 5 27 15 20 11 8 20 11 8 17 5 27 15
20 11 8 17 5 27 15 20 11 8 20 8 17 5 27 15
20 11 8 17 5 27 15 20 11 8 17 20 8 17 5 27 15
20 11 20 11 8 17 5 27 15 20 11 8 17 5 27 15
20 11 8 20 11 8 17 5 27 15 20 11 8 17 5 27 15
20 11 8 20 8 17 5 27 15 20 11 8 17 5 27 15
20 11 8 17 20 8 17 5 27 15 20 11 8 17 5 27 15

26 9 7 30 23 13 27 26 9 7 30 23 13 27
26 9 7 30 23 13 27 26 9 11 9 7 30 23 13 27
26 9 7 30 23 13 27 26 9 7 11 9 7 30 23 13 27
26 9 7 30 23 13 27 26 9 7 11 7 30 23 13 27
26 9 7 30 23 13 27 26 9 7 30 11 7 30 23 13 27
26 9 11 9 7 30 23 13 27 26 9 7 30 23 13 27
26 9 7 11 9 7 30 23 13 27 26 9 7 30 23 13 27
26 9 7 11 7 30 23 13 27 26 9 7 30 23 13 27
26 9 7 30 11 7 30 23 13 27 26 9 7 30 23 13 27

20 28 5 30 7 11 14 20 28 5 30 7 11 14
20 28 5 30 7 11 14 20 28 7 28 5 30 7 11 14
20 28 5 30 7 11 14 20 28 5 7 28 5 30 7 11 14
20 28 5 30 7 11 14 20 28 5 7 5 30 7 11 14
20 28 5 30 7 11 14 20 28 5 30 7 5 30 7 11 14
20 28 7 28 5 30 7 11 14 20 28 5 30 7 11 14
20 28 5 7 28 5 30 7 11 14 20 28 5 30 7 11 14
20 28 5 7 5 30 7 11 14 20 28 5 30 7 11 14
20 28 5 30 7 5 30 7 11 14 20 28 5 30 7 11 14

30 7 19 15 27 14 6 30 7 19 15 27 14 6
30 7 19 15 27 14 6 30 7 18 7 19 15 27 14 6
30 7 19 15 27 14 6 30 7 19 18 7 19 15 27 14 6
30 7 19 15 27 14 6 30 7 19 18 19 15 27 14 6
30 7 19 15 27 14 6 30 7 19 15 18 19 15 27 14 6
30 7 18 7 19 15 27 14 6 30 7 19 15 27 14 6
30 7 19 18 7 19 15 27 14 6 30 7 19 15 27 14 6
30 7 19 18 19 15 27 14 6 30 7 19 15 27 14 6
30 7 19 15 18 19 15 27 14 6 30 7 19 15 27 14 6

10 12 8 29 23 9 7 10 12 8 29 23 9 7
10 12 8 29 23 9 7 10 12 5 12 8 29 23 9 7
10 12 8 29 23 9 7 10 12 8 5 12 8 29 23 9 7
10 12 8 29 23 9 7 10 12 8 5 8 29 23 9 7
10 12 8 29 23 9 7 10 12 8 29 5 8 29 23 9 7
10 12 5 12 8 29 23 9 7 10 12 8 29 23 9 7
10 12 8 5 12 8 29 23 9 7 10 12 8 29 23 9 7
10 12 8 5 8 29 23 9 7 10 12 8 29 23 9 7
10 12 8 29 5 8 29 23 9 7 10 12 8 29 23 9 7

21 7 10 13 22 29 23 21 7 10 13 22 29 23
21 7 10 13 22 29 23 21 7 19 7 10 13 22 29 23
21 7 10 13 22 29 23 21 7 10 19 7 10 13 22 29 23
21 7 10 13 22 29 23 21 7 10 19 10 13 22 29 23
21 7 10 13 22 29 23 21 7 10 13 19 10 13 22 29 23
21 7 19 7 10 13 22 29 23 21 7 10 13 22 29 23
21 7 10 19 7 10 13 22 29 23 21 7 10 13 22 29 23
21 7 10 19 10 13 22 29 23 21 7 10 13 22 29 23
21 7 10 13 19 10 13 22 29 23 21 7 10 13 22 29 23

8 10 19 28 20 15 29 8 10 19 28 20 15 29
8 10 19 28 20 15 29 8 10 7 10 19 28 20 15 29
8 10 19 28 20 15 29 8 10 19 7 10 19 28 20 15 29
8 10 19 28 20 15 29 8 10 19 7 19 28 20 15 29
8 10 19 28 20 15 29 8 10 19 28 7 19 28 20 15 29
8 10 7 10 19 28 20 15 29 8 10 19 28 20 15 29
8 10 19 7 10 19 28 20 15 29 8 10 19 28 20 15 29
8 10 19 7 19 28 20 15 29 8 10 19 28 20 15 29
8 10 19 28 7 19 28 20 15 29 8 10 19 28 20 15 29

11 19 5 22 28 28 18 11 19 5 22 28 28 18
11 19 5 22 28 28 18 11 19 18 19 5 22 28 28 18
11 19 5 22 28 28 18 11 19 5 18 19 5 22 28 28 18
11 19 5 22 28 28 18 11 19 5 18 5 22 28 28 18
11 19 5 22 28 28 18 11 19 5 22 18 5 22 28 28 18
11 19 18 19 5 22 28 28 18 11 19 5 22 28 28 18
11 19 5 18 19 5 22 28 28 18 11 19 5 22 28 28 18
11 19 5 18 5 22 28 28 18 11 19 5 22 28 28 18
11 19 5 22 18 5 22 28 28 18 11 19 5 22 28 28 18

25 23 8 8 20 17 22 25 23 8 8 20 17 22
25 23 8 8 20 17 22 25 23 10 23 8 8 20 17 22
25 23 8 8 20 17 22 25 23 8 10 23 8 8 20 17 22
25 23 8 8 20 17 22 25 23 8 10 8 8 20 17 22
25 23 8 8 20 17 22 25 23 8 8 10 8 8 20 17 22
25 23 10 23 8 8 20 17 22 25 23 8 8 20 17 22
25 23 8 10 23 8 8 20 17 22 25 23 8 8 20 17 22
25 23 8 10 8 8 20 17 22 25 23 8 8 20 17 22
25 23 8 8 10 8 8 20 17 22 25 23 8 8 20 17 22

15 13 14 7 26 21 6 15 13 14 7 26 21 6
15 13 14 7 26 21 6 15 13 11 13 14 7 26 21 6
15 13 14 7 26 21 6 15 13 14 11 13 14 7 26 21 6
15 13 14 7 26 21 6 15 13 14 11 14 7 26 21 6
15 13 14 7 26 21 6 15 13 14 7 11 14 7 26 21 6
15 13 11 13 14 7 26 21 6 15 13 14 7 26 21 6
15 13 14 11 13 14 7 26 21 6 15 13 14 7 26 21 6
15 13 14 11 14 7 26 21 6 15 13 14 7 26 21 6
15 13 14 7 11 14 7 26 21 6 15 13 14 7 26 21 6

21 8 18 7 22 15 9 21 8 18 7 22 15 9
21 8 18 7 22 15 9 21 8 11 8 18 7 22 15 9
21 8 18 7 22 15 9 21 8 18 11 8 18 7 22 15 9
21 8 18 7 22 15 9 21 8 18 11 18 7 22 15 9
21 8 18 7 22 15 9 21 8 18 7 11 18 7 22 15 9
21 8 11 8 18 7 22 15 9 21 8 18 7 22 15 9
21 8 18 11 8 18 7 22 15 9 21 8 18 7 22 15 9
21 8 18 11 18 7 22 15 9 21 8 18 7 22 15 9
21 8 18 7 11 18 7 22 15 9 21 8 18 7 22 15 9

24 18 27 26 20 26 22 24 18 27 26 20 26 22
24 18 27 26 20 26 22 24 18 9 18 27 26 20 26 22
24 18 27 26 20 26 22 24 18 27 9 18 27 26 20 26 22
24 18 27 26 20 26 22 24 18 27 9 27 26 20 26 22
24 18 27 26 20 26 22 24 18 27 26 9 27 26 20 26 22
24 18 9 18 27 26 20 26 22 24 18 27 26 20 26 22
24 18 27 9 18 27 26 20 26 22 24 18 27 26 20 26 22
24 18 27 9 27 26 20 26 22 24 18 27 26 20 26 22
24 18 27 26 9 27 26 20 26 22 24 18 27 26 20 26 22

14 21 17 5 8 27 21 14 21 17 5 8 27 21
14 21 17 5 8 27 21 14 21 9 21 17 5 8 27 21
14 21 17 5 8 27 21 14 21 17 9 21 17 5 8 27 21
14 21 17 5 8 27 21 14 21 17 9 17 5 8 27 21
14 21 17 5 8 27 21 14 21 17 5 9 17 5 8 27 21
14 21 9 21 17 5 8 27 21 14 21 17 5 8 27 21
14 21 17 9 21 17 5 8 27 21 14 21 17 5 8 27 21
14 21 17 9 17 5 8 27 21 14 21 17 5 8 27 21
14 21 17 5 9 17 5 8 27 21 14 21 17 5 8 27 21

25 18 30 16 22 5 6 25 18 30 16 22 5 6
25 18 30 16 22 5 6 25 18 7 18 30 16 22 5 6
25 18 30 16 22 5 6 25 18 30 7 18 30 16 22 5 6
25 18 30 16 22 5 6 25 18 30 7 30 16 22 5 6
25 18 30 16 22 5 6 25 18 30 16 7 30 16 22 5 6
25 18 7 18 30 16 22 5 6 25 18 30 16 22 5 6
25 18 30 7 18 30 16 22 5 6 25 18 30 16 22 5 6
25 18 30 7 30 16 22 5 6 25 18 30 16 22 5 6
25 18 30 16 7 30 16 22 5 6 25 18 30 16 22 5 6

26 30 6 23 12 14 26 26 30 6 23 12 14 26
26 30 6 23 12 14 26 26 30 7 30 6 23 12 14 26
26 30 6 23 12 14 26 26 30 6 7 30 6 23 12 14 26
26 30 6 23 12 14 26 26 30 6 7 6 23 12 14 26
26 30 6 23 12 14 26 26 30 6 23 7 6 23 12 14 26
26 30 7 30 6 23 12 14 26 26 30 6 23 12 14 26
26 30 6 7 30 6 23 12 14 26 26 30 6 23 12 14 26
26 30 6 7 6 23 12 14 26 26 30 6 23 12 14 26
26 30 6 23 7 6 23 12 14 26 26 30 6 23 12 14 26

14 26 26 28 8 26 8 14 26 26 28 8 26 8
14 26 26 28 8 26 8 14 26 20 26 26 28 8 26 8
14 26 26 28 8 26 8 14 26 26 20 26 26 28 8 26 8
14 26 26 28 8 26 8 14 26 26 20 26 28 8 26 8
14 26 26 28 8 26 8 14 26 26 28 20 26 28 8 26 8
14 26 20 26 26 28 8 26 8 14 26 26 28 8 26 8
14 26 26 20 26 26 28 8 26 8 14 26 26 28 8 26 8
14 26 26 20 26 28 8 26 8 14 26 26 28 8 26 8
14 26 26 28 20 26 28 8 26 8 14 26 26 28 8 26 8

20 23 25 30 11 21 13 20 23 25 30 11 21 13
20 23 25 30 11 21 13 20 23 18 23 25 30 11 21 13
20 23 25 30 11 21 13 20 23 25 18 23 25 30 11 21 13
20 23 25 30 11 21 13 20 23 25 18 25 30 11 21 13
20 23 25 30 11 21 13 20 23 25 30 18 25 30 11 21 13
20 23 18 23 25 30 11 21 13 20 23 25 30 11 21 13
20 23 25 18 23 25 30 11 21 13 20 23 25 30 11 21 13
20 23 25 18 25 30 11 21 13 20 23 25 30 11 21 13
20 23 25 30 18 25 30 11 21 13 20 23 25 30 11 21 13

28 27 25 17 30 14 8 28 27 25 17 30 14 8
28 27 25 17 30 14 8 28 27 7 27 25 17 30 14 8
28 27 25 17 30 14 8 28 27 25 7 27 25 17 30 14 8
28 27 25 17 30 14 8 28 27 25 7 25 17 30 14 8
28 27 25 17 30 14 8 28 27 25 17 7 25 17 30 14 8
28 27 7 27 25 17 30 14 8 28 27 25 17 30 14 8
28 27 25 7 27 25 17 30 14 8 28 27 25 17 30 14 8
28 27 25 7 25 17 30 14 8 28 27 25 17 30 14 8
28 27 25 17 7 25 17 30 14 8 28 27 25 17 30 14 8

25 16 30 26 12 14 12 25 16 30 26 12 14 12
25 16 30 26 12 14 12 25 16 9 16 30 26 12 14 12
25 16 30 26 12 14 12 25 16 30 9 16 30 26 12 14 12
25 16 30 26 12 14 12 25 16 30 9 30 26 12 14 12
25 16 30 26 12 14 12 25 16 30 26 9 30 26 12 14 12
25 16 9 16 30 26 12 14 12 25 16 30 26 12 14 12
25 16 30 9 16 30 26 12 14 12 25 16 30 26 12 14 12
25 16 30 9 30 26 12 14 12 25 16 30 26 12 14 12
25 16 30 26 9 30 26 12 14 12 25 16 30 26 12 14 12

26 26 26 16 10 8 17 26 26 26 16 10 8 17
26 26 26 16 10 8 17 26 26 8 26 26 16 10 8 17
26 26 26 16 10 8 17 26 26 26 8 26 26 16 10 8 17
26 26 26 16 10 8 17 26 26 26 8 26 16 10 8 17
26 26 26 16 10 8 17 26 26 26 16 8 26 16 10 8 17
26 26 8 26 26 16 10 8 17 26 26 26 16 10 8 17
26 26 26 8 26 26 16 10 8 17 26 26 26 16 10 8 17
26 26 26 8 26 16 10 8 17 26 26 26 16 10 8 17
26 26 26 16 8 26 16 10 8 17 26 26 26 16 10 8 17

22 17 5 15 29 9 6 22 17 5 15 29 9 6
22 17 5 15 29 9 6 22 17 9 17 5 15 29 9 6
22 17 5 15 29 9 6 22 17 5 9 17 5 15 29 9 6
22 17 5 15 29 9 6 22 17 5 9 5 15 29 9 6
22 17 5 15 29 9 6 22 17 5 15 9 5 15 29 9 6
22 17 9 17 5 15 29 9 6 22 17 5 15 29 9 6
22 17 5 9 17 5 15 29 9 6 22 17 5 15 29 9 6
22 17 5 9 5 15 29 9 6 22 17 5 15 29 9 6
22 17 5 15 9 5 15 29 9 6 22 17 5 15 29 9 6

25 26 24 26 30 14 9 25 26 24 26 30 14 9
25 26 24 26 30 14 9 25 26 8 26 24 26 30 14 9
25 26 24 26 30 14 9 25 26 24 8 26 24 26 30 14 9
25 26 24 26 30 14 9 25 26 24 8 24 26 30 14 9
25 26 24 26 30 14 9 25 26 24 26 8 24 26 30 14 9
25 26 8 26 24 26 30 14 9 25 26 24 26 30 14 9
25 26 24 8 26 24 26 30 14 9 25 26 24 26 30 14 9
25 26 24 8 24 26 30 14 9 25 26 24 26 30 14 9
25 26 24 26 8 24 26 30 14 9 25 26 24 26 30 14 9

29 12 25 6 18 19 29 29 12 25 6 18 19 29
29 12 25 6 18 19 29 29 12 10 12 25 6 18 19 29
29 12 25 6 18 19 29 29 12 25 10 12 25 6 18 19 29
29 12 25 6 18 19 29 29 12 25 10 25 6 18 19 29
29 12 25 6 18 19 29 29 12 25 6 10 25 6 18 19 29
29 12 10 12 25 6 18 19 29 29 12 25 6 18 19 29
29 12 25 10 12 25 6 18 19 29 29 12 25 6 18 19 29
29 12 25 10 25 6 18 19 29 29 12 25 6 18 19 29
29 12 25 6 10 25 6 18 19 29 29 12 25 6 18 19 29

19 28 13 18 26 20 5 19 28 13 18 26 20 5
19 28 13 18 26 20 5 19 28 11 28 13 18 26 20 5
19 28 13 18 26 20 5 19 28 13 11 28 13 18 26 20 5
19 28 13 18 26 20 5 19 28 13 11 13 18 26 20 5
19 28 13 18 26 20 5 19 28 13 18 11 13 18 26 20 5
19 28 11 28 13 18 26 20 5 19 28 13 18 26 20 5
19 28 13 11 28 13 18 26 20 5 19 28 13 18 26 20 5
19 28 13 11 13 18 26 20 5 19 28 13 18 26 20 5
19 28 13 18 11 13 18 26 20 5 19 28 13 18 26 20 5

9 27 8 27 19 24 8 9 27 8 27 19 24 8
9 27 8 27 19 24 8 9 27 17 27 8 27 19 24 8
9 27 8 27 19 24 8 9 27 8 17 27 8 27 19 24 8
9 27 8 27 19 24 8 9 27 8 17 8 27 19 24 8
9 27 8 27 19 24 8 9 27 8 27 17 8 27 19 24 8
9 27 17 27 8 27 19 24 8 9 27 8 27 19 24 8
9 27 8 17 27 8 27 19 24 8 9 27 8 27 19 24 8
9 27 8 17 8 27 19 24 8 9 27 8 27 19 24 8
9 27 8 27 17 8 27 19 24 8 9 27 8 27 19 24 8

18 22 19 5 22 18 27 18 22 19 5 22 18 27
18 22 19 5 22 18 27 18 22 15 22 19 5 22 18 27
18 22 19 5 22 18 27 18 22 19 15 22 19 5 22 18 27
18 22 19 5 22 18 27 18 22 19 15 19 5 22 18 27
18 22 19 5 22 18 27 18 22 19 5 15 19 5 22 18 27
18 22 15 22 19 5 22 18 27 18 22 19 5 22 18 27
18 22 19 15 22 19 5 22 18 27 18 22 19 5 22 18 27
18 22 19 15 19 5 22 18 27 18 22 19 5 22 18 27
18 22 19 5 15 19 5 22 18 27 18 22 19 5 22 18 27

18 9 11 26 17 29 9 18 9 11 26 17 29 9
18 9 11 26 17 29 9 18 9 9 9 11 26 17 29 9
18 9 11 26 17 29 9 18 9 11 9 9 11 26 17 29 9
18 9 11 26 17 29 9 18 9 11 9 11 26 17 29 9
18 9 11 26 17 29 9 18 9 11 26 9 11 26 17 29 9
18 9 9 9 11 26 17 29 9 18 9 11 26 17 29 9
18 9 11 9 9 11 26 17 29 9 18 9 11 26 17 29 9
18 9 11 9 11 26 17 29 9 18 9 11 26 17 29 9
18 9 11 26 9 11 26 17 29 9 18 9 11 26 17 29 9

18 13 10 25 19 29 23 18 13 10 25 19 29 23
18 13 10 25 19 29 23 18 13 15 13 10 25 19 29 23
18 13 10 25 19 29 23 18 13 10 15 13 10 25 19 29 23
18 13 10 25 19 29 23 18 13 10 15 10 25 19 29 23
18 13 10 25 19 29 23 18 13 10 25 15 10 25 19 29 23
18 13 15 13 10 25 19 29 23 18 13 10 25 19 29 23
18 13 10 15 13 10 25 19 29 23 18 13 10 25 19 29 23
18 13 10 15 10 25 19 29 23 18 13 10 25 19 29 23
18 13 10 25 15 10 25 19 29 23 18 13 10 25 19 29 23

22 12 23 29 11 28 29 22 12 23 29 11 28 29
22 12 23 29 11 28 29 22 12 7 12 23 29 11 28 29
22 12 23 29 11 28 29 22 12 23 7 12 23 29 11 28 29
22 12 23 29 11 28 29 22 12 23 7 23 29 11 28 29
22 12 23 29 11 28 29 22 12 23 29 7 23 29 11 28 29
22 12 7 12 23 29 11 28 29 22 12 23 29 11 28 29
22 12 23 7 12 23 29 11 28 29 22 12 23 29 11 28 29
22 12 23 7 23 29 11 28 29 22 12 23 29 11 28 29
22 12 23 29 7 23 29 11 28 29 22 12 23 29 11 28 29

27 5 25 27 23 13 5 27 5 25 27 23 13 5
27 5 25 27 23 13 5 27 5 16 5 25 27 23 13 5
27 5 25 27 23 13 5 27 5 25 16 5 25 27 23 13 5
27 5 25 27 23 13 5 27 5 25 16 25 27 23 13 5
27 5 25 27 23 13 5 27 5 25 27 16 25 27 23 13 5
27 5 16 5 25 27 23 13 5 27 5 25 27 23 13 5
27 5 25 16 5 25 27 23 13 5 27 5 25 27 23 13 5
27 5 25 16 25 27 23 13 5 27 5 25 27 23 13 5
27 5 25 27 16 25 27 23 13 5 27 5 25 27 23 13 5

5 12 25 23 25 21 9 5 12 25 23 25 21 9
5 12 25 23 25 21 9 5 12 16 12 25 23 25 21 9
5 12 25 23 25 21 9 5 12 25 16 12 25 23 25 21 9
5 12 25 23 25 21 9 5 12 25 16 25 23 25 21 9
5 12 25 23 25 21 9 5 12 25 23 16 25 23 25 21 9
5 12 16 12 25 23 25 21 9 5 12 25 23 25 21 9
5 12 25 16 12 25 23 25 21 9 5 12 25 23 25 21 9
5 12 25 16 25 23 25 21 9 5 12 25 23 25 21 9
5 12 25 23 16 25 23 25 21 9 5 12 25 23 25 21 9

25 26 14 13 25 26 13 25 26 14 13 25 26 13
25 26 14 13 25 26 13 25 26 6 26 14 13 25 26 13
25 26 14 13 25 26 13 25 26 14 6 26 14 13 25 26 13
25 26 14 13 25 26 13 25 26 14 6 14 13 25 26 13
25 26 14 13 25 26 13 25 26 14 13 6 14 13 25 26 13
25 26 6 26 14 13 25 26 13 25 26 14 13 25 26 13
25 26 14 6 26 14 13 25 26 13 25 26 14 13 25 26 13
25 26 14 6 14 13 25 26 13 25 26 14 13 25 26 13
25 26 14 13 6 14 13 25 26 13 25 26 14 13 25 26 13

28 15 24 11 28 12 5 28 15 24 11 28 12 5
28 15 24 11 28 12 5 28 15 11 15 24 11 28 12 5
28 15 24 11 28 12 5 28 15 24 11 15 24 11 28 12 5
28 15 24 11 28 12 5 28 15 24 11 24 11 28 12 5
28 15 24 11 28 12 5 28 15 24 11 11 24 11 28 12 5
28 15 11 15 24 11 28 12 5 28 15 24 11 28 12 5
28 15 24 11 15 24 11 28 12 5 28 15 24 11 28 12 5
28 15 24 11 24 11 28 12 5 28 15 24 11 28 12 5
28 15 24 11 11 24 11 28 12 5 28 15 24 11 28 12 5

24 29 18 22 26 24 29 24 29 18 22 26 24 29
24 29 18 22 26 24 29 24 29 7 29 18 22 26 24 29
24 29 18 22 26 24 29 24 29 18 7 29 18 22 26 24 29
24 29 18 22 26 24 29 24 29 18 7 18 22 26 24 29
24 29 18 22 26 24 29 24 29 18 22 7 18 22 26 24 29
24 29 7 29 18 22 26 24 29 24 29 18 22 26 24 29
24 29 18 7 29 18 22 26 24 29 24 29 18 22 26 24 29
24 29 18 7 18 22 26 24 29 24 29 18 22 26 24 29
24 29 18 22 7 18 22 26 24 29 24 29 18 22 26 24 29

30 22 27 8 28 13 23 30 22 27 8 28 13 23
30 22 27 8 28 13 23 30 22 10 22 27 8 28 13 23
30 22 27 8 28 13 23 30 22 27 10 22 27 8 28 13 23
30 22 27 8 28 13 23 30 22 27 10 27 8 28 13 23
30 22 27 8 28 13 23 30 22 27 8 10 27 8 28 13 23
30 22 10 22 27 8 28 13 23 30 22 27 8 28 13 23
30 22 27 10 22 27 8 28 13 23 30 22 27 8 28 13 23
30 22 27 10 27 8 28 13 23 30 22 27 8 28 13 23
30 22 27 8 10 27 8 28 13 23 30 22 27 8 28 13 23

17 11 9 8 9 6 23 17 11 9 8 9 6 23
17 11 9 8 9 6 23 17 11 8 11 9 8 9 6 23
17 11 9 8 9 6 23 17 11 9 8 11 9 8 9 6 23
17 11 9 8 9 6 23 17 11 9 8 9 8 9 6 23
17 11 9 8 9 6 23 17 11 9 8 8 9 8 9 6 23
17 11 8 11 9 8 9 6 23 17 11 9 8 9 6 23
17 11 9 8 11 9 8 9 6 23 17 11 9 8 9 6 23
17 11 9 8 9 8 9 6 23 17 11 9 8 9 6 23
17 11 9 8 8 9 8 9 6 23 17 11 9 8 9 6 23

25 6 24 18 29 15 13 25 6 24 18 29 15 13
25 6 24 18 29 15 13 25 6 17 6 24 18 29 15 13
25 6 24 18 29 15 13 25 6 24 17 6 24 18 29 15 13
25 6 24 18 29 15 13 25 6 24 17 24 18 29 15 13
25 6 24 18 29 15 13 25 6 24 18 17 24 18 29 15 13
25 6 17 6 24 18 29 15 13 25 6 24 18 29 15 13
25 6 24 17 6 24 18 29 15 13 25 6 24 18 29 15 13
25 6 24 17 24 18 29 15 13 25 6 24 18 29 15 13
25 6 24 18 17 24 18 29 15 13 25 6 24 18 29 15 13

19 6 29 14 21 6 22 19 6 29 14 21 6 22
19 6 29 14 21 6 22 19 6 9 6 29 14 21 6 22
19 6 29 14 21 6 22 19 6 29 9 6 29 14 21 6 22
19 6 29 14 21 6 22 19 6 29 9 29 14 21 6 22
19 6 29 14 21 6 22 19 6 29 14 9 29 14 21 6 22
19 6 9 6 29 14 21 6 22 19 6 29 14 21 6 22
19 6 29 9 6 29 14 21 6 22 19 6 29 14 21 6 22
19 6 29 9 29 14 21 6 22 19 6 29 14 21 6 22
19 6 29 14 9 29 14 21 6 22 19 6 29 14 21 6 22

6 14 5 7 25 14 6 6 14 5 7 25 14 6
6 14 5 7 25 14 6 6 14 10 14 5 7 25 14 6
6 14 5 7 25 14 6 6 14 5 10 14 5 7 25 14 6
6 14 5 7 25 14 6 6 14 5 10 5 7 25 14 6
6 14 5 7 25 14 6 6 14 5 7 10 5 7 25 14 6
6 14 10 14 5 7 25 14 6 6 14 5 7 25 14 6
6 14 5 10 14 5 7 25 14 6 6 14 5 7 25 14 6
6 14 5 10 5 7 25 14 6 6 14 5 7 25 14 6
6 14 5 7 10 5 7 25 14 6 6 14 5 7 25 14 6

30 30 24 8 23 9 9 30 30 24 8 23 9 9
30 30 24 8 23 9 9 30 30 15 30 24 8 23 9 9
30 30 24 8 23 9 9 30 30 24 15 30 24 8 23 9 9
30 30 24 8 23 9 9 30 30 24 15 24 8 23 9 9
30 30 24 8 23 9 9 30 30 24 8 15 24 8 23 9 9
30 30 15 30 24 8 23 9 9 30 30 24 8 23 9 9
30 30 24 15 30 24 8 23 9 9 30 30 24 8 23 9 9
30 30 24 15 24 8 23 9 9 30 30 24 8 23 9 9
30 30 24 8 15 24 8 23 9 9 30 30 24 8 23 9 9

12 30 8 30 5 8 29 12 30 8 30 5 8 29
12 30 8 30 5 8 29 12 30 13 30 8 30 5 8 29
12 30 8 30 5 8 29 12 30 8 13 30 8 30 5 8 29
12 30 8 30 5 8 29 12 30 8 13 8 30 5 8 29
12 30 8 30 5 8 29 12 30 8 30 13 8 30 5 8 29
12 30 13 30 8 30 5 8 29 12 30 8 30 5 8 29
12 30 8 13 30 8 30 5 8 29 12 30 8 30 5 8 29
12 30 8 13 8 30 5 8 29 12 30 8 30 5 8 29
12 30 8 30 13 8 30 5 8 29 12 30 8 30 5 8 29

28 11 9 5 9 16 9 28 11 9 5 9 16 9
28 11 9 5 9 16 9 28 11 10 11 9 5 9 16 9
28 11 9 5 9 16 9 28 11 9 10 11 9 5 9 16 9
28 11 9 5 9 16 9 28 11 9 10 9 5 9 16 9
28 11 9 5 9 16 9 28 11 9 5 10 9 5 9 16 9
28 11 10 11 9 5 9 16 9 28 11 9 5 9 16 9
28 11 9 10 11 9 5 9 16 9 28 11 9 5 9 16 9
28 11 9 10 9 5 9 16 9 28 11 9 5 9 16 9
28 11 9 5 10 9 5 9 16 9 28 11 9 5 9 16 9

19 9 10 25 26 22 21 19 9 10 25 26 22 21
19 9 10 25 26 22 21 19 9 9 9 10 25 26 22 21
19 9 10 25 26 22 21 19 9 10 9 9 10 25 26 22 21
19 9 10 25 26 22 21 19 9 10 9 10 25 26 22 21
19 9 10 25 26 22 21 19 9 10 25 9 10 25 26 22 21
19 9 9 9 10 25 26 22 21 19 9 10 25 26 22 21
19 9 10 9 9 10 25 26 22 21 19 9 10 25 26 22 21
19 9 10 9 10 25 26 22 21 19 9 10 25 26 22 21
19 9 10 25 9 10 25 26 22 21 19 9 10 25 26 22 21

7 21 10 28 21 17 29 7 21 10 28 21 17 29
7 21 10 28 21 17 29 7 21 12 21 10 28 21 17 29
7 21 10 28 21 17 29 7 21 10 12 21 10 28 21 17 29
7 21 10 28 21 17 29 7 21 10 12 10 28 21 17 29
7 21 10 28 21 17 29 7 21 10 28 12 10 28 21 17 29
7 21 12 21 10 28 21 17 29 7 21 10 28 21 17 29
7 21 10 12 21 10 28 21 17 29 7 21 10 28 21 17 29
7 21 10 12 10 28 21 17 29 7 21 10 28 21 17 29
7 21 10 28 12 10 28 21 17 29 7 21 10 28 21 17 29

10 10 21 23 7 18 17 10 10 21 23 7 18 17
10 10 21 23 7 18 17 10 10 8 10 21 23 7 18 17
10 10 21 23 7 18 17 10 10 21 8 10 21 23 7 18 17
10 10 21 23 7 18 17 10 10 21 8 21 23 7 18 17
10 10 21 23 7 18 17 10 10 21 23 8 21 23 7 18 17
10 10 8 10 21 23 7 18 17 10 10 21 23 7 18 17
10 10 21 8 10 21 23 7 18 17 10 10 21 23 7 18 17
10 10 21 8 21 23 7 18 17 10 10 21 23 7 18 17
10 10 21 23 8 21 23 7 18 17 10 10 21 23 7 18 17

29 19 27 20 7 22 27 29 19 27 20 7 22 27
29 19 27 20 7 22 27 29 19 16 19 27 20 7 22 27
29 19 27 20 7 22 27 29 19 27 16 19 27 20 7 22 27
29 19 27 20 7 22 27 29 19 27 16 27 20 7 22 27
29 19 27 20 7 22 27 29 19 27 20 16 27 20 7 22 27
29 19 16 19 27 20 7 22 27 29 19 27 20 7 22 27
29 19 27 16 19 27 20 7 22 27 29 19 27 20 7 22 27
29 19 27 16 27 20 7 22 27 29 19 27 20 7 22 27
29 19 27 20 16 27 20 7 22 27 29 19 27 20 7 22 27

20 21 29 9 5 20 5 20 21 29 9 5 20 5
20 21 29 9 5 20 5 20 21 14 21 29 9 5 20 5
20 21 29 9 5 20 5 20 21 29 14 21 29 9 5 20 5
20 21 29 9 5 20 5 20 21 29 14 29 9 5 20 5
20 21 29 9 5 20 5 20 21 29 9 14 29 9 5 20 5
20 21 14 21 29 9 5 20 5 20 21 29 9 5 20 5
20 21 29 14 21 29 9 5 20 5 20 21 29 9 5 20 5
20 21 29 14 29 9 5 20 5 20 21 29 9 5 20 5
20 21 29 9 14 29 9 5 20 5 20 21 29 9 5 20 5

6 23 26 30 12 9 27 6 23 26 30 12 9 27
6 23 26 30 12 9 27 6 23 15 23 26 30 12 9 27
6 23 26 30 12 9 27 6 23 26 15 23 26 30 12 9 27
6 23 26 30 12 9 27 6 23 26 15 26 30 12 9 27
6 23 26 30 12 9 27 6 23 26 30 15 26 30 12 9 27
6 23 15 23 26 30 12 9 27 6 23 26 30 12 9 27
6 23 26 15 23 26 30 12 9 27 6 23 26 30 12 9 27
6 23 26 15 26 30 12 9 27 6 23 26 30 12 9 27
6 23 26 30 15 26 30 12 9 27 6 23 26 30 12 9 27

17 13 8 6 19 6 15 17 13 8 6 19 6 15
17 13 8 6 19 6 15 17 13 9 13 8 6 19 6 15
17 13 8 6 19 6 15 17 13 8 9 13 8 6 19 6 15
17 13 8 6 19 6 15 17 13 8 9 8 6 19 6 15
17 13 8 6 19 6 15 17 13 8 6 9 8 6 19 6 15
17 13 9 13 8 6 19 6 15 17 13 8 6 19 6 15
17 13 8 9 13 8 6 19 6 15 17 13 8 6 19 6 15
17 13 8 9 8 6 19 6 15 17 13 8 6 19 6 15
17 13 8 6 9 8 6 19 6 15 17 13 8 6 19 6 15

21 21 19 12 23 15 10 21 21 19 12 23 15 10
21 21 19 12 23 15 10 21 21 6 21 19 12 23 15 10
21 21 19 12 23 15 10 21 21 19 6 21 19 12 23 15 10
21 21 19 12 23 15 10 21 21 19 6 19 12 23 15 10
21 21 19 12 23 15 10 21 21 19 12 6 19 12 23 15 10
21 21 6 21 19 12 23 15 10 21 21 19 12 23 15 10
21 21 19 6 21 19 12 23 15 10 21 21 19 12 23 15 10
21 21 19 6 19 12 23 15 10 21 21 19 12 23 15 10
21 21 19 12 6 19 12 23 15 10 21 21 19 12 23 15 10

24 23 17 27 21 26 28 24 23 17 27 21 26 28
24 23 17 27 21 26 28 24 23 9 23 17 27 21 26 28
24 23 17 27 21 26 28 24 23 17 9 23 17 27 21 26 28
24 23 17 27 21 26 28 24 23 17 9 17 27 21 26 28
24 23 17 27 21 26 28 24 23 17 27 9 17 27 21 26 28
24 23 9 23 17 27 21 26 28 24 23 17 27 21 26 28
24 23 17 9 23 17 27 21 26 28 24 23 17 27 21 26 28
24 23 17 9 17 27 21 26 28 24 23 17 27 21 26 28
24 23 17 27 9 17 27 21 26 28 24 23 17 27 21 26 28

24 6 24 21 7 23 23 24 6 24 21 7 23 23
24 6 24 21 7 23 23 24 6 6 6 24 21 7 23 23
24 6 24 21 7 23 23 24 6 24 6 6 24 21 7 23 23
24 6 24 21 7 23 23 24 6 24 6 24 21 7 23 23
24 6 24 21 7 23 23 24 6 24 21 6 24 21 7 23 23
24 6 6 6 24 21 7 23 23 24 6 24 21 7 23 23
24 6 24 6 6 24 21 7 23 23 24 6 24 21 7 23 23
24 6 24 6 24 21 7 23 23 24 6 24 21 7 23 23
24 6 24 21 6 24 21 7 23 23 24 6 24 21 7 23 23

25 16 22 13 11 29 26 25 16 22 13 11 29 26
25 16 22 13 11 29 26 25 16 13 16 22 13 11 29 26
25 16 22 13 11 29 26 25 16 22 13 16 22 13 11 29 26
25 16 22 13 11 29 26 25 16 22 13 22 13 11 29 26
25 16 22 13 11 29 26 25 16 22 13 13 22 13 11 29 26
25 16 13 16 22 13 11 29 26 25 16 22 13 11 29 26
25 16 22 13 16 22 13 11 29 26 25 16 22 13 11 29 26
25 16 22 13 22 13 11 29 26 25 16 22 13 11 29 26
25 16 22 13 13 22 13 11 29 26 25 16 22 13 11 29 26

17 5 21 28 27 18 25 17 5 21 28 27 18 25
17 5 21 28 27 18 25 17 5 6 5 21 28 27 18 25
17 5 21 28 27 18 25 17 5 21 6 5 21 28 27 18 25
17 5 21 28 27 18 25 17 5 21 6 21 28 27 18 25
17 5 21 28 27 18 25 17 5 21 28 6 21 28 27 18 25
17 5 6 5 21 28 27 18 25 17 5 21 28 27 18 25
17 5 21 6 5 21 28 27 18 25 17 5 21 28 27 18 25
17 5 21 6 21 28 27 18 25 17 5 21 28 27 18 25
17 5 21 28 6 21 28 27 18 25 17 5 21 28 27 18 25

17 12 12 12 16 27 29 17 12 12 12 16 27 29
17 12 12 12 16 27 29 17 12 9 12 12 12 16 27 29
17 12 12 12 16 27 29 17 12 12 9 12 12 12 16 27 29
17 12 12 12 16 27 29 17 12 12 9 12 12 16 27 29
17 12 12 12 16 27 29 17 12 12 12 9 12 12 16 27 29
17 12 9 12 12 12 16 27 29 17 12 12 12 16 27 29
17 12 12 9 12 12 12 16 27 29 17 12 12 12 16 27 29
17 12 12 9 12 12 16 27 29 17 12 12 12 16 27 29
17 12 12 12 9 12 12 16 27 29 17 12 12 12 16 27 29

8 29 23 11 15 19 16 8 29 23 11 15 19 16
8 29 23 11 15 19 16 8 29 7 29 23 11 15 19 16
8 29 23 11 15 19 16 8 29 23 7 29 23 11 15 19 16
8 29 23 11 15 19 16 8 29 23 7 23 11 15 19 16
8 29 23 11 15 19 16 8 29 23 11 7 23 11 15 19 16
8 29 7 29 23 11 15 19 16 8 29 23 11 15 19 16
8 29 23 7 29 23 11 15 19 16 8 29 23 11 15 19 16
8 29 23 7 23 11 15 19 16 8 29 23 11 15 19 16
8 29 23 11 7 23 11 15 19 16 8 29 23 11 15 19 16

23 21 24 24 30 22 9 23 21 24 24 30 22 9
23 21 24 24 30 22 9 23 21 18 21 24 24 30 22 9
23 21 24 24 30 22 9 23 21 24 18 21 24 24 30 22 9
23 21 24 24 30 22 9 23 21 24 18 24 24 30 22 9
23 21 24 24 30 22 9 23 21 24 24 18 24 24 30 22 9
23 21 18 21 24 24 30 22 9 23 21 24 24 30 22 9
23 21 24 18 21 24 24 30 22 9 23 21 24 24 30 22 9
23 21 24 18 24 24 30 22 9 23 21 24 24 30 22 9
23 21 24 24 18 24 24 30 22 9 23 21 24 24 30 22 9

14 24 28 14 29 11 14 14 24 28 14 29 11 14
14 24 28 14 29 11 14 14 24 13 24 28 14 29 11 14
14 24 28 14 29 11 14 14 24 28 13 24 28 14 29 11 14
14 24 28 14 29 11 14 14 24 28 13 28 14 29 11 14
14 24 28 14 29 11 14 14 24 28 14 13 28 14 29 11 14
14 24 13 24 28 14 29 11 14 14 24 28 14 29 11 14
14 24 28 13 24 28 14 29 11 14 14 24 28 14 29 11 14
14 24 28 13 28 14 29 11 14 14 24 28 14 29 11 14
14 24 28 14 13 28 14 29 11 14 14 24 28 14 29 11 14

29 12 20 8 18 5 20 29 12 20 8 18 5 20
29 12 20 8 18 5 20 29 12 20 12 20 8 18 5 20
29 12 20 8 18 5 20 29 12 20 20 12 20 8 18 5 20
29 12 20 8 18 5 20 29 12 20 20 20 8 18 5 20
29 12 20 8 18 5 20 29 12 20 8 20 20 8 18 5 20
29 12 20 12 20 8 18 5 20 29 12 20 8 18 5 20
29 12 20 20 12 20 8 18 5 20 29 12 20 8 18 5 20
29 12 20 20 20 8 18 5 20 29 12 20 8 18 5 20
29 12 20 8 20 20 8 18 5 20 29 12 20 8 18 5 20

12 18 28 26 27 21 30 12 18 28 26 27 21 30
12 18 28 26 27 21 30 12 18 7 18 28 26 27 21 30
12 18 28 26 27 21 30 12 18 28 7 18 28 26 27 21 30
12 18 28 26 27 21 30 12 18 28 7 28 26 27 21 30
12 18 28 26 27 21 30 12 18 28 26 7 28 26 27 21 30
12 18 7 18 28 26 27 21 30 12 18 28 26 27 21 30
12 18 28 7 18 28 26 27 21 30 12 18 28 26 27 21 30
12 18 28 7 28 26 27 21 30 12 18 28 26 27 21 30
12 18 28 26 7 28 26 27 21 30 12 18 28 26 27 21 30

19 17 11 25 27 29 29 19 17 11 25 27 29 29
19 17 11 25 27 29 29 19 17 10 17 11 25 27 29 29
19 17 11 25 27 29 29 19 17 11 10 17 11 25 27 29 29
19 17 11 25 27 29 29 19 17 11 10 11 25 27 29 29
19 17 11 25 27 29 29 19 17 11 25 10 11 25 27 29 29
19 17 10 17 11 25 27 29 29 19 17 11 25 27 29 29
19 17 11 10 17 11 25 27 29 29 19 17 11 25 27 29 29
19 17 11 10 11 25 27 29 29 19 17 11 25 27 29 29
19 17 11 25 10 11 25 27 29 29 19 17 11 25 27 29 29

28 16 23 22 18 29 29 28 16 23 22 18 29 29
28 16 23 22 18 29 29 28 16 19 16 23 22 18 29 29
28 16 23 22 18 29 29 28 16 23 19 16 23 22 18 29 29
28 16 23 22 18 29 29 28 16 23 19 23 22 18 29 29
28 16 23 22 18 29 29 28 16 23 22 19 23 22 18 29 29
28 16 19 16 23 22 18 29 29 28 16 23 22 18 29 29
28 16 23 19 16 23 22 18 29 29 28 16 23 22 18 29 29
28 16 23 19 23 22 18 29 29 28 16 23 22 18 29 29
28 16 23 22 19 23 22 18 29 29 28 16 23 22 18 29 29

13 22 23 12 7 5 9 13 22 23 12 7 5 9
13 22 23 12 7 5 9 13 22 19 22 23 12 7 5 9
13 22 23 12 7 5 9 13 22 23 19 22 23 12 7 5 9
13 22 23 12 7 5 9 13 22 23 19 23 12 7 5 9
13 22 23 12 7 5 9 13 22 23 12 19 23 12 7 5 9
13 22 19 22 23 12 7 5 9 13 22 23 12 7 5 9
13 22 23 19 22 23 12 7 5 9 13 22 23 12 7 5 9
13 22 23 19 23 12 7 5 9 13 22 23 12 7 5 9
13 22 23 12 19 23 12 7 5 9 13 22 23 12 7 5 9

22 25 16 12 29 22 30 22 25 16 12 29 22 30
22 25 16 12 29 22 30 22 25 12 25 16 12 29 22 30
22 25 16 12 29 22 30 22 25 16 12 25 16 12 29 22 30
22 25 16 12 29 22 30 22 25 16 12 16 12 29 22 30
22 25 16 12 29 22 30 22 25 16 12 12 16 12 29 22 30
22 25 12 25 16 12 29 22 30 22 25 16 12 29 22 30
22 25 16 12 25 16 12 29 22 30 22 25 16 12 29 22 30
22 25 16 12 16 12 29 22 30 22 25 16 12 29 22 30
22 25 16 12 12 16 12 29 22 30 22 25 16 12 29 22 30

7 10 15 30 22 8 6 7 10 15 30 22 8 6
7 10 15 30 22 8 6 7 10 16 10 15 30 22 8 6
7 10 15 30 22 8 6 7 10 15 16 10 15 30 22 8 6
7 10 15 30 22 8 6 7 10 15 16 15 30 22 8 6
7 10 15 30 22 8 6 7 10 15 30 16 15 30 22 8 6
7 10 16 10 15 30 22 8 6 7 10 15 30 22 8 6
7 10 15 16 10 15 30 22 8 6 7 10 15 30 22 8 6
7 10 15 16 15 30 22 8 6 7 10 15 30 22 8 6
7 10 15 30 16 15 30 22 8 6 7 10 15 30 22 8 6

27 26 14 14 9 26 27 27 26 14 14 9 26 27
27 26 14 14 9 26 27 27 26 17 26 14 14 9 26 27
27 26 14 14 9 26 27 27 26 14 17 26 14 14 9 26 27
27 26 14 14 9 26 27 27 26 14 17 14 14 9 26 27
27 26 14 14 9 26 27 27 26 14 14 17 14 14 9 26 27
27 26 17 26 14 14 9 26 27 27 26 14 14 9 26 27
27 26 14 17 26 14 14 9 26 27 27 26 14 14 9 26 27
27 26 14 17 14 14 9 26 27 27 26 14 14 9 26 27
27 26 14 14 17 14 14 9 26 27 27 26 14 14 9 26 27

15 27 17 16 12 8 11 15 27 17 16 12 8 11
15 27 17 16 12 8 11 15 27 19 27 17 16 12 8 11
15 27 17 16 12 8 11 15 27 17 19 27 17 16 12 8 11
15 27 17 16 12 8 11 15 27 17 19 17 16 12 8 11
15 27 17 16 12 8 11 15 27 17 16 19 17 16 12 8 11
15 27 19 27 17 16 12 8 11 15 27 17 16 12 8 11
15 27 17 19 27 17 16 12 8 11 15 27 17 16 12 8 11
15 27 17 19 17 16 12 8 11 15 27 17 16 12 8 11
15 27 17 16 19 17 16 12 8 11 15 27 17 16 12 8 11

12 11 19 13 14 7 20 12 11 19 13 14 7 20
12 11 19 13 14 7 20 12 11 19 11 19 13 14 7 20
12 11 19 13 14 7 20 12 11 19 19 11 19 13 14 7 20
12 11 19 13 14 7 20 12 11 19 19 19 13 14 7 20
12 11 19 13 14 7 20 12 11 19 13 19 19 13 14 7 20
12 11 19 11 19 13 14 7 20 12 11 19 13 14 7 20
12 11 19 19 11 19 13 14 7 20 12 11 19 13 14 7 20
12 11 19 19 19 13 14 7 20 12 11 19 13 14 7 20
12 11 19 13 19 19 13 14 7 20 12 11 19 13 14 7 20

24 6 5 29 18 29 5 24 6 5 29 18 29 5
24 6 5 29 18 29 5 24 6 5 6 5 29 18 29 5
24 6 5 29 18 29 5 24 6 5 5 6 5 29 18 29 5
24 6 5 29 18 29 5 24 6 5 5 5 29 18 29 5
24 6 5 29 18 29 5 24 6 5 29 5 5 29 18 29 5
24 6 5 6 5 29 18 29 5 24 6 5 29 18 29 5
24 6 5 5 6 5 29 18 29 5 24 6 5 29 18 29 5
24 6 5 5 5 29 18 29 5 24 6 5 29 18 29 5
24 6 5 29 5 5 29 18 29 5 24 6 5 29 18 29 5

13 6 16 26 9 23 15 13 6 16 26 9 23 15
13 6 16 26 9 23 15 13 6 5 6 16 26 9 23 15
13 6 16 26 9 23 15 13 6 16 5 6 16 26 9 23 15
13 6 16 26 9 23 15 13 6 16 5 16 26 9 23 15
13 6 16 26 9 23 15 13 6 16 26 5 16 26 9 23 15
13 6 5 6 16 26 9 23 15 13 6 16 26 9 23 15
13 6 16 5 6 16 26 9 23 15 13 6 16 26 9 23 15
13 6 16 5 16 26 9 23 15 13 6 16 26 9 23 15
13 6 16 26 5 16 26 9 23 15 13 6 16 26 9 23 15

29 7 22 23 30 29 7 29 7 22 23 30 29 7
29 7 22 23 30 29 7 29 7 14 7 22 23 30 29 7
29 7 22 23 30 29 7 29 7 22 14 7 22 23 30 29 7
29 7 22 23 30 29 7 29 7 22 14 22 23 30 29 7
29 7 22 23 30 29 7 29 7 22 23 14 22 23 30 29 7
29 7 14 7 22 23 30 29 7 29 7 22 23 30 29 7
29 7 22 14 7 22 23 30 29 7 29 7 22 23 30 29 7
29 7 22 14 22 23 30 29 7 29 7 22 23 30 29 7
29 7 22 23 14 22 23 30 29 7 29 7 22 23 30 29 7

29 29 19 8 28 29 18 29 29 19 8 28 29 18
29 29 19 8 28 29 18 29 29 5 29 19 8 28 29 18
29 29 19 8 28 29 18 29 29 19 5 29 19 8 28 29 18
29 29 19 8 28 29 18 29 29 19 5 19 8 28 29 18
29 29 19 8 28 29 18 29 29 19 8 5 19 8 28 29 18
29 29 5 29 19 8 28 29 18 29 29 19 8 28 29 18
29 29 19 5 29 19 8 28 29 18 29 29 19 8 28 29 18
29 29 19 5 19 8 28 29 18 29 29 19 8 28 29 18
29 29 19 8 5 19 8 28 29 18 29 29 19 8 28 29 18

24 27 12 24 16 7 10 24 27 12 24 16 7 10
24 27 12 24 16 7 10 24 27 11 27 12 24 16 7 10
24 27 12 24 16 7 10 24 27 12 11 27 12 24 16 7 10
24 27 12 24 16 7 10 24 27 12 11 12 24 16 7 10
24 27 12 24 16 7 10 24 27 12 24 11 12 24 16 7 10
24 27 11 27 12 24 16 7 10 24 27 12 24 16 7 10
24 27 12 11 27 12 24 16 7 10 24 27 12 24 16 7 10
24 27 12 11 12 24 16 7 10 24 27 12 24 16 7 10
24 27 12 24 11 12 24 16 7 10 24 27 12 24 16 7 10

8 15 29 24 12 13 12 8 15 29 24 12 13 12
8 15 29 24 12 13 12 8 15 17 15 29 24 12 13 12
8 15 29 24 12 13 12 8 15 29 17 15 29 24 12 13 12
8 15 29 24 12 13 12 8 15 29 17 29 24 12 13 12
8 15 29 24 12 13 12 8 15 29 24 17 29 24 12 13 12
8 15 17 15 29 24 12 13 12 8 15 29 24 12 13 12
8 15 29 17 15 29 24 12 13 12 8 15 29 24 12 13 12
8 15 29 17 29 24 12 13 12 8 15 29 24 12 13 12
8 15 29 24 17 29 24 12 13 12 8 15 29 24 12 13 12

22 20 26 26 16 17 17 22 20 26 26 16 17 17
22 20 26 26 16 17 17 22 20 9 20 26 26 16 17 17
22 20 26 26 16 17 17 22 20 26 9 20 26 26 16 17 17
22 20 26 26 16 17 17 22 20 26 9 26 26 16 17 17
22 20 26 26 16 17 17 22 20 26 26 9 26 26 16 17 17
22 20 9 20 26 26 16 17 17 22 20 26 26 16 17 17
22 20 26 9 20 26 26 16 17 17 22 20 26 26 16 17 17
22 20 26 9 26 26 16 17 17 22 20 26 26 16 17 17
22 20 26 26 9 26 26 16 17 17 22 20 26 26 16 17 17

23 29 14 22 30 14 29 23 29 14 22 30 14 29
23 29 14 22 30 14 29 23 29 12 29 14 22 30 14 29
23 29 14 22 30 14 29 23 29 14 12 29 14 22 30 14 29
23 29 14 22 30 14 29 23 29 14 12 14 22 30 14 29
23 29 14 22 30 14 29 23 29 14 22 12 14 22 30 14 29
23 29 12 29 14 22 30 14 29 23 29 14 22 30 14 29
23 29 14 12 29 14 22 30 14 29 23 29 14 22 30 14 29
23 29 14 12 14 22 30 14 29 23 29 14 22 30 14 29
23 29 14 22 12 14 22 30 14 29 23 29 14 22 30 14 29

22 12 10 21 13 17 9 22 12 10 21 13 17 9
22 12 10 21 13 17 9 22 12 6 12 10 21 13 17 9
22 12 10 21 13 17 9 22 12 10 6 12 10 21 13 17 9
22 12 10 21 13 17 9 22 12 10 6 10 21 13 17 9
22 12 10 21 13 17 9 22 12 10 21 6 10 21 13 17 9
22 12 6 12 10 21 13 17 9 22 12 10 21 13 17 9
22 12 10 6 12 10 21 13 17 9 22 12 10 21 13 17 9
22 12 10 6 10 21 13 17 9 22 12 10 21 13 17 9
22 12 10 21 6 10 21 13 17 9 22 12 10 21 13 17 9

28 14 5 18 14 24 7 28 14 5 18 14 24 7
28 14 5 18 14 24 7 28 14 14 14 5 18 14 24 7
28 14 5 18 14 24 7 28 14 5 14 14 5 18 14 24 7
28 14 5 18 14 24 7 28 14 5 14 5 18 14 24 7
28 14 5 18 14 24 7 28 14 5 18 14 5 18 14 24 7
28 14 14 14 5 18 14 24 7 28 14 5 18 14 24 7
28 14 5 14 14 5 18 14 24 7 28 14 5 18 14 24 7
28 14 5 14 5 18 14 24 7 28 14 5 18 14 24 7
28 14 5 18 14 5 18 14 24 7 28 14 5 18 14 24 7

5 12 18 16 21 12 14 5 12 18 16 21 12 14
5 12 18 16 21 12 14 5 12 7 12 18 16 21 12 14
5 12 18 16 21 12 14 5 12 18 7 12 18 16 21 12 14
5 12 18 16 21 12 14 5 12 18 7 18 16 21 12 14
5 12 18 16 21 12 14 5 12 18 16 7 18 16 21 12 14
5 12 7 12 18 16 21 12 14 5 12 18 16 21 12 14
5 12 18 7 12 18 16 21 12 14 5 12 18 16 21 12 14
5 12 18 7 18 16 21 12 14 5 12 18 16 21 12 14
5 12 18 16 7 18 16 21 12 14 5 12 18 16 21 12 14

26 6 18 13 21 20 20 26 6 18 13 21 20 20
26 6 18 13 21 20 20 26 6 9 6 18 13 21 20 20
26 6 18 13 21 20 20 26 6 18 9 6 18 13 21 20 20
26 6 18 13 21 20 20 26 6 18 9 18 13 21 20 20
26 6 18 13 21 20 20 26 6 18 13 9 18 13 21 20 20
26 6 9 6 18 13 21 20 20 26 6 18 13 21 20 20
26 6 18 9 6 18 13 21 20 20 26 6 18 13 21 20 20
26 6 18 9 18 13 21 20 20 26 6 18 13 21 20 20
26 6 18 13 9 18 13 21 20 20 26 6 18 13 21 20 20

14 19 26 28 14 12 11 14 19 26 28 14 12 11
14 19 26 28 14 12 11 14 19 7 19 26 28 14 12 11
14 19 26 28 14 12 11 14 19 26 7 19 26 28 14 12 11
14 19 26 28 14 12 11 14 19 26 7 26 28 14 12 11
14 19 26 28 14 12 11 14 19 26 28 7 26 28 14 12 11
14 19 7 19 26 28 14 12 11 14 19 26 28 14 12 11
14 19 26 7 19 26 28 14 12 11 14 19 26 28 14 12 11
14 19 26 7 26 28 14 12 11 14 19 26 28 14 12 11
14 19 26 28 7 26 28 14 12 11 14 19 26 28 14 12 11

24 18 7 29 26 12 5 24 18 7 29 26 12 5
24 18 7 29 26 12 5 24 18 13 18 7 29 26 12 5
24 18 7 29 26 12 5 24 18 7 13 18 7 29 26 12 5
24 18 7 29 26 12 5 24 18 7 13 7 29 26 12 5
24 18 7 29 26 12 5 24 18 7 29 13 7 29 26 12 5
24 18 13 18 7 29 26 12 5 24 18 7 29 26 12 5
24 18 7 13 18 7 29 26 12 5 24 18 7 29 26 12 5
24 18 7 13 7 29 26 12 5 24 18 7 29 26 12 5
24 18 7 29 13 7 29 26 12 5 24 18 7 29 26 12 5

26 7 10 5 18 18 15 26 7 10 5 18 18 15
26 7 10 5 18 18 15 26 7 9 7 10 5 18 18 15
26 7 10 5 18 18 15 26 7 10 9 7 10 5 18 18 15
26 7 10 5 18 18 15 26 7 10 9 10 5 18 18 15
26 7 10 5 18 18 15 26 7 10 5 9 10 5 18 18 15
26 7 9 7 10 5 18 18 15 26 7 10 5 18 18 15
26 7 10 9 7 10 5 18 18 15 26 7 10 5 18 18 15
26 7 10 9 10 5 18 18 15 26 7 10 5 18 18 15
26 7 10 5 9 10 5 18 18 15 26 7 10 5 18 18 15

24 12 20 27 19 18 27 24 12 20 27 19 18 27
24 12 20 27 19 18 27 24 12 6 12 20 27 19 18 27
24 12 20 27 19 18 27 24 12 20 6 12 20 27 19 18 27
24 12 20 27 19 18 27 24 12 20 6 20 27 19 18 27
24 12 20 27 19 18 27 24 12 20 27 6 20 27 19 18 27
24 12 6 12 20 27 19 18 27 24 12 20 27 19 18 27
24 12 20 6 12 20 27 19 18 27 24 12 20 27 19 18 27
24 12 20 6 20 27 19 18 27 24 12 20 27 19 18 27
24 12 20 27 6 20 27 19 18 27 24 12 20 27 19 18 27

20 5 7 22 25 19 14 20 5 7 22 25 19 14
20 5 7 22 25 19 14 20 5 15 5 7 22 25 19 14
20 5 7 22 25 19 14 20 5 7 15 5 7 22 25 19 14
20 5 7 22 25 19 14 20 5 7 15 7 22 25 19 14
20 5 7 22 25 19 14 20 5 7 22 15 7 22 25 19 14
20 5 15 5 7 22 25 19 14 20 5 7 22 25 19 14
20 5 7 15 5 7 22 25 19 14 20 5 7 22 25 19 14
20 5 7 15 7 22 25 19 14 20 5 7 22 25 19 14
20 5 7 22 15 7 22 25 19 14 20 5 7 22 25 19 14

30 10 10 22 30 8 14 30 10 10 22 30 8 14
30 10 10 22 30 8 14 30 10 6 10 10 22 30 8 14
30 10 10 22 30 8 14 30 10 10 6 10 10 22 30 8 14
30 10 10 22 30 8 14 30 10 10 6 10 22 30 8 14
30 10 10 22 30 8 14 30 10 10 22 6 10 22 30 8 14
30 10 6 10 10 22 30 8 14 30 10 10 22 30 8 14
30 10 10 6 10 10 22 30 8 14 30 10 10 22 30 8 14
30 10 10 6 10 22 30 8 14 30 10 10 22 30 8 14
30 10 10 22 6 10 22 30 8 14 30 10 10 22 30 8 14

24 7 14 26 25 25 10 24 7 14 26 25 25 10
24 7 14 26 25 25 10 24 7 20 7 14 26 25 25 10
24 7 14 26 25 25 10 24 7 14 20 7 14 26 25 25 10
24 7 14 26 25 25 10 24 7 14 20 14 26 25 25 10
24 7 14 26 25 25 10 24 7 14 26 20 14 26 25 25 10
24 7 20 7 14 26 25 25 10 24 7 14 26 25 25 10
24 7 14 20 7 14 26 25 25 10 24 7 14 26 25 25 10
24 7 14 20 14 26 25 25 10 24 7 14 26 25 25 10
24 7 14 26 20 14 26 25 25 10 24 7 14 26 25 25 10

24 6 10 15 30 22 7 24 6 10 15 30 22 7
24 6 10 15 30 22 7 24 6 16 6 10 15 30 22 7
24 6 10 15 30 22 7 24 6 10 16 6 10 15 30 22 7
24 6 10 15 30 22 7 24 6 10 16 10 15 30 22 7
24 6 10 15 30 22 7 24 6 10 15 16 10 15 30 22 7
24 6 16 6 10 15 30 22 7 24 6 10 15 30 22 7
24 6 10 16 6 10 15 30 22 7 24 6 10 15 30 22 7
24 6 10 16 10 15 30 22 7 24 6 10 15 30 22 7
24 6 10 15 16 10 15 30 22 7 24 6 10 15 30 22 7

17 13 16 24 17 17 8 17 13 16 24 17 17 8
17 13 16 24 17 17 8 17 13 11 13 16 24 17 17 8
17 13 16 24 17 17 8 17 13 16 11 13 16 24 17 17 8
17 13 16 24 17 17 8 17 13 16 11 16 24 17 17 8
17 13 16 24 17 17 8 17 13 16 24 11 16 24 17 17 8
17 13 11 13 16 24 17 17 8 17 13 16 24 17 17 8
17 13 16 11 13 16 24 17 17 8 17 13 16 24 17 17 8
17 13 16 11 16 24 17 17 8 17 13 16 24 17 17 8
17 13 16 24 11 16 24 17 17 8 17 13 16 24 17 17 8

21 16 10 13 21 21 16 21 16 10 13 21 21 16
21 16 10 13 21 21 16 21 16 9 16 10 13 21 21 16
21 16 10 13 21 21 16 21 16 10 9 16 10 13 21 21 16
21 16 10 13 21 21 16 21 16 10 9 10 13 21 21 16
21 16 10 13 21 21 16 21 16 10 13 9 10 13 21 21 16
21 16 9 16 10 13 21 21 16 21 16 10 13 21 21 16
21 16 10 9 16 10 13 21 21 16 21 16 10 13 21 21 16
21 16 10 9 10 13 21 21 16 21 16 10 13 21 21 16
21 16 10 13 9 10 13 21 21 16 21 16 10 13 21 21 16

28 9 20 24 8 29 24 28 9 20 24 8 29 24
28 9 20 24 8 29 24 28 9 18 9 20 24 8 29 24
28 9 20 24 8 29 24 28 9 20 18 9 20 24 8 29 24
28 9 20 24 8 29 24 28 9 20 18 20 24 8 29 24
28 9 20 24 8 29 24 28 9 20 24 18 20 24 8 29 24
28 9 18 9 20 24 8 29 24 28 9 20 24 8 29 24
28 9 20 18 9 20 24 8 29 24 28 9 20 24 8 29 24
28 9 20 18 20 24 8 29 24 28 9 20 24 8 29 24
28 9 20 24 18 20 24 8 29 24 28 9 20 24 8 29 24

16 18 27 24 29 8 20 16 18 27 24 29 8 20
16 18 27 24 29 8 20 16 18 17 18 27 24 29 8 20
16 18 27 24 29 8 20 16 18 27 17 18 27 24 29 8 20
16 18 27 24 29 8 20 16 18 27 17 27 24 29 8 20
16 18 27 24 29 8 20 16 18 27 24 17 27 24 29 8 20
16 18 17 18 27 24 29 8 20 16 18 27 24 29 8 20
16 18 27 17 18 27 24 29 8 20 16 18 27 24 29 8 20
16 18 27 17 27 24 29 8 20 16 18 27 24 29 8 20
16 18 27 24 17 27 24 29 8 20 16 18 27 24 29 8 20

23 23 30 15 10 29 23 23 23 30 15 10 29 23
23 23 30 15 10 29 23 23 23 20 23 30 15 10 29 23
23 23 30 15 10 29 23 23 23 30 20 23 30 15 10 29 23
23 23 30 15 10 29 23 23 23 30 20 30 15 10 29 23
23 23 30 15 10 29 23 23 23 30 15 20 30 15 10 29 23
23 23 20 23 30 15 10 29 23 23 23 30 15 10 29 23
23 23 30 20 23 30 15 10 29 23 23 23 30 15 10 29 23
23 23 30 20 30 15 10 29 23 23 23 30 15 10 29 23
23 23 30 15 20 30 15 10 29 23 23 23 30 15 10 29 23

24 14 10 28 13 22 19 24 14 10 28 13 22 19
24 14 10 28 13 22 19 24 14 14 14 10 28 13 22 19
24 14 10 28 13 22 19 24 14 10 14 14 10 28 13 22 19
24 14 10 28 13 22 19 24 14 10 14 10 28 13 22 19
24 14 10 28 13 22 19 24 14 10 28 14 10 28 13 22 19
24 14 14 14 10 28 13 22 19 24 14 10 28 13 22 19
24 14 10 14 14 10 28 13 22 19 24 14 10 28 13 22 19
24 14 10 14 10 28 13 22 19 24 14 10 28 13 22 19
24 14 10 28 14 10 28 13 22 19 24 14 10 28 13 22 19

25 21 15 30 14 16 15 25 21 15 30 14 16 15
25 21 15 30 14 16 15 25 21 6 21 15 30 14 16 15
25 21 15 30 14 16 15 25 21 15 6 21 15 30 14 16 15
25 21 15 30 14 16 15 25 21 15 6 15 30 14 16 15
25 21 15 30 14 16 15 25 21 15 30 6 15 30 14 16 15
25 21 6 21 15 30 14 16 15 25 21 15 30 14 16 15
25 21 15 6 21 15 30 14 16 15 25 21 15 30 14 16 15
25 21 15 6 15 30 14 16 15 25 21 15 30 14 16 15
25 21 15 30 6 15 30 14 16 15 25 21 15 30 14 16 15

18 9 18 6 27 25 18 18 9 18 6 27 25 18
18 9 18 6 27 25 18 18 9 6 9 18 6 27 25 18
18 9 18 6 27 25 18 18 9 18 6 9 18 6 27 25 18
18 9 18 6 27 25 18 18 9 18 6 18 6 27 25 18
18 9 18 6 27 25 18 18 9 18 6 6 18 6 27 25 18
18 9 6 9 18 6 27 25 18 18 9 18 6 27 25 18
18 9 18 6 9 18 6 27 25 18 18 9 18 6 27 25 18
18 9 18 6 18 6 27 25 18 18 9 18 6 27 25 18
18 9 18 6 6 18 6 27 25 18 18 9 18 6 27 25 18

20 8 23 21 20 30 20 20 8 23 21 20 30 20
20 8 23 21 20 30 20 20 8 11 8 23 21 20 30 20
20 8 23 21 20 30 20 20 8 23 11 8 23 21 20 30 20
20 8 23 21 20 30 20 20 8 23 11 23 21 20 30 20
20 8 23 21 20 30 20 20 8 23 21 11 23 21 20 30 20
20 8 11 8 23 21 20 30 20 20 8 23 21 20 30 20
20 8 23 11 8 23 21 20 30 20 20 8 23 21 20 30 20
20 8 23 11 23 21 20 30 20 20 8 23 21 20 30 20
20 8 23 21 11 23 21 20 30 20 20 8 23 21 20 30 20

13 17 19 16 7 5 21 13 17 19 16 7 5 21
13 17 19 16 7 5 21 13 17 17 17 19 16 7 5 21
13 17 19 16 7 5 21 13 17 19 17 17 19 16 7 5 21
13 17 19 16 7 5 21 13 17 19 17 19 16 7 5 21
13 17 19 16 7 5 21 13 17 19 16 17 19 16 7 5 21
13 17 17 17 19 16 7 5 21 13 17 19 16 7 5 21
13 17 19 17 17 19 16 7 5 21 13 17 19 16 7 5 21
13 17 19 17 19 16 7 5 21 13 17 19 16 7 5 21
13 17 19 16 17 19 16 7 5 21 13 17 19 16 7 5 21

20 19 29 14 5 28 8 20 19 29 14 5 28 8
20 19 29 14 5 28 8 20 19 6 19 29 14 5 28 8
20 19 29 14 5 28 8 20 19 29 6 19 29 14 5 28 8
20 19 29 14 5 28 8 20 19 29 6 29 14 5 28 8
20 19 29 14 5 28 8 20 19 29 14 6 29 14 5 28 8
20 19 6 19 29 14 5 28 8 20 19 29 14 5 28 8
20 19 29 6 19 29 14 5 28 8 20 19 29 14 5 28 8
20 19 29 6 29 14 5 28 8 20 19 29 14 5 28 8
20 19 29 14 6 29 14 5 28 8 20 19 29 14 5 28 8

26 18 28 17 8 6 15 26 18 28 17 8 6 15
26 18 28 17 8 6 15 26 18 18 18 28 17 8 6 15
26 18 28 17 8 6 15 26 18 28 18 18 28 17 8 6 15
26 18 28 17 8 6 15 26 18 28 18 28 17 8 6 15
26 18 28 17 8 6 15 26 18 28 17 18 28 17 8 6 15
26 18 18 18 28 17 8 6 15 26 18 28 17 8 6 15
26 18 28 18 18 28 17 8 6 15 26 18 28 17 8 6 15
26 18 28 18 28 17 8 6 15 26 18 28 17 8 6 15
26 18 28 17 18 28 17 8 6 15 26 18 28 17 8 6 15

13 21 16 5 22 20 30 13 21 16 5 22 20 30
13 21 16 5 22 20 30 13 21 15 21 16 5 22 20 30
13 21 16 5 22 20 30 13 21 16 15 21 16 5 22 20 30
13 21 16 5 22 20 30 13 21 16 15 16 5 22 20 30
13 21 16 5 22 20 30 13 21 16 5 15 16 5 22 20 30
13 21 15 21 16 5 22 20 30 13 21 16 5 22 20 30
13 21 16 15 21 16 5 22 20 30 13 21 16 5 22 20 30
13 21 16 15 16 5 22 20 30 13 21 16 5 22 20 30
13 21 16 5 15 16 5 22 20 30 13 21 16 5 22 20 30

18 20 29 18 17 11 12 18 20 29 18 17 11 12
18 20 29 18 17 11 12 18 20 11 20 29 18 17 11 12
18 20 29 18 17 11 12 18 20 29 11 20 29 18 17 11 12
18 20 29 18 17 11 12 18 20 29 11 29 18 17 11 12
18 20 29 18 17 11 12 18 20 29 18 11 29 18 17 11 12
18 20 11 20 29 18 17 11 12 18 20 29 18 17 11 12
18 20 29 11 20 29 18 17 11 12 18 20 29 18 17 11 12
18 20 29 11 29 18 17 11 12 18 20 29 18 17 11 12
18 20 29 18 11 29 18 17 11 12 18 20 29 18 17 11 12

30 22 29 7 16 25 24 30 22 29 7 16 25 24
30 22 29 7 16 25 24 30 22 20 22 29 7 16 25 24
30 22 29 7 16 25 24 30 22 29 20 22 29 7 16 25 24
30 22 29 7 16 25 24 30 22 29 20 29 7 16 25 24
30 22 29 7 16 25 24 30 22 29 7 20 29 7 16 25 24
30 22 20 22 29 7 16 25 24 30 22 29 7 16 25 24
30 22 29 20 22 29 7 16 25 24 30 22 29 7 16 25 24
30 22 29 20 29 7 16 25 24 30 22 29 7 16 25 24
30 22 29 7 20 29 7 16 25 24 30 22 29 7 16 25 24

23 16 9 13 12 15 18 23 16 9 13 12 15 18
23 16 9 13 12 15 18 23 16 5 16 9 13 12 15 18
23 16 9 13 12 15 18 23 16 9 5 16 9 13 12 15 18
23 16 9 13 12 15 18 23 16 9 5 9 13 12 15 18
23 16 9 13 12 15 18 23 16 9 13 5 9 13 12 15 18
23 16 5 16 9 13 12 15 18 23 16 9 13 12 15 18
23 16 9 5 16 9 13 12 15 18 23 16 9 13 12 15 18
23 16 9 5 9 13 12 15 18 23 16 9 13 12 15 18
23 16 9 13 5 9 13 12 15 18 23 16 9 13 12 15 18

9 10 27 15 23 23 11 9 10 27 15 23 23 11
9 10 27 15 23 23 11 9 10 5 10 27 15 23 23 11
9 10 27 15 23 23 11 9 10 27 5 10 27 15 23 23 11
9 10 27 15 23 23 11 9 10 27 5 27 15 23 23 11
9 10 27 15 23 23 11 9 10 27 15 5 27 15 23 23 11
9 10 5 10 27 15 23 23 11 9 10 27 15 23 23 11
9 10 27 5 10 27 15 23 23 11 9 10 27 15 23 23 11
9 10 27 5 27 15 23 23 11 9 10 27 15 23 23 11
9 10 27 15 5 27 15 23 23 11 9 10 27 15 23 23 11

15 11 9 6 20 15 18 15 11 9 6 20 15 18
15 11 9 6 20 15 18 15 11 9 11 9 6 20 15 18
15 11 9 6 20 15 18 15 11 9 9 11 9 6 20 15 18
15 11 9 6 20 15 18 15 11 9 9 9 6 20 15 18
15 11 9 6 20 15 18 15 11 9 6 9 9 6 20 15 18
15 11 9 11 9 6 20 15 18 15 11 9 6 20 15 18
15 11 9 9 11 9 6 20 15 18 15 11 9 6 20 15 18
15 11 9 9 9 6 20 15 18 15 11 9 6 20 15 18
15 11 9 6 9 9 6 20 15 18 15 11 9 6 20 15 18

11 29 15 14 11 30 8 11 29 15 14 11 30 8
11 29 15 14 11 30 8 11 29 15 29 15 14 11 30 8
11 29 15 14 11 30 8 11 29 15 15 29 15 14 11 30 8
11 29 15 14 11 30 8 11 29 15 15 15 14 11 30 8
11 29 15 14 11 30 8 11 29 15 14 15 15 14 11 30 8
11 29 15 29 15 14 11 30 8 11 29 15 14 11 30 8
11 29 15 15 29 15 14 11 30 8 11 29 15 14 11 30 8
11 29 15 15 15 14 11 30 8 11 29 15 14 11 30 8
11 29 15 14 15 15 14 11 30 8 11 29 15 14 11 30 8

24 30 10 21 12 19 17 24 30 10 21 12 19 17
24 30 10 21 12 19 17 24 30 18 30 10 21 12 19 17
24 30 10 21 12 19 17 24 30 10 18 30 10 21 12 19 17
24 30 10 21 12 19 17 24 30 10 18 10 21 12 19 17
24 30 10 21 12 19 17 24 30 10 21 18 10 21 12 19 17
24 30 18 30 10 21 12 19 17 24 30 10 21 12 19 17
24 30 10 18 30 10 21 12 19 17 24 30 10 21 12 19 17
24 30 10 18 10 21 12 19 17 24 30 10 21 12 19 17
24 30 10 21 18 10 21 12 19 17 24 30 10 21 12 19 17

22 15 12 24 26 20 21 22 15 12 24 26 20 21
22 15 12 24 26 20 21 22 15 19 15 12 24 26 20 21
22 15 12 24 26 20 21 22 15 12 19 15 12 24 26 20 21
22 15 12 24 26 20 21 22 15 12 19 12 24 26 20 21
22 15 12 24 26 20 21 22 15 12 24 19 12 24 26 20 21
22 15 19 15 12 24 26 20 21 22 15 12 24 26 20 21
22 15 12 19 15 12 24 26 20 21 22 15 12 24 26 20 21
22 15 12 19 12 24 26 20 21 22 15 12 24 26 20 21
22 15 12 24 19 12 24 26 20 21 22 15 12 24 26 20 21

25 6 8 23 19 19 19 25 6 8 23 19 19 19
25 6 8 23 19 19 19 25 6 11 6 8 23 19 19 19
25 6 8 23 19 19 19 25 6 8 11 6 8 23 19 19 19
25 6 8 23 19 19 19 25 6 8 11 8 23 19 19 19
25 6 8 23 19 19 19 25 6 8 23 11 8 23 19 19 19
25 6 11 6 8 23 19 19 19 25 6 8 23 19 19 19
25 6 8 11 6 8 23 19 19 19 25 6 8 23 19 19 19
25 6 8 11 8 23 19 19 19 25 6 8 23 19 19 19
25 6 8 23 11 8 23 19 19 19 25 6 8 23 19 19 19

6 22 24 21 7 18 11 6 22 24 21 7 18 11
6 22 24 21 7 18 11 6 22 15 22 24 21 7 18 11
6 22 24 21 7 18 11 6 22 24 15 22 24 21 7 18 11
6 22 24 21 7 18 11 6 22 24 15 24 21 7 18 11
6 22 24 21 7 18 11 6 22 24 21 15 24 21 7 18 11
6 22 15 22 24 21 7 18 11 6 22 24 21 7 18 11
6 22 24 15 22 24 21 7 18 11 6 22 24 21 7 18 11
6 22 24 15 24 21 7 18 11 6 22 24 21 7 18 11
6 22 24 21 15 24 21 7 18 11 6 22 24 21 7 18 11

24 18 7 17 19 17 6 24 18 7 17 19 17 6
24 18 7 17 19 17 6 24 18 8 18 7 17 19 17 6
24 18 7 17 19 17 6 24 18 7 8 18 7 17 19 17 6
24 18 7 17 19 17 6 24 18 7 8 7 17 19 17 6
24 18 7 17 19 17 6 24 18 7 17 8 7 17 19 17 6
24 18 8 18 7 17 19 17 6 24 18 7 17 19 17 6
24 18 7 8 18 7 17 19 17 6 24 18 7 17 19 17 6
24 18 7 8 7 17 19 17 6 24 18 7 17 19 17 6
24 18 7 17 8 7 17 19 17 6 24 18 7 17 19 17 6

7 7 27 23 15 18 8 7 7 27 23 15 18 8
7 7 27 23 15 18 8 7 7 5 7 27 23 15 18 8
7 7 27 23 15 18 8 7 7 27 5 7 27 23 15 18 8
7 7 27 23 15 18 8 7 7 27 5 27 23 15 18 8
7 7 27 23 15 18 8 7 7 27 23 5 27 23 15 18 8
7 7 5 7 27 23 15 18 8 7 7 27 23 15 18 8
7 7 27 5 7 27 23 15 18 8 7 7 27 23 15 18 8
7 7 27 5 27 23 15 18 8 7 7 27 23 15 18 8
7 7 27 23 5 27 23 15 18 8 7 7 27 23 15 18 8

18 25 20 12 9 29 9 18 25 20 12 9 29 9
18 25 20 12 9 29 9 18 25 13 25 20 12 9 29 9
18 25 20 12 9 29 9 18 25 20 13 25 20 12 9 29 9
18 25 20 12 9 29 9 18 25 20 13 20 12 9 29 9
18 25 20 12 9 29 9 18 25 20 12 13 20 12 9 29 9
18 25 13 25 20 12 9 29 9 18 25 20 12 9 29 9
18 25 20 13 25 20 12 9 29 9 18 25 20 12 9 29 9
18 25 20 13 20 12 9 29 9 18 25 20 12 9 29 9
18 25 20 12 13 20 12 9 29 9 18 25 20 12 9 29 9

7 23 30 26 21 9 30 7 23 30 26 21 9 30
7 23 30 26 21 9 30 7 23 16 23 30 26 21 9 30
7 23 30 26 21 9 30 7 23 30 16 23 30 26 21 9 30
7 23 30 26 21 9 30 7 23 30 16 30 26 21 9 30
7 23 30 26 21 9 30 7 23 30 26 16 30 26 21 9 30
7 23 16 23 30 26 21 9 30 7 23 30 26 21 9 30
7 23 30 16 23 30 26 21 9 30 7 23 30 26 21 9 30
7 23 30 16 30 26 21 9 30 7 23 30 26 21 9 30
7 23 30 26 16 30 26 21 9 30 7 23 30 26 21 9 30

18 8 17 21 27 28 18 18 8 17 21 27 28 18
18 8 17 21 27 28 18 18 8 20 8 17 21 27 28 18
18 8 17 21 27 28 18 18 8 17 20 8 17 21 27 28 18
18 8 17 21 27 28 18 18 8 17 20 17 21 27 28 18
18 8 17 21 27 28 18 18 8 17 21 20 17 21 27 28 18
18 8 20 8 17 21 27 28 18 18 8 17 21 27 28 18
18 8 17 20 8 17 21 27 28 18 18 8 17 21 27 28 18
18 8 17 20 17 21 27 28 18 18 8 17 21 27 28 18
18 8 17 21 20 17 21 27 28 18 18 8 17 21 27 28 18

7 25 23 27 30 6 23 7 25 23 27 30 6 23
7 25 23 27 30 6 23 7 25 9 25 23 27 30 6 23
7 25 23 27 30 6 23 7 25 23 9 25 23 27 30 6 23
7 25 23 27 30 6 23 7 25 23 9 23 27 30 6 23
7 25 23 27 30 6 23 7 25 23 27 9 23 27 30 6 23
7 25 9 25 23 27 30 6 23 7 25 23 27 30 6 23
7 25 23 9 25 23 27 30 6 23 7 25 23 27 30 6 23
7 25 23 9 23 27 30 6 23 7 25 23 27 30 6 23
7 25 23 27 9 23 27 30 6 23 7 25 23 27 30 6 23

19 9 8 5 5 16 21 19 9 8 5 5 16 21
19 9 8 5 5 16 21 19 9 19 9 8 5 5 16 21
19 9 8 5 5 16 21 19 9 8 19 9 8 5 5 16 21
19 9 8 5 5 16 21 19 9 8 19 8 5 5 16 21
19 9 8 5 5 16 21 19 9 8 5 19 8 5 5 16 21
19 9 19 9 8 5 5 16 21 19 9 8 5 5 16 21
19 9 8 19 9 8 5 5 16 21 19 9 8 5 5 16 21
19 9 8 19 8 5 5 16 21 19 9 8 5 5 16 21
19 9 8 5 19 8 5 5 16 21 19 9 8 5 5 16 21

29 24 25 27 21 8 26 29 24 25 27 21 8 26
29 24 25 27 21 8 26 29 24 5 24 25 27 21 8 26
29 24 25 27 21 8 26 29 24 25 5 24 25 27 21 8 26
29 24 25 27 21 8 26 29 24 25 5 25 27 21 8 26
29 24 25 27 21 8 26 29 24 25 27 5 25 27 21 8 26
29 24 5 24 25 27 21 8 26 29 24 25 27 21 8 26
29 24 25 5 24 25 27 21 8 26 29 24 25 27 21 8 26
29 24 25 5 25 27 21 8 26 29 24 25 27 21 8 26
29 24 25 27 5 25 27 21 8 26 29 24 25 27 21 8 26

23 8 20 6 30 23 18 23 8 20 6 30 23 18
23 8 20 6 30 23 18 23 8 7 8 20 6 30 23 18
23 8 20 6 30 23 18 23 8 20 7 8 20 6 30 23 18
23 8 20 6 30 23 18 23 8 20 7 20 6 30 23 18
23 8 20 6 30 23 18 23 8 20 6 7 20 6 30 23 18
23 8 7 8 20 6 30 23 18 23 8 20 6 30 23 18
23 8 20 7 8 20 6 30 23 18 23 8 20 6 30 23 18
23 8 20 7 20 6 30 23 18 23 8 20 6 30 23 18
23 8 20 6 7 20 6 30 23 18 23 8 20 6 30 23 18

25 18 8 8 21 22 30 25 18 8 8 21 22 30
25 18 8 8 21 22 30 25 18 7 18 8 8 21 22 30
25 18 8 8 21 22 30 25 18 8 7 18 8 8 21 22 30
25 18 8 8 21 22 30 25 18 8 7 8 8 21 22 30
25 18 8 8 21 22 30 25 18 8 8 7 8 8 21 22 30
25 18 7 18 8 8 21 22 30 25 18 8 8 21 22 30
25 18 8 7 18 8 8 21 22 30 25 18 8 8 21 22 30
25 18 8 7 8 8 21 22 30 25 18 8 8 21 22 30
25 18 8 8 7 8 8 21 22 30 25 18 8 8 21 22 30

11 26 9 15 12 13 26 11 26 9 15 12 13 26
11 26 9 15 12 13 26 11 26 11 26 9 15 12 13 26
11 26 9 15 12 13 26 11 26 9 11 26 9 15 12 13 26
11 26 9 15 12 13 26 11 26 9 11 9 15 12 13 26
11 26 9 15 12 13 26 11 26 9 15 11 9 15 12 13 26
11 26 11 26 9 15 12 13 26 11 26 9 15 12 13 26
11 26 9 11 26 9 15 12 13 26 11 26 9 15 12 13 26
11 26 9 11 9 15 12 13 26 11 26 9 15 12 13 26
11 26 9 15 11 9 15 12 13 26 11 26 9 15 12 13 26

18 20 8 18 17 9 29 18 20 8 18 17 9 29
18 20 8 18 17 9 29 18 20 16 20 8 18 17 9 29
18 20 8 18 17 9 29 18 20 8 16 20 8 18 17 9 29
18 20 8 18 17 9 29 18 20 8 16 8 18 17 9 29
18 20 8 18 17 9 29 18 20 8 18 16 8 18 17 9 29
18 20 16 20 8 18 17 9 29 18 20 8 18 17 9 29
18 20 8 16 20 8 18 17 9 29 18 20 8 18 17 9 29
18 20 8 16 8 18 17 9 29 18 20 8 18 17 9 29
18 20 8 18 16 8 18 17 9 29 18 20 8 18 17 9 29

21 9 7 25 20 25 14 21 9 7 25 20 25 14
21 9 7 25 20 25 14 21 9 17 9 7 25 20 25 14
21 9 7 25 20 25 14 21 9 7 17 9 7 25 20 25 14
21 9 7 25 20 25 14 21 9 7 17 7 25 20 25 14
21 9 7 25 20 25 14 21 9 7 25 17 7 25 20 25 14
21 9 17 9 7 25 20 25 14 21 9 7 25 20 25 14
21 9 7 17 9 7 25 20 25 14 21 9 7 25 20 25 14
21 9 7 17 7 25 20 25 14 21 9 7 25 20 25 14
21 9 7 25 17 7 25 20 25 14 21 9 7 25 20 25 14

13 19 13 7 10 21 18 13 19 13 7 10 21 18
13 19 13 7 10 21 18 13 19 17 19 13 7 10 21 18
13 19 13 7 10 21 18 13 19 13 17 19 13 7 10 21 18
13 19 13 7 10 21 18 13 19 13 17 13 7 10 21 18
13 19 13 7 10 21 18 13 19 13 7 17 13 7 10 21 18
13 19 17 19 13 7 10 21 18 13 19 13 7 10 21 18
13 19 13 17 19 13 7 10 21 18 13 19 13 7 10 21 18
13 19 13 17 13 7 10 21 18 13 19 13 7 10 21 18
13 19 13 7 17 13 7 10 21 18 13 19 13 7 10 21 18

23 16 18 26 17 28 7 23 16 18 26 17 28 7
23 16 18 26 17 28 7 23 16 18 16 18 26 17 28 7
23 16 18 26 17 28 7 23 16 18 18 16 18 26 17 28 7
23 16 18 26 17 28 7 23 16 18 18 18 26 17 28 7
23 16 18 26 17 28 7 23 16 18 26 18 18 26 17 28 7
23 16 18 16 18 26 17 28 7 23 16 18 26 17 28 7
23 16 18 18 16 18 26 17 28 7 23 16 18 26 17 28 7
23 16 18 18 18 26 17 28 7 23 16 18 26 17 28 7
23 16 18 26 18 18 26 17 28 7 23 16 18 26 17 28 7

14 12 12 13 26 11 29 14 12 12 13 26 11 29
14 12 12 13 26 11 29 14 12 18 12 12 13 26 11 29
14 12 12 13 26 11 29 14 12 12 18 12 12 13 26 11 29
14 12 12 13 26 11 29 14 12 12 18 12 13 26 11 29
14 12 12 13 26 11 29 14 12 12 13 18 12 13 26 11 29
14 12 18 12 12 13 26 11 29 14 12 12 13 26 11 29
14 12 12 18 12 12 13 26 11 29 14 12 12 13 26 11 29
14 12 12 18 12 13 26 11 29 14 12 12 13 26 11 29
14 12 12 13 18 12 13 26 11 29 14 12 12 13 26 11 29

26 8 11 15 8 20 18 26 8 11 15 8 20 18
26 8 11 15 8 20 18 26 8 17 8 11 15 8 20 18
26 8 11 15 8 20 18 26 8 11 17 8 11 15 8 20 18
26 8 11 15 8 20 18 26 8 11 17 11 15 8 20 18
26 8 11 15 8 20 18 26 8 11 15 17 11 15 8 20 18
26 8 17 8 11 15 8 20 18 26 8 11 15 8 20 18
26 8 11 17 8 11 15 8 20 18 26 8 11 15 8 20 18
26 8 11 17 11 15 8 20 18 26 8 11 15 8 20 18
26 8 11 15 17 11 15 8 20 18 26 8 11 15 8 20 18

12 28 28 5 27 12 17 12 28 28 5 27 12 17
12 28 28 5 27 12 17 12 28 17 28 28 5 27 12 17
12 28 28 5 27 12 17 12 28 28 17 28 28 5 27 12 17
12 28 28 5 27 12 17 12 28 28 17 28 5 27 12 17
12 28 28 5 27 12 17 12 28 28 5 17 28 5 27 12 17
12 28 17 28 28 5 27 12 17 12 28 28 5 27 12 17
12 28 28 17 28 28 5 27 12 17 12 28 28 5 27 12 17
12 28 28 17 28 5 27 12 17 12 28 28 5 27 12 17
12 28 28 5 17 28 5 27 12 17 12 28 28 5 27 12 17

20 28 13 18 17 24 24 20 28 13 18 17 24 24
20 28 13 18 17 24 24 20 28 14 28 13 18 17 24 24
20 28 13 18 17 24 24 20 28 13 14 28 13 18 17 24 24
20 28 13 18 17 24 24 20 28 13 14 13 18 17 24 24
20 28 13 18 17 24 24 20 28 13 18 14 13 18 17 24 24
20 28 14 28 13 18 17 24 24 20 28 13 18 17 24 24
20 28 13 14 28 13 18 17 24 24 20 28 13 18 17 24 24
20 28 13 14 13 18 17 24 24 20 28 13 18 17 24 24
20 28 13 18 14 13 18 17 24 24 20 28 13 18 17 24 24

17 14 5 29 25 9 28 17 14 5 29 25 9 28
17 14 5 29 25 9 28 17 14 5 14 5 29 25 9 28
17 14 5 29 25 9 28 17 14 5 5 14 5 29 25 9 28
17 14 5 29 25 9 28 17 14 5 5 5 29 25 9 28
17 14 5 29 25 9 28 17 14 5 29 5 5 29 25 9 28
17 14 5 14 5 29 25 9 28 17 14 5 29 25 9 28
17 14 5 5 14 5 29 25 9 28 17 14 5 29 25 9 28
17 14 5 5 5 29 25 9 28 17 14 5 29 25 9 28
17 14 5 29 5 5 29 25 9 28 17 14 5 29 25 9 28

10 20 29 13 10 28 25 10 20 29 13 10 28 25
10 20 29 13 10 28 25 10 20 7 20 29 13 10 28 25
10 20 29 13 10 28 25 10 20 29 7 20 29 13 10 28 25
10 20 29 13 10 28 25 10 20 29 7 29 13 10 28 25
10 20 29 13 10 28 25 10 20 29 13 7 29 13 10 28 25
10 20 7 20 29 13 10 28 25 10 20 29 13 10 28 25
10 20 29 7 20 29 13 10 28 25 10 20 29 13 10 28 25
10 20 29 7 29 13 10 28 25 10 20 29 13 10 28 25
10 20 29 13 7 29 13 10 28 25 10 20 29 13 10 28 25

18 6 13 9 12 15 24 18 6 13 9 12 15 24
18 6 13 9 12 15 24 18 6 12 6 13 9 12 15 24
18 6 13 9 12 15 24 18 6 13 12 6 13 9 12 15 24
18 6 13 9 12 15 24 18 6 13 12 13 9 12 15 24
18 6 13 9 12 15 24 18 6 13 9 12 13 9 12 15 24
18 6 12 6 13 9 12 15 24 18 6 13 9 12 15 24
18 6 13 12 6 13 9 12 15 24 18 6 13 9 12 15 24
18 6 13 12 13 9 12 15 24 18 6 13 9 12 15 24
18 6 13 9 12 13 9 12 15 24 18 6 13 9 12 15 24

27 19 30 18 28 10 11 27 19 30 18 28 10 11
27 19 30 18 28 10 11 27 19 19 19 30 18 28 10 11
27 19 30 18 28 10 11 27 19 30 19 19 30 18 28 10 11
27 19 30 18 28 10 11 27 19 30 19 30 18 28 10 11
27 19 30 18 28 10 11 27 19 30 18 19 30 18 28 10 11
27 19 19 19 30 18 28 10 11 27 19 30 18 28 10 11
27 19 30 19 19 30 18 28 10 11 27 19 30 18 28 10 11
27 19 30 19 30 18 28 10 11 27 19 30 18 28 10 11
27 19 30 18 19 30 18 28 10 11 27 19 30 18 28 10 11

27 12 11 26 14 15 27 27 12 11 26 14 15 27
27 12 11 26 14 15 27 27 12 17 12 11 26 14 15 27
27 12 11 26 14 15 27 27 12 11 17 12 11 26 14 15 27
27 12 11 26 14 15 27 27 12 11 17 11 26 14 15 27
27 12 11 26 14 15 27 27 12 11 26 17 11 26 14 15 27
27 12 17 12 11 26 14 15 27 27 12 11 26 14 15 27
27 12 11 17 12 11 26 14 15 27 27 12 11 26 14 15 27
27 12 11 17 11 26 14 15 27 27 12 11 26 14 15 27
27 12 11 26 17 11 26 14 15 27 27 12 11 26 14 15 27

20 18 12 18 27 18 30 20 18 12 18 27 18 30
20 18 12 18 27 18 30 20 18 15 18 12 18 27 18 30
20 18 12 18 27 18 30 20 18 12 15 18 12 18 27 18 30
20 18 12 18 27 18 30 20 18 12 15 12 18 27 18 30
20 18 12 18 27 18 30 20 18 12 18 15 12 18 27 18 30
20 18 15 18 12 18 27 18 30 20 18 12 18 27 18 30
20 18 12 15 18 12 18 27 18 30 20 18 12 18 27 18 30
20 18 12 15 12 18 27 18 30 20 18 12 18 27 18 30
20 18 12 18 15 12 18 27 18 30 20 18 12 18 27 18 30

22 29 29 11 25 6 22 22 29 29 11 25 6 22
22 29 29 11 25 6 22 22 29 19 29 29 11 25 6 22
22 29 29 11 25 6 22 22 29 29 19 29 29 11 25 6 22
22 29 29 11 25 6 22 22 29 29 19 29 11 25 6 22
22 29 29 11 25 6 22 22 29 29 11 19 29 11 25 6 22
22 29 19 29 29 11 25 6 22 22 29 29 11 25 6 22
22 29 29 19 29 29 11 25 6 22 22 29 29 11 25 6 22
22 29 29 19 29 11 25 6 22 22 29 29 11 25 6 22
22 29 29 11 19 29 11 25 6 22 22 29 29 11 25 6 22

14 15 30 6 27 16 25 14 15 30 6 27 16 25
14 15 30 6 27 16 25 14 15 7 15 30 6 27 16 25
14 15 30 6 27 16 25 14 15 30 7 15 30 6 27 16 25
14 15 30 6 27 16 25 14 15 30 7 30 6 27 16 25
14 15 30 6 27 16 25 14 15 30 6 7 30 6 27 16 25
14 15 7 15 30 6 27 16 25 14 15 30 6 27 16 25
14 15 30 7 15 30 6 27 16 25 14 15 30 6 27 16 25
14 15 30 7 30 6 27 16 25 14 15 30 6 27 16 25
14 15 30 6 7 30 6 27 16 25 14 15 30 6 27 16 25

6 19 8 14 12 25 19 6 19 8 14 12 25 19
6 19 8 14 12 25 19 6 19 17 19 8 14 12 25 19
6 19 8 14 12 25 19 6 19 8 17 19 8 14 12 25 19
6 19 8 14 12 25 19 6 19 8 17 8 14 12 25 19
6 19 8 14 12 25 19 6 19 8 14 17 8 14 12 25 19
6 19 17 19 8 14 12 25 19 6 19 8 14 12 25 19
6 19 8 17 19 8 14 12 25 19 6 19 8 14 12 25 19
6 19 8 17 8 14 12 25 19 6 19 8 14 12 25 19
6 19 8 14 17 8 14 12 25 19 6 19 8 14 12 25 19

23 10 30 24 20 15 6 23 10 30 24 20 15 6
23 10 30 24 20 15 6 23 10 10 10 30 24 20 15 6
23 10 30 24 20 15 6 23 10 30 10 10 30 24 20 15 6
23 10 30 24 20 15 6 23 10 30 10 30 24 20 15 6
23 10 30 24 20 15 6 23 10 30 24 10 30 24 20 15 6
23 10 10 10 30 24 20 15 6 23 10 30 24 20 15 6
23 10 30 10 10 30 24 20 15 6 23 10 30 24 20 15 6
23 10 30 10 30 24 20 15 6 23 10 30 24 20 15 6
23 10 30 24 10 30 24 20 15 6 23 10 30 24 20 15 6

26 23 13 19 21 7 26 26 23 13 19 21 7 26
26 23 13 19 21 7 26 26 23 16 23 13 19 21 7 26
26 23 13 19 21 7 26 26 23 13 16 23 13 19 21 7 26
26 23 13 19 21 7 26 26 23 13 16 13 19 21 7 26
26 23 13 19 21 7 26 26 23 13 19 16 13 19 21 7 26
26 23 16 23 13 19 21 7 26 26 23 13 19 21 7 26
26 23 13 16 23 13 19 21 7 26 26 23 13 19 21 7 26
26 23 13 16 13 19 21 7 26 26 23 13 19 21 7 26
26 23 13 19 16 13 19 21 7 26 26 23 13 19 21 7 26

16 24 22 5 9 21 11 16 24 22 5 9 21 11
16 24 22 5 9 21 11 16 24 5 24 22 5 9 21 11
16 24 22 5 9 21 11 16 24 22 5 24 22 5 9 21 11
16 24 22 5 9 21 11 16 24 22 5 22 5 9 21 11
16 24 22 5 9 21 11 16 24 22 5 5 22 5 9 21 11
16 24 5 24 22 5 9 21 11 16 24 22 5 9 21 11
16 24 22 5 24 22 5 9 21 11 16 24 22 5 9 21 11
16 24 22 5 22 5 9 21 11 16 24 22 5 9 21 11
16 24 22 5 5 22 5 9 21 11 16 24 22 5 9 21 11

25 24 18 17 16 6 28 25 24 18 17 16 6 28
25 24 18 17 16 6 28 25 24 6 24 18 17 16 6 28
25 24 18 17 16 6 28 25 24 18 6 24 18 17 16 6 28
25 24 18 17 16 6 28 25 24 18 6 18 17 16 6 28
25 24 18 17 16 6 28 25 24 18 17 6 18 17 16 6 28
25 24 6 24 18 17 16 6 28 25 24 18 17 16 6 28
25 24 18 6 24 18 17 16 6 28 25 24 18 17 16 6 28
25 24 18 6 18 17 16 6 28 25 24 18 17 16 6 28
25 24 18 17 6 18 17 16 6 28 25 24 18 17 16 6 28

20 24 7 29 29 18 22 20 24 7 29 29 18 22
20 24 7 29 29 18 22 20 24 18 24 7 29 29 18 22
20 24 7 29 29 18 22 20 24 7 18 24 7 29 29 18 22
20 24 7 29 29 18 22 20 24 7 18 7 29 29 18 22
20 24 7 29 29 18 22 20 24 7 29 18 7 29 29 18 22
20 24 18 24 7 29 29 18 22 20 24 7 29 29 18 22
20 24 7 18 24 7 29 29 18 22 20 24 7 29 29 18 22
20 24 7 18 7 29 29 18 22 20 24 7 29 29 18 22
20 24 7 29 18 7 29 29 18 22 20 24 7 29 29 18 22

6 21 8 15 28 14 15 6 21 8 15 28 14 15
6 21 8 15 28 14 15 6 21 6 21 8 15 28 14 15
6 21 8 15 28 14 15 6 21 8 6 21 8 15 28 14 15
6 21 8 15 28 14 15 6 21 8 6 8 15 28 14 15
6 21 8 15 28 14 15 6 21 8 15 6 8 15 28 14 15
6 21 6 21 8 15 28 14 15 6 21 8 15 28 14 15
6 21 8 6 21 8 15 28 14 15 6 21 8 15 28 14 15
6 21 8 6 8 15 28 14 15 6 21 8 15 28 14 15
6 21 8 15 6 8 15 28 14 15 6 21 8 15 28 14 15

10 9 18 10 11 27 19 10 9 18 10 11 27 19
10 9 18 10 11 27 19 10 9 20 9 18 10 11 27 19
10 9 18 10 11 27 19 10 9 18 20 9 18 10 11 27 19
10 9 18 10 11 27 19 10 9 18 20 18 10 11 27 19
10 9 18 10 11 27 19 10 9 18 10 20 18 10 11 27 19
10 9 20 9 18 10 11 27 19 10 9 18 10 11 27 19
10 9 18 20 9 18 10 11 27 19 10 9 18 10 11 27 19
10 9 18 20 18 10 11 27 19 10 9 18 10 11 27 19
10 9 18 10 20 18 10 11 27 19 10 9 18 10 11 27 19

23 9 16 18 26 7 12 23 9 16 18 26 7 12
23 9 16 18 26 7 12 23 9 9 9 16 18 26 7 12
23 9 16 18 26 7 12 23 9 16 9 9 16 18 26 7 12
23 9 16 18 26 7 12 23 9 16 9 16 18 26 7 12
23 9 16 18 26 7 12 23 9 16 18 9 16 18 26 7 12
23 9 9 9 16 18 26 7 12 23 9 16 18 26 7 12
23 9 16 9 9 16 18 26 7 12 23 9 16 18 26 7 12
23 9 16 9 16 18 26 7 12 23 9 16 18 26 7 12
23 9 16 18 9 16 18 26 7 12 23 9 16 18 26 7 12

10 8 17 14 20 12 19 10 8 17 14 20 12 19
10 8 17 14 20 12 19 10 8 7 8 17 14 20 12 19
10 8 17 14 20 12 19 10 8 17 7 8 17 14 20 12 19
10 8 17 14 20 12 19 10 8 17 7 17 14 20 12 19
10 8 17 14 20 12 19 10 8 17 14 7 17 14 20 12 19
10 8 7 8 17 14 20 12 19 10 8 17 14 20 12 19
10 8 17 7 8 17 14 20 12 19 10 8 17 14 20 12 19
10 8 17 7 17 14 20 12 19 10 8 17 14 20 12 19
10 8 17 14 7 17 14 20 12 19 10 8 17 14 20 12 19

24 29 22 14 28 12 5 24 29 22 14 28 12 5
24 29 22 14 28 12 5 24 29 17 29 22 14 28 12 5
24 29 22 14 28 12 5 24 29 22 17 29 22 14 28 12 5
24 29 22 14 28 12 5 24 29 22 17 22 14 28 12 5
24 29 22 14 28 12 5 24 29 22 14 17 22 14 28 12 5
24 29 17 29 22 14 28 12 5 24 29 22 14 28 12 5
24 29 22 17 29 22 14 28 12 5 24 29 22 14 28 12 5
24 29 22 17 22 14 28 12 5 24 29 22 14 28 12 5
24 29 22 14 17 22 14 28 12 5 24 29 22 14 28 12 5

27 12 6 26 13 8 24 27 12 6 26 13 8 24
27 12 6 26 13 8 24 27 12 5 12 6 26 13 8 24
27 12 6 26 13 8 24 27 12 6 5 12 6 26 13 8 24
27 12 6 26 13 8 24 27 12 6 5 6 26 13 8 24
27 12 6 26 13 8 24 27 12 6 26 5 6 26 13 8 24
27 12 5 12 6 26 13 8 24 27 12 6 26 13 8 24
27 12 6 5 12 6 26 13 8 24 27 12 6 26 13 8 24
27 12 6 5 6 26 13 8 24 27 12 6 26 13 8 24
27 12 6 26 5 6 26 13 8 24 27 12 6 26 13 8 24

6 9 20 28 12 29 10 6 9 20 28 12 29 10
6 9 20 28 12 29 10 6 9 15 9 20 28 12 29 10
6 9 20 28 12 29 10 6 9 20 15 9 20 28 12 29 10
6 9 20 28 12 29 10 6 9 20 15 20 28 12 29 10
6 9 20 28 12 29 10 6 9 20 28 15 20 28 12 29 10
6 9 15 9 20 28 12 29 10 6 9 20 28 12 29 10
6 9 20 15 9 20 28 12 29 10 6 9 20 28 12 29 10
6 9 20 15 20 28 12 29 10 6 9 20 28 12 29 10
6 9 20 28 15 20 28 12 29 10 6 9 20 28 12 29 10

19 23 6 16 9 6 21 19 23 6 16 9 6 21
19 23 6 16 9 6 21 19 23 13 23 6 16 9 6 21
19 23 6 16 9 6 21 19 23 6 13 23 6 16 9 6 21
19 23 6 16 9 6 21 19 23 6 13 6 16 9 6 21
19 23 6 16 9 6 21 19 23 6 16 13 6 16 9 6 21
19 23 13 23 6 16 9 6 21 19 23 6 16 9 6 21
19 23 6 13 23 6 16 9 6 21 19 23 6 16 9 6 21
19 23 6 13 6 16 9 6 21 19 23 6 16 9 6 21
19 23 6 16 13 6 16 9 6 21 19 23 6 16 9 6 21

11 17 18 12 29 8 11 11 17 18 12 29 8 11
11 17 18 12 29 8 11 11 17 18 17 18 12 29 8 11
11 17 18 12 29 8 11 11 17 18 18 17 18 12 29 8 11
11 17 18 12 29 8 11 11 17 18 18 18 12 29 8 11
11 17 18 12 29 8 11 11 17 18 12 18 18 12 29 8 11
11 17 18 17 18 12 29 8 11 11 17 18 12 29 8 11
11 17 18 18 17 18 12 29 8 11 11 17 18 12 29 8 11
11 17 18 18 18 12 29 8 11 11 17 18 12 29 8 11
11 17 18 12 18 18 12 29 8 11 11 17 18 12 29 8 11

23 26 30 12 15 28 16 23 26 30 12 15 28 16
23 26 30 12 15 28 16 23 26 8 26 30 12 15 28 16
23 26 30 12 15 28 16 23 26 30 8 26 30 12 15 28 16
23 26 30 12 15 28 16 23 26 30 8 30 12 15 28 16
23 26 30 12 15 28 16 23 26 30 12 8 30 12 15 28 16
23 26 8 26 30 12 15 28 16 23 26 30 12 15 28 16
23 26 30 8 26 30 12 15 28 16 23 26 30 12 15 28 16
23 26 30 8 30 12 15 28 16 23 26 30 12 15 28 16
23 26 30 12 8 30 12 15 28 16 23 26 30 12 15 28 16

11 13 10 5 29 30 12 11 13 10 5 29 30 12
11 13 10 5 29 30 12 11 13 17 13 10 5 29 30 12
11 13 10 5 29 30 12 11 13 10 17 13 10 5 29 30 12
11 13 10 5 29 30 12 11 13 10 17 10 5 29 30 12
11 13 10 5 29 30 12 11 13 10 5 17 10 5 29 30 12
11 13 17 13 10 5 29 30 12 11 13 10 5 29 30 12
11 13 10 17 13 10 5 29 30 12 11 13 10 5 29 30 12
11 13 10 17 10 5 29 30 12 11 13 10 5 29 30 12
11 13 10 5 17 10 5 29 30 12 11 13 10 5 29 30 12

19 14 17 8 7 24 24 19 14 17 8 7 24 24
19 14 17 8 7 24 24 19 14 16 14 17 8 7 24 24
19 14 17 8 7 24 24 19 14 17 16 14 17 8 7 24 24
19 14 17 8 7 24 24 19 14 17 16 17 8 7 24 24
19 14 17 8 7 24 24 19 14 17 8 16 17 8 7 24 24
19 14 16 14 17 8 7 24 24 19 14 17 8 7 24 24
19 14 17 16 14 17 8 7 24 24 19 14 17 8 7 24 24
19 14 17 16 17 8 7 24 24 19 14 17 8 7 24 24
19 14 17 8 16 17 8 7 24 24 19 14 17 8 7 24 24

11 23 23 20 5 6 15 11 23 23 20 5 6 15
11 23 23 20 5 6 15 11 23 20 23 23 20 5 6 15
11 23 23 20 5 6 15 11 23 23 20 23 23 20 5 6 15
11 23 23 20 5 6 15 11 23 23 20 23 20 5 6 15
11 23 23 20 5 6 15 11 23 23 20 20 23 20 5 6 15
11 23 20 23 23 20 5 6 15 11 23 23 20 5 6 15
11 23 23 20 23 23 20 5 6 15 11 23 23 20 5 6 15
11 23 23 20 23 20 5 6 15 11 23 23 20 5 6 15
11 23 23 20 20 23 20 5 6 15 11 23 23 20 5 6 15

10 8 24 27 20 28 8 10 8 24 27 20 28 8
10 8 24 27 20 28 8 10 8 11 8 24 27 20 28 8
10 8 24 27 20 28 8 10 8 24 11 8 24 27 20 28 8
10 8 24 27 20 28 8 10 8 24 11 24 27 20 28 8
10 8 24 27 20 28 8 10 8 24 27 11 24 27 20 28 8
10 8 11 8 24 27 20 28 8 10 8 24 27 20 28 8
10 8 24 11 8 24 27 20 28 8 10 8 24 27 20 28 8
10 8 24 11 24 27 20 28 8 10 8 24 27 20 28 8
10 8 24 27 11 24 27 20 28 8 10 8 24 27 20 28 8

28 15 25 13 16 17 23 28 15 25 13 16 17 23
28 15 25 13 16 17 23 28 15 9 15 25 13 16 17 23
28 15 25 13 16 17 23 28 15 25 9 15 25 13 16 17 23
28 15 25 13 16 17 23 28 15 25 9 25 13 16 17 23
28 15 25 13 16 17 23 28 15 25 13 9 25 13 16 17 23
28 15 9 15 25 13 16 17 23 28 15 25 13 16 17 23
28 15 25 9 15 25 13 16 17 23 28 15 25 13 16 17 23
28 15 25 9 25 13 16 17 23 28 15 25 13 16 17 23
28 15 25 13 9 25 13 16 17 23 28 15 25 13 16 17 23

29 18 8 5 26 20 21 29 18 8 5 26 20 21
29 18 8 5 26 20 21 29 18 12 18 8 5 26 20 21
29 18 8 5 26 20 21 29 18 8 12 18 8 5 26 20 21
29 18 8 5 26 20 21 29 18 8 12 8 5 26 20 21
29 18 8 5 26 20 21 29 18 8 5 12 8 5 26 20 21
29 18 12 18 8 5 26 20 21 29 18 8 5 26 20 21
29 18 8 12 18 8 5 26 20 21 29 18 8 5 26 20 21
29 18 8 12 8 5 26 20 21 29 18 8 5 26 20 21
29 18 8 5 12 8 5 26 20 21 29 18 8 5 26 20 21

28 7 23 23 14 25 6 28 7 23 23 14 25 6
28 7 23 23 14 25 6 28 7 14 7 23 23 14 25 6
28 7 23 23 14 25 6 28 7 23 14 7 23 23 14 25 6
28 7 23 23 14 25 6 28 7 23 14 23 23 14 25 6
28 7 23 23 14 25 6 28 7 23 23 14 23 23 14 25 6
28 7 14 7 23 23 14 25 6 28 7 23 23 14 25 6
28 7 23 14 7 23 23 14 25 6 28 7 23 23 14 25 6
28 7 23 14 23 23 14 25 6 28 7 23 23 14 25 6
28 7 23 23 14 23 23 14 25 6 28 7 23 23 14 25 6

21 25 23 12 26 16 16 21 25 23 12 26 16 16
21 25 23 12 26 16 16 21 25 20 25 23 12 26 16 16
21 25 23 12 26 16 16 21 25 23 20 25 23 12 26 16 16
21 25 23 12 26 16 16 21 25 23 20 23 12 26 16 16
21 25 23 12 26 16 16 21 25 23 12 20 23 12 26 16 16
21 25 20 25 23 12 26 16 16 21 25 23 12 26 16 16
21 25 23 20 25 23 12 26 16 16 21 25 23 12 26 16 16
21 25 23 20 23 12 26 16 16 21 25 23 12 26 16 16
21 25 23 12 20 23 12 26 16 16 21 25 23 12 26 16 16

8 29 23 13 17 23 11 8 29 23 13 17 23 11
8 29 23 13 17 23 11 8 29 20 29 23 13 17 23 11
8 29 23 13 17 23 11 8 29 23 20 29 23 13 17 23 11
8 29 23 13 17 23 11 8 29 23 20 23 13 17 23 11
8 29 23 13 17 23 11 8 29 23 13 20 23 13 17 23 11
8 29 20 29 23 13 17 23 11 8 29 23 13 17 23 11
8 29 23 20 29 23 13 17 23 11 8 29 23 13 17 23 11
8 29 23 20 23 13 17 23 11 8 29 23 13 17 23 11
8 29 23 13 20 23 13 17 23 11 8 29 23 13 17 23 11

29 17 15 24 8 16 7 29 17 15 24 8 16 7
29 17 15 24 8 16 7 29 17 7 17 15 24 8 16 7
29 17 15 24 8 16 7 29 17 15 7 17 15 24 8 16 7
29 17 15 24 8 16 7 29 17 15 7 15 24 8 16 7
29 17 15 24 8 16 7 29 17 15 24 7 15 24 8 16 7
29 17 7 17 15 24 8 16 7 29 17 15 24 8 16 7
29 17 15 7 17 15 24 8 16 7 29 17 15 24 8 16 7
29 17 15 7 15 24 8 16 7 29 17 15 24 8 16 7
29 17 15 24 7 15 24 8 16 7 29 17 15 24 8 16 7

15 23 19 22 12 21 26 15 23 19 22 12 21 26
15 23 19 22 12 21 26 15 23 16 23 19 22 12 21 26
15 23 19 22 12 21 26 15 23 19 16 23 19 22 12 21 26
15 23 19 22 12 21 26 15 23 19 16 19 22 12 21 26
15 23 19 22 12 21 26 15 23 19 22 16 19 22 12 21 26
15 23 16 23 19 22 12 21 26 15 23 19 22 12 21 26
15 23 19 16 23 19 22 12 21 26 15 23 19 22 12 21 26
15 23 19 16 19 22 12 21 26 15 23 19 22 12 21 26
15 23 19 22 16 19 22 12 21 26 15 23 19 22 12 21 26

24 10 13 23 7 6 17 24 10 13 23 7 6 17
24 10 13 23 7 6 17 24 10 15 10 13 23 7 6 17
24 10 13 23 7 6 17 24 10 13 15 10 13 23 7 6 17
24 10 13 23 7 6 17 24 10 13 15 13 23 7 6 17
24 10 13 23 7 6 17 24 10 13 23 15 13 23 7 6 17
24 10 15 10 13 23 7 6 17 24 10 13 23 7 6 17
24 10 13 15 10 13 23 7 6 17 24 10 13 23 7 6 17
24 10 13 15 13 23 7 6 17 24 10 13 23 7 6 17
24 10 13 23 15 13 23 7 6 17 24 10 13 23 7 6 17

20 23 7 18 11 12 24 20 23 7 18 11 12 24
20 23 7 18 11 12 24 20 23 5 23 7 18 11 12 24
20 23 7 18 11 12 24 20 23 7 5 23 7 18 11 12 24
20 23 7 18 11 12 24 20 23 7 5 7 18 11 12 24
20 23 7 18 11 12 24 20 23 7 18 5 7 18 11 12 24
20 23 5 23 7 18 11 12 24 20 23 7 18 11 12 24
20 23 7 5 23 7 18 11 12 24 20 23 7 18 11 12 24
20 23 7 5 7 18 11 12 24 20 23 7 18 11 12 24
20 23 7 18 5 7 18 11 12 24 20 23 7 18 11 12 24

17 22 10 10 25 25 17 17 22 10 10 25 25 17
17 22 10 10 25 25 17 17 22 12 22 10 10 25 25 17
17 22 10 10 25 25 17 17 22 10 12 22 10 10 25 25 17
17 22 10 10 25 25 17 17 22 10 12 10 10 25 25 17
17 22 10 10 25 25 17 17 22 10 10 12 10 10 25 25 17
17 22 12 22 10 10 25 25 17 17 22 10 10 25 25 17
17 22 10 12 22 10 10 25 25 17 17 22 10 10 25 25 17
17 22 10 12 10 10 25 25 17 17 22 10 10 25 25 17
17 22 10 10 12 10 10 25 25 17 17 22 10 10 25 25 17

19 29 26 5 30 24 15 19 29 26 5 30 24 15
19 29 26 5 30 24 15 19 29 14 29 26 5 30 24 15
19 29 26 5 30 24 15 19 29 26 14 29 26 5 30 24 15
19 29 26 5 30 24 15 19 29 26 14 26 5 30 24 15
19 29 26 5 30 24 15 19 29 26 5 14 26 5 30 24 15
19 29 14 29 26 5 30 24 15 19 29 26 5 30 24 15
19 29 26 14 29 26 5 30 24 15 19 29 26 5 30 24 15
19 29 26 14 26 5 30 24 15 19 29 26 5 30 24 15
19 29 26 5 14 26 5 30 24 15 19 29 26 5 30 24 15

15 16 25 29 18 17 6 15 16 25 29 18 17 6
15 16 25 29 18 17 6 15 16 15 16 25 29 18 17 6
15 16 25 29 18 17 6 15 16 25 15 16 25 29 18 17 6
15 16 25 29 18 17 6 15 16 25 15 25 29 18 17 6
15 16 25 29 18 17 6 15 16 25 29 15 25 29 18 17 6
15 16 15 16 25 29 18 17 6 15 16 25 29 18 17 6
15 16 25 15 16 25 29 18 17 6 15 16 25 29 18 17 6
15 16 25 15 25 29 18 17 6 15 16 25 29 18 17 6
15 16 25 29 15 25 29 18 17 6 15 16 25 29 18 17 6

16 13 15 16 23 23 7 16 13 15 16 23 23 7
16 13 15 16 23 23 7 16 13 7 13 15 16 23 23 7
16 13 15 16 23 23 7 16 13 15 7 13 15 16 23 23 7
16 13 15 16 23 23 7 16 13 15 7 15 16 23 23 7
16 13 15 16 23 23 7 16 13 15 16 7 15 16 23 23 7
16 13 7 13 15 16 23 23 7 16 13 15 16 23 23 7
16 13 15 7 13 15 16 23 23 7 16 13 15 16 23 23 7
16 13 15 7 15 16 23 23 7 16 13 15 16 23 23 7
16 13 15 16 7 15 16 23 23 7 16 13 15 16 23 23 7

14 15 13 10 19 11 26 14 15 13 10 19 11 26
14 15 13 10 19 11 26 14 15 18 15 13 10 19 11 26
14 15 13 10 19 11 26 14 15 13 18 15 13 10 19 11 26
14 15 13 10 19 11 26 14 15 13 18 13 10 19 11 26
14 15 13 10 19 11 26 14 15 13 10 18 13 10 19 11 26
14 15 18 15 13 10 19 11 26 14 15 13 10 19 11 26
14 15 13 18 15 13 10 19 11 26 14 15 13 10 19 11 26
14 15 13 18 13 10 19 11 26 14 15 13 10 19 11 26
14 15 13 10 18 13 10 19 11 26 14 15 13 10 19 11 26

23 18 30 13 14 28 8 23 18 30 13 14 28 8
23 18 30 13 14 28 8 23 18 7 18 30 13 14 28 8
23 18 30 13 14 28 8 23 18 30 7 18 30 13 14 28 8
23 18 30 13 14 28 8 23 18 30 7 30 13 14 28 8
23 18 30 13 14 28 8 23 18 30 13 7 30 13 14 28 8
23 18 7 18 30 13 14 28 8 23 18 30 13 14 28 8
23 18 30 7 18 30 13 14 28 8 23 18 30 13 14 28 8
23 18 30 7 30 13 14 28 8 23 18 30 13 14 28 8
23 18 30 13 7 30 13 14 28 8 23 18 30 13 14 28 8

7 20 30 22 26 17 15 7 20 30 22 26 17 15
7 20 30 22 26 17 15 7 20 10 20 30 22 26 17 15
7 20 30 22 26 17 15 7 20 30 10 20 30 22 26 17 15
7 20 30 22 26 17 15 7 20 30 10 30 22 26 17 15
7 20 30 22 26 17 15 7 20 30 22 10 30 22 26 17 15
7 20 10 20 30 22 26 17 15 7 20 30 22 26 17 15
7 20 30 10 20 30 22 26 17 15 7 20 30 22 26 17 15
7 20 30 10 30 22 26 17 15 7 20 30 22 26 17 15
7 20 30 22 10 30 22 26 17 15 7 20 30 22 26 17 15

12 18 10 14 16 20 27 12 18 10 14 16 20 27
12 18 10 14 16 20 27 12 18 5 18 10 14 16 20 27
12 18 10 14 16 20 27 12 18 10 5 18 10 14 16 20 27
12 18 10 14 16 20 27 12 18 10 5 10 14 16 20 27
12 18 10 14 16 20 27 12 18 10 14 5 10 14 16 20 27
12 18 5 18 10 14 16 20 27 12 18 10 14 16 20 27
12 18 10 5 18 10 14 16 20 27 12 18 10 14 16 20 27
12 18 10 5 10 14 16 20 27 12 18 10 14 16 20 27
12 18 10 14 5 10 14 16 20 27 12 18 10 14 16 20 27

6 19 19 28 22 8 15 6 19 19 28 22 8 15
6 19 19 28 22 8 15 6 19 6 19 19 28 22 8 15
6 19 19 28 22 8 15 6 19 19 6 19 19 28 22 8 15
6 19 19 28 22 8 15 6 19 19 6 19 28 22 8 15
6 19 19 28 22 8 15 6 19 19 28 6 19 28 22 8 15
6 19 6 19 19 28 22 8 15 6 19 19 28 22 8 15
6 19 19 6 19 19 28 22 8 15 6 19 19 28 22 8 15
6 19 19 6 19 28 22 8 15 6 19 19 28 22 8 15
6 19 19 28 6 19 28 22 8 15 6 19 19 28 22 8 15

23 17 20 14 18 15 25 23 17 20 14 18 15 25
23 17 20 14 18 15 25 23 17 18 17 20 14 18 15 25
23 17 20 14 18 15 25 23 17 20 18 17 20 14 18 15 25
23 17 20 14 18 15 25 23 17 20 18 20 14 18 15 25
23 17 20 14 18 15 25 23 17 20 14 18 20 14 18 15 25
23 17 18 17 20 14 18 15 25 23 17 20 14 18 15 25
23 17 20 18 17 20 14 18 15 25 23 17 20 14 18 15 25
23 17 20 18 20 14 18 15 25 23 17 20 14 18 15 25
23 17 20 14 18 20 14 18 15 25 23 17 20 14 18 15 25

13 17 28 28 14 21 23 13 17 28 28 14 21 23
13 17 28 28 14 21 23 13 17 7 17 28 28 14 21 23
13 17 28 28 14 21 23 13 17 28 7 17 28 28 14 21 23
13 17 28 28 14 21 23 13 17 28 7 28 28 14 21 23
13 17 28 28 14 21 23 13 17 28 28 7 28 28 14 21 23
13 17 7 17 28 28 14 21 23 13 17 28 28 14 21 23
13 17 28 7 17 28 28 14 21 23 13 17 28 28 14 21 23
13 17 28 7 28 28 14 21 23 13 17 28 28 14 21 23
13 17 28 28 7 28 28 14 21 23 13 17 28 28 14 21 23

8 26 10 17 16 26 30 8 26 10 17 16 26 30
8 26 10 17 16 26 30 8 26 10 26 10 17 16 26 30
8 26 10 17 16 26 30 8 26 10 10 26 10 17 16 26 30
8 26 10 17 16 26 30 8 26 10 10 10 17 16 26 30
8 26 10 17 16 26 30 8 26 10 17 10 10 17 16 26 30
8 26 10 26 10 17 16 26 30 8 26 10 17 16 26 30
8 26 10 10 26 10 17 16 26 30 8 26 10 17 16 26 30
8 26 10 10 10 17 16 26 30 8 26 10 17 16 26 30
8 26 10 17 10 10 17 16 26 30 8 26 10 17 16 26 30

10 17 8 22 13 18 28 10 17 8 22 13 18 28
10 17 8 22 13 18 28 10 17 12 17 8 22 13 18 28
10 17 8 22 13 18 28 10 17 8 12 17 8 22 13 18 28
10 17 8 22 13 18 28 10 17 8 12 8 22 13 18 28
10 17 8 22 13 18 28 10 17 8 22 12 8 22 13 18 28
10 17 12 17 8 22 13 18 28 10 17 8 22 13 18 28
10 17 8 12 17 8 22 13 18 28 10 17 8 22 13 18 28
10 17 8 12 8 22 13 18 28 10 17 8 22 13 18 28
10 17 8 22 12 8 22 13 18 28 10 17 8 22 13 18 28

14 11 21 21 16 30 18 14 11 21 21 16 30 18
14 11 21 21 16 30 18 14 11 19 11 21 21 16 30 18
14 11 21 21 16 30 18 14 11 21 19 11 21 21 16 30 18
14 11 21 21 16 30 18 14 11 21 19 21 21 16 30 18
14 11 21 21 16 30 18 14 11 21 21 19 21 21 16 30 18
14 11 19 11 21 21 16 30 18 14 11 21 21 16 30 18
14 11 21 19 11 21 21 16 30 18 14 11 21 21 16 30 18
14 11 21 19 21 21 16 30 18 14 11 21 21 16 30 18
14 11 21 21 19 21 21 16 30 18 14 11 21 21 16 30 18

28 19 21 8 6 23 6 28 19 21 8 6 23 6
28 19 21 8 6 23 6 28 19 8 19 21 8 6 23 6
28 19 21 8 6 23 6 28 19 21 8 19 21 8 6 23 6
28 19 21 8 6 23 6 28 19 21 8 21 8 6 23 6
28 19 21 8 6 23 6 28 19 21 8 8 21 8 6 23 6
28 19 8 19 21 8 6 23 6 28 19 21 8 6 23 6
28 19 21 8 19 21 8 6 23 6 28 19 21 8 6 23 6
28 19 21 8 21 8 6 23 6 28 19 21 8 6 23 6
28 19 21 8 8 21 8 6 23 6 28 19 21 8 6 23 6

