200
7
2
2

26
14
17
21
14
12
26
25
28
29
12
26
13
18
30
26
26
0
2
3
15
12
16
21
22
10
5
4
12
11
4
18
20
16
22
9
6
12
14
30
30
12
30
10
26
1
6
19
4
25
26
16
14
18
10
21
24
14
17
26
18
17
9
7
0
26
9
26
1
21
24
27
16
6
21
3
15
7
18
24
9
19
16
7
18
24
19
14
12
26
14
8
27
25
30
29
5
3
6
13
13
18
30
15
14
25
6
8
13
5
0
11
10
3
8
21
29
2
27
28
22
4
30
0
16
22
27
15
7
18
2
29
7
20
16
17
13
25
20
13
6
4
5
12
29
6
29
13
2
3
28
1
9
26
16
8
23
20
21
15
9
8
27
14
2
10
15
22
2
4
0
12
30
9
13
18
7
3
9
5
19
0
0
5
17
9
24
5
26
6
19
30
21
7
12
18
18
17
12
5

37 21 
35 29 
37 22 
29 20 
21 40 
15 29 
32 26 
26 39 
45 30 
18 24 
30 21 
28 28 
32 33 
22 20 
28 31 
42 34 
48 28 
36 32 
32 25 
38 22 
26 17 
27 29 
45 23 
24 37 
23 32 
33 28 
20 43 
29 14 
33 11 
32 21 
23 45 
20 36 
34 19 
46 24 
23 26 
28 17 
42 22 
38 41 
39 21 
44 32 
34 37 
33 15 
20 46 
32 16 
34 26 
34 33 
23 26 
32 27 
14 32 
29 15 
20 21 
39 26 
26 19 
31 39 
37 25 
26 45 
36 38 
37 16 
32 26 
41 38 
29 26 
34 43 
26 17 
33 22 
23 38 
40 29 
33 36 
43 28 
27 40 
23 24 
40 45 
33 47 
36 32 
23 19 
31 31 
34 32 
18 23 
15 19 
31 26 
31 38 
26 26 
37 46 
31 29 
28 24 
39 11 
41 38 
24 31 
29 24 
18 24 
30 22 
24 39 
29 31 
24 28 
38 38 
30 20 
20 34 
34 29 
40 32 
32 23 
30 21 
28 38 
27 40 
24 32 
20 33 
35 36 
37 15 
17 41 
33 36 
32 40 
21 29 
25 17 
18 46 
35 28 
42 37 
43 27 
24 32 
33 28 
33 38 
25 15 
21 22 
23 41 
22 23 
36 37 
21 30 
32 34 
38 16 
21 24 
29 31 
35 47 
43 31 
30 14 
38 45 
42 40 
31 21 
31 16 
36 19 
17 26 
24 28 
30 28 
11 15 
23 29 
42 16 
43 34 
40 29 
39 32 
23 35 
27 36 
24 32 
22 29 
23 31 
15 33 
35 41 
42 29 
14 23 
25 27 
33 34 
23 22 
39 20 
34 30 
23 38 
37 24 
27 33 
36 33 
23 22 
34 35 
24 33 
23 32 
35 26 
29 15 
28 38 
28 27 
23 22 
30 12 
34 35 
27 15 
32 29 
23 18 
17 39 
22 29 
33 24 
36 33 
22 13 
21 35 
35 27 
19 22 
14 30 
15 31 
26 35 
31 36 
22 49 
36 20 
31 29 
39 12 
20 27 
13 42 
24 24 
34 37 
18 29 
19 36 
34 42 

325
306
368
321
322
246
306
315
310
225
212
363
342
292
336
320
371
307
298
227
274
375
396
390
320
296
345
251
312
335
276
295
300
319
299
245
311
316
320
330
380
265
343
371
426
392
265
286
269
222
330
353
270
370
331
236
379
340
366
398
300
369
352
301
314
348
325
431
286
307
346
405
388
195
317
268
332
250
246
340
224
361
304
193
342
435
273
363
261
344
408
348
259
344
291
235
376
309
292
308
270
359
335
347
363
339
280
345
349
296
280
271
294
334
379
392
387
312
252
325
300
253
346
298
397
342
320
410
407
344
315
429
358
240
328
331
215
337
298
252
284
399
332
338
327
298
340
328
219
343
333
316
332
260
241
318
278
251
340
333
312
277
363
246
279
295
341
356
327
221
373
297
280
298
255
343
202
208
305
356
288
284
292
373
289
297
254
271
386
319
349
302
275
279
253
246
330
207
347
311

1 2 3 4 5 1 2 3 4 5 6 7
1 2 3 4 5 1 2 100 102 3 4 5 6 7
1 2 3 4 5 1 2 3 100 102 103 4 5 6 7
1 2 3 4 5 1 2 3 100 103 4 5 6 7
1 2 3 4 5 1 2 3 4 100 103 104 5 6 7
1 2 100 102 3 4 5 1 2 3 4 5 6 7
1 2 3 100 102 103 4 5 1 2 3 4 5 6 7
1 2 3 100 103 4 5 1 2 3 4 5 6 7
1 2 3 4 100 103 104 5 1 2 3 4 5 6 7

20 13 20 10 25 16 18 20 13 20 10 25 16 18
20 13 20 10 25 16 18 20 13 20 13 20 10 25 16 18
20 13 20 10 25 16 18 20 13 20 20 13 20 10 25 16 18
20 13 20 10 25 16 18 20 13 20 20 20 10 25 16 18
20 13 20 10 25 16 18 20 13 20 10 20 20 10 25 16 18
20 13 20 13 20 10 25 16 18 20 13 20 10 25 16 18
20 13 20 20 13 20 10 25 16 18 20 13 20 10 25 16 18
20 13 20 20 20 10 25 16 18 20 13 20 10 25 16 18
20 13 20 10 20 20 10 25 16 18 20 13 20 10 25 16 18

17 20 25 10 16 28 9 17 20 25 10 16 28 9
17 20 25 10 16 28 9 17 20 6 20 25 10 16 28 9
17 20 25 10 16 28 9 17 20 25 6 20 25 10 16 28 9
17 20 25 10 16 28 9 17 20 25 6 25 10 16 28 9
17 20 25 10 16 28 9 17 20 25 10 6 25 10 16 28 9
17 20 6 20 25 10 16 28 9 17 20 25 10 16 28 9
17 20 25 6 20 25 10 16 28 9 17 20 25 10 16 28 9
17 20 25 6 25 10 16 28 9 17 20 25 10 16 28 9
17 20 25 10 6 25 10 16 28 9 17 20 25 10 16 28 9

8 30 27 17 28 12 28 8 30 27 17 28 12 28
8 30 27 17 28 12 28 8 30 8 30 27 17 28 12 28
8 30 27 17 28 12 28 8 30 27 8 30 27 17 28 12 28
8 30 27 17 28 12 28 8 30 27 8 27 17 28 12 28
8 30 27 17 28 12 28 8 30 27 17 8 27 17 28 12 28
8 30 8 30 27 17 28 12 28 8 30 27 17 28 12 28
8 30 27 8 30 27 17 28 12 28 8 30 27 17 28 12 28
8 30 27 8 27 17 28 12 28 8 30 27 17 28 12 28
8 30 27 17 8 27 17 28 12 28 8 30 27 17 28 12 28

8 11 23 12 27 28 25 8 11 23 12 27 28 25
8 11 23 12 27 28 25 8 11 16 11 23 12 27 28 25
8 11 23 12 27 28 25 8 11 23 16 11 23 12 27 28 25
8 11 23 12 27 28 25 8 11 23 16 23 12 27 28 25
8 11 23 12 27 28 25 8 11 23 12 16 23 12 27 28 25
8 11 16 11 23 12 27 28 25 8 11 23 12 27 28 25
8 11 23 16 11 23 12 27 28 25 8 11 23 12 27 28 25
8 11 23 16 23 12 27 28 25 8 11 23 12 27 28 25
8 11 23 12 16 23 12 27 28 25 8 11 23 12 27 28 25

9 28 8 30 22 19 9 9 28 8 30 22 19 9
9 28 8 30 22 19 9 9 28 12 28 8 30 22 19 9
9 28 8 30 22 19 9 9 28 8 12 28 8 30 22 19 9
9 28 8 30 22 19 9 9 28 8 12 8 30 22 19 9
9 28 8 30 22 19 9 9 28 8 30 12 8 30 22 19 9
9 28 12 28 8 30 22 19 9 9 28 8 30 22 19 9
9 28 8 12 28 8 30 22 19 9 9 28 8 30 22 19 9
9 28 8 12 8 30 22 19 9 9 28 8 30 22 19 9
9 28 8 30 12 8 30 22 19 9 9 28 8 30 22 19 9

15 18 6 23 5 27 13 15 18 6 23 5 27 13
15 18 6 23 5 27 13 15 18 16 18 6 23 5 27 13
15 18 6 23 5 27 13 15 18 6 16 18 6 23 5 27 13
15 18 6 23 5 27 13 15 18 6 16 6 23 5 27 13
15 18 6 23 5 27 13 15 18 6 23 16 6 23 5 27 13
15 18 16 18 6 23 5 27 13 15 18 6 23 5 27 13
15 18 6 16 18 6 23 5 27 13 15 18 6 23 5 27 13
15 18 6 16 6 23 5 27 13 15 18 6 23 5 27 13
15 18 6 23 16 6 23 5 27 13 15 18 6 23 5 27 13

28 18 17 12 17 11 11 28 18 17 12 17 11 11
28 18 17 12 17 11 11 28 18 6 18 17 12 17 11 11
28 18 17 12 17 11 11 28 18 17 6 18 17 12 17 11 11
28 18 17 12 17 11 11 28 18 17 6 17 12 17 11 11
28 18 17 12 17 11 11 28 18 17 12 6 17 12 17 11 11
28 18 6 18 17 12 17 11 11 28 18 17 12 17 11 11
28 18 17 6 18 17 12 17 11 11 28 18 17 12 17 11 11
28 18 17 6 17 12 17 11 11 28 18 17 12 17 11 11
28 18 17 12 6 17 12 17 11 11 28 18 17 12 17 11 11

28 11 13 28 18 6 10 28 11 13 28 18 6 10
28 11 13 28 18 6 10 28 11 20 11 13 28 18 6 10
28 11 13 28 18 6 10 28 11 13 20 11 13 28 18 6 10
28 11 13 28 18 6 10 28 11 13 20 13 28 18 6 10
28 11 13 28 18 6 10 28 11 13 28 20 13 28 18 6 10
28 11 20 11 13 28 18 6 10 28 11 13 28 18 6 10
28 11 13 20 11 13 28 18 6 10 28 11 13 28 18 6 10
28 11 13 20 13 28 18 6 10 28 11 13 28 18 6 10
28 11 13 28 20 13 28 18 6 10 28 11 13 28 18 6 10

20 19 26 17 9 15 9 20 19 26 17 9 15 9
20 19 26 17 9 15 9 20 19 12 19 26 17 9 15 9
20 19 26 17 9 15 9 20 19 26 12 19 26 17 9 15 9
20 19 26 17 9 15 9 20 19 26 12 26 17 9 15 9
20 19 26 17 9 15 9 20 19 26 17 12 26 17 9 15 9
20 19 12 19 26 17 9 15 9 20 19 26 17 9 15 9
20 19 26 12 19 26 17 9 15 9 20 19 26 17 9 15 9
20 19 26 12 26 17 9 15 9 20 19 26 17 9 15 9
20 19 26 17 12 26 17 9 15 9 20 19 26 17 9 15 9

15 14 11 5 10 8 25 15 14 11 5 10 8 25
15 14 11 5 10 8 25 15 14 5 14 11 5 10 8 25
15 14 11 5 10 8 25 15 14 11 5 14 11 5 10 8 25
15 14 11 5 10 8 25 15 14 11 5 11 5 10 8 25
15 14 11 5 10 8 25 15 14 11 5 5 11 5 10 8 25
15 14 5 14 11 5 10 8 25 15 14 11 5 10 8 25
15 14 11 5 14 11 5 10 8 25 15 14 11 5 10 8 25
15 14 11 5 11 5 10 8 25 15 14 11 5 10 8 25
15 14 11 5 5 11 5 10 8 25 15 14 11 5 10 8 25

10 7 19 16 12 13 7 10 7 19 16 12 13 7
10 7 19 16 12 13 7 10 7 11 7 19 16 12 13 7
10 7 19 16 12 13 7 10 7 19 11 7 19 16 12 13 7
10 7 19 16 12 13 7 10 7 19 11 19 16 12 13 7
10 7 19 16 12 13 7 10 7 19 16 11 19 16 12 13 7
10 7 11 7 19 16 12 13 7 10 7 19 16 12 13 7
10 7 19 11 7 19 16 12 13 7 10 7 19 16 12 13 7
10 7 19 11 19 16 12 13 7 10 7 19 16 12 13 7
10 7 19 16 11 19 16 12 13 7 10 7 19 16 12 13 7

24 10 20 10 28 26 30 24 10 20 10 28 26 30
24 10 20 10 28 26 30 24 10 12 10 20 10 28 26 30
24 10 20 10 28 26 30 24 10 20 12 10 20 10 28 26 30
24 10 20 10 28 26 30 24 10 20 12 20 10 28 26 30
24 10 20 10 28 26 30 24 10 20 10 12 20 10 28 26 30
24 10 12 10 20 10 28 26 30 24 10 20 10 28 26 30
24 10 20 12 10 20 10 28 26 30 24 10 20 10 28 26 30
24 10 20 12 20 10 28 26 30 24 10 20 10 28 26 30
24 10 20 10 12 20 10 28 26 30 24 10 20 10 28 26 30

20 16 22 14 23 27 22 20 16 22 14 23 27 22
20 16 22 14 23 27 22 20 16 18 16 22 14 23 27 22
20 16 22 14 23 27 22 20 16 22 18 16 22 14 23 27 22
20 16 22 14 23 27 22 20 16 22 18 22 14 23 27 22
20 16 22 14 23 27 22 20 16 22 14 18 22 14 23 27 22
20 16 18 16 22 14 23 27 22 20 16 22 14 23 27 22
20 16 22 18 16 22 14 23 27 22 20 16 22 14 23 27 22
20 16 22 18 22 14 23 27 22 20 16 22 14 23 27 22
20 16 22 14 18 22 14 23 27 22 20 16 22 14 23 27 22

14 25 13 6 24 11 21 14 25 13 6 24 11 21
14 25 13 6 24 11 21 14 25 17 25 13 6 24 11 21
14 25 13 6 24 11 21 14 25 13 17 25 13 6 24 11 21
14 25 13 6 24 11 21 14 25 13 17 13 6 24 11 21
14 25 13 6 24 11 21 14 25 13 6 17 13 6 24 11 21
14 25 17 25 13 6 24 11 21 14 25 13 6 24 11 21
14 25 13 17 25 13 6 24 11 21 14 25 13 6 24 11 21
14 25 13 17 13 6 24 11 21 14 25 13 6 24 11 21
14 25 13 6 17 13 6 24 11 21 14 25 13 6 24 11 21

16 14 10 21 26 25 17 16 14 10 21 26 25 17
16 14 10 21 26 25 17 16 14 5 14 10 21 26 25 17
16 14 10 21 26 25 17 16 14 10 5 14 10 21 26 25 17
16 14 10 21 26 25 17 16 14 10 5 10 21 26 25 17
16 14 10 21 26 25 17 16 14 10 21 5 10 21 26 25 17
16 14 5 14 10 21 26 25 17 16 14 10 21 26 25 17
16 14 10 5 14 10 21 26 25 17 16 14 10 21 26 25 17
16 14 10 5 10 21 26 25 17 16 14 10 21 26 25 17
16 14 10 21 5 10 21 26 25 17 16 14 10 21 26 25 17

13 15 25 14 24 24 10 13 15 25 14 24 24 10
13 15 25 14 24 24 10 13 15 11 15 25 14 24 24 10
13 15 25 14 24 24 10 13 15 25 11 15 25 14 24 24 10
13 15 25 14 24 24 10 13 15 25 11 25 14 24 24 10
13 15 25 14 24 24 10 13 15 25 14 11 25 14 24 24 10
13 15 11 15 25 14 24 24 10 13 15 25 14 24 24 10
13 15 25 11 15 25 14 24 24 10 13 15 25 14 24 24 10
13 15 25 11 25 14 24 24 10 13 15 25 14 24 24 10
13 15 25 14 11 25 14 24 24 10 13 15 25 14 24 24 10

16 15 28 16 26 21 21 16 15 28 16 26 21 21
16 15 28 16 26 21 21 16 15 16 15 28 16 26 21 21
16 15 28 16 26 21 21 16 15 28 16 15 28 16 26 21 21
16 15 28 16 26 21 21 16 15 28 16 28 16 26 21 21
16 15 28 16 26 21 21 16 15 28 16 16 28 16 26 21 21
16 15 16 15 28 16 26 21 21 16 15 28 16 26 21 21
16 15 28 16 15 28 16 26 21 21 16 15 28 16 26 21 21
16 15 28 16 28 16 26 21 21 16 15 28 16 26 21 21
16 15 28 16 16 28 16 26 21 21 16 15 28 16 26 21 21

9 23 19 24 14 10 29 9 23 19 24 14 10 29
9 23 19 24 14 10 29 9 23 13 23 19 24 14 10 29
9 23 19 24 14 10 29 9 23 19 13 23 19 24 14 10 29
9 23 19 24 14 10 29 9 23 19 13 19 24 14 10 29
9 23 19 24 14 10 29 9 23 19 24 13 19 24 14 10 29
9 23 13 23 19 24 14 10 29 9 23 19 24 14 10 29
9 23 19 13 23 19 24 14 10 29 9 23 19 24 14 10 29
9 23 19 13 19 24 14 10 29 9 23 19 24 14 10 29
9 23 19 24 13 19 24 14 10 29 9 23 19 24 14 10 29

24 7 23 14 19 17 23 24 7 23 14 19 17 23
24 7 23 14 19 17 23 24 7 12 7 23 14 19 17 23
24 7 23 14 19 17 23 24 7 23 12 7 23 14 19 17 23
24 7 23 14 19 17 23 24 7 23 12 23 14 19 17 23
24 7 23 14 19 17 23 24 7 23 14 12 23 14 19 17 23
24 7 12 7 23 14 19 17 23 24 7 23 14 19 17 23
24 7 23 12 7 23 14 19 17 23 24 7 23 14 19 17 23
24 7 23 12 23 14 19 17 23 24 7 23 14 19 17 23
24 7 23 14 12 23 14 19 17 23 24 7 23 14 19 17 23

8 6 22 6 17 30 8 8 6 22 6 17 30 8
8 6 22 6 17 30 8 8 6 16 6 22 6 17 30 8
8 6 22 6 17 30 8 8 6 22 16 6 22 6 17 30 8
8 6 22 6 17 30 8 8 6 22 16 22 6 17 30 8
8 6 22 6 17 30 8 8 6 22 6 16 22 6 17 30 8
8 6 16 6 22 6 17 30 8 8 6 22 6 17 30 8
8 6 22 16 6 22 6 17 30 8 8 6 22 6 17 30 8
8 6 22 16 22 6 17 30 8 8 6 22 6 17 30 8
8 6 22 6 16 22 6 17 30 8 8 6 22 6 17 30 8

24 16 16 10 12 13 15 24 16 16 10 12 13 15
24 16 16 10 12 13 15 24 16 9 16 16 10 12 13 15
24 16 16 10 12 13 15 24 16 16 9 16 16 10 12 13 15
24 16 16 10 12 13 15 24 16 16 9 16 10 12 13 15
24 16 16 10 12 13 15 24 16 16 10 9 16 10 12 13 15
24 16 9 16 16 10 12 13 15 24 16 16 10 12 13 15
24 16 16 9 16 16 10 12 13 15 24 16 16 10 12 13 15
24 16 16 9 16 10 12 13 15 24 16 16 10 12 13 15
24 16 16 10 9 16 10 12 13 15 24 16 16 10 12 13 15

28 30 18 12 18 21 18 28 30 18 12 18 21 18
28 30 18 12 18 21 18 28 30 15 30 18 12 18 21 18
28 30 18 12 18 21 18 28 30 18 15 30 18 12 18 21 18
28 30 18 12 18 21 18 28 30 18 15 18 12 18 21 18
28 30 18 12 18 21 18 28 30 18 12 15 18 12 18 21 18
28 30 15 30 18 12 18 21 18 28 30 18 12 18 21 18
28 30 18 15 30 18 12 18 21 18 28 30 18 12 18 21 18
28 30 18 15 18 12 18 21 18 28 30 18 12 18 21 18
28 30 18 12 15 18 12 18 21 18 28 30 18 12 18 21 18

26 28 25 7 30 11 18 26 28 25 7 30 11 18
26 28 25 7 30 11 18 26 28 5 28 25 7 30 11 18
26 28 25 7 30 11 18 26 28 25 5 28 25 7 30 11 18
26 28 25 7 30 11 18 26 28 25 5 25 7 30 11 18
26 28 25 7 30 11 18 26 28 25 7 5 25 7 30 11 18
26 28 5 28 25 7 30 11 18 26 28 25 7 30 11 18
26 28 25 5 28 25 7 30 11 18 26 28 25 7 30 11 18
26 28 25 5 25 7 30 11 18 26 28 25 7 30 11 18
26 28 25 7 5 25 7 30 11 18 26 28 25 7 30 11 18

23 28 8 30 25 6 26 23 28 8 30 25 6 26
23 28 8 30 25 6 26 23 28 19 28 8 30 25 6 26
23 28 8 30 25 6 26 23 28 8 19 28 8 30 25 6 26
23 28 8 30 25 6 26 23 28 8 19 8 30 25 6 26
23 28 8 30 25 6 26 23 28 8 30 19 8 30 25 6 26
23 28 19 28 8 30 25 6 26 23 28 8 30 25 6 26
23 28 8 19 28 8 30 25 6 26 23 28 8 30 25 6 26
23 28 8 19 8 30 25 6 26 23 28 8 30 25 6 26
23 28 8 30 19 8 30 25 6 26 23 28 8 30 25 6 26

17 22 8 24 16 15 29 17 22 8 24 16 15 29
17 22 8 24 16 15 29 17 22 8 22 8 24 16 15 29
17 22 8 24 16 15 29 17 22 8 8 22 8 24 16 15 29
17 22 8 24 16 15 29 17 22 8 8 8 24 16 15 29
17 22 8 24 16 15 29 17 22 8 24 8 8 24 16 15 29
17 22 8 22 8 24 16 15 29 17 22 8 24 16 15 29
17 22 8 8 22 8 24 16 15 29 17 22 8 24 16 15 29
17 22 8 8 8 24 16 15 29 17 22 8 24 16 15 29
17 22 8 24 8 8 24 16 15 29 17 22 8 24 16 15 29

29 11 18 21 15 14 6 29 11 18 21 15 14 6
29 11 18 21 15 14 6 29 11 12 11 18 21 15 14 6
29 11 18 21 15 14 6 29 11 18 12 11 18 21 15 14 6
29 11 18 21 15 14 6 29 11 18 12 18 21 15 14 6
29 11 18 21 15 14 6 29 11 18 21 12 18 21 15 14 6
29 11 12 11 18 21 15 14 6 29 11 18 21 15 14 6
29 11 18 12 11 18 21 15 14 6 29 11 18 21 15 14 6
29 11 18 12 18 21 15 14 6 29 11 18 21 15 14 6
29 11 18 21 12 18 21 15 14 6 29 11 18 21 15 14 6

27 18 9 27 22 27 7 27 18 9 27 22 27 7
27 18 9 27 22 27 7 27 18 17 18 9 27 22 27 7
27 18 9 27 22 27 7 27 18 9 17 18 9 27 22 27 7
27 18 9 27 22 27 7 27 18 9 17 9 27 22 27 7
27 18 9 27 22 27 7 27 18 9 27 17 9 27 22 27 7
27 18 17 18 9 27 22 27 7 27 18 9 27 22 27 7
27 18 9 17 18 9 27 22 27 7 27 18 9 27 22 27 7
27 18 9 17 9 27 22 27 7 27 18 9 27 22 27 7
27 18 9 27 17 9 27 22 27 7 27 18 9 27 22 27 7

7 28 15 9 9 30 9 7 28 15 9 9 30 9
7 28 15 9 9 30 9 7 28 13 28 15 9 9 30 9
7 28 15 9 9 30 9 7 28 15 13 28 15 9 9 30 9
7 28 15 9 9 30 9 7 28 15 13 15 9 9 30 9
7 28 15 9 9 30 9 7 28 15 9 13 15 9 9 30 9
7 28 13 28 15 9 9 30 9 7 28 15 9 9 30 9
7 28 15 13 28 15 9 9 30 9 7 28 15 9 9 30 9
7 28 15 13 15 9 9 30 9 7 28 15 9 9 30 9
7 28 15 9 13 15 9 9 30 9 7 28 15 9 9 30 9

17 10 20 5 25 28 29 17 10 20 5 25 28 29
17 10 20 5 25 28 29 17 10 8 10 20 5 25 28 29
17 10 20 5 25 28 29 17 10 20 8 10 20 5 25 28 29
17 10 20 5 25 28 29 17 10 20 8 20 5 25 28 29
17 10 20 5 25 28 29 17 10 20 5 8 20 5 25 28 29
17 10 8 10 20 5 25 28 29 17 10 20 5 25 28 29
17 10 20 8 10 20 5 25 28 29 17 10 20 5 25 28 29
17 10 20 8 20 5 25 28 29 17 10 20 5 25 28 29
17 10 20 5 8 20 5 25 28 29 17 10 20 5 25 28 29

19 23 24 16 24 5 11 19 23 24 16 24 5 11
19 23 24 16 24 5 11 19 23 18 23 24 16 24 5 11
19 23 24 16 24 5 11 19 23 24 18 23 24 16 24 5 11
19 23 24 16 24 5 11 19 23 24 18 24 16 24 5 11
19 23 24 16 24 5 11 19 23 24 16 18 24 16 24 5 11
19 23 18 23 24 16 24 5 11 19 23 24 16 24 5 11
19 23 24 18 23 24 16 24 5 11 19 23 24 16 24 5 11
19 23 24 18 24 16 24 5 11 19 23 24 16 24 5 11
19 23 24 16 18 24 16 24 5 11 19 23 24 16 24 5 11

21 22 6 30 11 8 13 21 22 6 30 11 8 13
21 22 6 30 11 8 13 21 22 18 22 6 30 11 8 13
21 22 6 30 11 8 13 21 22 6 18 22 6 30 11 8 13
21 22 6 30 11 8 13 21 22 6 18 6 30 11 8 13
21 22 6 30 11 8 13 21 22 6 30 18 6 30 11 8 13
21 22 18 22 6 30 11 8 13 21 22 6 30 11 8 13
21 22 6 18 22 6 30 11 8 13 21 22 6 30 11 8 13
21 22 6 18 6 30 11 8 13 21 22 6 30 11 8 13
21 22 6 30 18 6 30 11 8 13 21 22 6 30 11 8 13

9 11 7 30 11 30 26 9 11 7 30 11 30 26
9 11 7 30 11 30 26 9 11 20 11 7 30 11 30 26
9 11 7 30 11 30 26 9 11 7 20 11 7 30 11 30 26
9 11 7 30 11 30 26 9 11 7 20 7 30 11 30 26
9 11 7 30 11 30 26 9 11 7 30 20 7 30 11 30 26
9 11 20 11 7 30 11 30 26 9 11 7 30 11 30 26
9 11 7 20 11 7 30 11 30 26 9 11 7 30 11 30 26
9 11 7 20 7 30 11 30 26 9 11 7 30 11 30 26
9 11 7 30 20 7 30 11 30 26 9 11 7 30 11 30 26

19 28 22 14 9 5 13 19 28 22 14 9 5 13
19 28 22 14 9 5 13 19 28 9 28 22 14 9 5 13
19 28 22 14 9 5 13 19 28 22 9 28 22 14 9 5 13
19 28 22 14 9 5 13 19 28 22 9 22 14 9 5 13
19 28 22 14 9 5 13 19 28 22 14 9 22 14 9 5 13
19 28 9 28 22 14 9 5 13 19 28 22 14 9 5 13
19 28 22 9 28 22 14 9 5 13 19 28 22 14 9 5 13
19 28 22 9 22 14 9 5 13 19 28 22 14 9 5 13
19 28 22 14 9 22 14 9 5 13 19 28 22 14 9 5 13

6 24 30 19 9 25 20 6 24 30 19 9 25 20
6 24 30 19 9 25 20 6 24 18 24 30 19 9 25 20
6 24 30 19 9 25 20 6 24 30 18 24 30 19 9 25 20
6 24 30 19 9 25 20 6 24 30 18 30 19 9 25 20
6 24 30 19 9 25 20 6 24 30 19 18 30 19 9 25 20
6 24 18 24 30 19 9 25 20 6 24 30 19 9 25 20
6 24 30 18 24 30 19 9 25 20 6 24 30 19 9 25 20
6 24 30 18 30 19 9 25 20 6 24 30 19 9 25 20
6 24 30 19 18 30 19 9 25 20 6 24 30 19 9 25 20

15 17 14 16 22 24 12 15 17 14 16 22 24 12
15 17 14 16 22 24 12 15 17 15 17 14 16 22 24 12
15 17 14 16 22 24 12 15 17 14 15 17 14 16 22 24 12
15 17 14 16 22 24 12 15 17 14 15 14 16 22 24 12
15 17 14 16 22 24 12 15 17 14 16 15 14 16 22 24 12
15 17 15 17 14 16 22 24 12 15 17 14 16 22 24 12
15 17 14 15 17 14 16 22 24 12 15 17 14 16 22 24 12
15 17 14 15 14 16 22 24 12 15 17 14 16 22 24 12
15 17 14 16 15 14 16 22 24 12 15 17 14 16 22 24 12

11 16 16 6 18 30 5 11 16 16 6 18 30 5
11 16 16 6 18 30 5 11 16 6 16 16 6 18 30 5
11 16 16 6 18 30 5 11 16 16 6 16 16 6 18 30 5
11 16 16 6 18 30 5 11 16 16 6 16 6 18 30 5
11 16 16 6 18 30 5 11 16 16 6 6 16 6 18 30 5
11 16 6 16 16 6 18 30 5 11 16 16 6 18 30 5
11 16 16 6 16 16 6 18 30 5 11 16 16 6 18 30 5
11 16 16 6 16 6 18 30 5 11 16 16 6 18 30 5
11 16 16 6 6 16 6 18 30 5 11 16 16 6 18 30 5

15 11 27 9 23 27 18 15 11 27 9 23 27 18
15 11 27 9 23 27 18 15 11 15 11 27 9 23 27 18
15 11 27 9 23 27 18 15 11 27 15 11 27 9 23 27 18
15 11 27 9 23 27 18 15 11 27 15 27 9 23 27 18
15 11 27 9 23 27 18 15 11 27 9 15 27 9 23 27 18
15 11 15 11 27 9 23 27 18 15 11 27 9 23 27 18
15 11 27 15 11 27 9 23 27 18 15 11 27 9 23 27 18
15 11 27 15 27 9 23 27 18 15 11 27 9 23 27 18
15 11 27 9 15 27 9 23 27 18 15 11 27 9 23 27 18

28 10 18 30 15 5 16 28 10 18 30 15 5 16
28 10 18 30 15 5 16 28 10 14 10 18 30 15 5 16
28 10 18 30 15 5 16 28 10 18 14 10 18 30 15 5 16
28 10 18 30 15 5 16 28 10 18 14 18 30 15 5 16
28 10 18 30 15 5 16 28 10 18 30 14 18 30 15 5 16
28 10 14 10 18 30 15 5 16 28 10 18 30 15 5 16
28 10 18 14 10 18 30 15 5 16 28 10 18 30 15 5 16
28 10 18 14 18 30 15 5 16 28 10 18 30 15 5 16
28 10 18 30 14 18 30 15 5 16 28 10 18 30 15 5 16

22 16 22 11 18 12 26 22 16 22 11 18 12 26
22 16 22 11 18 12 26 22 16 11 16 22 11 18 12 26
22 16 22 11 18 12 26 22 16 22 11 16 22 11 18 12 26
22 16 22 11 18 12 26 22 16 22 11 22 11 18 12 26
22 16 22 11 18 12 26 22 16 22 11 11 22 11 18 12 26
22 16 11 16 22 11 18 12 26 22 16 22 11 18 12 26
22 16 22 11 16 22 11 18 12 26 22 16 22 11 18 12 26
22 16 22 11 22 11 18 12 26 22 16 22 11 18 12 26
22 16 22 11 11 22 11 18 12 26 22 16 22 11 18 12 26

11 24 29 12 30 5 5 11 24 29 12 30 5 5
11 24 29 12 30 5 5 11 24 12 24 29 12 30 5 5
11 24 29 12 30 5 5 11 24 29 12 24 29 12 30 5 5
11 24 29 12 30 5 5 11 24 29 12 29 12 30 5 5
11 24 29 12 30 5 5 11 24 29 12 12 29 12 30 5 5
11 24 12 24 29 12 30 5 5 11 24 29 12 30 5 5
11 24 29 12 24 29 12 30 5 5 11 24 29 12 30 5 5
11 24 29 12 29 12 30 5 5 11 24 29 12 30 5 5
11 24 29 12 12 29 12 30 5 5 11 24 29 12 30 5 5

25 15 23 30 8 18 22 25 15 23 30 8 18 22
25 15 23 30 8 18 22 25 15 18 15 23 30 8 18 22
25 15 23 30 8 18 22 25 15 23 18 15 23 30 8 18 22
25 15 23 30 8 18 22 25 15 23 18 23 30 8 18 22
25 15 23 30 8 18 22 25 15 23 30 18 23 30 8 18 22
25 15 18 15 23 30 8 18 22 25 15 23 30 8 18 22
25 15 23 18 15 23 30 8 18 22 25 15 23 30 8 18 22
25 15 23 18 23 30 8 18 22 25 15 23 30 8 18 22
25 15 23 30 18 23 30 8 18 22 25 15 23 30 8 18 22

13 21 19 7 13 23 8 13 21 19 7 13 23 8
13 21 19 7 13 23 8 13 21 12 21 19 7 13 23 8
13 21 19 7 13 23 8 13 21 19 12 21 19 7 13 23 8
13 21 19 7 13 23 8 13 21 19 12 19 7 13 23 8
13 21 19 7 13 23 8 13 21 19 7 12 19 7 13 23 8
13 21 12 21 19 7 13 23 8 13 21 19 7 13 23 8
13 21 19 12 21 19 7 13 23 8 13 21 19 7 13 23 8
13 21 19 12 19 7 13 23 8 13 21 19 7 13 23 8
13 21 19 7 12 19 7 13 23 8 13 21 19 7 13 23 8

9 29 7 28 28 16 6 9 29 7 28 28 16 6
9 29 7 28 28 16 6 9 29 13 29 7 28 28 16 6
9 29 7 28 28 16 6 9 29 7 13 29 7 28 28 16 6
9 29 7 28 28 16 6 9 29 7 13 7 28 28 16 6
9 29 7 28 28 16 6 9 29 7 28 13 7 28 28 16 6
9 29 13 29 7 28 28 16 6 9 29 7 28 28 16 6
9 29 7 13 29 7 28 28 16 6 9 29 7 28 28 16 6
9 29 7 13 7 28 28 16 6 9 29 7 28 28 16 6
9 29 7 28 13 7 28 28 16 6 9 29 7 28 28 16 6

26 9 27 11 30 25 25 26 9 27 11 30 25 25
26 9 27 11 30 25 25 26 9 18 9 27 11 30 25 25
26 9 27 11 30 25 25 26 9 27 18 9 27 11 30 25 25
26 9 27 11 30 25 25 26 9 27 18 27 11 30 25 25
26 9 27 11 30 25 25 26 9 27 11 18 27 11 30 25 25
26 9 18 9 27 11 30 25 25 26 9 27 11 30 25 25
26 9 27 18 9 27 11 30 25 25 26 9 27 11 30 25 25
26 9 27 18 27 11 30 25 25 26 9 27 11 30 25 25
26 9 27 11 18 27 11 30 25 25 26 9 27 11 30 25 25

29 24 20 15 29 28 14 29 24 20 15 29 28 14
29 24 20 15 29 28 14 29 24 18 24 20 15 29 28 14
29 24 20 15 29 28 14 29 24 20 18 24 20 15 29 28 14
29 24 20 15 29 28 14 29 24 20 18 20 15 29 28 14
29 24 20 15 29 28 14 29 24 20 15 18 20 15 29 28 14
29 24 18 24 20 15 29 28 14 29 24 20 15 29 28 14
29 24 20 18 24 20 15 29 28 14 29 24 20 15 29 28 14
29 24 20 18 20 15 29 28 14 29 24 20 15 29 28 14
29 24 20 15 18 20 15 29 28 14 29 24 20 15 29 28 14

24 30 20 26 17 17 20 24 30 20 26 17 17 20
24 30 20 26 17 17 20 24 30 5 30 20 26 17 17 20
24 30 20 26 17 17 20 24 30 20 5 30 20 26 17 17 20
24 30 20 26 17 17 20 24 30 20 5 20 26 17 17 20
24 30 20 26 17 17 20 24 30 20 26 5 20 26 17 17 20
24 30 5 30 20 26 17 17 20 24 30 20 26 17 17 20
24 30 20 5 30 20 26 17 17 20 24 30 20 26 17 17 20
24 30 20 5 20 26 17 17 20 24 30 20 26 17 17 20
24 30 20 26 5 20 26 17 17 20 24 30 20 26 17 17 20

29 16 17 9 9 16 5 29 16 17 9 9 16 5
29 16 17 9 9 16 5 29 16 14 16 17 9 9 16 5
29 16 17 9 9 16 5 29 16 17 14 16 17 9 9 16 5
29 16 17 9 9 16 5 29 16 17 14 17 9 9 16 5
29 16 17 9 9 16 5 29 16 17 9 14 17 9 9 16 5
29 16 14 16 17 9 9 16 5 29 16 17 9 9 16 5
29 16 17 14 16 17 9 9 16 5 29 16 17 9 9 16 5
29 16 17 14 17 9 9 16 5 29 16 17 9 9 16 5
29 16 17 9 14 17 9 9 16 5 29 16 17 9 9 16 5

22 14 16 21 5 27 6 22 14 16 21 5 27 6
22 14 16 21 5 27 6 22 14 6 14 16 21 5 27 6
22 14 16 21 5 27 6 22 14 16 6 14 16 21 5 27 6
22 14 16 21 5 27 6 22 14 16 6 16 21 5 27 6
22 14 16 21 5 27 6 22 14 16 21 6 16 21 5 27 6
22 14 6 14 16 21 5 27 6 22 14 16 21 5 27 6
22 14 16 6 14 16 21 5 27 6 22 14 16 21 5 27 6
22 14 16 6 16 21 5 27 6 22 14 16 21 5 27 6
22 14 16 21 6 16 21 5 27 6 22 14 16 21 5 27 6

16 21 5 20 21 17 8 16 21 5 20 21 17 8
16 21 5 20 21 17 8 16 21 16 21 5 20 21 17 8
16 21 5 20 21 17 8 16 21 5 16 21 5 20 21 17 8
16 21 5 20 21 17 8 16 21 5 16 5 20 21 17 8
16 21 5 20 21 17 8 16 21 5 20 16 5 20 21 17 8
16 21 16 21 5 20 21 17 8 16 21 5 20 21 17 8
16 21 5 16 21 5 20 21 17 8 16 21 5 20 21 17 8
16 21 5 16 5 20 21 17 8 16 21 5 20 21 17 8
16 21 5 20 16 5 20 21 17 8 16 21 5 20 21 17 8

8 19 9 10 11 9 13 8 19 9 10 11 9 13
8 19 9 10 11 9 13 8 19 10 19 9 10 11 9 13
8 19 9 10 11 9 13 8 19 9 10 19 9 10 11 9 13
8 19 9 10 11 9 13 8 19 9 10 9 10 11 9 13
8 19 9 10 11 9 13 8 19 9 10 10 9 10 11 9 13
8 19 10 19 9 10 11 9 13 8 19 9 10 11 9 13
8 19 9 10 19 9 10 11 9 13 8 19 9 10 11 9 13
8 19 9 10 9 10 11 9 13 8 19 9 10 11 9 13
8 19 9 10 10 9 10 11 9 13 8 19 9 10 11 9 13

26 16 8 15 30 9 18 26 16 8 15 30 9 18
26 16 8 15 30 9 18 26 16 8 16 8 15 30 9 18
26 16 8 15 30 9 18 26 16 8 8 16 8 15 30 9 18
26 16 8 15 30 9 18 26 16 8 8 8 15 30 9 18
26 16 8 15 30 9 18 26 16 8 15 8 8 15 30 9 18
26 16 8 16 8 15 30 9 18 26 16 8 15 30 9 18
26 16 8 8 16 8 15 30 9 18 26 16 8 15 30 9 18
26 16 8 8 8 15 30 9 18 26 16 8 15 30 9 18
26 16 8 15 8 8 15 30 9 18 26 16 8 15 30 9 18

15 23 28 9 26 10 21 15 23 28 9 26 10 21
15 23 28 9 26 10 21 15 23 16 23 28 9 26 10 21
15 23 28 9 26 10 21 15 23 28 16 23 28 9 26 10 21
15 23 28 9 26 10 21 15 23 28 16 28 9 26 10 21
15 23 28 9 26 10 21 15 23 28 9 16 28 9 26 10 21
15 23 16 23 28 9 26 10 21 15 23 28 9 26 10 21
15 23 28 16 23 28 9 26 10 21 15 23 28 9 26 10 21
15 23 28 16 28 9 26 10 21 15 23 28 9 26 10 21
15 23 28 9 16 28 9 26 10 21 15 23 28 9 26 10 21

29 24 7 10 6 25 6 29 24 7 10 6 25 6
29 24 7 10 6 25 6 29 24 19 24 7 10 6 25 6
29 24 7 10 6 25 6 29 24 7 19 24 7 10 6 25 6
29 24 7 10 6 25 6 29 24 7 19 7 10 6 25 6
29 24 7 10 6 25 6 29 24 7 10 19 7 10 6 25 6
29 24 19 24 7 10 6 25 6 29 24 7 10 6 25 6
29 24 7 19 24 7 10 6 25 6 29 24 7 10 6 25 6
29 24 7 19 7 10 6 25 6 29 24 7 10 6 25 6
29 24 7 10 19 7 10 6 25 6 29 24 7 10 6 25 6

29 12 17 27 23 18 17 29 12 17 27 23 18 17
29 12 17 27 23 18 17 29 12 9 12 17 27 23 18 17
29 12 17 27 23 18 17 29 12 17 9 12 17 27 23 18 17
29 12 17 27 23 18 17 29 12 17 9 17 27 23 18 17
29 12 17 27 23 18 17 29 12 17 27 9 17 27 23 18 17
29 12 9 12 17 27 23 18 17 29 12 17 27 23 18 17
29 12 17 9 12 17 27 23 18 17 29 12 17 27 23 18 17
29 12 17 9 17 27 23 18 17 29 12 17 27 23 18 17
29 12 17 27 9 17 27 23 18 17 29 12 17 27 23 18 17

27 15 28 20 11 5 28 27 15 28 20 11 5 28
27 15 28 20 11 5 28 27 15 20 15 28 20 11 5 28
27 15 28 20 11 5 28 27 15 28 20 15 28 20 11 5 28
27 15 28 20 11 5 28 27 15 28 20 28 20 11 5 28
27 15 28 20 11 5 28 27 15 28 20 20 28 20 11 5 28
27 15 20 15 28 20 11 5 28 27 15 28 20 11 5 28
27 15 28 20 15 28 20 11 5 28 27 15 28 20 11 5 28
27 15 28 20 28 20 11 5 28 27 15 28 20 11 5 28
27 15 28 20 20 28 20 11 5 28 27 15 28 20 11 5 28

10 14 9 25 13 12 6 10 14 9 25 13 12 6
10 14 9 25 13 12 6 10 14 7 14 9 25 13 12 6
10 14 9 25 13 12 6 10 14 9 7 14 9 25 13 12 6
10 14 9 25 13 12 6 10 14 9 7 9 25 13 12 6
10 14 9 25 13 12 6 10 14 9 25 7 9 25 13 12 6
10 14 7 14 9 25 13 12 6 10 14 9 25 13 12 6
10 14 9 7 14 9 25 13 12 6 10 14 9 25 13 12 6
10 14 9 7 9 25 13 12 6 10 14 9 25 13 12 6
10 14 9 25 7 9 25 13 12 6 10 14 9 25 13 12 6

19 15 22 18 22 25 29 19 15 22 18 22 25 29
19 15 22 18 22 25 29 19 15 6 15 22 18 22 25 29
19 15 22 18 22 25 29 19 15 22 6 15 22 18 22 25 29
19 15 22 18 22 25 29 19 15 22 6 22 18 22 25 29
19 15 22 18 22 25 29 19 15 22 18 6 22 18 22 25 29
19 15 6 15 22 18 22 25 29 19 15 22 18 22 25 29
19 15 22 6 15 22 18 22 25 29 19 15 22 18 22 25 29
19 15 22 6 22 18 22 25 29 19 15 22 18 22 25 29
19 15 22 18 6 22 18 22 25 29 19 15 22 18 22 25 29

13 29 27 10 8 22 29 13 29 27 10 8 22 29
13 29 27 10 8 22 29 13 29 17 29 27 10 8 22 29
13 29 27 10 8 22 29 13 29 27 17 29 27 10 8 22 29
13 29 27 10 8 22 29 13 29 27 17 27 10 8 22 29
13 29 27 10 8 22 29 13 29 27 10 17 27 10 8 22 29
13 29 17 29 27 10 8 22 29 13 29 27 10 8 22 29
13 29 27 17 29 27 10 8 22 29 13 29 27 10 8 22 29
13 29 27 17 27 10 8 22 29 13 29 27 10 8 22 29
13 29 27 10 17 27 10 8 22 29 13 29 27 10 8 22 29

17 22 27 13 20 21 30 17 22 27 13 20 21 30
17 22 27 13 20 21 30 17 22 19 22 27 13 20 21 30
17 22 27 13 20 21 30 17 22 27 19 22 27 13 20 21 30
17 22 27 13 20 21 30 17 22 27 19 27 13 20 21 30
17 22 27 13 20 21 30 17 22 27 13 19 27 13 20 21 30
17 22 19 22 27 13 20 21 30 17 22 27 13 20 21 30
17 22 27 19 22 27 13 20 21 30 17 22 27 13 20 21 30
17 22 27 19 27 13 20 21 30 17 22 27 13 20 21 30
17 22 27 13 19 27 13 20 21 30 17 22 27 13 20 21 30

21 27 21 23 25 19 9 21 27 21 23 25 19 9
21 27 21 23 25 19 9 21 27 14 27 21 23 25 19 9
21 27 21 23 25 19 9 21 27 21 14 27 21 23 25 19 9
21 27 21 23 25 19 9 21 27 21 14 21 23 25 19 9
21 27 21 23 25 19 9 21 27 21 23 14 21 23 25 19 9
21 27 14 27 21 23 25 19 9 21 27 21 23 25 19 9
21 27 21 14 27 21 23 25 19 9 21 27 21 23 25 19 9
21 27 21 14 21 23 25 19 9 21 27 21 23 25 19 9
21 27 21 23 14 21 23 25 19 9 21 27 21 23 25 19 9

11 27 12 6 27 26 16 11 27 12 6 27 26 16
11 27 12 6 27 26 16 11 27 10 27 12 6 27 26 16
11 27 12 6 27 26 16 11 27 12 10 27 12 6 27 26 16
11 27 12 6 27 26 16 11 27 12 10 12 6 27 26 16
11 27 12 6 27 26 16 11 27 12 6 10 12 6 27 26 16
11 27 10 27 12 6 27 26 16 11 27 12 6 27 26 16
11 27 12 10 27 12 6 27 26 16 11 27 12 6 27 26 16
11 27 12 10 12 6 27 26 16 11 27 12 6 27 26 16
11 27 12 6 10 12 6 27 26 16 11 27 12 6 27 26 16

16 26 27 30 17 19 6 16 26 27 30 17 19 6
16 26 27 30 17 19 6 16 26 10 26 27 30 17 19 6
16 26 27 30 17 19 6 16 26 27 10 26 27 30 17 19 6
16 26 27 30 17 19 6 16 26 27 10 27 30 17 19 6
16 26 27 30 17 19 6 16 26 27 30 10 27 30 17 19 6
16 26 10 26 27 30 17 19 6 16 26 27 30 17 19 6
16 26 27 10 26 27 30 17 19 6 16 26 27 30 17 19 6
16 26 27 10 27 30 17 19 6 16 26 27 30 17 19 6
16 26 27 30 10 27 30 17 19 6 16 26 27 30 17 19 6

26 25 19 8 18 18 29 26 25 19 8 18 18 29
26 25 19 8 18 18 29 26 25 18 25 19 8 18 18 29
26 25 19 8 18 18 29 26 25 19 18 25 19 8 18 18 29
26 25 19 8 18 18 29 26 25 19 18 19 8 18 18 29
26 25 19 8 18 18 29 26 25 19 8 18 19 8 18 18 29
26 25 18 25 19 8 18 18 29 26 25 19 8 18 18 29
26 25 19 18 25 19 8 18 18 29 26 25 19 8 18 18 29
26 25 19 18 19 8 18 18 29 26 25 19 8 18 18 29
26 25 19 8 18 19 8 18 18 29 26 25 19 8 18 18 29

28 11 22 6 28 6 19 28 11 22 6 28 6 19
28 11 22 6 28 6 19 28 11 6 11 22 6 28 6 19
28 11 22 6 28 6 19 28 11 22 6 11 22 6 28 6 19
28 11 22 6 28 6 19 28 11 22 6 22 6 28 6 19
28 11 22 6 28 6 19 28 11 22 6 6 22 6 28 6 19
28 11 6 11 22 6 28 6 19 28 11 22 6 28 6 19
28 11 22 6 11 22 6 28 6 19 28 11 22 6 28 6 19
28 11 22 6 22 6 28 6 19 28 11 22 6 28 6 19
28 11 22 6 6 22 6 28 6 19 28 11 22 6 28 6 19

5 22 15 23 30 7 30 5 22 15 23 30 7 30
5 22 15 23 30 7 30 5 22 20 22 15 23 30 7 30
5 22 15 23 30 7 30 5 22 15 20 22 15 23 30 7 30
5 22 15 23 30 7 30 5 22 15 20 15 23 30 7 30
5 22 15 23 30 7 30 5 22 15 23 20 15 23 30 7 30
5 22 20 22 15 23 30 7 30 5 22 15 23 30 7 30
5 22 15 20 22 15 23 30 7 30 5 22 15 23 30 7 30
5 22 15 20 15 23 30 7 30 5 22 15 23 30 7 30
5 22 15 23 20 15 23 30 7 30 5 22 15 23 30 7 30

28 8 24 10 22 18 30 28 8 24 10 22 18 30
28 8 24 10 22 18 30 28 8 20 8 24 10 22 18 30
28 8 24 10 22 18 30 28 8 24 20 8 24 10 22 18 30
28 8 24 10 22 18 30 28 8 24 20 24 10 22 18 30
28 8 24 10 22 18 30 28 8 24 10 20 24 10 22 18 30
28 8 20 8 24 10 22 18 30 28 8 24 10 22 18 30
28 8 24 20 8 24 10 22 18 30 28 8 24 10 22 18 30
28 8 24 20 24 10 22 18 30 28 8 24 10 22 18 30
28 8 24 10 20 24 10 22 18 30 28 8 24 10 22 18 30

18 16 14 17 27 25 23 18 16 14 17 27 25 23
18 16 14 17 27 25 23 18 16 16 16 14 17 27 25 23
18 16 14 17 27 25 23 18 16 14 16 16 14 17 27 25 23
18 16 14 17 27 25 23 18 16 14 16 14 17 27 25 23
18 16 14 17 27 25 23 18 16 14 17 16 14 17 27 25 23
18 16 16 16 14 17 27 25 23 18 16 14 17 27 25 23
18 16 14 16 16 14 17 27 25 23 18 16 14 17 27 25 23
18 16 14 16 14 17 27 25 23 18 16 14 17 27 25 23
18 16 14 17 16 14 17 27 25 23 18 16 14 17 27 25 23

30 29 26 23 18 19 28 30 29 26 23 18 19 28
30 29 26 23 18 19 28 30 29 20 29 26 23 18 19 28
30 29 26 23 18 19 28 30 29 26 20 29 26 23 18 19 28
30 29 26 23 18 19 28 30 29 26 20 26 23 18 19 28
30 29 26 23 18 19 28 30 29 26 23 20 26 23 18 19 28
30 29 20 29 26 23 18 19 28 30 29 26 23 18 19 28
30 29 26 20 29 26 23 18 19 28 30 29 26 23 18 19 28
30 29 26 20 26 23 18 19 28 30 29 26 23 18 19 28
30 29 26 23 20 26 23 18 19 28 30 29 26 23 18 19 28

19 5 15 21 22 16 19 19 5 15 21 22 16 19
19 5 15 21 22 16 19 19 5 20 5 15 21 22 16 19
19 5 15 21 22 16 19 19 5 15 20 5 15 21 22 16 19
19 5 15 21 22 16 19 19 5 15 20 15 21 22 16 19
19 5 15 21 22 16 19 19 5 15 21 20 15 21 22 16 19
19 5 20 5 15 21 22 16 19 19 5 15 21 22 16 19
19 5 15 20 5 15 21 22 16 19 19 5 15 21 22 16 19
19 5 15 20 15 21 22 16 19 19 5 15 21 22 16 19
19 5 15 21 20 15 21 22 16 19 19 5 15 21 22 16 19

29 30 10 8 8 21 7 29 30 10 8 8 21 7
29 30 10 8 8 21 7 29 30 13 30 10 8 8 21 7
29 30 10 8 8 21 7 29 30 10 13 30 10 8 8 21 7
29 30 10 8 8 21 7 29 30 10 13 10 8 8 21 7
29 30 10 8 8 21 7 29 30 10 8 13 10 8 8 21 7
29 30 13 30 10 8 8 21 7 29 30 10 8 8 21 7
29 30 10 13 30 10 8 8 21 7 29 30 10 8 8 21 7
29 30 10 13 10 8 8 21 7 29 30 10 8 8 21 7
29 30 10 8 13 10 8 8 21 7 29 30 10 8 8 21 7

12 6 27 25 26 23 23 12 6 27 25 26 23 23
12 6 27 25 26 23 23 12 6 13 6 27 25 26 23 23
12 6 27 25 26 23 23 12 6 27 13 6 27 25 26 23 23
12 6 27 25 26 23 23 12 6 27 13 27 25 26 23 23
12 6 27 25 26 23 23 12 6 27 25 13 27 25 26 23 23
12 6 13 6 27 25 26 23 23 12 6 27 25 26 23 23
12 6 27 13 6 27 25 26 23 23 12 6 27 25 26 23 23
12 6 27 13 27 25 26 23 23 12 6 27 25 26 23 23
12 6 27 25 13 27 25 26 23 23 12 6 27 25 26 23 23

17 28 24 29 14 18 18 17 28 24 29 14 18 18
17 28 24 29 14 18 18 17 28 10 28 24 29 14 18 18
17 28 24 29 14 18 18 17 28 24 10 28 24 29 14 18 18
17 28 24 29 14 18 18 17 28 24 10 24 29 14 18 18
17 28 24 29 14 18 18 17 28 24 29 10 24 29 14 18 18
17 28 10 28 24 29 14 18 18 17 28 24 29 14 18 18
17 28 24 10 28 24 29 14 18 18 17 28 24 29 14 18 18
17 28 24 10 24 29 14 18 18 17 28 24 29 14 18 18
17 28 24 29 10 24 29 14 18 18 17 28 24 29 14 18 18

30 19 27 18 21 12 17 30 19 27 18 21 12 17
30 19 27 18 21 12 17 30 19 7 19 27 18 21 12 17
30 19 27 18 21 12 17 30 19 27 7 19 27 18 21 12 17
30 19 27 18 21 12 17 30 19 27 7 27 18 21 12 17
30 19 27 18 21 12 17 30 19 27 18 7 27 18 21 12 17
30 19 7 19 27 18 21 12 17 30 19 27 18 21 12 17
30 19 27 7 19 27 18 21 12 17 30 19 27 18 21 12 17
30 19 27 7 27 18 21 12 17 30 19 27 18 21 12 17
30 19 27 18 7 27 18 21 12 17 30 19 27 18 21 12 17

8 8 5 10 24 6 23 8 8 5 10 24 6 23
8 8 5 10 24 6 23 8 8 5 8 5 10 24 6 23
8 8 5 10 24 6 23 8 8 5 5 8 5 10 24 6 23
8 8 5 10 24 6 23 8 8 5 5 5 10 24 6 23
8 8 5 10 24 6 23 8 8 5 10 5 5 10 24 6 23
8 8 5 8 5 10 24 6 23 8 8 5 10 24 6 23
8 8 5 5 8 5 10 24 6 23 8 8 5 10 24 6 23
8 8 5 5 5 10 24 6 23 8 8 5 10 24 6 23
8 8 5 10 5 5 10 24 6 23 8 8 5 10 24 6 23

16 24 24 24 5 6 13 16 24 24 24 5 6 13
16 24 24 24 5 6 13 16 24 9 24 24 24 5 6 13
16 24 24 24 5 6 13 16 24 24 9 24 24 24 5 6 13
16 24 24 24 5 6 13 16 24 24 9 24 24 5 6 13
16 24 24 24 5 6 13 16 24 24 24 9 24 24 5 6 13
16 24 9 24 24 24 5 6 13 16 24 24 24 5 6 13
16 24 24 9 24 24 24 5 6 13 16 24 24 24 5 6 13
16 24 24 9 24 24 5 6 13 16 24 24 24 5 6 13
16 24 24 24 9 24 24 5 6 13 16 24 24 24 5 6 13

10 11 19 21 20 28 7 10 11 19 21 20 28 7
10 11 19 21 20 28 7 10 11 18 11 19 21 20 28 7
10 11 19 21 20 28 7 10 11 19 18 11 19 21 20 28 7
10 11 19 21 20 28 7 10 11 19 18 19 21 20 28 7
10 11 19 21 20 28 7 10 11 19 21 18 19 21 20 28 7
10 11 18 11 19 21 20 28 7 10 11 19 21 20 28 7
10 11 19 18 11 19 21 20 28 7 10 11 19 21 20 28 7
10 11 19 18 19 21 20 28 7 10 11 19 21 20 28 7
10 11 19 21 18 19 21 20 28 7 10 11 19 21 20 28 7

23 11 11 18 30 30 13 23 11 11 18 30 30 13
23 11 11 18 30 30 13 23 11 11 11 11 18 30 30 13
23 11 11 18 30 30 13 23 11 11 11 11 11 18 30 30 13
23 11 11 18 30 30 13 23 11 11 11 11 18 30 30 13
23 11 11 18 30 30 13 23 11 11 18 11 11 18 30 30 13
23 11 11 11 11 18 30 30 13 23 11 11 18 30 30 13
23 11 11 11 11 11 18 30 30 13 23 11 11 18 30 30 13
23 11 11 11 11 18 30 30 13 23 11 11 18 30 30 13
23 11 11 18 11 11 18 30 30 13 23 11 11 18 30 30 13

27 24 8 5 9 14 9 27 24 8 5 9 14 9
27 24 8 5 9 14 9 27 24 11 24 8 5 9 14 9
27 24 8 5 9 14 9 27 24 8 11 24 8 5 9 14 9
27 24 8 5 9 14 9 27 24 8 11 8 5 9 14 9
27 24 8 5 9 14 9 27 24 8 5 11 8 5 9 14 9
27 24 11 24 8 5 9 14 9 27 24 8 5 9 14 9
27 24 8 11 24 8 5 9 14 9 27 24 8 5 9 14 9
27 24 8 11 8 5 9 14 9 27 24 8 5 9 14 9
27 24 8 5 11 8 5 9 14 9 27 24 8 5 9 14 9

16 21 13 13 8 5 21 16 21 13 13 8 5 21
16 21 13 13 8 5 21 16 21 8 21 13 13 8 5 21
16 21 13 13 8 5 21 16 21 13 8 21 13 13 8 5 21
16 21 13 13 8 5 21 16 21 13 8 13 13 8 5 21
16 21 13 13 8 5 21 16 21 13 13 8 13 13 8 5 21
16 21 8 21 13 13 8 5 21 16 21 13 13 8 5 21
16 21 13 8 21 13 13 8 5 21 16 21 13 13 8 5 21
16 21 13 8 13 13 8 5 21 16 21 13 13 8 5 21
16 21 13 13 8 13 13 8 5 21 16 21 13 13 8 5 21

16 15 12 27 23 18 16 16 15 12 27 23 18 16
16 15 12 27 23 18 16 16 15 19 15 12 27 23 18 16
16 15 12 27 23 18 16 16 15 12 19 15 12 27 23 18 16
16 15 12 27 23 18 16 16 15 12 19 12 27 23 18 16
16 15 12 27 23 18 16 16 15 12 27 19 12 27 23 18 16
16 15 19 15 12 27 23 18 16 16 15 12 27 23 18 16
16 15 12 19 15 12 27 23 18 16 16 15 12 27 23 18 16
16 15 12 19 12 27 23 18 16 16 15 12 27 23 18 16
16 15 12 27 19 12 27 23 18 16 16 15 12 27 23 18 16

30 13 8 12 11 5 6 30 13 8 12 11 5 6
30 13 8 12 11 5 6 30 13 14 13 8 12 11 5 6
30 13 8 12 11 5 6 30 13 8 14 13 8 12 11 5 6
30 13 8 12 11 5 6 30 13 8 14 8 12 11 5 6
30 13 8 12 11 5 6 30 13 8 12 14 8 12 11 5 6
30 13 14 13 8 12 11 5 6 30 13 8 12 11 5 6
30 13 8 14 13 8 12 11 5 6 30 13 8 12 11 5 6
30 13 8 14 8 12 11 5 6 30 13 8 12 11 5 6
30 13 8 12 14 8 12 11 5 6 30 13 8 12 11 5 6

19 10 21 30 29 22 10 19 10 21 30 29 22 10
19 10 21 30 29 22 10 19 10 7 10 21 30 29 22 10
19 10 21 30 29 22 10 19 10 21 7 10 21 30 29 22 10
19 10 21 30 29 22 10 19 10 21 7 21 30 29 22 10
19 10 21 30 29 22 10 19 10 21 30 7 21 30 29 22 10
19 10 7 10 21 30 29 22 10 19 10 21 30 29 22 10
19 10 21 7 10 21 30 29 22 10 19 10 21 30 29 22 10
19 10 21 7 21 30 29 22 10 19 10 21 30 29 22 10
19 10 21 30 7 21 30 29 22 10 19 10 21 30 29 22 10

8 16 20 17 28 12 21 8 16 20 17 28 12 21
8 16 20 17 28 12 21 8 16 18 16 20 17 28 12 21
8 16 20 17 28 12 21 8 16 20 18 16 20 17 28 12 21
8 16 20 17 28 12 21 8 16 20 18 20 17 28 12 21
8 16 20 17 28 12 21 8 16 20 17 18 20 17 28 12 21
8 16 18 16 20 17 28 12 21 8 16 20 17 28 12 21
8 16 20 18 16 20 17 28 12 21 8 16 20 17 28 12 21
8 16 20 18 20 17 28 12 21 8 16 20 17 28 12 21
8 16 20 17 18 20 17 28 12 21 8 16 20 17 28 12 21

5 5 17 17 9 14 16 5 5 17 17 9 14 16
5 5 17 17 9 14 16 5 5 18 5 17 17 9 14 16
5 5 17 17 9 14 16 5 5 17 18 5 17 17 9 14 16
5 5 17 17 9 14 16 5 5 17 18 17 17 9 14 16
5 5 17 17 9 14 16 5 5 17 17 18 17 17 9 14 16
5 5 18 5 17 17 9 14 16 5 5 17 17 9 14 16
5 5 17 18 5 17 17 9 14 16 5 5 17 17 9 14 16
5 5 17 18 17 17 9 14 16 5 5 17 17 9 14 16
5 5 17 17 18 17 17 9 14 16 5 5 17 17 9 14 16

21 21 21 5 26 23 20 21 21 21 5 26 23 20
21 21 21 5 26 23 20 21 21 7 21 21 5 26 23 20
21 21 21 5 26 23 20 21 21 21 7 21 21 5 26 23 20
21 21 21 5 26 23 20 21 21 21 7 21 5 26 23 20
21 21 21 5 26 23 20 21 21 21 5 7 21 5 26 23 20
21 21 7 21 21 5 26 23 20 21 21 21 5 26 23 20
21 21 21 7 21 21 5 26 23 20 21 21 21 5 26 23 20
21 21 21 7 21 5 26 23 20 21 21 21 5 26 23 20
21 21 21 5 7 21 5 26 23 20 21 21 21 5 26 23 20

30 26 24 30 20 15 12 30 26 24 30 20 15 12
30 26 24 30 20 15 12 30 26 19 26 24 30 20 15 12
30 26 24 30 20 15 12 30 26 24 19 26 24 30 20 15 12
30 26 24 30 20 15 12 30 26 24 19 24 30 20 15 12
30 26 24 30 20 15 12 30 26 24 30 19 24 30 20 15 12
30 26 19 26 24 30 20 15 12 30 26 24 30 20 15 12
30 26 24 19 26 24 30 20 15 12 30 26 24 30 20 15 12
30 26 24 19 24 30 20 15 12 30 26 24 30 20 15 12
30 26 24 30 19 24 30 20 15 12 30 26 24 30 20 15 12

26 9 7 14 18 14 22 26 9 7 14 18 14 22
26 9 7 14 18 14 22 26 9 16 9 7 14 18 14 22
26 9 7 14 18 14 22 26 9 7 16 9 7 14 18 14 22
26 9 7 14 18 14 22 26 9 7 16 7 14 18 14 22
26 9 7 14 18 14 22 26 9 7 14 16 7 14 18 14 22
26 9 16 9 7 14 18 14 22 26 9 7 14 18 14 22
26 9 7 16 9 7 14 18 14 22 26 9 7 14 18 14 22
26 9 7 16 7 14 18 14 22 26 9 7 14 18 14 22
26 9 7 14 16 7 14 18 14 22 26 9 7 14 18 14 22

27 17 21 19 18 16 29 27 17 21 19 18 16 29
27 17 21 19 18 16 29 27 17 17 17 21 19 18 16 29
27 17 21 19 18 16 29 27 17 21 17 17 21 19 18 16 29
27 17 21 19 18 16 29 27 17 21 17 21 19 18 16 29
27 17 21 19 18 16 29 27 17 21 19 17 21 19 18 16 29
27 17 17 17 21 19 18 16 29 27 17 21 19 18 16 29
27 17 21 17 17 21 19 18 16 29 27 17 21 19 18 16 29
27 17 21 17 21 19 18 16 29 27 17 21 19 18 16 29
27 17 21 19 17 21 19 18 16 29 27 17 21 19 18 16 29

12 7 11 14 19 28 17 12 7 11 14 19 28 17
12 7 11 14 19 28 17 12 7 17 7 11 14 19 28 17
12 7 11 14 19 28 17 12 7 11 17 7 11 14 19 28 17
12 7 11 14 19 28 17 12 7 11 17 11 14 19 28 17
12 7 11 14 19 28 17 12 7 11 14 17 11 14 19 28 17
12 7 17 7 11 14 19 28 17 12 7 11 14 19 28 17
12 7 11 17 7 11 14 19 28 17 12 7 11 14 19 28 17
12 7 11 17 11 14 19 28 17 12 7 11 14 19 28 17
12 7 11 14 17 11 14 19 28 17 12 7 11 14 19 28 17

14 27 14 10 29 26 14 14 27 14 10 29 26 14
14 27 14 10 29 26 14 14 27 13 27 14 10 29 26 14
14 27 14 10 29 26 14 14 27 14 13 27 14 10 29 26 14
14 27 14 10 29 26 14 14 27 14 13 14 10 29 26 14
14 27 14 10 29 26 14 14 27 14 10 13 14 10 29 26 14
14 27 13 27 14 10 29 26 14 14 27 14 10 29 26 14
14 27 14 13 27 14 10 29 26 14 14 27 14 10 29 26 14
14 27 14 13 14 10 29 26 14 14 27 14 10 29 26 14
14 27 14 10 13 14 10 29 26 14 14 27 14 10 29 26 14

29 27 7 25 29 30 7 29 27 7 25 29 30 7
29 27 7 25 29 30 7 29 27 19 27 7 25 29 30 7
29 27 7 25 29 30 7 29 27 7 19 27 7 25 29 30 7
29 27 7 25 29 30 7 29 27 7 19 7 25 29 30 7
29 27 7 25 29 30 7 29 27 7 25 19 7 25 29 30 7
29 27 19 27 7 25 29 30 7 29 27 7 25 29 30 7
29 27 7 19 27 7 25 29 30 7 29 27 7 25 29 30 7
29 27 7 19 7 25 29 30 7 29 27 7 25 29 30 7
29 27 7 25 19 7 25 29 30 7 29 27 7 25 29 30 7

8 30 23 19 29 9 13 8 30 23 19 29 9 13
8 30 23 19 29 9 13 8 30 20 30 23 19 29 9 13
8 30 23 19 29 9 13 8 30 23 20 30 23 19 29 9 13
8 30 23 19 29 9 13 8 30 23 20 23 19 29 9 13
8 30 23 19 29 9 13 8 30 23 19 20 23 19 29 9 13
8 30 20 30 23 19 29 9 13 8 30 23 19 29 9 13
8 30 23 20 30 23 19 29 9 13 8 30 23 19 29 9 13
8 30 23 20 23 19 29 9 13 8 30 23 19 29 9 13
8 30 23 19 20 23 19 29 9 13 8 30 23 19 29 9 13

9 22 12 15 9 17 8 9 22 12 15 9 17 8
9 22 12 15 9 17 8 9 22 18 22 12 15 9 17 8
9 22 12 15 9 17 8 9 22 12 18 22 12 15 9 17 8
9 22 12 15 9 17 8 9 22 12 18 12 15 9 17 8
9 22 12 15 9 17 8 9 22 12 15 18 12 15 9 17 8
9 22 18 22 12 15 9 17 8 9 22 12 15 9 17 8
9 22 12 18 22 12 15 9 17 8 9 22 12 15 9 17 8
9 22 12 18 12 15 9 17 8 9 22 12 15 9 17 8
9 22 12 15 18 12 15 9 17 8 9 22 12 15 9 17 8

13 12 30 29 16 14 12 13 12 30 29 16 14 12
13 12 30 29 16 14 12 13 12 8 12 30 29 16 14 12
13 12 30 29 16 14 12 13 12 30 8 12 30 29 16 14 12
13 12 30 29 16 14 12 13 12 30 8 30 29 16 14 12
13 12 30 29 16 14 12 13 12 30 29 8 30 29 16 14 12
13 12 8 12 30 29 16 14 12 13 12 30 29 16 14 12
13 12 30 8 12 30 29 16 14 12 13 12 30 29 16 14 12
13 12 30 8 30 29 16 14 12 13 12 30 29 16 14 12
13 12 30 29 8 30 29 16 14 12 13 12 30 29 16 14 12

26 20 12 5 5 30 15 26 20 12 5 5 30 15
26 20 12 5 5 30 15 26 20 11 20 12 5 5 30 15
26 20 12 5 5 30 15 26 20 12 11 20 12 5 5 30 15
26 20 12 5 5 30 15 26 20 12 11 12 5 5 30 15
26 20 12 5 5 30 15 26 20 12 5 11 12 5 5 30 15
26 20 11 20 12 5 5 30 15 26 20 12 5 5 30 15
26 20 12 11 20 12 5 5 30 15 26 20 12 5 5 30 15
26 20 12 11 12 5 5 30 15 26 20 12 5 5 30 15
26 20 12 5 11 12 5 5 30 15 26 20 12 5 5 30 15

9 5 7 16 21 15 20 9 5 7 16 21 15 20
9 5 7 16 21 15 20 9 5 18 5 7 16 21 15 20
9 5 7 16 21 15 20 9 5 7 18 5 7 16 21 15 20
9 5 7 16 21 15 20 9 5 7 18 7 16 21 15 20
9 5 7 16 21 15 20 9 5 7 16 18 7 16 21 15 20
9 5 18 5 7 16 21 15 20 9 5 7 16 21 15 20
9 5 7 18 5 7 16 21 15 20 9 5 7 16 21 15 20
9 5 7 18 7 16 21 15 20 9 5 7 16 21 15 20
9 5 7 16 18 7 16 21 15 20 9 5 7 16 21 15 20

24 29 16 16 28 14 28 24 29 16 16 28 14 28
24 29 16 16 28 14 28 24 29 18 29 16 16 28 14 28
24 29 16 16 28 14 28 24 29 16 18 29 16 16 28 14 28
24 29 16 16 28 14 28 24 29 16 18 16 16 28 14 28
24 29 16 16 28 14 28 24 29 16 16 18 16 16 28 14 28
24 29 18 29 16 16 28 14 28 24 29 16 16 28 14 28
24 29 16 18 29 16 16 28 14 28 24 29 16 16 28 14 28
24 29 16 18 16 16 28 14 28 24 29 16 16 28 14 28
24 29 16 16 18 16 16 28 14 28 24 29 16 16 28 14 28

24 8 30 26 6 11 29 24 8 30 26 6 11 29
24 8 30 26 6 11 29 24 8 11 8 30 26 6 11 29
24 8 30 26 6 11 29 24 8 30 11 8 30 26 6 11 29
24 8 30 26 6 11 29 24 8 30 11 30 26 6 11 29
24 8 30 26 6 11 29 24 8 30 26 11 30 26 6 11 29
24 8 11 8 30 26 6 11 29 24 8 30 26 6 11 29
24 8 30 11 8 30 26 6 11 29 24 8 30 26 6 11 29
24 8 30 11 30 26 6 11 29 24 8 30 26 6 11 29
24 8 30 26 11 30 26 6 11 29 24 8 30 26 6 11 29

21 28 20 7 12 17 5 21 28 20 7 12 17 5
21 28 20 7 12 17 5 21 28 11 28 20 7 12 17 5
21 28 20 7 12 17 5 21 28 20 11 28 20 7 12 17 5
21 28 20 7 12 17 5 21 28 20 11 20 7 12 17 5
21 28 20 7 12 17 5 21 28 20 7 11 20 7 12 17 5
21 28 11 28 20 7 12 17 5 21 28 20 7 12 17 5
21 28 20 11 28 20 7 12 17 5 21 28 20 7 12 17 5
21 28 20 11 20 7 12 17 5 21 28 20 7 12 17 5
21 28 20 7 11 20 7 12 17 5 21 28 20 7 12 17 5

17 11 13 10 28 27 24 17 11 13 10 28 27 24
17 11 13 10 28 27 24 17 11 11 11 13 10 28 27 24
17 11 13 10 28 27 24 17 11 13 11 11 13 10 28 27 24
17 11 13 10 28 27 24 17 11 13 11 13 10 28 27 24
17 11 13 10 28 27 24 17 11 13 10 11 13 10 28 27 24
17 11 11 11 13 10 28 27 24 17 11 13 10 28 27 24
17 11 13 11 11 13 10 28 27 24 17 11 13 10 28 27 24
17 11 13 11 13 10 28 27 24 17 11 13 10 28 27 24
17 11 13 10 11 13 10 28 27 24 17 11 13 10 28 27 24

10 29 8 24 11 19 7 10 29 8 24 11 19 7
10 29 8 24 11 19 7 10 29 5 29 8 24 11 19 7
10 29 8 24 11 19 7 10 29 8 5 29 8 24 11 19 7
10 29 8 24 11 19 7 10 29 8 5 8 24 11 19 7
10 29 8 24 11 19 7 10 29 8 24 5 8 24 11 19 7
10 29 5 29 8 24 11 19 7 10 29 8 24 11 19 7
10 29 8 5 29 8 24 11 19 7 10 29 8 24 11 19 7
10 29 8 5 8 24 11 19 7 10 29 8 24 11 19 7
10 29 8 24 5 8 24 11 19 7 10 29 8 24 11 19 7

12 27 15 28 21 21 7 12 27 15 28 21 21 7
12 27 15 28 21 21 7 12 27 15 27 15 28 21 21 7
12 27 15 28 21 21 7 12 27 15 15 27 15 28 21 21 7
12 27 15 28 21 21 7 12 27 15 15 15 28 21 21 7
12 27 15 28 21 21 7 12 27 15 28 15 15 28 21 21 7
12 27 15 27 15 28 21 21 7 12 27 15 28 21 21 7
12 27 15 15 27 15 28 21 21 7 12 27 15 28 21 21 7
12 27 15 15 15 28 21 21 7 12 27 15 28 21 21 7
12 27 15 28 15 15 28 21 21 7 12 27 15 28 21 21 7

25 14 15 19 18 21 12 25 14 15 19 18 21 12
25 14 15 19 18 21 12 25 14 14 14 15 19 18 21 12
25 14 15 19 18 21 12 25 14 15 14 14 15 19 18 21 12
25 14 15 19 18 21 12 25 14 15 14 15 19 18 21 12
25 14 15 19 18 21 12 25 14 15 19 14 15 19 18 21 12
25 14 14 14 15 19 18 21 12 25 14 15 19 18 21 12
25 14 15 14 14 15 19 18 21 12 25 14 15 19 18 21 12
25 14 15 14 15 19 18 21 12 25 14 15 19 18 21 12
25 14 15 19 14 15 19 18 21 12 25 14 15 19 18 21 12

13 21 12 27 17 30 27 13 21 12 27 17 30 27
13 21 12 27 17 30 27 13 21 10 21 12 27 17 30 27
13 21 12 27 17 30 27 13 21 12 10 21 12 27 17 30 27
13 21 12 27 17 30 27 13 21 12 10 12 27 17 30 27
13 21 12 27 17 30 27 13 21 12 27 10 12 27 17 30 27
13 21 10 21 12 27 17 30 27 13 21 12 27 17 30 27
13 21 12 10 21 12 27 17 30 27 13 21 12 27 17 30 27
13 21 12 10 12 27 17 30 27 13 21 12 27 17 30 27
13 21 12 27 10 12 27 17 30 27 13 21 12 27 17 30 27

21 27 29 18 5 28 21 21 27 29 18 5 28 21
21 27 29 18 5 28 21 21 27 7 27 29 18 5 28 21
21 27 29 18 5 28 21 21 27 29 7 27 29 18 5 28 21
21 27 29 18 5 28 21 21 27 29 7 29 18 5 28 21
21 27 29 18 5 28 21 21 27 29 18 7 29 18 5 28 21
21 27 7 27 29 18 5 28 21 21 27 29 18 5 28 21
21 27 29 7 27 29 18 5 28 21 21 27 29 18 5 28 21
21 27 29 7 29 18 5 28 21 21 27 29 18 5 28 21
21 27 29 18 7 29 18 5 28 21 21 27 29 18 5 28 21

23 22 20 5 22 21 21 23 22 20 5 22 21 21
23 22 20 5 22 21 21 23 22 8 22 20 5 22 21 21
23 22 20 5 22 21 21 23 22 20 8 22 20 5 22 21 21
23 22 20 5 22 21 21 23 22 20 8 20 5 22 21 21
23 22 20 5 22 21 21 23 22 20 5 8 20 5 22 21 21
23 22 8 22 20 5 22 21 21 23 22 20 5 22 21 21
23 22 20 8 22 20 5 22 21 21 23 22 20 5 22 21 21
23 22 20 8 20 5 22 21 21 23 22 20 5 22 21 21
23 22 20 5 8 20 5 22 21 21 23 22 20 5 22 21 21

17 9 7 24 20 19 19 17 9 7 24 20 19 19
17 9 7 24 20 19 19 17 9 17 9 7 24 20 19 19
17 9 7 24 20 19 19 17 9 7 17 9 7 24 20 19 19
17 9 7 24 20 19 19 17 9 7 17 7 24 20 19 19
17 9 7 24 20 19 19 17 9 7 24 17 7 24 20 19 19
17 9 17 9 7 24 20 19 19 17 9 7 24 20 19 19
17 9 7 17 9 7 24 20 19 19 17 9 7 24 20 19 19
17 9 7 17 7 24 20 19 19 17 9 7 24 20 19 19
17 9 7 24 17 7 24 20 19 19 17 9 7 24 20 19 19

16 27 18 20 26 9 18 16 27 18 20 26 9 18
16 27 18 20 26 9 18 16 27 12 27 18 20 26 9 18
16 27 18 20 26 9 18 16 27 18 12 27 18 20 26 9 18
16 27 18 20 26 9 18 16 27 18 12 18 20 26 9 18
16 27 18 20 26 9 18 16 27 18 20 12 18 20 26 9 18
16 27 12 27 18 20 26 9 18 16 27 18 20 26 9 18
16 27 18 12 27 18 20 26 9 18 16 27 18 20 26 9 18
16 27 18 12 18 20 26 9 18 16 27 18 20 26 9 18
16 27 18 20 12 18 20 26 9 18 16 27 18 20 26 9 18

16 30 23 24 6 21 28 16 30 23 24 6 21 28
16 30 23 24 6 21 28 16 30 20 30 23 24 6 21 28
16 30 23 24 6 21 28 16 30 23 20 30 23 24 6 21 28
16 30 23 24 6 21 28 16 30 23 20 23 24 6 21 28
16 30 23 24 6 21 28 16 30 23 24 20 23 24 6 21 28
16 30 20 30 23 24 6 21 28 16 30 23 24 6 21 28
16 30 23 20 30 23 24 6 21 28 16 30 23 24 6 21 28
16 30 23 20 23 24 6 21 28 16 30 23 24 6 21 28
16 30 23 24 20 23 24 6 21 28 16 30 23 24 6 21 28

26 10 8 21 20 18 16 26 10 8 21 20 18 16
26 10 8 21 20 18 16 26 10 7 10 8 21 20 18 16
26 10 8 21 20 18 16 26 10 8 7 10 8 21 20 18 16
26 10 8 21 20 18 16 26 10 8 7 8 21 20 18 16
26 10 8 21 20 18 16 26 10 8 21 7 8 21 20 18 16
26 10 7 10 8 21 20 18 16 26 10 8 21 20 18 16
26 10 8 7 10 8 21 20 18 16 26 10 8 21 20 18 16
26 10 8 7 8 21 20 18 16 26 10 8 21 20 18 16
26 10 8 21 7 8 21 20 18 16 26 10 8 21 20 18 16

30 11 16 11 23 8 8 30 11 16 11 23 8 8
30 11 16 11 23 8 8 30 11 10 11 16 11 23 8 8
30 11 16 11 23 8 8 30 11 16 10 11 16 11 23 8 8
30 11 16 11 23 8 8 30 11 16 10 16 11 23 8 8
30 11 16 11 23 8 8 30 11 16 11 10 16 11 23 8 8
30 11 10 11 16 11 23 8 8 30 11 16 11 23 8 8
30 11 16 10 11 16 11 23 8 8 30 11 16 11 23 8 8
30 11 16 10 16 11 23 8 8 30 11 16 11 23 8 8
30 11 16 11 10 16 11 23 8 8 30 11 16 11 23 8 8

17 10 12 30 18 9 6 17 10 12 30 18 9 6
17 10 12 30 18 9 6 17 10 12 10 12 30 18 9 6
17 10 12 30 18 9 6 17 10 12 12 10 12 30 18 9 6
17 10 12 30 18 9 6 17 10 12 12 12 30 18 9 6
17 10 12 30 18 9 6 17 10 12 30 12 12 30 18 9 6
17 10 12 10 12 30 18 9 6 17 10 12 30 18 9 6
17 10 12 12 10 12 30 18 9 6 17 10 12 30 18 9 6
17 10 12 12 12 30 18 9 6 17 10 12 30 18 9 6
17 10 12 30 12 12 30 18 9 6 17 10 12 30 18 9 6

26 10 24 10 16 11 25 26 10 24 10 16 11 25
26 10 24 10 16 11 25 26 10 9 10 24 10 16 11 25
26 10 24 10 16 11 25 26 10 24 9 10 24 10 16 11 25
26 10 24 10 16 11 25 26 10 24 9 24 10 16 11 25
26 10 24 10 16 11 25 26 10 24 10 9 24 10 16 11 25
26 10 9 10 24 10 16 11 25 26 10 24 10 16 11 25
26 10 24 9 10 24 10 16 11 25 26 10 24 10 16 11 25
26 10 24 9 24 10 16 11 25 26 10 24 10 16 11 25
26 10 24 10 9 24 10 16 11 25 26 10 24 10 16 11 25

15 18 29 20 18 24 20 15 18 29 20 18 24 20
15 18 29 20 18 24 20 15 18 15 18 29 20 18 24 20
15 18 29 20 18 24 20 15 18 29 15 18 29 20 18 24 20
15 18 29 20 18 24 20 15 18 29 15 29 20 18 24 20
15 18 29 20 18 24 20 15 18 29 20 15 29 20 18 24 20
15 18 15 18 29 20 18 24 20 15 18 29 20 18 24 20
15 18 29 15 18 29 20 18 24 20 15 18 29 20 18 24 20
15 18 29 15 29 20 18 24 20 15 18 29 20 18 24 20
15 18 29 20 15 29 20 18 24 20 15 18 29 20 18 24 20

28 27 26 12 15 27 13 28 27 26 12 15 27 13
28 27 26 12 15 27 13 28 27 8 27 26 12 15 27 13
28 27 26 12 15 27 13 28 27 26 8 27 26 12 15 27 13
28 27 26 12 15 27 13 28 27 26 8 26 12 15 27 13
28 27 26 12 15 27 13 28 27 26 12 8 26 12 15 27 13
28 27 8 27 26 12 15 27 13 28 27 26 12 15 27 13
28 27 26 8 27 26 12 15 27 13 28 27 26 12 15 27 13
28 27 26 8 26 12 15 27 13 28 27 26 12 15 27 13
28 27 26 12 8 26 12 15 27 13 28 27 26 12 15 27 13

29 20 18 16 25 23 17 29 20 18 16 25 23 17
29 20 18 16 25 23 17 29 20 12 20 18 16 25 23 17
29 20 18 16 25 23 17 29 20 18 12 20 18 16 25 23 17
29 20 18 16 25 23 17 29 20 18 12 18 16 25 23 17
29 20 18 16 25 23 17 29 20 18 16 12 18 16 25 23 17
29 20 12 20 18 16 25 23 17 29 20 18 16 25 23 17
29 20 18 12 20 18 16 25 23 17 29 20 18 16 25 23 17
29 20 18 12 18 16 25 23 17 29 20 18 16 25 23 17
29 20 18 16 12 18 16 25 23 17 29 20 18 16 25 23 17

6 26 27 13 24 27 30 6 26 27 13 24 27 30
6 26 27 13 24 27 30 6 26 19 26 27 13 24 27 30
6 26 27 13 24 27 30 6 26 27 19 26 27 13 24 27 30
6 26 27 13 24 27 30 6 26 27 19 27 13 24 27 30
6 26 27 13 24 27 30 6 26 27 13 19 27 13 24 27 30
6 26 19 26 27 13 24 27 30 6 26 27 13 24 27 30
6 26 27 19 26 27 13 24 27 30 6 26 27 13 24 27 30
6 26 27 19 27 13 24 27 30 6 26 27 13 24 27 30
6 26 27 13 19 27 13 24 27 30 6 26 27 13 24 27 30

27 7 21 25 7 25 19 27 7 21 25 7 25 19
27 7 21 25 7 25 19 27 7 10 7 21 25 7 25 19
27 7 21 25 7 25 19 27 7 21 10 7 21 25 7 25 19
27 7 21 25 7 25 19 27 7 21 10 21 25 7 25 19
27 7 21 25 7 25 19 27 7 21 25 10 21 25 7 25 19
27 7 10 7 21 25 7 25 19 27 7 21 25 7 25 19
27 7 21 10 7 21 25 7 25 19 27 7 21 25 7 25 19
27 7 21 10 21 25 7 25 19 27 7 21 25 7 25 19
27 7 21 25 10 21 25 7 25 19 27 7 21 25 7 25 19

17 18 7 5 16 17 17 17 18 7 5 16 17 17
17 18 7 5 16 17 17 17 18 9 18 7 5 16 17 17
17 18 7 5 16 17 17 17 18 7 9 18 7 5 16 17 17
17 18 7 5 16 17 17 17 18 7 9 7 5 16 17 17
17 18 7 5 16 17 17 17 18 7 5 9 7 5 16 17 17
17 18 9 18 7 5 16 17 17 17 18 7 5 16 17 17
17 18 7 9 18 7 5 16 17 17 17 18 7 5 16 17 17
17 18 7 9 7 5 16 17 17 17 18 7 5 16 17 17
17 18 7 5 9 7 5 16 17 17 17 18 7 5 16 17 17

26 21 9 8 24 21 23 26 21 9 8 24 21 23
26 21 9 8 24 21 23 26 21 18 21 9 8 24 21 23
26 21 9 8 24 21 23 26 21 9 18 21 9 8 24 21 23
26 21 9 8 24 21 23 26 21 9 18 9 8 24 21 23
26 21 9 8 24 21 23 26 21 9 8 18 9 8 24 21 23
26 21 18 21 9 8 24 21 23 26 21 9 8 24 21 23
26 21 9 18 21 9 8 24 21 23 26 21 9 8 24 21 23
26 21 9 18 9 8 24 21 23 26 21 9 8 24 21 23
26 21 9 8 18 9 8 24 21 23 26 21 9 8 24 21 23

9 21 6 29 7 30 20 9 21 6 29 7 30 20
9 21 6 29 7 30 20 9 21 10 21 6 29 7 30 20
9 21 6 29 7 30 20 9 21 6 10 21 6 29 7 30 20
9 21 6 29 7 30 20 9 21 6 10 6 29 7 30 20
9 21 6 29 7 30 20 9 21 6 29 10 6 29 7 30 20
9 21 10 21 6 29 7 30 20 9 21 6 29 7 30 20
9 21 6 10 21 6 29 7 30 20 9 21 6 29 7 30 20
9 21 6 10 6 29 7 30 20 9 21 6 29 7 30 20
9 21 6 29 10 6 29 7 30 20 9 21 6 29 7 30 20

18 27 8 12 18 9 5 18 27 8 12 18 9 5
18 27 8 12 18 9 5 18 27 5 27 8 12 18 9 5
18 27 8 12 18 9 5 18 27 8 5 27 8 12 18 9 5
18 27 8 12 18 9 5 18 27 8 5 8 12 18 9 5
18 27 8 12 18 9 5 18 27 8 12 5 8 12 18 9 5
18 27 5 27 8 12 18 9 5 18 27 8 12 18 9 5
18 27 8 5 27 8 12 18 9 5 18 27 8 12 18 9 5
18 27 8 5 8 12 18 9 5 18 27 8 12 18 9 5
18 27 8 12 5 8 12 18 9 5 18 27 8 12 18 9 5

21 19 18 21 21 9 13 21 19 18 21 21 9 13
21 19 18 21 21 9 13 21 19 11 19 18 21 21 9 13
21 19 18 21 21 9 13 21 19 18 11 19 18 21 21 9 13
21 19 18 21 21 9 13 21 19 18 11 18 21 21 9 13
21 19 18 21 21 9 13 21 19 18 21 11 18 21 21 9 13
21 19 11 19 18 21 21 9 13 21 19 18 21 21 9 13
21 19 18 11 19 18 21 21 9 13 21 19 18 21 21 9 13
21 19 18 11 18 21 21 9 13 21 19 18 21 21 9 13
21 19 18 21 11 18 21 21 9 13 21 19 18 21 21 9 13

7 28 13 23 10 23 20 7 28 13 23 10 23 20
7 28 13 23 10 23 20 7 28 15 28 13 23 10 23 20
7 28 13 23 10 23 20 7 28 13 15 28 13 23 10 23 20
7 28 13 23 10 23 20 7 28 13 15 13 23 10 23 20
7 28 13 23 10 23 20 7 28 13 23 15 13 23 10 23 20
7 28 15 28 13 23 10 23 20 7 28 13 23 10 23 20
7 28 13 15 28 13 23 10 23 20 7 28 13 23 10 23 20
7 28 13 15 13 23 10 23 20 7 28 13 23 10 23 20
7 28 13 23 15 13 23 10 23 20 7 28 13 23 10 23 20

13 30 19 23 29 11 28 13 30 19 23 29 11 28
13 30 19 23 29 11 28 13 30 9 30 19 23 29 11 28
13 30 19 23 29 11 28 13 30 19 9 30 19 23 29 11 28
13 30 19 23 29 11 28 13 30 19 9 19 23 29 11 28
13 30 19 23 29 11 28 13 30 19 23 9 19 23 29 11 28
13 30 9 30 19 23 29 11 28 13 30 19 23 29 11 28
13 30 19 9 30 19 23 29 11 28 13 30 19 23 29 11 28
13 30 19 9 19 23 29 11 28 13 30 19 23 29 11 28
13 30 19 23 9 19 23 29 11 28 13 30 19 23 29 11 28

6 17 29 6 28 27 27 6 17 29 6 28 27 27
6 17 29 6 28 27 27 6 17 16 17 29 6 28 27 27
6 17 29 6 28 27 27 6 17 29 16 17 29 6 28 27 27
6 17 29 6 28 27 27 6 17 29 16 29 6 28 27 27
6 17 29 6 28 27 27 6 17 29 6 16 29 6 28 27 27
6 17 16 17 29 6 28 27 27 6 17 29 6 28 27 27
6 17 29 16 17 29 6 28 27 27 6 17 29 6 28 27 27
6 17 29 16 29 6 28 27 27 6 17 29 6 28 27 27
6 17 29 6 16 29 6 28 27 27 6 17 29 6 28 27 27

21 11 13 10 30 27 6 21 11 13 10 30 27 6
21 11 13 10 30 27 6 21 11 11 11 13 10 30 27 6
21 11 13 10 30 27 6 21 11 13 11 11 13 10 30 27 6
21 11 13 10 30 27 6 21 11 13 11 13 10 30 27 6
21 11 13 10 30 27 6 21 11 13 10 11 13 10 30 27 6
21 11 11 11 13 10 30 27 6 21 11 13 10 30 27 6
21 11 13 11 11 13 10 30 27 6 21 11 13 10 30 27 6
21 11 13 11 13 10 30 27 6 21 11 13 10 30 27 6
21 11 13 10 11 13 10 30 27 6 21 11 13 10 30 27 6

29 23 21 26 14 30 26 29 23 21 26 14 30 26
29 23 21 26 14 30 26 29 23 6 23 21 26 14 30 26
29 23 21 26 14 30 26 29 23 21 6 23 21 26 14 30 26
29 23 21 26 14 30 26 29 23 21 6 21 26 14 30 26
29 23 21 26 14 30 26 29 23 21 26 6 21 26 14 30 26
29 23 6 23 21 26 14 30 26 29 23 21 26 14 30 26
29 23 21 6 23 21 26 14 30 26 29 23 21 26 14 30 26
29 23 21 6 21 26 14 30 26 29 23 21 26 14 30 26
29 23 21 26 6 21 26 14 30 26 29 23 21 26 14 30 26

30 17 20 30 28 13 27 30 17 20 30 28 13 27
30 17 20 30 28 13 27 30 17 16 17 20 30 28 13 27
30 17 20 30 28 13 27 30 17 20 16 17 20 30 28 13 27
30 17 20 30 28 13 27 30 17 20 16 20 30 28 13 27
30 17 20 30 28 13 27 30 17 20 30 16 20 30 28 13 27
30 17 16 17 20 30 28 13 27 30 17 20 30 28 13 27
30 17 20 16 17 20 30 28 13 27 30 17 20 30 28 13 27
30 17 20 16 20 30 28 13 27 30 17 20 30 28 13 27
30 17 20 30 16 20 30 28 13 27 30 17 20 30 28 13 27

7 29 24 16 10 25 28 7 29 24 16 10 25 28
7 29 24 16 10 25 28 7 29 18 29 24 16 10 25 28
7 29 24 16 10 25 28 7 29 24 18 29 24 16 10 25 28
7 29 24 16 10 25 28 7 29 24 18 24 16 10 25 28
7 29 24 16 10 25 28 7 29 24 16 18 24 16 10 25 28
7 29 18 29 24 16 10 25 28 7 29 24 16 10 25 28
7 29 24 18 29 24 16 10 25 28 7 29 24 16 10 25 28
7 29 24 18 24 16 10 25 28 7 29 24 16 10 25 28
7 29 24 16 18 24 16 10 25 28 7 29 24 16 10 25 28

28 21 22 6 25 8 17 28 21 22 6 25 8 17
28 21 22 6 25 8 17 28 21 16 21 22 6 25 8 17
28 21 22 6 25 8 17 28 21 22 16 21 22 6 25 8 17
28 21 22 6 25 8 17 28 21 22 16 22 6 25 8 17
28 21 22 6 25 8 17 28 21 22 6 16 22 6 25 8 17
28 21 16 21 22 6 25 8 17 28 21 22 6 25 8 17
28 21 22 16 21 22 6 25 8 17 28 21 22 6 25 8 17
28 21 22 16 22 6 25 8 17 28 21 22 6 25 8 17
28 21 22 6 16 22 6 25 8 17 28 21 22 6 25 8 17

19 30 26 27 25 9 15 19 30 26 27 25 9 15
19 30 26 27 25 9 15 19 30 5 30 26 27 25 9 15
19 30 26 27 25 9 15 19 30 26 5 30 26 27 25 9 15
19 30 26 27 25 9 15 19 30 26 5 26 27 25 9 15
19 30 26 27 25 9 15 19 30 26 27 5 26 27 25 9 15
19 30 5 30 26 27 25 9 15 19 30 26 27 25 9 15
19 30 26 5 30 26 27 25 9 15 19 30 26 27 25 9 15
19 30 26 5 26 27 25 9 15 19 30 26 27 25 9 15
19 30 26 27 5 26 27 25 9 15 19 30 26 27 25 9 15

28 19 30 21 10 8 27 28 19 30 21 10 8 27
28 19 30 21 10 8 27 28 19 5 19 30 21 10 8 27
28 19 30 21 10 8 27 28 19 30 5 19 30 21 10 8 27
28 19 30 21 10 8 27 28 19 30 5 30 21 10 8 27
28 19 30 21 10 8 27 28 19 30 21 5 30 21 10 8 27
28 19 5 19 30 21 10 8 27 28 19 30 21 10 8 27
28 19 30 5 19 30 21 10 8 27 28 19 30 21 10 8 27
28 19 30 5 30 21 10 8 27 28 19 30 21 10 8 27
28 19 30 21 5 30 21 10 8 27 28 19 30 21 10 8 27

12 15 23 5 7 11 25 12 15 23 5 7 11 25
12 15 23 5 7 11 25 12 15 8 15 23 5 7 11 25
12 15 23 5 7 11 25 12 15 23 8 15 23 5 7 11 25
12 15 23 5 7 11 25 12 15 23 8 23 5 7 11 25
12 15 23 5 7 11 25 12 15 23 5 8 23 5 7 11 25
12 15 8 15 23 5 7 11 25 12 15 23 5 7 11 25
12 15 23 8 15 23 5 7 11 25 12 15 23 5 7 11 25
12 15 23 8 23 5 7 11 25 12 15 23 5 7 11 25
12 15 23 5 8 23 5 7 11 25 12 15 23 5 7 11 25

17 15 20 8 30 15 22 17 15 20 8 30 15 22
17 15 20 8 30 15 22 17 15 18 15 20 8 30 15 22
17 15 20 8 30 15 22 17 15 20 18 15 20 8 30 15 22
17 15 20 8 30 15 22 17 15 20 18 20 8 30 15 22
17 15 20 8 30 15 22 17 15 20 8 18 20 8 30 15 22
17 15 18 15 20 8 30 15 22 17 15 20 8 30 15 22
17 15 20 18 15 20 8 30 15 22 17 15 20 8 30 15 22
17 15 20 18 20 8 30 15 22 17 15 20 8 30 15 22
17 15 20 8 18 20 8 30 15 22 17 15 20 8 30 15 22

28 25 25 8 6 22 16 28 25 25 8 6 22 16
28 25 25 8 6 22 16 28 25 11 25 25 8 6 22 16
28 25 25 8 6 22 16 28 25 25 11 25 25 8 6 22 16
28 25 25 8 6 22 16 28 25 25 11 25 8 6 22 16
28 25 25 8 6 22 16 28 25 25 8 11 25 8 6 22 16
28 25 11 25 25 8 6 22 16 28 25 25 8 6 22 16
28 25 25 11 25 25 8 6 22 16 28 25 25 8 6 22 16
28 25 25 11 25 8 6 22 16 28 25 25 8 6 22 16
28 25 25 8 11 25 8 6 22 16 28 25 25 8 6 22 16

19 13 5 10 14 15 9 19 13 5 10 14 15 9
19 13 5 10 14 15 9 19 13 10 13 5 10 14 15 9
19 13 5 10 14 15 9 19 13 5 10 13 5 10 14 15 9
19 13 5 10 14 15 9 19 13 5 10 5 10 14 15 9
19 13 5 10 14 15 9 19 13 5 10 10 5 10 14 15 9
19 13 10 13 5 10 14 15 9 19 13 5 10 14 15 9
19 13 5 10 13 5 10 14 15 9 19 13 5 10 14 15 9
19 13 5 10 5 10 14 15 9 19 13 5 10 14 15 9
19 13 5 10 10 5 10 14 15 9 19 13 5 10 14 15 9

19 27 16 8 26 12 18 19 27 16 8 26 12 18
19 27 16 8 26 12 18 19 27 18 27 16 8 26 12 18
19 27 16 8 26 12 18 19 27 16 18 27 16 8 26 12 18
19 27 16 8 26 12 18 19 27 16 18 16 8 26 12 18
19 27 16 8 26 12 18 19 27 16 8 18 16 8 26 12 18
19 27 18 27 16 8 26 12 18 19 27 16 8 26 12 18
19 27 16 18 27 16 8 26 12 18 19 27 16 8 26 12 18
19 27 16 18 16 8 26 12 18 19 27 16 8 26 12 18
19 27 16 8 18 16 8 26 12 18 19 27 16 8 26 12 18

6 10 25 21 25 15 7 6 10 25 21 25 15 7
6 10 25 21 25 15 7 6 10 13 10 25 21 25 15 7
6 10 25 21 25 15 7 6 10 25 13 10 25 21 25 15 7
6 10 25 21 25 15 7 6 10 25 13 25 21 25 15 7
6 10 25 21 25 15 7 6 10 25 21 13 25 21 25 15 7
6 10 13 10 25 21 25 15 7 6 10 25 21 25 15 7
6 10 25 13 10 25 21 25 15 7 6 10 25 21 25 15 7
6 10 25 13 25 21 25 15 7 6 10 25 21 25 15 7
6 10 25 21 13 25 21 25 15 7 6 10 25 21 25 15 7

20 17 6 7 14 12 29 20 17 6 7 14 12 29
20 17 6 7 14 12 29 20 17 12 17 6 7 14 12 29
20 17 6 7 14 12 29 20 17 6 12 17 6 7 14 12 29
20 17 6 7 14 12 29 20 17 6 12 6 7 14 12 29
20 17 6 7 14 12 29 20 17 6 7 12 6 7 14 12 29
20 17 12 17 6 7 14 12 29 20 17 6 7 14 12 29
20 17 6 12 17 6 7 14 12 29 20 17 6 7 14 12 29
20 17 6 12 6 7 14 12 29 20 17 6 7 14 12 29
20 17 6 7 12 6 7 14 12 29 20 17 6 7 14 12 29

10 17 17 24 15 19 15 10 17 17 24 15 19 15
10 17 17 24 15 19 15 10 17 5 17 17 24 15 19 15
10 17 17 24 15 19 15 10 17 17 5 17 17 24 15 19 15
10 17 17 24 15 19 15 10 17 17 5 17 24 15 19 15
10 17 17 24 15 19 15 10 17 17 24 5 17 24 15 19 15
10 17 5 17 17 24 15 19 15 10 17 17 24 15 19 15
10 17 17 5 17 17 24 15 19 15 10 17 17 24 15 19 15
10 17 17 5 17 24 15 19 15 10 17 17 24 15 19 15
10 17 17 24 5 17 24 15 19 15 10 17 17 24 15 19 15

21 28 29 11 29 27 15 21 28 29 11 29 27 15
21 28 29 11 29 27 15 21 28 17 28 29 11 29 27 15
21 28 29 11 29 27 15 21 28 29 17 28 29 11 29 27 15
21 28 29 11 29 27 15 21 28 29 17 29 11 29 27 15
21 28 29 11 29 27 15 21 28 29 11 17 29 11 29 27 15
21 28 17 28 29 11 29 27 15 21 28 29 11 29 27 15
21 28 29 17 28 29 11 29 27 15 21 28 29 11 29 27 15
21 28 29 17 29 11 29 27 15 21 28 29 11 29 27 15
21 28 29 11 17 29 11 29 27 15 21 28 29 11 29 27 15

18 19 30 27 7 16 10 18 19 30 27 7 16 10
18 19 30 27 7 16 10 18 19 13 19 30 27 7 16 10
18 19 30 27 7 16 10 18 19 30 13 19 30 27 7 16 10
18 19 30 27 7 16 10 18 19 30 13 30 27 7 16 10
18 19 30 27 7 16 10 18 19 30 27 13 30 27 7 16 10
18 19 13 19 30 27 7 16 10 18 19 30 27 7 16 10
18 19 30 13 19 30 27 7 16 10 18 19 30 27 7 16 10
18 19 30 13 30 27 7 16 10 18 19 30 27 7 16 10
18 19 30 27 13 30 27 7 16 10 18 19 30 27 7 16 10

15 23 22 23 15 21 13 15 23 22 23 15 21 13
15 23 22 23 15 21 13 15 23 19 23 22 23 15 21 13
15 23 22 23 15 21 13 15 23 22 19 23 22 23 15 21 13
15 23 22 23 15 21 13 15 23 22 19 22 23 15 21 13
15 23 22 23 15 21 13 15 23 22 23 19 22 23 15 21 13
15 23 19 23 22 23 15 21 13 15 23 22 23 15 21 13
15 23 22 19 23 22 23 15 21 13 15 23 22 23 15 21 13
15 23 22 19 22 23 15 21 13 15 23 22 23 15 21 13
15 23 22 23 19 22 23 15 21 13 15 23 22 23 15 21 13

17 21 19 19 8 20 27 17 21 19 19 8 20 27
17 21 19 19 8 20 27 17 21 5 21 19 19 8 20 27
17 21 19 19 8 20 27 17 21 19 5 21 19 19 8 20 27
17 21 19 19 8 20 27 17 21 19 5 19 19 8 20 27
17 21 19 19 8 20 27 17 21 19 19 5 19 19 8 20 27
17 21 5 21 19 19 8 20 27 17 21 19 19 8 20 27
17 21 19 5 21 19 19 8 20 27 17 21 19 19 8 20 27
17 21 19 5 19 19 8 20 27 17 21 19 19 8 20 27
17 21 19 19 5 19 19 8 20 27 17 21 19 19 8 20 27

19 27 5 21 12 26 10 19 27 5 21 12 26 10
19 27 5 21 12 26 10 19 27 13 27 5 21 12 26 10
19 27 5 21 12 26 10 19 27 5 13 27 5 21 12 26 10
19 27 5 21 12 26 10 19 27 5 13 5 21 12 26 10
19 27 5 21 12 26 10 19 27 5 21 13 5 21 12 26 10
19 27 13 27 5 21 12 26 10 19 27 5 21 12 26 10
19 27 5 13 27 5 21 12 26 10 19 27 5 21 12 26 10
19 27 5 13 5 21 12 26 10 19 27 5 21 12 26 10
19 27 5 21 13 5 21 12 26 10 19 27 5 21 12 26 10

14 16 8 30 18 13 29 14 16 8 30 18 13 29
14 16 8 30 18 13 29 14 16 19 16 8 30 18 13 29
14 16 8 30 18 13 29 14 16 8 19 16 8 30 18 13 29
14 16 8 30 18 13 29 14 16 8 19 8 30 18 13 29
14 16 8 30 18 13 29 14 16 8 30 19 8 30 18 13 29
14 16 19 16 8 30 18 13 29 14 16 8 30 18 13 29
14 16 8 19 16 8 30 18 13 29 14 16 8 30 18 13 29
14 16 8 19 8 30 18 13 29 14 16 8 30 18 13 29
14 16 8 30 19 8 30 18 13 29 14 16 8 30 18 13 29

20 25 10 20 23 17 8 20 25 10 20 23 17 8
20 25 10 20 23 17 8 20 25 9 25 10 20 23 17 8
20 25 10 20 23 17 8 20 25 10 9 25 10 20 23 17 8
20 25 10 20 23 17 8 20 25 10 9 10 20 23 17 8
20 25 10 20 23 17 8 20 25 10 20 9 10 20 23 17 8
20 25 9 25 10 20 23 17 8 20 25 10 20 23 17 8
20 25 10 9 25 10 20 23 17 8 20 25 10 20 23 17 8
20 25 10 9 10 20 23 17 8 20 25 10 20 23 17 8
20 25 10 20 9 10 20 23 17 8 20 25 10 20 23 17 8

5 17 11 17 8 16 18 5 17 11 17 8 16 18
5 17 11 17 8 16 18 5 17 9 17 11 17 8 16 18
5 17 11 17 8 16 18 5 17 11 9 17 11 17 8 16 18
5 17 11 17 8 16 18 5 17 11 9 11 17 8 16 18
5 17 11 17 8 16 18 5 17 11 17 9 11 17 8 16 18
5 17 9 17 11 17 8 16 18 5 17 11 17 8 16 18
5 17 11 9 17 11 17 8 16 18 5 17 11 17 8 16 18
5 17 11 9 11 17 8 16 18 5 17 11 17 8 16 18
5 17 11 17 9 11 17 8 16 18 5 17 11 17 8 16 18

24 8 18 21 30 14 23 24 8 18 21 30 14 23
24 8 18 21 30 14 23 24 8 12 8 18 21 30 14 23
24 8 18 21 30 14 23 24 8 18 12 8 18 21 30 14 23
24 8 18 21 30 14 23 24 8 18 12 18 21 30 14 23
24 8 18 21 30 14 23 24 8 18 21 12 18 21 30 14 23
24 8 12 8 18 21 30 14 23 24 8 18 21 30 14 23
24 8 18 12 8 18 21 30 14 23 24 8 18 21 30 14 23
24 8 18 12 18 21 30 14 23 24 8 18 21 30 14 23
24 8 18 21 12 18 21 30 14 23 24 8 18 21 30 14 23

15 18 8 20 24 15 30 15 18 8 20 24 15 30
15 18 8 20 24 15 30 15 18 12 18 8 20 24 15 30
15 18 8 20 24 15 30 15 18 8 12 18 8 20 24 15 30
15 18 8 20 24 15 30 15 18 8 12 8 20 24 15 30
15 18 8 20 24 15 30 15 18 8 20 12 8 20 24 15 30
15 18 12 18 8 20 24 15 30 15 18 8 20 24 15 30
15 18 8 12 18 8 20 24 15 30 15 18 8 20 24 15 30
15 18 8 12 8 20 24 15 30 15 18 8 20 24 15 30
15 18 8 20 12 8 20 24 15 30 15 18 8 20 24 15 30

20 7 23 26 24 8 24 20 7 23 26 24 8 24
20 7 23 26 24 8 24 20 7 11 7 23 26 24 8 24
20 7 23 26 24 8 24 20 7 23 11 7 23 26 24 8 24
20 7 23 26 24 8 24 20 7 23 11 23 26 24 8 24
20 7 23 26 24 8 24 20 7 23 26 11 23 26 24 8 24
20 7 11 7 23 26 24 8 24 20 7 23 26 24 8 24
20 7 23 11 7 23 26 24 8 24 20 7 23 26 24 8 24
20 7 23 11 23 26 24 8 24 20 7 23 26 24 8 24
20 7 23 26 11 23 26 24 8 24 20 7 23 26 24 8 24

12 19 27 14 26 28 6 12 19 27 14 26 28 6
12 19 27 14 26 28 6 12 19 14 19 27 14 26 28 6
12 19 27 14 26 28 6 12 19 27 14 19 27 14 26 28 6
12 19 27 14 26 28 6 12 19 27 14 27 14 26 28 6
12 19 27 14 26 28 6 12 19 27 14 14 27 14 26 28 6
12 19 14 19 27 14 26 28 6 12 19 27 14 26 28 6
12 19 27 14 19 27 14 26 28 6 12 19 27 14 26 28 6
12 19 27 14 27 14 26 28 6 12 19 27 14 26 28 6
12 19 27 14 14 27 14 26 28 6 12 19 27 14 26 28 6

10 29 5 5 18 5 24 10 29 5 5 18 5 24
10 29 5 5 18 5 24 10 29 7 29 5 5 18 5 24
10 29 5 5 18 5 24 10 29 5 7 29 5 5 18 5 24
10 29 5 5 18 5 24 10 29 5 7 5 5 18 5 24
10 29 5 5 18 5 24 10 29 5 5 7 5 5 18 5 24
10 29 7 29 5 5 18 5 24 10 29 5 5 18 5 24
10 29 5 7 29 5 5 18 5 24 10 29 5 5 18 5 24
10 29 5 7 5 5 18 5 24 10 29 5 5 18 5 24
10 29 5 5 7 5 5 18 5 24 10 29 5 5 18 5 24

26 15 5 12 8 5 29 26 15 5 12 8 5 29
26 15 5 12 8 5 29 26 15 20 15 5 12 8 5 29
26 15 5 12 8 5 29 26 15 5 20 15 5 12 8 5 29
26 15 5 12 8 5 29 26 15 5 20 5 12 8 5 29
26 15 5 12 8 5 29 26 15 5 12 20 5 12 8 5 29
26 15 20 15 5 12 8 5 29 26 15 5 12 8 5 29
26 15 5 20 15 5 12 8 5 29 26 15 5 12 8 5 29
26 15 5 20 5 12 8 5 29 26 15 5 12 8 5 29
26 15 5 12 20 5 12 8 5 29 26 15 5 12 8 5 29

18 17 22 24 15 30 9 18 17 22 24 15 30 9
18 17 22 24 15 30 9 18 17 6 17 22 24 15 30 9
18 17 22 24 15 30 9 18 17 22 6 17 22 24 15 30 9
18 17 22 24 15 30 9 18 17 22 6 22 24 15 30 9
18 17 22 24 15 30 9 18 17 22 24 6 22 24 15 30 9
18 17 6 17 22 24 15 30 9 18 17 22 24 15 30 9
18 17 22 6 17 22 24 15 30 9 18 17 22 24 15 30 9
18 17 22 6 22 24 15 30 9 18 17 22 24 15 30 9
18 17 22 24 6 22 24 15 30 9 18 17 22 24 15 30 9

19 26 8 10 6 22 17 19 26 8 10 6 22 17
19 26 8 10 6 22 17 19 26 12 26 8 10 6 22 17
19 26 8 10 6 22 17 19 26 8 12 26 8 10 6 22 17
19 26 8 10 6 22 17 19 26 8 12 8 10 6 22 17
19 26 8 10 6 22 17 19 26 8 10 12 8 10 6 22 17
19 26 12 26 8 10 6 22 17 19 26 8 10 6 22 17
19 26 8 12 26 8 10 6 22 17 19 26 8 10 6 22 17
19 26 8 12 8 10 6 22 17 19 26 8 10 6 22 17
19 26 8 10 12 8 10 6 22 17 19 26 8 10 6 22 17

6 23 24 5 5 27 9 6 23 24 5 5 27 9
6 23 24 5 5 27 9 6 23 16 23 24 5 5 27 9
6 23 24 5 5 27 9 6 23 24 16 23 24 5 5 27 9
6 23 24 5 5 27 9 6 23 24 16 24 5 5 27 9
6 23 24 5 5 27 9 6 23 24 5 16 24 5 5 27 9
6 23 16 23 24 5 5 27 9 6 23 24 5 5 27 9
6 23 24 16 23 24 5 5 27 9 6 23 24 5 5 27 9
6 23 24 16 24 5 5 27 9 6 23 24 5 5 27 9
6 23 24 5 16 24 5 5 27 9 6 23 24 5 5 27 9

22 10 25 14 21 20 15 22 10 25 14 21 20 15
22 10 25 14 21 20 15 22 10 18 10 25 14 21 20 15
22 10 25 14 21 20 15 22 10 25 18 10 25 14 21 20 15
22 10 25 14 21 20 15 22 10 25 18 25 14 21 20 15
22 10 25 14 21 20 15 22 10 25 14 18 25 14 21 20 15
22 10 18 10 25 14 21 20 15 22 10 25 14 21 20 15
22 10 25 18 10 25 14 21 20 15 22 10 25 14 21 20 15
22 10 25 18 25 14 21 20 15 22 10 25 14 21 20 15
22 10 25 14 18 25 14 21 20 15 22 10 25 14 21 20 15

13 30 16 20 17 22 5 13 30 16 20 17 22 5
13 30 16 20 17 22 5 13 30 17 30 16 20 17 22 5
13 30 16 20 17 22 5 13 30 16 17 30 16 20 17 22 5
13 30 16 20 17 22 5 13 30 16 17 16 20 17 22 5
13 30 16 20 17 22 5 13 30 16 20 17 16 20 17 22 5
13 30 17 30 16 20 17 22 5 13 30 16 20 17 22 5
13 30 16 17 30 16 20 17 22 5 13 30 16 20 17 22 5
13 30 16 17 16 20 17 22 5 13 30 16 20 17 22 5
13 30 16 20 17 16 20 17 22 5 13 30 16 20 17 22 5

23 21 30 11 11 16 9 23 21 30 11 11 16 9
23 21 30 11 11 16 9 23 21 16 21 30 11 11 16 9
23 21 30 11 11 16 9 23 21 30 16 21 30 11 11 16 9
23 21 30 11 11 16 9 23 21 30 16 30 11 11 16 9
23 21 30 11 11 16 9 23 21 30 11 16 30 11 11 16 9
23 21 16 21 30 11 11 16 9 23 21 30 11 11 16 9
23 21 30 16 21 30 11 11 16 9 23 21 30 11 11 16 9
23 21 30 16 30 11 11 16 9 23 21 30 11 11 16 9
23 21 30 11 16 30 11 11 16 9 23 21 30 11 11 16 9

11 5 18 17 25 23 24 11 5 18 17 25 23 24
11 5 18 17 25 23 24 11 5 9 5 18 17 25 23 24
11 5 18 17 25 23 24 11 5 18 9 5 18 17 25 23 24
11 5 18 17 25 23 24 11 5 18 9 18 17 25 23 24
11 5 18 17 25 23 24 11 5 18 17 9 18 17 25 23 24
11 5 9 5 18 17 25 23 24 11 5 18 17 25 23 24
11 5 18 9 5 18 17 25 23 24 11 5 18 17 25 23 24
11 5 18 9 18 17 25 23 24 11 5 18 17 25 23 24
11 5 18 17 9 18 17 25 23 24 11 5 18 17 25 23 24

20 21 21 27 12 17 17 20 21 21 27 12 17 17
20 21 21 27 12 17 17 20 21 13 21 21 27 12 17 17
20 21 21 27 12 17 17 20 21 21 13 21 21 27 12 17 17
20 21 21 27 12 17 17 20 21 21 13 21 27 12 17 17
20 21 21 27 12 17 17 20 21 21 27 13 21 27 12 17 17
20 21 13 21 21 27 12 17 17 20 21 21 27 12 17 17
20 21 21 13 21 21 27 12 17 17 20 21 21 27 12 17 17
20 21 21 13 21 27 12 17 17 20 21 21 27 12 17 17
20 21 21 27 13 21 27 12 17 17 20 21 21 27 12 17 17

6 19 15 10 16 6 26 6 19 15 10 16 6 26
6 19 15 10 16 6 26 6 19 19 19 15 10 16 6 26
6 19 15 10 16 6 26 6 19 15 19 19 15 10 16 6 26
6 19 15 10 16 6 26 6 19 15 19 15 10 16 6 26
6 19 15 10 16 6 26 6 19 15 10 19 15 10 16 6 26
6 19 19 19 15 10 16 6 26 6 19 15 10 16 6 26
6 19 15 19 19 15 10 16 6 26 6 19 15 10 16 6 26
6 19 15 19 15 10 16 6 26 6 19 15 10 16 6 26
6 19 15 10 19 15 10 16 6 26 6 19 15 10 16 6 26

25 6 14 26 14 29 5 25 6 14 26 14 29 5
25 6 14 26 14 29 5 25 6 11 6 14 26 14 29 5
25 6 14 26 14 29 5 25 6 14 11 6 14 26 14 29 5
25 6 14 26 14 29 5 25 6 14 11 14 26 14 29 5
25 6 14 26 14 29 5 25 6 14 26 11 14 26 14 29 5
25 6 11 6 14 26 14 29 5 25 6 14 26 14 29 5
25 6 14 11 6 14 26 14 29 5 25 6 14 26 14 29 5
25 6 14 11 14 26 14 29 5 25 6 14 26 14 29 5
25 6 14 26 11 14 26 14 29 5 25 6 14 26 14 29 5

12 20 7 26 17 21 20 12 20 7 26 17 21 20
12 20 7 26 17 21 20 12 20 14 20 7 26 17 21 20
12 20 7 26 17 21 20 12 20 7 14 20 7 26 17 21 20
12 20 7 26 17 21 20 12 20 7 14 7 26 17 21 20
12 20 7 26 17 21 20 12 20 7 26 14 7 26 17 21 20
12 20 14 20 7 26 17 21 20 12 20 7 26 17 21 20
12 20 7 14 20 7 26 17 21 20 12 20 7 26 17 21 20
12 20 7 14 7 26 17 21 20 12 20 7 26 17 21 20
12 20 7 26 14 7 26 17 21 20 12 20 7 26 17 21 20

8 24 12 26 24 26 21 8 24 12 26 24 26 21
8 24 12 26 24 26 21 8 24 14 24 12 26 24 26 21
8 24 12 26 24 26 21 8 24 12 14 24 12 26 24 26 21
8 24 12 26 24 26 21 8 24 12 14 12 26 24 26 21
8 24 12 26 24 26 21 8 24 12 26 14 12 26 24 26 21
8 24 14 24 12 26 24 26 21 8 24 12 26 24 26 21
8 24 12 14 24 12 26 24 26 21 8 24 12 26 24 26 21
8 24 12 14 12 26 24 26 21 8 24 12 26 24 26 21
8 24 12 26 14 12 26 24 26 21 8 24 12 26 24 26 21

10 18 24 9 29 27 30 10 18 24 9 29 27 30
10 18 24 9 29 27 30 10 18 12 18 24 9 29 27 30
10 18 24 9 29 27 30 10 18 24 12 18 24 9 29 27 30
10 18 24 9 29 27 30 10 18 24 12 24 9 29 27 30
10 18 24 9 29 27 30 10 18 24 9 12 24 9 29 27 30
10 18 12 18 24 9 29 27 30 10 18 24 9 29 27 30
10 18 24 12 18 24 9 29 27 30 10 18 24 9 29 27 30
10 18 24 12 24 9 29 27 30 10 18 24 9 29 27 30
10 18 24 9 12 24 9 29 27 30 10 18 24 9 29 27 30

25 20 21 7 28 8 16 25 20 21 7 28 8 16
25 20 21 7 28 8 16 25 20 9 20 21 7 28 8 16
25 20 21 7 28 8 16 25 20 21 9 20 21 7 28 8 16
25 20 21 7 28 8 16 25 20 21 9 21 7 28 8 16
25 20 21 7 28 8 16 25 20 21 7 9 21 7 28 8 16
25 20 9 20 21 7 28 8 16 25 20 21 7 28 8 16
25 20 21 9 20 21 7 28 8 16 25 20 21 7 28 8 16
25 20 21 9 21 7 28 8 16 25 20 21 7 28 8 16
25 20 21 7 9 21 7 28 8 16 25 20 21 7 28 8 16

7 6 8 25 12 12 22 7 6 8 25 12 12 22
7 6 8 25 12 12 22 7 6 18 6 8 25 12 12 22
7 6 8 25 12 12 22 7 6 8 18 6 8 25 12 12 22
7 6 8 25 12 12 22 7 6 8 18 8 25 12 12 22
7 6 8 25 12 12 22 7 6 8 25 18 8 25 12 12 22
7 6 18 6 8 25 12 12 22 7 6 8 25 12 12 22
7 6 8 18 6 8 25 12 12 22 7 6 8 25 12 12 22
7 6 8 18 8 25 12 12 22 7 6 8 25 12 12 22
7 6 8 25 18 8 25 12 12 22 7 6 8 25 12 12 22

29 24 15 8 29 26 24 29 24 15 8 29 26 24
29 24 15 8 29 26 24 29 24 9 24 15 8 29 26 24
29 24 15 8 29 26 24 29 24 15 9 24 15 8 29 26 24
29 24 15 8 29 26 24 29 24 15 9 15 8 29 26 24
29 24 15 8 29 26 24 29 24 15 8 9 15 8 29 26 24
29 24 9 24 15 8 29 26 24 29 24 15 8 29 26 24
29 24 15 9 24 15 8 29 26 24 29 24 15 8 29 26 24
29 24 15 9 15 8 29 26 24 29 24 15 8 29 26 24
29 24 15 8 9 15 8 29 26 24 29 24 15 8 29 26 24

19 14 11 9 27 18 26 19 14 11 9 27 18 26
19 14 11 9 27 18 26 19 14 9 14 11 9 27 18 26
19 14 11 9 27 18 26 19 14 11 9 14 11 9 27 18 26
19 14 11 9 27 18 26 19 14 11 9 11 9 27 18 26
19 14 11 9 27 18 26 19 14 11 9 9 11 9 27 18 26
19 14 9 14 11 9 27 18 26 19 14 11 9 27 18 26
19 14 11 9 14 11 9 27 18 26 19 14 11 9 27 18 26
19 14 11 9 11 9 27 18 26 19 14 11 9 27 18 26
19 14 11 9 9 11 9 27 18 26 19 14 11 9 27 18 26

30 11 14 5 11 21 23 30 11 14 5 11 21 23
30 11 14 5 11 21 23 30 11 20 11 14 5 11 21 23
30 11 14 5 11 21 23 30 11 14 20 11 14 5 11 21 23
30 11 14 5 11 21 23 30 11 14 20 14 5 11 21 23
30 11 14 5 11 21 23 30 11 14 5 20 14 5 11 21 23
30 11 20 11 14 5 11 21 23 30 11 14 5 11 21 23
30 11 14 20 11 14 5 11 21 23 30 11 14 5 11 21 23
30 11 14 20 14 5 11 21 23 30 11 14 5 11 21 23
30 11 14 5 20 14 5 11 21 23 30 11 14 5 11 21 23

8 16 22 18 26 9 22 8 16 22 18 26 9 22
8 16 22 18 26 9 22 8 16 8 16 22 18 26 9 22
8 16 22 18 26 9 22 8 16 22 8 16 22 18 26 9 22
8 16 22 18 26 9 22 8 16 22 8 22 18 26 9 22
8 16 22 18 26 9 22 8 16 22 18 8 22 18 26 9 22
8 16 8 16 22 18 26 9 22 8 16 22 18 26 9 22
8 16 22 8 16 22 18 26 9 22 8 16 22 18 26 9 22
8 16 22 8 22 18 26 9 22 8 16 22 18 26 9 22
8 16 22 18 8 22 18 26 9 22 8 16 22 18 26 9 22

7 9 21 7 27 23 14 7 9 21 7 27 23 14
7 9 21 7 27 23 14 7 9 16 9 21 7 27 23 14
7 9 21 7 27 23 14 7 9 21 16 9 21 7 27 23 14
7 9 21 7 27 23 14 7 9 21 16 21 7 27 23 14
7 9 21 7 27 23 14 7 9 21 7 16 21 7 27 23 14
7 9 16 9 21 7 27 23 14 7 9 21 7 27 23 14
7 9 21 16 9 21 7 27 23 14 7 9 21 7 27 23 14
7 9 21 16 21 7 27 23 14 7 9 21 7 27 23 14
7 9 21 7 16 21 7 27 23 14 7 9 21 7 27 23 14

28 16 23 23 8 30 8 28 16 23 23 8 30 8
28 16 23 23 8 30 8 28 16 13 16 23 23 8 30 8
28 16 23 23 8 30 8 28 16 23 13 16 23 23 8 30 8
28 16 23 23 8 30 8 28 16 23 13 23 23 8 30 8
28 16 23 23 8 30 8 28 16 23 23 13 23 23 8 30 8
28 16 13 16 23 23 8 30 8 28 16 23 23 8 30 8
28 16 23 13 16 23 23 8 30 8 28 16 23 23 8 30 8
28 16 23 13 23 23 8 30 8 28 16 23 23 8 30 8
28 16 23 23 13 23 23 8 30 8 28 16 23 23 8 30 8

17 6 5 6 24 14 6 17 6 5 6 24 14 6
17 6 5 6 24 14 6 17 6 16 6 5 6 24 14 6
17 6 5 6 24 14 6 17 6 5 16 6 5 6 24 14 6
17 6 5 6 24 14 6 17 6 5 16 5 6 24 14 6
17 6 5 6 24 14 6 17 6 5 6 16 5 6 24 14 6
17 6 16 6 5 6 24 14 6 17 6 5 6 24 14 6
17 6 5 16 6 5 6 24 14 6 17 6 5 6 24 14 6
17 6 5 16 5 6 24 14 6 17 6 5 6 24 14 6
17 6 5 6 16 5 6 24 14 6 17 6 5 6 24 14 6

6 15 11 21 10 10 16 6 15 11 21 10 10 16
6 15 11 21 10 10 16 6 15 16 15 11 21 10 10 16
6 15 11 21 10 10 16 6 15 11 16 15 11 21 10 10 16
6 15 11 21 10 10 16 6 15 11 16 11 21 10 10 16
6 15 11 21 10 10 16 6 15 11 21 16 11 21 10 10 16
6 15 16 15 11 21 10 10 16 6 15 11 21 10 10 16
6 15 11 16 15 11 21 10 10 16 6 15 11 21 10 10 16
6 15 11 16 11 21 10 10 16 6 15 11 21 10 10 16
6 15 11 21 16 11 21 10 10 16 6 15 11 21 10 10 16

20 25 11 19 12 17 24 20 25 11 19 12 17 24
20 25 11 19 12 17 24 20 25 10 25 11 19 12 17 24
20 25 11 19 12 17 24 20 25 11 10 25 11 19 12 17 24
20 25 11 19 12 17 24 20 25 11 10 11 19 12 17 24
20 25 11 19 12 17 24 20 25 11 19 10 11 19 12 17 24
20 25 10 25 11 19 12 17 24 20 25 11 19 12 17 24
20 25 11 10 25 11 19 12 17 24 20 25 11 19 12 17 24
20 25 11 10 11 19 12 17 24 20 25 11 19 12 17 24
20 25 11 19 10 11 19 12 17 24 20 25 11 19 12 17 24

18 24 26 6 27 19 26 18 24 26 6 27 19 26
18 24 26 6 27 19 26 18 24 13 24 26 6 27 19 26
18 24 26 6 27 19 26 18 24 26 13 24 26 6 27 19 26
18 24 26 6 27 19 26 18 24 26 13 26 6 27 19 26
18 24 26 6 27 19 26 18 24 26 6 13 26 6 27 19 26
18 24 13 24 26 6 27 19 26 18 24 26 6 27 19 26
18 24 26 13 24 26 6 27 19 26 18 24 26 6 27 19 26
18 24 26 13 26 6 27 19 26 18 24 26 6 27 19 26
18 24 26 6 13 26 6 27 19 26 18 24 26 6 27 19 26

17 7 29 13 22 11 13 17 7 29 13 22 11 13
17 7 29 13 22 11 13 17 7 17 7 29 13 22 11 13
17 7 29 13 22 11 13 17 7 29 17 7 29 13 22 11 13
17 7 29 13 22 11 13 17 7 29 17 29 13 22 11 13
17 7 29 13 22 11 13 17 7 29 13 17 29 13 22 11 13
17 7 17 7 29 13 22 11 13 17 7 29 13 22 11 13
17 7 29 17 7 29 13 22 11 13 17 7 29 13 22 11 13
17 7 29 17 29 13 22 11 13 17 7 29 13 22 11 13
17 7 29 13 17 29 13 22 11 13 17 7 29 13 22 11 13

29 12 17 6 11 29 25 29 12 17 6 11 29 25
29 12 17 6 11 29 25 29 12 13 12 17 6 11 29 25
29 12 17 6 11 29 25 29 12 17 13 12 17 6 11 29 25
29 12 17 6 11 29 25 29 12 17 13 17 6 11 29 25
29 12 17 6 11 29 25 29 12 17 6 13 17 6 11 29 25
29 12 13 12 17 6 11 29 25 29 12 17 6 11 29 25
29 12 17 13 12 17 6 11 29 25 29 12 17 6 11 29 25
29 12 17 13 17 6 11 29 25 29 12 17 6 11 29 25
29 12 17 6 13 17 6 11 29 25 29 12 17 6 11 29 25

21 19 6 17 20 27 21 21 19 6 17 20 27 21
21 19 6 17 20 27 21 21 19 14 19 6 17 20 27 21
21 19 6 17 20 27 21 21 19 6 14 19 6 17 20 27 21
21 19 6 17 20 27 21 21 19 6 14 6 17 20 27 21
21 19 6 17 20 27 21 21 19 6 17 14 6 17 20 27 21
21 19 14 19 6 17 20 27 21 21 19 6 17 20 27 21
21 19 6 14 19 6 17 20 27 21 21 19 6 17 20 27 21
21 19 6 14 6 17 20 27 21 21 19 6 17 20 27 21
21 19 6 17 14 6 17 20 27 21 21 19 6 17 20 27 21

25 27 22 13 25 11 27 25 27 22 13 25 11 27
25 27 22 13 25 11 27 25 27 7 27 22 13 25 11 27
25 27 22 13 25 11 27 25 27 22 7 27 22 13 25 11 27
25 27 22 13 25 11 27 25 27 22 7 22 13 25 11 27
25 27 22 13 25 11 27 25 27 22 13 7 22 13 25 11 27
25 27 7 27 22 13 25 11 27 25 27 22 13 25 11 27
25 27 22 7 27 22 13 25 11 27 25 27 22 13 25 11 27
25 27 22 7 22 13 25 11 27 25 27 22 13 25 11 27
25 27 22 13 7 22 13 25 11 27 25 27 22 13 25 11 27

11 20 10 12 27 20 9 11 20 10 12 27 20 9
11 20 10 12 27 20 9 11 20 12 20 10 12 27 20 9
11 20 10 12 27 20 9 11 20 10 12 20 10 12 27 20 9
11 20 10 12 27 20 9 11 20 10 12 10 12 27 20 9
11 20 10 12 27 20 9 11 20 10 12 12 10 12 27 20 9
11 20 12 20 10 12 27 20 9 11 20 10 12 27 20 9
11 20 10 12 20 10 12 27 20 9 11 20 10 12 27 20 9
11 20 10 12 10 12 27 20 9 11 20 10 12 27 20 9
11 20 10 12 12 10 12 27 20 9 11 20 10 12 27 20 9

25 13 6 11 28 23 25 25 13 6 11 28 23 25
25 13 6 11 28 23 25 25 13 15 13 6 11 28 23 25
25 13 6 11 28 23 25 25 13 6 15 13 6 11 28 23 25
25 13 6 11 28 23 25 25 13 6 15 6 11 28 23 25
25 13 6 11 28 23 25 25 13 6 11 15 6 11 28 23 25
25 13 15 13 6 11 28 23 25 25 13 6 11 28 23 25
25 13 6 15 13 6 11 28 23 25 25 13 6 11 28 23 25
25 13 6 15 6 11 28 23 25 25 13 6 11 28 23 25
25 13 6 11 15 6 11 28 23 25 25 13 6 11 28 23 25

13 8 7 15 25 16 9 13 8 7 15 25 16 9
13 8 7 15 25 16 9 13 8 10 8 7 15 25 16 9
13 8 7 15 25 16 9 13 8 7 10 8 7 15 25 16 9
13 8 7 15 25 16 9 13 8 7 10 7 15 25 16 9
13 8 7 15 25 16 9 13 8 7 15 10 7 15 25 16 9
13 8 10 8 7 15 25 16 9 13 8 7 15 25 16 9
13 8 7 10 8 7 15 25 16 9 13 8 7 15 25 16 9
13 8 7 10 7 15 25 16 9 13 8 7 15 25 16 9
13 8 7 15 10 7 15 25 16 9 13 8 7 15 25 16 9

12 16 17 15 24 5 16 12 16 17 15 24 5 16
12 16 17 15 24 5 16 12 16 11 16 17 15 24 5 16
12 16 17 15 24 5 16 12 16 17 11 16 17 15 24 5 16
12 16 17 15 24 5 16 12 16 17 11 17 15 24 5 16
12 16 17 15 24 5 16 12 16 17 15 11 17 15 24 5 16
12 16 11 16 17 15 24 5 16 12 16 17 15 24 5 16
12 16 17 11 16 17 15 24 5 16 12 16 17 15 24 5 16
12 16 17 11 17 15 24 5 16 12 16 17 15 24 5 16
12 16 17 15 11 17 15 24 5 16 12 16 17 15 24 5 16

25 25 24 19 19 15 11 25 25 24 19 19 15 11
25 25 24 19 19 15 11 25 25 8 25 24 19 19 15 11
25 25 24 19 19 15 11 25 25 24 8 25 24 19 19 15 11
25 25 24 19 19 15 11 25 25 24 8 24 19 19 15 11
25 25 24 19 19 15 11 25 25 24 19 8 24 19 19 15 11
25 25 8 25 24 19 19 15 11 25 25 24 19 19 15 11
25 25 24 8 25 24 19 19 15 11 25 25 24 19 19 15 11
25 25 24 8 24 19 19 15 11 25 25 24 19 19 15 11
25 25 24 19 8 24 19 19 15 11 25 25 24 19 19 15 11

28 12 6 29 13 24 28 28 12 6 29 13 24 28
28 12 6 29 13 24 28 28 12 20 12 6 29 13 24 28
28 12 6 29 13 24 28 28 12 6 20 12 6 29 13 24 28
28 12 6 29 13 24 28 28 12 6 20 6 29 13 24 28
28 12 6 29 13 24 28 28 12 6 29 20 6 29 13 24 28
28 12 20 12 6 29 13 24 28 28 12 6 29 13 24 28
28 12 6 20 12 6 29 13 24 28 28 12 6 29 13 24 28
28 12 6 20 6 29 13 24 28 28 12 6 29 13 24 28
28 12 6 29 20 6 29 13 24 28 28 12 6 29 13 24 28

13 28 30 13 23 19 5 13 28 30 13 23 19 5
13 28 30 13 23 19 5 13 28 15 28 30 13 23 19 5
13 28 30 13 23 19 5 13 28 30 15 28 30 13 23 19 5
13 28 30 13 23 19 5 13 28 30 15 30 13 23 19 5
13 28 30 13 23 19 5 13 28 30 13 15 30 13 23 19 5
13 28 15 28 30 13 23 19 5 13 28 30 13 23 19 5
13 28 30 15 28 30 13 23 19 5 13 28 30 13 23 19 5
13 28 30 15 30 13 23 19 5 13 28 30 13 23 19 5
13 28 30 13 15 30 13 23 19 5 13 28 30 13 23 19 5

6 21 12 12 19 24 26 6 21 12 12 19 24 26
6 21 12 12 19 24 26 6 21 17 21 12 12 19 24 26
6 21 12 12 19 24 26 6 21 12 17 21 12 12 19 24 26
6 21 12 12 19 24 26 6 21 12 17 12 12 19 24 26
6 21 12 12 19 24 26 6 21 12 12 17 12 12 19 24 26
6 21 17 21 12 12 19 24 26 6 21 12 12 19 24 26
6 21 12 17 21 12 12 19 24 26 6 21 12 12 19 24 26
6 21 12 17 12 12 19 24 26 6 21 12 12 19 24 26
6 21 12 12 17 12 12 19 24 26 6 21 12 12 19 24 26

13 11 28 5 20 18 11 13 11 28 5 20 18 11
13 11 28 5 20 18 11 13 11 5 11 28 5 20 18 11
13 11 28 5 20 18 11 13 11 28 5 11 28 5 20 18 11
13 11 28 5 20 18 11 13 11 28 5 28 5 20 18 11
13 11 28 5 20 18 11 13 11 28 5 5 28 5 20 18 11
13 11 5 11 28 5 20 18 11 13 11 28 5 20 18 11
13 11 28 5 11 28 5 20 18 11 13 11 28 5 20 18 11
13 11 28 5 28 5 20 18 11 13 11 28 5 20 18 11
13 11 28 5 5 28 5 20 18 11 13 11 28 5 20 18 11

12 23 13 14 23 11 7 12 23 13 14 23 11 7
12 23 13 14 23 11 7 12 23 5 23 13 14 23 11 7
12 23 13 14 23 11 7 12 23 13 5 23 13 14 23 11 7
12 23 13 14 23 11 7 12 23 13 5 13 14 23 11 7
12 23 13 14 23 11 7 12 23 13 14 5 13 14 23 11 7
12 23 5 23 13 14 23 11 7 12 23 13 14 23 11 7
12 23 13 5 23 13 14 23 11 7 12 23 13 14 23 11 7
12 23 13 5 13 14 23 11 7 12 23 13 14 23 11 7
12 23 13 14 5 13 14 23 11 7 12 23 13 14 23 11 7

9 20 7 24 10 23 6 9 20 7 24 10 23 6
9 20 7 24 10 23 6 9 20 16 20 7 24 10 23 6
9 20 7 24 10 23 6 9 20 7 16 20 7 24 10 23 6
9 20 7 24 10 23 6 9 20 7 16 7 24 10 23 6
9 20 7 24 10 23 6 9 20 7 24 16 7 24 10 23 6
9 20 16 20 7 24 10 23 6 9 20 7 24 10 23 6
9 20 7 16 20 7 24 10 23 6 9 20 7 24 10 23 6
9 20 7 16 7 24 10 23 6 9 20 7 24 10 23 6
9 20 7 24 16 7 24 10 23 6 9 20 7 24 10 23 6

14 16 6 9 16 21 25 14 16 6 9 16 21 25
14 16 6 9 16 21 25 14 16 11 16 6 9 16 21 25
14 16 6 9 16 21 25 14 16 6 11 16 6 9 16 21 25
14 16 6 9 16 21 25 14 16 6 11 6 9 16 21 25
14 16 6 9 16 21 25 14 16 6 9 11 6 9 16 21 25
14 16 11 16 6 9 16 21 25 14 16 6 9 16 21 25
14 16 6 11 16 6 9 16 21 25 14 16 6 9 16 21 25
14 16 6 11 6 9 16 21 25 14 16 6 9 16 21 25
14 16 6 9 11 6 9 16 21 25 14 16 6 9 16 21 25

22 27 16 21 12 16 7 22 27 16 21 12 16 7
22 27 16 21 12 16 7 22 27 18 27 16 21 12 16 7
22 27 16 21 12 16 7 22 27 16 18 27 16 21 12 16 7
22 27 16 21 12 16 7 22 27 16 18 16 21 12 16 7
22 27 16 21 12 16 7 22 27 16 21 18 16 21 12 16 7
22 27 18 27 16 21 12 16 7 22 27 16 21 12 16 7
22 27 16 18 27 16 21 12 16 7 22 27 16 21 12 16 7
22 27 16 18 16 21 12 16 7 22 27 16 21 12 16 7
22 27 16 21 18 16 21 12 16 7 22 27 16 21 12 16 7

10 19 8 11 6 19 11 10 19 8 11 6 19 11
10 19 8 11 6 19 11 10 19 14 19 8 11 6 19 11
10 19 8 11 6 19 11 10 19 8 14 19 8 11 6 19 11
10 19 8 11 6 19 11 10 19 8 14 8 11 6 19 11
10 19 8 11 6 19 11 10 19 8 11 14 8 11 6 19 11
10 19 14 19 8 11 6 19 11 10 19 8 11 6 19 11
10 19 8 14 19 8 11 6 19 11 10 19 8 11 6 19 11
10 19 8 14 8 11 6 19 11 10 19 8 11 6 19 11
10 19 8 11 14 8 11 6 19 11 10 19 8 11 6 19 11

20 20 5 30 24 18 29 20 20 5 30 24 18 29
20 20 5 30 24 18 29 20 20 5 20 5 30 24 18 29
20 20 5 30 24 18 29 20 20 5 5 20 5 30 24 18 29
20 20 5 30 24 18 29 20 20 5 5 5 30 24 18 29
20 20 5 30 24 18 29 20 20 5 30 5 5 30 24 18 29
20 20 5 20 5 30 24 18 29 20 20 5 30 24 18 29
20 20 5 5 20 5 30 24 18 29 20 20 5 30 24 18 29
20 20 5 5 5 30 24 18 29 20 20 5 30 24 18 29
20 20 5 30 5 5 30 24 18 29 20 20 5 30 24 18 29

20 15 18 27 11 26 14 20 15 18 27 11 26 14
20 15 18 27 11 26 14 20 15 16 15 18 27 11 26 14
20 15 18 27 11 26 14 20 15 18 16 15 18 27 11 26 14
20 15 18 27 11 26 14 20 15 18 16 18 27 11 26 14
20 15 18 27 11 26 14 20 15 18 27 16 18 27 11 26 14
20 15 16 15 18 27 11 26 14 20 15 18 27 11 26 14
20 15 18 16 15 18 27 11 26 14 20 15 18 27 11 26 14
20 15 18 16 18 27 11 26 14 20 15 18 27 11 26 14
20 15 18 27 16 18 27 11 26 14 20 15 18 27 11 26 14

