200
7
4
2

26
1
7
11
6
16
17
28
1
16
9
30
3
25
11
8
28
4
24
20
8
26
11
12
16
10
15
9
28
17
6
3
19
23
11
6
2
10
17
16
16
26
14
1
3
16
16
2
17
22
21
13
18
19
7
21
4
7
24
29
10
4
10
25
29
10
23
10
5
20
14
20
2
14
21
7
22
26
3
8
6
29
10
0
2
6
6
16
13
28
14
30
20
15
18
20
18
14
14
23
16
13
6
10
17
0
4
24
16
5
20
4
29
2
12
28
26
0
20
29
11
27
11
27
30
24
4
26
24
21
15
20
12
19
10
24
12
11
0
26
5
13
1
10
19
21
28
8
9
10
19
1
7
6
8
19
11
20
5
25
29
7
25
23
9
11
28
21
26
2
7
12
0
27
25
21
17
25
26
22
6
8
12
9
10
7
30
2
28
25
29
22
28
26
26
18
15
20
28
13

36 27 
31 46 
41 14 
22 22 
21 35 
24 22 
13 38 
47 16 
42 25 
37 27 
48 26 
27 29 
41 41 
35 29 
21 30 
36 32 
38 12 
23 38 
44 10 
25 23 
31 10 
23 22 
25 44 
42 31 
25 39 
34 31 
24 39 
26 18 
40 31 
43 40 
29 17 
15 26 
43 42 
29 25 
21 35 
40 27 
44 24 
30 36 
34 35 
26 12 
31 41 
38 15 
27 39 
48 35 
36 36 
26 30 
17 21 
30 38 
42 26 
24 32 
37 26 
30 32 
41 19 
41 48 
37 50 
19 33 
27 39 
29 28 
40 25 
25 28 
29 36 
26 30 
21 28 
32 36 
25 34 
33 25 
27 18 
21 48 
37 26 
28 21 
34 20 
26 19 
31 29 
22 30 
38 35 
25 23 
29 15 
32 37 
26 33 
32 19 
29 25 
43 20 
23 15 
37 21 
36 30 
30 39 
34 16 
47 20 
19 48 
28 39 
42 22 
21 33 
32 42 
23 26 
29 30 
23 24 
22 45 
28 41 
22 45 
36 34 
39 25 
13 11 
15 17 
33 28 
31 19 
27 33 
39 45 
40 40 
36 43 
31 42 
17 12 
16 31 
45 28 
21 47 
43 38 
16 35 
23 30 
24 26 
19 42 
16 31 
34 31 
35 29 
44 36 
40 42 
29 15 
31 34 
25 33 
28 26 
24 37 
36 27 
26 46 
32 43 
14 46 
28 38 
16 36 
24 30 
37 46 
23 35 
31 18 
22 31 
38 30 
23 22 
13 19 
39 25 
27 21 
43 42 
21 26 
19 23 
25 19 
20 31 
22 34 
25 37 
21 32 
40 34 
32 27 
17 35 
25 35 
28 27 
21 14 
27 40 
26 44 
28 39 
26 24 
14 17 
19 36 
37 11 
26 35 
22 26 
27 43 
27 21 
30 24 
25 13 
29 26 
41 22 
30 23 
37 25 
46 33 
47 38 
13 29 
50 26 
19 20 
36 34 
17 11 
32 30 
18 17 
40 17 
35 44 
43 26 
39 32 
50 31 
25 48 
32 25 
12 21 
34 18 
17 34 
17 47 
43 20 
14 29 
31 24 
21 24 

332
256
228
270
319
315
287
306
324
297
323
281
326
379
331
392
328
375
298
325
250
281
357
361
269
249
351
245
338
400
277
278
410
294
274
311
298
292
366
323
299
350
335
404
327
261
320
314
237
331
317
279
383
401
383
333
357
359
326
270
346
307
266
361
334
211
271
311
315
290
307
212
344
199
342
262
244
274
304
325
364
316
283
299
384
332
374
254
310
235
260
295
333
313
341
198
259
366
268
290
245
322
230
317
301
330
374
351
346
360
239
391
345
423
260
300
295
278
374
308
434
378
341
387
317
414
270
329
321
323
334
309
320
384
274
153
357
299
326
297
330
247
225
350
252
406
317
230
233
359
206
377
304
361
258
321
327
311
243
378
318
256
305
299
340
280
297
293
377
206
272
233
388
377
374
312
326
325
242
387
234
357
208
343
280
283
362
377
311
332
284
341
264
332
302
294
342
347
335
310

1 2 3 4 5 1 2 3 4 5 6 7
1 2 3 4 5 1 2 100 102 3 4 5 6 7
1 2 3 4 5 1 2 3 100 102 103 4 5 6 7
1 2 3 4 5 1 2 3 100 103 4 5 6 7
1 2 3 4 5 1 2 3 4 100 103 104 5 6 7
1 2 100 102 3 4 5 1 2 3 4 5 6 7
1 2 3 100 102 103 4 5 1 2 3 4 5 6 7
1 2 3 100 103 4 5 1 2 3 4 5 6 7
1 2 3 4 100 103 104 5 1 2 3 4 5 6 7

16 20 17 14 26 22 19 16 20 17 14 26 22 19
16 20 17 14 26 22 19 16 20 8 20 17 14 26 22 19
16 20 17 14 26 22 19 16 20 17 8 20 17 14 26 22 19
16 20 17 14 26 22 19 16 20 17 8 17 14 26 22 19
16 20 17 14 26 22 19 16 20 17 14 8 17 14 26 22 19
16 20 8 20 17 14 26 22 19 16 20 17 14 26 22 19
16 20 17 8 20 17 14 26 22 19 16 20 17 14 26 22 19
16 20 17 8 17 14 26 22 19 16 20 17 14 26 22 19
16 20 17 14 8 17 14 26 22 19 16 20 17 14 26 22 19

7 8 25 30 18 8 5 7 8 25 30 18 8 5
7 8 25 30 18 8 5 7 8 12 8 25 30 18 8 5
7 8 25 30 18 8 5 7 8 25 12 8 25 30 18 8 5
7 8 25 30 18 8 5 7 8 25 12 25 30 18 8 5
7 8 25 30 18 8 5 7 8 25 30 12 25 30 18 8 5
7 8 12 8 25 30 18 8 5 7 8 25 30 18 8 5
7 8 25 12 8 25 30 18 8 5 7 8 25 30 18 8 5
7 8 25 12 25 30 18 8 5 7 8 25 30 18 8 5
7 8 25 30 12 25 30 18 8 5 7 8 25 30 18 8 5

12 8 21 6 11 17 27 12 8 21 6 11 17 27
12 8 21 6 11 17 27 12 8 18 8 21 6 11 17 27
12 8 21 6 11 17 27 12 8 21 18 8 21 6 11 17 27
12 8 21 6 11 17 27 12 8 21 18 21 6 11 17 27
12 8 21 6 11 17 27 12 8 21 6 18 21 6 11 17 27
12 8 18 8 21 6 11 17 27 12 8 21 6 11 17 27
12 8 21 18 8 21 6 11 17 27 12 8 21 6 11 17 27
12 8 21 18 21 6 11 17 27 12 8 21 6 11 17 27
12 8 21 6 18 21 6 11 17 27 12 8 21 6 11 17 27

17 6 11 12 28 5 27 17 6 11 12 28 5 27
17 6 11 12 28 5 27 17 6 13 6 11 12 28 5 27
17 6 11 12 28 5 27 17 6 11 13 6 11 12 28 5 27
17 6 11 12 28 5 27 17 6 11 13 11 12 28 5 27
17 6 11 12 28 5 27 17 6 11 12 13 11 12 28 5 27
17 6 13 6 11 12 28 5 27 17 6 11 12 28 5 27
17 6 11 13 6 11 12 28 5 27 17 6 11 12 28 5 27
17 6 11 13 11 12 28 5 27 17 6 11 12 28 5 27
17 6 11 12 13 11 12 28 5 27 17 6 11 12 28 5 27

27 14 8 26 30 6 5 27 14 8 26 30 6 5
27 14 8 26 30 6 5 27 14 8 14 8 26 30 6 5
27 14 8 26 30 6 5 27 14 8 8 14 8 26 30 6 5
27 14 8 26 30 6 5 27 14 8 8 8 26 30 6 5
27 14 8 26 30 6 5 27 14 8 26 8 8 26 30 6 5
27 14 8 14 8 26 30 6 5 27 14 8 26 30 6 5
27 14 8 8 14 8 26 30 6 5 27 14 8 26 30 6 5
27 14 8 8 8 26 30 6 5 27 14 8 26 30 6 5
27 14 8 26 8 8 26 30 6 5 27 14 8 26 30 6 5

21 30 14 8 23 7 13 21 30 14 8 23 7 13
21 30 14 8 23 7 13 21 30 15 30 14 8 23 7 13
21 30 14 8 23 7 13 21 30 14 15 30 14 8 23 7 13
21 30 14 8 23 7 13 21 30 14 15 14 8 23 7 13
21 30 14 8 23 7 13 21 30 14 8 15 14 8 23 7 13
21 30 15 30 14 8 23 7 13 21 30 14 8 23 7 13
21 30 14 15 30 14 8 23 7 13 21 30 14 8 23 7 13
21 30 14 15 14 8 23 7 13 21 30 14 8 23 7 13
21 30 14 8 15 14 8 23 7 13 21 30 14 8 23 7 13

18 12 5 25 18 20 12 18 12 5 25 18 20 12
18 12 5 25 18 20 12 18 12 19 12 5 25 18 20 12
18 12 5 25 18 20 12 18 12 5 19 12 5 25 18 20 12
18 12 5 25 18 20 12 18 12 5 19 5 25 18 20 12
18 12 5 25 18 20 12 18 12 5 25 19 5 25 18 20 12
18 12 19 12 5 25 18 20 12 18 12 5 25 18 20 12
18 12 5 19 12 5 25 18 20 12 18 12 5 25 18 20 12
18 12 5 19 5 25 18 20 12 18 12 5 25 18 20 12
18 12 5 25 19 5 25 18 20 12 18 12 5 25 18 20 12

16 15 28 9 19 18 8 16 15 28 9 19 18 8
16 15 28 9 19 18 8 16 15 14 15 28 9 19 18 8
16 15 28 9 19 18 8 16 15 28 14 15 28 9 19 18 8
16 15 28 9 19 18 8 16 15 28 14 28 9 19 18 8
16 15 28 9 19 18 8 16 15 28 9 14 28 9 19 18 8
16 15 14 15 28 9 19 18 8 16 15 28 9 19 18 8
16 15 28 14 15 28 9 19 18 8 16 15 28 9 19 18 8
16 15 28 14 28 9 19 18 8 16 15 28 9 19 18 8
16 15 28 9 14 28 9 19 18 8 16 15 28 9 19 18 8

7 29 23 18 17 22 21 7 29 23 18 17 22 21
7 29 23 18 17 22 21 7 29 13 29 23 18 17 22 21
7 29 23 18 17 22 21 7 29 23 13 29 23 18 17 22 21
7 29 23 18 17 22 21 7 29 23 13 23 18 17 22 21
7 29 23 18 17 22 21 7 29 23 18 13 23 18 17 22 21
7 29 13 29 23 18 17 22 21 7 29 23 18 17 22 21
7 29 23 13 29 23 18 17 22 21 7 29 23 18 17 22 21
7 29 23 13 23 18 17 22 21 7 29 23 18 17 22 21
7 29 23 18 13 23 18 17 22 21 7 29 23 18 17 22 21

25 9 22 8 12 25 24 25 9 22 8 12 25 24
25 9 22 8 12 25 24 25 9 11 9 22 8 12 25 24
25 9 22 8 12 25 24 25 9 22 11 9 22 8 12 25 24
25 9 22 8 12 25 24 25 9 22 11 22 8 12 25 24
25 9 22 8 12 25 24 25 9 22 8 11 22 8 12 25 24
25 9 11 9 22 8 12 25 24 25 9 22 8 12 25 24
25 9 22 11 9 22 8 12 25 24 25 9 22 8 12 25 24
25 9 22 11 22 8 12 25 24 25 9 22 8 12 25 24
25 9 22 8 11 22 8 12 25 24 25 9 22 8 12 25 24

26 7 29 12 21 6 28 26 7 29 12 21 6 28
26 7 29 12 21 6 28 26 7 7 7 29 12 21 6 28
26 7 29 12 21 6 28 26 7 29 7 7 29 12 21 6 28
26 7 29 12 21 6 28 26 7 29 7 29 12 21 6 28
26 7 29 12 21 6 28 26 7 29 12 7 29 12 21 6 28
26 7 7 7 29 12 21 6 28 26 7 29 12 21 6 28
26 7 29 7 7 29 12 21 6 28 26 7 29 12 21 6 28
26 7 29 7 29 12 21 6 28 26 7 29 12 21 6 28
26 7 29 12 7 29 12 21 6 28 26 7 29 12 21 6 28

5 28 8 15 17 16 22 5 28 8 15 17 16 22
5 28 8 15 17 16 22 5 28 8 28 8 15 17 16 22
5 28 8 15 17 16 22 5 28 8 8 28 8 15 17 16 22
5 28 8 15 17 16 22 5 28 8 8 8 15 17 16 22
5 28 8 15 17 16 22 5 28 8 15 8 8 15 17 16 22
5 28 8 28 8 15 17 16 22 5 28 8 15 17 16 22
5 28 8 8 28 8 15 17 16 22 5 28 8 15 17 16 22
5 28 8 8 8 15 17 16 22 5 28 8 15 17 16 22
5 28 8 15 8 8 15 17 16 22 5 28 8 15 17 16 22

6 16 24 24 30 27 5 6 16 24 24 30 27 5
6 16 24 24 30 27 5 6 16 11 16 24 24 30 27 5
6 16 24 24 30 27 5 6 16 24 11 16 24 24 30 27 5
6 16 24 24 30 27 5 6 16 24 11 24 24 30 27 5
6 16 24 24 30 27 5 6 16 24 24 11 24 24 30 27 5
6 16 11 16 24 24 30 27 5 6 16 24 24 30 27 5
6 16 24 11 16 24 24 30 27 5 6 16 24 24 30 27 5
6 16 24 11 24 24 30 27 5 6 16 24 24 30 27 5
6 16 24 24 11 24 24 30 27 5 6 16 24 24 30 27 5

24 19 28 12 28 25 16 24 19 28 12 28 25 16
24 19 28 12 28 25 16 24 19 20 19 28 12 28 25 16
24 19 28 12 28 25 16 24 19 28 20 19 28 12 28 25 16
24 19 28 12 28 25 16 24 19 28 20 28 12 28 25 16
24 19 28 12 28 25 16 24 19 28 12 20 28 12 28 25 16
24 19 20 19 28 12 28 25 16 24 19 28 12 28 25 16
24 19 28 20 19 28 12 28 25 16 24 19 28 12 28 25 16
24 19 28 20 28 12 28 25 16 24 19 28 12 28 25 16
24 19 28 12 20 28 12 28 25 16 24 19 28 12 28 25 16

24 29 7 15 28 7 8 24 29 7 15 28 7 8
24 29 7 15 28 7 8 24 29 5 29 7 15 28 7 8
24 29 7 15 28 7 8 24 29 7 5 29 7 15 28 7 8
24 29 7 15 28 7 8 24 29 7 5 7 15 28 7 8
24 29 7 15 28 7 8 24 29 7 15 5 7 15 28 7 8
24 29 5 29 7 15 28 7 8 24 29 7 15 28 7 8
24 29 7 5 29 7 15 28 7 8 24 29 7 15 28 7 8
24 29 7 5 7 15 28 7 8 24 29 7 15 28 7 8
24 29 7 15 5 7 15 28 7 8 24 29 7 15 28 7 8

16 25 26 24 27 14 17 16 25 26 24 27 14 17
16 25 26 24 27 14 17 16 25 8 25 26 24 27 14 17
16 25 26 24 27 14 17 16 25 26 8 25 26 24 27 14 17
16 25 26 24 27 14 17 16 25 26 8 26 24 27 14 17
16 25 26 24 27 14 17 16 25 26 24 8 26 24 27 14 17
16 25 8 25 26 24 27 14 17 16 25 26 24 27 14 17
16 25 26 8 25 26 24 27 14 17 16 25 26 24 27 14 17
16 25 26 8 26 24 27 14 17 16 25 26 24 27 14 17
16 25 26 24 8 26 24 27 14 17 16 25 26 24 27 14 17

10 26 30 6 16 13 30 10 26 30 6 16 13 30
10 26 30 6 16 13 30 10 26 9 26 30 6 16 13 30
10 26 30 6 16 13 30 10 26 30 9 26 30 6 16 13 30
10 26 30 6 16 13 30 10 26 30 9 30 6 16 13 30
10 26 30 6 16 13 30 10 26 30 6 9 30 6 16 13 30
10 26 9 26 30 6 16 13 30 10 26 30 6 16 13 30
10 26 30 9 26 30 6 16 13 30 10 26 30 6 16 13 30
10 26 30 9 30 6 16 13 30 10 26 30 6 16 13 30
10 26 30 6 9 30 6 16 13 30 10 26 30 6 16 13 30

20 23 12 21 29 25 24 20 23 12 21 29 25 24
20 23 12 21 29 25 24 20 23 18 23 12 21 29 25 24
20 23 12 21 29 25 24 20 23 12 18 23 12 21 29 25 24
20 23 12 21 29 25 24 20 23 12 18 12 21 29 25 24
20 23 12 21 29 25 24 20 23 12 21 18 12 21 29 25 24
20 23 18 23 12 21 29 25 24 20 23 12 21 29 25 24
20 23 12 18 23 12 21 29 25 24 20 23 12 21 29 25 24
20 23 12 18 12 21 29 25 24 20 23 12 21 29 25 24
20 23 12 21 18 12 21 29 25 24 20 23 12 21 29 25 24

19 26 24 5 13 9 9 19 26 24 5 13 9 9
19 26 24 5 13 9 9 19 26 11 26 24 5 13 9 9
19 26 24 5 13 9 9 19 26 24 11 26 24 5 13 9 9
19 26 24 5 13 9 9 19 26 24 11 24 5 13 9 9
19 26 24 5 13 9 9 19 26 24 5 11 24 5 13 9 9
19 26 11 26 24 5 13 9 9 19 26 24 5 13 9 9
19 26 24 11 26 24 5 13 9 9 19 26 24 5 13 9 9
19 26 24 11 24 5 13 9 9 19 26 24 5 13 9 9
19 26 24 5 11 24 5 13 9 9 19 26 24 5 13 9 9

10 22 19 15 24 10 24 10 22 19 15 24 10 24
10 22 19 15 24 10 24 10 22 14 22 19 15 24 10 24
10 22 19 15 24 10 24 10 22 19 14 22 19 15 24 10 24
10 22 19 15 24 10 24 10 22 19 14 19 15 24 10 24
10 22 19 15 24 10 24 10 22 19 15 14 19 15 24 10 24
10 22 14 22 19 15 24 10 24 10 22 19 15 24 10 24
10 22 19 14 22 19 15 24 10 24 10 22 19 15 24 10 24
10 22 19 14 19 15 24 10 24 10 22 19 15 24 10 24
10 22 19 15 14 19 15 24 10 24 10 22 19 15 24 10 24

17 13 12 5 23 23 13 17 13 12 5 23 23 13
17 13 12 5 23 23 13 17 13 18 13 12 5 23 23 13
17 13 12 5 23 23 13 17 13 12 18 13 12 5 23 23 13
17 13 12 5 23 23 13 17 13 12 18 12 5 23 23 13
17 13 12 5 23 23 13 17 13 12 5 18 12 5 23 23 13
17 13 18 13 12 5 23 23 13 17 13 12 5 23 23 13
17 13 12 18 13 12 5 23 23 13 17 13 12 5 23 23 13
17 13 12 18 12 5 23 23 13 17 13 12 5 23 23 13
17 13 12 5 18 12 5 23 23 13 17 13 12 5 23 23 13

29 6 17 16 8 26 7 29 6 17 16 8 26 7
29 6 17 16 8 26 7 29 6 16 6 17 16 8 26 7
29 6 17 16 8 26 7 29 6 17 16 6 17 16 8 26 7
29 6 17 16 8 26 7 29 6 17 16 17 16 8 26 7
29 6 17 16 8 26 7 29 6 17 16 16 17 16 8 26 7
29 6 16 6 17 16 8 26 7 29 6 17 16 8 26 7
29 6 17 16 6 17 16 8 26 7 29 6 17 16 8 26 7
29 6 17 16 17 16 8 26 7 29 6 17 16 8 26 7
29 6 17 16 16 17 16 8 26 7 29 6 17 16 8 26 7

5 28 13 28 30 9 30 5 28 13 28 30 9 30
5 28 13 28 30 9 30 5 28 17 28 13 28 30 9 30
5 28 13 28 30 9 30 5 28 13 17 28 13 28 30 9 30
5 28 13 28 30 9 30 5 28 13 17 13 28 30 9 30
5 28 13 28 30 9 30 5 28 13 28 17 13 28 30 9 30
5 28 17 28 13 28 30 9 30 5 28 13 28 30 9 30
5 28 13 17 28 13 28 30 9 30 5 28 13 28 30 9 30
5 28 13 17 13 28 30 9 30 5 28 13 28 30 9 30
5 28 13 28 17 13 28 30 9 30 5 28 13 28 30 9 30

12 22 23 22 24 11 27 12 22 23 22 24 11 27
12 22 23 22 24 11 27 12 22 12 22 23 22 24 11 27
12 22 23 22 24 11 27 12 22 23 12 22 23 22 24 11 27
12 22 23 22 24 11 27 12 22 23 12 23 22 24 11 27
12 22 23 22 24 11 27 12 22 23 22 12 23 22 24 11 27
12 22 12 22 23 22 24 11 27 12 22 23 22 24 11 27
12 22 23 12 22 23 22 24 11 27 12 22 23 22 24 11 27
12 22 23 12 23 22 24 11 27 12 22 23 22 24 11 27
12 22 23 22 12 23 22 24 11 27 12 22 23 22 24 11 27

5 30 7 26 11 7 23 5 30 7 26 11 7 23
5 30 7 26 11 7 23 5 30 14 30 7 26 11 7 23
5 30 7 26 11 7 23 5 30 7 14 30 7 26 11 7 23
5 30 7 26 11 7 23 5 30 7 14 7 26 11 7 23
5 30 7 26 11 7 23 5 30 7 26 14 7 26 11 7 23
5 30 14 30 7 26 11 7 23 5 30 7 26 11 7 23
5 30 7 14 30 7 26 11 7 23 5 30 7 26 11 7 23
5 30 7 14 7 26 11 7 23 5 30 7 26 11 7 23
5 30 7 26 14 7 26 11 7 23 5 30 7 26 11 7 23

6 14 20 19 11 9 18 6 14 20 19 11 9 18
6 14 20 19 11 9 18 6 14 15 14 20 19 11 9 18
6 14 20 19 11 9 18 6 14 20 15 14 20 19 11 9 18
6 14 20 19 11 9 18 6 14 20 15 20 19 11 9 18
6 14 20 19 11 9 18 6 14 20 19 15 20 19 11 9 18
6 14 15 14 20 19 11 9 18 6 14 20 19 11 9 18
6 14 20 15 14 20 19 11 9 18 6 14 20 19 11 9 18
6 14 20 15 20 19 11 9 18 6 14 20 19 11 9 18
6 14 20 19 15 20 19 11 9 18 6 14 20 19 11 9 18

12 20 16 28 18 23 28 12 20 16 28 18 23 28
12 20 16 28 18 23 28 12 20 5 20 16 28 18 23 28
12 20 16 28 18 23 28 12 20 16 5 20 16 28 18 23 28
12 20 16 28 18 23 28 12 20 16 5 16 28 18 23 28
12 20 16 28 18 23 28 12 20 16 28 5 16 28 18 23 28
12 20 5 20 16 28 18 23 28 12 20 16 28 18 23 28
12 20 16 5 20 16 28 18 23 28 12 20 16 28 18 23 28
12 20 16 5 16 28 18 23 28 12 20 16 28 18 23 28
12 20 16 28 5 16 28 18 23 28 12 20 16 28 18 23 28

17 22 7 5 13 23 16 17 22 7 5 13 23 16
17 22 7 5 13 23 16 17 22 19 22 7 5 13 23 16
17 22 7 5 13 23 16 17 22 7 19 22 7 5 13 23 16
17 22 7 5 13 23 16 17 22 7 19 7 5 13 23 16
17 22 7 5 13 23 16 17 22 7 5 19 7 5 13 23 16
17 22 19 22 7 5 13 23 16 17 22 7 5 13 23 16
17 22 7 19 22 7 5 13 23 16 17 22 7 5 13 23 16
17 22 7 19 7 5 13 23 16 17 22 7 5 13 23 16
17 22 7 5 19 7 5 13 23 16 17 22 7 5 13 23 16

26 5 25 23 11 15 26 26 5 25 23 11 15 26
26 5 25 23 11 15 26 26 5 12 5 25 23 11 15 26
26 5 25 23 11 15 26 26 5 25 12 5 25 23 11 15 26
26 5 25 23 11 15 26 26 5 25 12 25 23 11 15 26
26 5 25 23 11 15 26 26 5 25 23 12 25 23 11 15 26
26 5 12 5 25 23 11 15 26 26 5 25 23 11 15 26
26 5 25 12 5 25 23 11 15 26 26 5 25 23 11 15 26
26 5 25 12 25 23 11 15 26 26 5 25 23 11 15 26
26 5 25 23 12 25 23 11 15 26 26 5 25 23 11 15 26

14 24 30 27 30 23 8 14 24 30 27 30 23 8
14 24 30 27 30 23 8 14 24 18 24 30 27 30 23 8
14 24 30 27 30 23 8 14 24 30 18 24 30 27 30 23 8
14 24 30 27 30 23 8 14 24 30 18 30 27 30 23 8
14 24 30 27 30 23 8 14 24 30 27 18 30 27 30 23 8
14 24 18 24 30 27 30 23 8 14 24 30 27 30 23 8
14 24 30 18 24 30 27 30 23 8 14 24 30 27 30 23 8
14 24 30 18 30 27 30 23 8 14 24 30 27 30 23 8
14 24 30 27 18 30 27 30 23 8 14 24 30 27 30 23 8

16 30 18 5 9 17 14 16 30 18 5 9 17 14
16 30 18 5 9 17 14 16 30 6 30 18 5 9 17 14
16 30 18 5 9 17 14 16 30 18 6 30 18 5 9 17 14
16 30 18 5 9 17 14 16 30 18 6 18 5 9 17 14
16 30 18 5 9 17 14 16 30 18 5 6 18 5 9 17 14
16 30 6 30 18 5 9 17 14 16 30 18 5 9 17 14
16 30 18 6 30 18 5 9 17 14 16 30 18 5 9 17 14
16 30 18 6 18 5 9 17 14 16 30 18 5 9 17 14
16 30 18 5 6 18 5 9 17 14 16 30 18 5 9 17 14

6 16 5 18 26 20 29 6 16 5 18 26 20 29
6 16 5 18 26 20 29 6 16 9 16 5 18 26 20 29
6 16 5 18 26 20 29 6 16 5 9 16 5 18 26 20 29
6 16 5 18 26 20 29 6 16 5 9 5 18 26 20 29
6 16 5 18 26 20 29 6 16 5 18 9 5 18 26 20 29
6 16 9 16 5 18 26 20 29 6 16 5 18 26 20 29
6 16 5 9 16 5 18 26 20 29 6 16 5 18 26 20 29
6 16 5 9 5 18 26 20 29 6 16 5 18 26 20 29
6 16 5 18 9 5 18 26 20 29 6 16 5 18 26 20 29

20 17 28 27 28 22 15 20 17 28 27 28 22 15
20 17 28 27 28 22 15 20 17 8 17 28 27 28 22 15
20 17 28 27 28 22 15 20 17 28 8 17 28 27 28 22 15
20 17 28 27 28 22 15 20 17 28 8 28 27 28 22 15
20 17 28 27 28 22 15 20 17 28 27 8 28 27 28 22 15
20 17 8 17 28 27 28 22 15 20 17 28 27 28 22 15
20 17 28 8 17 28 27 28 22 15 20 17 28 27 28 22 15
20 17 28 8 28 27 28 22 15 20 17 28 27 28 22 15
20 17 28 27 8 28 27 28 22 15 20 17 28 27 28 22 15

10 25 9 18 20 8 21 10 25 9 18 20 8 21
10 25 9 18 20 8 21 10 25 9 25 9 18 20 8 21
10 25 9 18 20 8 21 10 25 9 9 25 9 18 20 8 21
10 25 9 18 20 8 21 10 25 9 9 9 18 20 8 21
10 25 9 18 20 8 21 10 25 9 18 9 9 18 20 8 21
10 25 9 25 9 18 20 8 21 10 25 9 18 20 8 21
10 25 9 9 25 9 18 20 8 21 10 25 9 18 20 8 21
10 25 9 9 9 18 20 8 21 10 25 9 18 20 8 21
10 25 9 18 9 9 18 20 8 21 10 25 9 18 20 8 21

14 9 10 15 25 16 26 14 9 10 15 25 16 26
14 9 10 15 25 16 26 14 9 17 9 10 15 25 16 26
14 9 10 15 25 16 26 14 9 10 17 9 10 15 25 16 26
14 9 10 15 25 16 26 14 9 10 17 10 15 25 16 26
14 9 10 15 25 16 26 14 9 10 15 17 10 15 25 16 26
14 9 17 9 10 15 25 16 26 14 9 10 15 25 16 26
14 9 10 17 9 10 15 25 16 26 14 9 10 15 25 16 26
14 9 10 17 10 15 25 16 26 14 9 10 15 25 16 26
14 9 10 15 17 10 15 25 16 26 14 9 10 15 25 16 26

25 22 26 8 9 20 27 25 22 26 8 9 20 27
25 22 26 8 9 20 27 25 22 17 22 26 8 9 20 27
25 22 26 8 9 20 27 25 22 26 17 22 26 8 9 20 27
25 22 26 8 9 20 27 25 22 26 17 26 8 9 20 27
25 22 26 8 9 20 27 25 22 26 8 17 26 8 9 20 27
25 22 17 22 26 8 9 20 27 25 22 26 8 9 20 27
25 22 26 17 22 26 8 9 20 27 25 22 26 8 9 20 27
25 22 26 17 26 8 9 20 27 25 22 26 8 9 20 27
25 22 26 8 17 26 8 9 20 27 25 22 26 8 9 20 27

6 21 30 6 22 11 23 6 21 30 6 22 11 23
6 21 30 6 22 11 23 6 21 9 21 30 6 22 11 23
6 21 30 6 22 11 23 6 21 30 9 21 30 6 22 11 23
6 21 30 6 22 11 23 6 21 30 9 30 6 22 11 23
6 21 30 6 22 11 23 6 21 30 6 9 30 6 22 11 23
6 21 9 21 30 6 22 11 23 6 21 30 6 22 11 23
6 21 30 9 21 30 6 22 11 23 6 21 30 6 22 11 23
6 21 30 9 30 6 22 11 23 6 21 30 6 22 11 23
6 21 30 6 9 30 6 22 11 23 6 21 30 6 22 11 23

14 20 15 23 15 9 13 14 20 15 23 15 9 13
14 20 15 23 15 9 13 14 20 8 20 15 23 15 9 13
14 20 15 23 15 9 13 14 20 15 8 20 15 23 15 9 13
14 20 15 23 15 9 13 14 20 15 8 15 23 15 9 13
14 20 15 23 15 9 13 14 20 15 23 8 15 23 15 9 13
14 20 8 20 15 23 15 9 13 14 20 15 23 15 9 13
14 20 15 8 20 15 23 15 9 13 14 20 15 23 15 9 13
14 20 15 8 15 23 15 9 13 14 20 15 23 15 9 13
14 20 15 23 8 15 23 15 9 13 14 20 15 23 15 9 13

16 27 26 15 30 6 25 16 27 26 15 30 6 25
16 27 26 15 30 6 25 16 27 14 27 26 15 30 6 25
16 27 26 15 30 6 25 16 27 26 14 27 26 15 30 6 25
16 27 26 15 30 6 25 16 27 26 14 26 15 30 6 25
16 27 26 15 30 6 25 16 27 26 15 14 26 15 30 6 25
16 27 14 27 26 15 30 6 25 16 27 26 15 30 6 25
16 27 26 14 27 26 15 30 6 25 16 27 26 15 30 6 25
16 27 26 14 26 15 30 6 25 16 27 26 15 30 6 25
16 27 26 15 14 26 15 30 6 25 16 27 26 15 30 6 25

29 19 19 6 24 9 20 29 19 19 6 24 9 20
29 19 19 6 24 9 20 29 19 17 19 19 6 24 9 20
29 19 19 6 24 9 20 29 19 19 17 19 19 6 24 9 20
29 19 19 6 24 9 20 29 19 19 17 19 6 24 9 20
29 19 19 6 24 9 20 29 19 19 6 17 19 6 24 9 20
29 19 17 19 19 6 24 9 20 29 19 19 6 24 9 20
29 19 19 17 19 19 6 24 9 20 29 19 19 6 24 9 20
29 19 19 17 19 6 24 9 20 29 19 19 6 24 9 20
29 19 19 6 17 19 6 24 9 20 29 19 19 6 24 9 20

10 20 18 23 16 18 15 10 20 18 23 16 18 15
10 20 18 23 16 18 15 10 20 8 20 18 23 16 18 15
10 20 18 23 16 18 15 10 20 18 8 20 18 23 16 18 15
10 20 18 23 16 18 15 10 20 18 8 18 23 16 18 15
10 20 18 23 16 18 15 10 20 18 23 8 18 23 16 18 15
10 20 8 20 18 23 16 18 15 10 20 18 23 16 18 15
10 20 18 8 20 18 23 16 18 15 10 20 18 23 16 18 15
10 20 18 8 18 23 16 18 15 10 20 18 23 16 18 15
10 20 18 23 8 18 23 16 18 15 10 20 18 23 16 18 15

18 27 20 8 27 10 29 18 27 20 8 27 10 29
18 27 20 8 27 10 29 18 27 14 27 20 8 27 10 29
18 27 20 8 27 10 29 18 27 20 14 27 20 8 27 10 29
18 27 20 8 27 10 29 18 27 20 14 20 8 27 10 29
18 27 20 8 27 10 29 18 27 20 8 14 20 8 27 10 29
18 27 14 27 20 8 27 10 29 18 27 20 8 27 10 29
18 27 20 14 27 20 8 27 10 29 18 27 20 8 27 10 29
18 27 20 14 20 8 27 10 29 18 27 20 8 27 10 29
18 27 20 8 14 20 8 27 10 29 18 27 20 8 27 10 29

24 12 18 30 21 12 9 24 12 18 30 21 12 9
24 12 18 30 21 12 9 24 12 18 12 18 30 21 12 9
24 12 18 30 21 12 9 24 12 18 18 12 18 30 21 12 9
24 12 18 30 21 12 9 24 12 18 18 18 30 21 12 9
24 12 18 30 21 12 9 24 12 18 30 18 18 30 21 12 9
24 12 18 12 18 30 21 12 9 24 12 18 30 21 12 9
24 12 18 18 12 18 30 21 12 9 24 12 18 30 21 12 9
24 12 18 18 18 30 21 12 9 24 12 18 30 21 12 9
24 12 18 30 18 18 30 21 12 9 24 12 18 30 21 12 9

26 24 29 18 29 15 16 26 24 29 18 29 15 16
26 24 29 18 29 15 16 26 24 18 24 29 18 29 15 16
26 24 29 18 29 15 16 26 24 29 18 24 29 18 29 15 16
26 24 29 18 29 15 16 26 24 29 18 29 18 29 15 16
26 24 29 18 29 15 16 26 24 29 18 18 29 18 29 15 16
26 24 18 24 29 18 29 15 16 26 24 29 18 29 15 16
26 24 29 18 24 29 18 29 15 16 26 24 29 18 29 15 16
26 24 29 18 29 18 29 15 16 26 24 29 18 29 15 16
26 24 29 18 18 29 18 29 15 16 26 24 29 18 29 15 16

18 8 24 25 26 25 13 18 8 24 25 26 25 13
18 8 24 25 26 25 13 18 8 16 8 24 25 26 25 13
18 8 24 25 26 25 13 18 8 24 16 8 24 25 26 25 13
18 8 24 25 26 25 13 18 8 24 16 24 25 26 25 13
18 8 24 25 26 25 13 18 8 24 25 16 24 25 26 25 13
18 8 16 8 24 25 26 25 13 18 8 24 25 26 25 13
18 8 24 16 8 24 25 26 25 13 18 8 24 25 26 25 13
18 8 24 16 24 25 26 25 13 18 8 24 25 26 25 13
18 8 24 25 16 24 25 26 25 13 18 8 24 25 26 25 13

8 20 14 12 18 8 26 8 20 14 12 18 8 26
8 20 14 12 18 8 26 8 20 16 20 14 12 18 8 26
8 20 14 12 18 8 26 8 20 14 16 20 14 12 18 8 26
8 20 14 12 18 8 26 8 20 14 16 14 12 18 8 26
8 20 14 12 18 8 26 8 20 14 12 16 14 12 18 8 26
8 20 16 20 14 12 18 8 26 8 20 14 12 18 8 26
8 20 14 16 20 14 12 18 8 26 8 20 14 12 18 8 26
8 20 14 16 14 12 18 8 26 8 20 14 12 18 8 26
8 20 14 12 16 14 12 18 8 26 8 20 14 12 18 8 26

10 21 5 14 28 25 29 10 21 5 14 28 25 29
10 21 5 14 28 25 29 10 21 16 21 5 14 28 25 29
10 21 5 14 28 25 29 10 21 5 16 21 5 14 28 25 29
10 21 5 14 28 25 29 10 21 5 16 5 14 28 25 29
10 21 5 14 28 25 29 10 21 5 14 16 5 14 28 25 29
10 21 16 21 5 14 28 25 29 10 21 5 14 28 25 29
10 21 5 16 21 5 14 28 25 29 10 21 5 14 28 25 29
10 21 5 16 5 14 28 25 29 10 21 5 14 28 25 29
10 21 5 14 16 5 14 28 25 29 10 21 5 14 28 25 29

9 13 15 24 30 12 26 9 13 15 24 30 12 26
9 13 15 24 30 12 26 9 13 19 13 15 24 30 12 26
9 13 15 24 30 12 26 9 13 15 19 13 15 24 30 12 26
9 13 15 24 30 12 26 9 13 15 19 15 24 30 12 26
9 13 15 24 30 12 26 9 13 15 24 19 15 24 30 12 26
9 13 19 13 15 24 30 12 26 9 13 15 24 30 12 26
9 13 15 19 13 15 24 30 12 26 9 13 15 24 30 12 26
9 13 15 19 15 24 30 12 26 9 13 15 24 30 12 26
9 13 15 24 19 15 24 30 12 26 9 13 15 24 30 12 26

14 8 22 7 9 5 29 14 8 22 7 9 5 29
14 8 22 7 9 5 29 14 8 9 8 22 7 9 5 29
14 8 22 7 9 5 29 14 8 22 9 8 22 7 9 5 29
14 8 22 7 9 5 29 14 8 22 9 22 7 9 5 29
14 8 22 7 9 5 29 14 8 22 7 9 22 7 9 5 29
14 8 9 8 22 7 9 5 29 14 8 22 7 9 5 29
14 8 22 9 8 22 7 9 5 29 14 8 22 7 9 5 29
14 8 22 9 22 7 9 5 29 14 8 22 7 9 5 29
14 8 22 7 9 22 7 9 5 29 14 8 22 7 9 5 29

22 18 8 23 29 8 21 22 18 8 23 29 8 21
22 18 8 23 29 8 21 22 18 15 18 8 23 29 8 21
22 18 8 23 29 8 21 22 18 8 15 18 8 23 29 8 21
22 18 8 23 29 8 21 22 18 8 15 8 23 29 8 21
22 18 8 23 29 8 21 22 18 8 23 15 8 23 29 8 21
22 18 15 18 8 23 29 8 21 22 18 8 23 29 8 21
22 18 8 15 18 8 23 29 8 21 22 18 8 23 29 8 21
22 18 8 15 8 23 29 8 21 22 18 8 23 29 8 21
22 18 8 23 15 8 23 29 8 21 22 18 8 23 29 8 21

12 29 28 11 16 6 9 12 29 28 11 16 6 9
12 29 28 11 16 6 9 12 29 19 29 28 11 16 6 9
12 29 28 11 16 6 9 12 29 28 19 29 28 11 16 6 9
12 29 28 11 16 6 9 12 29 28 19 28 11 16 6 9
12 29 28 11 16 6 9 12 29 28 11 19 28 11 16 6 9
12 29 19 29 28 11 16 6 9 12 29 28 11 16 6 9
12 29 28 19 29 28 11 16 6 9 12 29 28 11 16 6 9
12 29 28 19 28 11 16 6 9 12 29 28 11 16 6 9
12 29 28 11 19 28 11 16 6 9 12 29 28 11 16 6 9

5 16 14 13 27 30 12 5 16 14 13 27 30 12
5 16 14 13 27 30 12 5 16 16 16 14 13 27 30 12
5 16 14 13 27 30 12 5 16 14 16 16 14 13 27 30 12
5 16 14 13 27 30 12 5 16 14 16 14 13 27 30 12
5 16 14 13 27 30 12 5 16 14 13 16 14 13 27 30 12
5 16 16 16 14 13 27 30 12 5 16 14 13 27 30 12
5 16 14 16 16 14 13 27 30 12 5 16 14 13 27 30 12
5 16 14 16 14 13 27 30 12 5 16 14 13 27 30 12
5 16 14 13 16 14 13 27 30 12 5 16 14 13 27 30 12

30 15 30 9 28 12 16 30 15 30 9 28 12 16
30 15 30 9 28 12 16 30 15 16 15 30 9 28 12 16
30 15 30 9 28 12 16 30 15 30 16 15 30 9 28 12 16
30 15 30 9 28 12 16 30 15 30 16 30 9 28 12 16
30 15 30 9 28 12 16 30 15 30 9 16 30 9 28 12 16
30 15 16 15 30 9 28 12 16 30 15 30 9 28 12 16
30 15 30 16 15 30 9 28 12 16 30 15 30 9 28 12 16
30 15 30 16 30 9 28 12 16 30 15 30 9 28 12 16
30 15 30 9 16 30 9 28 12 16 30 15 30 9 28 12 16

26 21 28 28 17 23 12 26 21 28 28 17 23 12
26 21 28 28 17 23 12 26 21 5 21 28 28 17 23 12
26 21 28 28 17 23 12 26 21 28 5 21 28 28 17 23 12
26 21 28 28 17 23 12 26 21 28 5 28 28 17 23 12
26 21 28 28 17 23 12 26 21 28 28 5 28 28 17 23 12
26 21 5 21 28 28 17 23 12 26 21 28 28 17 23 12
26 21 28 5 21 28 28 17 23 12 26 21 28 28 17 23 12
26 21 28 5 28 28 17 23 12 26 21 28 28 17 23 12
26 21 28 28 5 28 28 17 23 12 26 21 28 28 17 23 12

23 25 29 30 6 23 11 23 25 29 30 6 23 11
23 25 29 30 6 23 11 23 25 11 25 29 30 6 23 11
23 25 29 30 6 23 11 23 25 29 11 25 29 30 6 23 11
23 25 29 30 6 23 11 23 25 29 11 29 30 6 23 11
23 25 29 30 6 23 11 23 25 29 30 11 29 30 6 23 11
23 25 11 25 29 30 6 23 11 23 25 29 30 6 23 11
23 25 29 11 25 29 30 6 23 11 23 25 29 30 6 23 11
23 25 29 11 29 30 6 23 11 23 25 29 30 6 23 11
23 25 29 30 11 29 30 6 23 11 23 25 29 30 6 23 11

12 27 8 26 23 8 29 12 27 8 26 23 8 29
12 27 8 26 23 8 29 12 27 17 27 8 26 23 8 29
12 27 8 26 23 8 29 12 27 8 17 27 8 26 23 8 29
12 27 8 26 23 8 29 12 27 8 17 8 26 23 8 29
12 27 8 26 23 8 29 12 27 8 26 17 8 26 23 8 29
12 27 17 27 8 26 23 8 29 12 27 8 26 23 8 29
12 27 8 17 27 8 26 23 8 29 12 27 8 26 23 8 29
12 27 8 17 8 26 23 8 29 12 27 8 26 23 8 29
12 27 8 26 17 8 26 23 8 29 12 27 8 26 23 8 29

15 23 17 28 17 24 24 15 23 17 28 17 24 24
15 23 17 28 17 24 24 15 23 10 23 17 28 17 24 24
15 23 17 28 17 24 24 15 23 17 10 23 17 28 17 24 24
15 23 17 28 17 24 24 15 23 17 10 17 28 17 24 24
15 23 17 28 17 24 24 15 23 17 28 10 17 28 17 24 24
15 23 10 23 17 28 17 24 24 15 23 17 28 17 24 24
15 23 17 10 23 17 28 17 24 24 15 23 17 28 17 24 24
15 23 17 10 17 28 17 24 24 15 23 17 28 17 24 24
15 23 17 28 10 17 28 17 24 24 15 23 17 28 17 24 24

26 5 24 22 26 30 9 26 5 24 22 26 30 9
26 5 24 22 26 30 9 26 5 12 5 24 22 26 30 9
26 5 24 22 26 30 9 26 5 24 12 5 24 22 26 30 9
26 5 24 22 26 30 9 26 5 24 12 24 22 26 30 9
26 5 24 22 26 30 9 26 5 24 22 12 24 22 26 30 9
26 5 12 5 24 22 26 30 9 26 5 24 22 26 30 9
26 5 24 12 5 24 22 26 30 9 26 5 24 22 26 30 9
26 5 24 12 24 22 26 30 9 26 5 24 22 26 30 9
26 5 24 22 12 24 22 26 30 9 26 5 24 22 26 30 9

22 16 30 8 10 28 23 22 16 30 8 10 28 23
22 16 30 8 10 28 23 22 16 14 16 30 8 10 28 23
22 16 30 8 10 28 23 22 16 30 14 16 30 8 10 28 23
22 16 30 8 10 28 23 22 16 30 14 30 8 10 28 23
22 16 30 8 10 28 23 22 16 30 8 14 30 8 10 28 23
22 16 14 16 30 8 10 28 23 22 16 30 8 10 28 23
22 16 30 14 16 30 8 10 28 23 22 16 30 8 10 28 23
22 16 30 14 30 8 10 28 23 22 16 30 8 10 28 23
22 16 30 8 14 30 8 10 28 23 22 16 30 8 10 28 23

24 9 7 9 18 13 26 24 9 7 9 18 13 26
24 9 7 9 18 13 26 24 9 7 9 7 9 18 13 26
24 9 7 9 18 13 26 24 9 7 7 9 7 9 18 13 26
24 9 7 9 18 13 26 24 9 7 7 7 9 18 13 26
24 9 7 9 18 13 26 24 9 7 9 7 7 9 18 13 26
24 9 7 9 7 9 18 13 26 24 9 7 9 18 13 26
24 9 7 7 9 7 9 18 13 26 24 9 7 9 18 13 26
24 9 7 7 7 9 18 13 26 24 9 7 9 18 13 26
24 9 7 9 7 7 9 18 13 26 24 9 7 9 18 13 26

7 22 19 29 19 25 19 7 22 19 29 19 25 19
7 22 19 29 19 25 19 7 22 9 22 19 29 19 25 19
7 22 19 29 19 25 19 7 22 19 9 22 19 29 19 25 19
7 22 19 29 19 25 19 7 22 19 9 19 29 19 25 19
7 22 19 29 19 25 19 7 22 19 29 9 19 29 19 25 19
7 22 9 22 19 29 19 25 19 7 22 19 29 19 25 19
7 22 19 9 22 19 29 19 25 19 7 22 19 29 19 25 19
7 22 19 9 19 29 19 25 19 7 22 19 29 19 25 19
7 22 19 29 9 19 29 19 25 19 7 22 19 29 19 25 19

8 8 21 25 27 27 13 8 8 21 25 27 27 13
8 8 21 25 27 27 13 8 8 6 8 21 25 27 27 13
8 8 21 25 27 27 13 8 8 21 6 8 21 25 27 27 13
8 8 21 25 27 27 13 8 8 21 6 21 25 27 27 13
8 8 21 25 27 27 13 8 8 21 25 6 21 25 27 27 13
8 8 6 8 21 25 27 27 13 8 8 21 25 27 27 13
8 8 21 6 8 21 25 27 27 13 8 8 21 25 27 27 13
8 8 21 6 21 25 27 27 13 8 8 21 25 27 27 13
8 8 21 25 6 21 25 27 27 13 8 8 21 25 27 27 13

7 14 8 18 25 27 19 7 14 8 18 25 27 19
7 14 8 18 25 27 19 7 14 17 14 8 18 25 27 19
7 14 8 18 25 27 19 7 14 8 17 14 8 18 25 27 19
7 14 8 18 25 27 19 7 14 8 17 8 18 25 27 19
7 14 8 18 25 27 19 7 14 8 18 17 8 18 25 27 19
7 14 17 14 8 18 25 27 19 7 14 8 18 25 27 19
7 14 8 17 14 8 18 25 27 19 7 14 8 18 25 27 19
7 14 8 17 8 18 25 27 19 7 14 8 18 25 27 19
7 14 8 18 17 8 18 25 27 19 7 14 8 18 25 27 19

22 17 12 28 23 15 22 22 17 12 28 23 15 22
22 17 12 28 23 15 22 22 17 6 17 12 28 23 15 22
22 17 12 28 23 15 22 22 17 12 6 17 12 28 23 15 22
22 17 12 28 23 15 22 22 17 12 6 12 28 23 15 22
22 17 12 28 23 15 22 22 17 12 28 6 12 28 23 15 22
22 17 6 17 12 28 23 15 22 22 17 12 28 23 15 22
22 17 12 6 17 12 28 23 15 22 22 17 12 28 23 15 22
22 17 12 6 12 28 23 15 22 22 17 12 28 23 15 22
22 17 12 28 6 12 28 23 15 22 22 17 12 28 23 15 22

13 28 19 29 11 12 15 13 28 19 29 11 12 15
13 28 19 29 11 12 15 13 28 12 28 19 29 11 12 15
13 28 19 29 11 12 15 13 28 19 12 28 19 29 11 12 15
13 28 19 29 11 12 15 13 28 19 12 19 29 11 12 15
13 28 19 29 11 12 15 13 28 19 29 12 19 29 11 12 15
13 28 12 28 19 29 11 12 15 13 28 19 29 11 12 15
13 28 19 12 28 19 29 11 12 15 13 28 19 29 11 12 15
13 28 19 12 19 29 11 12 15 13 28 19 29 11 12 15
13 28 19 29 12 19 29 11 12 15 13 28 19 29 11 12 15

5 11 18 7 16 16 16 5 11 18 7 16 16 16
5 11 18 7 16 16 16 5 11 15 11 18 7 16 16 16
5 11 18 7 16 16 16 5 11 18 15 11 18 7 16 16 16
5 11 18 7 16 16 16 5 11 18 15 18 7 16 16 16
5 11 18 7 16 16 16 5 11 18 7 15 18 7 16 16 16
5 11 15 11 18 7 16 16 16 5 11 18 7 16 16 16
5 11 18 15 11 18 7 16 16 16 5 11 18 7 16 16 16
5 11 18 15 18 7 16 16 16 5 11 18 7 16 16 16
5 11 18 7 15 18 7 16 16 16 5 11 18 7 16 16 16

30 14 10 11 16 5 10 30 14 10 11 16 5 10
30 14 10 11 16 5 10 30 14 8 14 10 11 16 5 10
30 14 10 11 16 5 10 30 14 10 8 14 10 11 16 5 10
30 14 10 11 16 5 10 30 14 10 8 10 11 16 5 10
30 14 10 11 16 5 10 30 14 10 11 8 10 11 16 5 10
30 14 8 14 10 11 16 5 10 30 14 10 11 16 5 10
30 14 10 8 14 10 11 16 5 10 30 14 10 11 16 5 10
30 14 10 8 10 11 16 5 10 30 14 10 11 16 5 10
30 14 10 11 8 10 11 16 5 10 30 14 10 11 16 5 10

14 19 7 30 11 30 24 14 19 7 30 11 30 24
14 19 7 30 11 30 24 14 19 20 19 7 30 11 30 24
14 19 7 30 11 30 24 14 19 7 20 19 7 30 11 30 24
14 19 7 30 11 30 24 14 19 7 20 7 30 11 30 24
14 19 7 30 11 30 24 14 19 7 30 20 7 30 11 30 24
14 19 20 19 7 30 11 30 24 14 19 7 30 11 30 24
14 19 7 20 19 7 30 11 30 24 14 19 7 30 11 30 24
14 19 7 20 7 30 11 30 24 14 19 7 30 11 30 24
14 19 7 30 20 7 30 11 30 24 14 19 7 30 11 30 24

15 20 23 18 20 23 12 15 20 23 18 20 23 12
15 20 23 18 20 23 12 15 20 11 20 23 18 20 23 12
15 20 23 18 20 23 12 15 20 23 11 20 23 18 20 23 12
15 20 23 18 20 23 12 15 20 23 11 23 18 20 23 12
15 20 23 18 20 23 12 15 20 23 18 11 23 18 20 23 12
15 20 11 20 23 18 20 23 12 15 20 23 18 20 23 12
15 20 23 11 20 23 18 20 23 12 15 20 23 18 20 23 12
15 20 23 11 23 18 20 23 12 15 20 23 18 20 23 12
15 20 23 18 11 23 18 20 23 12 15 20 23 18 20 23 12

24 20 13 10 14 12 18 24 20 13 10 14 12 18
24 20 13 10 14 12 18 24 20 10 20 13 10 14 12 18
24 20 13 10 14 12 18 24 20 13 10 20 13 10 14 12 18
24 20 13 10 14 12 18 24 20 13 10 13 10 14 12 18
24 20 13 10 14 12 18 24 20 13 10 10 13 10 14 12 18
24 20 10 20 13 10 14 12 18 24 20 13 10 14 12 18
24 20 13 10 20 13 10 14 12 18 24 20 13 10 14 12 18
24 20 13 10 13 10 14 12 18 24 20 13 10 14 12 18
24 20 13 10 10 13 10 14 12 18 24 20 13 10 14 12 18

15 20 23 10 13 25 18 15 20 23 10 13 25 18
15 20 23 10 13 25 18 15 20 5 20 23 10 13 25 18
15 20 23 10 13 25 18 15 20 23 5 20 23 10 13 25 18
15 20 23 10 13 25 18 15 20 23 5 23 10 13 25 18
15 20 23 10 13 25 18 15 20 23 10 5 23 10 13 25 18
15 20 5 20 23 10 13 25 18 15 20 23 10 13 25 18
15 20 23 5 20 23 10 13 25 18 15 20 23 10 13 25 18
15 20 23 5 23 10 13 25 18 15 20 23 10 13 25 18
15 20 23 10 5 23 10 13 25 18 15 20 23 10 13 25 18

17 12 6 6 8 18 17 17 12 6 6 8 18 17
17 12 6 6 8 18 17 17 12 14 12 6 6 8 18 17
17 12 6 6 8 18 17 17 12 6 14 12 6 6 8 18 17
17 12 6 6 8 18 17 17 12 6 14 6 6 8 18 17
17 12 6 6 8 18 17 17 12 6 6 14 6 6 8 18 17
17 12 14 12 6 6 8 18 17 17 12 6 6 8 18 17
17 12 6 14 12 6 6 8 18 17 17 12 6 6 8 18 17
17 12 6 14 6 6 8 18 17 17 12 6 6 8 18 17
17 12 6 6 14 6 6 8 18 17 17 12 6 6 8 18 17

19 16 20 20 30 14 30 19 16 20 20 30 14 30
19 16 20 20 30 14 30 19 16 19 16 20 20 30 14 30
19 16 20 20 30 14 30 19 16 20 19 16 20 20 30 14 30
19 16 20 20 30 14 30 19 16 20 19 20 20 30 14 30
19 16 20 20 30 14 30 19 16 20 20 19 20 20 30 14 30
19 16 19 16 20 20 30 14 30 19 16 20 20 30 14 30
19 16 20 19 16 20 20 30 14 30 19 16 20 20 30 14 30
19 16 20 19 20 20 30 14 30 19 16 20 20 30 14 30
19 16 20 20 19 20 20 30 14 30 19 16 20 20 30 14 30

11 8 13 10 5 18 15 11 8 13 10 5 18 15
11 8 13 10 5 18 15 11 8 6 8 13 10 5 18 15
11 8 13 10 5 18 15 11 8 13 6 8 13 10 5 18 15
11 8 13 10 5 18 15 11 8 13 6 13 10 5 18 15
11 8 13 10 5 18 15 11 8 13 10 6 13 10 5 18 15
11 8 6 8 13 10 5 18 15 11 8 13 10 5 18 15
11 8 13 6 8 13 10 5 18 15 11 8 13 10 5 18 15
11 8 13 6 13 10 5 18 15 11 8 13 10 5 18 15
11 8 13 10 6 13 10 5 18 15 11 8 13 10 5 18 15

14 21 30 18 21 8 10 14 21 30 18 21 8 10
14 21 30 18 21 8 10 14 21 19 21 30 18 21 8 10
14 21 30 18 21 8 10 14 21 30 19 21 30 18 21 8 10
14 21 30 18 21 8 10 14 21 30 19 30 18 21 8 10
14 21 30 18 21 8 10 14 21 30 18 19 30 18 21 8 10
14 21 19 21 30 18 21 8 10 14 21 30 18 21 8 10
14 21 30 19 21 30 18 21 8 10 14 21 30 18 21 8 10
14 21 30 19 30 18 21 8 10 14 21 30 18 21 8 10
14 21 30 18 19 30 18 21 8 10 14 21 30 18 21 8 10

15 22 13 7 9 23 28 15 22 13 7 9 23 28
15 22 13 7 9 23 28 15 22 16 22 13 7 9 23 28
15 22 13 7 9 23 28 15 22 13 16 22 13 7 9 23 28
15 22 13 7 9 23 28 15 22 13 16 13 7 9 23 28
15 22 13 7 9 23 28 15 22 13 7 16 13 7 9 23 28
15 22 16 22 13 7 9 23 28 15 22 13 7 9 23 28
15 22 13 16 22 13 7 9 23 28 15 22 13 7 9 23 28
15 22 13 16 13 7 9 23 28 15 22 13 7 9 23 28
15 22 13 7 16 13 7 9 23 28 15 22 13 7 9 23 28

19 5 17 6 16 9 27 19 5 17 6 16 9 27
19 5 17 6 16 9 27 19 5 17 5 17 6 16 9 27
19 5 17 6 16 9 27 19 5 17 17 5 17 6 16 9 27
19 5 17 6 16 9 27 19 5 17 17 17 6 16 9 27
19 5 17 6 16 9 27 19 5 17 6 17 17 6 16 9 27
19 5 17 5 17 6 16 9 27 19 5 17 6 16 9 27
19 5 17 17 5 17 6 16 9 27 19 5 17 6 16 9 27
19 5 17 17 17 6 16 9 27 19 5 17 6 16 9 27
19 5 17 6 17 17 6 16 9 27 19 5 17 6 16 9 27

16 21 14 17 10 9 11 16 21 14 17 10 9 11
16 21 14 17 10 9 11 16 21 8 21 14 17 10 9 11
16 21 14 17 10 9 11 16 21 14 8 21 14 17 10 9 11
16 21 14 17 10 9 11 16 21 14 8 14 17 10 9 11
16 21 14 17 10 9 11 16 21 14 17 8 14 17 10 9 11
16 21 8 21 14 17 10 9 11 16 21 14 17 10 9 11
16 21 14 8 21 14 17 10 9 11 16 21 14 17 10 9 11
16 21 14 8 14 17 10 9 11 16 21 14 17 10 9 11
16 21 14 17 8 14 17 10 9 11 16 21 14 17 10 9 11

18 26 8 16 17 15 23 18 26 8 16 17 15 23
18 26 8 16 17 15 23 18 26 16 26 8 16 17 15 23
18 26 8 16 17 15 23 18 26 8 16 26 8 16 17 15 23
18 26 8 16 17 15 23 18 26 8 16 8 16 17 15 23
18 26 8 16 17 15 23 18 26 8 16 16 8 16 17 15 23
18 26 16 26 8 16 17 15 23 18 26 8 16 17 15 23
18 26 8 16 26 8 16 17 15 23 18 26 8 16 17 15 23
18 26 8 16 8 16 17 15 23 18 26 8 16 17 15 23
18 26 8 16 16 8 16 17 15 23 18 26 8 16 17 15 23

22 10 13 12 27 29 25 22 10 13 12 27 29 25
22 10 13 12 27 29 25 22 10 15 10 13 12 27 29 25
22 10 13 12 27 29 25 22 10 13 15 10 13 12 27 29 25
22 10 13 12 27 29 25 22 10 13 15 13 12 27 29 25
22 10 13 12 27 29 25 22 10 13 12 15 13 12 27 29 25
22 10 15 10 13 12 27 29 25 22 10 13 12 27 29 25
22 10 13 15 10 13 12 27 29 25 22 10 13 12 27 29 25
22 10 13 15 13 12 27 29 25 22 10 13 12 27 29 25
22 10 13 12 15 13 12 27 29 25 22 10 13 12 27 29 25

28 18 19 20 24 20 8 28 18 19 20 24 20 8
28 18 19 20 24 20 8 28 18 18 18 19 20 24 20 8
28 18 19 20 24 20 8 28 18 19 18 18 19 20 24 20 8
28 18 19 20 24 20 8 28 18 19 18 19 20 24 20 8
28 18 19 20 24 20 8 28 18 19 20 18 19 20 24 20 8
28 18 18 18 19 20 24 20 8 28 18 19 20 24 20 8
28 18 19 18 18 19 20 24 20 8 28 18 19 20 24 20 8
28 18 19 18 19 20 24 20 8 28 18 19 20 24 20 8
28 18 19 20 18 19 20 24 20 8 28 18 19 20 24 20 8

19 9 28 7 20 20 15 19 9 28 7 20 20 15
19 9 28 7 20 20 15 19 9 14 9 28 7 20 20 15
19 9 28 7 20 20 15 19 9 28 14 9 28 7 20 20 15
19 9 28 7 20 20 15 19 9 28 14 28 7 20 20 15
19 9 28 7 20 20 15 19 9 28 7 14 28 7 20 20 15
19 9 14 9 28 7 20 20 15 19 9 28 7 20 20 15
19 9 28 14 9 28 7 20 20 15 19 9 28 7 20 20 15
19 9 28 14 28 7 20 20 15 19 9 28 7 20 20 15
19 9 28 7 14 28 7 20 20 15 19 9 28 7 20 20 15

29 30 5 10 8 23 14 29 30 5 10 8 23 14
29 30 5 10 8 23 14 29 30 11 30 5 10 8 23 14
29 30 5 10 8 23 14 29 30 5 11 30 5 10 8 23 14
29 30 5 10 8 23 14 29 30 5 11 5 10 8 23 14
29 30 5 10 8 23 14 29 30 5 10 11 5 10 8 23 14
29 30 11 30 5 10 8 23 14 29 30 5 10 8 23 14
29 30 5 11 30 5 10 8 23 14 29 30 5 10 8 23 14
29 30 5 11 5 10 8 23 14 29 30 5 10 8 23 14
29 30 5 10 11 5 10 8 23 14 29 30 5 10 8 23 14

26 15 19 9 23 27 9 26 15 19 9 23 27 9
26 15 19 9 23 27 9 26 15 10 15 19 9 23 27 9
26 15 19 9 23 27 9 26 15 19 10 15 19 9 23 27 9
26 15 19 9 23 27 9 26 15 19 10 19 9 23 27 9
26 15 19 9 23 27 9 26 15 19 9 10 19 9 23 27 9
26 15 10 15 19 9 23 27 9 26 15 19 9 23 27 9
26 15 19 10 15 19 9 23 27 9 26 15 19 9 23 27 9
26 15 19 10 19 9 23 27 9 26 15 19 9 23 27 9
26 15 19 9 10 19 9 23 27 9 26 15 19 9 23 27 9

25 20 30 22 27 8 12 25 20 30 22 27 8 12
25 20 30 22 27 8 12 25 20 16 20 30 22 27 8 12
25 20 30 22 27 8 12 25 20 30 16 20 30 22 27 8 12
25 20 30 22 27 8 12 25 20 30 16 30 22 27 8 12
25 20 30 22 27 8 12 25 20 30 22 16 30 22 27 8 12
25 20 16 20 30 22 27 8 12 25 20 30 22 27 8 12
25 20 30 16 20 30 22 27 8 12 25 20 30 22 27 8 12
25 20 30 16 30 22 27 8 12 25 20 30 22 27 8 12
25 20 30 22 16 30 22 27 8 12 25 20 30 22 27 8 12

22 12 18 27 24 7 22 22 12 18 27 24 7 22
22 12 18 27 24 7 22 22 12 13 12 18 27 24 7 22
22 12 18 27 24 7 22 22 12 18 13 12 18 27 24 7 22
22 12 18 27 24 7 22 22 12 18 13 18 27 24 7 22
22 12 18 27 24 7 22 22 12 18 27 13 18 27 24 7 22
22 12 13 12 18 27 24 7 22 22 12 18 27 24 7 22
22 12 18 13 12 18 27 24 7 22 22 12 18 27 24 7 22
22 12 18 13 18 27 24 7 22 22 12 18 27 24 7 22
22 12 18 27 13 18 27 24 7 22 22 12 18 27 24 7 22

27 27 19 10 26 26 26 27 27 19 10 26 26 26
27 27 19 10 26 26 26 27 27 17 27 19 10 26 26 26
27 27 19 10 26 26 26 27 27 19 17 27 19 10 26 26 26
27 27 19 10 26 26 26 27 27 19 17 19 10 26 26 26
27 27 19 10 26 26 26 27 27 19 10 17 19 10 26 26 26
27 27 17 27 19 10 26 26 26 27 27 19 10 26 26 26
27 27 19 17 27 19 10 26 26 26 27 27 19 10 26 26 26
27 27 19 17 19 10 26 26 26 27 27 19 10 26 26 26
27 27 19 10 17 19 10 26 26 26 27 27 19 10 26 26 26

16 7 28 7 18 9 14 16 7 28 7 18 9 14
16 7 28 7 18 9 14 16 7 16 7 28 7 18 9 14
16 7 28 7 18 9 14 16 7 28 16 7 28 7 18 9 14
16 7 28 7 18 9 14 16 7 28 16 28 7 18 9 14
16 7 28 7 18 9 14 16 7 28 7 16 28 7 18 9 14
16 7 16 7 28 7 18 9 14 16 7 28 7 18 9 14
16 7 28 16 7 28 7 18 9 14 16 7 28 7 18 9 14
16 7 28 16 28 7 18 9 14 16 7 28 7 18 9 14
16 7 28 7 16 28 7 18 9 14 16 7 28 7 18 9 14

14 13 10 30 15 22 20 14 13 10 30 15 22 20
14 13 10 30 15 22 20 14 13 16 13 10 30 15 22 20
14 13 10 30 15 22 20 14 13 10 16 13 10 30 15 22 20
14 13 10 30 15 22 20 14 13 10 16 10 30 15 22 20
14 13 10 30 15 22 20 14 13 10 30 16 10 30 15 22 20
14 13 16 13 10 30 15 22 20 14 13 10 30 15 22 20
14 13 10 16 13 10 30 15 22 20 14 13 10 30 15 22 20
14 13 10 16 10 30 15 22 20 14 13 10 30 15 22 20
14 13 10 30 16 10 30 15 22 20 14 13 10 30 15 22 20

25 5 9 23 8 6 6 25 5 9 23 8 6 6
25 5 9 23 8 6 6 25 5 9 5 9 23 8 6 6
25 5 9 23 8 6 6 25 5 9 9 5 9 23 8 6 6
25 5 9 23 8 6 6 25 5 9 9 9 23 8 6 6
25 5 9 23 8 6 6 25 5 9 23 9 9 23 8 6 6
25 5 9 5 9 23 8 6 6 25 5 9 23 8 6 6
25 5 9 9 5 9 23 8 6 6 25 5 9 23 8 6 6
25 5 9 9 9 23 8 6 6 25 5 9 23 8 6 6
25 5 9 23 9 9 23 8 6 6 25 5 9 23 8 6 6

8 10 24 7 21 13 30 8 10 24 7 21 13 30
8 10 24 7 21 13 30 8 10 14 10 24 7 21 13 30
8 10 24 7 21 13 30 8 10 24 14 10 24 7 21 13 30
8 10 24 7 21 13 30 8 10 24 14 24 7 21 13 30
8 10 24 7 21 13 30 8 10 24 7 14 24 7 21 13 30
8 10 14 10 24 7 21 13 30 8 10 24 7 21 13 30
8 10 24 14 10 24 7 21 13 30 8 10 24 7 21 13 30
8 10 24 14 24 7 21 13 30 8 10 24 7 21 13 30
8 10 24 7 14 24 7 21 13 30 8 10 24 7 21 13 30

29 10 8 18 19 7 16 29 10 8 18 19 7 16
29 10 8 18 19 7 16 29 10 19 10 8 18 19 7 16
29 10 8 18 19 7 16 29 10 8 19 10 8 18 19 7 16
29 10 8 18 19 7 16 29 10 8 19 8 18 19 7 16
29 10 8 18 19 7 16 29 10 8 18 19 8 18 19 7 16
29 10 19 10 8 18 19 7 16 29 10 8 18 19 7 16
29 10 8 19 10 8 18 19 7 16 29 10 8 18 19 7 16
29 10 8 19 8 18 19 7 16 29 10 8 18 19 7 16
29 10 8 18 19 8 18 19 7 16 29 10 8 18 19 7 16

21 11 23 22 26 8 19 21 11 23 22 26 8 19
21 11 23 22 26 8 19 21 11 10 11 23 22 26 8 19
21 11 23 22 26 8 19 21 11 23 10 11 23 22 26 8 19
21 11 23 22 26 8 19 21 11 23 10 23 22 26 8 19
21 11 23 22 26 8 19 21 11 23 22 10 23 22 26 8 19
21 11 10 11 23 22 26 8 19 21 11 23 22 26 8 19
21 11 23 10 11 23 22 26 8 19 21 11 23 22 26 8 19
21 11 23 10 23 22 26 8 19 21 11 23 22 26 8 19
21 11 23 22 10 23 22 26 8 19 21 11 23 22 26 8 19

23 24 13 14 8 14 28 23 24 13 14 8 14 28
23 24 13 14 8 14 28 23 24 19 24 13 14 8 14 28
23 24 13 14 8 14 28 23 24 13 19 24 13 14 8 14 28
23 24 13 14 8 14 28 23 24 13 19 13 14 8 14 28
23 24 13 14 8 14 28 23 24 13 14 19 13 14 8 14 28
23 24 19 24 13 14 8 14 28 23 24 13 14 8 14 28
23 24 13 19 24 13 14 8 14 28 23 24 13 14 8 14 28
23 24 13 19 13 14 8 14 28 23 24 13 14 8 14 28
23 24 13 14 19 13 14 8 14 28 23 24 13 14 8 14 28

24 28 9 15 14 28 16 24 28 9 15 14 28 16
24 28 9 15 14 28 16 24 28 5 28 9 15 14 28 16
24 28 9 15 14 28 16 24 28 9 5 28 9 15 14 28 16
24 28 9 15 14 28 16 24 28 9 5 9 15 14 28 16
24 28 9 15 14 28 16 24 28 9 15 5 9 15 14 28 16
24 28 5 28 9 15 14 28 16 24 28 9 15 14 28 16
24 28 9 5 28 9 15 14 28 16 24 28 9 15 14 28 16
24 28 9 5 9 15 14 28 16 24 28 9 15 14 28 16
24 28 9 15 5 9 15 14 28 16 24 28 9 15 14 28 16

11 6 11 13 10 17 6 11 6 11 13 10 17 6
11 6 11 13 10 17 6 11 6 11 6 11 13 10 17 6
11 6 11 13 10 17 6 11 6 11 11 6 11 13 10 17 6
11 6 11 13 10 17 6 11 6 11 11 11 13 10 17 6
11 6 11 13 10 17 6 11 6 11 13 11 11 13 10 17 6
11 6 11 6 11 13 10 17 6 11 6 11 13 10 17 6
11 6 11 11 6 11 13 10 17 6 11 6 11 13 10 17 6
11 6 11 11 11 13 10 17 6 11 6 11 13 10 17 6
11 6 11 13 11 11 13 10 17 6 11 6 11 13 10 17 6

14 5 11 28 8 26 11 14 5 11 28 8 26 11
14 5 11 28 8 26 11 14 5 5 5 11 28 8 26 11
14 5 11 28 8 26 11 14 5 11 5 5 11 28 8 26 11
14 5 11 28 8 26 11 14 5 11 5 11 28 8 26 11
14 5 11 28 8 26 11 14 5 11 28 5 11 28 8 26 11
14 5 5 5 11 28 8 26 11 14 5 11 28 8 26 11
14 5 11 5 5 11 28 8 26 11 14 5 11 28 8 26 11
14 5 11 5 11 28 8 26 11 14 5 11 28 8 26 11
14 5 11 28 5 11 28 8 26 11 14 5 11 28 8 26 11

8 30 11 28 24 19 21 8 30 11 28 24 19 21
8 30 11 28 24 19 21 8 30 19 30 11 28 24 19 21
8 30 11 28 24 19 21 8 30 11 19 30 11 28 24 19 21
8 30 11 28 24 19 21 8 30 11 19 11 28 24 19 21
8 30 11 28 24 19 21 8 30 11 28 19 11 28 24 19 21
8 30 19 30 11 28 24 19 21 8 30 11 28 24 19 21
8 30 11 19 30 11 28 24 19 21 8 30 11 28 24 19 21
8 30 11 19 11 28 24 19 21 8 30 11 28 24 19 21
8 30 11 28 19 11 28 24 19 21 8 30 11 28 24 19 21

23 7 6 29 12 11 18 23 7 6 29 12 11 18
23 7 6 29 12 11 18 23 7 14 7 6 29 12 11 18
23 7 6 29 12 11 18 23 7 6 14 7 6 29 12 11 18
23 7 6 29 12 11 18 23 7 6 14 6 29 12 11 18
23 7 6 29 12 11 18 23 7 6 29 14 6 29 12 11 18
23 7 14 7 6 29 12 11 18 23 7 6 29 12 11 18
23 7 6 14 7 6 29 12 11 18 23 7 6 29 12 11 18
23 7 6 14 6 29 12 11 18 23 7 6 29 12 11 18
23 7 6 29 14 6 29 12 11 18 23 7 6 29 12 11 18

11 8 30 18 10 11 24 11 8 30 18 10 11 24
11 8 30 18 10 11 24 11 8 18 8 30 18 10 11 24
11 8 30 18 10 11 24 11 8 30 18 8 30 18 10 11 24
11 8 30 18 10 11 24 11 8 30 18 30 18 10 11 24
11 8 30 18 10 11 24 11 8 30 18 18 30 18 10 11 24
11 8 18 8 30 18 10 11 24 11 8 30 18 10 11 24
11 8 30 18 8 30 18 10 11 24 11 8 30 18 10 11 24
11 8 30 18 30 18 10 11 24 11 8 30 18 10 11 24
11 8 30 18 18 30 18 10 11 24 11 8 30 18 10 11 24

30 6 25 5 5 9 19 30 6 25 5 5 9 19
30 6 25 5 5 9 19 30 6 6 6 25 5 5 9 19
30 6 25 5 5 9 19 30 6 25 6 6 25 5 5 9 19
30 6 25 5 5 9 19 30 6 25 6 25 5 5 9 19
30 6 25 5 5 9 19 30 6 25 5 6 25 5 5 9 19
30 6 6 6 25 5 5 9 19 30 6 25 5 5 9 19
30 6 25 6 6 25 5 5 9 19 30 6 25 5 5 9 19
30 6 25 6 25 5 5 9 19 30 6 25 5 5 9 19
30 6 25 5 6 25 5 5 9 19 30 6 25 5 5 9 19

22 30 6 6 23 27 17 22 30 6 6 23 27 17
22 30 6 6 23 27 17 22 30 9 30 6 6 23 27 17
22 30 6 6 23 27 17 22 30 6 9 30 6 6 23 27 17
22 30 6 6 23 27 17 22 30 6 9 6 6 23 27 17
22 30 6 6 23 27 17 22 30 6 6 9 6 6 23 27 17
22 30 9 30 6 6 23 27 17 22 30 6 6 23 27 17
22 30 6 9 30 6 6 23 27 17 22 30 6 6 23 27 17
22 30 6 9 6 6 23 27 17 22 30 6 6 23 27 17
22 30 6 6 9 6 6 23 27 17 22 30 6 6 23 27 17

27 7 7 6 17 14 15 27 7 7 6 17 14 15
27 7 7 6 17 14 15 27 7 16 7 7 6 17 14 15
27 7 7 6 17 14 15 27 7 7 16 7 7 6 17 14 15
27 7 7 6 17 14 15 27 7 7 16 7 6 17 14 15
27 7 7 6 17 14 15 27 7 7 6 16 7 6 17 14 15
27 7 16 7 7 6 17 14 15 27 7 7 6 17 14 15
27 7 7 16 7 7 6 17 14 15 27 7 7 6 17 14 15
27 7 7 16 7 6 17 14 15 27 7 7 6 17 14 15
27 7 7 6 16 7 6 17 14 15 27 7 7 6 17 14 15

20 22 23 20 13 15 5 20 22 23 20 13 15 5
20 22 23 20 13 15 5 20 22 16 22 23 20 13 15 5
20 22 23 20 13 15 5 20 22 23 16 22 23 20 13 15 5
20 22 23 20 13 15 5 20 22 23 16 23 20 13 15 5
20 22 23 20 13 15 5 20 22 23 20 16 23 20 13 15 5
20 22 16 22 23 20 13 15 5 20 22 23 20 13 15 5
20 22 23 16 22 23 20 13 15 5 20 22 23 20 13 15 5
20 22 23 16 23 20 13 15 5 20 22 23 20 13 15 5
20 22 23 20 16 23 20 13 15 5 20 22 23 20 13 15 5

12 30 19 12 16 11 6 12 30 19 12 16 11 6
12 30 19 12 16 11 6 12 30 5 30 19 12 16 11 6
12 30 19 12 16 11 6 12 30 19 5 30 19 12 16 11 6
12 30 19 12 16 11 6 12 30 19 5 19 12 16 11 6
12 30 19 12 16 11 6 12 30 19 12 5 19 12 16 11 6
12 30 5 30 19 12 16 11 6 12 30 19 12 16 11 6
12 30 19 5 30 19 12 16 11 6 12 30 19 12 16 11 6
12 30 19 5 19 12 16 11 6 12 30 19 12 16 11 6
12 30 19 12 5 19 12 16 11 6 12 30 19 12 16 11 6

19 26 20 17 17 29 13 19 26 20 17 17 29 13
19 26 20 17 17 29 13 19 26 17 26 20 17 17 29 13
19 26 20 17 17 29 13 19 26 20 17 26 20 17 17 29 13
19 26 20 17 17 29 13 19 26 20 17 20 17 17 29 13
19 26 20 17 17 29 13 19 26 20 17 17 20 17 17 29 13
19 26 17 26 20 17 17 29 13 19 26 20 17 17 29 13
19 26 20 17 26 20 17 17 29 13 19 26 20 17 17 29 13
19 26 20 17 20 17 17 29 13 19 26 20 17 17 29 13
19 26 20 17 17 20 17 17 29 13 19 26 20 17 17 29 13

25 7 24 29 30 23 20 25 7 24 29 30 23 20
25 7 24 29 30 23 20 25 7 6 7 24 29 30 23 20
25 7 24 29 30 23 20 25 7 24 6 7 24 29 30 23 20
25 7 24 29 30 23 20 25 7 24 6 24 29 30 23 20
25 7 24 29 30 23 20 25 7 24 29 6 24 29 30 23 20
25 7 6 7 24 29 30 23 20 25 7 24 29 30 23 20
25 7 24 6 7 24 29 30 23 20 25 7 24 29 30 23 20
25 7 24 6 24 29 30 23 20 25 7 24 29 30 23 20
25 7 24 29 6 24 29 30 23 20 25 7 24 29 30 23 20

24 17 30 22 12 14 5 24 17 30 22 12 14 5
24 17 30 22 12 14 5 24 17 20 17 30 22 12 14 5
24 17 30 22 12 14 5 24 17 30 20 17 30 22 12 14 5
24 17 30 22 12 14 5 24 17 30 20 30 22 12 14 5
24 17 30 22 12 14 5 24 17 30 22 20 30 22 12 14 5
24 17 20 17 30 22 12 14 5 24 17 30 22 12 14 5
24 17 30 20 17 30 22 12 14 5 24 17 30 22 12 14 5
24 17 30 20 30 22 12 14 5 24 17 30 22 12 14 5
24 17 30 22 20 30 22 12 14 5 24 17 30 22 12 14 5

9 27 18 30 20 20 5 9 27 18 30 20 20 5
9 27 18 30 20 20 5 9 27 6 27 18 30 20 20 5
9 27 18 30 20 20 5 9 27 18 6 27 18 30 20 20 5
9 27 18 30 20 20 5 9 27 18 6 18 30 20 20 5
9 27 18 30 20 20 5 9 27 18 30 6 18 30 20 20 5
9 27 6 27 18 30 20 20 5 9 27 18 30 20 20 5
9 27 18 6 27 18 30 20 20 5 9 27 18 30 20 20 5
9 27 18 6 18 30 20 20 5 9 27 18 30 20 20 5
9 27 18 30 6 18 30 20 20 5 9 27 18 30 20 20 5

30 8 24 27 26 7 7 30 8 24 27 26 7 7
30 8 24 27 26 7 7 30 8 5 8 24 27 26 7 7
30 8 24 27 26 7 7 30 8 24 5 8 24 27 26 7 7
30 8 24 27 26 7 7 30 8 24 5 24 27 26 7 7
30 8 24 27 26 7 7 30 8 24 27 5 24 27 26 7 7
30 8 5 8 24 27 26 7 7 30 8 24 27 26 7 7
30 8 24 5 8 24 27 26 7 7 30 8 24 27 26 7 7
30 8 24 5 24 27 26 7 7 30 8 24 27 26 7 7
30 8 24 27 5 24 27 26 7 7 30 8 24 27 26 7 7

20 22 5 6 14 7 15 20 22 5 6 14 7 15
20 22 5 6 14 7 15 20 22 14 22 5 6 14 7 15
20 22 5 6 14 7 15 20 22 5 14 22 5 6 14 7 15
20 22 5 6 14 7 15 20 22 5 14 5 6 14 7 15
20 22 5 6 14 7 15 20 22 5 6 14 5 6 14 7 15
20 22 14 22 5 6 14 7 15 20 22 5 6 14 7 15
20 22 5 14 22 5 6 14 7 15 20 22 5 6 14 7 15
20 22 5 14 5 6 14 7 15 20 22 5 6 14 7 15
20 22 5 6 14 5 6 14 7 15 20 22 5 6 14 7 15

26 26 9 24 30 26 30 26 26 9 24 30 26 30
26 26 9 24 30 26 30 26 26 17 26 9 24 30 26 30
26 26 9 24 30 26 30 26 26 9 17 26 9 24 30 26 30
26 26 9 24 30 26 30 26 26 9 17 9 24 30 26 30
26 26 9 24 30 26 30 26 26 9 24 17 9 24 30 26 30
26 26 17 26 9 24 30 26 30 26 26 9 24 30 26 30
26 26 9 17 26 9 24 30 26 30 26 26 9 24 30 26 30
26 26 9 17 9 24 30 26 30 26 26 9 24 30 26 30
26 26 9 24 17 9 24 30 26 30 26 26 9 24 30 26 30

26 16 27 18 5 21 25 26 16 27 18 5 21 25
26 16 27 18 5 21 25 26 16 15 16 27 18 5 21 25
26 16 27 18 5 21 25 26 16 27 15 16 27 18 5 21 25
26 16 27 18 5 21 25 26 16 27 15 27 18 5 21 25
26 16 27 18 5 21 25 26 16 27 18 15 27 18 5 21 25
26 16 15 16 27 18 5 21 25 26 16 27 18 5 21 25
26 16 27 15 16 27 18 5 21 25 26 16 27 18 5 21 25
26 16 27 15 27 18 5 21 25 26 16 27 18 5 21 25
26 16 27 18 15 27 18 5 21 25 26 16 27 18 5 21 25

27 29 15 29 30 26 18 27 29 15 29 30 26 18
27 29 15 29 30 26 18 27 29 9 29 15 29 30 26 18
27 29 15 29 30 26 18 27 29 15 9 29 15 29 30 26 18
27 29 15 29 30 26 18 27 29 15 9 15 29 30 26 18
27 29 15 29 30 26 18 27 29 15 29 9 15 29 30 26 18
27 29 9 29 15 29 30 26 18 27 29 15 29 30 26 18
27 29 15 9 29 15 29 30 26 18 27 29 15 29 30 26 18
27 29 15 9 15 29 30 26 18 27 29 15 29 30 26 18
27 29 15 29 9 15 29 30 26 18 27 29 15 29 30 26 18

13 11 26 20 9 11 15 13 11 26 20 9 11 15
13 11 26 20 9 11 15 13 11 13 11 26 20 9 11 15
13 11 26 20 9 11 15 13 11 26 13 11 26 20 9 11 15
13 11 26 20 9 11 15 13 11 26 13 26 20 9 11 15
13 11 26 20 9 11 15 13 11 26 20 13 26 20 9 11 15
13 11 13 11 26 20 9 11 15 13 11 26 20 9 11 15
13 11 26 13 11 26 20 9 11 15 13 11 26 20 9 11 15
13 11 26 13 26 20 9 11 15 13 11 26 20 9 11 15
13 11 26 20 13 26 20 9 11 15 13 11 26 20 9 11 15

13 14 5 19 30 18 8 13 14 5 19 30 18 8
13 14 5 19 30 18 8 13 14 6 14 5 19 30 18 8
13 14 5 19 30 18 8 13 14 5 6 14 5 19 30 18 8
13 14 5 19 30 18 8 13 14 5 6 5 19 30 18 8
13 14 5 19 30 18 8 13 14 5 19 6 5 19 30 18 8
13 14 6 14 5 19 30 18 8 13 14 5 19 30 18 8
13 14 5 6 14 5 19 30 18 8 13 14 5 19 30 18 8
13 14 5 6 5 19 30 18 8 13 14 5 19 30 18 8
13 14 5 19 6 5 19 30 18 8 13 14 5 19 30 18 8

6 28 14 11 24 15 14 6 28 14 11 24 15 14
6 28 14 11 24 15 14 6 28 14 28 14 11 24 15 14
6 28 14 11 24 15 14 6 28 14 14 28 14 11 24 15 14
6 28 14 11 24 15 14 6 28 14 14 14 11 24 15 14
6 28 14 11 24 15 14 6 28 14 11 14 14 11 24 15 14
6 28 14 28 14 11 24 15 14 6 28 14 11 24 15 14
6 28 14 14 28 14 11 24 15 14 6 28 14 11 24 15 14
6 28 14 14 14 11 24 15 14 6 28 14 11 24 15 14
6 28 14 11 14 14 11 24 15 14 6 28 14 11 24 15 14

23 19 19 13 10 7 16 23 19 19 13 10 7 16
23 19 19 13 10 7 16 23 19 5 19 19 13 10 7 16
23 19 19 13 10 7 16 23 19 19 5 19 19 13 10 7 16
23 19 19 13 10 7 16 23 19 19 5 19 13 10 7 16
23 19 19 13 10 7 16 23 19 19 13 5 19 13 10 7 16
23 19 5 19 19 13 10 7 16 23 19 19 13 10 7 16
23 19 19 5 19 19 13 10 7 16 23 19 19 13 10 7 16
23 19 19 5 19 13 10 7 16 23 19 19 13 10 7 16
23 19 19 13 5 19 13 10 7 16 23 19 19 13 10 7 16

21 18 14 24 24 27 17 21 18 14 24 24 27 17
21 18 14 24 24 27 17 21 18 10 18 14 24 24 27 17
21 18 14 24 24 27 17 21 18 14 10 18 14 24 24 27 17
21 18 14 24 24 27 17 21 18 14 10 14 24 24 27 17
21 18 14 24 24 27 17 21 18 14 24 10 14 24 24 27 17
21 18 10 18 14 24 24 27 17 21 18 14 24 24 27 17
21 18 14 10 18 14 24 24 27 17 21 18 14 24 24 27 17
21 18 14 10 14 24 24 27 17 21 18 14 24 24 27 17
21 18 14 24 10 14 24 24 27 17 21 18 14 24 24 27 17

25 21 11 23 15 7 9 25 21 11 23 15 7 9
25 21 11 23 15 7 9 25 21 11 21 11 23 15 7 9
25 21 11 23 15 7 9 25 21 11 11 21 11 23 15 7 9
25 21 11 23 15 7 9 25 21 11 11 11 23 15 7 9
25 21 11 23 15 7 9 25 21 11 23 11 11 23 15 7 9
25 21 11 21 11 23 15 7 9 25 21 11 23 15 7 9
25 21 11 11 21 11 23 15 7 9 25 21 11 23 15 7 9
25 21 11 11 11 23 15 7 9 25 21 11 23 15 7 9
25 21 11 23 11 11 23 15 7 9 25 21 11 23 15 7 9

30 26 26 22 24 23 12 30 26 26 22 24 23 12
30 26 26 22 24 23 12 30 26 7 26 26 22 24 23 12
30 26 26 22 24 23 12 30 26 26 7 26 26 22 24 23 12
30 26 26 22 24 23 12 30 26 26 7 26 22 24 23 12
30 26 26 22 24 23 12 30 26 26 22 7 26 22 24 23 12
30 26 7 26 26 22 24 23 12 30 26 26 22 24 23 12
30 26 26 7 26 26 22 24 23 12 30 26 26 22 24 23 12
30 26 26 7 26 22 24 23 12 30 26 26 22 24 23 12
30 26 26 22 7 26 22 24 23 12 30 26 26 22 24 23 12

18 25 29 13 10 28 28 18 25 29 13 10 28 28
18 25 29 13 10 28 28 18 25 6 25 29 13 10 28 28
18 25 29 13 10 28 28 18 25 29 6 25 29 13 10 28 28
18 25 29 13 10 28 28 18 25 29 6 29 13 10 28 28
18 25 29 13 10 28 28 18 25 29 13 6 29 13 10 28 28
18 25 6 25 29 13 10 28 28 18 25 29 13 10 28 28
18 25 29 6 25 29 13 10 28 28 18 25 29 13 10 28 28
18 25 29 6 29 13 10 28 28 18 25 29 13 10 28 28
18 25 29 13 6 29 13 10 28 28 18 25 29 13 10 28 28

9 30 24 23 15 27 7 9 30 24 23 15 27 7
9 30 24 23 15 27 7 9 30 5 30 24 23 15 27 7
9 30 24 23 15 27 7 9 30 24 5 30 24 23 15 27 7
9 30 24 23 15 27 7 9 30 24 5 24 23 15 27 7
9 30 24 23 15 27 7 9 30 24 23 5 24 23 15 27 7
9 30 5 30 24 23 15 27 7 9 30 24 23 15 27 7
9 30 24 5 30 24 23 15 27 7 9 30 24 23 15 27 7
9 30 24 5 24 23 15 27 7 9 30 24 23 15 27 7
9 30 24 23 5 24 23 15 27 7 9 30 24 23 15 27 7

14 26 28 30 16 18 13 14 26 28 30 16 18 13
14 26 28 30 16 18 13 14 26 12 26 28 30 16 18 13
14 26 28 30 16 18 13 14 26 28 12 26 28 30 16 18 13
14 26 28 30 16 18 13 14 26 28 12 28 30 16 18 13
14 26 28 30 16 18 13 14 26 28 30 12 28 30 16 18 13
14 26 12 26 28 30 16 18 13 14 26 28 30 16 18 13
14 26 28 12 26 28 30 16 18 13 14 26 28 30 16 18 13
14 26 28 12 28 30 16 18 13 14 26 28 30 16 18 13
14 26 28 30 12 28 30 16 18 13 14 26 28 30 16 18 13

11 19 17 8 29 16 20 11 19 17 8 29 16 20
11 19 17 8 29 16 20 11 19 8 19 17 8 29 16 20
11 19 17 8 29 16 20 11 19 17 8 19 17 8 29 16 20
11 19 17 8 29 16 20 11 19 17 8 17 8 29 16 20
11 19 17 8 29 16 20 11 19 17 8 8 17 8 29 16 20
11 19 8 19 17 8 29 16 20 11 19 17 8 29 16 20
11 19 17 8 19 17 8 29 16 20 11 19 17 8 29 16 20
11 19 17 8 17 8 29 16 20 11 19 17 8 29 16 20
11 19 17 8 8 17 8 29 16 20 11 19 17 8 29 16 20

28 30 21 18 20 17 25 28 30 21 18 20 17 25
28 30 21 18 20 17 25 28 30 19 30 21 18 20 17 25
28 30 21 18 20 17 25 28 30 21 19 30 21 18 20 17 25
28 30 21 18 20 17 25 28 30 21 19 21 18 20 17 25
28 30 21 18 20 17 25 28 30 21 18 19 21 18 20 17 25
28 30 19 30 21 18 20 17 25 28 30 21 18 20 17 25
28 30 21 19 30 21 18 20 17 25 28 30 21 18 20 17 25
28 30 21 19 21 18 20 17 25 28 30 21 18 20 17 25
28 30 21 18 19 21 18 20 17 25 28 30 21 18 20 17 25

14 22 13 19 8 15 26 14 22 13 19 8 15 26
14 22 13 19 8 15 26 14 22 19 22 13 19 8 15 26
14 22 13 19 8 15 26 14 22 13 19 22 13 19 8 15 26
14 22 13 19 8 15 26 14 22 13 19 13 19 8 15 26
14 22 13 19 8 15 26 14 22 13 19 19 13 19 8 15 26
14 22 19 22 13 19 8 15 26 14 22 13 19 8 15 26
14 22 13 19 22 13 19 8 15 26 14 22 13 19 8 15 26
14 22 13 19 13 19 8 15 26 14 22 13 19 8 15 26
14 22 13 19 19 13 19 8 15 26 14 22 13 19 8 15 26

28 20 17 15 10 19 19 28 20 17 15 10 19 19
28 20 17 15 10 19 19 28 20 9 20 17 15 10 19 19
28 20 17 15 10 19 19 28 20 17 9 20 17 15 10 19 19
28 20 17 15 10 19 19 28 20 17 9 17 15 10 19 19
28 20 17 15 10 19 19 28 20 17 15 9 17 15 10 19 19
28 20 9 20 17 15 10 19 19 28 20 17 15 10 19 19
28 20 17 9 20 17 15 10 19 19 28 20 17 15 10 19 19
28 20 17 9 17 15 10 19 19 28 20 17 15 10 19 19
28 20 17 15 9 17 15 10 19 19 28 20 17 15 10 19 19

16 17 17 17 11 28 25 16 17 17 17 11 28 25
16 17 17 17 11 28 25 16 17 8 17 17 17 11 28 25
16 17 17 17 11 28 25 16 17 17 8 17 17 17 11 28 25
16 17 17 17 11 28 25 16 17 17 8 17 17 11 28 25
16 17 17 17 11 28 25 16 17 17 17 8 17 17 11 28 25
16 17 8 17 17 17 11 28 25 16 17 17 17 11 28 25
16 17 17 8 17 17 17 11 28 25 16 17 17 17 11 28 25
16 17 17 8 17 17 11 28 25 16 17 17 17 11 28 25
16 17 17 17 8 17 17 11 28 25 16 17 17 17 11 28 25

15 16 28 10 14 17 28 15 16 28 10 14 17 28
15 16 28 10 14 17 28 15 16 18 16 28 10 14 17 28
15 16 28 10 14 17 28 15 16 28 18 16 28 10 14 17 28
15 16 28 10 14 17 28 15 16 28 18 28 10 14 17 28
15 16 28 10 14 17 28 15 16 28 10 18 28 10 14 17 28
15 16 18 16 28 10 14 17 28 15 16 28 10 14 17 28
15 16 28 18 16 28 10 14 17 28 15 16 28 10 14 17 28
15 16 28 18 28 10 14 17 28 15 16 28 10 14 17 28
15 16 28 10 18 28 10 14 17 28 15 16 28 10 14 17 28

25 12 6 26 25 20 11 25 12 6 26 25 20 11
25 12 6 26 25 20 11 25 12 15 12 6 26 25 20 11
25 12 6 26 25 20 11 25 12 6 15 12 6 26 25 20 11
25 12 6 26 25 20 11 25 12 6 15 6 26 25 20 11
25 12 6 26 25 20 11 25 12 6 26 15 6 26 25 20 11
25 12 15 12 6 26 25 20 11 25 12 6 26 25 20 11
25 12 6 15 12 6 26 25 20 11 25 12 6 26 25 20 11
25 12 6 15 6 26 25 20 11 25 12 6 26 25 20 11
25 12 6 26 15 6 26 25 20 11 25 12 6 26 25 20 11

13 13 13 28 23 10 19 13 13 13 28 23 10 19
13 13 13 28 23 10 19 13 13 14 13 13 28 23 10 19
13 13 13 28 23 10 19 13 13 13 14 13 13 28 23 10 19
13 13 13 28 23 10 19 13 13 13 14 13 28 23 10 19
13 13 13 28 23 10 19 13 13 13 28 14 13 28 23 10 19
13 13 14 13 13 28 23 10 19 13 13 13 28 23 10 19
13 13 13 14 13 13 28 23 10 19 13 13 13 28 23 10 19
13 13 13 14 13 28 23 10 19 13 13 13 28 23 10 19
13 13 13 28 14 13 28 23 10 19 13 13 13 28 23 10 19

20 12 5 29 27 6 21 20 12 5 29 27 6 21
20 12 5 29 27 6 21 20 12 12 12 5 29 27 6 21
20 12 5 29 27 6 21 20 12 5 12 12 5 29 27 6 21
20 12 5 29 27 6 21 20 12 5 12 5 29 27 6 21
20 12 5 29 27 6 21 20 12 5 29 12 5 29 27 6 21
20 12 12 12 5 29 27 6 21 20 12 5 29 27 6 21
20 12 5 12 12 5 29 27 6 21 20 12 5 29 27 6 21
20 12 5 12 5 29 27 6 21 20 12 5 29 27 6 21
20 12 5 29 12 5 29 27 6 21 20 12 5 29 27 6 21

24 26 12 18 30 24 13 24 26 12 18 30 24 13
24 26 12 18 30 24 13 24 26 11 26 12 18 30 24 13
24 26 12 18 30 24 13 24 26 12 11 26 12 18 30 24 13
24 26 12 18 30 24 13 24 26 12 11 12 18 30 24 13
24 26 12 18 30 24 13 24 26 12 18 11 12 18 30 24 13
24 26 11 26 12 18 30 24 13 24 26 12 18 30 24 13
24 26 12 11 26 12 18 30 24 13 24 26 12 18 30 24 13
24 26 12 11 12 18 30 24 13 24 26 12 18 30 24 13
24 26 12 18 11 12 18 30 24 13 24 26 12 18 30 24 13

15 16 11 16 16 29 12 15 16 11 16 16 29 12
15 16 11 16 16 29 12 15 16 5 16 11 16 16 29 12
15 16 11 16 16 29 12 15 16 11 5 16 11 16 16 29 12
15 16 11 16 16 29 12 15 16 11 5 11 16 16 29 12
15 16 11 16 16 29 12 15 16 11 16 5 11 16 16 29 12
15 16 5 16 11 16 16 29 12 15 16 11 16 16 29 12
15 16 11 5 16 11 16 16 29 12 15 16 11 16 16 29 12
15 16 11 5 11 16 16 29 12 15 16 11 16 16 29 12
15 16 11 16 5 11 16 16 29 12 15 16 11 16 16 29 12

6 6 10 10 5 5 10 6 6 10 10 5 5 10
6 6 10 10 5 5 10 6 6 17 6 10 10 5 5 10
6 6 10 10 5 5 10 6 6 10 17 6 10 10 5 5 10
6 6 10 10 5 5 10 6 6 10 17 10 10 5 5 10
6 6 10 10 5 5 10 6 6 10 10 17 10 10 5 5 10
6 6 17 6 10 10 5 5 10 6 6 10 10 5 5 10
6 6 10 17 6 10 10 5 5 10 6 6 10 10 5 5 10
6 6 10 17 10 10 5 5 10 6 6 10 10 5 5 10
6 6 10 10 17 10 10 5 5 10 6 6 10 10 5 5 10

16 18 27 30 17 23 17 16 18 27 30 17 23 17
16 18 27 30 17 23 17 16 18 6 18 27 30 17 23 17
16 18 27 30 17 23 17 16 18 27 6 18 27 30 17 23 17
16 18 27 30 17 23 17 16 18 27 6 27 30 17 23 17
16 18 27 30 17 23 17 16 18 27 30 6 27 30 17 23 17
16 18 6 18 27 30 17 23 17 16 18 27 30 17 23 17
16 18 27 6 18 27 30 17 23 17 16 18 27 30 17 23 17
16 18 27 6 27 30 17 23 17 16 18 27 30 17 23 17
16 18 27 30 6 27 30 17 23 17 16 18 27 30 17 23 17

11 24 9 25 17 15 11 11 24 9 25 17 15 11
11 24 9 25 17 15 11 11 24 11 24 9 25 17 15 11
11 24 9 25 17 15 11 11 24 9 11 24 9 25 17 15 11
11 24 9 25 17 15 11 11 24 9 11 9 25 17 15 11
11 24 9 25 17 15 11 11 24 9 25 11 9 25 17 15 11
11 24 11 24 9 25 17 15 11 11 24 9 25 17 15 11
11 24 9 11 24 9 25 17 15 11 11 24 9 25 17 15 11
11 24 9 11 9 25 17 15 11 11 24 9 25 17 15 11
11 24 9 25 11 9 25 17 15 11 11 24 9 25 17 15 11

22 29 17 12 26 8 13 22 29 17 12 26 8 13
22 29 17 12 26 8 13 22 29 11 29 17 12 26 8 13
22 29 17 12 26 8 13 22 29 17 11 29 17 12 26 8 13
22 29 17 12 26 8 13 22 29 17 11 17 12 26 8 13
22 29 17 12 26 8 13 22 29 17 12 11 17 12 26 8 13
22 29 11 29 17 12 26 8 13 22 29 17 12 26 8 13
22 29 17 11 29 17 12 26 8 13 22 29 17 12 26 8 13
22 29 17 11 17 12 26 8 13 22 29 17 12 26 8 13
22 29 17 12 11 17 12 26 8 13 22 29 17 12 26 8 13

18 5 11 24 29 7 11 18 5 11 24 29 7 11
18 5 11 24 29 7 11 18 5 17 5 11 24 29 7 11
18 5 11 24 29 7 11 18 5 11 17 5 11 24 29 7 11
18 5 11 24 29 7 11 18 5 11 17 11 24 29 7 11
18 5 11 24 29 7 11 18 5 11 24 17 11 24 29 7 11
18 5 17 5 11 24 29 7 11 18 5 11 24 29 7 11
18 5 11 17 5 11 24 29 7 11 18 5 11 24 29 7 11
18 5 11 17 11 24 29 7 11 18 5 11 24 29 7 11
18 5 11 24 17 11 24 29 7 11 18 5 11 24 29 7 11

12 11 27 25 10 28 26 12 11 27 25 10 28 26
12 11 27 25 10 28 26 12 11 18 11 27 25 10 28 26
12 11 27 25 10 28 26 12 11 27 18 11 27 25 10 28 26
12 11 27 25 10 28 26 12 11 27 18 27 25 10 28 26
12 11 27 25 10 28 26 12 11 27 25 18 27 25 10 28 26
12 11 18 11 27 25 10 28 26 12 11 27 25 10 28 26
12 11 27 18 11 27 25 10 28 26 12 11 27 25 10 28 26
12 11 27 18 27 25 10 28 26 12 11 27 25 10 28 26
12 11 27 25 18 27 25 10 28 26 12 11 27 25 10 28 26

6 16 7 12 30 13 18 6 16 7 12 30 13 18
6 16 7 12 30 13 18 6 16 9 16 7 12 30 13 18
6 16 7 12 30 13 18 6 16 7 9 16 7 12 30 13 18
6 16 7 12 30 13 18 6 16 7 9 7 12 30 13 18
6 16 7 12 30 13 18 6 16 7 12 9 7 12 30 13 18
6 16 9 16 7 12 30 13 18 6 16 7 12 30 13 18
6 16 7 9 16 7 12 30 13 18 6 16 7 12 30 13 18
6 16 7 9 7 12 30 13 18 6 16 7 12 30 13 18
6 16 7 12 9 7 12 30 13 18 6 16 7 12 30 13 18

12 23 7 8 18 11 7 12 23 7 8 18 11 7
12 23 7 8 18 11 7 12 23 6 23 7 8 18 11 7
12 23 7 8 18 11 7 12 23 7 6 23 7 8 18 11 7
12 23 7 8 18 11 7 12 23 7 6 7 8 18 11 7
12 23 7 8 18 11 7 12 23 7 8 6 7 8 18 11 7
12 23 6 23 7 8 18 11 7 12 23 7 8 18 11 7
12 23 7 6 23 7 8 18 11 7 12 23 7 8 18 11 7
12 23 7 6 7 8 18 11 7 12 23 7 8 18 11 7
12 23 7 8 6 7 8 18 11 7 12 23 7 8 18 11 7

20 25 29 8 24 11 19 20 25 29 8 24 11 19
20 25 29 8 24 11 19 20 25 14 25 29 8 24 11 19
20 25 29 8 24 11 19 20 25 29 14 25 29 8 24 11 19
20 25 29 8 24 11 19 20 25 29 14 29 8 24 11 19
20 25 29 8 24 11 19 20 25 29 8 14 29 8 24 11 19
20 25 14 25 29 8 24 11 19 20 25 29 8 24 11 19
20 25 29 14 25 29 8 24 11 19 20 25 29 8 24 11 19
20 25 29 14 29 8 24 11 19 20 25 29 8 24 11 19
20 25 29 8 14 29 8 24 11 19 20 25 29 8 24 11 19

6 18 19 13 16 9 10 6 18 19 13 16 9 10
6 18 19 13 16 9 10 6 18 13 18 19 13 16 9 10
6 18 19 13 16 9 10 6 18 19 13 18 19 13 16 9 10
6 18 19 13 16 9 10 6 18 19 13 19 13 16 9 10
6 18 19 13 16 9 10 6 18 19 13 13 19 13 16 9 10
6 18 13 18 19 13 16 9 10 6 18 19 13 16 9 10
6 18 19 13 18 19 13 16 9 10 6 18 19 13 16 9 10
6 18 19 13 19 13 16 9 10 6 18 19 13 16 9 10
6 18 19 13 13 19 13 16 9 10 6 18 19 13 16 9 10

28 6 24 29 28 20 17 28 6 24 29 28 20 17
28 6 24 29 28 20 17 28 6 18 6 24 29 28 20 17
28 6 24 29 28 20 17 28 6 24 18 6 24 29 28 20 17
28 6 24 29 28 20 17 28 6 24 18 24 29 28 20 17
28 6 24 29 28 20 17 28 6 24 29 18 24 29 28 20 17
28 6 18 6 24 29 28 20 17 28 6 24 29 28 20 17
28 6 24 18 6 24 29 28 20 17 28 6 24 29 28 20 17
28 6 24 18 24 29 28 20 17 28 6 24 29 28 20 17
28 6 24 29 18 24 29 28 20 17 28 6 24 29 28 20 17

26 13 9 15 26 5 24 26 13 9 15 26 5 24
26 13 9 15 26 5 24 26 13 13 13 9 15 26 5 24
26 13 9 15 26 5 24 26 13 9 13 13 9 15 26 5 24
26 13 9 15 26 5 24 26 13 9 13 9 15 26 5 24
26 13 9 15 26 5 24 26 13 9 15 13 9 15 26 5 24
26 13 13 13 9 15 26 5 24 26 13 9 15 26 5 24
26 13 9 13 13 9 15 26 5 24 26 13 9 15 26 5 24
26 13 9 13 9 15 26 5 24 26 13 9 15 26 5 24
26 13 9 15 13 9 15 26 5 24 26 13 9 15 26 5 24

13 18 12 15 6 5 28 13 18 12 15 6 5 28
13 18 12 15 6 5 28 13 18 10 18 12 15 6 5 28
13 18 12 15 6 5 28 13 18 12 10 18 12 15 6 5 28
13 18 12 15 6 5 28 13 18 12 10 12 15 6 5 28
13 18 12 15 6 5 28 13 18 12 15 10 12 15 6 5 28
13 18 10 18 12 15 6 5 28 13 18 12 15 6 5 28
13 18 12 10 18 12 15 6 5 28 13 18 12 15 6 5 28
13 18 12 10 12 15 6 5 28 13 18 12 15 6 5 28
13 18 12 15 10 12 15 6 5 28 13 18 12 15 6 5 28

10 17 6 7 16 21 27 10 17 6 7 16 21 27
10 17 6 7 16 21 27 10 17 18 17 6 7 16 21 27
10 17 6 7 16 21 27 10 17 6 18 17 6 7 16 21 27
10 17 6 7 16 21 27 10 17 6 18 6 7 16 21 27
10 17 6 7 16 21 27 10 17 6 7 18 6 7 16 21 27
10 17 18 17 6 7 16 21 27 10 17 6 7 16 21 27
10 17 6 18 17 6 7 16 21 27 10 17 6 7 16 21 27
10 17 6 18 6 7 16 21 27 10 17 6 7 16 21 27
10 17 6 7 18 6 7 16 21 27 10 17 6 7 16 21 27

28 10 12 20 28 29 30 28 10 12 20 28 29 30
28 10 12 20 28 29 30 28 10 14 10 12 20 28 29 30
28 10 12 20 28 29 30 28 10 12 14 10 12 20 28 29 30
28 10 12 20 28 29 30 28 10 12 14 12 20 28 29 30
28 10 12 20 28 29 30 28 10 12 20 14 12 20 28 29 30
28 10 14 10 12 20 28 29 30 28 10 12 20 28 29 30
28 10 12 14 10 12 20 28 29 30 28 10 12 20 28 29 30
28 10 12 14 12 20 28 29 30 28 10 12 20 28 29 30
28 10 12 20 14 12 20 28 29 30 28 10 12 20 28 29 30

5 9 7 25 5 28 9 5 9 7 25 5 28 9
5 9 7 25 5 28 9 5 9 11 9 7 25 5 28 9
5 9 7 25 5 28 9 5 9 7 11 9 7 25 5 28 9
5 9 7 25 5 28 9 5 9 7 11 7 25 5 28 9
5 9 7 25 5 28 9 5 9 7 25 11 7 25 5 28 9
5 9 11 9 7 25 5 28 9 5 9 7 25 5 28 9
5 9 7 11 9 7 25 5 28 9 5 9 7 25 5 28 9
5 9 7 11 7 25 5 28 9 5 9 7 25 5 28 9
5 9 7 25 11 7 25 5 28 9 5 9 7 25 5 28 9

30 28 7 19 27 9 28 30 28 7 19 27 9 28
30 28 7 19 27 9 28 30 28 8 28 7 19 27 9 28
30 28 7 19 27 9 28 30 28 7 8 28 7 19 27 9 28
30 28 7 19 27 9 28 30 28 7 8 7 19 27 9 28
30 28 7 19 27 9 28 30 28 7 19 8 7 19 27 9 28
30 28 8 28 7 19 27 9 28 30 28 7 19 27 9 28
30 28 7 8 28 7 19 27 9 28 30 28 7 19 27 9 28
30 28 7 8 7 19 27 9 28 30 28 7 19 27 9 28
30 28 7 19 8 7 19 27 9 28 30 28 7 19 27 9 28

17 29 8 20 16 6 22 17 29 8 20 16 6 22
17 29 8 20 16 6 22 17 29 5 29 8 20 16 6 22
17 29 8 20 16 6 22 17 29 8 5 29 8 20 16 6 22
17 29 8 20 16 6 22 17 29 8 5 8 20 16 6 22
17 29 8 20 16 6 22 17 29 8 20 5 8 20 16 6 22
17 29 5 29 8 20 16 6 22 17 29 8 20 16 6 22
17 29 8 5 29 8 20 16 6 22 17 29 8 20 16 6 22
17 29 8 5 8 20 16 6 22 17 29 8 20 16 6 22
17 29 8 20 5 8 20 16 6 22 17 29 8 20 16 6 22

7 30 28 27 25 13 12 7 30 28 27 25 13 12
7 30 28 27 25 13 12 7 30 6 30 28 27 25 13 12
7 30 28 27 25 13 12 7 30 28 6 30 28 27 25 13 12
7 30 28 27 25 13 12 7 30 28 6 28 27 25 13 12
7 30 28 27 25 13 12 7 30 28 27 6 28 27 25 13 12
7 30 6 30 28 27 25 13 12 7 30 28 27 25 13 12
7 30 28 6 30 28 27 25 13 12 7 30 28 27 25 13 12
7 30 28 6 28 27 25 13 12 7 30 28 27 25 13 12
7 30 28 27 6 28 27 25 13 12 7 30 28 27 25 13 12

17 24 25 9 8 6 6 17 24 25 9 8 6 6
17 24 25 9 8 6 6 17 24 19 24 25 9 8 6 6
17 24 25 9 8 6 6 17 24 25 19 24 25 9 8 6 6
17 24 25 9 8 6 6 17 24 25 19 25 9 8 6 6
17 24 25 9 8 6 6 17 24 25 9 19 25 9 8 6 6
17 24 19 24 25 9 8 6 6 17 24 25 9 8 6 6
17 24 25 19 24 25 9 8 6 6 17 24 25 9 8 6 6
17 24 25 19 25 9 8 6 6 17 24 25 9 8 6 6
17 24 25 9 19 25 9 8 6 6 17 24 25 9 8 6 6

9 9 11 30 30 27 20 9 9 11 30 30 27 20
9 9 11 30 30 27 20 9 9 8 9 11 30 30 27 20
9 9 11 30 30 27 20 9 9 11 8 9 11 30 30 27 20
9 9 11 30 30 27 20 9 9 11 8 11 30 30 27 20
9 9 11 30 30 27 20 9 9 11 30 8 11 30 30 27 20
9 9 8 9 11 30 30 27 20 9 9 11 30 30 27 20
9 9 11 8 9 11 30 30 27 20 9 9 11 30 30 27 20
9 9 11 8 11 30 30 27 20 9 9 11 30 30 27 20
9 9 11 30 8 11 30 30 27 20 9 9 11 30 30 27 20

29 7 14 27 20 24 10 29 7 14 27 20 24 10
29 7 14 27 20 24 10 29 7 14 7 14 27 20 24 10
29 7 14 27 20 24 10 29 7 14 14 7 14 27 20 24 10
29 7 14 27 20 24 10 29 7 14 14 14 27 20 24 10
29 7 14 27 20 24 10 29 7 14 27 14 14 27 20 24 10
29 7 14 7 14 27 20 24 10 29 7 14 27 20 24 10
29 7 14 14 7 14 27 20 24 10 29 7 14 27 20 24 10
29 7 14 14 14 27 20 24 10 29 7 14 27 20 24 10
29 7 14 27 14 14 27 20 24 10 29 7 14 27 20 24 10

15 21 18 16 14 7 27 15 21 18 16 14 7 27
15 21 18 16 14 7 27 15 21 14 21 18 16 14 7 27
15 21 18 16 14 7 27 15 21 18 14 21 18 16 14 7 27
15 21 18 16 14 7 27 15 21 18 14 18 16 14 7 27
15 21 18 16 14 7 27 15 21 18 16 14 18 16 14 7 27
15 21 14 21 18 16 14 7 27 15 21 18 16 14 7 27
15 21 18 14 21 18 16 14 7 27 15 21 18 16 14 7 27
15 21 18 14 18 16 14 7 27 15 21 18 16 14 7 27
15 21 18 16 14 18 16 14 7 27 15 21 18 16 14 7 27

10 18 16 7 22 14 5 10 18 16 7 22 14 5
10 18 16 7 22 14 5 10 18 9 18 16 7 22 14 5
10 18 16 7 22 14 5 10 18 16 9 18 16 7 22 14 5
10 18 16 7 22 14 5 10 18 16 9 16 7 22 14 5
10 18 16 7 22 14 5 10 18 16 7 9 16 7 22 14 5
10 18 9 18 16 7 22 14 5 10 18 16 7 22 14 5
10 18 16 9 18 16 7 22 14 5 10 18 16 7 22 14 5
10 18 16 9 16 7 22 14 5 10 18 16 7 22 14 5
10 18 16 7 9 16 7 22 14 5 10 18 16 7 22 14 5

28 20 22 24 5 29 23 28 20 22 24 5 29 23
28 20 22 24 5 29 23 28 20 19 20 22 24 5 29 23
28 20 22 24 5 29 23 28 20 22 19 20 22 24 5 29 23
28 20 22 24 5 29 23 28 20 22 19 22 24 5 29 23
28 20 22 24 5 29 23 28 20 22 24 19 22 24 5 29 23
28 20 19 20 22 24 5 29 23 28 20 22 24 5 29 23
28 20 22 19 20 22 24 5 29 23 28 20 22 24 5 29 23
28 20 22 19 22 24 5 29 23 28 20 22 24 5 29 23
28 20 22 24 19 22 24 5 29 23 28 20 22 24 5 29 23

8 22 17 28 9 15 17 8 22 17 28 9 15 17
8 22 17 28 9 15 17 8 22 20 22 17 28 9 15 17
8 22 17 28 9 15 17 8 22 17 20 22 17 28 9 15 17
8 22 17 28 9 15 17 8 22 17 20 17 28 9 15 17
8 22 17 28 9 15 17 8 22 17 28 20 17 28 9 15 17
8 22 20 22 17 28 9 15 17 8 22 17 28 9 15 17
8 22 17 20 22 17 28 9 15 17 8 22 17 28 9 15 17
8 22 17 20 17 28 9 15 17 8 22 17 28 9 15 17
8 22 17 28 20 17 28 9 15 17 8 22 17 28 9 15 17

22 7 12 22 6 7 29 22 7 12 22 6 7 29
22 7 12 22 6 7 29 22 7 8 7 12 22 6 7 29
22 7 12 22 6 7 29 22 7 12 8 7 12 22 6 7 29
22 7 12 22 6 7 29 22 7 12 8 12 22 6 7 29
22 7 12 22 6 7 29 22 7 12 22 8 12 22 6 7 29
22 7 8 7 12 22 6 7 29 22 7 12 22 6 7 29
22 7 12 8 7 12 22 6 7 29 22 7 12 22 6 7 29
22 7 12 8 12 22 6 7 29 22 7 12 22 6 7 29
22 7 12 22 8 12 22 6 7 29 22 7 12 22 6 7 29

19 8 20 12 17 19 24 19 8 20 12 17 19 24
19 8 20 12 17 19 24 19 8 16 8 20 12 17 19 24
19 8 20 12 17 19 24 19 8 20 16 8 20 12 17 19 24
19 8 20 12 17 19 24 19 8 20 16 20 12 17 19 24
19 8 20 12 17 19 24 19 8 20 12 16 20 12 17 19 24
19 8 16 8 20 12 17 19 24 19 8 20 12 17 19 24
19 8 20 16 8 20 12 17 19 24 19 8 20 12 17 19 24
19 8 20 16 20 12 17 19 24 19 8 20 12 17 19 24
19 8 20 12 16 20 12 17 19 24 19 8 20 12 17 19 24

28 30 5 11 6 13 20 28 30 5 11 6 13 20
28 30 5 11 6 13 20 28 30 5 30 5 11 6 13 20
28 30 5 11 6 13 20 28 30 5 5 30 5 11 6 13 20
28 30 5 11 6 13 20 28 30 5 5 5 11 6 13 20
28 30 5 11 6 13 20 28 30 5 11 5 5 11 6 13 20
28 30 5 30 5 11 6 13 20 28 30 5 11 6 13 20
28 30 5 5 30 5 11 6 13 20 28 30 5 11 6 13 20
28 30 5 5 5 11 6 13 20 28 30 5 11 6 13 20
28 30 5 11 5 5 11 6 13 20 28 30 5 11 6 13 20

19 27 8 29 15 8 30 19 27 8 29 15 8 30
19 27 8 29 15 8 30 19 27 13 27 8 29 15 8 30
19 27 8 29 15 8 30 19 27 8 13 27 8 29 15 8 30
19 27 8 29 15 8 30 19 27 8 13 8 29 15 8 30
19 27 8 29 15 8 30 19 27 8 29 13 8 29 15 8 30
19 27 13 27 8 29 15 8 30 19 27 8 29 15 8 30
19 27 8 13 27 8 29 15 8 30 19 27 8 29 15 8 30
19 27 8 13 8 29 15 8 30 19 27 8 29 15 8 30
19 27 8 29 13 8 29 15 8 30 19 27 8 29 15 8 30

24 12 22 6 15 17 16 24 12 22 6 15 17 16
24 12 22 6 15 17 16 24 12 19 12 22 6 15 17 16
24 12 22 6 15 17 16 24 12 22 19 12 22 6 15 17 16
24 12 22 6 15 17 16 24 12 22 19 22 6 15 17 16
24 12 22 6 15 17 16 24 12 22 6 19 22 6 15 17 16
24 12 19 12 22 6 15 17 16 24 12 22 6 15 17 16
24 12 22 19 12 22 6 15 17 16 24 12 22 6 15 17 16
24 12 22 19 22 6 15 17 16 24 12 22 6 15 17 16
24 12 22 6 19 22 6 15 17 16 24 12 22 6 15 17 16

15 15 8 21 17 26 20 15 15 8 21 17 26 20
15 15 8 21 17 26 20 15 15 15 15 8 21 17 26 20
15 15 8 21 17 26 20 15 15 8 15 15 8 21 17 26 20
15 15 8 21 17 26 20 15 15 8 15 8 21 17 26 20
15 15 8 21 17 26 20 15 15 8 21 15 8 21 17 26 20
15 15 15 15 8 21 17 26 20 15 15 8 21 17 26 20
15 15 8 15 15 8 21 17 26 20 15 15 8 21 17 26 20
15 15 8 15 8 21 17 26 20 15 15 8 21 17 26 20
15 15 8 21 15 8 21 17 26 20 15 15 8 21 17 26 20

30 7 7 20 10 24 26 30 7 7 20 10 24 26
30 7 7 20 10 24 26 30 7 20 7 7 20 10 24 26
30 7 7 20 10 24 26 30 7 7 20 7 7 20 10 24 26
30 7 7 20 10 24 26 30 7 7 20 7 20 10 24 26
30 7 7 20 10 24 26 30 7 7 20 20 7 20 10 24 26
30 7 20 7 7 20 10 24 26 30 7 7 20 10 24 26
30 7 7 20 7 7 20 10 24 26 30 7 7 20 10 24 26
30 7 7 20 7 20 10 24 26 30 7 7 20 10 24 26
30 7 7 20 20 7 20 10 24 26 30 7 7 20 10 24 26

27 22 7 23 26 29 22 27 22 7 23 26 29 22
27 22 7 23 26 29 22 27 22 15 22 7 23 26 29 22
27 22 7 23 26 29 22 27 22 7 15 22 7 23 26 29 22
27 22 7 23 26 29 22 27 22 7 15 7 23 26 29 22
27 22 7 23 26 29 22 27 22 7 23 15 7 23 26 29 22
27 22 15 22 7 23 26 29 22 27 22 7 23 26 29 22
27 22 7 15 22 7 23 26 29 22 27 22 7 23 26 29 22
27 22 7 15 7 23 26 29 22 27 22 7 23 26 29 22
27 22 7 23 15 7 23 26 29 22 27 22 7 23 26 29 22

14 22 11 5 6 5 29 14 22 11 5 6 5 29
14 22 11 5 6 5 29 14 22 19 22 11 5 6 5 29
14 22 11 5 6 5 29 14 22 11 19 22 11 5 6 5 29
14 22 11 5 6 5 29 14 22 11 19 11 5 6 5 29
14 22 11 5 6 5 29 14 22 11 5 19 11 5 6 5 29
14 22 19 22 11 5 6 5 29 14 22 11 5 6 5 29
14 22 11 19 22 11 5 6 5 29 14 22 11 5 6 5 29
14 22 11 19 11 5 6 5 29 14 22 11 5 6 5 29
14 22 11 5 19 11 5 6 5 29 14 22 11 5 6 5 29

29 6 18 8 7 25 25 29 6 18 8 7 25 25
29 6 18 8 7 25 25 29 6 18 6 18 8 7 25 25
29 6 18 8 7 25 25 29 6 18 18 6 18 8 7 25 25
29 6 18 8 7 25 25 29 6 18 18 18 8 7 25 25
29 6 18 8 7 25 25 29 6 18 8 18 18 8 7 25 25
29 6 18 6 18 8 7 25 25 29 6 18 8 7 25 25
29 6 18 18 6 18 8 7 25 25 29 6 18 8 7 25 25
29 6 18 18 18 8 7 25 25 29 6 18 8 7 25 25
29 6 18 8 18 18 8 7 25 25 29 6 18 8 7 25 25

10 14 10 5 20 15 22 10 14 10 5 20 15 22
10 14 10 5 20 15 22 10 14 13 14 10 5 20 15 22
10 14 10 5 20 15 22 10 14 10 13 14 10 5 20 15 22
10 14 10 5 20 15 22 10 14 10 13 10 5 20 15 22
10 14 10 5 20 15 22 10 14 10 5 13 10 5 20 15 22
10 14 13 14 10 5 20 15 22 10 14 10 5 20 15 22
10 14 10 13 14 10 5 20 15 22 10 14 10 5 20 15 22
10 14 10 13 10 5 20 15 22 10 14 10 5 20 15 22
10 14 10 5 13 10 5 20 15 22 10 14 10 5 20 15 22

28 23 24 15 22 28 20 28 23 24 15 22 28 20
28 23 24 15 22 28 20 28 23 10 23 24 15 22 28 20
28 23 24 15 22 28 20 28 23 24 10 23 24 15 22 28 20
28 23 24 15 22 28 20 28 23 24 10 24 15 22 28 20
28 23 24 15 22 28 20 28 23 24 15 10 24 15 22 28 20
28 23 10 23 24 15 22 28 20 28 23 24 15 22 28 20
28 23 24 10 23 24 15 22 28 20 28 23 24 15 22 28 20
28 23 24 10 24 15 22 28 20 28 23 24 15 22 28 20
28 23 24 15 10 24 15 22 28 20 28 23 24 15 22 28 20

17 25 23 17 27 30 6 17 25 23 17 27 30 6
17 25 23 17 27 30 6 17 25 13 25 23 17 27 30 6
17 25 23 17 27 30 6 17 25 23 13 25 23 17 27 30 6
17 25 23 17 27 30 6 17 25 23 13 23 17 27 30 6
17 25 23 17 27 30 6 17 25 23 17 13 23 17 27 30 6
17 25 13 25 23 17 27 30 6 17 25 23 17 27 30 6
17 25 23 13 25 23 17 27 30 6 17 25 23 17 27 30 6
17 25 23 13 23 17 27 30 6 17 25 23 17 27 30 6
17 25 23 17 13 23 17 27 30 6 17 25 23 17 27 30 6

17 30 20 17 19 19 16 17 30 20 17 19 19 16
17 30 20 17 19 19 16 17 30 17 30 20 17 19 19 16
17 30 20 17 19 19 16 17 30 20 17 30 20 17 19 19 16
17 30 20 17 19 19 16 17 30 20 17 20 17 19 19 16
17 30 20 17 19 19 16 17 30 20 17 17 20 17 19 19 16
17 30 17 30 20 17 19 19 16 17 30 20 17 19 19 16
17 30 20 17 30 20 17 19 19 16 17 30 20 17 19 19 16
17 30 20 17 20 17 19 19 16 17 30 20 17 19 19 16
17 30 20 17 17 20 17 19 19 16 17 30 20 17 19 19 16

30 25 27 7 13 5 5 30 25 27 7 13 5 5
30 25 27 7 13 5 5 30 25 6 25 27 7 13 5 5
30 25 27 7 13 5 5 30 25 27 6 25 27 7 13 5 5
30 25 27 7 13 5 5 30 25 27 6 27 7 13 5 5
30 25 27 7 13 5 5 30 25 27 7 6 27 7 13 5 5
30 25 6 25 27 7 13 5 5 30 25 27 7 13 5 5
30 25 27 6 25 27 7 13 5 5 30 25 27 7 13 5 5
30 25 27 6 27 7 13 5 5 30 25 27 7 13 5 5
30 25 27 7 6 27 7 13 5 5 30 25 27 7 13 5 5

16 17 30 15 11 14 29 16 17 30 15 11 14 29
16 17 30 15 11 14 29 16 17 8 17 30 15 11 14 29
16 17 30 15 11 14 29 16 17 30 8 17 30 15 11 14 29
16 17 30 15 11 14 29 16 17 30 8 30 15 11 14 29
16 17 30 15 11 14 29 16 17 30 15 8 30 15 11 14 29
16 17 8 17 30 15 11 14 29 16 17 30 15 11 14 29
16 17 30 8 17 30 15 11 14 29 16 17 30 15 11 14 29
16 17 30 8 30 15 11 14 29 16 17 30 15 11 14 29
16 17 30 15 8 30 15 11 14 29 16 17 30 15 11 14 29

21 18 30 18 13 16 7 21 18 30 18 13 16 7
21 18 30 18 13 16 7 21 18 14 18 30 18 13 16 7
21 18 30 18 13 16 7 21 18 30 14 18 30 18 13 16 7
21 18 30 18 13 16 7 21 18 30 14 30 18 13 16 7
21 18 30 18 13 16 7 21 18 30 18 14 30 18 13 16 7
21 18 14 18 30 18 13 16 7 21 18 30 18 13 16 7
21 18 30 14 18 30 18 13 16 7 21 18 30 18 13 16 7
21 18 30 14 30 18 13 16 7 21 18 30 18 13 16 7
21 18 30 18 14 30 18 13 16 7 21 18 30 18 13 16 7

9 22 7 11 8 12 30 9 22 7 11 8 12 30
9 22 7 11 8 12 30 9 22 16 22 7 11 8 12 30
9 22 7 11 8 12 30 9 22 7 16 22 7 11 8 12 30
9 22 7 11 8 12 30 9 22 7 16 7 11 8 12 30
9 22 7 11 8 12 30 9 22 7 11 16 7 11 8 12 30
9 22 16 22 7 11 8 12 30 9 22 7 11 8 12 30
9 22 7 16 22 7 11 8 12 30 9 22 7 11 8 12 30
9 22 7 16 7 11 8 12 30 9 22 7 11 8 12 30
9 22 7 11 16 7 11 8 12 30 9 22 7 11 8 12 30

16 26 30 21 20 7 27 16 26 30 21 20 7 27
16 26 30 21 20 7 27 16 26 10 26 30 21 20 7 27
16 26 30 21 20 7 27 16 26 30 10 26 30 21 20 7 27
16 26 30 21 20 7 27 16 26 30 10 30 21 20 7 27
16 26 30 21 20 7 27 16 26 30 21 10 30 21 20 7 27
16 26 10 26 30 21 20 7 27 16 26 30 21 20 7 27
16 26 30 10 26 30 21 20 7 27 16 26 30 21 20 7 27
16 26 30 10 30 21 20 7 27 16 26 30 21 20 7 27
16 26 30 21 10 30 21 20 7 27 16 26 30 21 20 7 27

6 16 9 15 24 12 15 6 16 9 15 24 12 15
6 16 9 15 24 12 15 6 16 16 16 9 15 24 12 15
6 16 9 15 24 12 15 6 16 9 16 16 9 15 24 12 15
6 16 9 15 24 12 15 6 16 9 16 9 15 24 12 15
6 16 9 15 24 12 15 6 16 9 15 16 9 15 24 12 15
6 16 16 16 9 15 24 12 15 6 16 9 15 24 12 15
6 16 9 16 16 9 15 24 12 15 6 16 9 15 24 12 15
6 16 9 16 9 15 24 12 15 6 16 9 15 24 12 15
6 16 9 15 16 9 15 24 12 15 6 16 9 15 24 12 15

9 27 18 18 28 30 11 9 27 18 18 28 30 11
9 27 18 18 28 30 11 9 27 10 27 18 18 28 30 11
9 27 18 18 28 30 11 9 27 18 10 27 18 18 28 30 11
9 27 18 18 28 30 11 9 27 18 10 18 18 28 30 11
9 27 18 18 28 30 11 9 27 18 18 10 18 18 28 30 11
9 27 10 27 18 18 28 30 11 9 27 18 18 28 30 11
9 27 18 10 27 18 18 28 30 11 9 27 18 18 28 30 11
9 27 18 10 18 18 28 30 11 9 27 18 18 28 30 11
9 27 18 18 10 18 18 28 30 11 9 27 18 18 28 30 11

16 14 9 5 8 30 6 16 14 9 5 8 30 6
16 14 9 5 8 30 6 16 14 14 14 9 5 8 30 6
16 14 9 5 8 30 6 16 14 9 14 14 9 5 8 30 6
16 14 9 5 8 30 6 16 14 9 14 9 5 8 30 6
16 14 9 5 8 30 6 16 14 9 5 14 9 5 8 30 6
16 14 14 14 9 5 8 30 6 16 14 9 5 8 30 6
16 14 9 14 14 9 5 8 30 6 16 14 9 5 8 30 6
16 14 9 14 9 5 8 30 6 16 14 9 5 8 30 6
16 14 9 5 14 9 5 8 30 6 16 14 9 5 8 30 6

11 18 27 25 20 28 12 11 18 27 25 20 28 12
11 18 27 25 20 28 12 11 18 13 18 27 25 20 28 12
11 18 27 25 20 28 12 11 18 27 13 18 27 25 20 28 12
11 18 27 25 20 28 12 11 18 27 13 27 25 20 28 12
11 18 27 25 20 28 12 11 18 27 25 13 27 25 20 28 12
11 18 13 18 27 25 20 28 12 11 18 27 25 20 28 12
11 18 27 13 18 27 25 20 28 12 11 18 27 25 20 28 12
11 18 27 13 27 25 20 28 12 11 18 27 25 20 28 12
11 18 27 25 13 27 25 20 28 12 11 18 27 25 20 28 12

29 28 10 8 6 21 12 29 28 10 8 6 21 12
29 28 10 8 6 21 12 29 28 13 28 10 8 6 21 12
29 28 10 8 6 21 12 29 28 10 13 28 10 8 6 21 12
29 28 10 8 6 21 12 29 28 10 13 10 8 6 21 12
29 28 10 8 6 21 12 29 28 10 8 13 10 8 6 21 12
29 28 13 28 10 8 6 21 12 29 28 10 8 6 21 12
29 28 10 13 28 10 8 6 21 12 29 28 10 8 6 21 12
29 28 10 13 10 8 6 21 12 29 28 10 8 6 21 12
29 28 10 8 13 10 8 6 21 12 29 28 10 8 6 21 12

6 22 26 8 23 9 22 6 22 26 8 23 9 22
6 22 26 8 23 9 22 6 22 7 22 26 8 23 9 22
6 22 26 8 23 9 22 6 22 26 7 22 26 8 23 9 22
6 22 26 8 23 9 22 6 22 26 7 26 8 23 9 22
6 22 26 8 23 9 22 6 22 26 8 7 26 8 23 9 22
6 22 7 22 26 8 23 9 22 6 22 26 8 23 9 22
6 22 26 7 22 26 8 23 9 22 6 22 26 8 23 9 22
6 22 26 7 26 8 23 9 22 6 22 26 8 23 9 22
6 22 26 8 7 26 8 23 9 22 6 22 26 8 23 9 22

22 21 19 25 6 16 28 22 21 19 25 6 16 28
22 21 19 25 6 16 28 22 21 10 21 19 25 6 16 28
22 21 19 25 6 16 28 22 21 19 10 21 19 25 6 16 28
22 21 19 25 6 16 28 22 21 19 10 19 25 6 16 28
22 21 19 25 6 16 28 22 21 19 25 10 19 25 6 16 28
22 21 10 21 19 25 6 16 28 22 21 19 25 6 16 28
22 21 19 10 21 19 25 6 16 28 22 21 19 25 6 16 28
22 21 19 10 19 25 6 16 28 22 21 19 25 6 16 28
22 21 19 25 10 19 25 6 16 28 22 21 19 25 6 16 28

13 30 30 9 28 24 25 13 30 30 9 28 24 25
13 30 30 9 28 24 25 13 30 8 30 30 9 28 24 25
13 30 30 9 28 24 25 13 30 30 8 30 30 9 28 24 25
13 30 30 9 28 24 25 13 30 30 8 30 9 28 24 25
13 30 30 9 28 24 25 13 30 30 9 8 30 9 28 24 25
13 30 8 30 30 9 28 24 25 13 30 30 9 28 24 25
13 30 30 8 30 30 9 28 24 25 13 30 30 9 28 24 25
13 30 30 8 30 9 28 24 25 13 30 30 9 28 24 25
13 30 30 9 8 30 9 28 24 25 13 30 30 9 28 24 25

19 12 26 22 7 28 9 19 12 26 22 7 28 9
19 12 26 22 7 28 9 19 12 11 12 26 22 7 28 9
19 12 26 22 7 28 9 19 12 26 11 12 26 22 7 28 9
19 12 26 22 7 28 9 19 12 26 11 26 22 7 28 9
19 12 26 22 7 28 9 19 12 26 22 11 26 22 7 28 9
19 12 11 12 26 22 7 28 9 19 12 26 22 7 28 9
19 12 26 11 12 26 22 7 28 9 19 12 26 22 7 28 9
19 12 26 11 26 22 7 28 9 19 12 26 22 7 28 9
19 12 26 22 11 26 22 7 28 9 19 12 26 22 7 28 9

6 18 30 26 5 29 25 6 18 30 26 5 29 25
6 18 30 26 5 29 25 6 18 19 18 30 26 5 29 25
6 18 30 26 5 29 25 6 18 30 19 18 30 26 5 29 25
6 18 30 26 5 29 25 6 18 30 19 30 26 5 29 25
6 18 30 26 5 29 25 6 18 30 26 19 30 26 5 29 25
6 18 19 18 30 26 5 29 25 6 18 30 26 5 29 25
6 18 30 19 18 30 26 5 29 25 6 18 30 26 5 29 25
6 18 30 19 30 26 5 29 25 6 18 30 26 5 29 25
6 18 30 26 19 30 26 5 29 25 6 18 30 26 5 29 25

9 8 15 29 8 23 20 9 8 15 29 8 23 20
9 8 15 29 8 23 20 9 8 13 8 15 29 8 23 20
9 8 15 29 8 23 20 9 8 15 13 8 15 29 8 23 20
9 8 15 29 8 23 20 9 8 15 13 15 29 8 23 20
9 8 15 29 8 23 20 9 8 15 29 13 15 29 8 23 20
9 8 13 8 15 29 8 23 20 9 8 15 29 8 23 20
9 8 15 13 8 15 29 8 23 20 9 8 15 29 8 23 20
9 8 15 13 15 29 8 23 20 9 8 15 29 8 23 20
9 8 15 29 13 15 29 8 23 20 9 8 15 29 8 23 20

23 30 19 19 5 18 12 23 30 19 19 5 18 12
23 30 19 19 5 18 12 23 30 13 30 19 19 5 18 12
23 30 19 19 5 18 12 23 30 19 13 30 19 19 5 18 12
23 30 19 19 5 18 12 23 30 19 13 19 19 5 18 12
23 30 19 19 5 18 12 23 30 19 19 13 19 19 5 18 12
23 30 13 30 19 19 5 18 12 23 30 19 19 5 18 12
23 30 19 13 30 19 19 5 18 12 23 30 19 19 5 18 12
23 30 19 13 19 19 5 18 12 23 30 19 19 5 18 12
23 30 19 19 13 19 19 5 18 12 23 30 19 19 5 18 12

7 23 7 12 24 13 10 7 23 7 12 24 13 10
7 23 7 12 24 13 10 7 23 7 23 7 12 24 13 10
7 23 7 12 24 13 10 7 23 7 7 23 7 12 24 13 10
7 23 7 12 24 13 10 7 23 7 7 7 12 24 13 10
7 23 7 12 24 13 10 7 23 7 12 7 7 12 24 13 10
7 23 7 23 7 12 24 13 10 7 23 7 12 24 13 10
7 23 7 7 23 7 12 24 13 10 7 23 7 12 24 13 10
7 23 7 7 7 12 24 13 10 7 23 7 12 24 13 10
7 23 7 12 7 7 12 24 13 10 7 23 7 12 24 13 10

6 30 28 11 15 11 23 6 30 28 11 15 11 23
6 30 28 11 15 11 23 6 30 11 30 28 11 15 11 23
6 30 28 11 15 11 23 6 30 28 11 30 28 11 15 11 23
6 30 28 11 15 11 23 6 30 28 11 28 11 15 11 23
6 30 28 11 15 11 23 6 30 28 11 11 28 11 15 11 23
6 30 11 30 28 11 15 11 23 6 30 28 11 15 11 23
6 30 28 11 30 28 11 15 11 23 6 30 28 11 15 11 23
6 30 28 11 28 11 15 11 23 6 30 28 11 15 11 23
6 30 28 11 11 28 11 15 11 23 6 30 28 11 15 11 23

18 7 9 25 21 18 21 18 7 9 25 21 18 21
18 7 9 25 21 18 21 18 7 15 7 9 25 21 18 21
18 7 9 25 21 18 21 18 7 9 15 7 9 25 21 18 21
18 7 9 25 21 18 21 18 7 9 15 9 25 21 18 21
18 7 9 25 21 18 21 18 7 9 25 15 9 25 21 18 21
18 7 15 7 9 25 21 18 21 18 7 9 25 21 18 21
18 7 9 15 7 9 25 21 18 21 18 7 9 25 21 18 21
18 7 9 15 9 25 21 18 21 18 7 9 25 21 18 21
18 7 9 25 15 9 25 21 18 21 18 7 9 25 21 18 21

8 9 9 28 23 16 26 8 9 9 28 23 16 26
8 9 9 28 23 16 26 8 9 7 9 9 28 23 16 26
8 9 9 28 23 16 26 8 9 9 7 9 9 28 23 16 26
8 9 9 28 23 16 26 8 9 9 7 9 28 23 16 26
8 9 9 28 23 16 26 8 9 9 28 7 9 28 23 16 26
8 9 7 9 9 28 23 16 26 8 9 9 28 23 16 26
8 9 9 7 9 9 28 23 16 26 8 9 9 28 23 16 26
8 9 9 7 9 28 23 16 26 8 9 9 28 23 16 26
8 9 9 28 7 9 28 23 16 26 8 9 9 28 23 16 26

10 24 23 8 27 29 23 10 24 23 8 27 29 23
10 24 23 8 27 29 23 10 24 11 24 23 8 27 29 23
10 24 23 8 27 29 23 10 24 23 11 24 23 8 27 29 23
10 24 23 8 27 29 23 10 24 23 11 23 8 27 29 23
10 24 23 8 27 29 23 10 24 23 8 11 23 8 27 29 23
10 24 11 24 23 8 27 29 23 10 24 23 8 27 29 23
10 24 23 11 24 23 8 27 29 23 10 24 23 8 27 29 23
10 24 23 11 23 8 27 29 23 10 24 23 8 27 29 23
10 24 23 8 11 23 8 27 29 23 10 24 23 8 27 29 23

28 28 7 15 22 16 26 28 28 7 15 22 16 26
28 28 7 15 22 16 26 28 28 14 28 7 15 22 16 26
28 28 7 15 22 16 26 28 28 7 14 28 7 15 22 16 26
28 28 7 15 22 16 26 28 28 7 14 7 15 22 16 26
28 28 7 15 22 16 26 28 28 7 15 14 7 15 22 16 26
28 28 14 28 7 15 22 16 26 28 28 7 15 22 16 26
28 28 7 14 28 7 15 22 16 26 28 28 7 15 22 16 26
28 28 7 14 7 15 22 16 26 28 28 7 15 22 16 26
28 28 7 15 14 7 15 22 16 26 28 28 7 15 22 16 26

19 25 22 10 15 17 28 19 25 22 10 15 17 28
19 25 22 10 15 17 28 19 25 15 25 22 10 15 17 28
19 25 22 10 15 17 28 19 25 22 15 25 22 10 15 17 28
19 25 22 10 15 17 28 19 25 22 15 22 10 15 17 28
19 25 22 10 15 17 28 19 25 22 10 15 22 10 15 17 28
19 25 15 25 22 10 15 17 28 19 25 22 10 15 17 28
19 25 22 15 25 22 10 15 17 28 19 25 22 10 15 17 28
19 25 22 15 22 10 15 17 28 19 25 22 10 15 17 28
19 25 22 10 15 22 10 15 17 28 19 25 22 10 15 17 28

14 15 13 16 28 24 13 14 15 13 16 28 24 13
14 15 13 16 28 24 13 14 15 12 15 13 16 28 24 13
14 15 13 16 28 24 13 14 15 13 12 15 13 16 28 24 13
14 15 13 16 28 24 13 14 15 13 12 13 16 28 24 13
14 15 13 16 28 24 13 14 15 13 16 12 13 16 28 24 13
14 15 12 15 13 16 28 24 13 14 15 13 16 28 24 13
14 15 13 12 15 13 16 28 24 13 14 15 13 16 28 24 13
14 15 13 12 13 16 28 24 13 14 15 13 16 28 24 13
14 15 13 16 12 13 16 28 24 13 14 15 13 16 28 24 13

