200
7
2
2

13
22
20
19
13
16
23
30
22
20
24
27
11
0
10
12
3
13
15
21
23
29
27
15
24
22
0
3
3
22
10
18
20
11
19
11
4
10
13
13
15
20
2
23
29
12
17
14
21
21
3
24
23
1
28
0
22
0
12
28
25
22
7
20
13
18
26
23
17
13
19
7
0
1
3
16
11
26
17
12
10
29
18
22
0
8
20
18
17
17
26
11
30
23
28
24
9
2
5
23
26
18
22
14
2
3
9
22
26
13
24
29
0
4
10
1
30
15
13
28
4
16
30
28
29
3
18
11
8
15
1
27
19
15
11
21
21
16
26
15
15
1
18
25
20
10
11
9
28
15
9
16
18
8
11
16
22
11
29
8
6
5
30
8
18
9
16
18
0
7
21
26
24
3
8
15
7
22
30
23
16
27
0
20
29
27
26
15
21
7
9
25
1
19
27
26
10
24
29
10

13 35 
14 33 
31 26 
40 34 
25 31 
43 35 
29 33 
24 39 
20 37 
26 30 
25 30 
32 34 
21 21 
27 31 
17 23 
11 27 
47 35 
35 29 
18 24 
47 45 
29 13 
43 35 
31 22 
26 24 
25 40 
21 38 
36 50 
25 37 
35 45 
32 31 
24 25 
21 18 
43 24 
35 37 
31 23 
35 43 
24 41 
38 18 
36 40 
24 45 
23 41 
27 38 
10 39 
13 25 
18 35 
36 25 
25 29 
22 32 
32 21 
24 33 
21 30 
23 22 
37 15 
22 31 
29 34 
25 38 
14 37 
38 26 
32 21 
18 36 
25 23 
40 19 
33 23 
16 25 
28 25 
40 11 
19 16 
34 33 
13 22 
22 49 
11 37 
39 25 
38 28 
26 20 
33 34 
27 29 
23 25 
22 42 
33 31 
39 35 
34 25 
21 23 
29 22 
42 31 
30 43 
42 15 
25 37 
25 23 
29 28 
21 14 
32 31 
22 34 
31 22 
45 32 
20 13 
23 27 
20 34 
16 23 
28 48 
34 47 
33 29 
38 38 
21 19 
12 35 
34 37 
18 38 
33 31 
31 21 
31 29 
12 21 
28 29 
36 33 
29 35 
19 30 
16 33 
30 31 
33 28 
25 33 
41 29 
43 29 
16 41 
46 31 
31 27 
26 26 
25 30 
31 36 
39 32 
36 19 
35 28 
25 27 
16 50 
38 50 
35 38 
34 25 
33 20 
41 28 
40 23 
17 26 
32 27 
23 31 
30 19 
36 26 
19 31 
37 39 
15 18 
21 27 
27 36 
26 35 
41 26 
13 36 
47 33 
34 10 
42 36 
23 30 
37 22 
23 29 
19 43 
28 44 
38 43 
20 38 
43 12 
28 37 
35 27 
38 16 
43 39 
34 31 
21 18 
43 27 
40 36 
22 13 
37 42 
23 20 
21 25 
25 33 
17 18 
24 36 
25 26 
30 33 
23 14 
38 32 
38 24 
29 12 
34 35 
29 20 
37 27 
32 23 
26 33 
29 25 
11 37 
25 42 
46 18 
34 34 
36 24 
22 24 
38 25 
29 38 
15 39 
39 26 
41 20 
25 22 

302
198
367
355
358
281
352
284
299
330
386
321
230
312
353
199
301
397
224
381
190
336
289
293
337
329
356
322
337
370
297
283
339
295
294
246
263
288
392
297
441
297
284
218
396
284
336
219
289
303
287
237
361
241
372
298
288
312
270
287
277
278
254
215
402
270
262
388
353
347
270
323
256
285
355
306
297
347
224
352
369
277
279
313
310
362
318
306
377
262
342
322
308
443
287
266
378
282
387
368
287
373
264
300
258
284
291
308
282
263
344
433
338
230
313
251
252
376
259
370
342
383
316
236
308
373
326
391
235
273
307
389
334
267
246
366
395
298
458
285
323
194
345
433
219
307
436
303
354
236
269
277
364
319
258
263
327
262
292
295
236
239
278
302
356
299
198
259
287
244
386
225
314
345
260
303
253
330
256
356
291
300
327
304
275
292
384
294
238
321
372
297
260
298
370
298
361
248
324
250

1 2 3 4 5 1 2 3 4 5 6 7
1 2 3 4 5 1 2 100 102 3 4 5 6 7
1 2 3 4 5 1 2 3 100 102 103 4 5 6 7
1 2 3 4 5 1 2 3 100 103 4 5 6 7
1 2 3 4 5 1 2 3 4 100 103 104 5 6 7
1 2 100 102 3 4 5 1 2 3 4 5 6 7
1 2 3 100 102 103 4 5 1 2 3 4 5 6 7
1 2 3 100 103 4 5 1 2 3 4 5 6 7
1 2 3 4 100 103 104 5 1 2 3 4 5 6 7

29 23 6 19 14 16 12 29 23 6 19 14 16 12
29 23 6 19 14 16 12 29 23 14 23 6 19 14 16 12
29 23 6 19 14 16 12 29 23 6 14 23 6 19 14 16 12
29 23 6 19 14 16 12 29 23 6 14 6 19 14 16 12
29 23 6 19 14 16 12 29 23 6 19 14 6 19 14 16 12
29 23 14 23 6 19 14 16 12 29 23 6 19 14 16 12
29 23 6 14 23 6 19 14 16 12 29 23 6 19 14 16 12
29 23 6 14 6 19 14 16 12 29 23 6 19 14 16 12
29 23 6 19 14 6 19 14 16 12 29 23 6 19 14 16 12

5 10 7 20 6 7 26 5 10 7 20 6 7 26
5 10 7 20 6 7 26 5 10 16 10 7 20 6 7 26
5 10 7 20 6 7 26 5 10 7 16 10 7 20 6 7 26
5 10 7 20 6 7 26 5 10 7 16 7 20 6 7 26
5 10 7 20 6 7 26 5 10 7 20 16 7 20 6 7 26
5 10 16 10 7 20 6 7 26 5 10 7 20 6 7 26
5 10 7 16 10 7 20 6 7 26 5 10 7 20 6 7 26
5 10 7 16 7 20 6 7 26 5 10 7 20 6 7 26
5 10 7 20 16 7 20 6 7 26 5 10 7 20 6 7 26

27 16 19 13 27 27 25 27 16 19 13 27 27 25
27 16 19 13 27 27 25 27 16 16 16 19 13 27 27 25
27 16 19 13 27 27 25 27 16 19 16 16 19 13 27 27 25
27 16 19 13 27 27 25 27 16 19 16 19 13 27 27 25
27 16 19 13 27 27 25 27 16 19 13 16 19 13 27 27 25
27 16 16 16 19 13 27 27 25 27 16 19 13 27 27 25
27 16 19 16 16 19 13 27 27 25 27 16 19 13 27 27 25
27 16 19 16 19 13 27 27 25 27 16 19 13 27 27 25
27 16 19 13 16 19 13 27 27 25 27 16 19 13 27 27 25

27 5 24 27 21 20 15 27 5 24 27 21 20 15
27 5 24 27 21 20 15 27 5 16 5 24 27 21 20 15
27 5 24 27 21 20 15 27 5 24 16 5 24 27 21 20 15
27 5 24 27 21 20 15 27 5 24 16 24 27 21 20 15
27 5 24 27 21 20 15 27 5 24 27 16 24 27 21 20 15
27 5 16 5 24 27 21 20 15 27 5 24 27 21 20 15
27 5 24 16 5 24 27 21 20 15 27 5 24 27 21 20 15
27 5 24 16 24 27 21 20 15 27 5 24 27 21 20 15
27 5 24 27 16 24 27 21 20 15 27 5 24 27 21 20 15

17 28 10 26 21 29 10 17 28 10 26 21 29 10
17 28 10 26 21 29 10 17 28 20 28 10 26 21 29 10
17 28 10 26 21 29 10 17 28 10 20 28 10 26 21 29 10
17 28 10 26 21 29 10 17 28 10 20 10 26 21 29 10
17 28 10 26 21 29 10 17 28 10 26 20 10 26 21 29 10
17 28 20 28 10 26 21 29 10 17 28 10 26 21 29 10
17 28 10 20 28 10 26 21 29 10 17 28 10 26 21 29 10
17 28 10 20 10 26 21 29 10 17 28 10 26 21 29 10
17 28 10 26 20 10 26 21 29 10 17 28 10 26 21 29 10

11 8 28 19 9 29 18 11 8 28 19 9 29 18
11 8 28 19 9 29 18 11 8 20 8 28 19 9 29 18
11 8 28 19 9 29 18 11 8 28 20 8 28 19 9 29 18
11 8 28 19 9 29 18 11 8 28 20 28 19 9 29 18
11 8 28 19 9 29 18 11 8 28 19 20 28 19 9 29 18
11 8 20 8 28 19 9 29 18 11 8 28 19 9 29 18
11 8 28 20 8 28 19 9 29 18 11 8 28 19 9 29 18
11 8 28 20 28 19 9 29 18 11 8 28 19 9 29 18
11 8 28 19 20 28 19 9 29 18 11 8 28 19 9 29 18

12 24 19 19 26 5 24 12 24 19 19 26 5 24
12 24 19 19 26 5 24 12 24 18 24 19 19 26 5 24
12 24 19 19 26 5 24 12 24 19 18 24 19 19 26 5 24
12 24 19 19 26 5 24 12 24 19 18 19 19 26 5 24
12 24 19 19 26 5 24 12 24 19 19 18 19 19 26 5 24
12 24 18 24 19 19 26 5 24 12 24 19 19 26 5 24
12 24 19 18 24 19 19 26 5 24 12 24 19 19 26 5 24
12 24 19 18 19 19 26 5 24 12 24 19 19 26 5 24
12 24 19 19 18 19 19 26 5 24 12 24 19 19 26 5 24

7 12 8 27 15 22 16 7 12 8 27 15 22 16
7 12 8 27 15 22 16 7 12 6 12 8 27 15 22 16
7 12 8 27 15 22 16 7 12 8 6 12 8 27 15 22 16
7 12 8 27 15 22 16 7 12 8 6 8 27 15 22 16
7 12 8 27 15 22 16 7 12 8 27 6 8 27 15 22 16
7 12 6 12 8 27 15 22 16 7 12 8 27 15 22 16
7 12 8 6 12 8 27 15 22 16 7 12 8 27 15 22 16
7 12 8 6 8 27 15 22 16 7 12 8 27 15 22 16
7 12 8 27 6 8 27 15 22 16 7 12 8 27 15 22 16

17 17 11 20 25 9 9 17 17 11 20 25 9 9
17 17 11 20 25 9 9 17 17 5 17 11 20 25 9 9
17 17 11 20 25 9 9 17 17 11 5 17 11 20 25 9 9
17 17 11 20 25 9 9 17 17 11 5 11 20 25 9 9
17 17 11 20 25 9 9 17 17 11 20 5 11 20 25 9 9
17 17 5 17 11 20 25 9 9 17 17 11 20 25 9 9
17 17 11 5 17 11 20 25 9 9 17 17 11 20 25 9 9
17 17 11 5 11 20 25 9 9 17 17 11 20 25 9 9
17 17 11 20 5 11 20 25 9 9 17 17 11 20 25 9 9

17 25 15 12 23 14 24 17 25 15 12 23 14 24
17 25 15 12 23 14 24 17 25 19 25 15 12 23 14 24
17 25 15 12 23 14 24 17 25 15 19 25 15 12 23 14 24
17 25 15 12 23 14 24 17 25 15 19 15 12 23 14 24
17 25 15 12 23 14 24 17 25 15 12 19 15 12 23 14 24
17 25 19 25 15 12 23 14 24 17 25 15 12 23 14 24
17 25 15 19 25 15 12 23 14 24 17 25 15 12 23 14 24
17 25 15 19 15 12 23 14 24 17 25 15 12 23 14 24
17 25 15 12 19 15 12 23 14 24 17 25 15 12 23 14 24

22 28 12 14 21 25 30 22 28 12 14 21 25 30
22 28 12 14 21 25 30 22 28 14 28 12 14 21 25 30
22 28 12 14 21 25 30 22 28 12 14 28 12 14 21 25 30
22 28 12 14 21 25 30 22 28 12 14 12 14 21 25 30
22 28 12 14 21 25 30 22 28 12 14 14 12 14 21 25 30
22 28 14 28 12 14 21 25 30 22 28 12 14 21 25 30
22 28 12 14 28 12 14 21 25 30 22 28 12 14 21 25 30
22 28 12 14 12 14 21 25 30 22 28 12 14 21 25 30
22 28 12 14 14 12 14 21 25 30 22 28 12 14 21 25 30

13 17 12 29 17 6 24 13 17 12 29 17 6 24
13 17 12 29 17 6 24 13 17 10 17 12 29 17 6 24
13 17 12 29 17 6 24 13 17 12 10 17 12 29 17 6 24
13 17 12 29 17 6 24 13 17 12 10 12 29 17 6 24
13 17 12 29 17 6 24 13 17 12 29 10 12 29 17 6 24
13 17 10 17 12 29 17 6 24 13 17 12 29 17 6 24
13 17 12 10 17 12 29 17 6 24 13 17 12 29 17 6 24
13 17 12 10 12 29 17 6 24 13 17 12 29 17 6 24
13 17 12 29 10 12 29 17 6 24 13 17 12 29 17 6 24

5 13 10 15 27 6 5 5 13 10 15 27 6 5
5 13 10 15 27 6 5 5 13 9 13 10 15 27 6 5
5 13 10 15 27 6 5 5 13 10 9 13 10 15 27 6 5
5 13 10 15 27 6 5 5 13 10 9 10 15 27 6 5
5 13 10 15 27 6 5 5 13 10 15 9 10 15 27 6 5
5 13 9 13 10 15 27 6 5 5 13 10 15 27 6 5
5 13 10 9 13 10 15 27 6 5 5 13 10 15 27 6 5
5 13 10 9 10 15 27 6 5 5 13 10 15 27 6 5
5 13 10 15 9 10 15 27 6 5 5 13 10 15 27 6 5

20 15 16 20 16 27 21 20 15 16 20 16 27 21
20 15 16 20 16 27 21 20 15 20 15 16 20 16 27 21
20 15 16 20 16 27 21 20 15 16 20 15 16 20 16 27 21
20 15 16 20 16 27 21 20 15 16 20 16 20 16 27 21
20 15 16 20 16 27 21 20 15 16 20 20 16 20 16 27 21
20 15 20 15 16 20 16 27 21 20 15 16 20 16 27 21
20 15 16 20 15 16 20 16 27 21 20 15 16 20 16 27 21
20 15 16 20 16 20 16 27 21 20 15 16 20 16 27 21
20 15 16 20 20 16 20 16 27 21 20 15 16 20 16 27 21

24 17 9 16 30 20 28 24 17 9 16 30 20 28
24 17 9 16 30 20 28 24 17 12 17 9 16 30 20 28
24 17 9 16 30 20 28 24 17 9 12 17 9 16 30 20 28
24 17 9 16 30 20 28 24 17 9 12 9 16 30 20 28
24 17 9 16 30 20 28 24 17 9 16 12 9 16 30 20 28
24 17 12 17 9 16 30 20 28 24 17 9 16 30 20 28
24 17 9 12 17 9 16 30 20 28 24 17 9 16 30 20 28
24 17 9 12 9 16 30 20 28 24 17 9 16 30 20 28
24 17 9 16 12 9 16 30 20 28 24 17 9 16 30 20 28

8 8 6 8 24 15 14 8 8 6 8 24 15 14
8 8 6 8 24 15 14 8 8 18 8 6 8 24 15 14
8 8 6 8 24 15 14 8 8 6 18 8 6 8 24 15 14
8 8 6 8 24 15 14 8 8 6 18 6 8 24 15 14
8 8 6 8 24 15 14 8 8 6 8 18 6 8 24 15 14
8 8 18 8 6 8 24 15 14 8 8 6 8 24 15 14
8 8 6 18 8 6 8 24 15 14 8 8 6 8 24 15 14
8 8 6 18 6 8 24 15 14 8 8 6 8 24 15 14
8 8 6 8 18 6 8 24 15 14 8 8 6 8 24 15 14

20 13 27 22 14 10 17 20 13 27 22 14 10 17
20 13 27 22 14 10 17 20 13 19 13 27 22 14 10 17
20 13 27 22 14 10 17 20 13 27 19 13 27 22 14 10 17
20 13 27 22 14 10 17 20 13 27 19 27 22 14 10 17
20 13 27 22 14 10 17 20 13 27 22 19 27 22 14 10 17
20 13 19 13 27 22 14 10 17 20 13 27 22 14 10 17
20 13 27 19 13 27 22 14 10 17 20 13 27 22 14 10 17
20 13 27 19 27 22 14 10 17 20 13 27 22 14 10 17
20 13 27 22 19 27 22 14 10 17 20 13 27 22 14 10 17

23 27 27 11 26 29 16 23 27 27 11 26 29 16
23 27 27 11 26 29 16 23 27 13 27 27 11 26 29 16
23 27 27 11 26 29 16 23 27 27 13 27 27 11 26 29 16
23 27 27 11 26 29 16 23 27 27 13 27 11 26 29 16
23 27 27 11 26 29 16 23 27 27 11 13 27 11 26 29 16
23 27 13 27 27 11 26 29 16 23 27 27 11 26 29 16
23 27 27 13 27 27 11 26 29 16 23 27 27 11 26 29 16
23 27 27 13 27 11 26 29 16 23 27 27 11 26 29 16
23 27 27 11 13 27 11 26 29 16 23 27 27 11 26 29 16

8 7 7 7 21 30 18 8 7 7 7 21 30 18
8 7 7 7 21 30 18 8 7 9 7 7 7 21 30 18
8 7 7 7 21 30 18 8 7 7 9 7 7 7 21 30 18
8 7 7 7 21 30 18 8 7 7 9 7 7 21 30 18
8 7 7 7 21 30 18 8 7 7 7 9 7 7 21 30 18
8 7 9 7 7 7 21 30 18 8 7 7 7 21 30 18
8 7 7 9 7 7 7 21 30 18 8 7 7 7 21 30 18
8 7 7 9 7 7 21 30 18 8 7 7 7 21 30 18
8 7 7 7 9 7 7 21 30 18 8 7 7 7 21 30 18

29 8 27 28 20 13 16 29 8 27 28 20 13 16
29 8 27 28 20 13 16 29 8 16 8 27 28 20 13 16
29 8 27 28 20 13 16 29 8 27 16 8 27 28 20 13 16
29 8 27 28 20 13 16 29 8 27 16 27 28 20 13 16
29 8 27 28 20 13 16 29 8 27 28 16 27 28 20 13 16
29 8 16 8 27 28 20 13 16 29 8 27 28 20 13 16
29 8 27 16 8 27 28 20 13 16 29 8 27 28 20 13 16
29 8 27 16 27 28 20 13 16 29 8 27 28 20 13 16
29 8 27 28 16 27 28 20 13 16 29 8 27 28 20 13 16

5 5 20 6 10 15 14 5 5 20 6 10 15 14
5 5 20 6 10 15 14 5 5 16 5 20 6 10 15 14
5 5 20 6 10 15 14 5 5 20 16 5 20 6 10 15 14
5 5 20 6 10 15 14 5 5 20 16 20 6 10 15 14
5 5 20 6 10 15 14 5 5 20 6 16 20 6 10 15 14
5 5 16 5 20 6 10 15 14 5 5 20 6 10 15 14
5 5 20 16 5 20 6 10 15 14 5 5 20 6 10 15 14
5 5 20 16 20 6 10 15 14 5 5 20 6 10 15 14
5 5 20 6 16 20 6 10 15 14 5 5 20 6 10 15 14

11 23 24 22 10 10 23 11 23 24 22 10 10 23
11 23 24 22 10 10 23 11 23 9 23 24 22 10 10 23
11 23 24 22 10 10 23 11 23 24 9 23 24 22 10 10 23
11 23 24 22 10 10 23 11 23 24 9 24 22 10 10 23
11 23 24 22 10 10 23 11 23 24 22 9 24 22 10 10 23
11 23 9 23 24 22 10 10 23 11 23 24 22 10 10 23
11 23 24 9 23 24 22 10 10 23 11 23 24 22 10 10 23
11 23 24 9 24 22 10 10 23 11 23 24 22 10 10 23
11 23 24 22 9 24 22 10 10 23 11 23 24 22 10 10 23

5 6 13 15 26 29 25 5 6 13 15 26 29 25
5 6 13 15 26 29 25 5 6 18 6 13 15 26 29 25
5 6 13 15 26 29 25 5 6 13 18 6 13 15 26 29 25
5 6 13 15 26 29 25 5 6 13 18 13 15 26 29 25
5 6 13 15 26 29 25 5 6 13 15 18 13 15 26 29 25
5 6 18 6 13 15 26 29 25 5 6 13 15 26 29 25
5 6 13 18 6 13 15 26 29 25 5 6 13 15 26 29 25
5 6 13 18 13 15 26 29 25 5 6 13 15 26 29 25
5 6 13 15 18 13 15 26 29 25 5 6 13 15 26 29 25

23 26 13 10 16 17 8 23 26 13 10 16 17 8
23 26 13 10 16 17 8 23 26 19 26 13 10 16 17 8
23 26 13 10 16 17 8 23 26 13 19 26 13 10 16 17 8
23 26 13 10 16 17 8 23 26 13 19 13 10 16 17 8
23 26 13 10 16 17 8 23 26 13 10 19 13 10 16 17 8
23 26 19 26 13 10 16 17 8 23 26 13 10 16 17 8
23 26 13 19 26 13 10 16 17 8 23 26 13 10 16 17 8
23 26 13 19 13 10 16 17 8 23 26 13 10 16 17 8
23 26 13 10 19 13 10 16 17 8 23 26 13 10 16 17 8

16 7 8 28 29 16 28 16 7 8 28 29 16 28
16 7 8 28 29 16 28 16 7 20 7 8 28 29 16 28
16 7 8 28 29 16 28 16 7 8 20 7 8 28 29 16 28
16 7 8 28 29 16 28 16 7 8 20 8 28 29 16 28
16 7 8 28 29 16 28 16 7 8 28 20 8 28 29 16 28
16 7 20 7 8 28 29 16 28 16 7 8 28 29 16 28
16 7 8 20 7 8 28 29 16 28 16 7 8 28 29 16 28
16 7 8 20 8 28 29 16 28 16 7 8 28 29 16 28
16 7 8 28 20 8 28 29 16 28 16 7 8 28 29 16 28

23 28 11 24 11 16 13 23 28 11 24 11 16 13
23 28 11 24 11 16 13 23 28 17 28 11 24 11 16 13
23 28 11 24 11 16 13 23 28 11 17 28 11 24 11 16 13
23 28 11 24 11 16 13 23 28 11 17 11 24 11 16 13
23 28 11 24 11 16 13 23 28 11 24 17 11 24 11 16 13
23 28 17 28 11 24 11 16 13 23 28 11 24 11 16 13
23 28 11 17 28 11 24 11 16 13 23 28 11 24 11 16 13
23 28 11 17 11 24 11 16 13 23 28 11 24 11 16 13
23 28 11 24 17 11 24 11 16 13 23 28 11 24 11 16 13

19 21 22 30 27 17 8 19 21 22 30 27 17 8
19 21 22 30 27 17 8 19 21 8 21 22 30 27 17 8
19 21 22 30 27 17 8 19 21 22 8 21 22 30 27 17 8
19 21 22 30 27 17 8 19 21 22 8 22 30 27 17 8
19 21 22 30 27 17 8 19 21 22 30 8 22 30 27 17 8
19 21 8 21 22 30 27 17 8 19 21 22 30 27 17 8
19 21 22 8 21 22 30 27 17 8 19 21 22 30 27 17 8
19 21 22 8 22 30 27 17 8 19 21 22 30 27 17 8
19 21 22 30 8 22 30 27 17 8 19 21 22 30 27 17 8

18 30 14 25 7 26 8 18 30 14 25 7 26 8
18 30 14 25 7 26 8 18 30 13 30 14 25 7 26 8
18 30 14 25 7 26 8 18 30 14 13 30 14 25 7 26 8
18 30 14 25 7 26 8 18 30 14 13 14 25 7 26 8
18 30 14 25 7 26 8 18 30 14 25 13 14 25 7 26 8
18 30 13 30 14 25 7 26 8 18 30 14 25 7 26 8
18 30 14 13 30 14 25 7 26 8 18 30 14 25 7 26 8
18 30 14 13 14 25 7 26 8 18 30 14 25 7 26 8
18 30 14 25 13 14 25 7 26 8 18 30 14 25 7 26 8

23 24 27 28 6 15 12 23 24 27 28 6 15 12
23 24 27 28 6 15 12 23 24 14 24 27 28 6 15 12
23 24 27 28 6 15 12 23 24 27 14 24 27 28 6 15 12
23 24 27 28 6 15 12 23 24 27 14 27 28 6 15 12
23 24 27 28 6 15 12 23 24 27 28 14 27 28 6 15 12
23 24 14 24 27 28 6 15 12 23 24 27 28 6 15 12
23 24 27 14 24 27 28 6 15 12 23 24 27 28 6 15 12
23 24 27 14 27 28 6 15 12 23 24 27 28 6 15 12
23 24 27 28 14 27 28 6 15 12 23 24 27 28 6 15 12

28 16 23 16 23 20 20 28 16 23 16 23 20 20
28 16 23 16 23 20 20 28 16 7 16 23 16 23 20 20
28 16 23 16 23 20 20 28 16 23 7 16 23 16 23 20 20
28 16 23 16 23 20 20 28 16 23 7 23 16 23 20 20
28 16 23 16 23 20 20 28 16 23 16 7 23 16 23 20 20
28 16 7 16 23 16 23 20 20 28 16 23 16 23 20 20
28 16 23 7 16 23 16 23 20 20 28 16 23 16 23 20 20
28 16 23 7 23 16 23 20 20 28 16 23 16 23 20 20
28 16 23 16 7 23 16 23 20 20 28 16 23 16 23 20 20

23 30 11 14 6 28 16 23 30 11 14 6 28 16
23 30 11 14 6 28 16 23 30 18 30 11 14 6 28 16
23 30 11 14 6 28 16 23 30 11 18 30 11 14 6 28 16
23 30 11 14 6 28 16 23 30 11 18 11 14 6 28 16
23 30 11 14 6 28 16 23 30 11 14 18 11 14 6 28 16
23 30 18 30 11 14 6 28 16 23 30 11 14 6 28 16
23 30 11 18 30 11 14 6 28 16 23 30 11 14 6 28 16
23 30 11 18 11 14 6 28 16 23 30 11 14 6 28 16
23 30 11 14 18 11 14 6 28 16 23 30 11 14 6 28 16

22 10 7 10 21 28 22 22 10 7 10 21 28 22
22 10 7 10 21 28 22 22 10 5 10 7 10 21 28 22
22 10 7 10 21 28 22 22 10 7 5 10 7 10 21 28 22
22 10 7 10 21 28 22 22 10 7 5 7 10 21 28 22
22 10 7 10 21 28 22 22 10 7 10 5 7 10 21 28 22
22 10 5 10 7 10 21 28 22 22 10 7 10 21 28 22
22 10 7 5 10 7 10 21 28 22 22 10 7 10 21 28 22
22 10 7 5 7 10 21 28 22 22 10 7 10 21 28 22
22 10 7 10 5 7 10 21 28 22 22 10 7 10 21 28 22

15 28 27 5 17 17 27 15 28 27 5 17 17 27
15 28 27 5 17 17 27 15 28 13 28 27 5 17 17 27
15 28 27 5 17 17 27 15 28 27 13 28 27 5 17 17 27
15 28 27 5 17 17 27 15 28 27 13 27 5 17 17 27
15 28 27 5 17 17 27 15 28 27 5 13 27 5 17 17 27
15 28 13 28 27 5 17 17 27 15 28 27 5 17 17 27
15 28 27 13 28 27 5 17 17 27 15 28 27 5 17 17 27
15 28 27 13 27 5 17 17 27 15 28 27 5 17 17 27
15 28 27 5 13 27 5 17 17 27 15 28 27 5 17 17 27

18 11 24 18 12 27 5 18 11 24 18 12 27 5
18 11 24 18 12 27 5 18 11 6 11 24 18 12 27 5
18 11 24 18 12 27 5 18 11 24 6 11 24 18 12 27 5
18 11 24 18 12 27 5 18 11 24 6 24 18 12 27 5
18 11 24 18 12 27 5 18 11 24 18 6 24 18 12 27 5
18 11 6 11 24 18 12 27 5 18 11 24 18 12 27 5
18 11 24 6 11 24 18 12 27 5 18 11 24 18 12 27 5
18 11 24 6 24 18 12 27 5 18 11 24 18 12 27 5
18 11 24 18 6 24 18 12 27 5 18 11 24 18 12 27 5

30 26 12 9 13 5 14 30 26 12 9 13 5 14
30 26 12 9 13 5 14 30 26 10 26 12 9 13 5 14
30 26 12 9 13 5 14 30 26 12 10 26 12 9 13 5 14
30 26 12 9 13 5 14 30 26 12 10 12 9 13 5 14
30 26 12 9 13 5 14 30 26 12 9 10 12 9 13 5 14
30 26 10 26 12 9 13 5 14 30 26 12 9 13 5 14
30 26 12 10 26 12 9 13 5 14 30 26 12 9 13 5 14
30 26 12 10 12 9 13 5 14 30 26 12 9 13 5 14
30 26 12 9 10 12 9 13 5 14 30 26 12 9 13 5 14

9 13 15 26 7 6 16 9 13 15 26 7 6 16
9 13 15 26 7 6 16 9 13 9 13 15 26 7 6 16
9 13 15 26 7 6 16 9 13 15 9 13 15 26 7 6 16
9 13 15 26 7 6 16 9 13 15 9 15 26 7 6 16
9 13 15 26 7 6 16 9 13 15 26 9 15 26 7 6 16
9 13 9 13 15 26 7 6 16 9 13 15 26 7 6 16
9 13 15 9 13 15 26 7 6 16 9 13 15 26 7 6 16
9 13 15 9 15 26 7 6 16 9 13 15 26 7 6 16
9 13 15 26 9 15 26 7 6 16 9 13 15 26 7 6 16

30 7 13 22 5 26 13 30 7 13 22 5 26 13
30 7 13 22 5 26 13 30 7 9 7 13 22 5 26 13
30 7 13 22 5 26 13 30 7 13 9 7 13 22 5 26 13
30 7 13 22 5 26 13 30 7 13 9 13 22 5 26 13
30 7 13 22 5 26 13 30 7 13 22 9 13 22 5 26 13
30 7 9 7 13 22 5 26 13 30 7 13 22 5 26 13
30 7 13 9 7 13 22 5 26 13 30 7 13 22 5 26 13
30 7 13 9 13 22 5 26 13 30 7 13 22 5 26 13
30 7 13 22 9 13 22 5 26 13 30 7 13 22 5 26 13

20 12 25 13 7 22 22 20 12 25 13 7 22 22
20 12 25 13 7 22 22 20 12 6 12 25 13 7 22 22
20 12 25 13 7 22 22 20 12 25 6 12 25 13 7 22 22
20 12 25 13 7 22 22 20 12 25 6 25 13 7 22 22
20 12 25 13 7 22 22 20 12 25 13 6 25 13 7 22 22
20 12 6 12 25 13 7 22 22 20 12 25 13 7 22 22
20 12 25 6 12 25 13 7 22 22 20 12 25 13 7 22 22
20 12 25 6 25 13 7 22 22 20 12 25 13 7 22 22
20 12 25 13 6 25 13 7 22 22 20 12 25 13 7 22 22

29 9 27 27 12 25 30 29 9 27 27 12 25 30
29 9 27 27 12 25 30 29 9 7 9 27 27 12 25 30
29 9 27 27 12 25 30 29 9 27 7 9 27 27 12 25 30
29 9 27 27 12 25 30 29 9 27 7 27 27 12 25 30
29 9 27 27 12 25 30 29 9 27 27 7 27 27 12 25 30
29 9 7 9 27 27 12 25 30 29 9 27 27 12 25 30
29 9 27 7 9 27 27 12 25 30 29 9 27 27 12 25 30
29 9 27 7 27 27 12 25 30 29 9 27 27 12 25 30
29 9 27 27 7 27 27 12 25 30 29 9 27 27 12 25 30

22 15 10 30 11 5 18 22 15 10 30 11 5 18
22 15 10 30 11 5 18 22 15 12 15 10 30 11 5 18
22 15 10 30 11 5 18 22 15 10 12 15 10 30 11 5 18
22 15 10 30 11 5 18 22 15 10 12 10 30 11 5 18
22 15 10 30 11 5 18 22 15 10 30 12 10 30 11 5 18
22 15 12 15 10 30 11 5 18 22 15 10 30 11 5 18
22 15 10 12 15 10 30 11 5 18 22 15 10 30 11 5 18
22 15 10 12 10 30 11 5 18 22 15 10 30 11 5 18
22 15 10 30 12 10 30 11 5 18 22 15 10 30 11 5 18

25 29 18 22 30 27 22 25 29 18 22 30 27 22
25 29 18 22 30 27 22 25 29 13 29 18 22 30 27 22
25 29 18 22 30 27 22 25 29 18 13 29 18 22 30 27 22
25 29 18 22 30 27 22 25 29 18 13 18 22 30 27 22
25 29 18 22 30 27 22 25 29 18 22 13 18 22 30 27 22
25 29 13 29 18 22 30 27 22 25 29 18 22 30 27 22
25 29 18 13 29 18 22 30 27 22 25 29 18 22 30 27 22
25 29 18 13 18 22 30 27 22 25 29 18 22 30 27 22
25 29 18 22 13 18 22 30 27 22 25 29 18 22 30 27 22

27 5 20 25 6 20 8 27 5 20 25 6 20 8
27 5 20 25 6 20 8 27 5 18 5 20 25 6 20 8
27 5 20 25 6 20 8 27 5 20 18 5 20 25 6 20 8
27 5 20 25 6 20 8 27 5 20 18 20 25 6 20 8
27 5 20 25 6 20 8 27 5 20 25 18 20 25 6 20 8
27 5 18 5 20 25 6 20 8 27 5 20 25 6 20 8
27 5 20 18 5 20 25 6 20 8 27 5 20 25 6 20 8
27 5 20 18 20 25 6 20 8 27 5 20 25 6 20 8
27 5 20 25 18 20 25 6 20 8 27 5 20 25 6 20 8

9 29 5 30 13 19 18 9 29 5 30 13 19 18
9 29 5 30 13 19 18 9 29 14 29 5 30 13 19 18
9 29 5 30 13 19 18 9 29 5 14 29 5 30 13 19 18
9 29 5 30 13 19 18 9 29 5 14 5 30 13 19 18
9 29 5 30 13 19 18 9 29 5 30 14 5 30 13 19 18
9 29 14 29 5 30 13 19 18 9 29 5 30 13 19 18
9 29 5 14 29 5 30 13 19 18 9 29 5 30 13 19 18
9 29 5 14 5 30 13 19 18 9 29 5 30 13 19 18
9 29 5 30 14 5 30 13 19 18 9 29 5 30 13 19 18

9 18 7 18 6 9 17 9 18 7 18 6 9 17
9 18 7 18 6 9 17 9 18 7 18 7 18 6 9 17
9 18 7 18 6 9 17 9 18 7 7 18 7 18 6 9 17
9 18 7 18 6 9 17 9 18 7 7 7 18 6 9 17
9 18 7 18 6 9 17 9 18 7 18 7 7 18 6 9 17
9 18 7 18 7 18 6 9 17 9 18 7 18 6 9 17
9 18 7 7 18 7 18 6 9 17 9 18 7 18 6 9 17
9 18 7 7 7 18 6 9 17 9 18 7 18 6 9 17
9 18 7 18 7 7 18 6 9 17 9 18 7 18 6 9 17

30 18 13 29 15 15 30 30 18 13 29 15 15 30
30 18 13 29 15 15 30 30 18 5 18 13 29 15 15 30
30 18 13 29 15 15 30 30 18 13 5 18 13 29 15 15 30
30 18 13 29 15 15 30 30 18 13 5 13 29 15 15 30
30 18 13 29 15 15 30 30 18 13 29 5 13 29 15 15 30
30 18 5 18 13 29 15 15 30 30 18 13 29 15 15 30
30 18 13 5 18 13 29 15 15 30 30 18 13 29 15 15 30
30 18 13 5 13 29 15 15 30 30 18 13 29 15 15 30
30 18 13 29 5 13 29 15 15 30 30 18 13 29 15 15 30

26 7 22 8 16 11 21 26 7 22 8 16 11 21
26 7 22 8 16 11 21 26 7 8 7 22 8 16 11 21
26 7 22 8 16 11 21 26 7 22 8 7 22 8 16 11 21
26 7 22 8 16 11 21 26 7 22 8 22 8 16 11 21
26 7 22 8 16 11 21 26 7 22 8 8 22 8 16 11 21
26 7 8 7 22 8 16 11 21 26 7 22 8 16 11 21
26 7 22 8 7 22 8 16 11 21 26 7 22 8 16 11 21
26 7 22 8 22 8 16 11 21 26 7 22 8 16 11 21
26 7 22 8 8 22 8 16 11 21 26 7 22 8 16 11 21

28 14 12 21 17 25 12 28 14 12 21 17 25 12
28 14 12 21 17 25 12 28 14 15 14 12 21 17 25 12
28 14 12 21 17 25 12 28 14 12 15 14 12 21 17 25 12
28 14 12 21 17 25 12 28 14 12 15 12 21 17 25 12
28 14 12 21 17 25 12 28 14 12 21 15 12 21 17 25 12
28 14 15 14 12 21 17 25 12 28 14 12 21 17 25 12
28 14 12 15 14 12 21 17 25 12 28 14 12 21 17 25 12
28 14 12 15 12 21 17 25 12 28 14 12 21 17 25 12
28 14 12 21 15 12 21 17 25 12 28 14 12 21 17 25 12

8 13 12 16 8 20 7 8 13 12 16 8 20 7
8 13 12 16 8 20 7 8 13 5 13 12 16 8 20 7
8 13 12 16 8 20 7 8 13 12 5 13 12 16 8 20 7
8 13 12 16 8 20 7 8 13 12 5 12 16 8 20 7
8 13 12 16 8 20 7 8 13 12 16 5 12 16 8 20 7
8 13 5 13 12 16 8 20 7 8 13 12 16 8 20 7
8 13 12 5 13 12 16 8 20 7 8 13 12 16 8 20 7
8 13 12 5 12 16 8 20 7 8 13 12 16 8 20 7
8 13 12 16 5 12 16 8 20 7 8 13 12 16 8 20 7

27 13 21 13 13 11 5 27 13 21 13 13 11 5
27 13 21 13 13 11 5 27 13 7 13 21 13 13 11 5
27 13 21 13 13 11 5 27 13 21 7 13 21 13 13 11 5
27 13 21 13 13 11 5 27 13 21 7 21 13 13 11 5
27 13 21 13 13 11 5 27 13 21 13 7 21 13 13 11 5
27 13 7 13 21 13 13 11 5 27 13 21 13 13 11 5
27 13 21 7 13 21 13 13 11 5 27 13 21 13 13 11 5
27 13 21 7 21 13 13 11 5 27 13 21 13 13 11 5
27 13 21 13 7 21 13 13 11 5 27 13 21 13 13 11 5

18 19 8 19 21 6 29 18 19 8 19 21 6 29
18 19 8 19 21 6 29 18 19 11 19 8 19 21 6 29
18 19 8 19 21 6 29 18 19 8 11 19 8 19 21 6 29
18 19 8 19 21 6 29 18 19 8 11 8 19 21 6 29
18 19 8 19 21 6 29 18 19 8 19 11 8 19 21 6 29
18 19 11 19 8 19 21 6 29 18 19 8 19 21 6 29
18 19 8 11 19 8 19 21 6 29 18 19 8 19 21 6 29
18 19 8 11 8 19 21 6 29 18 19 8 19 21 6 29
18 19 8 19 11 8 19 21 6 29 18 19 8 19 21 6 29

18 20 10 16 20 16 13 18 20 10 16 20 16 13
18 20 10 16 20 16 13 18 20 9 20 10 16 20 16 13
18 20 10 16 20 16 13 18 20 10 9 20 10 16 20 16 13
18 20 10 16 20 16 13 18 20 10 9 10 16 20 16 13
18 20 10 16 20 16 13 18 20 10 16 9 10 16 20 16 13
18 20 9 20 10 16 20 16 13 18 20 10 16 20 16 13
18 20 10 9 20 10 16 20 16 13 18 20 10 16 20 16 13
18 20 10 9 10 16 20 16 13 18 20 10 16 20 16 13
18 20 10 16 9 10 16 20 16 13 18 20 10 16 20 16 13

28 5 12 9 5 13 23 28 5 12 9 5 13 23
28 5 12 9 5 13 23 28 5 8 5 12 9 5 13 23
28 5 12 9 5 13 23 28 5 12 8 5 12 9 5 13 23
28 5 12 9 5 13 23 28 5 12 8 12 9 5 13 23
28 5 12 9 5 13 23 28 5 12 9 8 12 9 5 13 23
28 5 8 5 12 9 5 13 23 28 5 12 9 5 13 23
28 5 12 8 5 12 9 5 13 23 28 5 12 9 5 13 23
28 5 12 8 12 9 5 13 23 28 5 12 9 5 13 23
28 5 12 9 8 12 9 5 13 23 28 5 12 9 5 13 23

29 27 27 6 8 20 28 29 27 27 6 8 20 28
29 27 27 6 8 20 28 29 27 18 27 27 6 8 20 28
29 27 27 6 8 20 28 29 27 27 18 27 27 6 8 20 28
29 27 27 6 8 20 28 29 27 27 18 27 6 8 20 28
29 27 27 6 8 20 28 29 27 27 6 18 27 6 8 20 28
29 27 18 27 27 6 8 20 28 29 27 27 6 8 20 28
29 27 27 18 27 27 6 8 20 28 29 27 27 6 8 20 28
29 27 27 18 27 6 8 20 28 29 27 27 6 8 20 28
29 27 27 6 18 27 6 8 20 28 29 27 27 6 8 20 28

16 27 9 12 15 5 5 16 27 9 12 15 5 5
16 27 9 12 15 5 5 16 27 15 27 9 12 15 5 5
16 27 9 12 15 5 5 16 27 9 15 27 9 12 15 5 5
16 27 9 12 15 5 5 16 27 9 15 9 12 15 5 5
16 27 9 12 15 5 5 16 27 9 12 15 9 12 15 5 5
16 27 15 27 9 12 15 5 5 16 27 9 12 15 5 5
16 27 9 15 27 9 12 15 5 5 16 27 9 12 15 5 5
16 27 9 15 9 12 15 5 5 16 27 9 12 15 5 5
16 27 9 12 15 9 12 15 5 5 16 27 9 12 15 5 5

14 26 23 25 14 26 6 14 26 23 25 14 26 6
14 26 23 25 14 26 6 14 26 17 26 23 25 14 26 6
14 26 23 25 14 26 6 14 26 23 17 26 23 25 14 26 6
14 26 23 25 14 26 6 14 26 23 17 23 25 14 26 6
14 26 23 25 14 26 6 14 26 23 25 17 23 25 14 26 6
14 26 17 26 23 25 14 26 6 14 26 23 25 14 26 6
14 26 23 17 26 23 25 14 26 6 14 26 23 25 14 26 6
14 26 23 17 23 25 14 26 6 14 26 23 25 14 26 6
14 26 23 25 17 23 25 14 26 6 14 26 23 25 14 26 6

24 14 6 25 27 12 10 24 14 6 25 27 12 10
24 14 6 25 27 12 10 24 14 8 14 6 25 27 12 10
24 14 6 25 27 12 10 24 14 6 8 14 6 25 27 12 10
24 14 6 25 27 12 10 24 14 6 8 6 25 27 12 10
24 14 6 25 27 12 10 24 14 6 25 8 6 25 27 12 10
24 14 8 14 6 25 27 12 10 24 14 6 25 27 12 10
24 14 6 8 14 6 25 27 12 10 24 14 6 25 27 12 10
24 14 6 8 6 25 27 12 10 24 14 6 25 27 12 10
24 14 6 25 8 6 25 27 12 10 24 14 6 25 27 12 10

12 19 7 19 26 9 8 12 19 7 19 26 9 8
12 19 7 19 26 9 8 12 19 9 19 7 19 26 9 8
12 19 7 19 26 9 8 12 19 7 9 19 7 19 26 9 8
12 19 7 19 26 9 8 12 19 7 9 7 19 26 9 8
12 19 7 19 26 9 8 12 19 7 19 9 7 19 26 9 8
12 19 9 19 7 19 26 9 8 12 19 7 19 26 9 8
12 19 7 9 19 7 19 26 9 8 12 19 7 19 26 9 8
12 19 7 9 7 19 26 9 8 12 19 7 19 26 9 8
12 19 7 19 9 7 19 26 9 8 12 19 7 19 26 9 8

16 20 19 9 21 22 27 16 20 19 9 21 22 27
16 20 19 9 21 22 27 16 20 7 20 19 9 21 22 27
16 20 19 9 21 22 27 16 20 19 7 20 19 9 21 22 27
16 20 19 9 21 22 27 16 20 19 7 19 9 21 22 27
16 20 19 9 21 22 27 16 20 19 9 7 19 9 21 22 27
16 20 7 20 19 9 21 22 27 16 20 19 9 21 22 27
16 20 19 7 20 19 9 21 22 27 16 20 19 9 21 22 27
16 20 19 7 19 9 21 22 27 16 20 19 9 21 22 27
16 20 19 9 7 19 9 21 22 27 16 20 19 9 21 22 27

20 15 23 11 13 14 11 20 15 23 11 13 14 11
20 15 23 11 13 14 11 20 15 5 15 23 11 13 14 11
20 15 23 11 13 14 11 20 15 23 5 15 23 11 13 14 11
20 15 23 11 13 14 11 20 15 23 5 23 11 13 14 11
20 15 23 11 13 14 11 20 15 23 11 5 23 11 13 14 11
20 15 5 15 23 11 13 14 11 20 15 23 11 13 14 11
20 15 23 5 15 23 11 13 14 11 20 15 23 11 13 14 11
20 15 23 5 23 11 13 14 11 20 15 23 11 13 14 11
20 15 23 11 5 23 11 13 14 11 20 15 23 11 13 14 11

24 9 7 27 5 18 16 24 9 7 27 5 18 16
24 9 7 27 5 18 16 24 9 19 9 7 27 5 18 16
24 9 7 27 5 18 16 24 9 7 19 9 7 27 5 18 16
24 9 7 27 5 18 16 24 9 7 19 7 27 5 18 16
24 9 7 27 5 18 16 24 9 7 27 19 7 27 5 18 16
24 9 19 9 7 27 5 18 16 24 9 7 27 5 18 16
24 9 7 19 9 7 27 5 18 16 24 9 7 27 5 18 16
24 9 7 19 7 27 5 18 16 24 9 7 27 5 18 16
24 9 7 27 19 7 27 5 18 16 24 9 7 27 5 18 16

28 6 8 14 23 10 14 28 6 8 14 23 10 14
28 6 8 14 23 10 14 28 6 18 6 8 14 23 10 14
28 6 8 14 23 10 14 28 6 8 18 6 8 14 23 10 14
28 6 8 14 23 10 14 28 6 8 18 8 14 23 10 14
28 6 8 14 23 10 14 28 6 8 14 18 8 14 23 10 14
28 6 18 6 8 14 23 10 14 28 6 8 14 23 10 14
28 6 8 18 6 8 14 23 10 14 28 6 8 14 23 10 14
28 6 8 18 8 14 23 10 14 28 6 8 14 23 10 14
28 6 8 14 18 8 14 23 10 14 28 6 8 14 23 10 14

6 23 29 12 11 19 6 6 23 29 12 11 19 6
6 23 29 12 11 19 6 6 23 15 23 29 12 11 19 6
6 23 29 12 11 19 6 6 23 29 15 23 29 12 11 19 6
6 23 29 12 11 19 6 6 23 29 15 29 12 11 19 6
6 23 29 12 11 19 6 6 23 29 12 15 29 12 11 19 6
6 23 15 23 29 12 11 19 6 6 23 29 12 11 19 6
6 23 29 15 23 29 12 11 19 6 6 23 29 12 11 19 6
6 23 29 15 29 12 11 19 6 6 23 29 12 11 19 6
6 23 29 12 15 29 12 11 19 6 6 23 29 12 11 19 6

18 6 27 7 10 13 22 18 6 27 7 10 13 22
18 6 27 7 10 13 22 18 6 5 6 27 7 10 13 22
18 6 27 7 10 13 22 18 6 27 5 6 27 7 10 13 22
18 6 27 7 10 13 22 18 6 27 5 27 7 10 13 22
18 6 27 7 10 13 22 18 6 27 7 5 27 7 10 13 22
18 6 5 6 27 7 10 13 22 18 6 27 7 10 13 22
18 6 27 5 6 27 7 10 13 22 18 6 27 7 10 13 22
18 6 27 5 27 7 10 13 22 18 6 27 7 10 13 22
18 6 27 7 5 27 7 10 13 22 18 6 27 7 10 13 22

7 16 9 8 12 8 26 7 16 9 8 12 8 26
7 16 9 8 12 8 26 7 16 5 16 9 8 12 8 26
7 16 9 8 12 8 26 7 16 9 5 16 9 8 12 8 26
7 16 9 8 12 8 26 7 16 9 5 9 8 12 8 26
7 16 9 8 12 8 26 7 16 9 8 5 9 8 12 8 26
7 16 5 16 9 8 12 8 26 7 16 9 8 12 8 26
7 16 9 5 16 9 8 12 8 26 7 16 9 8 12 8 26
7 16 9 5 9 8 12 8 26 7 16 9 8 12 8 26
7 16 9 8 5 9 8 12 8 26 7 16 9 8 12 8 26

19 25 23 12 30 25 30 19 25 23 12 30 25 30
19 25 23 12 30 25 30 19 25 6 25 23 12 30 25 30
19 25 23 12 30 25 30 19 25 23 6 25 23 12 30 25 30
19 25 23 12 30 25 30 19 25 23 6 23 12 30 25 30
19 25 23 12 30 25 30 19 25 23 12 6 23 12 30 25 30
19 25 6 25 23 12 30 25 30 19 25 23 12 30 25 30
19 25 23 6 25 23 12 30 25 30 19 25 23 12 30 25 30
19 25 23 6 23 12 30 25 30 19 25 23 12 30 25 30
19 25 23 12 6 23 12 30 25 30 19 25 23 12 30 25 30

24 10 20 6 14 10 17 24 10 20 6 14 10 17
24 10 20 6 14 10 17 24 10 5 10 20 6 14 10 17
24 10 20 6 14 10 17 24 10 20 5 10 20 6 14 10 17
24 10 20 6 14 10 17 24 10 20 5 20 6 14 10 17
24 10 20 6 14 10 17 24 10 20 6 5 20 6 14 10 17
24 10 5 10 20 6 14 10 17 24 10 20 6 14 10 17
24 10 20 5 10 20 6 14 10 17 24 10 20 6 14 10 17
24 10 20 5 20 6 14 10 17 24 10 20 6 14 10 17
24 10 20 6 5 20 6 14 10 17 24 10 20 6 14 10 17

13 30 9 11 7 12 10 13 30 9 11 7 12 10
13 30 9 11 7 12 10 13 30 19 30 9 11 7 12 10
13 30 9 11 7 12 10 13 30 9 19 30 9 11 7 12 10
13 30 9 11 7 12 10 13 30 9 19 9 11 7 12 10
13 30 9 11 7 12 10 13 30 9 11 19 9 11 7 12 10
13 30 19 30 9 11 7 12 10 13 30 9 11 7 12 10
13 30 9 19 30 9 11 7 12 10 13 30 9 11 7 12 10
13 30 9 19 9 11 7 12 10 13 30 9 11 7 12 10
13 30 9 11 19 9 11 7 12 10 13 30 9 11 7 12 10

23 15 27 22 28 9 21 23 15 27 22 28 9 21
23 15 27 22 28 9 21 23 15 13 15 27 22 28 9 21
23 15 27 22 28 9 21 23 15 27 13 15 27 22 28 9 21
23 15 27 22 28 9 21 23 15 27 13 27 22 28 9 21
23 15 27 22 28 9 21 23 15 27 22 13 27 22 28 9 21
23 15 13 15 27 22 28 9 21 23 15 27 22 28 9 21
23 15 27 13 15 27 22 28 9 21 23 15 27 22 28 9 21
23 15 27 13 27 22 28 9 21 23 15 27 22 28 9 21
23 15 27 22 13 27 22 28 9 21 23 15 27 22 28 9 21

28 20 7 17 29 17 19 28 20 7 17 29 17 19
28 20 7 17 29 17 19 28 20 12 20 7 17 29 17 19
28 20 7 17 29 17 19 28 20 7 12 20 7 17 29 17 19
28 20 7 17 29 17 19 28 20 7 12 7 17 29 17 19
28 20 7 17 29 17 19 28 20 7 17 12 7 17 29 17 19
28 20 12 20 7 17 29 17 19 28 20 7 17 29 17 19
28 20 7 12 20 7 17 29 17 19 28 20 7 17 29 17 19
28 20 7 12 7 17 29 17 19 28 20 7 17 29 17 19
28 20 7 17 12 7 17 29 17 19 28 20 7 17 29 17 19

27 11 11 29 20 13 22 27 11 11 29 20 13 22
27 11 11 29 20 13 22 27 11 16 11 11 29 20 13 22
27 11 11 29 20 13 22 27 11 11 16 11 11 29 20 13 22
27 11 11 29 20 13 22 27 11 11 16 11 29 20 13 22
27 11 11 29 20 13 22 27 11 11 29 16 11 29 20 13 22
27 11 16 11 11 29 20 13 22 27 11 11 29 20 13 22
27 11 11 16 11 11 29 20 13 22 27 11 11 29 20 13 22
27 11 11 16 11 29 20 13 22 27 11 11 29 20 13 22
27 11 11 29 16 11 29 20 13 22 27 11 11 29 20 13 22

20 13 6 21 19 23 6 20 13 6 21 19 23 6
20 13 6 21 19 23 6 20 13 11 13 6 21 19 23 6
20 13 6 21 19 23 6 20 13 6 11 13 6 21 19 23 6
20 13 6 21 19 23 6 20 13 6 11 6 21 19 23 6
20 13 6 21 19 23 6 20 13 6 21 11 6 21 19 23 6
20 13 11 13 6 21 19 23 6 20 13 6 21 19 23 6
20 13 6 11 13 6 21 19 23 6 20 13 6 21 19 23 6
20 13 6 11 6 21 19 23 6 20 13 6 21 19 23 6
20 13 6 21 11 6 21 19 23 6 20 13 6 21 19 23 6

8 30 26 6 29 6 16 8 30 26 6 29 6 16
8 30 26 6 29 6 16 8 30 6 30 26 6 29 6 16
8 30 26 6 29 6 16 8 30 26 6 30 26 6 29 6 16
8 30 26 6 29 6 16 8 30 26 6 26 6 29 6 16
8 30 26 6 29 6 16 8 30 26 6 6 26 6 29 6 16
8 30 6 30 26 6 29 6 16 8 30 26 6 29 6 16
8 30 26 6 30 26 6 29 6 16 8 30 26 6 29 6 16
8 30 26 6 26 6 29 6 16 8 30 26 6 29 6 16
8 30 26 6 6 26 6 29 6 16 8 30 26 6 29 6 16

13 14 20 17 10 11 29 13 14 20 17 10 11 29
13 14 20 17 10 11 29 13 14 9 14 20 17 10 11 29
13 14 20 17 10 11 29 13 14 20 9 14 20 17 10 11 29
13 14 20 17 10 11 29 13 14 20 9 20 17 10 11 29
13 14 20 17 10 11 29 13 14 20 17 9 20 17 10 11 29
13 14 9 14 20 17 10 11 29 13 14 20 17 10 11 29
13 14 20 9 14 20 17 10 11 29 13 14 20 17 10 11 29
13 14 20 9 20 17 10 11 29 13 14 20 17 10 11 29
13 14 20 17 9 20 17 10 11 29 13 14 20 17 10 11 29

12 20 16 15 21 28 6 12 20 16 15 21 28 6
12 20 16 15 21 28 6 12 20 5 20 16 15 21 28 6
12 20 16 15 21 28 6 12 20 16 5 20 16 15 21 28 6
12 20 16 15 21 28 6 12 20 16 5 16 15 21 28 6
12 20 16 15 21 28 6 12 20 16 15 5 16 15 21 28 6
12 20 5 20 16 15 21 28 6 12 20 16 15 21 28 6
12 20 16 5 20 16 15 21 28 6 12 20 16 15 21 28 6
12 20 16 5 16 15 21 28 6 12 20 16 15 21 28 6
12 20 16 15 5 16 15 21 28 6 12 20 16 15 21 28 6

22 8 27 26 30 6 27 22 8 27 26 30 6 27
22 8 27 26 30 6 27 22 8 10 8 27 26 30 6 27
22 8 27 26 30 6 27 22 8 27 10 8 27 26 30 6 27
22 8 27 26 30 6 27 22 8 27 10 27 26 30 6 27
22 8 27 26 30 6 27 22 8 27 26 10 27 26 30 6 27
22 8 10 8 27 26 30 6 27 22 8 27 26 30 6 27
22 8 27 10 8 27 26 30 6 27 22 8 27 26 30 6 27
22 8 27 10 27 26 30 6 27 22 8 27 26 30 6 27
22 8 27 26 10 27 26 30 6 27 22 8 27 26 30 6 27

25 16 18 22 6 16 20 25 16 18 22 6 16 20
25 16 18 22 6 16 20 25 16 11 16 18 22 6 16 20
25 16 18 22 6 16 20 25 16 18 11 16 18 22 6 16 20
25 16 18 22 6 16 20 25 16 18 11 18 22 6 16 20
25 16 18 22 6 16 20 25 16 18 22 11 18 22 6 16 20
25 16 11 16 18 22 6 16 20 25 16 18 22 6 16 20
25 16 18 11 16 18 22 6 16 20 25 16 18 22 6 16 20
25 16 18 11 18 22 6 16 20 25 16 18 22 6 16 20
25 16 18 22 11 18 22 6 16 20 25 16 18 22 6 16 20

20 27 11 14 20 12 8 20 27 11 14 20 12 8
20 27 11 14 20 12 8 20 27 14 27 11 14 20 12 8
20 27 11 14 20 12 8 20 27 11 14 27 11 14 20 12 8
20 27 11 14 20 12 8 20 27 11 14 11 14 20 12 8
20 27 11 14 20 12 8 20 27 11 14 14 11 14 20 12 8
20 27 14 27 11 14 20 12 8 20 27 11 14 20 12 8
20 27 11 14 27 11 14 20 12 8 20 27 11 14 20 12 8
20 27 11 14 11 14 20 12 8 20 27 11 14 20 12 8
20 27 11 14 14 11 14 20 12 8 20 27 11 14 20 12 8

14 10 14 29 19 29 27 14 10 14 29 19 29 27
14 10 14 29 19 29 27 14 10 8 10 14 29 19 29 27
14 10 14 29 19 29 27 14 10 14 8 10 14 29 19 29 27
14 10 14 29 19 29 27 14 10 14 8 14 29 19 29 27
14 10 14 29 19 29 27 14 10 14 29 8 14 29 19 29 27
14 10 8 10 14 29 19 29 27 14 10 14 29 19 29 27
14 10 14 8 10 14 29 19 29 27 14 10 14 29 19 29 27
14 10 14 8 14 29 19 29 27 14 10 14 29 19 29 27
14 10 14 29 8 14 29 19 29 27 14 10 14 29 19 29 27

10 9 13 12 6 27 23 10 9 13 12 6 27 23
10 9 13 12 6 27 23 10 9 15 9 13 12 6 27 23
10 9 13 12 6 27 23 10 9 13 15 9 13 12 6 27 23
10 9 13 12 6 27 23 10 9 13 15 13 12 6 27 23
10 9 13 12 6 27 23 10 9 13 12 15 13 12 6 27 23
10 9 15 9 13 12 6 27 23 10 9 13 12 6 27 23
10 9 13 15 9 13 12 6 27 23 10 9 13 12 6 27 23
10 9 13 15 13 12 6 27 23 10 9 13 12 6 27 23
10 9 13 12 15 13 12 6 27 23 10 9 13 12 6 27 23

16 21 19 17 26 26 17 16 21 19 17 26 26 17
16 21 19 17 26 26 17 16 21 19 21 19 17 26 26 17
16 21 19 17 26 26 17 16 21 19 19 21 19 17 26 26 17
16 21 19 17 26 26 17 16 21 19 19 19 17 26 26 17
16 21 19 17 26 26 17 16 21 19 17 19 19 17 26 26 17
16 21 19 21 19 17 26 26 17 16 21 19 17 26 26 17
16 21 19 19 21 19 17 26 26 17 16 21 19 17 26 26 17
16 21 19 19 19 17 26 26 17 16 21 19 17 26 26 17
16 21 19 17 19 19 17 26 26 17 16 21 19 17 26 26 17

18 23 23 20 19 14 27 18 23 23 20 19 14 27
18 23 23 20 19 14 27 18 23 8 23 23 20 19 14 27
18 23 23 20 19 14 27 18 23 23 8 23 23 20 19 14 27
18 23 23 20 19 14 27 18 23 23 8 23 20 19 14 27
18 23 23 20 19 14 27 18 23 23 20 8 23 20 19 14 27
18 23 8 23 23 20 19 14 27 18 23 23 20 19 14 27
18 23 23 8 23 23 20 19 14 27 18 23 23 20 19 14 27
18 23 23 8 23 20 19 14 27 18 23 23 20 19 14 27
18 23 23 20 8 23 20 19 14 27 18 23 23 20 19 14 27

27 9 7 16 8 24 15 27 9 7 16 8 24 15
27 9 7 16 8 24 15 27 9 13 9 7 16 8 24 15
27 9 7 16 8 24 15 27 9 7 13 9 7 16 8 24 15
27 9 7 16 8 24 15 27 9 7 13 7 16 8 24 15
27 9 7 16 8 24 15 27 9 7 16 13 7 16 8 24 15
27 9 13 9 7 16 8 24 15 27 9 7 16 8 24 15
27 9 7 13 9 7 16 8 24 15 27 9 7 16 8 24 15
27 9 7 13 7 16 8 24 15 27 9 7 16 8 24 15
27 9 7 16 13 7 16 8 24 15 27 9 7 16 8 24 15

15 20 21 17 7 15 12 15 20 21 17 7 15 12
15 20 21 17 7 15 12 15 20 13 20 21 17 7 15 12
15 20 21 17 7 15 12 15 20 21 13 20 21 17 7 15 12
15 20 21 17 7 15 12 15 20 21 13 21 17 7 15 12
15 20 21 17 7 15 12 15 20 21 17 13 21 17 7 15 12
15 20 13 20 21 17 7 15 12 15 20 21 17 7 15 12
15 20 21 13 20 21 17 7 15 12 15 20 21 17 7 15 12
15 20 21 13 21 17 7 15 12 15 20 21 17 7 15 12
15 20 21 17 13 21 17 7 15 12 15 20 21 17 7 15 12

24 10 22 13 24 7 16 24 10 22 13 24 7 16
24 10 22 13 24 7 16 24 10 5 10 22 13 24 7 16
24 10 22 13 24 7 16 24 10 22 5 10 22 13 24 7 16
24 10 22 13 24 7 16 24 10 22 5 22 13 24 7 16
24 10 22 13 24 7 16 24 10 22 13 5 22 13 24 7 16
24 10 5 10 22 13 24 7 16 24 10 22 13 24 7 16
24 10 22 5 10 22 13 24 7 16 24 10 22 13 24 7 16
24 10 22 5 22 13 24 7 16 24 10 22 13 24 7 16
24 10 22 13 5 22 13 24 7 16 24 10 22 13 24 7 16

9 16 25 30 8 30 8 9 16 25 30 8 30 8
9 16 25 30 8 30 8 9 16 17 16 25 30 8 30 8
9 16 25 30 8 30 8 9 16 25 17 16 25 30 8 30 8
9 16 25 30 8 30 8 9 16 25 17 25 30 8 30 8
9 16 25 30 8 30 8 9 16 25 30 17 25 30 8 30 8
9 16 17 16 25 30 8 30 8 9 16 25 30 8 30 8
9 16 25 17 16 25 30 8 30 8 9 16 25 30 8 30 8
9 16 25 17 25 30 8 30 8 9 16 25 30 8 30 8
9 16 25 30 17 25 30 8 30 8 9 16 25 30 8 30 8

30 24 24 5 28 23 10 30 24 24 5 28 23 10
30 24 24 5 28 23 10 30 24 7 24 24 5 28 23 10
30 24 24 5 28 23 10 30 24 24 7 24 24 5 28 23 10
30 24 24 5 28 23 10 30 24 24 7 24 5 28 23 10
30 24 24 5 28 23 10 30 24 24 5 7 24 5 28 23 10
30 24 7 24 24 5 28 23 10 30 24 24 5 28 23 10
30 24 24 7 24 24 5 28 23 10 30 24 24 5 28 23 10
30 24 24 7 24 5 28 23 10 30 24 24 5 28 23 10
30 24 24 5 7 24 5 28 23 10 30 24 24 5 28 23 10

28 15 16 24 11 8 11 28 15 16 24 11 8 11
28 15 16 24 11 8 11 28 15 18 15 16 24 11 8 11
28 15 16 24 11 8 11 28 15 16 18 15 16 24 11 8 11
28 15 16 24 11 8 11 28 15 16 18 16 24 11 8 11
28 15 16 24 11 8 11 28 15 16 24 18 16 24 11 8 11
28 15 18 15 16 24 11 8 11 28 15 16 24 11 8 11
28 15 16 18 15 16 24 11 8 11 28 15 16 24 11 8 11
28 15 16 18 16 24 11 8 11 28 15 16 24 11 8 11
28 15 16 24 18 16 24 11 8 11 28 15 16 24 11 8 11

21 20 5 12 30 22 8 21 20 5 12 30 22 8
21 20 5 12 30 22 8 21 20 11 20 5 12 30 22 8
21 20 5 12 30 22 8 21 20 5 11 20 5 12 30 22 8
21 20 5 12 30 22 8 21 20 5 11 5 12 30 22 8
21 20 5 12 30 22 8 21 20 5 12 11 5 12 30 22 8
21 20 11 20 5 12 30 22 8 21 20 5 12 30 22 8
21 20 5 11 20 5 12 30 22 8 21 20 5 12 30 22 8
21 20 5 11 5 12 30 22 8 21 20 5 12 30 22 8
21 20 5 12 11 5 12 30 22 8 21 20 5 12 30 22 8

29 29 13 21 21 13 20 29 29 13 21 21 13 20
29 29 13 21 21 13 20 29 29 20 29 13 21 21 13 20
29 29 13 21 21 13 20 29 29 13 20 29 13 21 21 13 20
29 29 13 21 21 13 20 29 29 13 20 13 21 21 13 20
29 29 13 21 21 13 20 29 29 13 21 20 13 21 21 13 20
29 29 20 29 13 21 21 13 20 29 29 13 21 21 13 20
29 29 13 20 29 13 21 21 13 20 29 29 13 21 21 13 20
29 29 13 20 13 21 21 13 20 29 29 13 21 21 13 20
29 29 13 21 20 13 21 21 13 20 29 29 13 21 21 13 20

27 8 10 7 23 17 15 27 8 10 7 23 17 15
27 8 10 7 23 17 15 27 8 19 8 10 7 23 17 15
27 8 10 7 23 17 15 27 8 10 19 8 10 7 23 17 15
27 8 10 7 23 17 15 27 8 10 19 10 7 23 17 15
27 8 10 7 23 17 15 27 8 10 7 19 10 7 23 17 15
27 8 19 8 10 7 23 17 15 27 8 10 7 23 17 15
27 8 10 19 8 10 7 23 17 15 27 8 10 7 23 17 15
27 8 10 19 10 7 23 17 15 27 8 10 7 23 17 15
27 8 10 7 19 10 7 23 17 15 27 8 10 7 23 17 15

22 17 20 13 27 14 8 22 17 20 13 27 14 8
22 17 20 13 27 14 8 22 17 7 17 20 13 27 14 8
22 17 20 13 27 14 8 22 17 20 7 17 20 13 27 14 8
22 17 20 13 27 14 8 22 17 20 7 20 13 27 14 8
22 17 20 13 27 14 8 22 17 20 13 7 20 13 27 14 8
22 17 7 17 20 13 27 14 8 22 17 20 13 27 14 8
22 17 20 7 17 20 13 27 14 8 22 17 20 13 27 14 8
22 17 20 7 20 13 27 14 8 22 17 20 13 27 14 8
22 17 20 13 7 20 13 27 14 8 22 17 20 13 27 14 8

28 27 8 22 13 7 19 28 27 8 22 13 7 19
28 27 8 22 13 7 19 28 27 19 27 8 22 13 7 19
28 27 8 22 13 7 19 28 27 8 19 27 8 22 13 7 19
28 27 8 22 13 7 19 28 27 8 19 8 22 13 7 19
28 27 8 22 13 7 19 28 27 8 22 19 8 22 13 7 19
28 27 19 27 8 22 13 7 19 28 27 8 22 13 7 19
28 27 8 19 27 8 22 13 7 19 28 27 8 22 13 7 19
28 27 8 19 8 22 13 7 19 28 27 8 22 13 7 19
28 27 8 22 19 8 22 13 7 19 28 27 8 22 13 7 19

18 28 13 10 8 24 21 18 28 13 10 8 24 21
18 28 13 10 8 24 21 18 28 15 28 13 10 8 24 21
18 28 13 10 8 24 21 18 28 13 15 28 13 10 8 24 21
18 28 13 10 8 24 21 18 28 13 15 13 10 8 24 21
18 28 13 10 8 24 21 18 28 13 10 15 13 10 8 24 21
18 28 15 28 13 10 8 24 21 18 28 13 10 8 24 21
18 28 13 15 28 13 10 8 24 21 18 28 13 10 8 24 21
18 28 13 15 13 10 8 24 21 18 28 13 10 8 24 21
18 28 13 10 15 13 10 8 24 21 18 28 13 10 8 24 21

30 27 26 21 23 29 11 30 27 26 21 23 29 11
30 27 26 21 23 29 11 30 27 20 27 26 21 23 29 11
30 27 26 21 23 29 11 30 27 26 20 27 26 21 23 29 11
30 27 26 21 23 29 11 30 27 26 20 26 21 23 29 11
30 27 26 21 23 29 11 30 27 26 21 20 26 21 23 29 11
30 27 20 27 26 21 23 29 11 30 27 26 21 23 29 11
30 27 26 20 27 26 21 23 29 11 30 27 26 21 23 29 11
30 27 26 20 26 21 23 29 11 30 27 26 21 23 29 11
30 27 26 21 20 26 21 23 29 11 30 27 26 21 23 29 11

25 5 10 6 23 21 30 25 5 10 6 23 21 30
25 5 10 6 23 21 30 25 5 11 5 10 6 23 21 30
25 5 10 6 23 21 30 25 5 10 11 5 10 6 23 21 30
25 5 10 6 23 21 30 25 5 10 11 10 6 23 21 30
25 5 10 6 23 21 30 25 5 10 6 11 10 6 23 21 30
25 5 11 5 10 6 23 21 30 25 5 10 6 23 21 30
25 5 10 11 5 10 6 23 21 30 25 5 10 6 23 21 30
25 5 10 11 10 6 23 21 30 25 5 10 6 23 21 30
25 5 10 6 11 10 6 23 21 30 25 5 10 6 23 21 30

5 21 15 8 24 21 12 5 21 15 8 24 21 12
5 21 15 8 24 21 12 5 21 10 21 15 8 24 21 12
5 21 15 8 24 21 12 5 21 15 10 21 15 8 24 21 12
5 21 15 8 24 21 12 5 21 15 10 15 8 24 21 12
5 21 15 8 24 21 12 5 21 15 8 10 15 8 24 21 12
5 21 10 21 15 8 24 21 12 5 21 15 8 24 21 12
5 21 15 10 21 15 8 24 21 12 5 21 15 8 24 21 12
5 21 15 10 15 8 24 21 12 5 21 15 8 24 21 12
5 21 15 8 10 15 8 24 21 12 5 21 15 8 24 21 12

17 24 15 26 30 20 13 17 24 15 26 30 20 13
17 24 15 26 30 20 13 17 24 10 24 15 26 30 20 13
17 24 15 26 30 20 13 17 24 15 10 24 15 26 30 20 13
17 24 15 26 30 20 13 17 24 15 10 15 26 30 20 13
17 24 15 26 30 20 13 17 24 15 26 10 15 26 30 20 13
17 24 10 24 15 26 30 20 13 17 24 15 26 30 20 13
17 24 15 10 24 15 26 30 20 13 17 24 15 26 30 20 13
17 24 15 10 15 26 30 20 13 17 24 15 26 30 20 13
17 24 15 26 10 15 26 30 20 13 17 24 15 26 30 20 13

18 27 5 7 25 11 26 18 27 5 7 25 11 26
18 27 5 7 25 11 26 18 27 16 27 5 7 25 11 26
18 27 5 7 25 11 26 18 27 5 16 27 5 7 25 11 26
18 27 5 7 25 11 26 18 27 5 16 5 7 25 11 26
18 27 5 7 25 11 26 18 27 5 7 16 5 7 25 11 26
18 27 16 27 5 7 25 11 26 18 27 5 7 25 11 26
18 27 5 16 27 5 7 25 11 26 18 27 5 7 25 11 26
18 27 5 16 5 7 25 11 26 18 27 5 7 25 11 26
18 27 5 7 16 5 7 25 11 26 18 27 5 7 25 11 26

9 27 23 30 22 27 27 9 27 23 30 22 27 27
9 27 23 30 22 27 27 9 27 5 27 23 30 22 27 27
9 27 23 30 22 27 27 9 27 23 5 27 23 30 22 27 27
9 27 23 30 22 27 27 9 27 23 5 23 30 22 27 27
9 27 23 30 22 27 27 9 27 23 30 5 23 30 22 27 27
9 27 5 27 23 30 22 27 27 9 27 23 30 22 27 27
9 27 23 5 27 23 30 22 27 27 9 27 23 30 22 27 27
9 27 23 5 23 30 22 27 27 9 27 23 30 22 27 27
9 27 23 30 5 23 30 22 27 27 9 27 23 30 22 27 27

13 7 25 30 29 13 20 13 7 25 30 29 13 20
13 7 25 30 29 13 20 13 7 11 7 25 30 29 13 20
13 7 25 30 29 13 20 13 7 25 11 7 25 30 29 13 20
13 7 25 30 29 13 20 13 7 25 11 25 30 29 13 20
13 7 25 30 29 13 20 13 7 25 30 11 25 30 29 13 20
13 7 11 7 25 30 29 13 20 13 7 25 30 29 13 20
13 7 25 11 7 25 30 29 13 20 13 7 25 30 29 13 20
13 7 25 11 25 30 29 13 20 13 7 25 30 29 13 20
13 7 25 30 11 25 30 29 13 20 13 7 25 30 29 13 20

10 22 17 20 14 6 10 10 22 17 20 14 6 10
10 22 17 20 14 6 10 10 22 14 22 17 20 14 6 10
10 22 17 20 14 6 10 10 22 17 14 22 17 20 14 6 10
10 22 17 20 14 6 10 10 22 17 14 17 20 14 6 10
10 22 17 20 14 6 10 10 22 17 20 14 17 20 14 6 10
10 22 14 22 17 20 14 6 10 10 22 17 20 14 6 10
10 22 17 14 22 17 20 14 6 10 10 22 17 20 14 6 10
10 22 17 14 17 20 14 6 10 10 22 17 20 14 6 10
10 22 17 20 14 17 20 14 6 10 10 22 17 20 14 6 10

25 30 21 25 12 22 6 25 30 21 25 12 22 6
25 30 21 25 12 22 6 25 30 8 30 21 25 12 22 6
25 30 21 25 12 22 6 25 30 21 8 30 21 25 12 22 6
25 30 21 25 12 22 6 25 30 21 8 21 25 12 22 6
25 30 21 25 12 22 6 25 30 21 25 8 21 25 12 22 6
25 30 8 30 21 25 12 22 6 25 30 21 25 12 22 6
25 30 21 8 30 21 25 12 22 6 25 30 21 25 12 22 6
25 30 21 8 21 25 12 22 6 25 30 21 25 12 22 6
25 30 21 25 8 21 25 12 22 6 25 30 21 25 12 22 6

24 13 6 8 24 8 11 24 13 6 8 24 8 11
24 13 6 8 24 8 11 24 13 16 13 6 8 24 8 11
24 13 6 8 24 8 11 24 13 6 16 13 6 8 24 8 11
24 13 6 8 24 8 11 24 13 6 16 6 8 24 8 11
24 13 6 8 24 8 11 24 13 6 8 16 6 8 24 8 11
24 13 16 13 6 8 24 8 11 24 13 6 8 24 8 11
24 13 6 16 13 6 8 24 8 11 24 13 6 8 24 8 11
24 13 6 16 6 8 24 8 11 24 13 6 8 24 8 11
24 13 6 8 16 6 8 24 8 11 24 13 6 8 24 8 11

17 19 7 29 15 25 8 17 19 7 29 15 25 8
17 19 7 29 15 25 8 17 19 13 19 7 29 15 25 8
17 19 7 29 15 25 8 17 19 7 13 19 7 29 15 25 8
17 19 7 29 15 25 8 17 19 7 13 7 29 15 25 8
17 19 7 29 15 25 8 17 19 7 29 13 7 29 15 25 8
17 19 13 19 7 29 15 25 8 17 19 7 29 15 25 8
17 19 7 13 19 7 29 15 25 8 17 19 7 29 15 25 8
17 19 7 13 7 29 15 25 8 17 19 7 29 15 25 8
17 19 7 29 13 7 29 15 25 8 17 19 7 29 15 25 8

12 9 18 17 14 13 30 12 9 18 17 14 13 30
12 9 18 17 14 13 30 12 9 7 9 18 17 14 13 30
12 9 18 17 14 13 30 12 9 18 7 9 18 17 14 13 30
12 9 18 17 14 13 30 12 9 18 7 18 17 14 13 30
12 9 18 17 14 13 30 12 9 18 17 7 18 17 14 13 30
12 9 7 9 18 17 14 13 30 12 9 18 17 14 13 30
12 9 18 7 9 18 17 14 13 30 12 9 18 17 14 13 30
12 9 18 7 18 17 14 13 30 12 9 18 17 14 13 30
12 9 18 17 7 18 17 14 13 30 12 9 18 17 14 13 30

13 22 8 21 20 27 9 13 22 8 21 20 27 9
13 22 8 21 20 27 9 13 22 19 22 8 21 20 27 9
13 22 8 21 20 27 9 13 22 8 19 22 8 21 20 27 9
13 22 8 21 20 27 9 13 22 8 19 8 21 20 27 9
13 22 8 21 20 27 9 13 22 8 21 19 8 21 20 27 9
13 22 19 22 8 21 20 27 9 13 22 8 21 20 27 9
13 22 8 19 22 8 21 20 27 9 13 22 8 21 20 27 9
13 22 8 19 8 21 20 27 9 13 22 8 21 20 27 9
13 22 8 21 19 8 21 20 27 9 13 22 8 21 20 27 9

8 6 26 17 21 20 29 8 6 26 17 21 20 29
8 6 26 17 21 20 29 8 6 7 6 26 17 21 20 29
8 6 26 17 21 20 29 8 6 26 7 6 26 17 21 20 29
8 6 26 17 21 20 29 8 6 26 7 26 17 21 20 29
8 6 26 17 21 20 29 8 6 26 17 7 26 17 21 20 29
8 6 7 6 26 17 21 20 29 8 6 26 17 21 20 29
8 6 26 7 6 26 17 21 20 29 8 6 26 17 21 20 29
8 6 26 7 26 17 21 20 29 8 6 26 17 21 20 29
8 6 26 17 7 26 17 21 20 29 8 6 26 17 21 20 29

14 12 24 14 19 30 17 14 12 24 14 19 30 17
14 12 24 14 19 30 17 14 12 20 12 24 14 19 30 17
14 12 24 14 19 30 17 14 12 24 20 12 24 14 19 30 17
14 12 24 14 19 30 17 14 12 24 20 24 14 19 30 17
14 12 24 14 19 30 17 14 12 24 14 20 24 14 19 30 17
14 12 20 12 24 14 19 30 17 14 12 24 14 19 30 17
14 12 24 20 12 24 14 19 30 17 14 12 24 14 19 30 17
14 12 24 20 24 14 19 30 17 14 12 24 14 19 30 17
14 12 24 14 20 24 14 19 30 17 14 12 24 14 19 30 17

26 14 13 9 16 14 17 26 14 13 9 16 14 17
26 14 13 9 16 14 17 26 14 8 14 13 9 16 14 17
26 14 13 9 16 14 17 26 14 13 8 14 13 9 16 14 17
26 14 13 9 16 14 17 26 14 13 8 13 9 16 14 17
26 14 13 9 16 14 17 26 14 13 9 8 13 9 16 14 17
26 14 8 14 13 9 16 14 17 26 14 13 9 16 14 17
26 14 13 8 14 13 9 16 14 17 26 14 13 9 16 14 17
26 14 13 8 13 9 16 14 17 26 14 13 9 16 14 17
26 14 13 9 8 13 9 16 14 17 26 14 13 9 16 14 17

27 21 7 6 10 19 19 27 21 7 6 10 19 19
27 21 7 6 10 19 19 27 21 18 21 7 6 10 19 19
27 21 7 6 10 19 19 27 21 7 18 21 7 6 10 19 19
27 21 7 6 10 19 19 27 21 7 18 7 6 10 19 19
27 21 7 6 10 19 19 27 21 7 6 18 7 6 10 19 19
27 21 18 21 7 6 10 19 19 27 21 7 6 10 19 19
27 21 7 18 21 7 6 10 19 19 27 21 7 6 10 19 19
27 21 7 18 7 6 10 19 19 27 21 7 6 10 19 19
27 21 7 6 18 7 6 10 19 19 27 21 7 6 10 19 19

24 27 17 10 9 20 28 24 27 17 10 9 20 28
24 27 17 10 9 20 28 24 27 5 27 17 10 9 20 28
24 27 17 10 9 20 28 24 27 17 5 27 17 10 9 20 28
24 27 17 10 9 20 28 24 27 17 5 17 10 9 20 28
24 27 17 10 9 20 28 24 27 17 10 5 17 10 9 20 28
24 27 5 27 17 10 9 20 28 24 27 17 10 9 20 28
24 27 17 5 27 17 10 9 20 28 24 27 17 10 9 20 28
24 27 17 5 17 10 9 20 28 24 27 17 10 9 20 28
24 27 17 10 5 17 10 9 20 28 24 27 17 10 9 20 28

30 24 22 23 26 25 12 30 24 22 23 26 25 12
30 24 22 23 26 25 12 30 24 20 24 22 23 26 25 12
30 24 22 23 26 25 12 30 24 22 20 24 22 23 26 25 12
30 24 22 23 26 25 12 30 24 22 20 22 23 26 25 12
30 24 22 23 26 25 12 30 24 22 23 20 22 23 26 25 12
30 24 20 24 22 23 26 25 12 30 24 22 23 26 25 12
30 24 22 20 24 22 23 26 25 12 30 24 22 23 26 25 12
30 24 22 20 22 23 26 25 12 30 24 22 23 26 25 12
30 24 22 23 20 22 23 26 25 12 30 24 22 23 26 25 12

30 24 24 24 13 10 11 30 24 24 24 13 10 11
30 24 24 24 13 10 11 30 24 19 24 24 24 13 10 11
30 24 24 24 13 10 11 30 24 24 19 24 24 24 13 10 11
30 24 24 24 13 10 11 30 24 24 19 24 24 13 10 11
30 24 24 24 13 10 11 30 24 24 24 19 24 24 13 10 11
30 24 19 24 24 24 13 10 11 30 24 24 24 13 10 11
30 24 24 19 24 24 24 13 10 11 30 24 24 24 13 10 11
30 24 24 19 24 24 13 10 11 30 24 24 24 13 10 11
30 24 24 24 19 24 24 13 10 11 30 24 24 24 13 10 11

30 7 11 11 8 13 11 30 7 11 11 8 13 11
30 7 11 11 8 13 11 30 7 15 7 11 11 8 13 11
30 7 11 11 8 13 11 30 7 11 15 7 11 11 8 13 11
30 7 11 11 8 13 11 30 7 11 15 11 11 8 13 11
30 7 11 11 8 13 11 30 7 11 11 15 11 11 8 13 11
30 7 15 7 11 11 8 13 11 30 7 11 11 8 13 11
30 7 11 15 7 11 11 8 13 11 30 7 11 11 8 13 11
30 7 11 15 11 11 8 13 11 30 7 11 11 8 13 11
30 7 11 11 15 11 11 8 13 11 30 7 11 11 8 13 11

28 27 9 15 16 9 13 28 27 9 15 16 9 13
28 27 9 15 16 9 13 28 27 12 27 9 15 16 9 13
28 27 9 15 16 9 13 28 27 9 12 27 9 15 16 9 13
28 27 9 15 16 9 13 28 27 9 12 9 15 16 9 13
28 27 9 15 16 9 13 28 27 9 15 12 9 15 16 9 13
28 27 12 27 9 15 16 9 13 28 27 9 15 16 9 13
28 27 9 12 27 9 15 16 9 13 28 27 9 15 16 9 13
28 27 9 12 9 15 16 9 13 28 27 9 15 16 9 13
28 27 9 15 12 9 15 16 9 13 28 27 9 15 16 9 13

10 24 17 15 8 6 20 10 24 17 15 8 6 20
10 24 17 15 8 6 20 10 24 17 24 17 15 8 6 20
10 24 17 15 8 6 20 10 24 17 17 24 17 15 8 6 20
10 24 17 15 8 6 20 10 24 17 17 17 15 8 6 20
10 24 17 15 8 6 20 10 24 17 15 17 17 15 8 6 20
10 24 17 24 17 15 8 6 20 10 24 17 15 8 6 20
10 24 17 17 24 17 15 8 6 20 10 24 17 15 8 6 20
10 24 17 17 17 15 8 6 20 10 24 17 15 8 6 20
10 24 17 15 17 17 15 8 6 20 10 24 17 15 8 6 20

14 16 19 16 6 7 9 14 16 19 16 6 7 9
14 16 19 16 6 7 9 14 16 7 16 19 16 6 7 9
14 16 19 16 6 7 9 14 16 19 7 16 19 16 6 7 9
14 16 19 16 6 7 9 14 16 19 7 19 16 6 7 9
14 16 19 16 6 7 9 14 16 19 16 7 19 16 6 7 9
14 16 7 16 19 16 6 7 9 14 16 19 16 6 7 9
14 16 19 7 16 19 16 6 7 9 14 16 19 16 6 7 9
14 16 19 7 19 16 6 7 9 14 16 19 16 6 7 9
14 16 19 16 7 19 16 6 7 9 14 16 19 16 6 7 9

26 13 18 25 30 17 15 26 13 18 25 30 17 15
26 13 18 25 30 17 15 26 13 5 13 18 25 30 17 15
26 13 18 25 30 17 15 26 13 18 5 13 18 25 30 17 15
26 13 18 25 30 17 15 26 13 18 5 18 25 30 17 15
26 13 18 25 30 17 15 26 13 18 25 5 18 25 30 17 15
26 13 5 13 18 25 30 17 15 26 13 18 25 30 17 15
26 13 18 5 13 18 25 30 17 15 26 13 18 25 30 17 15
26 13 18 5 18 25 30 17 15 26 13 18 25 30 17 15
26 13 18 25 5 18 25 30 17 15 26 13 18 25 30 17 15

14 5 24 15 18 7 16 14 5 24 15 18 7 16
14 5 24 15 18 7 16 14 5 6 5 24 15 18 7 16
14 5 24 15 18 7 16 14 5 24 6 5 24 15 18 7 16
14 5 24 15 18 7 16 14 5 24 6 24 15 18 7 16
14 5 24 15 18 7 16 14 5 24 15 6 24 15 18 7 16
14 5 6 5 24 15 18 7 16 14 5 24 15 18 7 16
14 5 24 6 5 24 15 18 7 16 14 5 24 15 18 7 16
14 5 24 6 24 15 18 7 16 14 5 24 15 18 7 16
14 5 24 15 6 24 15 18 7 16 14 5 24 15 18 7 16

18 29 25 17 19 26 10 18 29 25 17 19 26 10
18 29 25 17 19 26 10 18 29 5 29 25 17 19 26 10
18 29 25 17 19 26 10 18 29 25 5 29 25 17 19 26 10
18 29 25 17 19 26 10 18 29 25 5 25 17 19 26 10
18 29 25 17 19 26 10 18 29 25 17 5 25 17 19 26 10
18 29 5 29 25 17 19 26 10 18 29 25 17 19 26 10
18 29 25 5 29 25 17 19 26 10 18 29 25 17 19 26 10
18 29 25 5 25 17 19 26 10 18 29 25 17 19 26 10
18 29 25 17 5 25 17 19 26 10 18 29 25 17 19 26 10

20 30 8 29 23 8 21 20 30 8 29 23 8 21
20 30 8 29 23 8 21 20 30 19 30 8 29 23 8 21
20 30 8 29 23 8 21 20 30 8 19 30 8 29 23 8 21
20 30 8 29 23 8 21 20 30 8 19 8 29 23 8 21
20 30 8 29 23 8 21 20 30 8 29 19 8 29 23 8 21
20 30 19 30 8 29 23 8 21 20 30 8 29 23 8 21
20 30 8 19 30 8 29 23 8 21 20 30 8 29 23 8 21
20 30 8 19 8 29 23 8 21 20 30 8 29 23 8 21
20 30 8 29 19 8 29 23 8 21 20 30 8 29 23 8 21

28 11 28 24 29 5 28 28 11 28 24 29 5 28
28 11 28 24 29 5 28 28 11 6 11 28 24 29 5 28
28 11 28 24 29 5 28 28 11 28 6 11 28 24 29 5 28
28 11 28 24 29 5 28 28 11 28 6 28 24 29 5 28
28 11 28 24 29 5 28 28 11 28 24 6 28 24 29 5 28
28 11 6 11 28 24 29 5 28 28 11 28 24 29 5 28
28 11 28 6 11 28 24 29 5 28 28 11 28 24 29 5 28
28 11 28 6 28 24 29 5 28 28 11 28 24 29 5 28
28 11 28 24 6 28 24 29 5 28 28 11 28 24 29 5 28

24 20 17 21 7 15 11 24 20 17 21 7 15 11
24 20 17 21 7 15 11 24 20 6 20 17 21 7 15 11
24 20 17 21 7 15 11 24 20 17 6 20 17 21 7 15 11
24 20 17 21 7 15 11 24 20 17 6 17 21 7 15 11
24 20 17 21 7 15 11 24 20 17 21 6 17 21 7 15 11
24 20 6 20 17 21 7 15 11 24 20 17 21 7 15 11
24 20 17 6 20 17 21 7 15 11 24 20 17 21 7 15 11
24 20 17 6 17 21 7 15 11 24 20 17 21 7 15 11
24 20 17 21 6 17 21 7 15 11 24 20 17 21 7 15 11

23 7 7 15 6 21 9 23 7 7 15 6 21 9
23 7 7 15 6 21 9 23 7 12 7 7 15 6 21 9
23 7 7 15 6 21 9 23 7 7 12 7 7 15 6 21 9
23 7 7 15 6 21 9 23 7 7 12 7 15 6 21 9
23 7 7 15 6 21 9 23 7 7 15 12 7 15 6 21 9
23 7 12 7 7 15 6 21 9 23 7 7 15 6 21 9
23 7 7 12 7 7 15 6 21 9 23 7 7 15 6 21 9
23 7 7 12 7 15 6 21 9 23 7 7 15 6 21 9
23 7 7 15 12 7 15 6 21 9 23 7 7 15 6 21 9

29 24 16 10 8 9 9 29 24 16 10 8 9 9
29 24 16 10 8 9 9 29 24 12 24 16 10 8 9 9
29 24 16 10 8 9 9 29 24 16 12 24 16 10 8 9 9
29 24 16 10 8 9 9 29 24 16 12 16 10 8 9 9
29 24 16 10 8 9 9 29 24 16 10 12 16 10 8 9 9
29 24 12 24 16 10 8 9 9 29 24 16 10 8 9 9
29 24 16 12 24 16 10 8 9 9 29 24 16 10 8 9 9
29 24 16 12 16 10 8 9 9 29 24 16 10 8 9 9
29 24 16 10 12 16 10 8 9 9 29 24 16 10 8 9 9

28 21 16 26 19 14 30 28 21 16 26 19 14 30
28 21 16 26 19 14 30 28 21 17 21 16 26 19 14 30
28 21 16 26 19 14 30 28 21 16 17 21 16 26 19 14 30
28 21 16 26 19 14 30 28 21 16 17 16 26 19 14 30
28 21 16 26 19 14 30 28 21 16 26 17 16 26 19 14 30
28 21 17 21 16 26 19 14 30 28 21 16 26 19 14 30
28 21 16 17 21 16 26 19 14 30 28 21 16 26 19 14 30
28 21 16 17 16 26 19 14 30 28 21 16 26 19 14 30
28 21 16 26 17 16 26 19 14 30 28 21 16 26 19 14 30

26 13 22 26 11 17 12 26 13 22 26 11 17 12
26 13 22 26 11 17 12 26 13 20 13 22 26 11 17 12
26 13 22 26 11 17 12 26 13 22 20 13 22 26 11 17 12
26 13 22 26 11 17 12 26 13 22 20 22 26 11 17 12
26 13 22 26 11 17 12 26 13 22 26 20 22 26 11 17 12
26 13 20 13 22 26 11 17 12 26 13 22 26 11 17 12
26 13 22 20 13 22 26 11 17 12 26 13 22 26 11 17 12
26 13 22 20 22 26 11 17 12 26 13 22 26 11 17 12
26 13 22 26 20 22 26 11 17 12 26 13 22 26 11 17 12

30 26 30 11 16 29 12 30 26 30 11 16 29 12
30 26 30 11 16 29 12 30 26 20 26 30 11 16 29 12
30 26 30 11 16 29 12 30 26 30 20 26 30 11 16 29 12
30 26 30 11 16 29 12 30 26 30 20 30 11 16 29 12
30 26 30 11 16 29 12 30 26 30 11 20 30 11 16 29 12
30 26 20 26 30 11 16 29 12 30 26 30 11 16 29 12
30 26 30 20 26 30 11 16 29 12 30 26 30 11 16 29 12
30 26 30 20 30 11 16 29 12 30 26 30 11 16 29 12
30 26 30 11 20 30 11 16 29 12 30 26 30 11 16 29 12

11 16 15 10 16 19 8 11 16 15 10 16 19 8
11 16 15 10 16 19 8 11 16 15 16 15 10 16 19 8
11 16 15 10 16 19 8 11 16 15 15 16 15 10 16 19 8
11 16 15 10 16 19 8 11 16 15 15 15 10 16 19 8
11 16 15 10 16 19 8 11 16 15 10 15 15 10 16 19 8
11 16 15 16 15 10 16 19 8 11 16 15 10 16 19 8
11 16 15 15 16 15 10 16 19 8 11 16 15 10 16 19 8
11 16 15 15 15 10 16 19 8 11 16 15 10 16 19 8
11 16 15 10 15 15 10 16 19 8 11 16 15 10 16 19 8

10 10 14 17 25 17 11 10 10 14 17 25 17 11
10 10 14 17 25 17 11 10 10 9 10 14 17 25 17 11
10 10 14 17 25 17 11 10 10 14 9 10 14 17 25 17 11
10 10 14 17 25 17 11 10 10 14 9 14 17 25 17 11
10 10 14 17 25 17 11 10 10 14 17 9 14 17 25 17 11
10 10 9 10 14 17 25 17 11 10 10 14 17 25 17 11
10 10 14 9 10 14 17 25 17 11 10 10 14 17 25 17 11
10 10 14 9 14 17 25 17 11 10 10 14 17 25 17 11
10 10 14 17 9 14 17 25 17 11 10 10 14 17 25 17 11

14 27 9 30 9 6 29 14 27 9 30 9 6 29
14 27 9 30 9 6 29 14 27 14 27 9 30 9 6 29
14 27 9 30 9 6 29 14 27 9 14 27 9 30 9 6 29
14 27 9 30 9 6 29 14 27 9 14 9 30 9 6 29
14 27 9 30 9 6 29 14 27 9 30 14 9 30 9 6 29
14 27 14 27 9 30 9 6 29 14 27 9 30 9 6 29
14 27 9 14 27 9 30 9 6 29 14 27 9 30 9 6 29
14 27 9 14 9 30 9 6 29 14 27 9 30 9 6 29
14 27 9 30 14 9 30 9 6 29 14 27 9 30 9 6 29

30 16 18 30 27 12 11 30 16 18 30 27 12 11
30 16 18 30 27 12 11 30 16 14 16 18 30 27 12 11
30 16 18 30 27 12 11 30 16 18 14 16 18 30 27 12 11
30 16 18 30 27 12 11 30 16 18 14 18 30 27 12 11
30 16 18 30 27 12 11 30 16 18 30 14 18 30 27 12 11
30 16 14 16 18 30 27 12 11 30 16 18 30 27 12 11
30 16 18 14 16 18 30 27 12 11 30 16 18 30 27 12 11
30 16 18 14 18 30 27 12 11 30 16 18 30 27 12 11
30 16 18 30 14 18 30 27 12 11 30 16 18 30 27 12 11

19 15 30 19 6 29 21 19 15 30 19 6 29 21
19 15 30 19 6 29 21 19 15 7 15 30 19 6 29 21
19 15 30 19 6 29 21 19 15 30 7 15 30 19 6 29 21
19 15 30 19 6 29 21 19 15 30 7 30 19 6 29 21
19 15 30 19 6 29 21 19 15 30 19 7 30 19 6 29 21
19 15 7 15 30 19 6 29 21 19 15 30 19 6 29 21
19 15 30 7 15 30 19 6 29 21 19 15 30 19 6 29 21
19 15 30 7 30 19 6 29 21 19 15 30 19 6 29 21
19 15 30 19 7 30 19 6 29 21 19 15 30 19 6 29 21

20 29 15 5 11 8 14 20 29 15 5 11 8 14
20 29 15 5 11 8 14 20 29 15 29 15 5 11 8 14
20 29 15 5 11 8 14 20 29 15 15 29 15 5 11 8 14
20 29 15 5 11 8 14 20 29 15 15 15 5 11 8 14
20 29 15 5 11 8 14 20 29 15 5 15 15 5 11 8 14
20 29 15 29 15 5 11 8 14 20 29 15 5 11 8 14
20 29 15 15 29 15 5 11 8 14 20 29 15 5 11 8 14
20 29 15 15 15 5 11 8 14 20 29 15 5 11 8 14
20 29 15 5 15 15 5 11 8 14 20 29 15 5 11 8 14

5 5 27 15 22 9 18 5 5 27 15 22 9 18
5 5 27 15 22 9 18 5 5 7 5 27 15 22 9 18
5 5 27 15 22 9 18 5 5 27 7 5 27 15 22 9 18
5 5 27 15 22 9 18 5 5 27 7 27 15 22 9 18
5 5 27 15 22 9 18 5 5 27 15 7 27 15 22 9 18
5 5 7 5 27 15 22 9 18 5 5 27 15 22 9 18
5 5 27 7 5 27 15 22 9 18 5 5 27 15 22 9 18
5 5 27 7 27 15 22 9 18 5 5 27 15 22 9 18
5 5 27 15 7 27 15 22 9 18 5 5 27 15 22 9 18

10 29 30 14 17 12 29 10 29 30 14 17 12 29
10 29 30 14 17 12 29 10 29 5 29 30 14 17 12 29
10 29 30 14 17 12 29 10 29 30 5 29 30 14 17 12 29
10 29 30 14 17 12 29 10 29 30 5 30 14 17 12 29
10 29 30 14 17 12 29 10 29 30 14 5 30 14 17 12 29
10 29 5 29 30 14 17 12 29 10 29 30 14 17 12 29
10 29 30 5 29 30 14 17 12 29 10 29 30 14 17 12 29
10 29 30 5 30 14 17 12 29 10 29 30 14 17 12 29
10 29 30 14 5 30 14 17 12 29 10 29 30 14 17 12 29

14 25 27 17 28 22 13 14 25 27 17 28 22 13
14 25 27 17 28 22 13 14 25 5 25 27 17 28 22 13
14 25 27 17 28 22 13 14 25 27 5 25 27 17 28 22 13
14 25 27 17 28 22 13 14 25 27 5 27 17 28 22 13
14 25 27 17 28 22 13 14 25 27 17 5 27 17 28 22 13
14 25 5 25 27 17 28 22 13 14 25 27 17 28 22 13
14 25 27 5 25 27 17 28 22 13 14 25 27 17 28 22 13
14 25 27 5 27 17 28 22 13 14 25 27 17 28 22 13
14 25 27 17 5 27 17 28 22 13 14 25 27 17 28 22 13

30 11 11 16 15 6 27 30 11 11 16 15 6 27
30 11 11 16 15 6 27 30 11 13 11 11 16 15 6 27
30 11 11 16 15 6 27 30 11 11 13 11 11 16 15 6 27
30 11 11 16 15 6 27 30 11 11 13 11 16 15 6 27
30 11 11 16 15 6 27 30 11 11 16 13 11 16 15 6 27
30 11 13 11 11 16 15 6 27 30 11 11 16 15 6 27
30 11 11 13 11 11 16 15 6 27 30 11 11 16 15 6 27
30 11 11 13 11 16 15 6 27 30 11 11 16 15 6 27
30 11 11 16 13 11 16 15 6 27 30 11 11 16 15 6 27

30 22 23 19 26 28 30 30 22 23 19 26 28 30
30 22 23 19 26 28 30 30 22 16 22 23 19 26 28 30
30 22 23 19 26 28 30 30 22 23 16 22 23 19 26 28 30
30 22 23 19 26 28 30 30 22 23 16 23 19 26 28 30
30 22 23 19 26 28 30 30 22 23 19 16 23 19 26 28 30
30 22 16 22 23 19 26 28 30 30 22 23 19 26 28 30
30 22 23 16 22 23 19 26 28 30 30 22 23 19 26 28 30
30 22 23 16 23 19 26 28 30 30 22 23 19 26 28 30
30 22 23 19 16 23 19 26 28 30 30 22 23 19 26 28 30

27 10 10 15 14 29 19 27 10 10 15 14 29 19
27 10 10 15 14 29 19 27 10 20 10 10 15 14 29 19
27 10 10 15 14 29 19 27 10 10 20 10 10 15 14 29 19
27 10 10 15 14 29 19 27 10 10 20 10 15 14 29 19
27 10 10 15 14 29 19 27 10 10 15 20 10 15 14 29 19
27 10 20 10 10 15 14 29 19 27 10 10 15 14 29 19
27 10 10 20 10 10 15 14 29 19 27 10 10 15 14 29 19
27 10 10 20 10 15 14 29 19 27 10 10 15 14 29 19
27 10 10 15 20 10 15 14 29 19 27 10 10 15 14 29 19

14 25 11 5 28 28 19 14 25 11 5 28 28 19
14 25 11 5 28 28 19 14 25 17 25 11 5 28 28 19
14 25 11 5 28 28 19 14 25 11 17 25 11 5 28 28 19
14 25 11 5 28 28 19 14 25 11 17 11 5 28 28 19
14 25 11 5 28 28 19 14 25 11 5 17 11 5 28 28 19
14 25 17 25 11 5 28 28 19 14 25 11 5 28 28 19
14 25 11 17 25 11 5 28 28 19 14 25 11 5 28 28 19
14 25 11 17 11 5 28 28 19 14 25 11 5 28 28 19
14 25 11 5 17 11 5 28 28 19 14 25 11 5 28 28 19

11 7 19 11 12 8 14 11 7 19 11 12 8 14
11 7 19 11 12 8 14 11 7 5 7 19 11 12 8 14
11 7 19 11 12 8 14 11 7 19 5 7 19 11 12 8 14
11 7 19 11 12 8 14 11 7 19 5 19 11 12 8 14
11 7 19 11 12 8 14 11 7 19 11 5 19 11 12 8 14
11 7 5 7 19 11 12 8 14 11 7 19 11 12 8 14
11 7 19 5 7 19 11 12 8 14 11 7 19 11 12 8 14
11 7 19 5 19 11 12 8 14 11 7 19 11 12 8 14
11 7 19 11 5 19 11 12 8 14 11 7 19 11 12 8 14

18 19 7 25 24 29 17 18 19 7 25 24 29 17
18 19 7 25 24 29 17 18 19 17 19 7 25 24 29 17
18 19 7 25 24 29 17 18 19 7 17 19 7 25 24 29 17
18 19 7 25 24 29 17 18 19 7 17 7 25 24 29 17
18 19 7 25 24 29 17 18 19 7 25 17 7 25 24 29 17
18 19 17 19 7 25 24 29 17 18 19 7 25 24 29 17
18 19 7 17 19 7 25 24 29 17 18 19 7 25 24 29 17
18 19 7 17 7 25 24 29 17 18 19 7 25 24 29 17
18 19 7 25 17 7 25 24 29 17 18 19 7 25 24 29 17

30 22 23 28 27 8 18 30 22 23 28 27 8 18
30 22 23 28 27 8 18 30 22 19 22 23 28 27 8 18
30 22 23 28 27 8 18 30 22 23 19 22 23 28 27 8 18
30 22 23 28 27 8 18 30 22 23 19 23 28 27 8 18
30 22 23 28 27 8 18 30 22 23 28 19 23 28 27 8 18
30 22 19 22 23 28 27 8 18 30 22 23 28 27 8 18
30 22 23 19 22 23 28 27 8 18 30 22 23 28 27 8 18
30 22 23 19 23 28 27 8 18 30 22 23 28 27 8 18
30 22 23 28 19 23 28 27 8 18 30 22 23 28 27 8 18

11 23 5 9 5 7 29 11 23 5 9 5 7 29
11 23 5 9 5 7 29 11 23 8 23 5 9 5 7 29
11 23 5 9 5 7 29 11 23 5 8 23 5 9 5 7 29
11 23 5 9 5 7 29 11 23 5 8 5 9 5 7 29
11 23 5 9 5 7 29 11 23 5 9 8 5 9 5 7 29
11 23 8 23 5 9 5 7 29 11 23 5 9 5 7 29
11 23 5 8 23 5 9 5 7 29 11 23 5 9 5 7 29
11 23 5 8 5 9 5 7 29 11 23 5 9 5 7 29
11 23 5 9 8 5 9 5 7 29 11 23 5 9 5 7 29

17 17 12 20 17 17 26 17 17 12 20 17 17 26
17 17 12 20 17 17 26 17 17 15 17 12 20 17 17 26
17 17 12 20 17 17 26 17 17 12 15 17 12 20 17 17 26
17 17 12 20 17 17 26 17 17 12 15 12 20 17 17 26
17 17 12 20 17 17 26 17 17 12 20 15 12 20 17 17 26
17 17 15 17 12 20 17 17 26 17 17 12 20 17 17 26
17 17 12 15 17 12 20 17 17 26 17 17 12 20 17 17 26
17 17 12 15 12 20 17 17 26 17 17 12 20 17 17 26
17 17 12 20 15 12 20 17 17 26 17 17 12 20 17 17 26

27 27 16 24 27 22 29 27 27 16 24 27 22 29
27 27 16 24 27 22 29 27 27 17 27 16 24 27 22 29
27 27 16 24 27 22 29 27 27 16 17 27 16 24 27 22 29
27 27 16 24 27 22 29 27 27 16 17 16 24 27 22 29
27 27 16 24 27 22 29 27 27 16 24 17 16 24 27 22 29
27 27 17 27 16 24 27 22 29 27 27 16 24 27 22 29
27 27 16 17 27 16 24 27 22 29 27 27 16 24 27 22 29
27 27 16 17 16 24 27 22 29 27 27 16 24 27 22 29
27 27 16 24 17 16 24 27 22 29 27 27 16 24 27 22 29

22 6 9 24 20 20 20 22 6 9 24 20 20 20
22 6 9 24 20 20 20 22 6 17 6 9 24 20 20 20
22 6 9 24 20 20 20 22 6 9 17 6 9 24 20 20 20
22 6 9 24 20 20 20 22 6 9 17 9 24 20 20 20
22 6 9 24 20 20 20 22 6 9 24 17 9 24 20 20 20
22 6 17 6 9 24 20 20 20 22 6 9 24 20 20 20
22 6 9 17 6 9 24 20 20 20 22 6 9 24 20 20 20
22 6 9 17 9 24 20 20 20 22 6 9 24 20 20 20
22 6 9 24 17 9 24 20 20 20 22 6 9 24 20 20 20

22 5 24 17 21 27 20 22 5 24 17 21 27 20
22 5 24 17 21 27 20 22 5 8 5 24 17 21 27 20
22 5 24 17 21 27 20 22 5 24 8 5 24 17 21 27 20
22 5 24 17 21 27 20 22 5 24 8 24 17 21 27 20
22 5 24 17 21 27 20 22 5 24 17 8 24 17 21 27 20
22 5 8 5 24 17 21 27 20 22 5 24 17 21 27 20
22 5 24 8 5 24 17 21 27 20 22 5 24 17 21 27 20
22 5 24 8 24 17 21 27 20 22 5 24 17 21 27 20
22 5 24 17 8 24 17 21 27 20 22 5 24 17 21 27 20

8 14 8 21 13 12 22 8 14 8 21 13 12 22
8 14 8 21 13 12 22 8 14 7 14 8 21 13 12 22
8 14 8 21 13 12 22 8 14 8 7 14 8 21 13 12 22
8 14 8 21 13 12 22 8 14 8 7 8 21 13 12 22
8 14 8 21 13 12 22 8 14 8 21 7 8 21 13 12 22
8 14 7 14 8 21 13 12 22 8 14 8 21 13 12 22
8 14 8 7 14 8 21 13 12 22 8 14 8 21 13 12 22
8 14 8 7 8 21 13 12 22 8 14 8 21 13 12 22
8 14 8 21 7 8 21 13 12 22 8 14 8 21 13 12 22

16 7 28 18 12 13 7 16 7 28 18 12 13 7
16 7 28 18 12 13 7 16 7 6 7 28 18 12 13 7
16 7 28 18 12 13 7 16 7 28 6 7 28 18 12 13 7
16 7 28 18 12 13 7 16 7 28 6 28 18 12 13 7
16 7 28 18 12 13 7 16 7 28 18 6 28 18 12 13 7
16 7 6 7 28 18 12 13 7 16 7 28 18 12 13 7
16 7 28 6 7 28 18 12 13 7 16 7 28 18 12 13 7
16 7 28 6 28 18 12 13 7 16 7 28 18 12 13 7
16 7 28 18 6 28 18 12 13 7 16 7 28 18 12 13 7

14 10 16 5 21 27 20 14 10 16 5 21 27 20
14 10 16 5 21 27 20 14 10 15 10 16 5 21 27 20
14 10 16 5 21 27 20 14 10 16 15 10 16 5 21 27 20
14 10 16 5 21 27 20 14 10 16 15 16 5 21 27 20
14 10 16 5 21 27 20 14 10 16 5 15 16 5 21 27 20
14 10 15 10 16 5 21 27 20 14 10 16 5 21 27 20
14 10 16 15 10 16 5 21 27 20 14 10 16 5 21 27 20
14 10 16 15 16 5 21 27 20 14 10 16 5 21 27 20
14 10 16 5 15 16 5 21 27 20 14 10 16 5 21 27 20

15 18 23 25 30 16 12 15 18 23 25 30 16 12
15 18 23 25 30 16 12 15 18 15 18 23 25 30 16 12
15 18 23 25 30 16 12 15 18 23 15 18 23 25 30 16 12
15 18 23 25 30 16 12 15 18 23 15 23 25 30 16 12
15 18 23 25 30 16 12 15 18 23 25 15 23 25 30 16 12
15 18 15 18 23 25 30 16 12 15 18 23 25 30 16 12
15 18 23 15 18 23 25 30 16 12 15 18 23 25 30 16 12
15 18 23 15 23 25 30 16 12 15 18 23 25 30 16 12
15 18 23 25 15 23 25 30 16 12 15 18 23 25 30 16 12

25 10 8 23 30 21 5 25 10 8 23 30 21 5
25 10 8 23 30 21 5 25 10 9 10 8 23 30 21 5
25 10 8 23 30 21 5 25 10 8 9 10 8 23 30 21 5
25 10 8 23 30 21 5 25 10 8 9 8 23 30 21 5
25 10 8 23 30 21 5 25 10 8 23 9 8 23 30 21 5
25 10 9 10 8 23 30 21 5 25 10 8 23 30 21 5
25 10 8 9 10 8 23 30 21 5 25 10 8 23 30 21 5
25 10 8 9 8 23 30 21 5 25 10 8 23 30 21 5
25 10 8 23 9 8 23 30 21 5 25 10 8 23 30 21 5

7 5 26 14 12 23 27 7 5 26 14 12 23 27
7 5 26 14 12 23 27 7 5 19 5 26 14 12 23 27
7 5 26 14 12 23 27 7 5 26 19 5 26 14 12 23 27
7 5 26 14 12 23 27 7 5 26 19 26 14 12 23 27
7 5 26 14 12 23 27 7 5 26 14 19 26 14 12 23 27
7 5 19 5 26 14 12 23 27 7 5 26 14 12 23 27
7 5 26 19 5 26 14 12 23 27 7 5 26 14 12 23 27
7 5 26 19 26 14 12 23 27 7 5 26 14 12 23 27
7 5 26 14 19 26 14 12 23 27 7 5 26 14 12 23 27

17 11 6 19 11 29 24 17 11 6 19 11 29 24
17 11 6 19 11 29 24 17 11 13 11 6 19 11 29 24
17 11 6 19 11 29 24 17 11 6 13 11 6 19 11 29 24
17 11 6 19 11 29 24 17 11 6 13 6 19 11 29 24
17 11 6 19 11 29 24 17 11 6 19 13 6 19 11 29 24
17 11 13 11 6 19 11 29 24 17 11 6 19 11 29 24
17 11 6 13 11 6 19 11 29 24 17 11 6 19 11 29 24
17 11 6 13 6 19 11 29 24 17 11 6 19 11 29 24
17 11 6 19 13 6 19 11 29 24 17 11 6 19 11 29 24

29 20 13 30 7 11 10 29 20 13 30 7 11 10
29 20 13 30 7 11 10 29 20 6 20 13 30 7 11 10
29 20 13 30 7 11 10 29 20 13 6 20 13 30 7 11 10
29 20 13 30 7 11 10 29 20 13 6 13 30 7 11 10
29 20 13 30 7 11 10 29 20 13 30 6 13 30 7 11 10
29 20 6 20 13 30 7 11 10 29 20 13 30 7 11 10
29 20 13 6 20 13 30 7 11 10 29 20 13 30 7 11 10
29 20 13 6 13 30 7 11 10 29 20 13 30 7 11 10
29 20 13 30 6 13 30 7 11 10 29 20 13 30 7 11 10

13 7 11 30 10 7 29 13 7 11 30 10 7 29
13 7 11 30 10 7 29 13 7 20 7 11 30 10 7 29
13 7 11 30 10 7 29 13 7 11 20 7 11 30 10 7 29
13 7 11 30 10 7 29 13 7 11 20 11 30 10 7 29
13 7 11 30 10 7 29 13 7 11 30 20 11 30 10 7 29
13 7 20 7 11 30 10 7 29 13 7 11 30 10 7 29
13 7 11 20 7 11 30 10 7 29 13 7 11 30 10 7 29
13 7 11 20 11 30 10 7 29 13 7 11 30 10 7 29
13 7 11 30 20 11 30 10 7 29 13 7 11 30 10 7 29

10 19 18 27 7 13 20 10 19 18 27 7 13 20
10 19 18 27 7 13 20 10 19 5 19 18 27 7 13 20
10 19 18 27 7 13 20 10 19 18 5 19 18 27 7 13 20
10 19 18 27 7 13 20 10 19 18 5 18 27 7 13 20
10 19 18 27 7 13 20 10 19 18 27 5 18 27 7 13 20
10 19 5 19 18 27 7 13 20 10 19 18 27 7 13 20
10 19 18 5 19 18 27 7 13 20 10 19 18 27 7 13 20
10 19 18 5 18 27 7 13 20 10 19 18 27 7 13 20
10 19 18 27 5 18 27 7 13 20 10 19 18 27 7 13 20

25 26 5 28 7 12 8 25 26 5 28 7 12 8
25 26 5 28 7 12 8 25 26 9 26 5 28 7 12 8
25 26 5 28 7 12 8 25 26 5 9 26 5 28 7 12 8
25 26 5 28 7 12 8 25 26 5 9 5 28 7 12 8
25 26 5 28 7 12 8 25 26 5 28 9 5 28 7 12 8
25 26 9 26 5 28 7 12 8 25 26 5 28 7 12 8
25 26 5 9 26 5 28 7 12 8 25 26 5 28 7 12 8
25 26 5 9 5 28 7 12 8 25 26 5 28 7 12 8
25 26 5 28 9 5 28 7 12 8 25 26 5 28 7 12 8

9 15 28 6 16 6 9 9 15 28 6 16 6 9
9 15 28 6 16 6 9 9 15 10 15 28 6 16 6 9
9 15 28 6 16 6 9 9 15 28 10 15 28 6 16 6 9
9 15 28 6 16 6 9 9 15 28 10 28 6 16 6 9
9 15 28 6 16 6 9 9 15 28 6 10 28 6 16 6 9
9 15 10 15 28 6 16 6 9 9 15 28 6 16 6 9
9 15 28 10 15 28 6 16 6 9 9 15 28 6 16 6 9
9 15 28 10 28 6 16 6 9 9 15 28 6 16 6 9
9 15 28 6 10 28 6 16 6 9 9 15 28 6 16 6 9

13 16 8 25 7 11 18 13 16 8 25 7 11 18
13 16 8 25 7 11 18 13 16 20 16 8 25 7 11 18
13 16 8 25 7 11 18 13 16 8 20 16 8 25 7 11 18
13 16 8 25 7 11 18 13 16 8 20 8 25 7 11 18
13 16 8 25 7 11 18 13 16 8 25 20 8 25 7 11 18
13 16 20 16 8 25 7 11 18 13 16 8 25 7 11 18
13 16 8 20 16 8 25 7 11 18 13 16 8 25 7 11 18
13 16 8 20 8 25 7 11 18 13 16 8 25 7 11 18
13 16 8 25 20 8 25 7 11 18 13 16 8 25 7 11 18

22 6 18 11 29 5 6 22 6 18 11 29 5 6
22 6 18 11 29 5 6 22 6 13 6 18 11 29 5 6
22 6 18 11 29 5 6 22 6 18 13 6 18 11 29 5 6
22 6 18 11 29 5 6 22 6 18 13 18 11 29 5 6
22 6 18 11 29 5 6 22 6 18 11 13 18 11 29 5 6
22 6 13 6 18 11 29 5 6 22 6 18 11 29 5 6
22 6 18 13 6 18 11 29 5 6 22 6 18 11 29 5 6
22 6 18 13 18 11 29 5 6 22 6 18 11 29 5 6
22 6 18 11 13 18 11 29 5 6 22 6 18 11 29 5 6

24 14 25 11 9 17 19 24 14 25 11 9 17 19
24 14 25 11 9 17 19 24 14 18 14 25 11 9 17 19
24 14 25 11 9 17 19 24 14 25 18 14 25 11 9 17 19
24 14 25 11 9 17 19 24 14 25 18 25 11 9 17 19
24 14 25 11 9 17 19 24 14 25 11 18 25 11 9 17 19
24 14 18 14 25 11 9 17 19 24 14 25 11 9 17 19
24 14 25 18 14 25 11 9 17 19 24 14 25 11 9 17 19
24 14 25 18 25 11 9 17 19 24 14 25 11 9 17 19
24 14 25 11 18 25 11 9 17 19 24 14 25 11 9 17 19

8 24 25 24 18 26 24 8 24 25 24 18 26 24
8 24 25 24 18 26 24 8 24 16 24 25 24 18 26 24
8 24 25 24 18 26 24 8 24 25 16 24 25 24 18 26 24
8 24 25 24 18 26 24 8 24 25 16 25 24 18 26 24
8 24 25 24 18 26 24 8 24 25 24 16 25 24 18 26 24
8 24 16 24 25 24 18 26 24 8 24 25 24 18 26 24
8 24 25 16 24 25 24 18 26 24 8 24 25 24 18 26 24
8 24 25 16 25 24 18 26 24 8 24 25 24 18 26 24
8 24 25 24 16 25 24 18 26 24 8 24 25 24 18 26 24

20 27 26 12 5 16 12 20 27 26 12 5 16 12
20 27 26 12 5 16 12 20 27 7 27 26 12 5 16 12
20 27 26 12 5 16 12 20 27 26 7 27 26 12 5 16 12
20 27 26 12 5 16 12 20 27 26 7 26 12 5 16 12
20 27 26 12 5 16 12 20 27 26 12 7 26 12 5 16 12
20 27 7 27 26 12 5 16 12 20 27 26 12 5 16 12
20 27 26 7 27 26 12 5 16 12 20 27 26 12 5 16 12
20 27 26 7 26 12 5 16 12 20 27 26 12 5 16 12
20 27 26 12 7 26 12 5 16 12 20 27 26 12 5 16 12

23 5 8 7 8 21 11 23 5 8 7 8 21 11
23 5 8 7 8 21 11 23 5 15 5 8 7 8 21 11
23 5 8 7 8 21 11 23 5 8 15 5 8 7 8 21 11
23 5 8 7 8 21 11 23 5 8 15 8 7 8 21 11
23 5 8 7 8 21 11 23 5 8 7 15 8 7 8 21 11
23 5 15 5 8 7 8 21 11 23 5 8 7 8 21 11
23 5 8 15 5 8 7 8 21 11 23 5 8 7 8 21 11
23 5 8 15 8 7 8 21 11 23 5 8 7 8 21 11
23 5 8 7 15 8 7 8 21 11 23 5 8 7 8 21 11

14 6 28 13 7 24 11 14 6 28 13 7 24 11
14 6 28 13 7 24 11 14 6 11 6 28 13 7 24 11
14 6 28 13 7 24 11 14 6 28 11 6 28 13 7 24 11
14 6 28 13 7 24 11 14 6 28 11 28 13 7 24 11
14 6 28 13 7 24 11 14 6 28 13 11 28 13 7 24 11
14 6 11 6 28 13 7 24 11 14 6 28 13 7 24 11
14 6 28 11 6 28 13 7 24 11 14 6 28 13 7 24 11
14 6 28 11 28 13 7 24 11 14 6 28 13 7 24 11
14 6 28 13 11 28 13 7 24 11 14 6 28 13 7 24 11

14 26 20 20 9 25 7 14 26 20 20 9 25 7
14 26 20 20 9 25 7 14 26 20 26 20 20 9 25 7
14 26 20 20 9 25 7 14 26 20 20 26 20 20 9 25 7
14 26 20 20 9 25 7 14 26 20 20 20 20 9 25 7
14 26 20 20 9 25 7 14 26 20 20 20 20 20 9 25 7
14 26 20 26 20 20 9 25 7 14 26 20 20 9 25 7
14 26 20 20 26 20 20 9 25 7 14 26 20 20 9 25 7
14 26 20 20 20 20 9 25 7 14 26 20 20 9 25 7
14 26 20 20 20 20 20 9 25 7 14 26 20 20 9 25 7

17 8 7 8 20 21 28 17 8 7 8 20 21 28
17 8 7 8 20 21 28 17 8 12 8 7 8 20 21 28
17 8 7 8 20 21 28 17 8 7 12 8 7 8 20 21 28
17 8 7 8 20 21 28 17 8 7 12 7 8 20 21 28
17 8 7 8 20 21 28 17 8 7 8 12 7 8 20 21 28
17 8 12 8 7 8 20 21 28 17 8 7 8 20 21 28
17 8 7 12 8 7 8 20 21 28 17 8 7 8 20 21 28
17 8 7 12 7 8 20 21 28 17 8 7 8 20 21 28
17 8 7 8 12 7 8 20 21 28 17 8 7 8 20 21 28

30 17 17 25 21 25 19 30 17 17 25 21 25 19
30 17 17 25 21 25 19 30 17 13 17 17 25 21 25 19
30 17 17 25 21 25 19 30 17 17 13 17 17 25 21 25 19
30 17 17 25 21 25 19 30 17 17 13 17 25 21 25 19
30 17 17 25 21 25 19 30 17 17 25 13 17 25 21 25 19
30 17 13 17 17 25 21 25 19 30 17 17 25 21 25 19
30 17 17 13 17 17 25 21 25 19 30 17 17 25 21 25 19
30 17 17 13 17 25 21 25 19 30 17 17 25 21 25 19
30 17 17 25 13 17 25 21 25 19 30 17 17 25 21 25 19

18 12 7 14 9 13 10 18 12 7 14 9 13 10
18 12 7 14 9 13 10 18 12 13 12 7 14 9 13 10
18 12 7 14 9 13 10 18 12 7 13 12 7 14 9 13 10
18 12 7 14 9 13 10 18 12 7 13 7 14 9 13 10
18 12 7 14 9 13 10 18 12 7 14 13 7 14 9 13 10
18 12 13 12 7 14 9 13 10 18 12 7 14 9 13 10
18 12 7 13 12 7 14 9 13 10 18 12 7 14 9 13 10
18 12 7 13 7 14 9 13 10 18 12 7 14 9 13 10
18 12 7 14 13 7 14 9 13 10 18 12 7 14 9 13 10

28 20 7 9 13 26 29 28 20 7 9 13 26 29
28 20 7 9 13 26 29 28 20 13 20 7 9 13 26 29
28 20 7 9 13 26 29 28 20 7 13 20 7 9 13 26 29
28 20 7 9 13 26 29 28 20 7 13 7 9 13 26 29
28 20 7 9 13 26 29 28 20 7 9 13 7 9 13 26 29
28 20 13 20 7 9 13 26 29 28 20 7 9 13 26 29
28 20 7 13 20 7 9 13 26 29 28 20 7 9 13 26 29
28 20 7 13 7 9 13 26 29 28 20 7 9 13 26 29
28 20 7 9 13 7 9 13 26 29 28 20 7 9 13 26 29

14 27 14 18 25 19 26 14 27 14 18 25 19 26
14 27 14 18 25 19 26 14 27 19 27 14 18 25 19 26
14 27 14 18 25 19 26 14 27 14 19 27 14 18 25 19 26
14 27 14 18 25 19 26 14 27 14 19 14 18 25 19 26
14 27 14 18 25 19 26 14 27 14 18 19 14 18 25 19 26
14 27 19 27 14 18 25 19 26 14 27 14 18 25 19 26
14 27 14 19 27 14 18 25 19 26 14 27 14 18 25 19 26
14 27 14 19 14 18 25 19 26 14 27 14 18 25 19 26
14 27 14 18 19 14 18 25 19 26 14 27 14 18 25 19 26

27 30 7 12 5 5 19 27 30 7 12 5 5 19
27 30 7 12 5 5 19 27 30 15 30 7 12 5 5 19
27 30 7 12 5 5 19 27 30 7 15 30 7 12 5 5 19
27 30 7 12 5 5 19 27 30 7 15 7 12 5 5 19
27 30 7 12 5 5 19 27 30 7 12 15 7 12 5 5 19
27 30 15 30 7 12 5 5 19 27 30 7 12 5 5 19
27 30 7 15 30 7 12 5 5 19 27 30 7 12 5 5 19
27 30 7 15 7 12 5 5 19 27 30 7 12 5 5 19
27 30 7 12 15 7 12 5 5 19 27 30 7 12 5 5 19

10 29 5 29 9 29 11 10 29 5 29 9 29 11
10 29 5 29 9 29 11 10 29 9 29 5 29 9 29 11
10 29 5 29 9 29 11 10 29 5 9 29 5 29 9 29 11
10 29 5 29 9 29 11 10 29 5 9 5 29 9 29 11
10 29 5 29 9 29 11 10 29 5 29 9 5 29 9 29 11
10 29 9 29 5 29 9 29 11 10 29 5 29 9 29 11
10 29 5 9 29 5 29 9 29 11 10 29 5 29 9 29 11
10 29 5 9 5 29 9 29 11 10 29 5 29 9 29 11
10 29 5 29 9 5 29 9 29 11 10 29 5 29 9 29 11

19 15 14 18 16 13 6 19 15 14 18 16 13 6
19 15 14 18 16 13 6 19 15 6 15 14 18 16 13 6
19 15 14 18 16 13 6 19 15 14 6 15 14 18 16 13 6
19 15 14 18 16 13 6 19 15 14 6 14 18 16 13 6
19 15 14 18 16 13 6 19 15 14 18 6 14 18 16 13 6
19 15 6 15 14 18 16 13 6 19 15 14 18 16 13 6
19 15 14 6 15 14 18 16 13 6 19 15 14 18 16 13 6
19 15 14 6 14 18 16 13 6 19 15 14 18 16 13 6
19 15 14 18 6 14 18 16 13 6 19 15 14 18 16 13 6

24 14 20 16 16 11 25 24 14 20 16 16 11 25
24 14 20 16 16 11 25 24 14 7 14 20 16 16 11 25
24 14 20 16 16 11 25 24 14 20 7 14 20 16 16 11 25
24 14 20 16 16 11 25 24 14 20 7 20 16 16 11 25
24 14 20 16 16 11 25 24 14 20 16 7 20 16 16 11 25
24 14 7 14 20 16 16 11 25 24 14 20 16 16 11 25
24 14 20 7 14 20 16 16 11 25 24 14 20 16 16 11 25
24 14 20 7 20 16 16 11 25 24 14 20 16 16 11 25
24 14 20 16 7 20 16 16 11 25 24 14 20 16 16 11 25

20 10 13 5 20 15 15 20 10 13 5 20 15 15
20 10 13 5 20 15 15 20 10 12 10 13 5 20 15 15
20 10 13 5 20 15 15 20 10 13 12 10 13 5 20 15 15
20 10 13 5 20 15 15 20 10 13 12 13 5 20 15 15
20 10 13 5 20 15 15 20 10 13 5 12 13 5 20 15 15
20 10 12 10 13 5 20 15 15 20 10 13 5 20 15 15
20 10 13 12 10 13 5 20 15 15 20 10 13 5 20 15 15
20 10 13 12 13 5 20 15 15 20 10 13 5 20 15 15
20 10 13 5 12 13 5 20 15 15 20 10 13 5 20 15 15

6 30 28 22 22 19 13 6 30 28 22 22 19 13
6 30 28 22 22 19 13 6 30 17 30 28 22 22 19 13
6 30 28 22 22 19 13 6 30 28 17 30 28 22 22 19 13
6 30 28 22 22 19 13 6 30 28 17 28 22 22 19 13
6 30 28 22 22 19 13 6 30 28 22 17 28 22 22 19 13
6 30 17 30 28 22 22 19 13 6 30 28 22 22 19 13
6 30 28 17 30 28 22 22 19 13 6 30 28 22 22 19 13
6 30 28 17 28 22 22 19 13 6 30 28 22 22 19 13
6 30 28 22 17 28 22 22 19 13 6 30 28 22 22 19 13

19 9 27 17 11 28 10 19 9 27 17 11 28 10
19 9 27 17 11 28 10 19 9 16 9 27 17 11 28 10
19 9 27 17 11 28 10 19 9 27 16 9 27 17 11 28 10
19 9 27 17 11 28 10 19 9 27 16 27 17 11 28 10
19 9 27 17 11 28 10 19 9 27 17 16 27 17 11 28 10
19 9 16 9 27 17 11 28 10 19 9 27 17 11 28 10
19 9 27 16 9 27 17 11 28 10 19 9 27 17 11 28 10
19 9 27 16 27 17 11 28 10 19 9 27 17 11 28 10
19 9 27 17 16 27 17 11 28 10 19 9 27 17 11 28 10

7 15 20 7 29 28 10 7 15 20 7 29 28 10
7 15 20 7 29 28 10 7 15 17 15 20 7 29 28 10
7 15 20 7 29 28 10 7 15 20 17 15 20 7 29 28 10
7 15 20 7 29 28 10 7 15 20 17 20 7 29 28 10
7 15 20 7 29 28 10 7 15 20 7 17 20 7 29 28 10
7 15 17 15 20 7 29 28 10 7 15 20 7 29 28 10
7 15 20 17 15 20 7 29 28 10 7 15 20 7 29 28 10
7 15 20 17 20 7 29 28 10 7 15 20 7 29 28 10
7 15 20 7 17 20 7 29 28 10 7 15 20 7 29 28 10

19 12 15 30 28 6 24 19 12 15 30 28 6 24
19 12 15 30 28 6 24 19 12 6 12 15 30 28 6 24
19 12 15 30 28 6 24 19 12 15 6 12 15 30 28 6 24
19 12 15 30 28 6 24 19 12 15 6 15 30 28 6 24
19 12 15 30 28 6 24 19 12 15 30 6 15 30 28 6 24
19 12 6 12 15 30 28 6 24 19 12 15 30 28 6 24
19 12 15 6 12 15 30 28 6 24 19 12 15 30 28 6 24
19 12 15 6 15 30 28 6 24 19 12 15 30 28 6 24
19 12 15 30 6 15 30 28 6 24 19 12 15 30 28 6 24

23 21 16 15 9 27 10 23 21 16 15 9 27 10
23 21 16 15 9 27 10 23 21 7 21 16 15 9 27 10
23 21 16 15 9 27 10 23 21 16 7 21 16 15 9 27 10
23 21 16 15 9 27 10 23 21 16 7 16 15 9 27 10
23 21 16 15 9 27 10 23 21 16 15 7 16 15 9 27 10
23 21 7 21 16 15 9 27 10 23 21 16 15 9 27 10
23 21 16 7 21 16 15 9 27 10 23 21 16 15 9 27 10
23 21 16 7 16 15 9 27 10 23 21 16 15 9 27 10
23 21 16 15 7 16 15 9 27 10 23 21 16 15 9 27 10

24 8 17 13 12 19 7 24 8 17 13 12 19 7
24 8 17 13 12 19 7 24 8 7 8 17 13 12 19 7
24 8 17 13 12 19 7 24 8 17 7 8 17 13 12 19 7
24 8 17 13 12 19 7 24 8 17 7 17 13 12 19 7
24 8 17 13 12 19 7 24 8 17 13 7 17 13 12 19 7
24 8 7 8 17 13 12 19 7 24 8 17 13 12 19 7
24 8 17 7 8 17 13 12 19 7 24 8 17 13 12 19 7
24 8 17 7 17 13 12 19 7 24 8 17 13 12 19 7
24 8 17 13 7 17 13 12 19 7 24 8 17 13 12 19 7

17 20 25 11 6 20 12 17 20 25 11 6 20 12
17 20 25 11 6 20 12 17 20 18 20 25 11 6 20 12
17 20 25 11 6 20 12 17 20 25 18 20 25 11 6 20 12
17 20 25 11 6 20 12 17 20 25 18 25 11 6 20 12
17 20 25 11 6 20 12 17 20 25 11 18 25 11 6 20 12
17 20 18 20 25 11 6 20 12 17 20 25 11 6 20 12
17 20 25 18 20 25 11 6 20 12 17 20 25 11 6 20 12
17 20 25 18 25 11 6 20 12 17 20 25 11 6 20 12
17 20 25 11 18 25 11 6 20 12 17 20 25 11 6 20 12

27 23 18 24 15 15 29 27 23 18 24 15 15 29
27 23 18 24 15 15 29 27 23 14 23 18 24 15 15 29
27 23 18 24 15 15 29 27 23 18 14 23 18 24 15 15 29
27 23 18 24 15 15 29 27 23 18 14 18 24 15 15 29
27 23 18 24 15 15 29 27 23 18 24 14 18 24 15 15 29
27 23 14 23 18 24 15 15 29 27 23 18 24 15 15 29
27 23 18 14 23 18 24 15 15 29 27 23 18 24 15 15 29
27 23 18 14 18 24 15 15 29 27 23 18 24 15 15 29
27 23 18 24 14 18 24 15 15 29 27 23 18 24 15 15 29

22 17 20 13 14 23 11 22 17 20 13 14 23 11
22 17 20 13 14 23 11 22 17 5 17 20 13 14 23 11
22 17 20 13 14 23 11 22 17 20 5 17 20 13 14 23 11
22 17 20 13 14 23 11 22 17 20 5 20 13 14 23 11
22 17 20 13 14 23 11 22 17 20 13 5 20 13 14 23 11
22 17 5 17 20 13 14 23 11 22 17 20 13 14 23 11
22 17 20 5 17 20 13 14 23 11 22 17 20 13 14 23 11
22 17 20 5 20 13 14 23 11 22 17 20 13 14 23 11
22 17 20 13 5 20 13 14 23 11 22 17 20 13 14 23 11

8 6 6 24 12 14 24 8 6 6 24 12 14 24
8 6 6 24 12 14 24 8 6 16 6 6 24 12 14 24
8 6 6 24 12 14 24 8 6 6 16 6 6 24 12 14 24
8 6 6 24 12 14 24 8 6 6 16 6 24 12 14 24
8 6 6 24 12 14 24 8 6 6 24 16 6 24 12 14 24
8 6 16 6 6 24 12 14 24 8 6 6 24 12 14 24
8 6 6 16 6 6 24 12 14 24 8 6 6 24 12 14 24
8 6 6 16 6 24 12 14 24 8 6 6 24 12 14 24
8 6 6 24 16 6 24 12 14 24 8 6 6 24 12 14 24

17 25 13 25 17 17 10 17 25 13 25 17 17 10
17 25 13 25 17 17 10 17 25 9 25 13 25 17 17 10
17 25 13 25 17 17 10 17 25 13 9 25 13 25 17 17 10
17 25 13 25 17 17 10 17 25 13 9 13 25 17 17 10
17 25 13 25 17 17 10 17 25 13 25 9 13 25 17 17 10
17 25 9 25 13 25 17 17 10 17 25 13 25 17 17 10
17 25 13 9 25 13 25 17 17 10 17 25 13 25 17 17 10
17 25 13 9 13 25 17 17 10 17 25 13 25 17 17 10
17 25 13 25 9 13 25 17 17 10 17 25 13 25 17 17 10

13 26 28 10 28 28 29 13 26 28 10 28 28 29
13 26 28 10 28 28 29 13 26 17 26 28 10 28 28 29
13 26 28 10 28 28 29 13 26 28 17 26 28 10 28 28 29
13 26 28 10 28 28 29 13 26 28 17 28 10 28 28 29
13 26 28 10 28 28 29 13 26 28 10 17 28 10 28 28 29
13 26 17 26 28 10 28 28 29 13 26 28 10 28 28 29
13 26 28 17 26 28 10 28 28 29 13 26 28 10 28 28 29
13 26 28 17 28 10 28 28 29 13 26 28 10 28 28 29
13 26 28 10 17 28 10 28 28 29 13 26 28 10 28 28 29

16 15 20 16 15 25 6 16 15 20 16 15 25 6
16 15 20 16 15 25 6 16 15 5 15 20 16 15 25 6
16 15 20 16 15 25 6 16 15 20 5 15 20 16 15 25 6
16 15 20 16 15 25 6 16 15 20 5 20 16 15 25 6
16 15 20 16 15 25 6 16 15 20 16 5 20 16 15 25 6
16 15 5 15 20 16 15 25 6 16 15 20 16 15 25 6
16 15 20 5 15 20 16 15 25 6 16 15 20 16 15 25 6
16 15 20 5 20 16 15 25 6 16 15 20 16 15 25 6
16 15 20 16 5 20 16 15 25 6 16 15 20 16 15 25 6

22 24 17 9 5 26 7 22 24 17 9 5 26 7
22 24 17 9 5 26 7 22 24 17 24 17 9 5 26 7
22 24 17 9 5 26 7 22 24 17 17 24 17 9 5 26 7
22 24 17 9 5 26 7 22 24 17 17 17 9 5 26 7
22 24 17 9 5 26 7 22 24 17 9 17 17 9 5 26 7
22 24 17 24 17 9 5 26 7 22 24 17 9 5 26 7
22 24 17 17 24 17 9 5 26 7 22 24 17 9 5 26 7
22 24 17 17 17 9 5 26 7 22 24 17 9 5 26 7
22 24 17 9 17 17 9 5 26 7 22 24 17 9 5 26 7

15 19 11 11 28 15 9 15 19 11 11 28 15 9
15 19 11 11 28 15 9 15 19 15 19 11 11 28 15 9
15 19 11 11 28 15 9 15 19 11 15 19 11 11 28 15 9
15 19 11 11 28 15 9 15 19 11 15 11 11 28 15 9
15 19 11 11 28 15 9 15 19 11 11 15 11 11 28 15 9
15 19 15 19 11 11 28 15 9 15 19 11 11 28 15 9
15 19 11 15 19 11 11 28 15 9 15 19 11 11 28 15 9
15 19 11 15 11 11 28 15 9 15 19 11 11 28 15 9
15 19 11 11 15 11 11 28 15 9 15 19 11 11 28 15 9

28 14 18 15 27 11 28 28 14 18 15 27 11 28
28 14 18 15 27 11 28 28 14 14 14 18 15 27 11 28
28 14 18 15 27 11 28 28 14 18 14 14 18 15 27 11 28
28 14 18 15 27 11 28 28 14 18 14 18 15 27 11 28
28 14 18 15 27 11 28 28 14 18 15 14 18 15 27 11 28
28 14 14 14 18 15 27 11 28 28 14 18 15 27 11 28
28 14 18 14 14 18 15 27 11 28 28 14 18 15 27 11 28
28 14 18 14 18 15 27 11 28 28 14 18 15 27 11 28
28 14 18 15 14 18 15 27 11 28 28 14 18 15 27 11 28

28 13 12 26 14 8 6 28 13 12 26 14 8 6
28 13 12 26 14 8 6 28 13 18 13 12 26 14 8 6
28 13 12 26 14 8 6 28 13 12 18 13 12 26 14 8 6
28 13 12 26 14 8 6 28 13 12 18 12 26 14 8 6
28 13 12 26 14 8 6 28 13 12 26 18 12 26 14 8 6
28 13 18 13 12 26 14 8 6 28 13 12 26 14 8 6
28 13 12 18 13 12 26 14 8 6 28 13 12 26 14 8 6
28 13 12 18 12 26 14 8 6 28 13 12 26 14 8 6
28 13 12 26 18 12 26 14 8 6 28 13 12 26 14 8 6

20 28 10 25 24 28 11 20 28 10 25 24 28 11
20 28 10 25 24 28 11 20 28 10 28 10 25 24 28 11
20 28 10 25 24 28 11 20 28 10 10 28 10 25 24 28 11
20 28 10 25 24 28 11 20 28 10 10 10 25 24 28 11
20 28 10 25 24 28 11 20 28 10 25 10 10 25 24 28 11
20 28 10 28 10 25 24 28 11 20 28 10 25 24 28 11
20 28 10 10 28 10 25 24 28 11 20 28 10 25 24 28 11
20 28 10 10 10 25 24 28 11 20 28 10 25 24 28 11
20 28 10 25 10 10 25 24 28 11 20 28 10 25 24 28 11

14 10 23 10 10 6 18 14 10 23 10 10 6 18
14 10 23 10 10 6 18 14 10 19 10 23 10 10 6 18
14 10 23 10 10 6 18 14 10 23 19 10 23 10 10 6 18
14 10 23 10 10 6 18 14 10 23 19 23 10 10 6 18
14 10 23 10 10 6 18 14 10 23 10 19 23 10 10 6 18
14 10 19 10 23 10 10 6 18 14 10 23 10 10 6 18
14 10 23 19 10 23 10 10 6 18 14 10 23 10 10 6 18
14 10 23 19 23 10 10 6 18 14 10 23 10 10 6 18
14 10 23 10 19 23 10 10 6 18 14 10 23 10 10 6 18

18 24 21 14 7 27 21 18 24 21 14 7 27 21
18 24 21 14 7 27 21 18 24 5 24 21 14 7 27 21
18 24 21 14 7 27 21 18 24 21 5 24 21 14 7 27 21
18 24 21 14 7 27 21 18 24 21 5 21 14 7 27 21
18 24 21 14 7 27 21 18 24 21 14 5 21 14 7 27 21
18 24 5 24 21 14 7 27 21 18 24 21 14 7 27 21
18 24 21 5 24 21 14 7 27 21 18 24 21 14 7 27 21
18 24 21 5 21 14 7 27 21 18 24 21 14 7 27 21
18 24 21 14 5 21 14 7 27 21 18 24 21 14 7 27 21

9 13 12 16 14 30 11 9 13 12 16 14 30 11
9 13 12 16 14 30 11 9 13 14 13 12 16 14 30 11
9 13 12 16 14 30 11 9 13 12 14 13 12 16 14 30 11
9 13 12 16 14 30 11 9 13 12 14 12 16 14 30 11
9 13 12 16 14 30 11 9 13 12 16 14 12 16 14 30 11
9 13 14 13 12 16 14 30 11 9 13 12 16 14 30 11
9 13 12 14 13 12 16 14 30 11 9 13 12 16 14 30 11
9 13 12 14 12 16 14 30 11 9 13 12 16 14 30 11
9 13 12 16 14 12 16 14 30 11 9 13 12 16 14 30 11

