200
7
4
2

9
10
1
2
8
12
9
23
30
2
19
8
25
1
0
5
2
10
21
19
28
5
9
9
4
13
22
16
12
13
2
18
1
10
27
23
17
6
18
26
6
12
26
24
27
1
22
29
13
19
28
11
13
1
17
20
16
25
5
16
10
13
15
30
9
29
17
12
1
22
11
4
9
24
19
5
7
26
30
11
19
12
6
4
30
29
17
30
8
25
28
2
13
17
2
20
8
26
22
26
22
23
21
30
12
15
27
26
19
21
21
10
23
13
10
3
24
24
12
11
28
20
19
19
5
23
15
16
23
9
14
29
30
4
1
7
9
27
23
13
26
1
24
10
13
26
10
23
21
28
15
23
24
19
13
2
29
27
13
27
13
24
7
4
29
10
18
25
19
12
29
4
7
9
27
13
7
7
15
17
17
9
18
4
12
16
1
4
27
7
3
10
19
22
20
28
8
2
13
16

34 49 
32 29 
44 40 
40 33 
32 39 
34 39 
12 37 
45 38 
19 34 
41 22 
40 27 
20 31 
15 42 
21 28 
34 41 
21 19 
29 47 
32 24 
41 22 
46 22 
31 20 
18 38 
38 29 
32 13 
23 30 
44 35 
27 17 
35 38 
27 27 
25 43 
34 34 
16 38 
32 39 
38 22 
28 15 
27 15 
31 20 
32 32 
24 19 
41 41 
35 21 
30 27 
25 34 
42 30 
21 19 
15 23 
37 22 
21 15 
28 45 
27 35 
39 23 
29 28 
45 43 
17 21 
45 27 
17 35 
36 33 
25 36 
19 30 
34 35 
46 48 
47 34 
28 36 
21 29 
24 18 
34 40 
28 32 
32 21 
21 24 
29 26 
17 27 
26 19 
27 24 
35 22 
28 39 
21 29 
32 35 
37 29 
24 40 
21 41 
28 35 
32 36 
43 32 
33 25 
27 17 
20 45 
34 25 
34 34 
31 40 
34 31 
41 33 
21 32 
14 39 
30 15 
40 40 
43 26 
26 16 
36 42 
33 43 
39 30 
28 38 
22 31 
18 25 
50 32 
37 26 
32 34 
42 14 
32 23 
19 30 
40 33 
15 11 
13 40 
35 26 
40 36 
26 18 
29 29 
42 33 
34 34 
23 13 
19 34 
43 26 
35 25 
44 43 
29 32 
30 13 
23 37 
36 39 
31 47 
24 33 
19 35 
50 27 
32 35 
23 32 
26 35 
28 23 
46 32 
28 38 
28 28 
33 32 
40 13 
23 22 
29 38 
17 28 
25 28 
26 29 
36 23 
23 36 
22 27 
34 42 
24 30 
40 24 
48 18 
31 27 
33 19 
23 25 
29 32 
43 37 
15 34 
29 22 
37 23 
32 31 
35 16 
16 26 
47 34 
25 41 
23 35 
32 48 
16 26 
34 34 
33 13 
34 26 
35 44 
47 30 
27 33 
37 18 
14 18 
35 30 
22 48 
14 40 
37 23 
24 43 
26 23 
25 36 
42 30 
18 20 
23 21 
15 18 
31 42 
16 27 
21 29 
29 16 
44 14 
35 32 
17 36 
24 19 
33 41 
35 39 
41 31 
29 15 
20 43 

369
326
361
329
358
411
316
382
363
255
365
271
331
212
248
248
366
363
301
299
339
338
333
256
297
389
287
394
330
281
362
322
305
308
266
298
250
322
295
426
320
254
366
263
259
222
302
358
299
262
278
319
375
209
276
275
401
292
282
308
310
330
316
326
245
376
342
308
269
302
286
307
298
371
375
268
390
293
332
243
223
262
340
358
336
301
293
373
370
325
357
385
251
262
325
289
203
357
437
282
301
351
311
403
320
320
243
274
250
282
281
227
368
263
271
245
343
341
259
395
445
353
324
293
220
353
296
354
383
239
322
278
304
293
297
392
303
317
352
207
285
358
305
275
350
359
282
291
411
348
295
348
349
260
275
363
320
274
303
327
351
289
210
322
364
328
337
308
380
266
341
312
322
245
272
230
262
303
371
342
374
235
252
280
254
249
289
245
274
324
223
325
342
300
236
340
279
347
227
383

1 2 3 4 5 1 2 3 4 5 6 7
1 2 3 4 5 1 2 100 102 3 4 5 6 7
1 2 3 4 5 1 2 3 100 102 103 4 5 6 7
1 2 3 4 5 1 2 3 100 103 4 5 6 7
1 2 3 4 5 1 2 3 4 100 103 104 5 6 7
1 2 100 102 3 4 5 1 2 3 4 5 6 7
1 2 3 100 102 103 4 5 1 2 3 4 5 6 7
1 2 3 100 103 4 5 1 2 3 4 5 6 7
1 2 3 4 100 103 104 5 1 2 3 4 5 6 7

18 17 20 30 21 15 24 18 17 20 30 21 15 24
18 17 20 30 21 15 24 18 17 11 17 20 30 21 15 24
18 17 20 30 21 15 24 18 17 20 11 17 20 30 21 15 24
18 17 20 30 21 15 24 18 17 20 11 20 30 21 15 24
18 17 20 30 21 15 24 18 17 20 30 11 20 30 21 15 24
18 17 11 17 20 30 21 15 24 18 17 20 30 21 15 24
18 17 20 11 17 20 30 21 15 24 18 17 20 30 21 15 24
18 17 20 11 20 30 21 15 24 18 17 20 30 21 15 24
18 17 20 30 11 20 30 21 15 24 18 17 20 30 21 15 24

26 20 21 11 21 9 20 26 20 21 11 21 9 20
26 20 21 11 21 9 20 26 20 12 20 21 11 21 9 20
26 20 21 11 21 9 20 26 20 21 12 20 21 11 21 9 20
26 20 21 11 21 9 20 26 20 21 12 21 11 21 9 20
26 20 21 11 21 9 20 26 20 21 11 12 21 11 21 9 20
26 20 12 20 21 11 21 9 20 26 20 21 11 21 9 20
26 20 21 12 20 21 11 21 9 20 26 20 21 11 21 9 20
26 20 21 12 21 11 21 9 20 26 20 21 11 21 9 20
26 20 21 11 12 21 11 21 9 20 26 20 21 11 21 9 20

21 16 25 28 14 27 26 21 16 25 28 14 27 26
21 16 25 28 14 27 26 21 16 11 16 25 28 14 27 26
21 16 25 28 14 27 26 21 16 25 11 16 25 28 14 27 26
21 16 25 28 14 27 26 21 16 25 11 25 28 14 27 26
21 16 25 28 14 27 26 21 16 25 28 11 25 28 14 27 26
21 16 11 16 25 28 14 27 26 21 16 25 28 14 27 26
21 16 25 11 16 25 28 14 27 26 21 16 25 28 14 27 26
21 16 25 11 25 28 14 27 26 21 16 25 28 14 27 26
21 16 25 28 11 25 28 14 27 26 21 16 25 28 14 27 26

19 24 20 14 25 29 5 19 24 20 14 25 29 5
19 24 20 14 25 29 5 19 24 17 24 20 14 25 29 5
19 24 20 14 25 29 5 19 24 20 17 24 20 14 25 29 5
19 24 20 14 25 29 5 19 24 20 17 20 14 25 29 5
19 24 20 14 25 29 5 19 24 20 14 17 20 14 25 29 5
19 24 17 24 20 14 25 29 5 19 24 20 14 25 29 5
19 24 20 17 24 20 14 25 29 5 19 24 20 14 25 29 5
19 24 20 17 20 14 25 29 5 19 24 20 14 25 29 5
19 24 20 14 17 20 14 25 29 5 19 24 20 14 25 29 5

15 17 26 27 22 5 24 15 17 26 27 22 5 24
15 17 26 27 22 5 24 15 17 14 17 26 27 22 5 24
15 17 26 27 22 5 24 15 17 26 14 17 26 27 22 5 24
15 17 26 27 22 5 24 15 17 26 14 26 27 22 5 24
15 17 26 27 22 5 24 15 17 26 27 14 26 27 22 5 24
15 17 14 17 26 27 22 5 24 15 17 26 27 22 5 24
15 17 26 14 17 26 27 22 5 24 15 17 26 27 22 5 24
15 17 26 14 26 27 22 5 24 15 17 26 27 22 5 24
15 17 26 27 14 26 27 22 5 24 15 17 26 27 22 5 24

24 21 20 23 28 25 18 24 21 20 23 28 25 18
24 21 20 23 28 25 18 24 21 19 21 20 23 28 25 18
24 21 20 23 28 25 18 24 21 20 19 21 20 23 28 25 18
24 21 20 23 28 25 18 24 21 20 19 20 23 28 25 18
24 21 20 23 28 25 18 24 21 20 23 19 20 23 28 25 18
24 21 19 21 20 23 28 25 18 24 21 20 23 28 25 18
24 21 20 19 21 20 23 28 25 18 24 21 20 23 28 25 18
24 21 20 19 20 23 28 25 18 24 21 20 23 28 25 18
24 21 20 23 19 20 23 28 25 18 24 21 20 23 28 25 18

11 22 6 29 24 12 19 11 22 6 29 24 12 19
11 22 6 29 24 12 19 11 22 6 22 6 29 24 12 19
11 22 6 29 24 12 19 11 22 6 6 22 6 29 24 12 19
11 22 6 29 24 12 19 11 22 6 6 6 29 24 12 19
11 22 6 29 24 12 19 11 22 6 29 6 6 29 24 12 19
11 22 6 22 6 29 24 12 19 11 22 6 29 24 12 19
11 22 6 6 22 6 29 24 12 19 11 22 6 29 24 12 19
11 22 6 6 6 29 24 12 19 11 22 6 29 24 12 19
11 22 6 29 6 6 29 24 12 19 11 22 6 29 24 12 19

5 29 27 27 24 12 27 5 29 27 27 24 12 27
5 29 27 27 24 12 27 5 29 11 29 27 27 24 12 27
5 29 27 27 24 12 27 5 29 27 11 29 27 27 24 12 27
5 29 27 27 24 12 27 5 29 27 11 27 27 24 12 27
5 29 27 27 24 12 27 5 29 27 27 11 27 27 24 12 27
5 29 11 29 27 27 24 12 27 5 29 27 27 24 12 27
5 29 27 11 29 27 27 24 12 27 5 29 27 27 24 12 27
5 29 27 11 27 27 24 12 27 5 29 27 27 24 12 27
5 29 27 27 11 27 27 24 12 27 5 29 27 27 24 12 27

20 30 13 28 16 16 11 20 30 13 28 16 16 11
20 30 13 28 16 16 11 20 30 19 30 13 28 16 16 11
20 30 13 28 16 16 11 20 30 13 19 30 13 28 16 16 11
20 30 13 28 16 16 11 20 30 13 19 13 28 16 16 11
20 30 13 28 16 16 11 20 30 13 28 19 13 28 16 16 11
20 30 19 30 13 28 16 16 11 20 30 13 28 16 16 11
20 30 13 19 30 13 28 16 16 11 20 30 13 28 16 16 11
20 30 13 19 13 28 16 16 11 20 30 13 28 16 16 11
20 30 13 28 19 13 28 16 16 11 20 30 13 28 16 16 11

9 16 22 15 15 7 15 9 16 22 15 15 7 15
9 16 22 15 15 7 15 9 16 6 16 22 15 15 7 15
9 16 22 15 15 7 15 9 16 22 6 16 22 15 15 7 15
9 16 22 15 15 7 15 9 16 22 6 22 15 15 7 15
9 16 22 15 15 7 15 9 16 22 15 6 22 15 15 7 15
9 16 6 16 22 15 15 7 15 9 16 22 15 15 7 15
9 16 22 6 16 22 15 15 7 15 9 16 22 15 15 7 15
9 16 22 6 22 15 15 7 15 9 16 22 15 15 7 15
9 16 22 15 6 22 15 15 7 15 9 16 22 15 15 7 15

16 22 25 15 25 23 18 16 22 25 15 25 23 18
16 22 25 15 25 23 18 16 22 7 22 25 15 25 23 18
16 22 25 15 25 23 18 16 22 25 7 22 25 15 25 23 18
16 22 25 15 25 23 18 16 22 25 7 25 15 25 23 18
16 22 25 15 25 23 18 16 22 25 15 7 25 15 25 23 18
16 22 7 22 25 15 25 23 18 16 22 25 15 25 23 18
16 22 25 7 22 25 15 25 23 18 16 22 25 15 25 23 18
16 22 25 7 25 15 25 23 18 16 22 25 15 25 23 18
16 22 25 15 7 25 15 25 23 18 16 22 25 15 25 23 18

30 8 7 13 24 10 10 30 8 7 13 24 10 10
30 8 7 13 24 10 10 30 8 5 8 7 13 24 10 10
30 8 7 13 24 10 10 30 8 7 5 8 7 13 24 10 10
30 8 7 13 24 10 10 30 8 7 5 7 13 24 10 10
30 8 7 13 24 10 10 30 8 7 13 5 7 13 24 10 10
30 8 5 8 7 13 24 10 10 30 8 7 13 24 10 10
30 8 7 5 8 7 13 24 10 10 30 8 7 13 24 10 10
30 8 7 5 7 13 24 10 10 30 8 7 13 24 10 10
30 8 7 13 5 7 13 24 10 10 30 8 7 13 24 10 10

6 26 10 25 27 9 14 6 26 10 25 27 9 14
6 26 10 25 27 9 14 6 26 13 26 10 25 27 9 14
6 26 10 25 27 9 14 6 26 10 13 26 10 25 27 9 14
6 26 10 25 27 9 14 6 26 10 13 10 25 27 9 14
6 26 10 25 27 9 14 6 26 10 25 13 10 25 27 9 14
6 26 13 26 10 25 27 9 14 6 26 10 25 27 9 14
6 26 10 13 26 10 25 27 9 14 6 26 10 25 27 9 14
6 26 10 13 10 25 27 9 14 6 26 10 25 27 9 14
6 26 10 25 13 10 25 27 9 14 6 26 10 25 27 9 14

6 15 11 23 9 15 9 6 15 11 23 9 15 9
6 15 11 23 9 15 9 6 15 6 15 11 23 9 15 9
6 15 11 23 9 15 9 6 15 11 6 15 11 23 9 15 9
6 15 11 23 9 15 9 6 15 11 6 11 23 9 15 9
6 15 11 23 9 15 9 6 15 11 23 6 11 23 9 15 9
6 15 6 15 11 23 9 15 9 6 15 11 23 9 15 9
6 15 11 6 15 11 23 9 15 9 6 15 11 23 9 15 9
6 15 11 6 11 23 9 15 9 6 15 11 23 9 15 9
6 15 11 23 6 11 23 9 15 9 6 15 11 23 9 15 9

8 10 16 24 19 14 9 8 10 16 24 19 14 9
8 10 16 24 19 14 9 8 10 18 10 16 24 19 14 9
8 10 16 24 19 14 9 8 10 16 18 10 16 24 19 14 9
8 10 16 24 19 14 9 8 10 16 18 16 24 19 14 9
8 10 16 24 19 14 9 8 10 16 24 18 16 24 19 14 9
8 10 18 10 16 24 19 14 9 8 10 16 24 19 14 9
8 10 16 18 10 16 24 19 14 9 8 10 16 24 19 14 9
8 10 16 18 16 24 19 14 9 8 10 16 24 19 14 9
8 10 16 24 18 16 24 19 14 9 8 10 16 24 19 14 9

21 17 10 8 14 30 9 21 17 10 8 14 30 9
21 17 10 8 14 30 9 21 17 9 17 10 8 14 30 9
21 17 10 8 14 30 9 21 17 10 9 17 10 8 14 30 9
21 17 10 8 14 30 9 21 17 10 9 10 8 14 30 9
21 17 10 8 14 30 9 21 17 10 8 9 10 8 14 30 9
21 17 9 17 10 8 14 30 9 21 17 10 8 14 30 9
21 17 10 9 17 10 8 14 30 9 21 17 10 8 14 30 9
21 17 10 9 10 8 14 30 9 21 17 10 8 14 30 9
21 17 10 8 9 10 8 14 30 9 21 17 10 8 14 30 9

28 14 17 30 16 21 25 28 14 17 30 16 21 25
28 14 17 30 16 21 25 28 14 13 14 17 30 16 21 25
28 14 17 30 16 21 25 28 14 17 13 14 17 30 16 21 25
28 14 17 30 16 21 25 28 14 17 13 17 30 16 21 25
28 14 17 30 16 21 25 28 14 17 30 13 17 30 16 21 25
28 14 13 14 17 30 16 21 25 28 14 17 30 16 21 25
28 14 17 13 14 17 30 16 21 25 28 14 17 30 16 21 25
28 14 17 13 17 30 16 21 25 28 14 17 30 16 21 25
28 14 17 30 13 17 30 16 21 25 28 14 17 30 16 21 25

23 30 22 5 29 28 14 23 30 22 5 29 28 14
23 30 22 5 29 28 14 23 30 10 30 22 5 29 28 14
23 30 22 5 29 28 14 23 30 22 10 30 22 5 29 28 14
23 30 22 5 29 28 14 23 30 22 10 22 5 29 28 14
23 30 22 5 29 28 14 23 30 22 5 10 22 5 29 28 14
23 30 10 30 22 5 29 28 14 23 30 22 5 29 28 14
23 30 22 10 30 22 5 29 28 14 23 30 22 5 29 28 14
23 30 22 10 22 5 29 28 14 23 30 22 5 29 28 14
23 30 22 5 10 22 5 29 28 14 23 30 22 5 29 28 14

14 21 27 15 11 12 17 14 21 27 15 11 12 17
14 21 27 15 11 12 17 14 21 19 21 27 15 11 12 17
14 21 27 15 11 12 17 14 21 27 19 21 27 15 11 12 17
14 21 27 15 11 12 17 14 21 27 19 27 15 11 12 17
14 21 27 15 11 12 17 14 21 27 15 19 27 15 11 12 17
14 21 19 21 27 15 11 12 17 14 21 27 15 11 12 17
14 21 27 19 21 27 15 11 12 17 14 21 27 15 11 12 17
14 21 27 19 27 15 11 12 17 14 21 27 15 11 12 17
14 21 27 15 19 27 15 11 12 17 14 21 27 15 11 12 17

8 28 28 11 17 5 14 8 28 28 11 17 5 14
8 28 28 11 17 5 14 8 28 20 28 28 11 17 5 14
8 28 28 11 17 5 14 8 28 28 20 28 28 11 17 5 14
8 28 28 11 17 5 14 8 28 28 20 28 11 17 5 14
8 28 28 11 17 5 14 8 28 28 11 20 28 11 17 5 14
8 28 20 28 28 11 17 5 14 8 28 28 11 17 5 14
8 28 28 20 28 28 11 17 5 14 8 28 28 11 17 5 14
8 28 28 20 28 11 17 5 14 8 28 28 11 17 5 14
8 28 28 11 20 28 11 17 5 14 8 28 28 11 17 5 14

12 29 24 13 8 25 26 12 29 24 13 8 25 26
12 29 24 13 8 25 26 12 29 5 29 24 13 8 25 26
12 29 24 13 8 25 26 12 29 24 5 29 24 13 8 25 26
12 29 24 13 8 25 26 12 29 24 5 24 13 8 25 26
12 29 24 13 8 25 26 12 29 24 13 5 24 13 8 25 26
12 29 5 29 24 13 8 25 26 12 29 24 13 8 25 26
12 29 24 5 29 24 13 8 25 26 12 29 24 13 8 25 26
12 29 24 5 24 13 8 25 26 12 29 24 13 8 25 26
12 29 24 13 5 24 13 8 25 26 12 29 24 13 8 25 26

28 22 7 26 15 26 19 28 22 7 26 15 26 19
28 22 7 26 15 26 19 28 22 13 22 7 26 15 26 19
28 22 7 26 15 26 19 28 22 7 13 22 7 26 15 26 19
28 22 7 26 15 26 19 28 22 7 13 7 26 15 26 19
28 22 7 26 15 26 19 28 22 7 26 13 7 26 15 26 19
28 22 13 22 7 26 15 26 19 28 22 7 26 15 26 19
28 22 7 13 22 7 26 15 26 19 28 22 7 26 15 26 19
28 22 7 13 7 26 15 26 19 28 22 7 26 15 26 19
28 22 7 26 13 7 26 15 26 19 28 22 7 26 15 26 19

24 26 19 9 17 19 20 24 26 19 9 17 19 20
24 26 19 9 17 19 20 24 26 20 26 19 9 17 19 20
24 26 19 9 17 19 20 24 26 19 20 26 19 9 17 19 20
24 26 19 9 17 19 20 24 26 19 20 19 9 17 19 20
24 26 19 9 17 19 20 24 26 19 9 20 19 9 17 19 20
24 26 20 26 19 9 17 19 20 24 26 19 9 17 19 20
24 26 19 20 26 19 9 17 19 20 24 26 19 9 17 19 20
24 26 19 20 19 9 17 19 20 24 26 19 9 17 19 20
24 26 19 9 20 19 9 17 19 20 24 26 19 9 17 19 20

22 18 23 6 8 7 21 22 18 23 6 8 7 21
22 18 23 6 8 7 21 22 18 16 18 23 6 8 7 21
22 18 23 6 8 7 21 22 18 23 16 18 23 6 8 7 21
22 18 23 6 8 7 21 22 18 23 16 23 6 8 7 21
22 18 23 6 8 7 21 22 18 23 6 16 23 6 8 7 21
22 18 16 18 23 6 8 7 21 22 18 23 6 8 7 21
22 18 23 16 18 23 6 8 7 21 22 18 23 6 8 7 21
22 18 23 16 23 6 8 7 21 22 18 23 6 8 7 21
22 18 23 6 16 23 6 8 7 21 22 18 23 6 8 7 21

9 19 17 13 29 21 20 9 19 17 13 29 21 20
9 19 17 13 29 21 20 9 19 11 19 17 13 29 21 20
9 19 17 13 29 21 20 9 19 17 11 19 17 13 29 21 20
9 19 17 13 29 21 20 9 19 17 11 17 13 29 21 20
9 19 17 13 29 21 20 9 19 17 13 11 17 13 29 21 20
9 19 11 19 17 13 29 21 20 9 19 17 13 29 21 20
9 19 17 11 19 17 13 29 21 20 9 19 17 13 29 21 20
9 19 17 11 17 13 29 21 20 9 19 17 13 29 21 20
9 19 17 13 11 17 13 29 21 20 9 19 17 13 29 21 20

13 18 25 28 30 20 21 13 18 25 28 30 20 21
13 18 25 28 30 20 21 13 18 5 18 25 28 30 20 21
13 18 25 28 30 20 21 13 18 25 5 18 25 28 30 20 21
13 18 25 28 30 20 21 13 18 25 5 25 28 30 20 21
13 18 25 28 30 20 21 13 18 25 28 5 25 28 30 20 21
13 18 5 18 25 28 30 20 21 13 18 25 28 30 20 21
13 18 25 5 18 25 28 30 20 21 13 18 25 28 30 20 21
13 18 25 5 25 28 30 20 21 13 18 25 28 30 20 21
13 18 25 28 5 25 28 30 20 21 13 18 25 28 30 20 21

24 10 18 11 9 11 29 24 10 18 11 9 11 29
24 10 18 11 9 11 29 24 10 11 10 18 11 9 11 29
24 10 18 11 9 11 29 24 10 18 11 10 18 11 9 11 29
24 10 18 11 9 11 29 24 10 18 11 18 11 9 11 29
24 10 18 11 9 11 29 24 10 18 11 11 18 11 9 11 29
24 10 11 10 18 11 9 11 29 24 10 18 11 9 11 29
24 10 18 11 10 18 11 9 11 29 24 10 18 11 9 11 29
24 10 18 11 18 11 9 11 29 24 10 18 11 9 11 29
24 10 18 11 11 18 11 9 11 29 24 10 18 11 9 11 29

24 5 27 29 24 25 20 24 5 27 29 24 25 20
24 5 27 29 24 25 20 24 5 6 5 27 29 24 25 20
24 5 27 29 24 25 20 24 5 27 6 5 27 29 24 25 20
24 5 27 29 24 25 20 24 5 27 6 27 29 24 25 20
24 5 27 29 24 25 20 24 5 27 29 6 27 29 24 25 20
24 5 6 5 27 29 24 25 20 24 5 27 29 24 25 20
24 5 27 6 5 27 29 24 25 20 24 5 27 29 24 25 20
24 5 27 6 27 29 24 25 20 24 5 27 29 24 25 20
24 5 27 29 6 27 29 24 25 20 24 5 27 29 24 25 20

22 28 14 8 21 10 30 22 28 14 8 21 10 30
22 28 14 8 21 10 30 22 28 15 28 14 8 21 10 30
22 28 14 8 21 10 30 22 28 14 15 28 14 8 21 10 30
22 28 14 8 21 10 30 22 28 14 15 14 8 21 10 30
22 28 14 8 21 10 30 22 28 14 8 15 14 8 21 10 30
22 28 15 28 14 8 21 10 30 22 28 14 8 21 10 30
22 28 14 15 28 14 8 21 10 30 22 28 14 8 21 10 30
22 28 14 15 14 8 21 10 30 22 28 14 8 21 10 30
22 28 14 8 15 14 8 21 10 30 22 28 14 8 21 10 30

20 6 6 25 25 14 12 20 6 6 25 25 14 12
20 6 6 25 25 14 12 20 6 11 6 6 25 25 14 12
20 6 6 25 25 14 12 20 6 6 11 6 6 25 25 14 12
20 6 6 25 25 14 12 20 6 6 11 6 25 25 14 12
20 6 6 25 25 14 12 20 6 6 25 11 6 25 25 14 12
20 6 11 6 6 25 25 14 12 20 6 6 25 25 14 12
20 6 6 11 6 6 25 25 14 12 20 6 6 25 25 14 12
20 6 6 11 6 25 25 14 12 20 6 6 25 25 14 12
20 6 6 25 11 6 25 25 14 12 20 6 6 25 25 14 12

26 21 29 19 22 6 25 26 21 29 19 22 6 25
26 21 29 19 22 6 25 26 21 15 21 29 19 22 6 25
26 21 29 19 22 6 25 26 21 29 15 21 29 19 22 6 25
26 21 29 19 22 6 25 26 21 29 15 29 19 22 6 25
26 21 29 19 22 6 25 26 21 29 19 15 29 19 22 6 25
26 21 15 21 29 19 22 6 25 26 21 29 19 22 6 25
26 21 29 15 21 29 19 22 6 25 26 21 29 19 22 6 25
26 21 29 15 29 19 22 6 25 26 21 29 19 22 6 25
26 21 29 19 15 29 19 22 6 25 26 21 29 19 22 6 25

29 17 6 27 5 25 22 29 17 6 27 5 25 22
29 17 6 27 5 25 22 29 17 19 17 6 27 5 25 22
29 17 6 27 5 25 22 29 17 6 19 17 6 27 5 25 22
29 17 6 27 5 25 22 29 17 6 19 6 27 5 25 22
29 17 6 27 5 25 22 29 17 6 27 19 6 27 5 25 22
29 17 19 17 6 27 5 25 22 29 17 6 27 5 25 22
29 17 6 19 17 6 27 5 25 22 29 17 6 27 5 25 22
29 17 6 19 6 27 5 25 22 29 17 6 27 5 25 22
29 17 6 27 19 6 27 5 25 22 29 17 6 27 5 25 22

19 17 20 25 17 16 10 19 17 20 25 17 16 10
19 17 20 25 17 16 10 19 17 14 17 20 25 17 16 10
19 17 20 25 17 16 10 19 17 20 14 17 20 25 17 16 10
19 17 20 25 17 16 10 19 17 20 14 20 25 17 16 10
19 17 20 25 17 16 10 19 17 20 25 14 20 25 17 16 10
19 17 14 17 20 25 17 16 10 19 17 20 25 17 16 10
19 17 20 14 17 20 25 17 16 10 19 17 20 25 17 16 10
19 17 20 14 20 25 17 16 10 19 17 20 25 17 16 10
19 17 20 25 14 20 25 17 16 10 19 17 20 25 17 16 10

11 14 29 14 29 9 5 11 14 29 14 29 9 5
11 14 29 14 29 9 5 11 14 16 14 29 14 29 9 5
11 14 29 14 29 9 5 11 14 29 16 14 29 14 29 9 5
11 14 29 14 29 9 5 11 14 29 16 29 14 29 9 5
11 14 29 14 29 9 5 11 14 29 14 16 29 14 29 9 5
11 14 16 14 29 14 29 9 5 11 14 29 14 29 9 5
11 14 29 16 14 29 14 29 9 5 11 14 29 14 29 9 5
11 14 29 16 29 14 29 9 5 11 14 29 14 29 9 5
11 14 29 14 16 29 14 29 9 5 11 14 29 14 29 9 5

8 24 12 8 9 23 29 8 24 12 8 9 23 29
8 24 12 8 9 23 29 8 24 10 24 12 8 9 23 29
8 24 12 8 9 23 29 8 24 12 10 24 12 8 9 23 29
8 24 12 8 9 23 29 8 24 12 10 12 8 9 23 29
8 24 12 8 9 23 29 8 24 12 8 10 12 8 9 23 29
8 24 10 24 12 8 9 23 29 8 24 12 8 9 23 29
8 24 12 10 24 12 8 9 23 29 8 24 12 8 9 23 29
8 24 12 10 12 8 9 23 29 8 24 12 8 9 23 29
8 24 12 8 10 12 8 9 23 29 8 24 12 8 9 23 29

18 25 16 9 17 15 9 18 25 16 9 17 15 9
18 25 16 9 17 15 9 18 25 12 25 16 9 17 15 9
18 25 16 9 17 15 9 18 25 16 12 25 16 9 17 15 9
18 25 16 9 17 15 9 18 25 16 12 16 9 17 15 9
18 25 16 9 17 15 9 18 25 16 9 12 16 9 17 15 9
18 25 12 25 16 9 17 15 9 18 25 16 9 17 15 9
18 25 16 12 25 16 9 17 15 9 18 25 16 9 17 15 9
18 25 16 12 16 9 17 15 9 18 25 16 9 17 15 9
18 25 16 9 12 16 9 17 15 9 18 25 16 9 17 15 9

17 10 12 5 13 27 28 17 10 12 5 13 27 28
17 10 12 5 13 27 28 17 10 7 10 12 5 13 27 28
17 10 12 5 13 27 28 17 10 12 7 10 12 5 13 27 28
17 10 12 5 13 27 28 17 10 12 7 12 5 13 27 28
17 10 12 5 13 27 28 17 10 12 5 7 12 5 13 27 28
17 10 7 10 12 5 13 27 28 17 10 12 5 13 27 28
17 10 12 7 10 12 5 13 27 28 17 10 12 5 13 27 28
17 10 12 7 12 5 13 27 28 17 10 12 5 13 27 28
17 10 12 5 7 12 5 13 27 28 17 10 12 5 13 27 28

21 25 22 15 11 25 19 21 25 22 15 11 25 19
21 25 22 15 11 25 19 21 25 12 25 22 15 11 25 19
21 25 22 15 11 25 19 21 25 22 12 25 22 15 11 25 19
21 25 22 15 11 25 19 21 25 22 12 22 15 11 25 19
21 25 22 15 11 25 19 21 25 22 15 12 22 15 11 25 19
21 25 12 25 22 15 11 25 19 21 25 22 15 11 25 19
21 25 22 12 25 22 15 11 25 19 21 25 22 15 11 25 19
21 25 22 12 22 15 11 25 19 21 25 22 15 11 25 19
21 25 22 15 12 22 15 11 25 19 21 25 22 15 11 25 19

27 26 13 14 5 24 12 27 26 13 14 5 24 12
27 26 13 14 5 24 12 27 26 20 26 13 14 5 24 12
27 26 13 14 5 24 12 27 26 13 20 26 13 14 5 24 12
27 26 13 14 5 24 12 27 26 13 20 13 14 5 24 12
27 26 13 14 5 24 12 27 26 13 14 20 13 14 5 24 12
27 26 20 26 13 14 5 24 12 27 26 13 14 5 24 12
27 26 13 20 26 13 14 5 24 12 27 26 13 14 5 24 12
27 26 13 20 13 14 5 24 12 27 26 13 14 5 24 12
27 26 13 14 20 13 14 5 24 12 27 26 13 14 5 24 12

21 25 24 28 28 23 13 21 25 24 28 28 23 13
21 25 24 28 28 23 13 21 25 20 25 24 28 28 23 13
21 25 24 28 28 23 13 21 25 24 20 25 24 28 28 23 13
21 25 24 28 28 23 13 21 25 24 20 24 28 28 23 13
21 25 24 28 28 23 13 21 25 24 28 20 24 28 28 23 13
21 25 20 25 24 28 28 23 13 21 25 24 28 28 23 13
21 25 24 20 25 24 28 28 23 13 21 25 24 28 28 23 13
21 25 24 20 24 28 28 23 13 21 25 24 28 28 23 13
21 25 24 28 20 24 28 28 23 13 21 25 24 28 28 23 13

13 30 21 8 24 21 18 13 30 21 8 24 21 18
13 30 21 8 24 21 18 13 30 19 30 21 8 24 21 18
13 30 21 8 24 21 18 13 30 21 19 30 21 8 24 21 18
13 30 21 8 24 21 18 13 30 21 19 21 8 24 21 18
13 30 21 8 24 21 18 13 30 21 8 19 21 8 24 21 18
13 30 19 30 21 8 24 21 18 13 30 21 8 24 21 18
13 30 21 19 30 21 8 24 21 18 13 30 21 8 24 21 18
13 30 21 19 21 8 24 21 18 13 30 21 8 24 21 18
13 30 21 8 19 21 8 24 21 18 13 30 21 8 24 21 18

7 26 13 11 8 18 22 7 26 13 11 8 18 22
7 26 13 11 8 18 22 7 26 6 26 13 11 8 18 22
7 26 13 11 8 18 22 7 26 13 6 26 13 11 8 18 22
7 26 13 11 8 18 22 7 26 13 6 13 11 8 18 22
7 26 13 11 8 18 22 7 26 13 11 6 13 11 8 18 22
7 26 6 26 13 11 8 18 22 7 26 13 11 8 18 22
7 26 13 6 26 13 11 8 18 22 7 26 13 11 8 18 22
7 26 13 6 13 11 8 18 22 7 26 13 11 8 18 22
7 26 13 11 6 13 11 8 18 22 7 26 13 11 8 18 22

28 28 20 21 13 11 22 28 28 20 21 13 11 22
28 28 20 21 13 11 22 28 28 11 28 20 21 13 11 22
28 28 20 21 13 11 22 28 28 20 11 28 20 21 13 11 22
28 28 20 21 13 11 22 28 28 20 11 20 21 13 11 22
28 28 20 21 13 11 22 28 28 20 21 11 20 21 13 11 22
28 28 11 28 20 21 13 11 22 28 28 20 21 13 11 22
28 28 20 11 28 20 21 13 11 22 28 28 20 21 13 11 22
28 28 20 11 20 21 13 11 22 28 28 20 21 13 11 22
28 28 20 21 11 20 21 13 11 22 28 28 20 21 13 11 22

19 8 24 14 6 13 11 19 8 24 14 6 13 11
19 8 24 14 6 13 11 19 8 15 8 24 14 6 13 11
19 8 24 14 6 13 11 19 8 24 15 8 24 14 6 13 11
19 8 24 14 6 13 11 19 8 24 15 24 14 6 13 11
19 8 24 14 6 13 11 19 8 24 14 15 24 14 6 13 11
19 8 15 8 24 14 6 13 11 19 8 24 14 6 13 11
19 8 24 15 8 24 14 6 13 11 19 8 24 14 6 13 11
19 8 24 15 24 14 6 13 11 19 8 24 14 6 13 11
19 8 24 14 15 24 14 6 13 11 19 8 24 14 6 13 11

12 15 8 5 25 16 27 12 15 8 5 25 16 27
12 15 8 5 25 16 27 12 15 14 15 8 5 25 16 27
12 15 8 5 25 16 27 12 15 8 14 15 8 5 25 16 27
12 15 8 5 25 16 27 12 15 8 14 8 5 25 16 27
12 15 8 5 25 16 27 12 15 8 5 14 8 5 25 16 27
12 15 14 15 8 5 25 16 27 12 15 8 5 25 16 27
12 15 8 14 15 8 5 25 16 27 12 15 8 5 25 16 27
12 15 8 14 8 5 25 16 27 12 15 8 5 25 16 27
12 15 8 5 14 8 5 25 16 27 12 15 8 5 25 16 27

8 24 7 5 22 21 5 8 24 7 5 22 21 5
8 24 7 5 22 21 5 8 24 16 24 7 5 22 21 5
8 24 7 5 22 21 5 8 24 7 16 24 7 5 22 21 5
8 24 7 5 22 21 5 8 24 7 16 7 5 22 21 5
8 24 7 5 22 21 5 8 24 7 5 16 7 5 22 21 5
8 24 16 24 7 5 22 21 5 8 24 7 5 22 21 5
8 24 7 16 24 7 5 22 21 5 8 24 7 5 22 21 5
8 24 7 16 7 5 22 21 5 8 24 7 5 22 21 5
8 24 7 5 16 7 5 22 21 5 8 24 7 5 22 21 5

8 20 20 9 20 23 23 8 20 20 9 20 23 23
8 20 20 9 20 23 23 8 20 15 20 20 9 20 23 23
8 20 20 9 20 23 23 8 20 20 15 20 20 9 20 23 23
8 20 20 9 20 23 23 8 20 20 15 20 9 20 23 23
8 20 20 9 20 23 23 8 20 20 9 15 20 9 20 23 23
8 20 15 20 20 9 20 23 23 8 20 20 9 20 23 23
8 20 20 15 20 20 9 20 23 23 8 20 20 9 20 23 23
8 20 20 15 20 9 20 23 23 8 20 20 9 20 23 23
8 20 20 9 15 20 9 20 23 23 8 20 20 9 20 23 23

25 29 15 6 13 23 29 25 29 15 6 13 23 29
25 29 15 6 13 23 29 25 29 15 29 15 6 13 23 29
25 29 15 6 13 23 29 25 29 15 15 29 15 6 13 23 29
25 29 15 6 13 23 29 25 29 15 15 15 6 13 23 29
25 29 15 6 13 23 29 25 29 15 6 15 15 6 13 23 29
25 29 15 29 15 6 13 23 29 25 29 15 6 13 23 29
25 29 15 15 29 15 6 13 23 29 25 29 15 6 13 23 29
25 29 15 15 15 6 13 23 29 25 29 15 6 13 23 29
25 29 15 6 15 15 6 13 23 29 25 29 15 6 13 23 29

18 12 8 27 21 13 27 18 12 8 27 21 13 27
18 12 8 27 21 13 27 18 12 15 12 8 27 21 13 27
18 12 8 27 21 13 27 18 12 8 15 12 8 27 21 13 27
18 12 8 27 21 13 27 18 12 8 15 8 27 21 13 27
18 12 8 27 21 13 27 18 12 8 27 15 8 27 21 13 27
18 12 15 12 8 27 21 13 27 18 12 8 27 21 13 27
18 12 8 15 12 8 27 21 13 27 18 12 8 27 21 13 27
18 12 8 15 8 27 21 13 27 18 12 8 27 21 13 27
18 12 8 27 15 8 27 21 13 27 18 12 8 27 21 13 27

21 8 9 22 17 5 13 21 8 9 22 17 5 13
21 8 9 22 17 5 13 21 8 15 8 9 22 17 5 13
21 8 9 22 17 5 13 21 8 9 15 8 9 22 17 5 13
21 8 9 22 17 5 13 21 8 9 15 9 22 17 5 13
21 8 9 22 17 5 13 21 8 9 22 15 9 22 17 5 13
21 8 15 8 9 22 17 5 13 21 8 9 22 17 5 13
21 8 9 15 8 9 22 17 5 13 21 8 9 22 17 5 13
21 8 9 15 9 22 17 5 13 21 8 9 22 17 5 13
21 8 9 22 15 9 22 17 5 13 21 8 9 22 17 5 13

10 24 23 12 9 5 23 10 24 23 12 9 5 23
10 24 23 12 9 5 23 10 24 17 24 23 12 9 5 23
10 24 23 12 9 5 23 10 24 23 17 24 23 12 9 5 23
10 24 23 12 9 5 23 10 24 23 17 23 12 9 5 23
10 24 23 12 9 5 23 10 24 23 12 17 23 12 9 5 23
10 24 17 24 23 12 9 5 23 10 24 23 12 9 5 23
10 24 23 17 24 23 12 9 5 23 10 24 23 12 9 5 23
10 24 23 17 23 12 9 5 23 10 24 23 12 9 5 23
10 24 23 12 17 23 12 9 5 23 10 24 23 12 9 5 23

13 23 10 20 27 25 9 13 23 10 20 27 25 9
13 23 10 20 27 25 9 13 23 7 23 10 20 27 25 9
13 23 10 20 27 25 9 13 23 10 7 23 10 20 27 25 9
13 23 10 20 27 25 9 13 23 10 7 10 20 27 25 9
13 23 10 20 27 25 9 13 23 10 20 7 10 20 27 25 9
13 23 7 23 10 20 27 25 9 13 23 10 20 27 25 9
13 23 10 7 23 10 20 27 25 9 13 23 10 20 27 25 9
13 23 10 7 10 20 27 25 9 13 23 10 20 27 25 9
13 23 10 20 7 10 20 27 25 9 13 23 10 20 27 25 9

22 25 30 26 11 6 29 22 25 30 26 11 6 29
22 25 30 26 11 6 29 22 25 8 25 30 26 11 6 29
22 25 30 26 11 6 29 22 25 30 8 25 30 26 11 6 29
22 25 30 26 11 6 29 22 25 30 8 30 26 11 6 29
22 25 30 26 11 6 29 22 25 30 26 8 30 26 11 6 29
22 25 8 25 30 26 11 6 29 22 25 30 26 11 6 29
22 25 30 8 25 30 26 11 6 29 22 25 30 26 11 6 29
22 25 30 8 30 26 11 6 29 22 25 30 26 11 6 29
22 25 30 26 8 30 26 11 6 29 22 25 30 26 11 6 29

19 7 8 10 17 26 7 19 7 8 10 17 26 7
19 7 8 10 17 26 7 19 7 10 7 8 10 17 26 7
19 7 8 10 17 26 7 19 7 8 10 7 8 10 17 26 7
19 7 8 10 17 26 7 19 7 8 10 8 10 17 26 7
19 7 8 10 17 26 7 19 7 8 10 10 8 10 17 26 7
19 7 10 7 8 10 17 26 7 19 7 8 10 17 26 7
19 7 8 10 7 8 10 17 26 7 19 7 8 10 17 26 7
19 7 8 10 8 10 17 26 7 19 7 8 10 17 26 7
19 7 8 10 10 8 10 17 26 7 19 7 8 10 17 26 7

13 23 26 9 12 10 5 13 23 26 9 12 10 5
13 23 26 9 12 10 5 13 23 15 23 26 9 12 10 5
13 23 26 9 12 10 5 13 23 26 15 23 26 9 12 10 5
13 23 26 9 12 10 5 13 23 26 15 26 9 12 10 5
13 23 26 9 12 10 5 13 23 26 9 15 26 9 12 10 5
13 23 15 23 26 9 12 10 5 13 23 26 9 12 10 5
13 23 26 15 23 26 9 12 10 5 13 23 26 9 12 10 5
13 23 26 15 26 9 12 10 5 13 23 26 9 12 10 5
13 23 26 9 15 26 9 12 10 5 13 23 26 9 12 10 5

11 18 5 18 17 15 30 11 18 5 18 17 15 30
11 18 5 18 17 15 30 11 18 9 18 5 18 17 15 30
11 18 5 18 17 15 30 11 18 5 9 18 5 18 17 15 30
11 18 5 18 17 15 30 11 18 5 9 5 18 17 15 30
11 18 5 18 17 15 30 11 18 5 18 9 5 18 17 15 30
11 18 9 18 5 18 17 15 30 11 18 5 18 17 15 30
11 18 5 9 18 5 18 17 15 30 11 18 5 18 17 15 30
11 18 5 9 5 18 17 15 30 11 18 5 18 17 15 30
11 18 5 18 9 5 18 17 15 30 11 18 5 18 17 15 30

26 13 26 27 22 22 28 26 13 26 27 22 22 28
26 13 26 27 22 22 28 26 13 5 13 26 27 22 22 28
26 13 26 27 22 22 28 26 13 26 5 13 26 27 22 22 28
26 13 26 27 22 22 28 26 13 26 5 26 27 22 22 28
26 13 26 27 22 22 28 26 13 26 27 5 26 27 22 22 28
26 13 5 13 26 27 22 22 28 26 13 26 27 22 22 28
26 13 26 5 13 26 27 22 22 28 26 13 26 27 22 22 28
26 13 26 5 26 27 22 22 28 26 13 26 27 22 22 28
26 13 26 27 5 26 27 22 22 28 26 13 26 27 22 22 28

9 12 11 23 15 28 20 9 12 11 23 15 28 20
9 12 11 23 15 28 20 9 12 7 12 11 23 15 28 20
9 12 11 23 15 28 20 9 12 11 7 12 11 23 15 28 20
9 12 11 23 15 28 20 9 12 11 7 11 23 15 28 20
9 12 11 23 15 28 20 9 12 11 23 7 11 23 15 28 20
9 12 7 12 11 23 15 28 20 9 12 11 23 15 28 20
9 12 11 7 12 11 23 15 28 20 9 12 11 23 15 28 20
9 12 11 7 11 23 15 28 20 9 12 11 23 15 28 20
9 12 11 23 7 11 23 15 28 20 9 12 11 23 15 28 20

12 27 7 12 21 16 24 12 27 7 12 21 16 24
12 27 7 12 21 16 24 12 27 5 27 7 12 21 16 24
12 27 7 12 21 16 24 12 27 7 5 27 7 12 21 16 24
12 27 7 12 21 16 24 12 27 7 5 7 12 21 16 24
12 27 7 12 21 16 24 12 27 7 12 5 7 12 21 16 24
12 27 5 27 7 12 21 16 24 12 27 7 12 21 16 24
12 27 7 5 27 7 12 21 16 24 12 27 7 12 21 16 24
12 27 7 5 7 12 21 16 24 12 27 7 12 21 16 24
12 27 7 12 5 7 12 21 16 24 12 27 7 12 21 16 24

14 6 29 21 17 6 21 14 6 29 21 17 6 21
14 6 29 21 17 6 21 14 6 16 6 29 21 17 6 21
14 6 29 21 17 6 21 14 6 29 16 6 29 21 17 6 21
14 6 29 21 17 6 21 14 6 29 16 29 21 17 6 21
14 6 29 21 17 6 21 14 6 29 21 16 29 21 17 6 21
14 6 16 6 29 21 17 6 21 14 6 29 21 17 6 21
14 6 29 16 6 29 21 17 6 21 14 6 29 21 17 6 21
14 6 29 16 29 21 17 6 21 14 6 29 21 17 6 21
14 6 29 21 16 29 21 17 6 21 14 6 29 21 17 6 21

8 18 26 28 13 21 9 8 18 26 28 13 21 9
8 18 26 28 13 21 9 8 18 7 18 26 28 13 21 9
8 18 26 28 13 21 9 8 18 26 7 18 26 28 13 21 9
8 18 26 28 13 21 9 8 18 26 7 26 28 13 21 9
8 18 26 28 13 21 9 8 18 26 28 7 26 28 13 21 9
8 18 7 18 26 28 13 21 9 8 18 26 28 13 21 9
8 18 26 7 18 26 28 13 21 9 8 18 26 28 13 21 9
8 18 26 7 26 28 13 21 9 8 18 26 28 13 21 9
8 18 26 28 7 26 28 13 21 9 8 18 26 28 13 21 9

8 29 29 21 18 10 16 8 29 29 21 18 10 16
8 29 29 21 18 10 16 8 29 14 29 29 21 18 10 16
8 29 29 21 18 10 16 8 29 29 14 29 29 21 18 10 16
8 29 29 21 18 10 16 8 29 29 14 29 21 18 10 16
8 29 29 21 18 10 16 8 29 29 21 14 29 21 18 10 16
8 29 14 29 29 21 18 10 16 8 29 29 21 18 10 16
8 29 29 14 29 29 21 18 10 16 8 29 29 21 18 10 16
8 29 29 14 29 21 18 10 16 8 29 29 21 18 10 16
8 29 29 21 14 29 21 18 10 16 8 29 29 21 18 10 16

17 14 17 17 20 22 26 17 14 17 17 20 22 26
17 14 17 17 20 22 26 17 14 19 14 17 17 20 22 26
17 14 17 17 20 22 26 17 14 17 19 14 17 17 20 22 26
17 14 17 17 20 22 26 17 14 17 19 17 17 20 22 26
17 14 17 17 20 22 26 17 14 17 17 19 17 17 20 22 26
17 14 19 14 17 17 20 22 26 17 14 17 17 20 22 26
17 14 17 19 14 17 17 20 22 26 17 14 17 17 20 22 26
17 14 17 19 17 17 20 22 26 17 14 17 17 20 22 26
17 14 17 17 19 17 17 20 22 26 17 14 17 17 20 22 26

9 24 9 16 30 13 27 9 24 9 16 30 13 27
9 24 9 16 30 13 27 9 24 6 24 9 16 30 13 27
9 24 9 16 30 13 27 9 24 9 6 24 9 16 30 13 27
9 24 9 16 30 13 27 9 24 9 6 9 16 30 13 27
9 24 9 16 30 13 27 9 24 9 16 6 9 16 30 13 27
9 24 6 24 9 16 30 13 27 9 24 9 16 30 13 27
9 24 9 6 24 9 16 30 13 27 9 24 9 16 30 13 27
9 24 9 6 9 16 30 13 27 9 24 9 16 30 13 27
9 24 9 16 6 9 16 30 13 27 9 24 9 16 30 13 27

20 17 14 5 12 17 19 20 17 14 5 12 17 19
20 17 14 5 12 17 19 20 17 12 17 14 5 12 17 19
20 17 14 5 12 17 19 20 17 14 12 17 14 5 12 17 19
20 17 14 5 12 17 19 20 17 14 12 14 5 12 17 19
20 17 14 5 12 17 19 20 17 14 5 12 14 5 12 17 19
20 17 12 17 14 5 12 17 19 20 17 14 5 12 17 19
20 17 14 12 17 14 5 12 17 19 20 17 14 5 12 17 19
20 17 14 12 14 5 12 17 19 20 17 14 5 12 17 19
20 17 14 5 12 14 5 12 17 19 20 17 14 5 12 17 19

30 11 27 25 7 17 25 30 11 27 25 7 17 25
30 11 27 25 7 17 25 30 11 7 11 27 25 7 17 25
30 11 27 25 7 17 25 30 11 27 7 11 27 25 7 17 25
30 11 27 25 7 17 25 30 11 27 7 27 25 7 17 25
30 11 27 25 7 17 25 30 11 27 25 7 27 25 7 17 25
30 11 7 11 27 25 7 17 25 30 11 27 25 7 17 25
30 11 27 7 11 27 25 7 17 25 30 11 27 25 7 17 25
30 11 27 7 27 25 7 17 25 30 11 27 25 7 17 25
30 11 27 25 7 27 25 7 17 25 30 11 27 25 7 17 25

12 17 12 23 27 21 26 12 17 12 23 27 21 26
12 17 12 23 27 21 26 12 17 15 17 12 23 27 21 26
12 17 12 23 27 21 26 12 17 12 15 17 12 23 27 21 26
12 17 12 23 27 21 26 12 17 12 15 12 23 27 21 26
12 17 12 23 27 21 26 12 17 12 23 15 12 23 27 21 26
12 17 15 17 12 23 27 21 26 12 17 12 23 27 21 26
12 17 12 15 17 12 23 27 21 26 12 17 12 23 27 21 26
12 17 12 15 12 23 27 21 26 12 17 12 23 27 21 26
12 17 12 23 15 12 23 27 21 26 12 17 12 23 27 21 26

8 20 26 14 25 7 19 8 20 26 14 25 7 19
8 20 26 14 25 7 19 8 20 12 20 26 14 25 7 19
8 20 26 14 25 7 19 8 20 26 12 20 26 14 25 7 19
8 20 26 14 25 7 19 8 20 26 12 26 14 25 7 19
8 20 26 14 25 7 19 8 20 26 14 12 26 14 25 7 19
8 20 12 20 26 14 25 7 19 8 20 26 14 25 7 19
8 20 26 12 20 26 14 25 7 19 8 20 26 14 25 7 19
8 20 26 12 26 14 25 7 19 8 20 26 14 25 7 19
8 20 26 14 12 26 14 25 7 19 8 20 26 14 25 7 19

7 10 16 17 28 25 6 7 10 16 17 28 25 6
7 10 16 17 28 25 6 7 10 17 10 16 17 28 25 6
7 10 16 17 28 25 6 7 10 16 17 10 16 17 28 25 6
7 10 16 17 28 25 6 7 10 16 17 16 17 28 25 6
7 10 16 17 28 25 6 7 10 16 17 17 16 17 28 25 6
7 10 17 10 16 17 28 25 6 7 10 16 17 28 25 6
7 10 16 17 10 16 17 28 25 6 7 10 16 17 28 25 6
7 10 16 17 16 17 28 25 6 7 10 16 17 28 25 6
7 10 16 17 17 16 17 28 25 6 7 10 16 17 28 25 6

5 22 12 18 25 21 20 5 22 12 18 25 21 20
5 22 12 18 25 21 20 5 22 16 22 12 18 25 21 20
5 22 12 18 25 21 20 5 22 12 16 22 12 18 25 21 20
5 22 12 18 25 21 20 5 22 12 16 12 18 25 21 20
5 22 12 18 25 21 20 5 22 12 18 16 12 18 25 21 20
5 22 16 22 12 18 25 21 20 5 22 12 18 25 21 20
5 22 12 16 22 12 18 25 21 20 5 22 12 18 25 21 20
5 22 12 16 12 18 25 21 20 5 22 12 18 25 21 20
5 22 12 18 16 12 18 25 21 20 5 22 12 18 25 21 20

15 7 11 15 22 30 21 15 7 11 15 22 30 21
15 7 11 15 22 30 21 15 7 11 7 11 15 22 30 21
15 7 11 15 22 30 21 15 7 11 11 7 11 15 22 30 21
15 7 11 15 22 30 21 15 7 11 11 11 15 22 30 21
15 7 11 15 22 30 21 15 7 11 15 11 11 15 22 30 21
15 7 11 7 11 15 22 30 21 15 7 11 15 22 30 21
15 7 11 11 7 11 15 22 30 21 15 7 11 15 22 30 21
15 7 11 11 11 15 22 30 21 15 7 11 15 22 30 21
15 7 11 15 11 11 15 22 30 21 15 7 11 15 22 30 21

14 29 19 12 25 5 10 14 29 19 12 25 5 10
14 29 19 12 25 5 10 14 29 19 29 19 12 25 5 10
14 29 19 12 25 5 10 14 29 19 19 29 19 12 25 5 10
14 29 19 12 25 5 10 14 29 19 19 19 12 25 5 10
14 29 19 12 25 5 10 14 29 19 12 19 19 12 25 5 10
14 29 19 29 19 12 25 5 10 14 29 19 12 25 5 10
14 29 19 19 29 19 12 25 5 10 14 29 19 12 25 5 10
14 29 19 19 19 12 25 5 10 14 29 19 12 25 5 10
14 29 19 12 19 19 12 25 5 10 14 29 19 12 25 5 10

6 30 19 10 20 9 27 6 30 19 10 20 9 27
6 30 19 10 20 9 27 6 30 18 30 19 10 20 9 27
6 30 19 10 20 9 27 6 30 19 18 30 19 10 20 9 27
6 30 19 10 20 9 27 6 30 19 18 19 10 20 9 27
6 30 19 10 20 9 27 6 30 19 10 18 19 10 20 9 27
6 30 18 30 19 10 20 9 27 6 30 19 10 20 9 27
6 30 19 18 30 19 10 20 9 27 6 30 19 10 20 9 27
6 30 19 18 19 10 20 9 27 6 30 19 10 20 9 27
6 30 19 10 18 19 10 20 9 27 6 30 19 10 20 9 27

18 27 24 15 12 27 28 18 27 24 15 12 27 28
18 27 24 15 12 27 28 18 27 17 27 24 15 12 27 28
18 27 24 15 12 27 28 18 27 24 17 27 24 15 12 27 28
18 27 24 15 12 27 28 18 27 24 17 24 15 12 27 28
18 27 24 15 12 27 28 18 27 24 15 17 24 15 12 27 28
18 27 17 27 24 15 12 27 28 18 27 24 15 12 27 28
18 27 24 17 27 24 15 12 27 28 18 27 24 15 12 27 28
18 27 24 17 24 15 12 27 28 18 27 24 15 12 27 28
18 27 24 15 17 24 15 12 27 28 18 27 24 15 12 27 28

21 22 12 28 22 18 26 21 22 12 28 22 18 26
21 22 12 28 22 18 26 21 22 13 22 12 28 22 18 26
21 22 12 28 22 18 26 21 22 12 13 22 12 28 22 18 26
21 22 12 28 22 18 26 21 22 12 13 12 28 22 18 26
21 22 12 28 22 18 26 21 22 12 28 13 12 28 22 18 26
21 22 13 22 12 28 22 18 26 21 22 12 28 22 18 26
21 22 12 13 22 12 28 22 18 26 21 22 12 28 22 18 26
21 22 12 13 12 28 22 18 26 21 22 12 28 22 18 26
21 22 12 28 13 12 28 22 18 26 21 22 12 28 22 18 26

16 24 13 9 8 29 21 16 24 13 9 8 29 21
16 24 13 9 8 29 21 16 24 11 24 13 9 8 29 21
16 24 13 9 8 29 21 16 24 13 11 24 13 9 8 29 21
16 24 13 9 8 29 21 16 24 13 11 13 9 8 29 21
16 24 13 9 8 29 21 16 24 13 9 11 13 9 8 29 21
16 24 11 24 13 9 8 29 21 16 24 13 9 8 29 21
16 24 13 11 24 13 9 8 29 21 16 24 13 9 8 29 21
16 24 13 11 13 9 8 29 21 16 24 13 9 8 29 21
16 24 13 9 11 13 9 8 29 21 16 24 13 9 8 29 21

20 22 22 28 23 29 6 20 22 22 28 23 29 6
20 22 22 28 23 29 6 20 22 12 22 22 28 23 29 6
20 22 22 28 23 29 6 20 22 22 12 22 22 28 23 29 6
20 22 22 28 23 29 6 20 22 22 12 22 28 23 29 6
20 22 22 28 23 29 6 20 22 22 28 12 22 28 23 29 6
20 22 12 22 22 28 23 29 6 20 22 22 28 23 29 6
20 22 22 12 22 22 28 23 29 6 20 22 22 28 23 29 6
20 22 22 12 22 28 23 29 6 20 22 22 28 23 29 6
20 22 22 28 12 22 28 23 29 6 20 22 22 28 23 29 6

8 8 17 21 22 23 19 8 8 17 21 22 23 19
8 8 17 21 22 23 19 8 8 13 8 17 21 22 23 19
8 8 17 21 22 23 19 8 8 17 13 8 17 21 22 23 19
8 8 17 21 22 23 19 8 8 17 13 17 21 22 23 19
8 8 17 21 22 23 19 8 8 17 21 13 17 21 22 23 19
8 8 13 8 17 21 22 23 19 8 8 17 21 22 23 19
8 8 17 13 8 17 21 22 23 19 8 8 17 21 22 23 19
8 8 17 13 17 21 22 23 19 8 8 17 21 22 23 19
8 8 17 21 13 17 21 22 23 19 8 8 17 21 22 23 19

19 6 18 28 21 9 18 19 6 18 28 21 9 18
19 6 18 28 21 9 18 19 6 10 6 18 28 21 9 18
19 6 18 28 21 9 18 19 6 18 10 6 18 28 21 9 18
19 6 18 28 21 9 18 19 6 18 10 18 28 21 9 18
19 6 18 28 21 9 18 19 6 18 28 10 18 28 21 9 18
19 6 10 6 18 28 21 9 18 19 6 18 28 21 9 18
19 6 18 10 6 18 28 21 9 18 19 6 18 28 21 9 18
19 6 18 10 18 28 21 9 18 19 6 18 28 21 9 18
19 6 18 28 10 18 28 21 9 18 19 6 18 28 21 9 18

6 7 12 27 15 10 19 6 7 12 27 15 10 19
6 7 12 27 15 10 19 6 7 9 7 12 27 15 10 19
6 7 12 27 15 10 19 6 7 12 9 7 12 27 15 10 19
6 7 12 27 15 10 19 6 7 12 9 12 27 15 10 19
6 7 12 27 15 10 19 6 7 12 27 9 12 27 15 10 19
6 7 9 7 12 27 15 10 19 6 7 12 27 15 10 19
6 7 12 9 7 12 27 15 10 19 6 7 12 27 15 10 19
6 7 12 9 12 27 15 10 19 6 7 12 27 15 10 19
6 7 12 27 9 12 27 15 10 19 6 7 12 27 15 10 19

7 6 12 15 15 19 15 7 6 12 15 15 19 15
7 6 12 15 15 19 15 7 6 13 6 12 15 15 19 15
7 6 12 15 15 19 15 7 6 12 13 6 12 15 15 19 15
7 6 12 15 15 19 15 7 6 12 13 12 15 15 19 15
7 6 12 15 15 19 15 7 6 12 15 13 12 15 15 19 15
7 6 13 6 12 15 15 19 15 7 6 12 15 15 19 15
7 6 12 13 6 12 15 15 19 15 7 6 12 15 15 19 15
7 6 12 13 12 15 15 19 15 7 6 12 15 15 19 15
7 6 12 15 13 12 15 15 19 15 7 6 12 15 15 19 15

7 11 13 28 22 11 12 7 11 13 28 22 11 12
7 11 13 28 22 11 12 7 11 10 11 13 28 22 11 12
7 11 13 28 22 11 12 7 11 13 10 11 13 28 22 11 12
7 11 13 28 22 11 12 7 11 13 10 13 28 22 11 12
7 11 13 28 22 11 12 7 11 13 28 10 13 28 22 11 12
7 11 10 11 13 28 22 11 12 7 11 13 28 22 11 12
7 11 13 10 11 13 28 22 11 12 7 11 13 28 22 11 12
7 11 13 10 13 28 22 11 12 7 11 13 28 22 11 12
7 11 13 28 10 13 28 22 11 12 7 11 13 28 22 11 12

30 8 23 23 19 27 9 30 8 23 23 19 27 9
30 8 23 23 19 27 9 30 8 6 8 23 23 19 27 9
30 8 23 23 19 27 9 30 8 23 6 8 23 23 19 27 9
30 8 23 23 19 27 9 30 8 23 6 23 23 19 27 9
30 8 23 23 19 27 9 30 8 23 23 6 23 23 19 27 9
30 8 6 8 23 23 19 27 9 30 8 23 23 19 27 9
30 8 23 6 8 23 23 19 27 9 30 8 23 23 19 27 9
30 8 23 6 23 23 19 27 9 30 8 23 23 19 27 9
30 8 23 23 6 23 23 19 27 9 30 8 23 23 19 27 9

19 22 22 15 28 23 15 19 22 22 15 28 23 15
19 22 22 15 28 23 15 19 22 10 22 22 15 28 23 15
19 22 22 15 28 23 15 19 22 22 10 22 22 15 28 23 15
19 22 22 15 28 23 15 19 22 22 10 22 15 28 23 15
19 22 22 15 28 23 15 19 22 22 15 10 22 15 28 23 15
19 22 10 22 22 15 28 23 15 19 22 22 15 28 23 15
19 22 22 10 22 22 15 28 23 15 19 22 22 15 28 23 15
19 22 22 10 22 15 28 23 15 19 22 22 15 28 23 15
19 22 22 15 10 22 15 28 23 15 19 22 22 15 28 23 15

19 30 19 7 25 16 7 19 30 19 7 25 16 7
19 30 19 7 25 16 7 19 30 5 30 19 7 25 16 7
19 30 19 7 25 16 7 19 30 19 5 30 19 7 25 16 7
19 30 19 7 25 16 7 19 30 19 5 19 7 25 16 7
19 30 19 7 25 16 7 19 30 19 7 5 19 7 25 16 7
19 30 5 30 19 7 25 16 7 19 30 19 7 25 16 7
19 30 19 5 30 19 7 25 16 7 19 30 19 7 25 16 7
19 30 19 5 19 7 25 16 7 19 30 19 7 25 16 7
19 30 19 7 5 19 7 25 16 7 19 30 19 7 25 16 7

9 15 6 25 18 30 19 9 15 6 25 18 30 19
9 15 6 25 18 30 19 9 15 8 15 6 25 18 30 19
9 15 6 25 18 30 19 9 15 6 8 15 6 25 18 30 19
9 15 6 25 18 30 19 9 15 6 8 6 25 18 30 19
9 15 6 25 18 30 19 9 15 6 25 8 6 25 18 30 19
9 15 8 15 6 25 18 30 19 9 15 6 25 18 30 19
9 15 6 8 15 6 25 18 30 19 9 15 6 25 18 30 19
9 15 6 8 6 25 18 30 19 9 15 6 25 18 30 19
9 15 6 25 8 6 25 18 30 19 9 15 6 25 18 30 19

28 19 24 5 13 14 6 28 19 24 5 13 14 6
28 19 24 5 13 14 6 28 19 7 19 24 5 13 14 6
28 19 24 5 13 14 6 28 19 24 7 19 24 5 13 14 6
28 19 24 5 13 14 6 28 19 24 7 24 5 13 14 6
28 19 24 5 13 14 6 28 19 24 5 7 24 5 13 14 6
28 19 7 19 24 5 13 14 6 28 19 24 5 13 14 6
28 19 24 7 19 24 5 13 14 6 28 19 24 5 13 14 6
28 19 24 7 24 5 13 14 6 28 19 24 5 13 14 6
28 19 24 5 7 24 5 13 14 6 28 19 24 5 13 14 6

16 23 25 19 25 16 13 16 23 25 19 25 16 13
16 23 25 19 25 16 13 16 23 10 23 25 19 25 16 13
16 23 25 19 25 16 13 16 23 25 10 23 25 19 25 16 13
16 23 25 19 25 16 13 16 23 25 10 25 19 25 16 13
16 23 25 19 25 16 13 16 23 25 19 10 25 19 25 16 13
16 23 10 23 25 19 25 16 13 16 23 25 19 25 16 13
16 23 25 10 23 25 19 25 16 13 16 23 25 19 25 16 13
16 23 25 10 25 19 25 16 13 16 23 25 19 25 16 13
16 23 25 19 10 25 19 25 16 13 16 23 25 19 25 16 13

19 17 23 29 18 27 25 19 17 23 29 18 27 25
19 17 23 29 18 27 25 19 17 6 17 23 29 18 27 25
19 17 23 29 18 27 25 19 17 23 6 17 23 29 18 27 25
19 17 23 29 18 27 25 19 17 23 6 23 29 18 27 25
19 17 23 29 18 27 25 19 17 23 29 6 23 29 18 27 25
19 17 6 17 23 29 18 27 25 19 17 23 29 18 27 25
19 17 23 6 17 23 29 18 27 25 19 17 23 29 18 27 25
19 17 23 6 23 29 18 27 25 19 17 23 29 18 27 25
19 17 23 29 6 23 29 18 27 25 19 17 23 29 18 27 25

15 9 26 25 10 25 25 15 9 26 25 10 25 25
15 9 26 25 10 25 25 15 9 18 9 26 25 10 25 25
15 9 26 25 10 25 25 15 9 26 18 9 26 25 10 25 25
15 9 26 25 10 25 25 15 9 26 18 26 25 10 25 25
15 9 26 25 10 25 25 15 9 26 25 18 26 25 10 25 25
15 9 18 9 26 25 10 25 25 15 9 26 25 10 25 25
15 9 26 18 9 26 25 10 25 25 15 9 26 25 10 25 25
15 9 26 18 26 25 10 25 25 15 9 26 25 10 25 25
15 9 26 25 18 26 25 10 25 25 15 9 26 25 10 25 25

25 21 21 21 9 19 18 25 21 21 21 9 19 18
25 21 21 21 9 19 18 25 21 20 21 21 21 9 19 18
25 21 21 21 9 19 18 25 21 21 20 21 21 21 9 19 18
25 21 21 21 9 19 18 25 21 21 20 21 21 9 19 18
25 21 21 21 9 19 18 25 21 21 21 20 21 21 9 19 18
25 21 20 21 21 21 9 19 18 25 21 21 21 9 19 18
25 21 21 20 21 21 21 9 19 18 25 21 21 21 9 19 18
25 21 21 20 21 21 9 19 18 25 21 21 21 9 19 18
25 21 21 21 20 21 21 9 19 18 25 21 21 21 9 19 18

30 30 14 24 18 25 24 30 30 14 24 18 25 24
30 30 14 24 18 25 24 30 30 16 30 14 24 18 25 24
30 30 14 24 18 25 24 30 30 14 16 30 14 24 18 25 24
30 30 14 24 18 25 24 30 30 14 16 14 24 18 25 24
30 30 14 24 18 25 24 30 30 14 24 16 14 24 18 25 24
30 30 16 30 14 24 18 25 24 30 30 14 24 18 25 24
30 30 14 16 30 14 24 18 25 24 30 30 14 24 18 25 24
30 30 14 16 14 24 18 25 24 30 30 14 24 18 25 24
30 30 14 24 16 14 24 18 25 24 30 30 14 24 18 25 24

13 5 9 24 13 18 22 13 5 9 24 13 18 22
13 5 9 24 13 18 22 13 5 7 5 9 24 13 18 22
13 5 9 24 13 18 22 13 5 9 7 5 9 24 13 18 22
13 5 9 24 13 18 22 13 5 9 7 9 24 13 18 22
13 5 9 24 13 18 22 13 5 9 24 7 9 24 13 18 22
13 5 7 5 9 24 13 18 22 13 5 9 24 13 18 22
13 5 9 7 5 9 24 13 18 22 13 5 9 24 13 18 22
13 5 9 7 9 24 13 18 22 13 5 9 24 13 18 22
13 5 9 24 7 9 24 13 18 22 13 5 9 24 13 18 22

7 23 16 6 17 24 17 7 23 16 6 17 24 17
7 23 16 6 17 24 17 7 23 13 23 16 6 17 24 17
7 23 16 6 17 24 17 7 23 16 13 23 16 6 17 24 17
7 23 16 6 17 24 17 7 23 16 13 16 6 17 24 17
7 23 16 6 17 24 17 7 23 16 6 13 16 6 17 24 17
7 23 13 23 16 6 17 24 17 7 23 16 6 17 24 17
7 23 16 13 23 16 6 17 24 17 7 23 16 6 17 24 17
7 23 16 13 16 6 17 24 17 7 23 16 6 17 24 17
7 23 16 6 13 16 6 17 24 17 7 23 16 6 17 24 17

8 16 25 24 25 10 29 8 16 25 24 25 10 29
8 16 25 24 25 10 29 8 16 10 16 25 24 25 10 29
8 16 25 24 25 10 29 8 16 25 10 16 25 24 25 10 29
8 16 25 24 25 10 29 8 16 25 10 25 24 25 10 29
8 16 25 24 25 10 29 8 16 25 24 10 25 24 25 10 29
8 16 10 16 25 24 25 10 29 8 16 25 24 25 10 29
8 16 25 10 16 25 24 25 10 29 8 16 25 24 25 10 29
8 16 25 10 25 24 25 10 29 8 16 25 24 25 10 29
8 16 25 24 10 25 24 25 10 29 8 16 25 24 25 10 29

13 11 25 17 14 8 26 13 11 25 17 14 8 26
13 11 25 17 14 8 26 13 11 8 11 25 17 14 8 26
13 11 25 17 14 8 26 13 11 25 8 11 25 17 14 8 26
13 11 25 17 14 8 26 13 11 25 8 25 17 14 8 26
13 11 25 17 14 8 26 13 11 25 17 8 25 17 14 8 26
13 11 8 11 25 17 14 8 26 13 11 25 17 14 8 26
13 11 25 8 11 25 17 14 8 26 13 11 25 17 14 8 26
13 11 25 8 25 17 14 8 26 13 11 25 17 14 8 26
13 11 25 17 8 25 17 14 8 26 13 11 25 17 14 8 26

25 9 9 7 11 11 10 25 9 9 7 11 11 10
25 9 9 7 11 11 10 25 9 10 9 9 7 11 11 10
25 9 9 7 11 11 10 25 9 9 10 9 9 7 11 11 10
25 9 9 7 11 11 10 25 9 9 10 9 7 11 11 10
25 9 9 7 11 11 10 25 9 9 7 10 9 7 11 11 10
25 9 10 9 9 7 11 11 10 25 9 9 7 11 11 10
25 9 9 10 9 9 7 11 11 10 25 9 9 7 11 11 10
25 9 9 10 9 7 11 11 10 25 9 9 7 11 11 10
25 9 9 7 10 9 7 11 11 10 25 9 9 7 11 11 10

17 21 21 28 12 23 7 17 21 21 28 12 23 7
17 21 21 28 12 23 7 17 21 12 21 21 28 12 23 7
17 21 21 28 12 23 7 17 21 21 12 21 21 28 12 23 7
17 21 21 28 12 23 7 17 21 21 12 21 28 12 23 7
17 21 21 28 12 23 7 17 21 21 28 12 21 28 12 23 7
17 21 12 21 21 28 12 23 7 17 21 21 28 12 23 7
17 21 21 12 21 21 28 12 23 7 17 21 21 28 12 23 7
17 21 21 12 21 28 12 23 7 17 21 21 28 12 23 7
17 21 21 28 12 21 28 12 23 7 17 21 21 28 12 23 7

26 25 23 29 24 13 26 26 25 23 29 24 13 26
26 25 23 29 24 13 26 26 25 13 25 23 29 24 13 26
26 25 23 29 24 13 26 26 25 23 13 25 23 29 24 13 26
26 25 23 29 24 13 26 26 25 23 13 23 29 24 13 26
26 25 23 29 24 13 26 26 25 23 29 13 23 29 24 13 26
26 25 13 25 23 29 24 13 26 26 25 23 29 24 13 26
26 25 23 13 25 23 29 24 13 26 26 25 23 29 24 13 26
26 25 23 13 23 29 24 13 26 26 25 23 29 24 13 26
26 25 23 29 13 23 29 24 13 26 26 25 23 29 24 13 26

25 9 24 16 5 11 20 25 9 24 16 5 11 20
25 9 24 16 5 11 20 25 9 6 9 24 16 5 11 20
25 9 24 16 5 11 20 25 9 24 6 9 24 16 5 11 20
25 9 24 16 5 11 20 25 9 24 6 24 16 5 11 20
25 9 24 16 5 11 20 25 9 24 16 6 24 16 5 11 20
25 9 6 9 24 16 5 11 20 25 9 24 16 5 11 20
25 9 24 6 9 24 16 5 11 20 25 9 24 16 5 11 20
25 9 24 6 24 16 5 11 20 25 9 24 16 5 11 20
25 9 24 16 6 24 16 5 11 20 25 9 24 16 5 11 20

14 24 9 23 13 14 17 14 24 9 23 13 14 17
14 24 9 23 13 14 17 14 24 8 24 9 23 13 14 17
14 24 9 23 13 14 17 14 24 9 8 24 9 23 13 14 17
14 24 9 23 13 14 17 14 24 9 8 9 23 13 14 17
14 24 9 23 13 14 17 14 24 9 23 8 9 23 13 14 17
14 24 8 24 9 23 13 14 17 14 24 9 23 13 14 17
14 24 9 8 24 9 23 13 14 17 14 24 9 23 13 14 17
14 24 9 8 9 23 13 14 17 14 24 9 23 13 14 17
14 24 9 23 8 9 23 13 14 17 14 24 9 23 13 14 17

13 22 15 23 27 28 11 13 22 15 23 27 28 11
13 22 15 23 27 28 11 13 22 19 22 15 23 27 28 11
13 22 15 23 27 28 11 13 22 15 19 22 15 23 27 28 11
13 22 15 23 27 28 11 13 22 15 19 15 23 27 28 11
13 22 15 23 27 28 11 13 22 15 23 19 15 23 27 28 11
13 22 19 22 15 23 27 28 11 13 22 15 23 27 28 11
13 22 15 19 22 15 23 27 28 11 13 22 15 23 27 28 11
13 22 15 19 15 23 27 28 11 13 22 15 23 27 28 11
13 22 15 23 19 15 23 27 28 11 13 22 15 23 27 28 11

19 21 12 17 13 24 28 19 21 12 17 13 24 28
19 21 12 17 13 24 28 19 21 12 21 12 17 13 24 28
19 21 12 17 13 24 28 19 21 12 12 21 12 17 13 24 28
19 21 12 17 13 24 28 19 21 12 12 12 17 13 24 28
19 21 12 17 13 24 28 19 21 12 17 12 12 17 13 24 28
19 21 12 21 12 17 13 24 28 19 21 12 17 13 24 28
19 21 12 12 21 12 17 13 24 28 19 21 12 17 13 24 28
19 21 12 12 12 17 13 24 28 19 21 12 17 13 24 28
19 21 12 17 12 12 17 13 24 28 19 21 12 17 13 24 28

20 19 30 26 20 22 14 20 19 30 26 20 22 14
20 19 30 26 20 22 14 20 19 7 19 30 26 20 22 14
20 19 30 26 20 22 14 20 19 30 7 19 30 26 20 22 14
20 19 30 26 20 22 14 20 19 30 7 30 26 20 22 14
20 19 30 26 20 22 14 20 19 30 26 7 30 26 20 22 14
20 19 7 19 30 26 20 22 14 20 19 30 26 20 22 14
20 19 30 7 19 30 26 20 22 14 20 19 30 26 20 22 14
20 19 30 7 30 26 20 22 14 20 19 30 26 20 22 14
20 19 30 26 7 30 26 20 22 14 20 19 30 26 20 22 14

17 30 19 21 11 11 18 17 30 19 21 11 11 18
17 30 19 21 11 11 18 17 30 17 30 19 21 11 11 18
17 30 19 21 11 11 18 17 30 19 17 30 19 21 11 11 18
17 30 19 21 11 11 18 17 30 19 17 19 21 11 11 18
17 30 19 21 11 11 18 17 30 19 21 17 19 21 11 11 18
17 30 17 30 19 21 11 11 18 17 30 19 21 11 11 18
17 30 19 17 30 19 21 11 11 18 17 30 19 21 11 11 18
17 30 19 17 19 21 11 11 18 17 30 19 21 11 11 18
17 30 19 21 17 19 21 11 11 18 17 30 19 21 11 11 18

19 6 27 17 28 12 14 19 6 27 17 28 12 14
19 6 27 17 28 12 14 19 6 6 6 27 17 28 12 14
19 6 27 17 28 12 14 19 6 27 6 6 27 17 28 12 14
19 6 27 17 28 12 14 19 6 27 6 27 17 28 12 14
19 6 27 17 28 12 14 19 6 27 17 6 27 17 28 12 14
19 6 6 6 27 17 28 12 14 19 6 27 17 28 12 14
19 6 27 6 6 27 17 28 12 14 19 6 27 17 28 12 14
19 6 27 6 27 17 28 12 14 19 6 27 17 28 12 14
19 6 27 17 6 27 17 28 12 14 19 6 27 17 28 12 14

10 14 23 6 5 17 19 10 14 23 6 5 17 19
10 14 23 6 5 17 19 10 14 11 14 23 6 5 17 19
10 14 23 6 5 17 19 10 14 23 11 14 23 6 5 17 19
10 14 23 6 5 17 19 10 14 23 11 23 6 5 17 19
10 14 23 6 5 17 19 10 14 23 6 11 23 6 5 17 19
10 14 11 14 23 6 5 17 19 10 14 23 6 5 17 19
10 14 23 11 14 23 6 5 17 19 10 14 23 6 5 17 19
10 14 23 11 23 6 5 17 19 10 14 23 6 5 17 19
10 14 23 6 11 23 6 5 17 19 10 14 23 6 5 17 19

9 10 26 12 13 30 12 9 10 26 12 13 30 12
9 10 26 12 13 30 12 9 10 13 10 26 12 13 30 12
9 10 26 12 13 30 12 9 10 26 13 10 26 12 13 30 12
9 10 26 12 13 30 12 9 10 26 13 26 12 13 30 12
9 10 26 12 13 30 12 9 10 26 12 13 26 12 13 30 12
9 10 13 10 26 12 13 30 12 9 10 26 12 13 30 12
9 10 26 13 10 26 12 13 30 12 9 10 26 12 13 30 12
9 10 26 13 26 12 13 30 12 9 10 26 12 13 30 12
9 10 26 12 13 26 12 13 30 12 9 10 26 12 13 30 12

16 19 12 14 6 9 17 16 19 12 14 6 9 17
16 19 12 14 6 9 17 16 19 8 19 12 14 6 9 17
16 19 12 14 6 9 17 16 19 12 8 19 12 14 6 9 17
16 19 12 14 6 9 17 16 19 12 8 12 14 6 9 17
16 19 12 14 6 9 17 16 19 12 14 8 12 14 6 9 17
16 19 8 19 12 14 6 9 17 16 19 12 14 6 9 17
16 19 12 8 19 12 14 6 9 17 16 19 12 14 6 9 17
16 19 12 8 12 14 6 9 17 16 19 12 14 6 9 17
16 19 12 14 8 12 14 6 9 17 16 19 12 14 6 9 17

11 5 24 16 23 15 13 11 5 24 16 23 15 13
11 5 24 16 23 15 13 11 5 9 5 24 16 23 15 13
11 5 24 16 23 15 13 11 5 24 9 5 24 16 23 15 13
11 5 24 16 23 15 13 11 5 24 9 24 16 23 15 13
11 5 24 16 23 15 13 11 5 24 16 9 24 16 23 15 13
11 5 9 5 24 16 23 15 13 11 5 24 16 23 15 13
11 5 24 9 5 24 16 23 15 13 11 5 24 16 23 15 13
11 5 24 9 24 16 23 15 13 11 5 24 16 23 15 13
11 5 24 16 9 24 16 23 15 13 11 5 24 16 23 15 13

29 27 7 5 17 14 8 29 27 7 5 17 14 8
29 27 7 5 17 14 8 29 27 20 27 7 5 17 14 8
29 27 7 5 17 14 8 29 27 7 20 27 7 5 17 14 8
29 27 7 5 17 14 8 29 27 7 20 7 5 17 14 8
29 27 7 5 17 14 8 29 27 7 5 20 7 5 17 14 8
29 27 20 27 7 5 17 14 8 29 27 7 5 17 14 8
29 27 7 20 27 7 5 17 14 8 29 27 7 5 17 14 8
29 27 7 20 7 5 17 14 8 29 27 7 5 17 14 8
29 27 7 5 20 7 5 17 14 8 29 27 7 5 17 14 8

5 14 8 25 9 28 6 5 14 8 25 9 28 6
5 14 8 25 9 28 6 5 14 13 14 8 25 9 28 6
5 14 8 25 9 28 6 5 14 8 13 14 8 25 9 28 6
5 14 8 25 9 28 6 5 14 8 13 8 25 9 28 6
5 14 8 25 9 28 6 5 14 8 25 13 8 25 9 28 6
5 14 13 14 8 25 9 28 6 5 14 8 25 9 28 6
5 14 8 13 14 8 25 9 28 6 5 14 8 25 9 28 6
5 14 8 13 8 25 9 28 6 5 14 8 25 9 28 6
5 14 8 25 13 8 25 9 28 6 5 14 8 25 9 28 6

18 30 24 12 26 12 20 18 30 24 12 26 12 20
18 30 24 12 26 12 20 18 30 11 30 24 12 26 12 20
18 30 24 12 26 12 20 18 30 24 11 30 24 12 26 12 20
18 30 24 12 26 12 20 18 30 24 11 24 12 26 12 20
18 30 24 12 26 12 20 18 30 24 12 11 24 12 26 12 20
18 30 11 30 24 12 26 12 20 18 30 24 12 26 12 20
18 30 24 11 30 24 12 26 12 20 18 30 24 12 26 12 20
18 30 24 11 24 12 26 12 20 18 30 24 12 26 12 20
18 30 24 12 11 24 12 26 12 20 18 30 24 12 26 12 20

6 20 24 21 8 8 17 6 20 24 21 8 8 17
6 20 24 21 8 8 17 6 20 10 20 24 21 8 8 17
6 20 24 21 8 8 17 6 20 24 10 20 24 21 8 8 17
6 20 24 21 8 8 17 6 20 24 10 24 21 8 8 17
6 20 24 21 8 8 17 6 20 24 21 10 24 21 8 8 17
6 20 10 20 24 21 8 8 17 6 20 24 21 8 8 17
6 20 24 10 20 24 21 8 8 17 6 20 24 21 8 8 17
6 20 24 10 24 21 8 8 17 6 20 24 21 8 8 17
6 20 24 21 10 24 21 8 8 17 6 20 24 21 8 8 17

28 7 11 13 12 24 24 28 7 11 13 12 24 24
28 7 11 13 12 24 24 28 7 8 7 11 13 12 24 24
28 7 11 13 12 24 24 28 7 11 8 7 11 13 12 24 24
28 7 11 13 12 24 24 28 7 11 8 11 13 12 24 24
28 7 11 13 12 24 24 28 7 11 13 8 11 13 12 24 24
28 7 8 7 11 13 12 24 24 28 7 11 13 12 24 24
28 7 11 8 7 11 13 12 24 24 28 7 11 13 12 24 24
28 7 11 8 11 13 12 24 24 28 7 11 13 12 24 24
28 7 11 13 8 11 13 12 24 24 28 7 11 13 12 24 24

12 5 23 10 20 10 22 12 5 23 10 20 10 22
12 5 23 10 20 10 22 12 5 7 5 23 10 20 10 22
12 5 23 10 20 10 22 12 5 23 7 5 23 10 20 10 22
12 5 23 10 20 10 22 12 5 23 7 23 10 20 10 22
12 5 23 10 20 10 22 12 5 23 10 7 23 10 20 10 22
12 5 7 5 23 10 20 10 22 12 5 23 10 20 10 22
12 5 23 7 5 23 10 20 10 22 12 5 23 10 20 10 22
12 5 23 7 23 10 20 10 22 12 5 23 10 20 10 22
12 5 23 10 7 23 10 20 10 22 12 5 23 10 20 10 22

21 17 26 15 20 25 10 21 17 26 15 20 25 10
21 17 26 15 20 25 10 21 17 14 17 26 15 20 25 10
21 17 26 15 20 25 10 21 17 26 14 17 26 15 20 25 10
21 17 26 15 20 25 10 21 17 26 14 26 15 20 25 10
21 17 26 15 20 25 10 21 17 26 15 14 26 15 20 25 10
21 17 14 17 26 15 20 25 10 21 17 26 15 20 25 10
21 17 26 14 17 26 15 20 25 10 21 17 26 15 20 25 10
21 17 26 14 26 15 20 25 10 21 17 26 15 20 25 10
21 17 26 15 14 26 15 20 25 10 21 17 26 15 20 25 10

18 5 22 29 19 9 24 18 5 22 29 19 9 24
18 5 22 29 19 9 24 18 5 10 5 22 29 19 9 24
18 5 22 29 19 9 24 18 5 22 10 5 22 29 19 9 24
18 5 22 29 19 9 24 18 5 22 10 22 29 19 9 24
18 5 22 29 19 9 24 18 5 22 29 10 22 29 19 9 24
18 5 10 5 22 29 19 9 24 18 5 22 29 19 9 24
18 5 22 10 5 22 29 19 9 24 18 5 22 29 19 9 24
18 5 22 10 22 29 19 9 24 18 5 22 29 19 9 24
18 5 22 29 10 22 29 19 9 24 18 5 22 29 19 9 24

8 27 7 7 17 19 30 8 27 7 7 17 19 30
8 27 7 7 17 19 30 8 27 14 27 7 7 17 19 30
8 27 7 7 17 19 30 8 27 7 14 27 7 7 17 19 30
8 27 7 7 17 19 30 8 27 7 14 7 7 17 19 30
8 27 7 7 17 19 30 8 27 7 7 14 7 7 17 19 30
8 27 14 27 7 7 17 19 30 8 27 7 7 17 19 30
8 27 7 14 27 7 7 17 19 30 8 27 7 7 17 19 30
8 27 7 14 7 7 17 19 30 8 27 7 7 17 19 30
8 27 7 7 14 7 7 17 19 30 8 27 7 7 17 19 30

29 26 11 27 27 14 13 29 26 11 27 27 14 13
29 26 11 27 27 14 13 29 26 12 26 11 27 27 14 13
29 26 11 27 27 14 13 29 26 11 12 26 11 27 27 14 13
29 26 11 27 27 14 13 29 26 11 12 11 27 27 14 13
29 26 11 27 27 14 13 29 26 11 27 12 11 27 27 14 13
29 26 12 26 11 27 27 14 13 29 26 11 27 27 14 13
29 26 11 12 26 11 27 27 14 13 29 26 11 27 27 14 13
29 26 11 12 11 27 27 14 13 29 26 11 27 27 14 13
29 26 11 27 12 11 27 27 14 13 29 26 11 27 27 14 13

25 20 28 16 29 24 26 25 20 28 16 29 24 26
25 20 28 16 29 24 26 25 20 16 20 28 16 29 24 26
25 20 28 16 29 24 26 25 20 28 16 20 28 16 29 24 26
25 20 28 16 29 24 26 25 20 28 16 28 16 29 24 26
25 20 28 16 29 24 26 25 20 28 16 16 28 16 29 24 26
25 20 16 20 28 16 29 24 26 25 20 28 16 29 24 26
25 20 28 16 20 28 16 29 24 26 25 20 28 16 29 24 26
25 20 28 16 28 16 29 24 26 25 20 28 16 29 24 26
25 20 28 16 16 28 16 29 24 26 25 20 28 16 29 24 26

30 21 24 9 28 10 6 30 21 24 9 28 10 6
30 21 24 9 28 10 6 30 21 7 21 24 9 28 10 6
30 21 24 9 28 10 6 30 21 24 7 21 24 9 28 10 6
30 21 24 9 28 10 6 30 21 24 7 24 9 28 10 6
30 21 24 9 28 10 6 30 21 24 9 7 24 9 28 10 6
30 21 7 21 24 9 28 10 6 30 21 24 9 28 10 6
30 21 24 7 21 24 9 28 10 6 30 21 24 9 28 10 6
30 21 24 7 24 9 28 10 6 30 21 24 9 28 10 6
30 21 24 9 7 24 9 28 10 6 30 21 24 9 28 10 6

8 13 29 24 20 12 19 8 13 29 24 20 12 19
8 13 29 24 20 12 19 8 13 12 13 29 24 20 12 19
8 13 29 24 20 12 19 8 13 29 12 13 29 24 20 12 19
8 13 29 24 20 12 19 8 13 29 12 29 24 20 12 19
8 13 29 24 20 12 19 8 13 29 24 12 29 24 20 12 19
8 13 12 13 29 24 20 12 19 8 13 29 24 20 12 19
8 13 29 12 13 29 24 20 12 19 8 13 29 24 20 12 19
8 13 29 12 29 24 20 12 19 8 13 29 24 20 12 19
8 13 29 24 12 29 24 20 12 19 8 13 29 24 20 12 19

8 13 18 17 24 7 28 8 13 18 17 24 7 28
8 13 18 17 24 7 28 8 13 18 13 18 17 24 7 28
8 13 18 17 24 7 28 8 13 18 18 13 18 17 24 7 28
8 13 18 17 24 7 28 8 13 18 18 18 17 24 7 28
8 13 18 17 24 7 28 8 13 18 17 18 18 17 24 7 28
8 13 18 13 18 17 24 7 28 8 13 18 17 24 7 28
8 13 18 18 13 18 17 24 7 28 8 13 18 17 24 7 28
8 13 18 18 18 17 24 7 28 8 13 18 17 24 7 28
8 13 18 17 18 18 17 24 7 28 8 13 18 17 24 7 28

7 26 23 5 10 13 5 7 26 23 5 10 13 5
7 26 23 5 10 13 5 7 26 6 26 23 5 10 13 5
7 26 23 5 10 13 5 7 26 23 6 26 23 5 10 13 5
7 26 23 5 10 13 5 7 26 23 6 23 5 10 13 5
7 26 23 5 10 13 5 7 26 23 5 6 23 5 10 13 5
7 26 6 26 23 5 10 13 5 7 26 23 5 10 13 5
7 26 23 6 26 23 5 10 13 5 7 26 23 5 10 13 5
7 26 23 6 23 5 10 13 5 7 26 23 5 10 13 5
7 26 23 5 6 23 5 10 13 5 7 26 23 5 10 13 5

23 10 17 29 18 22 30 23 10 17 29 18 22 30
23 10 17 29 18 22 30 23 10 16 10 17 29 18 22 30
23 10 17 29 18 22 30 23 10 17 16 10 17 29 18 22 30
23 10 17 29 18 22 30 23 10 17 16 17 29 18 22 30
23 10 17 29 18 22 30 23 10 17 29 16 17 29 18 22 30
23 10 16 10 17 29 18 22 30 23 10 17 29 18 22 30
23 10 17 16 10 17 29 18 22 30 23 10 17 29 18 22 30
23 10 17 16 17 29 18 22 30 23 10 17 29 18 22 30
23 10 17 29 16 17 29 18 22 30 23 10 17 29 18 22 30

21 10 25 23 9 8 16 21 10 25 23 9 8 16
21 10 25 23 9 8 16 21 10 18 10 25 23 9 8 16
21 10 25 23 9 8 16 21 10 25 18 10 25 23 9 8 16
21 10 25 23 9 8 16 21 10 25 18 25 23 9 8 16
21 10 25 23 9 8 16 21 10 25 23 18 25 23 9 8 16
21 10 18 10 25 23 9 8 16 21 10 25 23 9 8 16
21 10 25 18 10 25 23 9 8 16 21 10 25 23 9 8 16
21 10 25 18 25 23 9 8 16 21 10 25 23 9 8 16
21 10 25 23 18 25 23 9 8 16 21 10 25 23 9 8 16

19 27 16 28 14 18 18 19 27 16 28 14 18 18
19 27 16 28 14 18 18 19 27 8 27 16 28 14 18 18
19 27 16 28 14 18 18 19 27 16 8 27 16 28 14 18 18
19 27 16 28 14 18 18 19 27 16 8 16 28 14 18 18
19 27 16 28 14 18 18 19 27 16 28 8 16 28 14 18 18
19 27 8 27 16 28 14 18 18 19 27 16 28 14 18 18
19 27 16 8 27 16 28 14 18 18 19 27 16 28 14 18 18
19 27 16 8 16 28 14 18 18 19 27 16 28 14 18 18
19 27 16 28 8 16 28 14 18 18 19 27 16 28 14 18 18

30 20 15 25 15 27 13 30 20 15 25 15 27 13
30 20 15 25 15 27 13 30 20 13 20 15 25 15 27 13
30 20 15 25 15 27 13 30 20 15 13 20 15 25 15 27 13
30 20 15 25 15 27 13 30 20 15 13 15 25 15 27 13
30 20 15 25 15 27 13 30 20 15 25 13 15 25 15 27 13
30 20 13 20 15 25 15 27 13 30 20 15 25 15 27 13
30 20 15 13 20 15 25 15 27 13 30 20 15 25 15 27 13
30 20 15 13 15 25 15 27 13 30 20 15 25 15 27 13
30 20 15 25 13 15 25 15 27 13 30 20 15 25 15 27 13

6 6 10 17 29 6 28 6 6 10 17 29 6 28
6 6 10 17 29 6 28 6 6 9 6 10 17 29 6 28
6 6 10 17 29 6 28 6 6 10 9 6 10 17 29 6 28
6 6 10 17 29 6 28 6 6 10 9 10 17 29 6 28
6 6 10 17 29 6 28 6 6 10 17 9 10 17 29 6 28
6 6 9 6 10 17 29 6 28 6 6 10 17 29 6 28
6 6 10 9 6 10 17 29 6 28 6 6 10 17 29 6 28
6 6 10 9 10 17 29 6 28 6 6 10 17 29 6 28
6 6 10 17 9 10 17 29 6 28 6 6 10 17 29 6 28

10 23 30 14 27 10 5 10 23 30 14 27 10 5
10 23 30 14 27 10 5 10 23 5 23 30 14 27 10 5
10 23 30 14 27 10 5 10 23 30 5 23 30 14 27 10 5
10 23 30 14 27 10 5 10 23 30 5 30 14 27 10 5
10 23 30 14 27 10 5 10 23 30 14 5 30 14 27 10 5
10 23 5 23 30 14 27 10 5 10 23 30 14 27 10 5
10 23 30 5 23 30 14 27 10 5 10 23 30 14 27 10 5
10 23 30 5 30 14 27 10 5 10 23 30 14 27 10 5
10 23 30 14 5 30 14 27 10 5 10 23 30 14 27 10 5

14 14 19 20 6 26 11 14 14 19 20 6 26 11
14 14 19 20 6 26 11 14 14 14 14 19 20 6 26 11
14 14 19 20 6 26 11 14 14 19 14 14 19 20 6 26 11
14 14 19 20 6 26 11 14 14 19 14 19 20 6 26 11
14 14 19 20 6 26 11 14 14 19 20 14 19 20 6 26 11
14 14 14 14 19 20 6 26 11 14 14 19 20 6 26 11
14 14 19 14 14 19 20 6 26 11 14 14 19 20 6 26 11
14 14 19 14 19 20 6 26 11 14 14 19 20 6 26 11
14 14 19 20 14 19 20 6 26 11 14 14 19 20 6 26 11

26 12 5 12 26 27 9 26 12 5 12 26 27 9
26 12 5 12 26 27 9 26 12 17 12 5 12 26 27 9
26 12 5 12 26 27 9 26 12 5 17 12 5 12 26 27 9
26 12 5 12 26 27 9 26 12 5 17 5 12 26 27 9
26 12 5 12 26 27 9 26 12 5 12 17 5 12 26 27 9
26 12 17 12 5 12 26 27 9 26 12 5 12 26 27 9
26 12 5 17 12 5 12 26 27 9 26 12 5 12 26 27 9
26 12 5 17 5 12 26 27 9 26 12 5 12 26 27 9
26 12 5 12 17 5 12 26 27 9 26 12 5 12 26 27 9

10 8 18 22 28 27 14 10 8 18 22 28 27 14
10 8 18 22 28 27 14 10 8 18 8 18 22 28 27 14
10 8 18 22 28 27 14 10 8 18 18 8 18 22 28 27 14
10 8 18 22 28 27 14 10 8 18 18 18 22 28 27 14
10 8 18 22 28 27 14 10 8 18 22 18 18 22 28 27 14
10 8 18 8 18 22 28 27 14 10 8 18 22 28 27 14
10 8 18 18 8 18 22 28 27 14 10 8 18 22 28 27 14
10 8 18 18 18 22 28 27 14 10 8 18 22 28 27 14
10 8 18 22 18 18 22 28 27 14 10 8 18 22 28 27 14

24 30 17 10 5 15 22 24 30 17 10 5 15 22
24 30 17 10 5 15 22 24 30 14 30 17 10 5 15 22
24 30 17 10 5 15 22 24 30 17 14 30 17 10 5 15 22
24 30 17 10 5 15 22 24 30 17 14 17 10 5 15 22
24 30 17 10 5 15 22 24 30 17 10 14 17 10 5 15 22
24 30 14 30 17 10 5 15 22 24 30 17 10 5 15 22
24 30 17 14 30 17 10 5 15 22 24 30 17 10 5 15 22
24 30 17 14 17 10 5 15 22 24 30 17 10 5 15 22
24 30 17 10 14 17 10 5 15 22 24 30 17 10 5 15 22

24 9 28 27 29 24 14 24 9 28 27 29 24 14
24 9 28 27 29 24 14 24 9 12 9 28 27 29 24 14
24 9 28 27 29 24 14 24 9 28 12 9 28 27 29 24 14
24 9 28 27 29 24 14 24 9 28 12 28 27 29 24 14
24 9 28 27 29 24 14 24 9 28 27 12 28 27 29 24 14
24 9 12 9 28 27 29 24 14 24 9 28 27 29 24 14
24 9 28 12 9 28 27 29 24 14 24 9 28 27 29 24 14
24 9 28 12 28 27 29 24 14 24 9 28 27 29 24 14
24 9 28 27 12 28 27 29 24 14 24 9 28 27 29 24 14

12 17 14 21 26 9 17 12 17 14 21 26 9 17
12 17 14 21 26 9 17 12 17 14 17 14 21 26 9 17
12 17 14 21 26 9 17 12 17 14 14 17 14 21 26 9 17
12 17 14 21 26 9 17 12 17 14 14 14 21 26 9 17
12 17 14 21 26 9 17 12 17 14 21 14 14 21 26 9 17
12 17 14 17 14 21 26 9 17 12 17 14 21 26 9 17
12 17 14 14 17 14 21 26 9 17 12 17 14 21 26 9 17
12 17 14 14 14 21 26 9 17 12 17 14 21 26 9 17
12 17 14 21 14 14 21 26 9 17 12 17 14 21 26 9 17

9 15 15 16 28 20 14 9 15 15 16 28 20 14
9 15 15 16 28 20 14 9 15 9 15 15 16 28 20 14
9 15 15 16 28 20 14 9 15 15 9 15 15 16 28 20 14
9 15 15 16 28 20 14 9 15 15 9 15 16 28 20 14
9 15 15 16 28 20 14 9 15 15 16 9 15 16 28 20 14
9 15 9 15 15 16 28 20 14 9 15 15 16 28 20 14
9 15 15 9 15 15 16 28 20 14 9 15 15 16 28 20 14
9 15 15 9 15 16 28 20 14 9 15 15 16 28 20 14
9 15 15 16 9 15 16 28 20 14 9 15 15 16 28 20 14

12 11 25 25 23 21 17 12 11 25 25 23 21 17
12 11 25 25 23 21 17 12 11 12 11 25 25 23 21 17
12 11 25 25 23 21 17 12 11 25 12 11 25 25 23 21 17
12 11 25 25 23 21 17 12 11 25 12 25 25 23 21 17
12 11 25 25 23 21 17 12 11 25 25 12 25 25 23 21 17
12 11 12 11 25 25 23 21 17 12 11 25 25 23 21 17
12 11 25 12 11 25 25 23 21 17 12 11 25 25 23 21 17
12 11 25 12 25 25 23 21 17 12 11 25 25 23 21 17
12 11 25 25 12 25 25 23 21 17 12 11 25 25 23 21 17

12 11 22 7 9 6 12 12 11 22 7 9 6 12
12 11 22 7 9 6 12 12 11 9 11 22 7 9 6 12
12 11 22 7 9 6 12 12 11 22 9 11 22 7 9 6 12
12 11 22 7 9 6 12 12 11 22 9 22 7 9 6 12
12 11 22 7 9 6 12 12 11 22 7 9 22 7 9 6 12
12 11 9 11 22 7 9 6 12 12 11 22 7 9 6 12
12 11 22 9 11 22 7 9 6 12 12 11 22 7 9 6 12
12 11 22 9 22 7 9 6 12 12 11 22 7 9 6 12
12 11 22 7 9 22 7 9 6 12 12 11 22 7 9 6 12

23 7 14 11 20 29 8 23 7 14 11 20 29 8
23 7 14 11 20 29 8 23 7 14 7 14 11 20 29 8
23 7 14 11 20 29 8 23 7 14 14 7 14 11 20 29 8
23 7 14 11 20 29 8 23 7 14 14 14 11 20 29 8
23 7 14 11 20 29 8 23 7 14 11 14 14 11 20 29 8
23 7 14 7 14 11 20 29 8 23 7 14 11 20 29 8
23 7 14 14 7 14 11 20 29 8 23 7 14 11 20 29 8
23 7 14 14 14 11 20 29 8 23 7 14 11 20 29 8
23 7 14 11 14 14 11 20 29 8 23 7 14 11 20 29 8

30 26 9 30 14 12 22 30 26 9 30 14 12 22
30 26 9 30 14 12 22 30 26 11 26 9 30 14 12 22
30 26 9 30 14 12 22 30 26 9 11 26 9 30 14 12 22
30 26 9 30 14 12 22 30 26 9 11 9 30 14 12 22
30 26 9 30 14 12 22 30 26 9 30 11 9 30 14 12 22
30 26 11 26 9 30 14 12 22 30 26 9 30 14 12 22
30 26 9 11 26 9 30 14 12 22 30 26 9 30 14 12 22
30 26 9 11 9 30 14 12 22 30 26 9 30 14 12 22
30 26 9 30 11 9 30 14 12 22 30 26 9 30 14 12 22

20 16 10 16 18 21 16 20 16 10 16 18 21 16
20 16 10 16 18 21 16 20 16 13 16 10 16 18 21 16
20 16 10 16 18 21 16 20 16 10 13 16 10 16 18 21 16
20 16 10 16 18 21 16 20 16 10 13 10 16 18 21 16
20 16 10 16 18 21 16 20 16 10 16 13 10 16 18 21 16
20 16 13 16 10 16 18 21 16 20 16 10 16 18 21 16
20 16 10 13 16 10 16 18 21 16 20 16 10 16 18 21 16
20 16 10 13 10 16 18 21 16 20 16 10 16 18 21 16
20 16 10 16 13 10 16 18 21 16 20 16 10 16 18 21 16

23 10 11 21 9 14 24 23 10 11 21 9 14 24
23 10 11 21 9 14 24 23 10 11 10 11 21 9 14 24
23 10 11 21 9 14 24 23 10 11 11 10 11 21 9 14 24
23 10 11 21 9 14 24 23 10 11 11 11 21 9 14 24
23 10 11 21 9 14 24 23 10 11 21 11 11 21 9 14 24
23 10 11 10 11 21 9 14 24 23 10 11 21 9 14 24
23 10 11 11 10 11 21 9 14 24 23 10 11 21 9 14 24
23 10 11 11 11 21 9 14 24 23 10 11 21 9 14 24
23 10 11 21 11 11 21 9 14 24 23 10 11 21 9 14 24

20 30 9 23 25 20 16 20 30 9 23 25 20 16
20 30 9 23 25 20 16 20 30 14 30 9 23 25 20 16
20 30 9 23 25 20 16 20 30 9 14 30 9 23 25 20 16
20 30 9 23 25 20 16 20 30 9 14 9 23 25 20 16
20 30 9 23 25 20 16 20 30 9 23 14 9 23 25 20 16
20 30 14 30 9 23 25 20 16 20 30 9 23 25 20 16
20 30 9 14 30 9 23 25 20 16 20 30 9 23 25 20 16
20 30 9 14 9 23 25 20 16 20 30 9 23 25 20 16
20 30 9 23 14 9 23 25 20 16 20 30 9 23 25 20 16

24 30 21 7 13 17 28 24 30 21 7 13 17 28
24 30 21 7 13 17 28 24 30 16 30 21 7 13 17 28
24 30 21 7 13 17 28 24 30 21 16 30 21 7 13 17 28
24 30 21 7 13 17 28 24 30 21 16 21 7 13 17 28
24 30 21 7 13 17 28 24 30 21 7 16 21 7 13 17 28
24 30 16 30 21 7 13 17 28 24 30 21 7 13 17 28
24 30 21 16 30 21 7 13 17 28 24 30 21 7 13 17 28
24 30 21 16 21 7 13 17 28 24 30 21 7 13 17 28
24 30 21 7 16 21 7 13 17 28 24 30 21 7 13 17 28

16 19 7 22 17 21 10 16 19 7 22 17 21 10
16 19 7 22 17 21 10 16 19 10 19 7 22 17 21 10
16 19 7 22 17 21 10 16 19 7 10 19 7 22 17 21 10
16 19 7 22 17 21 10 16 19 7 10 7 22 17 21 10
16 19 7 22 17 21 10 16 19 7 22 10 7 22 17 21 10
16 19 10 19 7 22 17 21 10 16 19 7 22 17 21 10
16 19 7 10 19 7 22 17 21 10 16 19 7 22 17 21 10
16 19 7 10 7 22 17 21 10 16 19 7 22 17 21 10
16 19 7 22 10 7 22 17 21 10 16 19 7 22 17 21 10

12 10 10 16 28 26 9 12 10 10 16 28 26 9
12 10 10 16 28 26 9 12 10 17 10 10 16 28 26 9
12 10 10 16 28 26 9 12 10 10 17 10 10 16 28 26 9
12 10 10 16 28 26 9 12 10 10 17 10 16 28 26 9
12 10 10 16 28 26 9 12 10 10 16 17 10 16 28 26 9
12 10 17 10 10 16 28 26 9 12 10 10 16 28 26 9
12 10 10 17 10 10 16 28 26 9 12 10 10 16 28 26 9
12 10 10 17 10 16 28 26 9 12 10 10 16 28 26 9
12 10 10 16 17 10 16 28 26 9 12 10 10 16 28 26 9

20 18 24 27 27 17 19 20 18 24 27 27 17 19
20 18 24 27 27 17 19 20 18 13 18 24 27 27 17 19
20 18 24 27 27 17 19 20 18 24 13 18 24 27 27 17 19
20 18 24 27 27 17 19 20 18 24 13 24 27 27 17 19
20 18 24 27 27 17 19 20 18 24 27 13 24 27 27 17 19
20 18 13 18 24 27 27 17 19 20 18 24 27 27 17 19
20 18 24 13 18 24 27 27 17 19 20 18 24 27 27 17 19
20 18 24 13 24 27 27 17 19 20 18 24 27 27 17 19
20 18 24 27 13 24 27 27 17 19 20 18 24 27 27 17 19

24 16 19 22 23 6 13 24 16 19 22 23 6 13
24 16 19 22 23 6 13 24 16 6 16 19 22 23 6 13
24 16 19 22 23 6 13 24 16 19 6 16 19 22 23 6 13
24 16 19 22 23 6 13 24 16 19 6 19 22 23 6 13
24 16 19 22 23 6 13 24 16 19 22 6 19 22 23 6 13
24 16 6 16 19 22 23 6 13 24 16 19 22 23 6 13
24 16 19 6 16 19 22 23 6 13 24 16 19 22 23 6 13
24 16 19 6 19 22 23 6 13 24 16 19 22 23 6 13
24 16 19 22 6 19 22 23 6 13 24 16 19 22 23 6 13

20 13 29 16 11 16 12 20 13 29 16 11 16 12
20 13 29 16 11 16 12 20 13 17 13 29 16 11 16 12
20 13 29 16 11 16 12 20 13 29 17 13 29 16 11 16 12
20 13 29 16 11 16 12 20 13 29 17 29 16 11 16 12
20 13 29 16 11 16 12 20 13 29 16 17 29 16 11 16 12
20 13 17 13 29 16 11 16 12 20 13 29 16 11 16 12
20 13 29 17 13 29 16 11 16 12 20 13 29 16 11 16 12
20 13 29 17 29 16 11 16 12 20 13 29 16 11 16 12
20 13 29 16 17 29 16 11 16 12 20 13 29 16 11 16 12

16 9 30 11 24 30 16 16 9 30 11 24 30 16
16 9 30 11 24 30 16 16 9 10 9 30 11 24 30 16
16 9 30 11 24 30 16 16 9 30 10 9 30 11 24 30 16
16 9 30 11 24 30 16 16 9 30 10 30 11 24 30 16
16 9 30 11 24 30 16 16 9 30 11 10 30 11 24 30 16
16 9 10 9 30 11 24 30 16 16 9 30 11 24 30 16
16 9 30 10 9 30 11 24 30 16 16 9 30 11 24 30 16
16 9 30 10 30 11 24 30 16 16 9 30 11 24 30 16
16 9 30 11 10 30 11 24 30 16 16 9 30 11 24 30 16

25 13 22 12 27 13 26 25 13 22 12 27 13 26
25 13 22 12 27 13 26 25 13 6 13 22 12 27 13 26
25 13 22 12 27 13 26 25 13 22 6 13 22 12 27 13 26
25 13 22 12 27 13 26 25 13 22 6 22 12 27 13 26
25 13 22 12 27 13 26 25 13 22 12 6 22 12 27 13 26
25 13 6 13 22 12 27 13 26 25 13 22 12 27 13 26
25 13 22 6 13 22 12 27 13 26 25 13 22 12 27 13 26
25 13 22 6 22 12 27 13 26 25 13 22 12 27 13 26
25 13 22 12 6 22 12 27 13 26 25 13 22 12 27 13 26

10 28 24 9 7 14 5 10 28 24 9 7 14 5
10 28 24 9 7 14 5 10 28 9 28 24 9 7 14 5
10 28 24 9 7 14 5 10 28 24 9 28 24 9 7 14 5
10 28 24 9 7 14 5 10 28 24 9 24 9 7 14 5
10 28 24 9 7 14 5 10 28 24 9 9 24 9 7 14 5
10 28 9 28 24 9 7 14 5 10 28 24 9 7 14 5
10 28 24 9 28 24 9 7 14 5 10 28 24 9 7 14 5
10 28 24 9 24 9 7 14 5 10 28 24 9 7 14 5
10 28 24 9 9 24 9 7 14 5 10 28 24 9 7 14 5

6 30 13 7 28 21 6 6 30 13 7 28 21 6
6 30 13 7 28 21 6 6 30 6 30 13 7 28 21 6
6 30 13 7 28 21 6 6 30 13 6 30 13 7 28 21 6
6 30 13 7 28 21 6 6 30 13 6 13 7 28 21 6
6 30 13 7 28 21 6 6 30 13 7 6 13 7 28 21 6
6 30 6 30 13 7 28 21 6 6 30 13 7 28 21 6
6 30 13 6 30 13 7 28 21 6 6 30 13 7 28 21 6
6 30 13 6 13 7 28 21 6 6 30 13 7 28 21 6
6 30 13 7 6 13 7 28 21 6 6 30 13 7 28 21 6

19 29 23 19 19 25 17 19 29 23 19 19 25 17
19 29 23 19 19 25 17 19 29 16 29 23 19 19 25 17
19 29 23 19 19 25 17 19 29 23 16 29 23 19 19 25 17
19 29 23 19 19 25 17 19 29 23 16 23 19 19 25 17
19 29 23 19 19 25 17 19 29 23 19 16 23 19 19 25 17
19 29 16 29 23 19 19 25 17 19 29 23 19 19 25 17
19 29 23 16 29 23 19 19 25 17 19 29 23 19 19 25 17
19 29 23 16 23 19 19 25 17 19 29 23 19 19 25 17
19 29 23 19 16 23 19 19 25 17 19 29 23 19 19 25 17

6 7 24 25 25 16 13 6 7 24 25 25 16 13
6 7 24 25 25 16 13 6 7 8 7 24 25 25 16 13
6 7 24 25 25 16 13 6 7 24 8 7 24 25 25 16 13
6 7 24 25 25 16 13 6 7 24 8 24 25 25 16 13
6 7 24 25 25 16 13 6 7 24 25 8 24 25 25 16 13
6 7 8 7 24 25 25 16 13 6 7 24 25 25 16 13
6 7 24 8 7 24 25 25 16 13 6 7 24 25 25 16 13
6 7 24 8 24 25 25 16 13 6 7 24 25 25 16 13
6 7 24 25 8 24 25 25 16 13 6 7 24 25 25 16 13

9 12 7 25 7 29 29 9 12 7 25 7 29 29
9 12 7 25 7 29 29 9 12 15 12 7 25 7 29 29
9 12 7 25 7 29 29 9 12 7 15 12 7 25 7 29 29
9 12 7 25 7 29 29 9 12 7 15 7 25 7 29 29
9 12 7 25 7 29 29 9 12 7 25 15 7 25 7 29 29
9 12 15 12 7 25 7 29 29 9 12 7 25 7 29 29
9 12 7 15 12 7 25 7 29 29 9 12 7 25 7 29 29
9 12 7 15 7 25 7 29 29 9 12 7 25 7 29 29
9 12 7 25 15 7 25 7 29 29 9 12 7 25 7 29 29

25 17 17 14 13 27 13 25 17 17 14 13 27 13
25 17 17 14 13 27 13 25 17 9 17 17 14 13 27 13
25 17 17 14 13 27 13 25 17 17 9 17 17 14 13 27 13
25 17 17 14 13 27 13 25 17 17 9 17 14 13 27 13
25 17 17 14 13 27 13 25 17 17 14 9 17 14 13 27 13
25 17 9 17 17 14 13 27 13 25 17 17 14 13 27 13
25 17 17 9 17 17 14 13 27 13 25 17 17 14 13 27 13
25 17 17 9 17 14 13 27 13 25 17 17 14 13 27 13
25 17 17 14 9 17 14 13 27 13 25 17 17 14 13 27 13

30 12 19 12 17 23 7 30 12 19 12 17 23 7
30 12 19 12 17 23 7 30 12 20 12 19 12 17 23 7
30 12 19 12 17 23 7 30 12 19 20 12 19 12 17 23 7
30 12 19 12 17 23 7 30 12 19 20 19 12 17 23 7
30 12 19 12 17 23 7 30 12 19 12 20 19 12 17 23 7
30 12 20 12 19 12 17 23 7 30 12 19 12 17 23 7
30 12 19 20 12 19 12 17 23 7 30 12 19 12 17 23 7
30 12 19 20 19 12 17 23 7 30 12 19 12 17 23 7
30 12 19 12 20 19 12 17 23 7 30 12 19 12 17 23 7

27 15 13 20 29 12 25 27 15 13 20 29 12 25
27 15 13 20 29 12 25 27 15 15 15 13 20 29 12 25
27 15 13 20 29 12 25 27 15 13 15 15 13 20 29 12 25
27 15 13 20 29 12 25 27 15 13 15 13 20 29 12 25
27 15 13 20 29 12 25 27 15 13 20 15 13 20 29 12 25
27 15 15 15 13 20 29 12 25 27 15 13 20 29 12 25
27 15 13 15 15 13 20 29 12 25 27 15 13 20 29 12 25
27 15 13 15 13 20 29 12 25 27 15 13 20 29 12 25
27 15 13 20 15 13 20 29 12 25 27 15 13 20 29 12 25

22 19 15 11 7 24 19 22 19 15 11 7 24 19
22 19 15 11 7 24 19 22 19 18 19 15 11 7 24 19
22 19 15 11 7 24 19 22 19 15 18 19 15 11 7 24 19
22 19 15 11 7 24 19 22 19 15 18 15 11 7 24 19
22 19 15 11 7 24 19 22 19 15 11 18 15 11 7 24 19
22 19 18 19 15 11 7 24 19 22 19 15 11 7 24 19
22 19 15 18 19 15 11 7 24 19 22 19 15 11 7 24 19
22 19 15 18 15 11 7 24 19 22 19 15 11 7 24 19
22 19 15 11 18 15 11 7 24 19 22 19 15 11 7 24 19

20 15 9 9 5 15 14 20 15 9 9 5 15 14
20 15 9 9 5 15 14 20 15 5 15 9 9 5 15 14
20 15 9 9 5 15 14 20 15 9 5 15 9 9 5 15 14
20 15 9 9 5 15 14 20 15 9 5 9 9 5 15 14
20 15 9 9 5 15 14 20 15 9 9 5 9 9 5 15 14
20 15 5 15 9 9 5 15 14 20 15 9 9 5 15 14
20 15 9 5 15 9 9 5 15 14 20 15 9 9 5 15 14
20 15 9 5 9 9 5 15 14 20 15 9 9 5 15 14
20 15 9 9 5 9 9 5 15 14 20 15 9 9 5 15 14

14 14 29 14 24 27 15 14 14 29 14 24 27 15
14 14 29 14 24 27 15 14 14 5 14 29 14 24 27 15
14 14 29 14 24 27 15 14 14 29 5 14 29 14 24 27 15
14 14 29 14 24 27 15 14 14 29 5 29 14 24 27 15
14 14 29 14 24 27 15 14 14 29 14 5 29 14 24 27 15
14 14 5 14 29 14 24 27 15 14 14 29 14 24 27 15
14 14 29 5 14 29 14 24 27 15 14 14 29 14 24 27 15
14 14 29 5 29 14 24 27 15 14 14 29 14 24 27 15
14 14 29 14 5 29 14 24 27 15 14 14 29 14 24 27 15

16 25 10 23 29 21 14 16 25 10 23 29 21 14
16 25 10 23 29 21 14 16 25 14 25 10 23 29 21 14
16 25 10 23 29 21 14 16 25 10 14 25 10 23 29 21 14
16 25 10 23 29 21 14 16 25 10 14 10 23 29 21 14
16 25 10 23 29 21 14 16 25 10 23 14 10 23 29 21 14
16 25 14 25 10 23 29 21 14 16 25 10 23 29 21 14
16 25 10 14 25 10 23 29 21 14 16 25 10 23 29 21 14
16 25 10 14 10 23 29 21 14 16 25 10 23 29 21 14
16 25 10 23 14 10 23 29 21 14 16 25 10 23 29 21 14

30 16 7 26 21 12 14 30 16 7 26 21 12 14
30 16 7 26 21 12 14 30 16 8 16 7 26 21 12 14
30 16 7 26 21 12 14 30 16 7 8 16 7 26 21 12 14
30 16 7 26 21 12 14 30 16 7 8 7 26 21 12 14
30 16 7 26 21 12 14 30 16 7 26 8 7 26 21 12 14
30 16 8 16 7 26 21 12 14 30 16 7 26 21 12 14
30 16 7 8 16 7 26 21 12 14 30 16 7 26 21 12 14
30 16 7 8 7 26 21 12 14 30 16 7 26 21 12 14
30 16 7 26 8 7 26 21 12 14 30 16 7 26 21 12 14

12 21 21 29 13 21 8 12 21 21 29 13 21 8
12 21 21 29 13 21 8 12 21 18 21 21 29 13 21 8
12 21 21 29 13 21 8 12 21 21 18 21 21 29 13 21 8
12 21 21 29 13 21 8 12 21 21 18 21 29 13 21 8
12 21 21 29 13 21 8 12 21 21 29 18 21 29 13 21 8
12 21 18 21 21 29 13 21 8 12 21 21 29 13 21 8
12 21 21 18 21 21 29 13 21 8 12 21 21 29 13 21 8
12 21 21 18 21 29 13 21 8 12 21 21 29 13 21 8
12 21 21 29 18 21 29 13 21 8 12 21 21 29 13 21 8

12 19 10 12 28 12 29 12 19 10 12 28 12 29
12 19 10 12 28 12 29 12 19 11 19 10 12 28 12 29
12 19 10 12 28 12 29 12 19 10 11 19 10 12 28 12 29
12 19 10 12 28 12 29 12 19 10 11 10 12 28 12 29
12 19 10 12 28 12 29 12 19 10 12 11 10 12 28 12 29
12 19 11 19 10 12 28 12 29 12 19 10 12 28 12 29
12 19 10 11 19 10 12 28 12 29 12 19 10 12 28 12 29
12 19 10 11 10 12 28 12 29 12 19 10 12 28 12 29
12 19 10 12 11 10 12 28 12 29 12 19 10 12 28 12 29

16 24 21 26 23 29 15 16 24 21 26 23 29 15
16 24 21 26 23 29 15 16 24 16 24 21 26 23 29 15
16 24 21 26 23 29 15 16 24 21 16 24 21 26 23 29 15
16 24 21 26 23 29 15 16 24 21 16 21 26 23 29 15
16 24 21 26 23 29 15 16 24 21 26 16 21 26 23 29 15
16 24 16 24 21 26 23 29 15 16 24 21 26 23 29 15
16 24 21 16 24 21 26 23 29 15 16 24 21 26 23 29 15
16 24 21 16 21 26 23 29 15 16 24 21 26 23 29 15
16 24 21 26 16 21 26 23 29 15 16 24 21 26 23 29 15

8 14 21 6 30 5 17 8 14 21 6 30 5 17
8 14 21 6 30 5 17 8 14 17 14 21 6 30 5 17
8 14 21 6 30 5 17 8 14 21 17 14 21 6 30 5 17
8 14 21 6 30 5 17 8 14 21 17 21 6 30 5 17
8 14 21 6 30 5 17 8 14 21 6 17 21 6 30 5 17
8 14 17 14 21 6 30 5 17 8 14 21 6 30 5 17
8 14 21 17 14 21 6 30 5 17 8 14 21 6 30 5 17
8 14 21 17 21 6 30 5 17 8 14 21 6 30 5 17
8 14 21 6 17 21 6 30 5 17 8 14 21 6 30 5 17

10 14 22 17 27 7 28 10 14 22 17 27 7 28
10 14 22 17 27 7 28 10 14 10 14 22 17 27 7 28
10 14 22 17 27 7 28 10 14 22 10 14 22 17 27 7 28
10 14 22 17 27 7 28 10 14 22 10 22 17 27 7 28
10 14 22 17 27 7 28 10 14 22 17 10 22 17 27 7 28
10 14 10 14 22 17 27 7 28 10 14 22 17 27 7 28
10 14 22 10 14 22 17 27 7 28 10 14 22 17 27 7 28
10 14 22 10 22 17 27 7 28 10 14 22 17 27 7 28
10 14 22 17 10 22 17 27 7 28 10 14 22 17 27 7 28

19 14 23 28 18 12 9 19 14 23 28 18 12 9
19 14 23 28 18 12 9 19 14 5 14 23 28 18 12 9
19 14 23 28 18 12 9 19 14 23 5 14 23 28 18 12 9
19 14 23 28 18 12 9 19 14 23 5 23 28 18 12 9
19 14 23 28 18 12 9 19 14 23 28 5 23 28 18 12 9
19 14 5 14 23 28 18 12 9 19 14 23 28 18 12 9
19 14 23 5 14 23 28 18 12 9 19 14 23 28 18 12 9
19 14 23 5 23 28 18 12 9 19 14 23 28 18 12 9
19 14 23 28 5 23 28 18 12 9 19 14 23 28 18 12 9

23 7 27 10 22 28 21 23 7 27 10 22 28 21
23 7 27 10 22 28 21 23 7 6 7 27 10 22 28 21
23 7 27 10 22 28 21 23 7 27 6 7 27 10 22 28 21
23 7 27 10 22 28 21 23 7 27 6 27 10 22 28 21
23 7 27 10 22 28 21 23 7 27 10 6 27 10 22 28 21
23 7 6 7 27 10 22 28 21 23 7 27 10 22 28 21
23 7 27 6 7 27 10 22 28 21 23 7 27 10 22 28 21
23 7 27 6 27 10 22 28 21 23 7 27 10 22 28 21
23 7 27 10 6 27 10 22 28 21 23 7 27 10 22 28 21

9 11 7 14 20 14 30 9 11 7 14 20 14 30
9 11 7 14 20 14 30 9 11 8 11 7 14 20 14 30
9 11 7 14 20 14 30 9 11 7 8 11 7 14 20 14 30
9 11 7 14 20 14 30 9 11 7 8 7 14 20 14 30
9 11 7 14 20 14 30 9 11 7 14 8 7 14 20 14 30
9 11 8 11 7 14 20 14 30 9 11 7 14 20 14 30
9 11 7 8 11 7 14 20 14 30 9 11 7 14 20 14 30
9 11 7 8 7 14 20 14 30 9 11 7 14 20 14 30
9 11 7 14 8 7 14 20 14 30 9 11 7 14 20 14 30

12 15 26 6 14 20 12 12 15 26 6 14 20 12
12 15 26 6 14 20 12 12 15 9 15 26 6 14 20 12
12 15 26 6 14 20 12 12 15 26 9 15 26 6 14 20 12
12 15 26 6 14 20 12 12 15 26 9 26 6 14 20 12
12 15 26 6 14 20 12 12 15 26 6 9 26 6 14 20 12
12 15 9 15 26 6 14 20 12 12 15 26 6 14 20 12
12 15 26 9 15 26 6 14 20 12 12 15 26 6 14 20 12
12 15 26 9 26 6 14 20 12 12 15 26 6 14 20 12
12 15 26 6 9 26 6 14 20 12 12 15 26 6 14 20 12

6 16 9 10 16 26 14 6 16 9 10 16 26 14
6 16 9 10 16 26 14 6 16 7 16 9 10 16 26 14
6 16 9 10 16 26 14 6 16 9 7 16 9 10 16 26 14
6 16 9 10 16 26 14 6 16 9 7 9 10 16 26 14
6 16 9 10 16 26 14 6 16 9 10 7 9 10 16 26 14
6 16 7 16 9 10 16 26 14 6 16 9 10 16 26 14
6 16 9 7 16 9 10 16 26 14 6 16 9 10 16 26 14
6 16 9 7 9 10 16 26 14 6 16 9 10 16 26 14
6 16 9 10 7 9 10 16 26 14 6 16 9 10 16 26 14

11 6 29 11 16 13 26 11 6 29 11 16 13 26
11 6 29 11 16 13 26 11 6 8 6 29 11 16 13 26
11 6 29 11 16 13 26 11 6 29 8 6 29 11 16 13 26
11 6 29 11 16 13 26 11 6 29 8 29 11 16 13 26
11 6 29 11 16 13 26 11 6 29 11 8 29 11 16 13 26
11 6 8 6 29 11 16 13 26 11 6 29 11 16 13 26
11 6 29 8 6 29 11 16 13 26 11 6 29 11 16 13 26
11 6 29 8 29 11 16 13 26 11 6 29 11 16 13 26
11 6 29 11 8 29 11 16 13 26 11 6 29 11 16 13 26

17 24 6 28 12 29 6 17 24 6 28 12 29 6
17 24 6 28 12 29 6 17 24 20 24 6 28 12 29 6
17 24 6 28 12 29 6 17 24 6 20 24 6 28 12 29 6
17 24 6 28 12 29 6 17 24 6 20 6 28 12 29 6
17 24 6 28 12 29 6 17 24 6 28 20 6 28 12 29 6
17 24 20 24 6 28 12 29 6 17 24 6 28 12 29 6
17 24 6 20 24 6 28 12 29 6 17 24 6 28 12 29 6
17 24 6 20 6 28 12 29 6 17 24 6 28 12 29 6
17 24 6 28 20 6 28 12 29 6 17 24 6 28 12 29 6

16 28 9 30 28 13 18 16 28 9 30 28 13 18
16 28 9 30 28 13 18 16 28 13 28 9 30 28 13 18
16 28 9 30 28 13 18 16 28 9 13 28 9 30 28 13 18
16 28 9 30 28 13 18 16 28 9 13 9 30 28 13 18
16 28 9 30 28 13 18 16 28 9 30 13 9 30 28 13 18
16 28 13 28 9 30 28 13 18 16 28 9 30 28 13 18
16 28 9 13 28 9 30 28 13 18 16 28 9 30 28 13 18
16 28 9 13 9 30 28 13 18 16 28 9 30 28 13 18
16 28 9 30 13 9 30 28 13 18 16 28 9 30 28 13 18

30 13 18 8 15 25 30 30 13 18 8 15 25 30
30 13 18 8 15 25 30 30 13 6 13 18 8 15 25 30
30 13 18 8 15 25 30 30 13 18 6 13 18 8 15 25 30
30 13 18 8 15 25 30 30 13 18 6 18 8 15 25 30
30 13 18 8 15 25 30 30 13 18 8 6 18 8 15 25 30
30 13 6 13 18 8 15 25 30 30 13 18 8 15 25 30
30 13 18 6 13 18 8 15 25 30 30 13 18 8 15 25 30
30 13 18 6 18 8 15 25 30 30 13 18 8 15 25 30
30 13 18 8 6 18 8 15 25 30 30 13 18 8 15 25 30

20 30 15 23 23 25 13 20 30 15 23 23 25 13
20 30 15 23 23 25 13 20 30 16 30 15 23 23 25 13
20 30 15 23 23 25 13 20 30 15 16 30 15 23 23 25 13
20 30 15 23 23 25 13 20 30 15 16 15 23 23 25 13
20 30 15 23 23 25 13 20 30 15 23 16 15 23 23 25 13
20 30 16 30 15 23 23 25 13 20 30 15 23 23 25 13
20 30 15 16 30 15 23 23 25 13 20 30 15 23 23 25 13
20 30 15 16 15 23 23 25 13 20 30 15 23 23 25 13
20 30 15 23 16 15 23 23 25 13 20 30 15 23 23 25 13

23 8 8 11 12 23 17 23 8 8 11 12 23 17
23 8 8 11 12 23 17 23 8 8 8 8 11 12 23 17
23 8 8 11 12 23 17 23 8 8 8 8 8 11 12 23 17
23 8 8 11 12 23 17 23 8 8 8 8 11 12 23 17
23 8 8 11 12 23 17 23 8 8 11 8 8 11 12 23 17
23 8 8 8 8 11 12 23 17 23 8 8 11 12 23 17
23 8 8 8 8 8 11 12 23 17 23 8 8 11 12 23 17
23 8 8 8 8 11 12 23 17 23 8 8 11 12 23 17
23 8 8 11 8 8 11 12 23 17 23 8 8 11 12 23 17

12 18 12 16 5 25 20 12 18 12 16 5 25 20
12 18 12 16 5 25 20 12 18 14 18 12 16 5 25 20
12 18 12 16 5 25 20 12 18 12 14 18 12 16 5 25 20
12 18 12 16 5 25 20 12 18 12 14 12 16 5 25 20
12 18 12 16 5 25 20 12 18 12 16 14 12 16 5 25 20
12 18 14 18 12 16 5 25 20 12 18 12 16 5 25 20
12 18 12 14 18 12 16 5 25 20 12 18 12 16 5 25 20
12 18 12 14 12 16 5 25 20 12 18 12 16 5 25 20
12 18 12 16 14 12 16 5 25 20 12 18 12 16 5 25 20

14 9 28 19 8 7 27 14 9 28 19 8 7 27
14 9 28 19 8 7 27 14 9 7 9 28 19 8 7 27
14 9 28 19 8 7 27 14 9 28 7 9 28 19 8 7 27
14 9 28 19 8 7 27 14 9 28 7 28 19 8 7 27
14 9 28 19 8 7 27 14 9 28 19 7 28 19 8 7 27
14 9 7 9 28 19 8 7 27 14 9 28 19 8 7 27
14 9 28 7 9 28 19 8 7 27 14 9 28 19 8 7 27
14 9 28 7 28 19 8 7 27 14 9 28 19 8 7 27
14 9 28 19 7 28 19 8 7 27 14 9 28 19 8 7 27

19 20 10 10 19 16 5 19 20 10 10 19 16 5
19 20 10 10 19 16 5 19 20 19 20 10 10 19 16 5
19 20 10 10 19 16 5 19 20 10 19 20 10 10 19 16 5
19 20 10 10 19 16 5 19 20 10 19 10 10 19 16 5
19 20 10 10 19 16 5 19 20 10 10 19 10 10 19 16 5
19 20 19 20 10 10 19 16 5 19 20 10 10 19 16 5
19 20 10 19 20 10 10 19 16 5 19 20 10 10 19 16 5
19 20 10 19 10 10 19 16 5 19 20 10 10 19 16 5
19 20 10 10 19 10 10 19 16 5 19 20 10 10 19 16 5

26 7 10 10 8 24 20 26 7 10 10 8 24 20
26 7 10 10 8 24 20 26 7 17 7 10 10 8 24 20
26 7 10 10 8 24 20 26 7 10 17 7 10 10 8 24 20
26 7 10 10 8 24 20 26 7 10 17 10 10 8 24 20
26 7 10 10 8 24 20 26 7 10 10 17 10 10 8 24 20
26 7 17 7 10 10 8 24 20 26 7 10 10 8 24 20
26 7 10 17 7 10 10 8 24 20 26 7 10 10 8 24 20
26 7 10 17 10 10 8 24 20 26 7 10 10 8 24 20
26 7 10 10 17 10 10 8 24 20 26 7 10 10 8 24 20

25 10 10 11 27 14 22 25 10 10 11 27 14 22
25 10 10 11 27 14 22 25 10 18 10 10 11 27 14 22
25 10 10 11 27 14 22 25 10 10 18 10 10 11 27 14 22
25 10 10 11 27 14 22 25 10 10 18 10 11 27 14 22
25 10 10 11 27 14 22 25 10 10 11 18 10 11 27 14 22
25 10 18 10 10 11 27 14 22 25 10 10 11 27 14 22
25 10 10 18 10 10 11 27 14 22 25 10 10 11 27 14 22
25 10 10 18 10 11 27 14 22 25 10 10 11 27 14 22
25 10 10 11 18 10 11 27 14 22 25 10 10 11 27 14 22

15 11 12 25 9 6 24 15 11 12 25 9 6 24
15 11 12 25 9 6 24 15 11 12 11 12 25 9 6 24
15 11 12 25 9 6 24 15 11 12 12 11 12 25 9 6 24
15 11 12 25 9 6 24 15 11 12 12 12 25 9 6 24
15 11 12 25 9 6 24 15 11 12 25 12 12 25 9 6 24
15 11 12 11 12 25 9 6 24 15 11 12 25 9 6 24
15 11 12 12 11 12 25 9 6 24 15 11 12 25 9 6 24
15 11 12 12 12 25 9 6 24 15 11 12 25 9 6 24
15 11 12 25 12 12 25 9 6 24 15 11 12 25 9 6 24

14 16 8 19 15 15 16 14 16 8 19 15 15 16
14 16 8 19 15 15 16 14 16 18 16 8 19 15 15 16
14 16 8 19 15 15 16 14 16 8 18 16 8 19 15 15 16
14 16 8 19 15 15 16 14 16 8 18 8 19 15 15 16
14 16 8 19 15 15 16 14 16 8 19 18 8 19 15 15 16
14 16 18 16 8 19 15 15 16 14 16 8 19 15 15 16
14 16 8 18 16 8 19 15 15 16 14 16 8 19 15 15 16
14 16 8 18 8 19 15 15 16 14 16 8 19 15 15 16
14 16 8 19 18 8 19 15 15 16 14 16 8 19 15 15 16

17 22 13 11 24 21 23 17 22 13 11 24 21 23
17 22 13 11 24 21 23 17 22 19 22 13 11 24 21 23
17 22 13 11 24 21 23 17 22 13 19 22 13 11 24 21 23
17 22 13 11 24 21 23 17 22 13 19 13 11 24 21 23
17 22 13 11 24 21 23 17 22 13 11 19 13 11 24 21 23
17 22 19 22 13 11 24 21 23 17 22 13 11 24 21 23
17 22 13 19 22 13 11 24 21 23 17 22 13 11 24 21 23
17 22 13 19 13 11 24 21 23 17 22 13 11 24 21 23
17 22 13 11 19 13 11 24 21 23 17 22 13 11 24 21 23

18 7 10 7 14 18 30 18 7 10 7 14 18 30
18 7 10 7 14 18 30 18 7 15 7 10 7 14 18 30
18 7 10 7 14 18 30 18 7 10 15 7 10 7 14 18 30
18 7 10 7 14 18 30 18 7 10 15 10 7 14 18 30
18 7 10 7 14 18 30 18 7 10 7 15 10 7 14 18 30
18 7 15 7 10 7 14 18 30 18 7 10 7 14 18 30
18 7 10 15 7 10 7 14 18 30 18 7 10 7 14 18 30
18 7 10 15 10 7 14 18 30 18 7 10 7 14 18 30
18 7 10 7 15 10 7 14 18 30 18 7 10 7 14 18 30

25 12 24 5 21 25 28 25 12 24 5 21 25 28
25 12 24 5 21 25 28 25 12 19 12 24 5 21 25 28
25 12 24 5 21 25 28 25 12 24 19 12 24 5 21 25 28
25 12 24 5 21 25 28 25 12 24 19 24 5 21 25 28
25 12 24 5 21 25 28 25 12 24 5 19 24 5 21 25 28
25 12 19 12 24 5 21 25 28 25 12 24 5 21 25 28
25 12 24 19 12 24 5 21 25 28 25 12 24 5 21 25 28
25 12 24 19 24 5 21 25 28 25 12 24 5 21 25 28
25 12 24 5 19 24 5 21 25 28 25 12 24 5 21 25 28

21 19 20 20 14 22 16 21 19 20 20 14 22 16
21 19 20 20 14 22 16 21 19 9 19 20 20 14 22 16
21 19 20 20 14 22 16 21 19 20 9 19 20 20 14 22 16
21 19 20 20 14 22 16 21 19 20 9 20 20 14 22 16
21 19 20 20 14 22 16 21 19 20 20 9 20 20 14 22 16
21 19 9 19 20 20 14 22 16 21 19 20 20 14 22 16
21 19 20 9 19 20 20 14 22 16 21 19 20 20 14 22 16
21 19 20 9 20 20 14 22 16 21 19 20 20 14 22 16
21 19 20 20 9 20 20 14 22 16 21 19 20 20 14 22 16

25 18 5 19 13 27 13 25 18 5 19 13 27 13
25 18 5 19 13 27 13 25 18 17 18 5 19 13 27 13
25 18 5 19 13 27 13 25 18 5 17 18 5 19 13 27 13
25 18 5 19 13 27 13 25 18 5 17 5 19 13 27 13
25 18 5 19 13 27 13 25 18 5 19 17 5 19 13 27 13
25 18 17 18 5 19 13 27 13 25 18 5 19 13 27 13
25 18 5 17 18 5 19 13 27 13 25 18 5 19 13 27 13
25 18 5 17 5 19 13 27 13 25 18 5 19 13 27 13
25 18 5 19 17 5 19 13 27 13 25 18 5 19 13 27 13

17 8 13 5 20 11 17 17 8 13 5 20 11 17
17 8 13 5 20 11 17 17 8 7 8 13 5 20 11 17
17 8 13 5 20 11 17 17 8 13 7 8 13 5 20 11 17
17 8 13 5 20 11 17 17 8 13 7 13 5 20 11 17
17 8 13 5 20 11 17 17 8 13 5 7 13 5 20 11 17
17 8 7 8 13 5 20 11 17 17 8 13 5 20 11 17
17 8 13 7 8 13 5 20 11 17 17 8 13 5 20 11 17
17 8 13 7 13 5 20 11 17 17 8 13 5 20 11 17
17 8 13 5 7 13 5 20 11 17 17 8 13 5 20 11 17

11 20 16 29 13 24 16 11 20 16 29 13 24 16
11 20 16 29 13 24 16 11 20 15 20 16 29 13 24 16
11 20 16 29 13 24 16 11 20 16 15 20 16 29 13 24 16
11 20 16 29 13 24 16 11 20 16 15 16 29 13 24 16
11 20 16 29 13 24 16 11 20 16 29 15 16 29 13 24 16
11 20 15 20 16 29 13 24 16 11 20 16 29 13 24 16
11 20 16 15 20 16 29 13 24 16 11 20 16 29 13 24 16
11 20 16 15 16 29 13 24 16 11 20 16 29 13 24 16
11 20 16 29 15 16 29 13 24 16 11 20 16 29 13 24 16

15 8 23 20 6 29 27 15 8 23 20 6 29 27
15 8 23 20 6 29 27 15 8 13 8 23 20 6 29 27
15 8 23 20 6 29 27 15 8 23 13 8 23 20 6 29 27
15 8 23 20 6 29 27 15 8 23 13 23 20 6 29 27
15 8 23 20 6 29 27 15 8 23 20 13 23 20 6 29 27
15 8 13 8 23 20 6 29 27 15 8 23 20 6 29 27
15 8 23 13 8 23 20 6 29 27 15 8 23 20 6 29 27
15 8 23 13 23 20 6 29 27 15 8 23 20 6 29 27
15 8 23 20 13 23 20 6 29 27 15 8 23 20 6 29 27

26 29 21 13 26 5 18 26 29 21 13 26 5 18
26 29 21 13 26 5 18 26 29 17 29 21 13 26 5 18
26 29 21 13 26 5 18 26 29 21 17 29 21 13 26 5 18
26 29 21 13 26 5 18 26 29 21 17 21 13 26 5 18
26 29 21 13 26 5 18 26 29 21 13 17 21 13 26 5 18
26 29 17 29 21 13 26 5 18 26 29 21 13 26 5 18
26 29 21 17 29 21 13 26 5 18 26 29 21 13 26 5 18
26 29 21 17 21 13 26 5 18 26 29 21 13 26 5 18
26 29 21 13 17 21 13 26 5 18 26 29 21 13 26 5 18

18 10 10 6 7 22 25 18 10 10 6 7 22 25
18 10 10 6 7 22 25 18 10 16 10 10 6 7 22 25
18 10 10 6 7 22 25 18 10 10 16 10 10 6 7 22 25
18 10 10 6 7 22 25 18 10 10 16 10 6 7 22 25
18 10 10 6 7 22 25 18 10 10 6 16 10 6 7 22 25
18 10 16 10 10 6 7 22 25 18 10 10 6 7 22 25
18 10 10 16 10 10 6 7 22 25 18 10 10 6 7 22 25
18 10 10 16 10 6 7 22 25 18 10 10 6 7 22 25
18 10 10 6 16 10 6 7 22 25 18 10 10 6 7 22 25

26 20 5 24 29 28 30 26 20 5 24 29 28 30
26 20 5 24 29 28 30 26 20 18 20 5 24 29 28 30
26 20 5 24 29 28 30 26 20 5 18 20 5 24 29 28 30
26 20 5 24 29 28 30 26 20 5 18 5 24 29 28 30
26 20 5 24 29 28 30 26 20 5 24 18 5 24 29 28 30
26 20 18 20 5 24 29 28 30 26 20 5 24 29 28 30
26 20 5 18 20 5 24 29 28 30 26 20 5 24 29 28 30
26 20 5 18 5 24 29 28 30 26 20 5 24 29 28 30
26 20 5 24 18 5 24 29 28 30 26 20 5 24 29 28 30

