200
7
2
2

24
19
18
11
11
26
30
30
0
1
8
21
0
9
3
21
11
11
30
13
12
14
5
22
30
22
7
30
13
23
21
26
16
4
10
16
21
22
26
28
5
22
10
17
18
30
15
11
16
11
16
15
26
6
10
19
18
14
30
21
6
29
4
26
8
11
12
24
21
15
21
30
21
11
2
29
12
7
5
16
27
10
17
7
18
27
15
3
18
8
5
0
4
14
0
9
18
1
14
30
2
29
14
17
7
18
12
0
2
30
14
20
6
15
29
22
1
23
14
8
28
24
21
24
7
7
29
30
26
24
12
16
26
6
27
22
7
17
23
4
24
4
10
23
24
3
16
9
7
29
30
21
28
10
19
11
9
18
28
23
13
26
15
6
4
10
14
0
10
29
23
29
29
6
21
9
16
25
15
22
6
0
15
5
30
16
18
5
5
25
1
30
4
30
19
20
22
21
27
11

30 20 
37 32 
30 36 
41 24 
25 38 
23 30 
40 30 
33 43 
26 25 
33 19 
48 27 
29 19 
28 33 
30 38 
26 26 
11 41 
24 18 
21 33 
19 14 
25 40 
40 40 
42 38 
24 23 
43 39 
40 25 
35 22 
34 27 
31 38 
16 33 
29 35 
24 22 
32 20 
40 18 
22 29 
33 37 
30 25 
23 37 
47 12 
45 30 
25 30 
17 30 
16 46 
22 38 
37 38 
30 24 
28 15 
31 24 
41 37 
24 30 
47 22 
31 38 
32 29 
27 32 
36 42 
21 40 
18 45 
13 37 
17 38 
33 17 
16 25 
15 45 
32 19 
27 21 
39 37 
26 27 
42 24 
17 13 
32 25 
43 22 
35 49 
29 33 
23 33 
34 35 
40 30 
30 19 
25 32 
29 36 
34 25 
21 25 
35 43 
35 28 
43 36 
25 27 
41 44 
20 34 
35 12 
49 23 
42 29 
28 26 
22 38 
33 41 
25 33 
47 17 
31 28 
42 32 
22 32 
46 24 
34 25 
50 28 
36 34 
13 32 
25 43 
37 40 
28 26 
25 39 
24 33 
39 33 
40 20 
30 27 
32 22 
32 36 
38 29 
30 30 
31 45 
37 41 
19 36 
31 36 
14 30 
47 27 
31 44 
39 41 
23 37 
42 34 
42 36 
25 27 
28 38 
23 22 
40 41 
29 21 
33 26 
44 26 
27 46 
17 14 
18 20 
23 39 
19 42 
36 24 
36 46 
18 16 
11 14 
25 16 
36 32 
30 21 
29 33 
33 44 
38 24 
28 31 
20 41 
26 27 
14 42 
17 42 
25 30 
29 30 
19 25 
16 29 
35 17 
44 12 
25 24 
38 42 
38 45 
33 34 
36 20 
21 30 
23 42 
38 36 
43 44 
47 22 
26 44 
43 15 
27 30 
29 47 
36 24 
39 23 
35 40 
11 32 
28 32 
38 14 
20 24 
41 20 
39 37 
25 21 
32 33 
20 14 
48 24 
38 37 
15 24 
32 33 
22 32 
34 26 
21 28 
35 30 
24 30 
14 46 
32 27 
28 28 
24 31 
29 29 
31 23 
35 21 
15 44 

386
310
303
291
348
260
344
286
235
260
302
304
279
286
274
320
328
374
223
344
336
393
239
344
333
387
304
314
288
374
323
304
270
286
390
263
329
250
353
351
243
302
262
325
316
270
308
363
434
306
296
355
302
296
237
333
330
278
345
220
290
303
331
324
318
359
243
250
345
394
281
335
330
290
221
325
330
336
214
323
316
351
313
378
242
292
283
367
337
275
304
235
298
301
245
254
327
276
343
258
264
414
330
253
384
277
382
338
370
289
383
345
306
261
382
388
276
280
342
333
286
348
437
392
275
356
325
261
268
338
336
307
300
273
371
254
295
346
239
234
272
261
270
314
328
253
320
309
249
305
335
264
330
356
280
308
283
329
392
320
341
385
283
313
312
393
292
336
261
289
367
328
380
288
294
333
286
329
399
293
251
277
173
318
339
283
336
250
227
242
265
239
261
371
328
227
342
284
296
430

1 2 3 4 5 1 2 3 4 5 6 7
1 2 3 4 5 1 2 100 102 3 4 5 6 7
1 2 3 4 5 1 2 3 100 102 103 4 5 6 7
1 2 3 4 5 1 2 3 100 103 4 5 6 7
1 2 3 4 5 1 2 3 4 100 103 104 5 6 7
1 2 100 102 3 4 5 1 2 3 4 5 6 7
1 2 3 100 102 103 4 5 1 2 3 4 5 6 7
1 2 3 100 103 4 5 1 2 3 4 5 6 7
1 2 3 4 100 103 104 5 1 2 3 4 5 6 7

29 28 20 14 22 8 28 29 28 20 14 22 8 28
29 28 20 14 22 8 28 29 28 5 28 20 14 22 8 28
29 28 20 14 22 8 28 29 28 20 5 28 20 14 22 8 28
29 28 20 14 22 8 28 29 28 20 5 20 14 22 8 28
29 28 20 14 22 8 28 29 28 20 14 5 20 14 22 8 28
29 28 5 28 20 14 22 8 28 29 28 20 14 22 8 28
29 28 20 5 28 20 14 22 8 28 29 28 20 14 22 8 28
29 28 20 5 20 14 22 8 28 29 28 20 14 22 8 28
29 28 20 14 5 20 14 22 8 28 29 28 20 14 22 8 28

29 16 26 13 8 5 16 29 16 26 13 8 5 16
29 16 26 13 8 5 16 29 16 10 16 26 13 8 5 16
29 16 26 13 8 5 16 29 16 26 10 16 26 13 8 5 16
29 16 26 13 8 5 16 29 16 26 10 26 13 8 5 16
29 16 26 13 8 5 16 29 16 26 13 10 26 13 8 5 16
29 16 10 16 26 13 8 5 16 29 16 26 13 8 5 16
29 16 26 10 16 26 13 8 5 16 29 16 26 13 8 5 16
29 16 26 10 26 13 8 5 16 29 16 26 13 8 5 16
29 16 26 13 10 26 13 8 5 16 29 16 26 13 8 5 16

24 18 20 21 5 14 22 24 18 20 21 5 14 22
24 18 20 21 5 14 22 24 18 7 18 20 21 5 14 22
24 18 20 21 5 14 22 24 18 20 7 18 20 21 5 14 22
24 18 20 21 5 14 22 24 18 20 7 20 21 5 14 22
24 18 20 21 5 14 22 24 18 20 21 7 20 21 5 14 22
24 18 7 18 20 21 5 14 22 24 18 20 21 5 14 22
24 18 20 7 18 20 21 5 14 22 24 18 20 21 5 14 22
24 18 20 7 20 21 5 14 22 24 18 20 21 5 14 22
24 18 20 21 7 20 21 5 14 22 24 18 20 21 5 14 22

14 29 21 5 9 28 24 14 29 21 5 9 28 24
14 29 21 5 9 28 24 14 29 10 29 21 5 9 28 24
14 29 21 5 9 28 24 14 29 21 10 29 21 5 9 28 24
14 29 21 5 9 28 24 14 29 21 10 21 5 9 28 24
14 29 21 5 9 28 24 14 29 21 5 10 21 5 9 28 24
14 29 10 29 21 5 9 28 24 14 29 21 5 9 28 24
14 29 21 10 29 21 5 9 28 24 14 29 21 5 9 28 24
14 29 21 10 21 5 9 28 24 14 29 21 5 9 28 24
14 29 21 5 10 21 5 9 28 24 14 29 21 5 9 28 24

27 29 11 26 11 14 26 27 29 11 26 11 14 26
27 29 11 26 11 14 26 27 29 9 29 11 26 11 14 26
27 29 11 26 11 14 26 27 29 11 9 29 11 26 11 14 26
27 29 11 26 11 14 26 27 29 11 9 11 26 11 14 26
27 29 11 26 11 14 26 27 29 11 26 9 11 26 11 14 26
27 29 9 29 11 26 11 14 26 27 29 11 26 11 14 26
27 29 11 9 29 11 26 11 14 26 27 29 11 26 11 14 26
27 29 11 9 11 26 11 14 26 27 29 11 26 11 14 26
27 29 11 26 9 11 26 11 14 26 27 29 11 26 11 14 26

18 30 10 10 6 10 13 18 30 10 10 6 10 13
18 30 10 10 6 10 13 18 30 7 30 10 10 6 10 13
18 30 10 10 6 10 13 18 30 10 7 30 10 10 6 10 13
18 30 10 10 6 10 13 18 30 10 7 10 10 6 10 13
18 30 10 10 6 10 13 18 30 10 10 7 10 10 6 10 13
18 30 7 30 10 10 6 10 13 18 30 10 10 6 10 13
18 30 10 7 30 10 10 6 10 13 18 30 10 10 6 10 13
18 30 10 7 10 10 6 10 13 18 30 10 10 6 10 13
18 30 10 10 7 10 10 6 10 13 18 30 10 10 6 10 13

15 29 30 18 11 16 11 15 29 30 18 11 16 11
15 29 30 18 11 16 11 15 29 6 29 30 18 11 16 11
15 29 30 18 11 16 11 15 29 30 6 29 30 18 11 16 11
15 29 30 18 11 16 11 15 29 30 6 30 18 11 16 11
15 29 30 18 11 16 11 15 29 30 18 6 30 18 11 16 11
15 29 6 29 30 18 11 16 11 15 29 30 18 11 16 11
15 29 30 6 29 30 18 11 16 11 15 29 30 18 11 16 11
15 29 30 6 30 18 11 16 11 15 29 30 18 11 16 11
15 29 30 18 6 30 18 11 16 11 15 29 30 18 11 16 11

11 13 19 28 5 18 9 11 13 19 28 5 18 9
11 13 19 28 5 18 9 11 13 16 13 19 28 5 18 9
11 13 19 28 5 18 9 11 13 19 16 13 19 28 5 18 9
11 13 19 28 5 18 9 11 13 19 16 19 28 5 18 9
11 13 19 28 5 18 9 11 13 19 28 16 19 28 5 18 9
11 13 16 13 19 28 5 18 9 11 13 19 28 5 18 9
11 13 19 16 13 19 28 5 18 9 11 13 19 28 5 18 9
11 13 19 16 19 28 5 18 9 11 13 19 28 5 18 9
11 13 19 28 16 19 28 5 18 9 11 13 19 28 5 18 9

23 9 10 12 9 17 22 23 9 10 12 9 17 22
23 9 10 12 9 17 22 23 9 20 9 10 12 9 17 22
23 9 10 12 9 17 22 23 9 10 20 9 10 12 9 17 22
23 9 10 12 9 17 22 23 9 10 20 10 12 9 17 22
23 9 10 12 9 17 22 23 9 10 12 20 10 12 9 17 22
23 9 20 9 10 12 9 17 22 23 9 10 12 9 17 22
23 9 10 20 9 10 12 9 17 22 23 9 10 12 9 17 22
23 9 10 20 10 12 9 17 22 23 9 10 12 9 17 22
23 9 10 12 20 10 12 9 17 22 23 9 10 12 9 17 22

30 5 16 11 13 24 8 30 5 16 11 13 24 8
30 5 16 11 13 24 8 30 5 10 5 16 11 13 24 8
30 5 16 11 13 24 8 30 5 16 10 5 16 11 13 24 8
30 5 16 11 13 24 8 30 5 16 10 16 11 13 24 8
30 5 16 11 13 24 8 30 5 16 11 10 16 11 13 24 8
30 5 10 5 16 11 13 24 8 30 5 16 11 13 24 8
30 5 16 10 5 16 11 13 24 8 30 5 16 11 13 24 8
30 5 16 10 16 11 13 24 8 30 5 16 11 13 24 8
30 5 16 11 10 16 11 13 24 8 30 5 16 11 13 24 8

9 9 30 19 21 22 18 9 9 30 19 21 22 18
9 9 30 19 21 22 18 9 9 19 9 30 19 21 22 18
9 9 30 19 21 22 18 9 9 30 19 9 30 19 21 22 18
9 9 30 19 21 22 18 9 9 30 19 30 19 21 22 18
9 9 30 19 21 22 18 9 9 30 19 19 30 19 21 22 18
9 9 19 9 30 19 21 22 18 9 9 30 19 21 22 18
9 9 30 19 9 30 19 21 22 18 9 9 30 19 21 22 18
9 9 30 19 30 19 21 22 18 9 9 30 19 21 22 18
9 9 30 19 19 30 19 21 22 18 9 9 30 19 21 22 18

18 12 11 5 28 26 27 18 12 11 5 28 26 27
18 12 11 5 28 26 27 18 12 10 12 11 5 28 26 27
18 12 11 5 28 26 27 18 12 11 10 12 11 5 28 26 27
18 12 11 5 28 26 27 18 12 11 10 11 5 28 26 27
18 12 11 5 28 26 27 18 12 11 5 10 11 5 28 26 27
18 12 10 12 11 5 28 26 27 18 12 11 5 28 26 27
18 12 11 10 12 11 5 28 26 27 18 12 11 5 28 26 27
18 12 11 10 11 5 28 26 27 18 12 11 5 28 26 27
18 12 11 5 10 11 5 28 26 27 18 12 11 5 28 26 27

27 12 14 16 15 14 15 27 12 14 16 15 14 15
27 12 14 16 15 14 15 27 12 18 12 14 16 15 14 15
27 12 14 16 15 14 15 27 12 14 18 12 14 16 15 14 15
27 12 14 16 15 14 15 27 12 14 18 14 16 15 14 15
27 12 14 16 15 14 15 27 12 14 16 18 14 16 15 14 15
27 12 18 12 14 16 15 14 15 27 12 14 16 15 14 15
27 12 14 18 12 14 16 15 14 15 27 12 14 16 15 14 15
27 12 14 18 14 16 15 14 15 27 12 14 16 15 14 15
27 12 14 16 18 14 16 15 14 15 27 12 14 16 15 14 15

9 22 21 28 5 24 5 9 22 21 28 5 24 5
9 22 21 28 5 24 5 9 22 14 22 21 28 5 24 5
9 22 21 28 5 24 5 9 22 21 14 22 21 28 5 24 5
9 22 21 28 5 24 5 9 22 21 14 21 28 5 24 5
9 22 21 28 5 24 5 9 22 21 28 14 21 28 5 24 5
9 22 14 22 21 28 5 24 5 9 22 21 28 5 24 5
9 22 21 14 22 21 28 5 24 5 9 22 21 28 5 24 5
9 22 21 14 21 28 5 24 5 9 22 21 28 5 24 5
9 22 21 28 14 21 28 5 24 5 9 22 21 28 5 24 5

6 7 19 10 28 28 25 6 7 19 10 28 28 25
6 7 19 10 28 28 25 6 7 20 7 19 10 28 28 25
6 7 19 10 28 28 25 6 7 19 20 7 19 10 28 28 25
6 7 19 10 28 28 25 6 7 19 20 19 10 28 28 25
6 7 19 10 28 28 25 6 7 19 10 20 19 10 28 28 25
6 7 20 7 19 10 28 28 25 6 7 19 10 28 28 25
6 7 19 20 7 19 10 28 28 25 6 7 19 10 28 28 25
6 7 19 20 19 10 28 28 25 6 7 19 10 28 28 25
6 7 19 10 20 19 10 28 28 25 6 7 19 10 28 28 25

27 27 6 22 10 21 9 27 27 6 22 10 21 9
27 27 6 22 10 21 9 27 27 17 27 6 22 10 21 9
27 27 6 22 10 21 9 27 27 6 17 27 6 22 10 21 9
27 27 6 22 10 21 9 27 27 6 17 6 22 10 21 9
27 27 6 22 10 21 9 27 27 6 22 17 6 22 10 21 9
27 27 17 27 6 22 10 21 9 27 27 6 22 10 21 9
27 27 6 17 27 6 22 10 21 9 27 27 6 22 10 21 9
27 27 6 17 6 22 10 21 9 27 27 6 22 10 21 9
27 27 6 22 17 6 22 10 21 9 27 27 6 22 10 21 9

28 21 14 11 24 23 17 28 21 14 11 24 23 17
28 21 14 11 24 23 17 28 21 9 21 14 11 24 23 17
28 21 14 11 24 23 17 28 21 14 9 21 14 11 24 23 17
28 21 14 11 24 23 17 28 21 14 9 14 11 24 23 17
28 21 14 11 24 23 17 28 21 14 11 9 14 11 24 23 17
28 21 9 21 14 11 24 23 17 28 21 14 11 24 23 17
28 21 14 9 21 14 11 24 23 17 28 21 14 11 24 23 17
28 21 14 9 14 11 24 23 17 28 21 14 11 24 23 17
28 21 14 11 9 14 11 24 23 17 28 21 14 11 24 23 17

22 20 10 28 28 20 23 22 20 10 28 28 20 23
22 20 10 28 28 20 23 22 20 19 20 10 28 28 20 23
22 20 10 28 28 20 23 22 20 10 19 20 10 28 28 20 23
22 20 10 28 28 20 23 22 20 10 19 10 28 28 20 23
22 20 10 28 28 20 23 22 20 10 28 19 10 28 28 20 23
22 20 19 20 10 28 28 20 23 22 20 10 28 28 20 23
22 20 10 19 20 10 28 28 20 23 22 20 10 28 28 20 23
22 20 10 19 10 28 28 20 23 22 20 10 28 28 20 23
22 20 10 28 19 10 28 28 20 23 22 20 10 28 28 20 23

11 13 13 8 10 12 12 11 13 13 8 10 12 12
11 13 13 8 10 12 12 11 13 17 13 13 8 10 12 12
11 13 13 8 10 12 12 11 13 13 17 13 13 8 10 12 12
11 13 13 8 10 12 12 11 13 13 17 13 8 10 12 12
11 13 13 8 10 12 12 11 13 13 8 17 13 8 10 12 12
11 13 17 13 13 8 10 12 12 11 13 13 8 10 12 12
11 13 13 17 13 13 8 10 12 12 11 13 13 8 10 12 12
11 13 13 17 13 8 10 12 12 11 13 13 8 10 12 12
11 13 13 8 17 13 8 10 12 12 11 13 13 8 10 12 12

23 22 15 24 24 11 12 23 22 15 24 24 11 12
23 22 15 24 24 11 12 23 22 13 22 15 24 24 11 12
23 22 15 24 24 11 12 23 22 15 13 22 15 24 24 11 12
23 22 15 24 24 11 12 23 22 15 13 15 24 24 11 12
23 22 15 24 24 11 12 23 22 15 24 13 15 24 24 11 12
23 22 13 22 15 24 24 11 12 23 22 15 24 24 11 12
23 22 15 13 22 15 24 24 11 12 23 22 15 24 24 11 12
23 22 15 13 15 24 24 11 12 23 22 15 24 24 11 12
23 22 15 24 13 15 24 24 11 12 23 22 15 24 24 11 12

14 15 23 22 22 28 19 14 15 23 22 22 28 19
14 15 23 22 22 28 19 14 15 6 15 23 22 22 28 19
14 15 23 22 22 28 19 14 15 23 6 15 23 22 22 28 19
14 15 23 22 22 28 19 14 15 23 6 23 22 22 28 19
14 15 23 22 22 28 19 14 15 23 22 6 23 22 22 28 19
14 15 6 15 23 22 22 28 19 14 15 23 22 22 28 19
14 15 23 6 15 23 22 22 28 19 14 15 23 22 22 28 19
14 15 23 6 23 22 22 28 19 14 15 23 22 22 28 19
14 15 23 22 6 23 22 22 28 19 14 15 23 22 22 28 19

29 10 26 24 25 20 18 29 10 26 24 25 20 18
29 10 26 24 25 20 18 29 10 18 10 26 24 25 20 18
29 10 26 24 25 20 18 29 10 26 18 10 26 24 25 20 18
29 10 26 24 25 20 18 29 10 26 18 26 24 25 20 18
29 10 26 24 25 20 18 29 10 26 24 18 26 24 25 20 18
29 10 18 10 26 24 25 20 18 29 10 26 24 25 20 18
29 10 26 18 10 26 24 25 20 18 29 10 26 24 25 20 18
29 10 26 18 26 24 25 20 18 29 10 26 24 25 20 18
29 10 26 24 18 26 24 25 20 18 29 10 26 24 25 20 18

8 9 18 11 16 14 27 8 9 18 11 16 14 27
8 9 18 11 16 14 27 8 9 5 9 18 11 16 14 27
8 9 18 11 16 14 27 8 9 18 5 9 18 11 16 14 27
8 9 18 11 16 14 27 8 9 18 5 18 11 16 14 27
8 9 18 11 16 14 27 8 9 18 11 5 18 11 16 14 27
8 9 5 9 18 11 16 14 27 8 9 18 11 16 14 27
8 9 18 5 9 18 11 16 14 27 8 9 18 11 16 14 27
8 9 18 5 18 11 16 14 27 8 9 18 11 16 14 27
8 9 18 11 5 18 11 16 14 27 8 9 18 11 16 14 27

22 21 24 21 5 28 23 22 21 24 21 5 28 23
22 21 24 21 5 28 23 22 21 8 21 24 21 5 28 23
22 21 24 21 5 28 23 22 21 24 8 21 24 21 5 28 23
22 21 24 21 5 28 23 22 21 24 8 24 21 5 28 23
22 21 24 21 5 28 23 22 21 24 21 8 24 21 5 28 23
22 21 8 21 24 21 5 28 23 22 21 24 21 5 28 23
22 21 24 8 21 24 21 5 28 23 22 21 24 21 5 28 23
22 21 24 8 24 21 5 28 23 22 21 24 21 5 28 23
22 21 24 21 8 24 21 5 28 23 22 21 24 21 5 28 23

9 22 26 17 14 29 17 9 22 26 17 14 29 17
9 22 26 17 14 29 17 9 22 20 22 26 17 14 29 17
9 22 26 17 14 29 17 9 22 26 20 22 26 17 14 29 17
9 22 26 17 14 29 17 9 22 26 20 26 17 14 29 17
9 22 26 17 14 29 17 9 22 26 17 20 26 17 14 29 17
9 22 20 22 26 17 14 29 17 9 22 26 17 14 29 17
9 22 26 20 22 26 17 14 29 17 9 22 26 17 14 29 17
9 22 26 20 26 17 14 29 17 9 22 26 17 14 29 17
9 22 26 17 20 26 17 14 29 17 9 22 26 17 14 29 17

19 27 22 16 20 27 21 19 27 22 16 20 27 21
19 27 22 16 20 27 21 19 27 16 27 22 16 20 27 21
19 27 22 16 20 27 21 19 27 22 16 27 22 16 20 27 21
19 27 22 16 20 27 21 19 27 22 16 22 16 20 27 21
19 27 22 16 20 27 21 19 27 22 16 16 22 16 20 27 21
19 27 16 27 22 16 20 27 21 19 27 22 16 20 27 21
19 27 22 16 27 22 16 20 27 21 19 27 22 16 20 27 21
19 27 22 16 22 16 20 27 21 19 27 22 16 20 27 21
19 27 22 16 16 22 16 20 27 21 19 27 22 16 20 27 21

11 17 21 17 24 17 15 11 17 21 17 24 17 15
11 17 21 17 24 17 15 11 17 15 17 21 17 24 17 15
11 17 21 17 24 17 15 11 17 21 15 17 21 17 24 17 15
11 17 21 17 24 17 15 11 17 21 15 21 17 24 17 15
11 17 21 17 24 17 15 11 17 21 17 15 21 17 24 17 15
11 17 15 17 21 17 24 17 15 11 17 21 17 24 17 15
11 17 21 15 17 21 17 24 17 15 11 17 21 17 24 17 15
11 17 21 15 21 17 24 17 15 11 17 21 17 24 17 15
11 17 21 17 15 21 17 24 17 15 11 17 21 17 24 17 15

30 12 13 24 9 14 10 30 12 13 24 9 14 10
30 12 13 24 9 14 10 30 12 12 12 13 24 9 14 10
30 12 13 24 9 14 10 30 12 13 12 12 13 24 9 14 10
30 12 13 24 9 14 10 30 12 13 12 13 24 9 14 10
30 12 13 24 9 14 10 30 12 13 24 12 13 24 9 14 10
30 12 12 12 13 24 9 14 10 30 12 13 24 9 14 10
30 12 13 12 12 13 24 9 14 10 30 12 13 24 9 14 10
30 12 13 12 13 24 9 14 10 30 12 13 24 9 14 10
30 12 13 24 12 13 24 9 14 10 30 12 13 24 9 14 10

16 24 6 14 19 24 18 16 24 6 14 19 24 18
16 24 6 14 19 24 18 16 24 6 24 6 14 19 24 18
16 24 6 14 19 24 18 16 24 6 6 24 6 14 19 24 18
16 24 6 14 19 24 18 16 24 6 6 6 14 19 24 18
16 24 6 14 19 24 18 16 24 6 14 6 6 14 19 24 18
16 24 6 24 6 14 19 24 18 16 24 6 14 19 24 18
16 24 6 6 24 6 14 19 24 18 16 24 6 14 19 24 18
16 24 6 6 6 14 19 24 18 16 24 6 14 19 24 18
16 24 6 14 6 6 14 19 24 18 16 24 6 14 19 24 18

27 13 11 23 28 10 27 27 13 11 23 28 10 27
27 13 11 23 28 10 27 27 13 9 13 11 23 28 10 27
27 13 11 23 28 10 27 27 13 11 9 13 11 23 28 10 27
27 13 11 23 28 10 27 27 13 11 9 11 23 28 10 27
27 13 11 23 28 10 27 27 13 11 23 9 11 23 28 10 27
27 13 9 13 11 23 28 10 27 27 13 11 23 28 10 27
27 13 11 9 13 11 23 28 10 27 27 13 11 23 28 10 27
27 13 11 9 11 23 28 10 27 27 13 11 23 28 10 27
27 13 11 23 9 11 23 28 10 27 27 13 11 23 28 10 27

28 28 15 7 18 5 26 28 28 15 7 18 5 26
28 28 15 7 18 5 26 28 28 5 28 15 7 18 5 26
28 28 15 7 18 5 26 28 28 15 5 28 15 7 18 5 26
28 28 15 7 18 5 26 28 28 15 5 15 7 18 5 26
28 28 15 7 18 5 26 28 28 15 7 5 15 7 18 5 26
28 28 5 28 15 7 18 5 26 28 28 15 7 18 5 26
28 28 15 5 28 15 7 18 5 26 28 28 15 7 18 5 26
28 28 15 5 15 7 18 5 26 28 28 15 7 18 5 26
28 28 15 7 5 15 7 18 5 26 28 28 15 7 18 5 26

21 14 14 13 10 29 23 21 14 14 13 10 29 23
21 14 14 13 10 29 23 21 14 17 14 14 13 10 29 23
21 14 14 13 10 29 23 21 14 14 17 14 14 13 10 29 23
21 14 14 13 10 29 23 21 14 14 17 14 13 10 29 23
21 14 14 13 10 29 23 21 14 14 13 17 14 13 10 29 23
21 14 17 14 14 13 10 29 23 21 14 14 13 10 29 23
21 14 14 17 14 14 13 10 29 23 21 14 14 13 10 29 23
21 14 14 17 14 13 10 29 23 21 14 14 13 10 29 23
21 14 14 13 17 14 13 10 29 23 21 14 14 13 10 29 23

23 17 21 12 6 15 13 23 17 21 12 6 15 13
23 17 21 12 6 15 13 23 17 12 17 21 12 6 15 13
23 17 21 12 6 15 13 23 17 21 12 17 21 12 6 15 13
23 17 21 12 6 15 13 23 17 21 12 21 12 6 15 13
23 17 21 12 6 15 13 23 17 21 12 12 21 12 6 15 13
23 17 12 17 21 12 6 15 13 23 17 21 12 6 15 13
23 17 21 12 17 21 12 6 15 13 23 17 21 12 6 15 13
23 17 21 12 21 12 6 15 13 23 17 21 12 6 15 13
23 17 21 12 12 21 12 6 15 13 23 17 21 12 6 15 13

8 21 11 14 28 17 15 8 21 11 14 28 17 15
8 21 11 14 28 17 15 8 21 11 21 11 14 28 17 15
8 21 11 14 28 17 15 8 21 11 11 21 11 14 28 17 15
8 21 11 14 28 17 15 8 21 11 11 11 14 28 17 15
8 21 11 14 28 17 15 8 21 11 14 11 11 14 28 17 15
8 21 11 21 11 14 28 17 15 8 21 11 14 28 17 15
8 21 11 11 21 11 14 28 17 15 8 21 11 14 28 17 15
8 21 11 11 11 14 28 17 15 8 21 11 14 28 17 15
8 21 11 14 11 11 14 28 17 15 8 21 11 14 28 17 15

19 25 23 24 30 26 9 19 25 23 24 30 26 9
19 25 23 24 30 26 9 19 25 15 25 23 24 30 26 9
19 25 23 24 30 26 9 19 25 23 15 25 23 24 30 26 9
19 25 23 24 30 26 9 19 25 23 15 23 24 30 26 9
19 25 23 24 30 26 9 19 25 23 24 15 23 24 30 26 9
19 25 15 25 23 24 30 26 9 19 25 23 24 30 26 9
19 25 23 15 25 23 24 30 26 9 19 25 23 24 30 26 9
19 25 23 15 23 24 30 26 9 19 25 23 24 30 26 9
19 25 23 24 15 23 24 30 26 9 19 25 23 24 30 26 9

13 24 21 5 10 6 22 13 24 21 5 10 6 22
13 24 21 5 10 6 22 13 24 12 24 21 5 10 6 22
13 24 21 5 10 6 22 13 24 21 12 24 21 5 10 6 22
13 24 21 5 10 6 22 13 24 21 12 21 5 10 6 22
13 24 21 5 10 6 22 13 24 21 5 12 21 5 10 6 22
13 24 12 24 21 5 10 6 22 13 24 21 5 10 6 22
13 24 21 12 24 21 5 10 6 22 13 24 21 5 10 6 22
13 24 21 12 21 5 10 6 22 13 24 21 5 10 6 22
13 24 21 5 12 21 5 10 6 22 13 24 21 5 10 6 22

11 22 9 22 23 26 13 11 22 9 22 23 26 13
11 22 9 22 23 26 13 11 22 9 22 9 22 23 26 13
11 22 9 22 23 26 13 11 22 9 9 22 9 22 23 26 13
11 22 9 22 23 26 13 11 22 9 9 9 22 23 26 13
11 22 9 22 23 26 13 11 22 9 22 9 9 22 23 26 13
11 22 9 22 9 22 23 26 13 11 22 9 22 23 26 13
11 22 9 9 22 9 22 23 26 13 11 22 9 22 23 26 13
11 22 9 9 9 22 23 26 13 11 22 9 22 23 26 13
11 22 9 22 9 9 22 23 26 13 11 22 9 22 23 26 13

10 15 27 7 16 6 7 10 15 27 7 16 6 7
10 15 27 7 16 6 7 10 15 10 15 27 7 16 6 7
10 15 27 7 16 6 7 10 15 27 10 15 27 7 16 6 7
10 15 27 7 16 6 7 10 15 27 10 27 7 16 6 7
10 15 27 7 16 6 7 10 15 27 7 10 27 7 16 6 7
10 15 10 15 27 7 16 6 7 10 15 27 7 16 6 7
10 15 27 10 15 27 7 16 6 7 10 15 27 7 16 6 7
10 15 27 10 27 7 16 6 7 10 15 27 7 16 6 7
10 15 27 7 10 27 7 16 6 7 10 15 27 7 16 6 7

27 12 26 20 19 25 9 27 12 26 20 19 25 9
27 12 26 20 19 25 9 27 12 14 12 26 20 19 25 9
27 12 26 20 19 25 9 27 12 26 14 12 26 20 19 25 9
27 12 26 20 19 25 9 27 12 26 14 26 20 19 25 9
27 12 26 20 19 25 9 27 12 26 20 14 26 20 19 25 9
27 12 14 12 26 20 19 25 9 27 12 26 20 19 25 9
27 12 26 14 12 26 20 19 25 9 27 12 26 20 19 25 9
27 12 26 14 26 20 19 25 9 27 12 26 20 19 25 9
27 12 26 20 14 26 20 19 25 9 27 12 26 20 19 25 9

29 21 8 25 9 17 24 29 21 8 25 9 17 24
29 21 8 25 9 17 24 29 21 11 21 8 25 9 17 24
29 21 8 25 9 17 24 29 21 8 11 21 8 25 9 17 24
29 21 8 25 9 17 24 29 21 8 11 8 25 9 17 24
29 21 8 25 9 17 24 29 21 8 25 11 8 25 9 17 24
29 21 11 21 8 25 9 17 24 29 21 8 25 9 17 24
29 21 8 11 21 8 25 9 17 24 29 21 8 25 9 17 24
29 21 8 11 8 25 9 17 24 29 21 8 25 9 17 24
29 21 8 25 11 8 25 9 17 24 29 21 8 25 9 17 24

19 20 10 21 5 10 14 19 20 10 21 5 10 14
19 20 10 21 5 10 14 19 20 19 20 10 21 5 10 14
19 20 10 21 5 10 14 19 20 10 19 20 10 21 5 10 14
19 20 10 21 5 10 14 19 20 10 19 10 21 5 10 14
19 20 10 21 5 10 14 19 20 10 21 19 10 21 5 10 14
19 20 19 20 10 21 5 10 14 19 20 10 21 5 10 14
19 20 10 19 20 10 21 5 10 14 19 20 10 21 5 10 14
19 20 10 19 10 21 5 10 14 19 20 10 21 5 10 14
19 20 10 21 19 10 21 5 10 14 19 20 10 21 5 10 14

28 11 5 27 17 17 9 28 11 5 27 17 17 9
28 11 5 27 17 17 9 28 11 20 11 5 27 17 17 9
28 11 5 27 17 17 9 28 11 5 20 11 5 27 17 17 9
28 11 5 27 17 17 9 28 11 5 20 5 27 17 17 9
28 11 5 27 17 17 9 28 11 5 27 20 5 27 17 17 9
28 11 20 11 5 27 17 17 9 28 11 5 27 17 17 9
28 11 5 20 11 5 27 17 17 9 28 11 5 27 17 17 9
28 11 5 20 5 27 17 17 9 28 11 5 27 17 17 9
28 11 5 27 20 5 27 17 17 9 28 11 5 27 17 17 9

15 6 8 24 15 26 21 15 6 8 24 15 26 21
15 6 8 24 15 26 21 15 6 16 6 8 24 15 26 21
15 6 8 24 15 26 21 15 6 8 16 6 8 24 15 26 21
15 6 8 24 15 26 21 15 6 8 16 8 24 15 26 21
15 6 8 24 15 26 21 15 6 8 24 16 8 24 15 26 21
15 6 16 6 8 24 15 26 21 15 6 8 24 15 26 21
15 6 8 16 6 8 24 15 26 21 15 6 8 24 15 26 21
15 6 8 16 8 24 15 26 21 15 6 8 24 15 26 21
15 6 8 24 16 8 24 15 26 21 15 6 8 24 15 26 21

8 9 23 24 24 7 29 8 9 23 24 24 7 29
8 9 23 24 24 7 29 8 9 16 9 23 24 24 7 29
8 9 23 24 24 7 29 8 9 23 16 9 23 24 24 7 29
8 9 23 24 24 7 29 8 9 23 16 23 24 24 7 29
8 9 23 24 24 7 29 8 9 23 24 16 23 24 24 7 29
8 9 16 9 23 24 24 7 29 8 9 23 24 24 7 29
8 9 23 16 9 23 24 24 7 29 8 9 23 24 24 7 29
8 9 23 16 23 24 24 7 29 8 9 23 24 24 7 29
8 9 23 24 16 23 24 24 7 29 8 9 23 24 24 7 29

19 7 21 7 28 19 30 19 7 21 7 28 19 30
19 7 21 7 28 19 30 19 7 8 7 21 7 28 19 30
19 7 21 7 28 19 30 19 7 21 8 7 21 7 28 19 30
19 7 21 7 28 19 30 19 7 21 8 21 7 28 19 30
19 7 21 7 28 19 30 19 7 21 7 8 21 7 28 19 30
19 7 8 7 21 7 28 19 30 19 7 21 7 28 19 30
19 7 21 8 7 21 7 28 19 30 19 7 21 7 28 19 30
19 7 21 8 21 7 28 19 30 19 7 21 7 28 19 30
19 7 21 7 8 21 7 28 19 30 19 7 21 7 28 19 30

10 29 9 8 5 28 21 10 29 9 8 5 28 21
10 29 9 8 5 28 21 10 29 16 29 9 8 5 28 21
10 29 9 8 5 28 21 10 29 9 16 29 9 8 5 28 21
10 29 9 8 5 28 21 10 29 9 16 9 8 5 28 21
10 29 9 8 5 28 21 10 29 9 8 16 9 8 5 28 21
10 29 16 29 9 8 5 28 21 10 29 9 8 5 28 21
10 29 9 16 29 9 8 5 28 21 10 29 9 8 5 28 21
10 29 9 16 9 8 5 28 21 10 29 9 8 5 28 21
10 29 9 8 16 9 8 5 28 21 10 29 9 8 5 28 21

29 19 12 17 7 22 13 29 19 12 17 7 22 13
29 19 12 17 7 22 13 29 19 14 19 12 17 7 22 13
29 19 12 17 7 22 13 29 19 12 14 19 12 17 7 22 13
29 19 12 17 7 22 13 29 19 12 14 12 17 7 22 13
29 19 12 17 7 22 13 29 19 12 17 14 12 17 7 22 13
29 19 14 19 12 17 7 22 13 29 19 12 17 7 22 13
29 19 12 14 19 12 17 7 22 13 29 19 12 17 7 22 13
29 19 12 14 12 17 7 22 13 29 19 12 17 7 22 13
29 19 12 17 14 12 17 7 22 13 29 19 12 17 7 22 13

19 20 24 19 25 28 14 19 20 24 19 25 28 14
19 20 24 19 25 28 14 19 20 19 20 24 19 25 28 14
19 20 24 19 25 28 14 19 20 24 19 20 24 19 25 28 14
19 20 24 19 25 28 14 19 20 24 19 24 19 25 28 14
19 20 24 19 25 28 14 19 20 24 19 19 24 19 25 28 14
19 20 19 20 24 19 25 28 14 19 20 24 19 25 28 14
19 20 24 19 20 24 19 25 28 14 19 20 24 19 25 28 14
19 20 24 19 24 19 25 28 14 19 20 24 19 25 28 14
19 20 24 19 19 24 19 25 28 14 19 20 24 19 25 28 14

26 28 14 25 30 21 23 26 28 14 25 30 21 23
26 28 14 25 30 21 23 26 28 12 28 14 25 30 21 23
26 28 14 25 30 21 23 26 28 14 12 28 14 25 30 21 23
26 28 14 25 30 21 23 26 28 14 12 14 25 30 21 23
26 28 14 25 30 21 23 26 28 14 25 12 14 25 30 21 23
26 28 12 28 14 25 30 21 23 26 28 14 25 30 21 23
26 28 14 12 28 14 25 30 21 23 26 28 14 25 30 21 23
26 28 14 12 14 25 30 21 23 26 28 14 25 30 21 23
26 28 14 25 12 14 25 30 21 23 26 28 14 25 30 21 23

16 5 27 17 17 17 23 16 5 27 17 17 17 23
16 5 27 17 17 17 23 16 5 6 5 27 17 17 17 23
16 5 27 17 17 17 23 16 5 27 6 5 27 17 17 17 23
16 5 27 17 17 17 23 16 5 27 6 27 17 17 17 23
16 5 27 17 17 17 23 16 5 27 17 6 27 17 17 17 23
16 5 6 5 27 17 17 17 23 16 5 27 17 17 17 23
16 5 27 6 5 27 17 17 17 23 16 5 27 17 17 17 23
16 5 27 6 27 17 17 17 23 16 5 27 17 17 17 23
16 5 27 17 6 27 17 17 17 23 16 5 27 17 17 17 23

9 11 14 21 29 11 27 9 11 14 21 29 11 27
9 11 14 21 29 11 27 9 11 7 11 14 21 29 11 27
9 11 14 21 29 11 27 9 11 14 7 11 14 21 29 11 27
9 11 14 21 29 11 27 9 11 14 7 14 21 29 11 27
9 11 14 21 29 11 27 9 11 14 21 7 14 21 29 11 27
9 11 7 11 14 21 29 11 27 9 11 14 21 29 11 27
9 11 14 7 11 14 21 29 11 27 9 11 14 21 29 11 27
9 11 14 7 14 21 29 11 27 9 11 14 21 29 11 27
9 11 14 21 7 14 21 29 11 27 9 11 14 21 29 11 27

16 19 14 23 30 21 17 16 19 14 23 30 21 17
16 19 14 23 30 21 17 16 19 16 19 14 23 30 21 17
16 19 14 23 30 21 17 16 19 14 16 19 14 23 30 21 17
16 19 14 23 30 21 17 16 19 14 16 14 23 30 21 17
16 19 14 23 30 21 17 16 19 14 23 16 14 23 30 21 17
16 19 16 19 14 23 30 21 17 16 19 14 23 30 21 17
16 19 14 16 19 14 23 30 21 17 16 19 14 23 30 21 17
16 19 14 16 14 23 30 21 17 16 19 14 23 30 21 17
16 19 14 23 16 14 23 30 21 17 16 19 14 23 30 21 17

12 9 17 20 13 30 24 12 9 17 20 13 30 24
12 9 17 20 13 30 24 12 9 20 9 17 20 13 30 24
12 9 17 20 13 30 24 12 9 17 20 9 17 20 13 30 24
12 9 17 20 13 30 24 12 9 17 20 17 20 13 30 24
12 9 17 20 13 30 24 12 9 17 20 20 17 20 13 30 24
12 9 20 9 17 20 13 30 24 12 9 17 20 13 30 24
12 9 17 20 9 17 20 13 30 24 12 9 17 20 13 30 24
12 9 17 20 17 20 13 30 24 12 9 17 20 13 30 24
12 9 17 20 20 17 20 13 30 24 12 9 17 20 13 30 24

10 10 17 25 24 16 15 10 10 17 25 24 16 15
10 10 17 25 24 16 15 10 10 15 10 17 25 24 16 15
10 10 17 25 24 16 15 10 10 17 15 10 17 25 24 16 15
10 10 17 25 24 16 15 10 10 17 15 17 25 24 16 15
10 10 17 25 24 16 15 10 10 17 25 15 17 25 24 16 15
10 10 15 10 17 25 24 16 15 10 10 17 25 24 16 15
10 10 17 15 10 17 25 24 16 15 10 10 17 25 24 16 15
10 10 17 15 17 25 24 16 15 10 10 17 25 24 16 15
10 10 17 25 15 17 25 24 16 15 10 10 17 25 24 16 15

15 8 7 21 5 29 27 15 8 7 21 5 29 27
15 8 7 21 5 29 27 15 8 10 8 7 21 5 29 27
15 8 7 21 5 29 27 15 8 7 10 8 7 21 5 29 27
15 8 7 21 5 29 27 15 8 7 10 7 21 5 29 27
15 8 7 21 5 29 27 15 8 7 21 10 7 21 5 29 27
15 8 10 8 7 21 5 29 27 15 8 7 21 5 29 27
15 8 7 10 8 7 21 5 29 27 15 8 7 21 5 29 27
15 8 7 10 7 21 5 29 27 15 8 7 21 5 29 27
15 8 7 21 10 7 21 5 29 27 15 8 7 21 5 29 27

24 22 7 30 18 6 11 24 22 7 30 18 6 11
24 22 7 30 18 6 11 24 22 8 22 7 30 18 6 11
24 22 7 30 18 6 11 24 22 7 8 22 7 30 18 6 11
24 22 7 30 18 6 11 24 22 7 8 7 30 18 6 11
24 22 7 30 18 6 11 24 22 7 30 8 7 30 18 6 11
24 22 8 22 7 30 18 6 11 24 22 7 30 18 6 11
24 22 7 8 22 7 30 18 6 11 24 22 7 30 18 6 11
24 22 7 8 7 30 18 6 11 24 22 7 30 18 6 11
24 22 7 30 8 7 30 18 6 11 24 22 7 30 18 6 11

8 23 6 30 19 30 19 8 23 6 30 19 30 19
8 23 6 30 19 30 19 8 23 13 23 6 30 19 30 19
8 23 6 30 19 30 19 8 23 6 13 23 6 30 19 30 19
8 23 6 30 19 30 19 8 23 6 13 6 30 19 30 19
8 23 6 30 19 30 19 8 23 6 30 13 6 30 19 30 19
8 23 13 23 6 30 19 30 19 8 23 6 30 19 30 19
8 23 6 13 23 6 30 19 30 19 8 23 6 30 19 30 19
8 23 6 13 6 30 19 30 19 8 23 6 30 19 30 19
8 23 6 30 13 6 30 19 30 19 8 23 6 30 19 30 19

10 14 10 20 20 26 8 10 14 10 20 20 26 8
10 14 10 20 20 26 8 10 14 8 14 10 20 20 26 8
10 14 10 20 20 26 8 10 14 10 8 14 10 20 20 26 8
10 14 10 20 20 26 8 10 14 10 8 10 20 20 26 8
10 14 10 20 20 26 8 10 14 10 20 8 10 20 20 26 8
10 14 8 14 10 20 20 26 8 10 14 10 20 20 26 8
10 14 10 8 14 10 20 20 26 8 10 14 10 20 20 26 8
10 14 10 8 10 20 20 26 8 10 14 10 20 20 26 8
10 14 10 20 8 10 20 20 26 8 10 14 10 20 20 26 8

27 19 24 7 13 29 10 27 19 24 7 13 29 10
27 19 24 7 13 29 10 27 19 5 19 24 7 13 29 10
27 19 24 7 13 29 10 27 19 24 5 19 24 7 13 29 10
27 19 24 7 13 29 10 27 19 24 5 24 7 13 29 10
27 19 24 7 13 29 10 27 19 24 7 5 24 7 13 29 10
27 19 5 19 24 7 13 29 10 27 19 24 7 13 29 10
27 19 24 5 19 24 7 13 29 10 27 19 24 7 13 29 10
27 19 24 5 24 7 13 29 10 27 19 24 7 13 29 10
27 19 24 7 5 24 7 13 29 10 27 19 24 7 13 29 10

5 23 5 12 10 22 12 5 23 5 12 10 22 12
5 23 5 12 10 22 12 5 23 15 23 5 12 10 22 12
5 23 5 12 10 22 12 5 23 5 15 23 5 12 10 22 12
5 23 5 12 10 22 12 5 23 5 15 5 12 10 22 12
5 23 5 12 10 22 12 5 23 5 12 15 5 12 10 22 12
5 23 15 23 5 12 10 22 12 5 23 5 12 10 22 12
5 23 5 15 23 5 12 10 22 12 5 23 5 12 10 22 12
5 23 5 15 5 12 10 22 12 5 23 5 12 10 22 12
5 23 5 12 15 5 12 10 22 12 5 23 5 12 10 22 12

12 22 7 28 16 9 20 12 22 7 28 16 9 20
12 22 7 28 16 9 20 12 22 19 22 7 28 16 9 20
12 22 7 28 16 9 20 12 22 7 19 22 7 28 16 9 20
12 22 7 28 16 9 20 12 22 7 19 7 28 16 9 20
12 22 7 28 16 9 20 12 22 7 28 19 7 28 16 9 20
12 22 19 22 7 28 16 9 20 12 22 7 28 16 9 20
12 22 7 19 22 7 28 16 9 20 12 22 7 28 16 9 20
12 22 7 19 7 28 16 9 20 12 22 7 28 16 9 20
12 22 7 28 19 7 28 16 9 20 12 22 7 28 16 9 20

11 18 15 6 28 27 10 11 18 15 6 28 27 10
11 18 15 6 28 27 10 11 18 7 18 15 6 28 27 10
11 18 15 6 28 27 10 11 18 15 7 18 15 6 28 27 10
11 18 15 6 28 27 10 11 18 15 7 15 6 28 27 10
11 18 15 6 28 27 10 11 18 15 6 7 15 6 28 27 10
11 18 7 18 15 6 28 27 10 11 18 15 6 28 27 10
11 18 15 7 18 15 6 28 27 10 11 18 15 6 28 27 10
11 18 15 7 15 6 28 27 10 11 18 15 6 28 27 10
11 18 15 6 7 15 6 28 27 10 11 18 15 6 28 27 10

20 25 15 16 24 19 16 20 25 15 16 24 19 16
20 25 15 16 24 19 16 20 25 12 25 15 16 24 19 16
20 25 15 16 24 19 16 20 25 15 12 25 15 16 24 19 16
20 25 15 16 24 19 16 20 25 15 12 15 16 24 19 16
20 25 15 16 24 19 16 20 25 15 16 12 15 16 24 19 16
20 25 12 25 15 16 24 19 16 20 25 15 16 24 19 16
20 25 15 12 25 15 16 24 19 16 20 25 15 16 24 19 16
20 25 15 12 15 16 24 19 16 20 25 15 16 24 19 16
20 25 15 16 12 15 16 24 19 16 20 25 15 16 24 19 16

10 23 23 25 17 9 11 10 23 23 25 17 9 11
10 23 23 25 17 9 11 10 23 12 23 23 25 17 9 11
10 23 23 25 17 9 11 10 23 23 12 23 23 25 17 9 11
10 23 23 25 17 9 11 10 23 23 12 23 25 17 9 11
10 23 23 25 17 9 11 10 23 23 25 12 23 25 17 9 11
10 23 12 23 23 25 17 9 11 10 23 23 25 17 9 11
10 23 23 12 23 23 25 17 9 11 10 23 23 25 17 9 11
10 23 23 12 23 25 17 9 11 10 23 23 25 17 9 11
10 23 23 25 12 23 25 17 9 11 10 23 23 25 17 9 11

24 26 7 13 29 19 5 24 26 7 13 29 19 5
24 26 7 13 29 19 5 24 26 12 26 7 13 29 19 5
24 26 7 13 29 19 5 24 26 7 12 26 7 13 29 19 5
24 26 7 13 29 19 5 24 26 7 12 7 13 29 19 5
24 26 7 13 29 19 5 24 26 7 13 12 7 13 29 19 5
24 26 12 26 7 13 29 19 5 24 26 7 13 29 19 5
24 26 7 12 26 7 13 29 19 5 24 26 7 13 29 19 5
24 26 7 12 7 13 29 19 5 24 26 7 13 29 19 5
24 26 7 13 12 7 13 29 19 5 24 26 7 13 29 19 5

20 18 28 13 25 17 25 20 18 28 13 25 17 25
20 18 28 13 25 17 25 20 18 19 18 28 13 25 17 25
20 18 28 13 25 17 25 20 18 28 19 18 28 13 25 17 25
20 18 28 13 25 17 25 20 18 28 19 28 13 25 17 25
20 18 28 13 25 17 25 20 18 28 13 19 28 13 25 17 25
20 18 19 18 28 13 25 17 25 20 18 28 13 25 17 25
20 18 28 19 18 28 13 25 17 25 20 18 28 13 25 17 25
20 18 28 19 28 13 25 17 25 20 18 28 13 25 17 25
20 18 28 13 19 28 13 25 17 25 20 18 28 13 25 17 25

23 20 9 6 12 15 16 23 20 9 6 12 15 16
23 20 9 6 12 15 16 23 20 9 20 9 6 12 15 16
23 20 9 6 12 15 16 23 20 9 9 20 9 6 12 15 16
23 20 9 6 12 15 16 23 20 9 9 9 6 12 15 16
23 20 9 6 12 15 16 23 20 9 6 9 9 6 12 15 16
23 20 9 20 9 6 12 15 16 23 20 9 6 12 15 16
23 20 9 9 20 9 6 12 15 16 23 20 9 6 12 15 16
23 20 9 9 9 6 12 15 16 23 20 9 6 12 15 16
23 20 9 6 9 9 6 12 15 16 23 20 9 6 12 15 16

18 13 17 8 11 11 10 18 13 17 8 11 11 10
18 13 17 8 11 11 10 18 13 20 13 17 8 11 11 10
18 13 17 8 11 11 10 18 13 17 20 13 17 8 11 11 10
18 13 17 8 11 11 10 18 13 17 20 17 8 11 11 10
18 13 17 8 11 11 10 18 13 17 8 20 17 8 11 11 10
18 13 20 13 17 8 11 11 10 18 13 17 8 11 11 10
18 13 17 20 13 17 8 11 11 10 18 13 17 8 11 11 10
18 13 17 20 17 8 11 11 10 18 13 17 8 11 11 10
18 13 17 8 20 17 8 11 11 10 18 13 17 8 11 11 10

24 14 25 11 27 30 7 24 14 25 11 27 30 7
24 14 25 11 27 30 7 24 14 15 14 25 11 27 30 7
24 14 25 11 27 30 7 24 14 25 15 14 25 11 27 30 7
24 14 25 11 27 30 7 24 14 25 15 25 11 27 30 7
24 14 25 11 27 30 7 24 14 25 11 15 25 11 27 30 7
24 14 15 14 25 11 27 30 7 24 14 25 11 27 30 7
24 14 25 15 14 25 11 27 30 7 24 14 25 11 27 30 7
24 14 25 15 25 11 27 30 7 24 14 25 11 27 30 7
24 14 25 11 15 25 11 27 30 7 24 14 25 11 27 30 7

18 22 27 30 18 28 5 18 22 27 30 18 28 5
18 22 27 30 18 28 5 18 22 19 22 27 30 18 28 5
18 22 27 30 18 28 5 18 22 27 19 22 27 30 18 28 5
18 22 27 30 18 28 5 18 22 27 19 27 30 18 28 5
18 22 27 30 18 28 5 18 22 27 30 19 27 30 18 28 5
18 22 19 22 27 30 18 28 5 18 22 27 30 18 28 5
18 22 27 19 22 27 30 18 28 5 18 22 27 30 18 28 5
18 22 27 19 27 30 18 28 5 18 22 27 30 18 28 5
18 22 27 30 19 27 30 18 28 5 18 22 27 30 18 28 5

9 28 17 20 6 6 19 9 28 17 20 6 6 19
9 28 17 20 6 6 19 9 28 5 28 17 20 6 6 19
9 28 17 20 6 6 19 9 28 17 5 28 17 20 6 6 19
9 28 17 20 6 6 19 9 28 17 5 17 20 6 6 19
9 28 17 20 6 6 19 9 28 17 20 5 17 20 6 6 19
9 28 5 28 17 20 6 6 19 9 28 17 20 6 6 19
9 28 17 5 28 17 20 6 6 19 9 28 17 20 6 6 19
9 28 17 5 17 20 6 6 19 9 28 17 20 6 6 19
9 28 17 20 5 17 20 6 6 19 9 28 17 20 6 6 19

28 16 12 19 18 19 17 28 16 12 19 18 19 17
28 16 12 19 18 19 17 28 16 8 16 12 19 18 19 17
28 16 12 19 18 19 17 28 16 12 8 16 12 19 18 19 17
28 16 12 19 18 19 17 28 16 12 8 12 19 18 19 17
28 16 12 19 18 19 17 28 16 12 19 8 12 19 18 19 17
28 16 8 16 12 19 18 19 17 28 16 12 19 18 19 17
28 16 12 8 16 12 19 18 19 17 28 16 12 19 18 19 17
28 16 12 8 12 19 18 19 17 28 16 12 19 18 19 17
28 16 12 19 8 12 19 18 19 17 28 16 12 19 18 19 17

20 14 20 29 12 17 13 20 14 20 29 12 17 13
20 14 20 29 12 17 13 20 14 7 14 20 29 12 17 13
20 14 20 29 12 17 13 20 14 20 7 14 20 29 12 17 13
20 14 20 29 12 17 13 20 14 20 7 20 29 12 17 13
20 14 20 29 12 17 13 20 14 20 29 7 20 29 12 17 13
20 14 7 14 20 29 12 17 13 20 14 20 29 12 17 13
20 14 20 7 14 20 29 12 17 13 20 14 20 29 12 17 13
20 14 20 7 20 29 12 17 13 20 14 20 29 12 17 13
20 14 20 29 7 20 29 12 17 13 20 14 20 29 12 17 13

18 22 28 11 13 16 7 18 22 28 11 13 16 7
18 22 28 11 13 16 7 18 22 7 22 28 11 13 16 7
18 22 28 11 13 16 7 18 22 28 7 22 28 11 13 16 7
18 22 28 11 13 16 7 18 22 28 7 28 11 13 16 7
18 22 28 11 13 16 7 18 22 28 11 7 28 11 13 16 7
18 22 7 22 28 11 13 16 7 18 22 28 11 13 16 7
18 22 28 7 22 28 11 13 16 7 18 22 28 11 13 16 7
18 22 28 7 28 11 13 16 7 18 22 28 11 13 16 7
18 22 28 11 7 28 11 13 16 7 18 22 28 11 13 16 7

7 8 14 6 30 7 22 7 8 14 6 30 7 22
7 8 14 6 30 7 22 7 8 8 8 14 6 30 7 22
7 8 14 6 30 7 22 7 8 14 8 8 14 6 30 7 22
7 8 14 6 30 7 22 7 8 14 8 14 6 30 7 22
7 8 14 6 30 7 22 7 8 14 6 8 14 6 30 7 22
7 8 8 8 14 6 30 7 22 7 8 14 6 30 7 22
7 8 14 8 8 14 6 30 7 22 7 8 14 6 30 7 22
7 8 14 8 14 6 30 7 22 7 8 14 6 30 7 22
7 8 14 6 8 14 6 30 7 22 7 8 14 6 30 7 22

22 12 17 20 23 12 18 22 12 17 20 23 12 18
22 12 17 20 23 12 18 22 12 11 12 17 20 23 12 18
22 12 17 20 23 12 18 22 12 17 11 12 17 20 23 12 18
22 12 17 20 23 12 18 22 12 17 11 17 20 23 12 18
22 12 17 20 23 12 18 22 12 17 20 11 17 20 23 12 18
22 12 11 12 17 20 23 12 18 22 12 17 20 23 12 18
22 12 17 11 12 17 20 23 12 18 22 12 17 20 23 12 18
22 12 17 11 17 20 23 12 18 22 12 17 20 23 12 18
22 12 17 20 11 17 20 23 12 18 22 12 17 20 23 12 18

25 10 14 19 27 23 22 25 10 14 19 27 23 22
25 10 14 19 27 23 22 25 10 5 10 14 19 27 23 22
25 10 14 19 27 23 22 25 10 14 5 10 14 19 27 23 22
25 10 14 19 27 23 22 25 10 14 5 14 19 27 23 22
25 10 14 19 27 23 22 25 10 14 19 5 14 19 27 23 22
25 10 5 10 14 19 27 23 22 25 10 14 19 27 23 22
25 10 14 5 10 14 19 27 23 22 25 10 14 19 27 23 22
25 10 14 5 14 19 27 23 22 25 10 14 19 27 23 22
25 10 14 19 5 14 19 27 23 22 25 10 14 19 27 23 22

21 19 21 16 14 28 24 21 19 21 16 14 28 24
21 19 21 16 14 28 24 21 19 5 19 21 16 14 28 24
21 19 21 16 14 28 24 21 19 21 5 19 21 16 14 28 24
21 19 21 16 14 28 24 21 19 21 5 21 16 14 28 24
21 19 21 16 14 28 24 21 19 21 16 5 21 16 14 28 24
21 19 5 19 21 16 14 28 24 21 19 21 16 14 28 24
21 19 21 5 19 21 16 14 28 24 21 19 21 16 14 28 24
21 19 21 5 21 16 14 28 24 21 19 21 16 14 28 24
21 19 21 16 5 21 16 14 28 24 21 19 21 16 14 28 24

17 5 16 8 19 6 9 17 5 16 8 19 6 9
17 5 16 8 19 6 9 17 5 17 5 16 8 19 6 9
17 5 16 8 19 6 9 17 5 16 17 5 16 8 19 6 9
17 5 16 8 19 6 9 17 5 16 17 16 8 19 6 9
17 5 16 8 19 6 9 17 5 16 8 17 16 8 19 6 9
17 5 17 5 16 8 19 6 9 17 5 16 8 19 6 9
17 5 16 17 5 16 8 19 6 9 17 5 16 8 19 6 9
17 5 16 17 16 8 19 6 9 17 5 16 8 19 6 9
17 5 16 8 17 16 8 19 6 9 17 5 16 8 19 6 9

18 7 27 27 13 13 30 18 7 27 27 13 13 30
18 7 27 27 13 13 30 18 7 7 7 27 27 13 13 30
18 7 27 27 13 13 30 18 7 27 7 7 27 27 13 13 30
18 7 27 27 13 13 30 18 7 27 7 27 27 13 13 30
18 7 27 27 13 13 30 18 7 27 27 7 27 27 13 13 30
18 7 7 7 27 27 13 13 30 18 7 27 27 13 13 30
18 7 27 7 7 27 27 13 13 30 18 7 27 27 13 13 30
18 7 27 7 27 27 13 13 30 18 7 27 27 13 13 30
18 7 27 27 7 27 27 13 13 30 18 7 27 27 13 13 30

5 26 29 14 9 26 10 5 26 29 14 9 26 10
5 26 29 14 9 26 10 5 26 9 26 29 14 9 26 10
5 26 29 14 9 26 10 5 26 29 9 26 29 14 9 26 10
5 26 29 14 9 26 10 5 26 29 9 29 14 9 26 10
5 26 29 14 9 26 10 5 26 29 14 9 29 14 9 26 10
5 26 9 26 29 14 9 26 10 5 26 29 14 9 26 10
5 26 29 9 26 29 14 9 26 10 5 26 29 14 9 26 10
5 26 29 9 29 14 9 26 10 5 26 29 14 9 26 10
5 26 29 14 9 29 14 9 26 10 5 26 29 14 9 26 10

26 16 23 23 10 28 25 26 16 23 23 10 28 25
26 16 23 23 10 28 25 26 16 8 16 23 23 10 28 25
26 16 23 23 10 28 25 26 16 23 8 16 23 23 10 28 25
26 16 23 23 10 28 25 26 16 23 8 23 23 10 28 25
26 16 23 23 10 28 25 26 16 23 23 8 23 23 10 28 25
26 16 8 16 23 23 10 28 25 26 16 23 23 10 28 25
26 16 23 8 16 23 23 10 28 25 26 16 23 23 10 28 25
26 16 23 8 23 23 10 28 25 26 16 23 23 10 28 25
26 16 23 23 8 23 23 10 28 25 26 16 23 23 10 28 25

14 15 17 8 30 27 9 14 15 17 8 30 27 9
14 15 17 8 30 27 9 14 15 20 15 17 8 30 27 9
14 15 17 8 30 27 9 14 15 17 20 15 17 8 30 27 9
14 15 17 8 30 27 9 14 15 17 20 17 8 30 27 9
14 15 17 8 30 27 9 14 15 17 8 20 17 8 30 27 9
14 15 20 15 17 8 30 27 9 14 15 17 8 30 27 9
14 15 17 20 15 17 8 30 27 9 14 15 17 8 30 27 9
14 15 17 20 17 8 30 27 9 14 15 17 8 30 27 9
14 15 17 8 20 17 8 30 27 9 14 15 17 8 30 27 9

19 30 24 27 13 25 6 19 30 24 27 13 25 6
19 30 24 27 13 25 6 19 30 6 30 24 27 13 25 6
19 30 24 27 13 25 6 19 30 24 6 30 24 27 13 25 6
19 30 24 27 13 25 6 19 30 24 6 24 27 13 25 6
19 30 24 27 13 25 6 19 30 24 27 6 24 27 13 25 6
19 30 6 30 24 27 13 25 6 19 30 24 27 13 25 6
19 30 24 6 30 24 27 13 25 6 19 30 24 27 13 25 6
19 30 24 6 24 27 13 25 6 19 30 24 27 13 25 6
19 30 24 27 6 24 27 13 25 6 19 30 24 27 13 25 6

17 5 7 15 8 25 29 17 5 7 15 8 25 29
17 5 7 15 8 25 29 17 5 6 5 7 15 8 25 29
17 5 7 15 8 25 29 17 5 7 6 5 7 15 8 25 29
17 5 7 15 8 25 29 17 5 7 6 7 15 8 25 29
17 5 7 15 8 25 29 17 5 7 15 6 7 15 8 25 29
17 5 6 5 7 15 8 25 29 17 5 7 15 8 25 29
17 5 7 6 5 7 15 8 25 29 17 5 7 15 8 25 29
17 5 7 6 7 15 8 25 29 17 5 7 15 8 25 29
17 5 7 15 6 7 15 8 25 29 17 5 7 15 8 25 29

22 19 15 6 7 16 28 22 19 15 6 7 16 28
22 19 15 6 7 16 28 22 19 18 19 15 6 7 16 28
22 19 15 6 7 16 28 22 19 15 18 19 15 6 7 16 28
22 19 15 6 7 16 28 22 19 15 18 15 6 7 16 28
22 19 15 6 7 16 28 22 19 15 6 18 15 6 7 16 28
22 19 18 19 15 6 7 16 28 22 19 15 6 7 16 28
22 19 15 18 19 15 6 7 16 28 22 19 15 6 7 16 28
22 19 15 18 15 6 7 16 28 22 19 15 6 7 16 28
22 19 15 6 18 15 6 7 16 28 22 19 15 6 7 16 28

21 17 29 10 8 11 18 21 17 29 10 8 11 18
21 17 29 10 8 11 18 21 17 18 17 29 10 8 11 18
21 17 29 10 8 11 18 21 17 29 18 17 29 10 8 11 18
21 17 29 10 8 11 18 21 17 29 18 29 10 8 11 18
21 17 29 10 8 11 18 21 17 29 10 18 29 10 8 11 18
21 17 18 17 29 10 8 11 18 21 17 29 10 8 11 18
21 17 29 18 17 29 10 8 11 18 21 17 29 10 8 11 18
21 17 29 18 29 10 8 11 18 21 17 29 10 8 11 18
21 17 29 10 18 29 10 8 11 18 21 17 29 10 8 11 18

11 27 28 9 29 27 23 11 27 28 9 29 27 23
11 27 28 9 29 27 23 11 27 12 27 28 9 29 27 23
11 27 28 9 29 27 23 11 27 28 12 27 28 9 29 27 23
11 27 28 9 29 27 23 11 27 28 12 28 9 29 27 23
11 27 28 9 29 27 23 11 27 28 9 12 28 9 29 27 23
11 27 12 27 28 9 29 27 23 11 27 28 9 29 27 23
11 27 28 12 27 28 9 29 27 23 11 27 28 9 29 27 23
11 27 28 12 28 9 29 27 23 11 27 28 9 29 27 23
11 27 28 9 12 28 9 29 27 23 11 27 28 9 29 27 23

30 26 21 12 5 11 27 30 26 21 12 5 11 27
30 26 21 12 5 11 27 30 26 8 26 21 12 5 11 27
30 26 21 12 5 11 27 30 26 21 8 26 21 12 5 11 27
30 26 21 12 5 11 27 30 26 21 8 21 12 5 11 27
30 26 21 12 5 11 27 30 26 21 12 8 21 12 5 11 27
30 26 8 26 21 12 5 11 27 30 26 21 12 5 11 27
30 26 21 8 26 21 12 5 11 27 30 26 21 12 5 11 27
30 26 21 8 21 12 5 11 27 30 26 21 12 5 11 27
30 26 21 12 8 21 12 5 11 27 30 26 21 12 5 11 27

5 27 6 25 22 7 21 5 27 6 25 22 7 21
5 27 6 25 22 7 21 5 27 6 27 6 25 22 7 21
5 27 6 25 22 7 21 5 27 6 6 27 6 25 22 7 21
5 27 6 25 22 7 21 5 27 6 6 6 25 22 7 21
5 27 6 25 22 7 21 5 27 6 25 6 6 25 22 7 21
5 27 6 27 6 25 22 7 21 5 27 6 25 22 7 21
5 27 6 6 27 6 25 22 7 21 5 27 6 25 22 7 21
5 27 6 6 6 25 22 7 21 5 27 6 25 22 7 21
5 27 6 25 6 6 25 22 7 21 5 27 6 25 22 7 21

15 8 15 24 27 15 13 15 8 15 24 27 15 13
15 8 15 24 27 15 13 15 8 8 8 15 24 27 15 13
15 8 15 24 27 15 13 15 8 15 8 8 15 24 27 15 13
15 8 15 24 27 15 13 15 8 15 8 15 24 27 15 13
15 8 15 24 27 15 13 15 8 15 24 8 15 24 27 15 13
15 8 8 8 15 24 27 15 13 15 8 15 24 27 15 13
15 8 15 8 8 15 24 27 15 13 15 8 15 24 27 15 13
15 8 15 8 15 24 27 15 13 15 8 15 24 27 15 13
15 8 15 24 8 15 24 27 15 13 15 8 15 24 27 15 13

21 6 8 13 17 30 5 21 6 8 13 17 30 5
21 6 8 13 17 30 5 21 6 16 6 8 13 17 30 5
21 6 8 13 17 30 5 21 6 8 16 6 8 13 17 30 5
21 6 8 13 17 30 5 21 6 8 16 8 13 17 30 5
21 6 8 13 17 30 5 21 6 8 13 16 8 13 17 30 5
21 6 16 6 8 13 17 30 5 21 6 8 13 17 30 5
21 6 8 16 6 8 13 17 30 5 21 6 8 13 17 30 5
21 6 8 16 8 13 17 30 5 21 6 8 13 17 30 5
21 6 8 13 16 8 13 17 30 5 21 6 8 13 17 30 5

7 20 30 11 27 8 16 7 20 30 11 27 8 16
7 20 30 11 27 8 16 7 20 9 20 30 11 27 8 16
7 20 30 11 27 8 16 7 20 30 9 20 30 11 27 8 16
7 20 30 11 27 8 16 7 20 30 9 30 11 27 8 16
7 20 30 11 27 8 16 7 20 30 11 9 30 11 27 8 16
7 20 9 20 30 11 27 8 16 7 20 30 11 27 8 16
7 20 30 9 20 30 11 27 8 16 7 20 30 11 27 8 16
7 20 30 9 30 11 27 8 16 7 20 30 11 27 8 16
7 20 30 11 9 30 11 27 8 16 7 20 30 11 27 8 16

5 30 14 23 7 27 28 5 30 14 23 7 27 28
5 30 14 23 7 27 28 5 30 15 30 14 23 7 27 28
5 30 14 23 7 27 28 5 30 14 15 30 14 23 7 27 28
5 30 14 23 7 27 28 5 30 14 15 14 23 7 27 28
5 30 14 23 7 27 28 5 30 14 23 15 14 23 7 27 28
5 30 15 30 14 23 7 27 28 5 30 14 23 7 27 28
5 30 14 15 30 14 23 7 27 28 5 30 14 23 7 27 28
5 30 14 15 14 23 7 27 28 5 30 14 23 7 27 28
5 30 14 23 15 14 23 7 27 28 5 30 14 23 7 27 28

14 7 26 18 9 8 21 14 7 26 18 9 8 21
14 7 26 18 9 8 21 14 7 19 7 26 18 9 8 21
14 7 26 18 9 8 21 14 7 26 19 7 26 18 9 8 21
14 7 26 18 9 8 21 14 7 26 19 26 18 9 8 21
14 7 26 18 9 8 21 14 7 26 18 19 26 18 9 8 21
14 7 19 7 26 18 9 8 21 14 7 26 18 9 8 21
14 7 26 19 7 26 18 9 8 21 14 7 26 18 9 8 21
14 7 26 19 26 18 9 8 21 14 7 26 18 9 8 21
14 7 26 18 19 26 18 9 8 21 14 7 26 18 9 8 21

17 8 9 12 17 21 22 17 8 9 12 17 21 22
17 8 9 12 17 21 22 17 8 11 8 9 12 17 21 22
17 8 9 12 17 21 22 17 8 9 11 8 9 12 17 21 22
17 8 9 12 17 21 22 17 8 9 11 9 12 17 21 22
17 8 9 12 17 21 22 17 8 9 12 11 9 12 17 21 22
17 8 11 8 9 12 17 21 22 17 8 9 12 17 21 22
17 8 9 11 8 9 12 17 21 22 17 8 9 12 17 21 22
17 8 9 11 9 12 17 21 22 17 8 9 12 17 21 22
17 8 9 12 11 9 12 17 21 22 17 8 9 12 17 21 22

26 9 29 19 19 7 11 26 9 29 19 19 7 11
26 9 29 19 19 7 11 26 9 8 9 29 19 19 7 11
26 9 29 19 19 7 11 26 9 29 8 9 29 19 19 7 11
26 9 29 19 19 7 11 26 9 29 8 29 19 19 7 11
26 9 29 19 19 7 11 26 9 29 19 8 29 19 19 7 11
26 9 8 9 29 19 19 7 11 26 9 29 19 19 7 11
26 9 29 8 9 29 19 19 7 11 26 9 29 19 19 7 11
26 9 29 8 29 19 19 7 11 26 9 29 19 19 7 11
26 9 29 19 8 29 19 19 7 11 26 9 29 19 19 7 11

9 18 28 8 16 27 13 9 18 28 8 16 27 13
9 18 28 8 16 27 13 9 18 19 18 28 8 16 27 13
9 18 28 8 16 27 13 9 18 28 19 18 28 8 16 27 13
9 18 28 8 16 27 13 9 18 28 19 28 8 16 27 13
9 18 28 8 16 27 13 9 18 28 8 19 28 8 16 27 13
9 18 19 18 28 8 16 27 13 9 18 28 8 16 27 13
9 18 28 19 18 28 8 16 27 13 9 18 28 8 16 27 13
9 18 28 19 28 8 16 27 13 9 18 28 8 16 27 13
9 18 28 8 19 28 8 16 27 13 9 18 28 8 16 27 13

27 28 30 11 14 12 5 27 28 30 11 14 12 5
27 28 30 11 14 12 5 27 28 16 28 30 11 14 12 5
27 28 30 11 14 12 5 27 28 30 16 28 30 11 14 12 5
27 28 30 11 14 12 5 27 28 30 16 30 11 14 12 5
27 28 30 11 14 12 5 27 28 30 11 16 30 11 14 12 5
27 28 16 28 30 11 14 12 5 27 28 30 11 14 12 5
27 28 30 16 28 30 11 14 12 5 27 28 30 11 14 12 5
27 28 30 16 30 11 14 12 5 27 28 30 11 14 12 5
27 28 30 11 16 30 11 14 12 5 27 28 30 11 14 12 5

7 9 16 14 6 26 29 7 9 16 14 6 26 29
7 9 16 14 6 26 29 7 9 12 9 16 14 6 26 29
7 9 16 14 6 26 29 7 9 16 12 9 16 14 6 26 29
7 9 16 14 6 26 29 7 9 16 12 16 14 6 26 29
7 9 16 14 6 26 29 7 9 16 14 12 16 14 6 26 29
7 9 12 9 16 14 6 26 29 7 9 16 14 6 26 29
7 9 16 12 9 16 14 6 26 29 7 9 16 14 6 26 29
7 9 16 12 16 14 6 26 29 7 9 16 14 6 26 29
7 9 16 14 12 16 14 6 26 29 7 9 16 14 6 26 29

12 17 8 14 26 13 24 12 17 8 14 26 13 24
12 17 8 14 26 13 24 12 17 16 17 8 14 26 13 24
12 17 8 14 26 13 24 12 17 8 16 17 8 14 26 13 24
12 17 8 14 26 13 24 12 17 8 16 8 14 26 13 24
12 17 8 14 26 13 24 12 17 8 14 16 8 14 26 13 24
12 17 16 17 8 14 26 13 24 12 17 8 14 26 13 24
12 17 8 16 17 8 14 26 13 24 12 17 8 14 26 13 24
12 17 8 16 8 14 26 13 24 12 17 8 14 26 13 24
12 17 8 14 16 8 14 26 13 24 12 17 8 14 26 13 24

20 30 16 30 9 30 27 20 30 16 30 9 30 27
20 30 16 30 9 30 27 20 30 12 30 16 30 9 30 27
20 30 16 30 9 30 27 20 30 16 12 30 16 30 9 30 27
20 30 16 30 9 30 27 20 30 16 12 16 30 9 30 27
20 30 16 30 9 30 27 20 30 16 30 12 16 30 9 30 27
20 30 12 30 16 30 9 30 27 20 30 16 30 9 30 27
20 30 16 12 30 16 30 9 30 27 20 30 16 30 9 30 27
20 30 16 12 16 30 9 30 27 20 30 16 30 9 30 27
20 30 16 30 12 16 30 9 30 27 20 30 16 30 9 30 27

17 17 23 22 21 21 14 17 17 23 22 21 21 14
17 17 23 22 21 21 14 17 17 16 17 23 22 21 21 14
17 17 23 22 21 21 14 17 17 23 16 17 23 22 21 21 14
17 17 23 22 21 21 14 17 17 23 16 23 22 21 21 14
17 17 23 22 21 21 14 17 17 23 22 16 23 22 21 21 14
17 17 16 17 23 22 21 21 14 17 17 23 22 21 21 14
17 17 23 16 17 23 22 21 21 14 17 17 23 22 21 21 14
17 17 23 16 23 22 21 21 14 17 17 23 22 21 21 14
17 17 23 22 16 23 22 21 21 14 17 17 23 22 21 21 14

7 10 11 14 27 10 20 7 10 11 14 27 10 20
7 10 11 14 27 10 20 7 10 5 10 11 14 27 10 20
7 10 11 14 27 10 20 7 10 11 5 10 11 14 27 10 20
7 10 11 14 27 10 20 7 10 11 5 11 14 27 10 20
7 10 11 14 27 10 20 7 10 11 14 5 11 14 27 10 20
7 10 5 10 11 14 27 10 20 7 10 11 14 27 10 20
7 10 11 5 10 11 14 27 10 20 7 10 11 14 27 10 20
7 10 11 5 11 14 27 10 20 7 10 11 14 27 10 20
7 10 11 14 5 11 14 27 10 20 7 10 11 14 27 10 20

29 22 17 26 22 24 19 29 22 17 26 22 24 19
29 22 17 26 22 24 19 29 22 6 22 17 26 22 24 19
29 22 17 26 22 24 19 29 22 17 6 22 17 26 22 24 19
29 22 17 26 22 24 19 29 22 17 6 17 26 22 24 19
29 22 17 26 22 24 19 29 22 17 26 6 17 26 22 24 19
29 22 6 22 17 26 22 24 19 29 22 17 26 22 24 19
29 22 17 6 22 17 26 22 24 19 29 22 17 26 22 24 19
29 22 17 6 17 26 22 24 19 29 22 17 26 22 24 19
29 22 17 26 6 17 26 22 24 19 29 22 17 26 22 24 19

11 19 15 13 21 7 21 11 19 15 13 21 7 21
11 19 15 13 21 7 21 11 19 5 19 15 13 21 7 21
11 19 15 13 21 7 21 11 19 15 5 19 15 13 21 7 21
11 19 15 13 21 7 21 11 19 15 5 15 13 21 7 21
11 19 15 13 21 7 21 11 19 15 13 5 15 13 21 7 21
11 19 5 19 15 13 21 7 21 11 19 15 13 21 7 21
11 19 15 5 19 15 13 21 7 21 11 19 15 13 21 7 21
11 19 15 5 15 13 21 7 21 11 19 15 13 21 7 21
11 19 15 13 5 15 13 21 7 21 11 19 15 13 21 7 21

11 22 25 27 20 29 16 11 22 25 27 20 29 16
11 22 25 27 20 29 16 11 22 16 22 25 27 20 29 16
11 22 25 27 20 29 16 11 22 25 16 22 25 27 20 29 16
11 22 25 27 20 29 16 11 22 25 16 25 27 20 29 16
11 22 25 27 20 29 16 11 22 25 27 16 25 27 20 29 16
11 22 16 22 25 27 20 29 16 11 22 25 27 20 29 16
11 22 25 16 22 25 27 20 29 16 11 22 25 27 20 29 16
11 22 25 16 25 27 20 29 16 11 22 25 27 20 29 16
11 22 25 27 16 25 27 20 29 16 11 22 25 27 20 29 16

18 23 24 15 24 24 7 18 23 24 15 24 24 7
18 23 24 15 24 24 7 18 23 11 23 24 15 24 24 7
18 23 24 15 24 24 7 18 23 24 11 23 24 15 24 24 7
18 23 24 15 24 24 7 18 23 24 11 24 15 24 24 7
18 23 24 15 24 24 7 18 23 24 15 11 24 15 24 24 7
18 23 11 23 24 15 24 24 7 18 23 24 15 24 24 7
18 23 24 11 23 24 15 24 24 7 18 23 24 15 24 24 7
18 23 24 11 24 15 24 24 7 18 23 24 15 24 24 7
18 23 24 15 11 24 15 24 24 7 18 23 24 15 24 24 7

17 30 15 19 27 14 28 17 30 15 19 27 14 28
17 30 15 19 27 14 28 17 30 10 30 15 19 27 14 28
17 30 15 19 27 14 28 17 30 15 10 30 15 19 27 14 28
17 30 15 19 27 14 28 17 30 15 10 15 19 27 14 28
17 30 15 19 27 14 28 17 30 15 19 10 15 19 27 14 28
17 30 10 30 15 19 27 14 28 17 30 15 19 27 14 28
17 30 15 10 30 15 19 27 14 28 17 30 15 19 27 14 28
17 30 15 10 15 19 27 14 28 17 30 15 19 27 14 28
17 30 15 19 10 15 19 27 14 28 17 30 15 19 27 14 28

28 15 13 5 16 19 5 28 15 13 5 16 19 5
28 15 13 5 16 19 5 28 15 10 15 13 5 16 19 5
28 15 13 5 16 19 5 28 15 13 10 15 13 5 16 19 5
28 15 13 5 16 19 5 28 15 13 10 13 5 16 19 5
28 15 13 5 16 19 5 28 15 13 5 10 13 5 16 19 5
28 15 10 15 13 5 16 19 5 28 15 13 5 16 19 5
28 15 13 10 15 13 5 16 19 5 28 15 13 5 16 19 5
28 15 13 10 13 5 16 19 5 28 15 13 5 16 19 5
28 15 13 5 10 13 5 16 19 5 28 15 13 5 16 19 5

28 14 26 24 24 15 21 28 14 26 24 24 15 21
28 14 26 24 24 15 21 28 14 7 14 26 24 24 15 21
28 14 26 24 24 15 21 28 14 26 7 14 26 24 24 15 21
28 14 26 24 24 15 21 28 14 26 7 26 24 24 15 21
28 14 26 24 24 15 21 28 14 26 24 7 26 24 24 15 21
28 14 7 14 26 24 24 15 21 28 14 26 24 24 15 21
28 14 26 7 14 26 24 24 15 21 28 14 26 24 24 15 21
28 14 26 7 26 24 24 15 21 28 14 26 24 24 15 21
28 14 26 24 7 26 24 24 15 21 28 14 26 24 24 15 21

25 7 25 15 23 26 17 25 7 25 15 23 26 17
25 7 25 15 23 26 17 25 7 17 7 25 15 23 26 17
25 7 25 15 23 26 17 25 7 25 17 7 25 15 23 26 17
25 7 25 15 23 26 17 25 7 25 17 25 15 23 26 17
25 7 25 15 23 26 17 25 7 25 15 17 25 15 23 26 17
25 7 17 7 25 15 23 26 17 25 7 25 15 23 26 17
25 7 25 17 7 25 15 23 26 17 25 7 25 15 23 26 17
25 7 25 17 25 15 23 26 17 25 7 25 15 23 26 17
25 7 25 15 17 25 15 23 26 17 25 7 25 15 23 26 17

15 24 11 23 17 30 8 15 24 11 23 17 30 8
15 24 11 23 17 30 8 15 24 13 24 11 23 17 30 8
15 24 11 23 17 30 8 15 24 11 13 24 11 23 17 30 8
15 24 11 23 17 30 8 15 24 11 13 11 23 17 30 8
15 24 11 23 17 30 8 15 24 11 23 13 11 23 17 30 8
15 24 13 24 11 23 17 30 8 15 24 11 23 17 30 8
15 24 11 13 24 11 23 17 30 8 15 24 11 23 17 30 8
15 24 11 13 11 23 17 30 8 15 24 11 23 17 30 8
15 24 11 23 13 11 23 17 30 8 15 24 11 23 17 30 8

17 6 12 30 13 11 12 17 6 12 30 13 11 12
17 6 12 30 13 11 12 17 6 8 6 12 30 13 11 12
17 6 12 30 13 11 12 17 6 12 8 6 12 30 13 11 12
17 6 12 30 13 11 12 17 6 12 8 12 30 13 11 12
17 6 12 30 13 11 12 17 6 12 30 8 12 30 13 11 12
17 6 8 6 12 30 13 11 12 17 6 12 30 13 11 12
17 6 12 8 6 12 30 13 11 12 17 6 12 30 13 11 12
17 6 12 8 12 30 13 11 12 17 6 12 30 13 11 12
17 6 12 30 8 12 30 13 11 12 17 6 12 30 13 11 12

13 27 18 30 16 26 12 13 27 18 30 16 26 12
13 27 18 30 16 26 12 13 27 8 27 18 30 16 26 12
13 27 18 30 16 26 12 13 27 18 8 27 18 30 16 26 12
13 27 18 30 16 26 12 13 27 18 8 18 30 16 26 12
13 27 18 30 16 26 12 13 27 18 30 8 18 30 16 26 12
13 27 8 27 18 30 16 26 12 13 27 18 30 16 26 12
13 27 18 8 27 18 30 16 26 12 13 27 18 30 16 26 12
13 27 18 8 18 30 16 26 12 13 27 18 30 16 26 12
13 27 18 30 8 18 30 16 26 12 13 27 18 30 16 26 12

24 27 14 20 26 19 14 24 27 14 20 26 19 14
24 27 14 20 26 19 14 24 27 6 27 14 20 26 19 14
24 27 14 20 26 19 14 24 27 14 6 27 14 20 26 19 14
24 27 14 20 26 19 14 24 27 14 6 14 20 26 19 14
24 27 14 20 26 19 14 24 27 14 20 6 14 20 26 19 14
24 27 6 27 14 20 26 19 14 24 27 14 20 26 19 14
24 27 14 6 27 14 20 26 19 14 24 27 14 20 26 19 14
24 27 14 6 14 20 26 19 14 24 27 14 20 26 19 14
24 27 14 20 6 14 20 26 19 14 24 27 14 20 26 19 14

11 21 15 24 11 19 10 11 21 15 24 11 19 10
11 21 15 24 11 19 10 11 21 16 21 15 24 11 19 10
11 21 15 24 11 19 10 11 21 15 16 21 15 24 11 19 10
11 21 15 24 11 19 10 11 21 15 16 15 24 11 19 10
11 21 15 24 11 19 10 11 21 15 24 16 15 24 11 19 10
11 21 16 21 15 24 11 19 10 11 21 15 24 11 19 10
11 21 15 16 21 15 24 11 19 10 11 21 15 24 11 19 10
11 21 15 16 15 24 11 19 10 11 21 15 24 11 19 10
11 21 15 24 16 15 24 11 19 10 11 21 15 24 11 19 10

19 23 8 11 18 13 14 19 23 8 11 18 13 14
19 23 8 11 18 13 14 19 23 5 23 8 11 18 13 14
19 23 8 11 18 13 14 19 23 8 5 23 8 11 18 13 14
19 23 8 11 18 13 14 19 23 8 5 8 11 18 13 14
19 23 8 11 18 13 14 19 23 8 11 5 8 11 18 13 14
19 23 5 23 8 11 18 13 14 19 23 8 11 18 13 14
19 23 8 5 23 8 11 18 13 14 19 23 8 11 18 13 14
19 23 8 5 8 11 18 13 14 19 23 8 11 18 13 14
19 23 8 11 5 8 11 18 13 14 19 23 8 11 18 13 14

27 14 29 11 18 8 21 27 14 29 11 18 8 21
27 14 29 11 18 8 21 27 14 13 14 29 11 18 8 21
27 14 29 11 18 8 21 27 14 29 13 14 29 11 18 8 21
27 14 29 11 18 8 21 27 14 29 13 29 11 18 8 21
27 14 29 11 18 8 21 27 14 29 11 13 29 11 18 8 21
27 14 13 14 29 11 18 8 21 27 14 29 11 18 8 21
27 14 29 13 14 29 11 18 8 21 27 14 29 11 18 8 21
27 14 29 13 29 11 18 8 21 27 14 29 11 18 8 21
27 14 29 11 13 29 11 18 8 21 27 14 29 11 18 8 21

20 10 21 28 14 29 18 20 10 21 28 14 29 18
20 10 21 28 14 29 18 20 10 12 10 21 28 14 29 18
20 10 21 28 14 29 18 20 10 21 12 10 21 28 14 29 18
20 10 21 28 14 29 18 20 10 21 12 21 28 14 29 18
20 10 21 28 14 29 18 20 10 21 28 12 21 28 14 29 18
20 10 12 10 21 28 14 29 18 20 10 21 28 14 29 18
20 10 21 12 10 21 28 14 29 18 20 10 21 28 14 29 18
20 10 21 12 21 28 14 29 18 20 10 21 28 14 29 18
20 10 21 28 12 21 28 14 29 18 20 10 21 28 14 29 18

8 8 26 21 12 28 11 8 8 26 21 12 28 11
8 8 26 21 12 28 11 8 8 19 8 26 21 12 28 11
8 8 26 21 12 28 11 8 8 26 19 8 26 21 12 28 11
8 8 26 21 12 28 11 8 8 26 19 26 21 12 28 11
8 8 26 21 12 28 11 8 8 26 21 19 26 21 12 28 11
8 8 19 8 26 21 12 28 11 8 8 26 21 12 28 11
8 8 26 19 8 26 21 12 28 11 8 8 26 21 12 28 11
8 8 26 19 26 21 12 28 11 8 8 26 21 12 28 11
8 8 26 21 19 26 21 12 28 11 8 8 26 21 12 28 11

24 29 10 27 11 7 16 24 29 10 27 11 7 16
24 29 10 27 11 7 16 24 29 14 29 10 27 11 7 16
24 29 10 27 11 7 16 24 29 10 14 29 10 27 11 7 16
24 29 10 27 11 7 16 24 29 10 14 10 27 11 7 16
24 29 10 27 11 7 16 24 29 10 27 14 10 27 11 7 16
24 29 14 29 10 27 11 7 16 24 29 10 27 11 7 16
24 29 10 14 29 10 27 11 7 16 24 29 10 27 11 7 16
24 29 10 14 10 27 11 7 16 24 29 10 27 11 7 16
24 29 10 27 14 10 27 11 7 16 24 29 10 27 11 7 16

27 22 27 26 23 27 18 27 22 27 26 23 27 18
27 22 27 26 23 27 18 27 22 19 22 27 26 23 27 18
27 22 27 26 23 27 18 27 22 27 19 22 27 26 23 27 18
27 22 27 26 23 27 18 27 22 27 19 27 26 23 27 18
27 22 27 26 23 27 18 27 22 27 26 19 27 26 23 27 18
27 22 19 22 27 26 23 27 18 27 22 27 26 23 27 18
27 22 27 19 22 27 26 23 27 18 27 22 27 26 23 27 18
27 22 27 19 27 26 23 27 18 27 22 27 26 23 27 18
27 22 27 26 19 27 26 23 27 18 27 22 27 26 23 27 18

21 15 29 20 25 27 6 21 15 29 20 25 27 6
21 15 29 20 25 27 6 21 15 16 15 29 20 25 27 6
21 15 29 20 25 27 6 21 15 29 16 15 29 20 25 27 6
21 15 29 20 25 27 6 21 15 29 16 29 20 25 27 6
21 15 29 20 25 27 6 21 15 29 20 16 29 20 25 27 6
21 15 16 15 29 20 25 27 6 21 15 29 20 25 27 6
21 15 29 16 15 29 20 25 27 6 21 15 29 20 25 27 6
21 15 29 16 29 20 25 27 6 21 15 29 20 25 27 6
21 15 29 20 16 29 20 25 27 6 21 15 29 20 25 27 6

16 13 12 11 23 23 16 16 13 12 11 23 23 16
16 13 12 11 23 23 16 16 13 15 13 12 11 23 23 16
16 13 12 11 23 23 16 16 13 12 15 13 12 11 23 23 16
16 13 12 11 23 23 16 16 13 12 15 12 11 23 23 16
16 13 12 11 23 23 16 16 13 12 11 15 12 11 23 23 16
16 13 15 13 12 11 23 23 16 16 13 12 11 23 23 16
16 13 12 15 13 12 11 23 23 16 16 13 12 11 23 23 16
16 13 12 15 12 11 23 23 16 16 13 12 11 23 23 16
16 13 12 11 15 12 11 23 23 16 16 13 12 11 23 23 16

20 19 23 20 27 14 11 20 19 23 20 27 14 11
20 19 23 20 27 14 11 20 19 13 19 23 20 27 14 11
20 19 23 20 27 14 11 20 19 23 13 19 23 20 27 14 11
20 19 23 20 27 14 11 20 19 23 13 23 20 27 14 11
20 19 23 20 27 14 11 20 19 23 20 13 23 20 27 14 11
20 19 13 19 23 20 27 14 11 20 19 23 20 27 14 11
20 19 23 13 19 23 20 27 14 11 20 19 23 20 27 14 11
20 19 23 13 23 20 27 14 11 20 19 23 20 27 14 11
20 19 23 20 13 23 20 27 14 11 20 19 23 20 27 14 11

23 30 17 8 12 15 24 23 30 17 8 12 15 24
23 30 17 8 12 15 24 23 30 12 30 17 8 12 15 24
23 30 17 8 12 15 24 23 30 17 12 30 17 8 12 15 24
23 30 17 8 12 15 24 23 30 17 12 17 8 12 15 24
23 30 17 8 12 15 24 23 30 17 8 12 17 8 12 15 24
23 30 12 30 17 8 12 15 24 23 30 17 8 12 15 24
23 30 17 12 30 17 8 12 15 24 23 30 17 8 12 15 24
23 30 17 12 17 8 12 15 24 23 30 17 8 12 15 24
23 30 17 8 12 17 8 12 15 24 23 30 17 8 12 15 24

10 7 23 22 12 10 12 10 7 23 22 12 10 12
10 7 23 22 12 10 12 10 7 14 7 23 22 12 10 12
10 7 23 22 12 10 12 10 7 23 14 7 23 22 12 10 12
10 7 23 22 12 10 12 10 7 23 14 23 22 12 10 12
10 7 23 22 12 10 12 10 7 23 22 14 23 22 12 10 12
10 7 14 7 23 22 12 10 12 10 7 23 22 12 10 12
10 7 23 14 7 23 22 12 10 12 10 7 23 22 12 10 12
10 7 23 14 23 22 12 10 12 10 7 23 22 12 10 12
10 7 23 22 14 23 22 12 10 12 10 7 23 22 12 10 12

9 15 10 13 26 11 20 9 15 10 13 26 11 20
9 15 10 13 26 11 20 9 15 7 15 10 13 26 11 20
9 15 10 13 26 11 20 9 15 10 7 15 10 13 26 11 20
9 15 10 13 26 11 20 9 15 10 7 10 13 26 11 20
9 15 10 13 26 11 20 9 15 10 13 7 10 13 26 11 20
9 15 7 15 10 13 26 11 20 9 15 10 13 26 11 20
9 15 10 7 15 10 13 26 11 20 9 15 10 13 26 11 20
9 15 10 7 10 13 26 11 20 9 15 10 13 26 11 20
9 15 10 13 7 10 13 26 11 20 9 15 10 13 26 11 20

26 8 17 11 27 19 21 26 8 17 11 27 19 21
26 8 17 11 27 19 21 26 8 20 8 17 11 27 19 21
26 8 17 11 27 19 21 26 8 17 20 8 17 11 27 19 21
26 8 17 11 27 19 21 26 8 17 20 17 11 27 19 21
26 8 17 11 27 19 21 26 8 17 11 20 17 11 27 19 21
26 8 20 8 17 11 27 19 21 26 8 17 11 27 19 21
26 8 17 20 8 17 11 27 19 21 26 8 17 11 27 19 21
26 8 17 20 17 11 27 19 21 26 8 17 11 27 19 21
26 8 17 11 20 17 11 27 19 21 26 8 17 11 27 19 21

12 21 26 12 28 10 24 12 21 26 12 28 10 24
12 21 26 12 28 10 24 12 21 9 21 26 12 28 10 24
12 21 26 12 28 10 24 12 21 26 9 21 26 12 28 10 24
12 21 26 12 28 10 24 12 21 26 9 26 12 28 10 24
12 21 26 12 28 10 24 12 21 26 12 9 26 12 28 10 24
12 21 9 21 26 12 28 10 24 12 21 26 12 28 10 24
12 21 26 9 21 26 12 28 10 24 12 21 26 12 28 10 24
12 21 26 9 26 12 28 10 24 12 21 26 12 28 10 24
12 21 26 12 9 26 12 28 10 24 12 21 26 12 28 10 24

27 14 11 26 10 19 7 27 14 11 26 10 19 7
27 14 11 26 10 19 7 27 14 12 14 11 26 10 19 7
27 14 11 26 10 19 7 27 14 11 12 14 11 26 10 19 7
27 14 11 26 10 19 7 27 14 11 12 11 26 10 19 7
27 14 11 26 10 19 7 27 14 11 26 12 11 26 10 19 7
27 14 12 14 11 26 10 19 7 27 14 11 26 10 19 7
27 14 11 12 14 11 26 10 19 7 27 14 11 26 10 19 7
27 14 11 12 11 26 10 19 7 27 14 11 26 10 19 7
27 14 11 26 12 11 26 10 19 7 27 14 11 26 10 19 7

21 17 11 9 26 9 21 21 17 11 9 26 9 21
21 17 11 9 26 9 21 21 17 16 17 11 9 26 9 21
21 17 11 9 26 9 21 21 17 11 16 17 11 9 26 9 21
21 17 11 9 26 9 21 21 17 11 16 11 9 26 9 21
21 17 11 9 26 9 21 21 17 11 9 16 11 9 26 9 21
21 17 16 17 11 9 26 9 21 21 17 11 9 26 9 21
21 17 11 16 17 11 9 26 9 21 21 17 11 9 26 9 21
21 17 11 16 11 9 26 9 21 21 17 11 9 26 9 21
21 17 11 9 16 11 9 26 9 21 21 17 11 9 26 9 21

13 20 12 5 25 13 25 13 20 12 5 25 13 25
13 20 12 5 25 13 25 13 20 5 20 12 5 25 13 25
13 20 12 5 25 13 25 13 20 12 5 20 12 5 25 13 25
13 20 12 5 25 13 25 13 20 12 5 12 5 25 13 25
13 20 12 5 25 13 25 13 20 12 5 5 12 5 25 13 25
13 20 5 20 12 5 25 13 25 13 20 12 5 25 13 25
13 20 12 5 20 12 5 25 13 25 13 20 12 5 25 13 25
13 20 12 5 12 5 25 13 25 13 20 12 5 25 13 25
13 20 12 5 5 12 5 25 13 25 13 20 12 5 25 13 25

28 30 14 20 16 17 14 28 30 14 20 16 17 14
28 30 14 20 16 17 14 28 30 11 30 14 20 16 17 14
28 30 14 20 16 17 14 28 30 14 11 30 14 20 16 17 14
28 30 14 20 16 17 14 28 30 14 11 14 20 16 17 14
28 30 14 20 16 17 14 28 30 14 20 11 14 20 16 17 14
28 30 11 30 14 20 16 17 14 28 30 14 20 16 17 14
28 30 14 11 30 14 20 16 17 14 28 30 14 20 16 17 14
28 30 14 11 14 20 16 17 14 28 30 14 20 16 17 14
28 30 14 20 11 14 20 16 17 14 28 30 14 20 16 17 14

11 19 11 25 9 5 12 11 19 11 25 9 5 12
11 19 11 25 9 5 12 11 19 11 19 11 25 9 5 12
11 19 11 25 9 5 12 11 19 11 11 19 11 25 9 5 12
11 19 11 25 9 5 12 11 19 11 11 11 25 9 5 12
11 19 11 25 9 5 12 11 19 11 25 11 11 25 9 5 12
11 19 11 19 11 25 9 5 12 11 19 11 25 9 5 12
11 19 11 11 19 11 25 9 5 12 11 19 11 25 9 5 12
11 19 11 11 11 25 9 5 12 11 19 11 25 9 5 12
11 19 11 25 11 11 25 9 5 12 11 19 11 25 9 5 12

8 27 22 10 6 27 28 8 27 22 10 6 27 28
8 27 22 10 6 27 28 8 27 5 27 22 10 6 27 28
8 27 22 10 6 27 28 8 27 22 5 27 22 10 6 27 28
8 27 22 10 6 27 28 8 27 22 5 22 10 6 27 28
8 27 22 10 6 27 28 8 27 22 10 5 22 10 6 27 28
8 27 5 27 22 10 6 27 28 8 27 22 10 6 27 28
8 27 22 5 27 22 10 6 27 28 8 27 22 10 6 27 28
8 27 22 5 22 10 6 27 28 8 27 22 10 6 27 28
8 27 22 10 5 22 10 6 27 28 8 27 22 10 6 27 28

25 13 22 28 7 23 13 25 13 22 28 7 23 13
25 13 22 28 7 23 13 25 13 6 13 22 28 7 23 13
25 13 22 28 7 23 13 25 13 22 6 13 22 28 7 23 13
25 13 22 28 7 23 13 25 13 22 6 22 28 7 23 13
25 13 22 28 7 23 13 25 13 22 28 6 22 28 7 23 13
25 13 6 13 22 28 7 23 13 25 13 22 28 7 23 13
25 13 22 6 13 22 28 7 23 13 25 13 22 28 7 23 13
25 13 22 6 22 28 7 23 13 25 13 22 28 7 23 13
25 13 22 28 6 22 28 7 23 13 25 13 22 28 7 23 13

6 21 8 10 15 18 13 6 21 8 10 15 18 13
6 21 8 10 15 18 13 6 21 5 21 8 10 15 18 13
6 21 8 10 15 18 13 6 21 8 5 21 8 10 15 18 13
6 21 8 10 15 18 13 6 21 8 5 8 10 15 18 13
6 21 8 10 15 18 13 6 21 8 10 5 8 10 15 18 13
6 21 5 21 8 10 15 18 13 6 21 8 10 15 18 13
6 21 8 5 21 8 10 15 18 13 6 21 8 10 15 18 13
6 21 8 5 8 10 15 18 13 6 21 8 10 15 18 13
6 21 8 10 5 8 10 15 18 13 6 21 8 10 15 18 13

26 26 5 7 5 12 18 26 26 5 7 5 12 18
26 26 5 7 5 12 18 26 26 20 26 5 7 5 12 18
26 26 5 7 5 12 18 26 26 5 20 26 5 7 5 12 18
26 26 5 7 5 12 18 26 26 5 20 5 7 5 12 18
26 26 5 7 5 12 18 26 26 5 7 20 5 7 5 12 18
26 26 20 26 5 7 5 12 18 26 26 5 7 5 12 18
26 26 5 20 26 5 7 5 12 18 26 26 5 7 5 12 18
26 26 5 20 5 7 5 12 18 26 26 5 7 5 12 18
26 26 5 7 20 5 7 5 12 18 26 26 5 7 5 12 18

25 18 5 8 17 14 11 25 18 5 8 17 14 11
25 18 5 8 17 14 11 25 18 11 18 5 8 17 14 11
25 18 5 8 17 14 11 25 18 5 11 18 5 8 17 14 11
25 18 5 8 17 14 11 25 18 5 11 5 8 17 14 11
25 18 5 8 17 14 11 25 18 5 8 11 5 8 17 14 11
25 18 11 18 5 8 17 14 11 25 18 5 8 17 14 11
25 18 5 11 18 5 8 17 14 11 25 18 5 8 17 14 11
25 18 5 11 5 8 17 14 11 25 18 5 8 17 14 11
25 18 5 8 11 5 8 17 14 11 25 18 5 8 17 14 11

15 8 25 21 5 27 5 15 8 25 21 5 27 5
15 8 25 21 5 27 5 15 8 14 8 25 21 5 27 5
15 8 25 21 5 27 5 15 8 25 14 8 25 21 5 27 5
15 8 25 21 5 27 5 15 8 25 14 25 21 5 27 5
15 8 25 21 5 27 5 15 8 25 21 14 25 21 5 27 5
15 8 14 8 25 21 5 27 5 15 8 25 21 5 27 5
15 8 25 14 8 25 21 5 27 5 15 8 25 21 5 27 5
15 8 25 14 25 21 5 27 5 15 8 25 21 5 27 5
15 8 25 21 14 25 21 5 27 5 15 8 25 21 5 27 5

11 23 23 14 8 23 10 11 23 23 14 8 23 10
11 23 23 14 8 23 10 11 23 15 23 23 14 8 23 10
11 23 23 14 8 23 10 11 23 23 15 23 23 14 8 23 10
11 23 23 14 8 23 10 11 23 23 15 23 14 8 23 10
11 23 23 14 8 23 10 11 23 23 14 15 23 14 8 23 10
11 23 15 23 23 14 8 23 10 11 23 23 14 8 23 10
11 23 23 15 23 23 14 8 23 10 11 23 23 14 8 23 10
11 23 23 15 23 14 8 23 10 11 23 23 14 8 23 10
11 23 23 14 15 23 14 8 23 10 11 23 23 14 8 23 10

21 23 15 13 16 12 20 21 23 15 13 16 12 20
21 23 15 13 16 12 20 21 23 18 23 15 13 16 12 20
21 23 15 13 16 12 20 21 23 15 18 23 15 13 16 12 20
21 23 15 13 16 12 20 21 23 15 18 15 13 16 12 20
21 23 15 13 16 12 20 21 23 15 13 18 15 13 16 12 20
21 23 18 23 15 13 16 12 20 21 23 15 13 16 12 20
21 23 15 18 23 15 13 16 12 20 21 23 15 13 16 12 20
21 23 15 18 15 13 16 12 20 21 23 15 13 16 12 20
21 23 15 13 18 15 13 16 12 20 21 23 15 13 16 12 20

21 14 26 25 15 5 9 21 14 26 25 15 5 9
21 14 26 25 15 5 9 21 14 10 14 26 25 15 5 9
21 14 26 25 15 5 9 21 14 26 10 14 26 25 15 5 9
21 14 26 25 15 5 9 21 14 26 10 26 25 15 5 9
21 14 26 25 15 5 9 21 14 26 25 10 26 25 15 5 9
21 14 10 14 26 25 15 5 9 21 14 26 25 15 5 9
21 14 26 10 14 26 25 15 5 9 21 14 26 25 15 5 9
21 14 26 10 26 25 15 5 9 21 14 26 25 15 5 9
21 14 26 25 10 26 25 15 5 9 21 14 26 25 15 5 9

10 9 27 15 7 22 17 10 9 27 15 7 22 17
10 9 27 15 7 22 17 10 9 5 9 27 15 7 22 17
10 9 27 15 7 22 17 10 9 27 5 9 27 15 7 22 17
10 9 27 15 7 22 17 10 9 27 5 27 15 7 22 17
10 9 27 15 7 22 17 10 9 27 15 5 27 15 7 22 17
10 9 5 9 27 15 7 22 17 10 9 27 15 7 22 17
10 9 27 5 9 27 15 7 22 17 10 9 27 15 7 22 17
10 9 27 5 27 15 7 22 17 10 9 27 15 7 22 17
10 9 27 15 5 27 15 7 22 17 10 9 27 15 7 22 17

30 11 15 16 23 27 5 30 11 15 16 23 27 5
30 11 15 16 23 27 5 30 11 8 11 15 16 23 27 5
30 11 15 16 23 27 5 30 11 15 8 11 15 16 23 27 5
30 11 15 16 23 27 5 30 11 15 8 15 16 23 27 5
30 11 15 16 23 27 5 30 11 15 16 8 15 16 23 27 5
30 11 8 11 15 16 23 27 5 30 11 15 16 23 27 5
30 11 15 8 11 15 16 23 27 5 30 11 15 16 23 27 5
30 11 15 8 15 16 23 27 5 30 11 15 16 23 27 5
30 11 15 16 8 15 16 23 27 5 30 11 15 16 23 27 5

22 19 7 30 10 26 14 22 19 7 30 10 26 14
22 19 7 30 10 26 14 22 19 17 19 7 30 10 26 14
22 19 7 30 10 26 14 22 19 7 17 19 7 30 10 26 14
22 19 7 30 10 26 14 22 19 7 17 7 30 10 26 14
22 19 7 30 10 26 14 22 19 7 30 17 7 30 10 26 14
22 19 17 19 7 30 10 26 14 22 19 7 30 10 26 14
22 19 7 17 19 7 30 10 26 14 22 19 7 30 10 26 14
22 19 7 17 7 30 10 26 14 22 19 7 30 10 26 14
22 19 7 30 17 7 30 10 26 14 22 19 7 30 10 26 14

17 6 15 13 9 30 19 17 6 15 13 9 30 19
17 6 15 13 9 30 19 17 6 18 6 15 13 9 30 19
17 6 15 13 9 30 19 17 6 15 18 6 15 13 9 30 19
17 6 15 13 9 30 19 17 6 15 18 15 13 9 30 19
17 6 15 13 9 30 19 17 6 15 13 18 15 13 9 30 19
17 6 18 6 15 13 9 30 19 17 6 15 13 9 30 19
17 6 15 18 6 15 13 9 30 19 17 6 15 13 9 30 19
17 6 15 18 15 13 9 30 19 17 6 15 13 9 30 19
17 6 15 13 18 15 13 9 30 19 17 6 15 13 9 30 19

11 25 9 24 12 25 12 11 25 9 24 12 25 12
11 25 9 24 12 25 12 11 25 5 25 9 24 12 25 12
11 25 9 24 12 25 12 11 25 9 5 25 9 24 12 25 12
11 25 9 24 12 25 12 11 25 9 5 9 24 12 25 12
11 25 9 24 12 25 12 11 25 9 24 5 9 24 12 25 12
11 25 5 25 9 24 12 25 12 11 25 9 24 12 25 12
11 25 9 5 25 9 24 12 25 12 11 25 9 24 12 25 12
11 25 9 5 9 24 12 25 12 11 25 9 24 12 25 12
11 25 9 24 5 9 24 12 25 12 11 25 9 24 12 25 12

13 26 11 28 8 25 14 13 26 11 28 8 25 14
13 26 11 28 8 25 14 13 26 16 26 11 28 8 25 14
13 26 11 28 8 25 14 13 26 11 16 26 11 28 8 25 14
13 26 11 28 8 25 14 13 26 11 16 11 28 8 25 14
13 26 11 28 8 25 14 13 26 11 28 16 11 28 8 25 14
13 26 16 26 11 28 8 25 14 13 26 11 28 8 25 14
13 26 11 16 26 11 28 8 25 14 13 26 11 28 8 25 14
13 26 11 16 11 28 8 25 14 13 26 11 28 8 25 14
13 26 11 28 16 11 28 8 25 14 13 26 11 28 8 25 14

10 10 20 20 11 13 26 10 10 20 20 11 13 26
10 10 20 20 11 13 26 10 10 17 10 20 20 11 13 26
10 10 20 20 11 13 26 10 10 20 17 10 20 20 11 13 26
10 10 20 20 11 13 26 10 10 20 17 20 20 11 13 26
10 10 20 20 11 13 26 10 10 20 20 17 20 20 11 13 26
10 10 17 10 20 20 11 13 26 10 10 20 20 11 13 26
10 10 20 17 10 20 20 11 13 26 10 10 20 20 11 13 26
10 10 20 17 20 20 11 13 26 10 10 20 20 11 13 26
10 10 20 20 17 20 20 11 13 26 10 10 20 20 11 13 26

14 18 17 13 22 28 17 14 18 17 13 22 28 17
14 18 17 13 22 28 17 14 18 8 18 17 13 22 28 17
14 18 17 13 22 28 17 14 18 17 8 18 17 13 22 28 17
14 18 17 13 22 28 17 14 18 17 8 17 13 22 28 17
14 18 17 13 22 28 17 14 18 17 13 8 17 13 22 28 17
14 18 8 18 17 13 22 28 17 14 18 17 13 22 28 17
14 18 17 8 18 17 13 22 28 17 14 18 17 13 22 28 17
14 18 17 8 17 13 22 28 17 14 18 17 13 22 28 17
14 18 17 13 8 17 13 22 28 17 14 18 17 13 22 28 17

27 22 10 14 23 23 26 27 22 10 14 23 23 26
27 22 10 14 23 23 26 27 22 5 22 10 14 23 23 26
27 22 10 14 23 23 26 27 22 10 5 22 10 14 23 23 26
27 22 10 14 23 23 26 27 22 10 5 10 14 23 23 26
27 22 10 14 23 23 26 27 22 10 14 5 10 14 23 23 26
27 22 5 22 10 14 23 23 26 27 22 10 14 23 23 26
27 22 10 5 22 10 14 23 23 26 27 22 10 14 23 23 26
27 22 10 5 10 14 23 23 26 27 22 10 14 23 23 26
27 22 10 14 5 10 14 23 23 26 27 22 10 14 23 23 26

24 16 8 11 20 9 18 24 16 8 11 20 9 18
24 16 8 11 20 9 18 24 16 9 16 8 11 20 9 18
24 16 8 11 20 9 18 24 16 8 9 16 8 11 20 9 18
24 16 8 11 20 9 18 24 16 8 9 8 11 20 9 18
24 16 8 11 20 9 18 24 16 8 11 9 8 11 20 9 18
24 16 9 16 8 11 20 9 18 24 16 8 11 20 9 18
24 16 8 9 16 8 11 20 9 18 24 16 8 11 20 9 18
24 16 8 9 8 11 20 9 18 24 16 8 11 20 9 18
24 16 8 11 9 8 11 20 9 18 24 16 8 11 20 9 18

11 30 28 6 12 25 9 11 30 28 6 12 25 9
11 30 28 6 12 25 9 11 30 8 30 28 6 12 25 9
11 30 28 6 12 25 9 11 30 28 8 30 28 6 12 25 9
11 30 28 6 12 25 9 11 30 28 8 28 6 12 25 9
11 30 28 6 12 25 9 11 30 28 6 8 28 6 12 25 9
11 30 8 30 28 6 12 25 9 11 30 28 6 12 25 9
11 30 28 8 30 28 6 12 25 9 11 30 28 6 12 25 9
11 30 28 8 28 6 12 25 9 11 30 28 6 12 25 9
11 30 28 6 8 28 6 12 25 9 11 30 28 6 12 25 9

18 8 30 5 20 17 10 18 8 30 5 20 17 10
18 8 30 5 20 17 10 18 8 15 8 30 5 20 17 10
18 8 30 5 20 17 10 18 8 30 15 8 30 5 20 17 10
18 8 30 5 20 17 10 18 8 30 15 30 5 20 17 10
18 8 30 5 20 17 10 18 8 30 5 15 30 5 20 17 10
18 8 15 8 30 5 20 17 10 18 8 30 5 20 17 10
18 8 30 15 8 30 5 20 17 10 18 8 30 5 20 17 10
18 8 30 15 30 5 20 17 10 18 8 30 5 20 17 10
18 8 30 5 15 30 5 20 17 10 18 8 30 5 20 17 10

28 30 18 6 15 17 17 28 30 18 6 15 17 17
28 30 18 6 15 17 17 28 30 7 30 18 6 15 17 17
28 30 18 6 15 17 17 28 30 18 7 30 18 6 15 17 17
28 30 18 6 15 17 17 28 30 18 7 18 6 15 17 17
28 30 18 6 15 17 17 28 30 18 6 7 18 6 15 17 17
28 30 7 30 18 6 15 17 17 28 30 18 6 15 17 17
28 30 18 7 30 18 6 15 17 17 28 30 18 6 15 17 17
28 30 18 7 18 6 15 17 17 28 30 18 6 15 17 17
28 30 18 6 7 18 6 15 17 17 28 30 18 6 15 17 17

13 5 30 30 28 17 24 13 5 30 30 28 17 24
13 5 30 30 28 17 24 13 5 16 5 30 30 28 17 24
13 5 30 30 28 17 24 13 5 30 16 5 30 30 28 17 24
13 5 30 30 28 17 24 13 5 30 16 30 30 28 17 24
13 5 30 30 28 17 24 13 5 30 30 16 30 30 28 17 24
13 5 16 5 30 30 28 17 24 13 5 30 30 28 17 24
13 5 30 16 5 30 30 28 17 24 13 5 30 30 28 17 24
13 5 30 16 30 30 28 17 24 13 5 30 30 28 17 24
13 5 30 30 16 30 30 28 17 24 13 5 30 30 28 17 24

15 11 25 29 11 19 14 15 11 25 29 11 19 14
15 11 25 29 11 19 14 15 11 20 11 25 29 11 19 14
15 11 25 29 11 19 14 15 11 25 20 11 25 29 11 19 14
15 11 25 29 11 19 14 15 11 25 20 25 29 11 19 14
15 11 25 29 11 19 14 15 11 25 29 20 25 29 11 19 14
15 11 20 11 25 29 11 19 14 15 11 25 29 11 19 14
15 11 25 20 11 25 29 11 19 14 15 11 25 29 11 19 14
15 11 25 20 25 29 11 19 14 15 11 25 29 11 19 14
15 11 25 29 20 25 29 11 19 14 15 11 25 29 11 19 14

21 21 18 29 23 5 6 21 21 18 29 23 5 6
21 21 18 29 23 5 6 21 21 7 21 18 29 23 5 6
21 21 18 29 23 5 6 21 21 18 7 21 18 29 23 5 6
21 21 18 29 23 5 6 21 21 18 7 18 29 23 5 6
21 21 18 29 23 5 6 21 21 18 29 7 18 29 23 5 6
21 21 7 21 18 29 23 5 6 21 21 18 29 23 5 6
21 21 18 7 21 18 29 23 5 6 21 21 18 29 23 5 6
21 21 18 7 18 29 23 5 6 21 21 18 29 23 5 6
21 21 18 29 7 18 29 23 5 6 21 21 18 29 23 5 6

7 21 30 13 30 27 18 7 21 30 13 30 27 18
7 21 30 13 30 27 18 7 21 20 21 30 13 30 27 18
7 21 30 13 30 27 18 7 21 30 20 21 30 13 30 27 18
7 21 30 13 30 27 18 7 21 30 20 30 13 30 27 18
7 21 30 13 30 27 18 7 21 30 13 20 30 13 30 27 18
7 21 20 21 30 13 30 27 18 7 21 30 13 30 27 18
7 21 30 20 21 30 13 30 27 18 7 21 30 13 30 27 18
7 21 30 20 30 13 30 27 18 7 21 30 13 30 27 18
7 21 30 13 20 30 13 30 27 18 7 21 30 13 30 27 18

13 11 14 17 14 25 22 13 11 14 17 14 25 22
13 11 14 17 14 25 22 13 11 9 11 14 17 14 25 22
13 11 14 17 14 25 22 13 11 14 9 11 14 17 14 25 22
13 11 14 17 14 25 22 13 11 14 9 14 17 14 25 22
13 11 14 17 14 25 22 13 11 14 17 9 14 17 14 25 22
13 11 9 11 14 17 14 25 22 13 11 14 17 14 25 22
13 11 14 9 11 14 17 14 25 22 13 11 14 17 14 25 22
13 11 14 9 14 17 14 25 22 13 11 14 17 14 25 22
13 11 14 17 9 14 17 14 25 22 13 11 14 17 14 25 22

25 5 9 26 30 5 27 25 5 9 26 30 5 27
25 5 9 26 30 5 27 25 5 6 5 9 26 30 5 27
25 5 9 26 30 5 27 25 5 9 6 5 9 26 30 5 27
25 5 9 26 30 5 27 25 5 9 6 9 26 30 5 27
25 5 9 26 30 5 27 25 5 9 26 6 9 26 30 5 27
25 5 6 5 9 26 30 5 27 25 5 9 26 30 5 27
25 5 9 6 5 9 26 30 5 27 25 5 9 26 30 5 27
25 5 9 6 9 26 30 5 27 25 5 9 26 30 5 27
25 5 9 26 6 9 26 30 5 27 25 5 9 26 30 5 27

8 20 21 16 28 16 10 8 20 21 16 28 16 10
8 20 21 16 28 16 10 8 20 7 20 21 16 28 16 10
8 20 21 16 28 16 10 8 20 21 7 20 21 16 28 16 10
8 20 21 16 28 16 10 8 20 21 7 21 16 28 16 10
8 20 21 16 28 16 10 8 20 21 16 7 21 16 28 16 10
8 20 7 20 21 16 28 16 10 8 20 21 16 28 16 10
8 20 21 7 20 21 16 28 16 10 8 20 21 16 28 16 10
8 20 21 7 21 16 28 16 10 8 20 21 16 28 16 10
8 20 21 16 7 21 16 28 16 10 8 20 21 16 28 16 10

23 20 27 24 18 14 26 23 20 27 24 18 14 26
23 20 27 24 18 14 26 23 20 9 20 27 24 18 14 26
23 20 27 24 18 14 26 23 20 27 9 20 27 24 18 14 26
23 20 27 24 18 14 26 23 20 27 9 27 24 18 14 26
23 20 27 24 18 14 26 23 20 27 24 9 27 24 18 14 26
23 20 9 20 27 24 18 14 26 23 20 27 24 18 14 26
23 20 27 9 20 27 24 18 14 26 23 20 27 24 18 14 26
23 20 27 9 27 24 18 14 26 23 20 27 24 18 14 26
23 20 27 24 9 27 24 18 14 26 23 20 27 24 18 14 26

14 14 30 16 8 24 18 14 14 30 16 8 24 18
14 14 30 16 8 24 18 14 14 14 14 30 16 8 24 18
14 14 30 16 8 24 18 14 14 30 14 14 30 16 8 24 18
14 14 30 16 8 24 18 14 14 30 14 30 16 8 24 18
14 14 30 16 8 24 18 14 14 30 16 14 30 16 8 24 18
14 14 14 14 30 16 8 24 18 14 14 30 16 8 24 18
14 14 30 14 14 30 16 8 24 18 14 14 30 16 8 24 18
14 14 30 14 30 16 8 24 18 14 14 30 16 8 24 18
14 14 30 16 14 30 16 8 24 18 14 14 30 16 8 24 18

13 26 8 29 18 28 17 13 26 8 29 18 28 17
13 26 8 29 18 28 17 13 26 15 26 8 29 18 28 17
13 26 8 29 18 28 17 13 26 8 15 26 8 29 18 28 17
13 26 8 29 18 28 17 13 26 8 15 8 29 18 28 17
13 26 8 29 18 28 17 13 26 8 29 15 8 29 18 28 17
13 26 15 26 8 29 18 28 17 13 26 8 29 18 28 17
13 26 8 15 26 8 29 18 28 17 13 26 8 29 18 28 17
13 26 8 15 8 29 18 28 17 13 26 8 29 18 28 17
13 26 8 29 15 8 29 18 28 17 13 26 8 29 18 28 17

22 16 23 10 9 12 10 22 16 23 10 9 12 10
22 16 23 10 9 12 10 22 16 19 16 23 10 9 12 10
22 16 23 10 9 12 10 22 16 23 19 16 23 10 9 12 10
22 16 23 10 9 12 10 22 16 23 19 23 10 9 12 10
22 16 23 10 9 12 10 22 16 23 10 19 23 10 9 12 10
22 16 19 16 23 10 9 12 10 22 16 23 10 9 12 10
22 16 23 19 16 23 10 9 12 10 22 16 23 10 9 12 10
22 16 23 19 23 10 9 12 10 22 16 23 10 9 12 10
22 16 23 10 19 23 10 9 12 10 22 16 23 10 9 12 10

24 6 22 11 11 7 25 24 6 22 11 11 7 25
24 6 22 11 11 7 25 24 6 12 6 22 11 11 7 25
24 6 22 11 11 7 25 24 6 22 12 6 22 11 11 7 25
24 6 22 11 11 7 25 24 6 22 12 22 11 11 7 25
24 6 22 11 11 7 25 24 6 22 11 12 22 11 11 7 25
24 6 12 6 22 11 11 7 25 24 6 22 11 11 7 25
24 6 22 12 6 22 11 11 7 25 24 6 22 11 11 7 25
24 6 22 12 22 11 11 7 25 24 6 22 11 11 7 25
24 6 22 11 12 22 11 11 7 25 24 6 22 11 11 7 25

5 30 11 29 30 10 25 5 30 11 29 30 10 25
5 30 11 29 30 10 25 5 30 16 30 11 29 30 10 25
5 30 11 29 30 10 25 5 30 11 16 30 11 29 30 10 25
5 30 11 29 30 10 25 5 30 11 16 11 29 30 10 25
5 30 11 29 30 10 25 5 30 11 29 16 11 29 30 10 25
5 30 16 30 11 29 30 10 25 5 30 11 29 30 10 25
5 30 11 16 30 11 29 30 10 25 5 30 11 29 30 10 25
5 30 11 16 11 29 30 10 25 5 30 11 29 30 10 25
5 30 11 29 16 11 29 30 10 25 5 30 11 29 30 10 25

8 24 24 12 24 12 11 8 24 24 12 24 12 11
8 24 24 12 24 12 11 8 24 16 24 24 12 24 12 11
8 24 24 12 24 12 11 8 24 24 16 24 24 12 24 12 11
8 24 24 12 24 12 11 8 24 24 16 24 12 24 12 11
8 24 24 12 24 12 11 8 24 24 12 16 24 12 24 12 11
8 24 16 24 24 12 24 12 11 8 24 24 12 24 12 11
8 24 24 16 24 24 12 24 12 11 8 24 24 12 24 12 11
8 24 24 16 24 12 24 12 11 8 24 24 12 24 12 11
8 24 24 12 16 24 12 24 12 11 8 24 24 12 24 12 11

20 23 20 15 24 28 27 20 23 20 15 24 28 27
20 23 20 15 24 28 27 20 23 8 23 20 15 24 28 27
20 23 20 15 24 28 27 20 23 20 8 23 20 15 24 28 27
20 23 20 15 24 28 27 20 23 20 8 20 15 24 28 27
20 23 20 15 24 28 27 20 23 20 15 8 20 15 24 28 27
20 23 8 23 20 15 24 28 27 20 23 20 15 24 28 27
20 23 20 8 23 20 15 24 28 27 20 23 20 15 24 28 27
20 23 20 8 20 15 24 28 27 20 23 20 15 24 28 27
20 23 20 15 8 20 15 24 28 27 20 23 20 15 24 28 27

18 10 26 23 7 25 5 18 10 26 23 7 25 5
18 10 26 23 7 25 5 18 10 13 10 26 23 7 25 5
18 10 26 23 7 25 5 18 10 26 13 10 26 23 7 25 5
18 10 26 23 7 25 5 18 10 26 13 26 23 7 25 5
18 10 26 23 7 25 5 18 10 26 23 13 26 23 7 25 5
18 10 13 10 26 23 7 25 5 18 10 26 23 7 25 5
18 10 26 13 10 26 23 7 25 5 18 10 26 23 7 25 5
18 10 26 13 26 23 7 25 5 18 10 26 23 7 25 5
18 10 26 23 13 26 23 7 25 5 18 10 26 23 7 25 5

23 13 5 13 21 17 23 23 13 5 13 21 17 23
23 13 5 13 21 17 23 23 13 20 13 5 13 21 17 23
23 13 5 13 21 17 23 23 13 5 20 13 5 13 21 17 23
23 13 5 13 21 17 23 23 13 5 20 5 13 21 17 23
23 13 5 13 21 17 23 23 13 5 13 20 5 13 21 17 23
23 13 20 13 5 13 21 17 23 23 13 5 13 21 17 23
23 13 5 20 13 5 13 21 17 23 23 13 5 13 21 17 23
23 13 5 20 5 13 21 17 23 23 13 5 13 21 17 23
23 13 5 13 20 5 13 21 17 23 23 13 5 13 21 17 23

13 22 22 14 23 30 23 13 22 22 14 23 30 23
13 22 22 14 23 30 23 13 22 15 22 22 14 23 30 23
13 22 22 14 23 30 23 13 22 22 15 22 22 14 23 30 23
13 22 22 14 23 30 23 13 22 22 15 22 14 23 30 23
13 22 22 14 23 30 23 13 22 22 14 15 22 14 23 30 23
13 22 15 22 22 14 23 30 23 13 22 22 14 23 30 23
13 22 22 15 22 22 14 23 30 23 13 22 22 14 23 30 23
13 22 22 15 22 14 23 30 23 13 22 22 14 23 30 23
13 22 22 14 15 22 14 23 30 23 13 22 22 14 23 30 23

7 18 29 6 5 30 28 7 18 29 6 5 30 28
7 18 29 6 5 30 28 7 18 7 18 29 6 5 30 28
7 18 29 6 5 30 28 7 18 29 7 18 29 6 5 30 28
7 18 29 6 5 30 28 7 18 29 7 29 6 5 30 28
7 18 29 6 5 30 28 7 18 29 6 7 29 6 5 30 28
7 18 7 18 29 6 5 30 28 7 18 29 6 5 30 28
7 18 29 7 18 29 6 5 30 28 7 18 29 6 5 30 28
7 18 29 7 29 6 5 30 28 7 18 29 6 5 30 28
7 18 29 6 7 29 6 5 30 28 7 18 29 6 5 30 28

29 22 7 19 25 12 5 29 22 7 19 25 12 5
29 22 7 19 25 12 5 29 22 20 22 7 19 25 12 5
29 22 7 19 25 12 5 29 22 7 20 22 7 19 25 12 5
29 22 7 19 25 12 5 29 22 7 20 7 19 25 12 5
29 22 7 19 25 12 5 29 22 7 19 20 7 19 25 12 5
29 22 20 22 7 19 25 12 5 29 22 7 19 25 12 5
29 22 7 20 22 7 19 25 12 5 29 22 7 19 25 12 5
29 22 7 20 7 19 25 12 5 29 22 7 19 25 12 5
29 22 7 19 20 7 19 25 12 5 29 22 7 19 25 12 5

30 28 21 6 28 19 20 30 28 21 6 28 19 20
30 28 21 6 28 19 20 30 28 19 28 21 6 28 19 20
30 28 21 6 28 19 20 30 28 21 19 28 21 6 28 19 20
30 28 21 6 28 19 20 30 28 21 19 21 6 28 19 20
30 28 21 6 28 19 20 30 28 21 6 19 21 6 28 19 20
30 28 19 28 21 6 28 19 20 30 28 21 6 28 19 20
30 28 21 19 28 21 6 28 19 20 30 28 21 6 28 19 20
30 28 21 19 21 6 28 19 20 30 28 21 6 28 19 20
30 28 21 6 19 21 6 28 19 20 30 28 21 6 28 19 20

5 14 27 24 21 8 6 5 14 27 24 21 8 6
5 14 27 24 21 8 6 5 14 9 14 27 24 21 8 6
5 14 27 24 21 8 6 5 14 27 9 14 27 24 21 8 6
5 14 27 24 21 8 6 5 14 27 9 27 24 21 8 6
5 14 27 24 21 8 6 5 14 27 24 9 27 24 21 8 6
5 14 9 14 27 24 21 8 6 5 14 27 24 21 8 6
5 14 27 9 14 27 24 21 8 6 5 14 27 24 21 8 6
5 14 27 9 27 24 21 8 6 5 14 27 24 21 8 6
5 14 27 24 9 27 24 21 8 6 5 14 27 24 21 8 6

26 9 15 8 10 20 14 26 9 15 8 10 20 14
26 9 15 8 10 20 14 26 9 11 9 15 8 10 20 14
26 9 15 8 10 20 14 26 9 15 11 9 15 8 10 20 14
26 9 15 8 10 20 14 26 9 15 11 15 8 10 20 14
26 9 15 8 10 20 14 26 9 15 8 11 15 8 10 20 14
26 9 11 9 15 8 10 20 14 26 9 15 8 10 20 14
26 9 15 11 9 15 8 10 20 14 26 9 15 8 10 20 14
26 9 15 11 15 8 10 20 14 26 9 15 8 10 20 14
26 9 15 8 11 15 8 10 20 14 26 9 15 8 10 20 14

28 5 14 19 11 25 13 28 5 14 19 11 25 13
28 5 14 19 11 25 13 28 5 7 5 14 19 11 25 13
28 5 14 19 11 25 13 28 5 14 7 5 14 19 11 25 13
28 5 14 19 11 25 13 28 5 14 7 14 19 11 25 13
28 5 14 19 11 25 13 28 5 14 19 7 14 19 11 25 13
28 5 7 5 14 19 11 25 13 28 5 14 19 11 25 13
28 5 14 7 5 14 19 11 25 13 28 5 14 19 11 25 13
28 5 14 7 14 19 11 25 13 28 5 14 19 11 25 13
28 5 14 19 7 14 19 11 25 13 28 5 14 19 11 25 13

5 6 15 6 12 10 13 5 6 15 6 12 10 13
5 6 15 6 12 10 13 5 6 17 6 15 6 12 10 13
5 6 15 6 12 10 13 5 6 15 17 6 15 6 12 10 13
5 6 15 6 12 10 13 5 6 15 17 15 6 12 10 13
5 6 15 6 12 10 13 5 6 15 6 17 15 6 12 10 13
5 6 17 6 15 6 12 10 13 5 6 15 6 12 10 13
5 6 15 17 6 15 6 12 10 13 5 6 15 6 12 10 13
5 6 15 17 15 6 12 10 13 5 6 15 6 12 10 13
5 6 15 6 17 15 6 12 10 13 5 6 15 6 12 10 13

21 12 30 8 20 18 22 21 12 30 8 20 18 22
21 12 30 8 20 18 22 21 12 8 12 30 8 20 18 22
21 12 30 8 20 18 22 21 12 30 8 12 30 8 20 18 22
21 12 30 8 20 18 22 21 12 30 8 30 8 20 18 22
21 12 30 8 20 18 22 21 12 30 8 8 30 8 20 18 22
21 12 8 12 30 8 20 18 22 21 12 30 8 20 18 22
21 12 30 8 12 30 8 20 18 22 21 12 30 8 20 18 22
21 12 30 8 30 8 20 18 22 21 12 30 8 20 18 22
21 12 30 8 8 30 8 20 18 22 21 12 30 8 20 18 22

7 7 29 30 26 15 16 7 7 29 30 26 15 16
7 7 29 30 26 15 16 7 7 16 7 29 30 26 15 16
7 7 29 30 26 15 16 7 7 29 16 7 29 30 26 15 16
7 7 29 30 26 15 16 7 7 29 16 29 30 26 15 16
7 7 29 30 26 15 16 7 7 29 30 16 29 30 26 15 16
7 7 16 7 29 30 26 15 16 7 7 29 30 26 15 16
7 7 29 16 7 29 30 26 15 16 7 7 29 30 26 15 16
7 7 29 16 29 30 26 15 16 7 7 29 30 26 15 16
7 7 29 30 16 29 30 26 15 16 7 7 29 30 26 15 16

26 13 10 14 18 14 12 26 13 10 14 18 14 12
26 13 10 14 18 14 12 26 13 12 13 10 14 18 14 12
26 13 10 14 18 14 12 26 13 10 12 13 10 14 18 14 12
26 13 10 14 18 14 12 26 13 10 12 10 14 18 14 12
26 13 10 14 18 14 12 26 13 10 14 12 10 14 18 14 12
26 13 12 13 10 14 18 14 12 26 13 10 14 18 14 12
26 13 10 12 13 10 14 18 14 12 26 13 10 14 18 14 12
26 13 10 12 10 14 18 14 12 26 13 10 14 18 14 12
26 13 10 14 12 10 14 18 14 12 26 13 10 14 18 14 12

26 30 22 19 8 10 17 26 30 22 19 8 10 17
26 30 22 19 8 10 17 26 30 8 30 22 19 8 10 17
26 30 22 19 8 10 17 26 30 22 8 30 22 19 8 10 17
26 30 22 19 8 10 17 26 30 22 8 22 19 8 10 17
26 30 22 19 8 10 17 26 30 22 19 8 22 19 8 10 17
26 30 8 30 22 19 8 10 17 26 30 22 19 8 10 17
26 30 22 8 30 22 19 8 10 17 26 30 22 19 8 10 17
26 30 22 8 22 19 8 10 17 26 30 22 19 8 10 17
26 30 22 19 8 22 19 8 10 17 26 30 22 19 8 10 17

19 18 5 19 14 26 5 19 18 5 19 14 26 5
19 18 5 19 14 26 5 19 18 5 18 5 19 14 26 5
19 18 5 19 14 26 5 19 18 5 5 18 5 19 14 26 5
19 18 5 19 14 26 5 19 18 5 5 5 19 14 26 5
19 18 5 19 14 26 5 19 18 5 19 5 5 19 14 26 5
19 18 5 18 5 19 14 26 5 19 18 5 19 14 26 5
19 18 5 5 18 5 19 14 26 5 19 18 5 19 14 26 5
19 18 5 5 5 19 14 26 5 19 18 5 19 14 26 5
19 18 5 19 5 5 19 14 26 5 19 18 5 19 14 26 5

17 14 15 10 16 8 6 17 14 15 10 16 8 6
17 14 15 10 16 8 6 17 14 17 14 15 10 16 8 6
17 14 15 10 16 8 6 17 14 15 17 14 15 10 16 8 6
17 14 15 10 16 8 6 17 14 15 17 15 10 16 8 6
17 14 15 10 16 8 6 17 14 15 10 17 15 10 16 8 6
17 14 17 14 15 10 16 8 6 17 14 15 10 16 8 6
17 14 15 17 14 15 10 16 8 6 17 14 15 10 16 8 6
17 14 15 17 15 10 16 8 6 17 14 15 10 16 8 6
17 14 15 10 17 15 10 16 8 6 17 14 15 10 16 8 6

16 15 6 12 13 24 9 16 15 6 12 13 24 9
16 15 6 12 13 24 9 16 15 9 15 6 12 13 24 9
16 15 6 12 13 24 9 16 15 6 9 15 6 12 13 24 9
16 15 6 12 13 24 9 16 15 6 9 6 12 13 24 9
16 15 6 12 13 24 9 16 15 6 12 9 6 12 13 24 9
16 15 9 15 6 12 13 24 9 16 15 6 12 13 24 9
16 15 6 9 15 6 12 13 24 9 16 15 6 12 13 24 9
16 15 6 9 6 12 13 24 9 16 15 6 12 13 24 9
16 15 6 12 9 6 12 13 24 9 16 15 6 12 13 24 9

26 7 20 15 21 9 5 26 7 20 15 21 9 5
26 7 20 15 21 9 5 26 7 12 7 20 15 21 9 5
26 7 20 15 21 9 5 26 7 20 12 7 20 15 21 9 5
26 7 20 15 21 9 5 26 7 20 12 20 15 21 9 5
26 7 20 15 21 9 5 26 7 20 15 12 20 15 21 9 5
26 7 12 7 20 15 21 9 5 26 7 20 15 21 9 5
26 7 20 12 7 20 15 21 9 5 26 7 20 15 21 9 5
26 7 20 12 20 15 21 9 5 26 7 20 15 21 9 5
26 7 20 15 12 20 15 21 9 5 26 7 20 15 21 9 5

8 7 15 24 15 9 7 8 7 15 24 15 9 7
8 7 15 24 15 9 7 8 7 5 7 15 24 15 9 7
8 7 15 24 15 9 7 8 7 15 5 7 15 24 15 9 7
8 7 15 24 15 9 7 8 7 15 5 15 24 15 9 7
8 7 15 24 15 9 7 8 7 15 24 5 15 24 15 9 7
8 7 5 7 15 24 15 9 7 8 7 15 24 15 9 7
8 7 15 5 7 15 24 15 9 7 8 7 15 24 15 9 7
8 7 15 5 15 24 15 9 7 8 7 15 24 15 9 7
8 7 15 24 5 15 24 15 9 7 8 7 15 24 15 9 7

6 19 9 28 8 10 30 6 19 9 28 8 10 30
6 19 9 28 8 10 30 6 19 15 19 9 28 8 10 30
6 19 9 28 8 10 30 6 19 9 15 19 9 28 8 10 30
6 19 9 28 8 10 30 6 19 9 15 9 28 8 10 30
6 19 9 28 8 10 30 6 19 9 28 15 9 28 8 10 30
6 19 15 19 9 28 8 10 30 6 19 9 28 8 10 30
6 19 9 15 19 9 28 8 10 30 6 19 9 28 8 10 30
6 19 9 15 9 28 8 10 30 6 19 9 28 8 10 30
6 19 9 28 15 9 28 8 10 30 6 19 9 28 8 10 30

26 18 23 14 27 7 29 26 18 23 14 27 7 29
26 18 23 14 27 7 29 26 18 17 18 23 14 27 7 29
26 18 23 14 27 7 29 26 18 23 17 18 23 14 27 7 29
26 18 23 14 27 7 29 26 18 23 17 23 14 27 7 29
26 18 23 14 27 7 29 26 18 23 14 17 23 14 27 7 29
26 18 17 18 23 14 27 7 29 26 18 23 14 27 7 29
26 18 23 17 18 23 14 27 7 29 26 18 23 14 27 7 29
26 18 23 17 23 14 27 7 29 26 18 23 14 27 7 29
26 18 23 14 17 23 14 27 7 29 26 18 23 14 27 7 29

22 21 21 23 16 6 12 22 21 21 23 16 6 12
22 21 21 23 16 6 12 22 21 18 21 21 23 16 6 12
22 21 21 23 16 6 12 22 21 21 18 21 21 23 16 6 12
22 21 21 23 16 6 12 22 21 21 18 21 23 16 6 12
22 21 21 23 16 6 12 22 21 21 23 18 21 23 16 6 12
22 21 18 21 21 23 16 6 12 22 21 21 23 16 6 12
22 21 21 18 21 21 23 16 6 12 22 21 21 23 16 6 12
22 21 21 18 21 23 16 6 12 22 21 21 23 16 6 12
22 21 21 23 18 21 23 16 6 12 22 21 21 23 16 6 12

10 11 6 22 12 11 21 10 11 6 22 12 11 21
10 11 6 22 12 11 21 10 11 5 11 6 22 12 11 21
10 11 6 22 12 11 21 10 11 6 5 11 6 22 12 11 21
10 11 6 22 12 11 21 10 11 6 5 6 22 12 11 21
10 11 6 22 12 11 21 10 11 6 22 5 6 22 12 11 21
10 11 5 11 6 22 12 11 21 10 11 6 22 12 11 21
10 11 6 5 11 6 22 12 11 21 10 11 6 22 12 11 21
10 11 6 5 6 22 12 11 21 10 11 6 22 12 11 21
10 11 6 22 5 6 22 12 11 21 10 11 6 22 12 11 21

6 28 20 22 22 14 25 6 28 20 22 22 14 25
6 28 20 22 22 14 25 6 28 6 28 20 22 22 14 25
6 28 20 22 22 14 25 6 28 20 6 28 20 22 22 14 25
6 28 20 22 22 14 25 6 28 20 6 20 22 22 14 25
6 28 20 22 22 14 25 6 28 20 22 6 20 22 22 14 25
6 28 6 28 20 22 22 14 25 6 28 20 22 22 14 25
6 28 20 6 28 20 22 22 14 25 6 28 20 22 22 14 25
6 28 20 6 20 22 22 14 25 6 28 20 22 22 14 25
6 28 20 22 6 20 22 22 14 25 6 28 20 22 22 14 25

13 28 23 6 6 16 17 13 28 23 6 6 16 17
13 28 23 6 6 16 17 13 28 20 28 23 6 6 16 17
13 28 23 6 6 16 17 13 28 23 20 28 23 6 6 16 17
13 28 23 6 6 16 17 13 28 23 20 23 6 6 16 17
13 28 23 6 6 16 17 13 28 23 6 20 23 6 6 16 17
13 28 20 28 23 6 6 16 17 13 28 23 6 6 16 17
13 28 23 20 28 23 6 6 16 17 13 28 23 6 6 16 17
13 28 23 20 23 6 6 16 17 13 28 23 6 6 16 17
13 28 23 6 20 23 6 6 16 17 13 28 23 6 6 16 17

7 10 30 10 15 17 29 7 10 30 10 15 17 29
7 10 30 10 15 17 29 7 10 11 10 30 10 15 17 29
7 10 30 10 15 17 29 7 10 30 11 10 30 10 15 17 29
7 10 30 10 15 17 29 7 10 30 11 30 10 15 17 29
7 10 30 10 15 17 29 7 10 30 10 11 30 10 15 17 29
7 10 11 10 30 10 15 17 29 7 10 30 10 15 17 29
7 10 30 11 10 30 10 15 17 29 7 10 30 10 15 17 29
7 10 30 11 30 10 15 17 29 7 10 30 10 15 17 29
7 10 30 10 11 30 10 15 17 29 7 10 30 10 15 17 29

28 22 9 30 27 29 29 28 22 9 30 27 29 29
28 22 9 30 27 29 29 28 22 19 22 9 30 27 29 29
28 22 9 30 27 29 29 28 22 9 19 22 9 30 27 29 29
28 22 9 30 27 29 29 28 22 9 19 9 30 27 29 29
28 22 9 30 27 29 29 28 22 9 30 19 9 30 27 29 29
28 22 19 22 9 30 27 29 29 28 22 9 30 27 29 29
28 22 9 19 22 9 30 27 29 29 28 22 9 30 27 29 29
28 22 9 19 9 30 27 29 29 28 22 9 30 27 29 29
28 22 9 30 19 9 30 27 29 29 28 22 9 30 27 29 29

